ecg,gsr,temp,hr,spo2,timest
2.0919,0.1515,40.0000,77,98,407675
2.0479,0.1320,40.1000,77,98,407678
2.0430,0.1417,40.1600,77,98,407683
2.0919,0.1369,40.0300,77,98,407686
2.0381,0.1417,40.1000,77,98,407689
2.0528,0.1417,39.8900,77,98,407692
2.0137,0.1613,40.0600,77,98,407696
1.9941,0.1466,40.1000,77,98,407699
2.0039,0.1515,39.8300,77,98,407702
1.9648,0.1515,40.0600,77,98,407706
2.0039,0.1320,39.8600,77,98,407709
1.9355,0.1320,40.1300,77,98,407712
1.9257,0.1466,40.1000,77,98,407716
1.9208,0.1466,40.0300,77,98,407719
1.8866,0.1417,40.0600,77,98,407723
1.9159,0.1417,39.8300,77,98,407727
1.8671,0.1466,40.0000,77,98,407730
1.8328,0.1271,40.1000,77,98,407733
1.8133,0.1417,40.0600,77,98,407736
1.7937,0.1369,40.0600,77,98,407740
1.8377,0.1564,39.8900,77,98,407743
1.7791,0.1466,40.0300,77,98,407746
1.7742,0.1369,40.0000,77,98,407750
1.7595,0.1417,40.0600,77,98,407753
1.7498,0.1369,40.2000,77,98,407756
1.7693,0.1515,39.9600,77,98,407760
1.7498,0.1466,40.0600,77,98,407763
1.7546,0.1369,39.9600,77,98,407767
1.7302,0.1417,40.1000,77,98,407771
1.7253,0.1466,40.0000,77,98,407774
1.7351,0.1369,39.9600,77,98,407777
1.7351,0.1417,40.0600,77,98,407780
1.7595,0.1466,40.0000,77,98,407784
1.7351,0.1417,40.2000,77,98,407787
1.7449,0.1417,40.1000,77,98,407790
1.7742,0.1466,39.9300,77,98,407794
1.7498,0.1320,40.1000,77,98,407797
1.7840,0.1466,39.8900,77,98,407800
1.7644,0.1417,40.0300,77,98,407804
1.7595,0.1369,40.1000,77,98,407808
1.7791,0.1466,39.8600,77,98,407811
1.7742,0.1466,40.1000,77,98,407815
1.8182,0.1466,39.8300,77,98,407818
1.7840,0.1417,40.1000,77,98,407821
1.7889,0.1417,40.1000,77,98,407824
1.8035,0.1466,40.1600,77,98,407828
1.7986,0.1417,40.1000,77,98,407831
1.8573,0.1613,39.8300,77,98,407834
1.8328,0.1466,39.9600,77,98,407838
1.8280,0.1369,40.0300,77,98,407841
1.8328,0.1466,40.0300,77,98,407844
1.8377,0.1417,40.1000,77,98,407848
1.8817,0.1515,40.1600,77,98,407852
1.8573,0.1515,40.0000,77,98,407855
1.8622,0.1417,40.0600,77,98,407859
1.8622,0.1320,40.1000,77,98,407862
1.8573,0.1417,40.1000,77,98,407865
1.8866,0.1515,39.9300,77,98,407868
1.8622,0.1417,40.0600,77,98,407872
1.8915,0.1466,40.0300,77,98,407875
1.8671,0.1417,40.0600,77,98,407878
1.8719,0.1417,40.1300,77,98,407882
1.8866,0.1466,40.0000,77,98,407885
1.8768,0.1417,40.1000,77,98,407888
1.9013,0.1417,39.9300,77,98,407892
1.8719,0.1320,40.0600,77,98,407896
1.8719,0.1417,40.1000,77,98,407899
1.8915,0.1613,40.0300,77,98,407903
1.8671,0.1417,40.1000,77,98,407906
1.9062,0.1466,39.8600,77,98,407909
1.8671,0.1369,40.0600,77,98,407912
1.8671,0.1417,40.1000,77,98,407916
1.8768,0.1466,40.0300,77,98,407919
1.8573,0.1417,40.0600,77,98,407922
1.9110,0.1564,39.8000,77,98,407926
1.8671,0.1466,40.0000,77,98,407929
1.8524,0.1369,40.0600,77,98,407932
1.8524,0.1417,40.1300,77,98,407937
1.8475,0.1466,40.1000,77,98,407940
1.8964,0.1564,39.9300,77,98,407943
1.8524,0.1466,40.0600,77,98,407947
1.8719,0.1417,40.0600,77,98,407950
1.8426,0.1466,40.1300,77,98,407953
1.8426,0.1417,40.1000,77,98,407956
1.8915,0.1466,39.9600,77,98,407960
1.8524,0.1466,40.1600,77,98,407963
1.8622,0.1466,39.9300,77,98,407966
1.8377,0.1417,40.1000,77,98,407970
1.8426,0.1466,40.1000,77,98,407973
1.8573,0.1124,40.0300,77,98,407976
1.8426,0.1417,40.0600,77,98,407981
1.8866,0.1515,40.0300,77,98,407984
1.8426,0.1417,40.2300,77,98,407987
1.8475,0.1515,40.1000,77,98,407991
1.8719,0.1515,39.9600,77,98,407994
1.8475,0.1466,40.1000,77,98,407997
1.8817,0.1466,39.8900,77,98,408001
1.8573,0.1466,39.9600,77,98,408004
1.8475,0.1417,40.1000,77,98,408007
1.8622,0.1515,40.0300,77,98,408010
1.8426,0.1417,40.1300,77,98,408014
1.8915,0.1711,39.8300,77,98,408017
1.8426,0.1417,40.1000,77,98,408020
1.8475,0.1466,40.0600,77,98,408025
1.8622,0.1320,40.0300,77,98,408028
1.8524,0.1417,40.1000,77,98,408031
1.9159,0.1613,39.0000,77,98,408035
1.8768,0.1515,40.0000,77,98,408038
1.8768,0.1369,40.0600,77,98,408041
1.8768,0.1760,40.0600,77,98,408045
1.8768,0.1417,40.0600,77,98,408048
1.9159,0.1515,40.0300,77,98,408051
1.8866,0.1466,40.1000,77,98,408054
1.9110,0.1320,39.9600,77,98,408058
1.8768,0.1369,40.1000,77,98,408061
1.8915,0.1466,40.1000,77,98,408065
1.9062,0.1564,39.9600,77,98,408069
1.8671,0.1369,40.0600,77,98,408072
1.8866,0.1466,39.9600,77,98,408075
1.8524,0.1417,39.9300,77,98,408079
1.8524,0.1417,40.1300,77,98,408082
1.8719,0.1466,40.0000,77,98,408085
1.8671,0.1515,40.1000,77,98,408088
1.8915,0.1417,39.9600,77,98,408092
1.8719,0.1711,40.0600,77,98,408095
1.8817,0.1417,40.1000,77,98,408098
1.8964,0.1466,40.0300,77,98,408102
1.8671,0.1466,40.1000,77,98,408105
1.8964,0.1466,39.8600,77,98,408109
1.8475,0.1515,40.0600,77,98,408113
1.8475,0.1417,40.0600,77,98,408116
1.8524,0.1515,40.0600,77,98,408119
1.8377,0.1417,40.1000,77,98,408123
1.8817,0.1515,39.8000,77,98,408126
1.8475,0.1515,40.0300,77,98,408129
1.8328,0.1466,40.0600,77,98,408132
1.8231,0.1466,40.1000,77,98,408136
1.8182,0.1466,40.1000,77,98,408139
1.8768,0.1515,39.9300,77,98,408142
1.8280,0.1515,40.0300,77,98,408146
1.8328,0.1417,40.0000,77,98,408150
1.8280,0.1466,40.0600,77,98,408153
1.8280,0.1369,40.0600,77,98,408157
1.8671,0.1564,39.9600,77,98,408160
1.8475,0.1466,40.0600,77,98,408163
1.8524,0.1417,39.9600,77,98,408167
1.8328,0.1417,40.2000,77,98,408170
1.8280,0.1320,40.1000,77,98,408173
1.8524,0.1515,40.0300,77,98,408176
1.8426,0.1466,40.0600,77,98,408180
1.8817,0.1515,40.0000,77,98,408183
1.8964,0.1417,40.1600,77,98,408186
1.9746,0.1466,40.0600,77,98,408190
2.0968,0.1515,40.0300,77,98,408194
2.1701,0.1417,40.0600,77,98,408197
2.3021,0.1613,39.9300,77,98,408201
2.3949,0.1417,40.0600,77,98,408204
2.5171,0.1417,40.1300,77,98,408207
2.6686,0.1515,40.0000,77,98,408211
2.7322,0.1466,40.1000,77,98,408214
2.7273,0.1515,39.8600,77,98,408217
1.6520,0.1613,39.8900,77,98,408221
1.5934,0.1515,40.1000,77,98,408224
1.6129,0.1662,40.1000,77,98,408227
1.6471,0.1466,40.1000,77,98,408231
1.7155,0.1466,40.1000,77,98,408235
1.7400,0.1515,40.0000,77,98,408238
1.7253,0.1466,40.1300,77,98,408242
1.7498,0.1417,39.9300,77,98,408245
1.7351,0.1466,40.0600,77,98,408248
1.7449,0.1466,40.1000,77,98,408252
1.7742,0.1515,39.9600,77,98,408255
1.7449,0.1417,40.1000,77,98,408258
1.7742,0.1515,39.9600,77,98,408262
1.7400,0.1369,40.0600,77,98,408265
1.7400,0.1417,40.1000,77,98,408268
1.7546,0.1466,40.0000,77,98,408271
1.7449,0.1466,40.0600,77,98,408275
1.7742,0.1515,39.9300,77,98,408279
1.7498,0.1417,40.0300,77,98,408282
1.7595,0.1417,40.1000,77,98,408286
1.7840,0.1515,39.9600,77,98,408289
1.7693,0.1466,40.0600,77,98,408292
1.8133,0.1417,39.8600,77,98,408296
1.7742,0.1417,40.0000,77,98,408299
1.7791,0.1417,40.1000,77,98,408302
1.7937,0.1515,40.0600,77,98,408306
1.7840,0.1417,40.1000,77,98,408309
1.8475,0.1515,39.8600,77,98,408312
1.8133,0.1808,40.1600,77,98,408315
1.8084,0.1417,40.0600,77,98,408320
1.8182,0.1466,40.0000,77,98,408323
1.8231,0.1515,40.1000,77,98,408326
1.8719,0.1515,39.9600,77,98,408330
1.8573,0.1417,40.0600,77,98,408333
1.8475,0.1466,40.0300,77,98,408336
1.8377,0.1466,40.0000,77,98,408340
1.8377,0.1466,40.0600,77,98,408343
1.8719,0.1564,39.9600,77,98,408346
1.8573,0.1515,40.0300,77,98,408350
1.8768,0.1466,39.9300,77,98,408353
1.8573,0.1466,40.1000,77,98,408356
1.8671,0.1417,40.1000,77,98,408359
1.8817,0.1564,40.0300,77,98,408364
1.9013,0.1417,40.1000,77,98,408367
1.9159,0.1466,39.9600,77,98,408370
1.8866,0.1417,40.0600,77,98,408374
1.9013,0.1417,40.1000,77,98,408377
1.9306,0.1515,40.0300,77,98,408380
1.9159,0.1466,40.0600,77,98,408384
1.9599,0.1466,39.8600,77,98,408387
1.9550,0.1417,40.0000,77,98,408390
1.9355,0.1417,40.1000,77,98,408394
1.9599,0.1515,40.0000,77,98,408397
1.9599,0.1320,40.1000,77,98,408400
2.0137,0.1515,39.8300,77,98,408403
1.9697,0.1417,40.0300,77,98,408408
1.9746,0.1466,40.1000,77,98,408411
1.9844,0.1515,39.9600,77,98,408414
1.9746,0.1466,40.1000,77,98,408418
2.0381,0.1515,39.8300,77,98,408421
1.9990,0.1613,39.9600,77,98,408424
1.9892,0.1417,40.0300,77,98,408428
1.9795,0.1515,40.1300,77,98,408431
1.9795,0.1466,40.1000,77,98,408434
2.0137,0.1515,39.9600,77,98,408438
1.9795,0.1515,40.0600,77,98,408441
1.9844,0.1466,40.0000,77,98,408444
1.9501,0.1711,40.0600,77,98,408448
1.9453,0.1320,40.1000,77,98,408452
1.9648,0.1564,39.9600,77,98,408455
1.9159,0.1466,40.1000,77,98,408458
1.9306,0.1515,39.9600,77,98,408462
1.8817,0.1466,40.0600,77,98,408465
1.8671,0.1417,40.0600,77,98,408468
1.8622,0.1515,40.1000,77,98,408472
1.8280,0.1369,40.1000,77,98,408475
1.8377,0.1466,39.9600,77,98,408478
1.7889,0.1808,40.0000,77,98,408482
1.7693,0.1466,40.0600,77,98,408485
1.7791,0.1515,39.9600,77,98,408488
1.7400,0.1417,40.1000,77,98,408492
1.7693,0.1515,39.8900,77,98,408496
1.7058,0.1369,40.1000,77,98,408499
1.6862,0.1320,40.1000,77,98,408502
1.6960,0.1515,39.9300,77,98,408506
1.6716,0.1466,40.1300,77,98,408509
1.7155,0.1564,39.8000,77,98,408512
1.6764,0.1417,40.0000,77,98,408516
1.6618,0.1417,40.0600,77,98,408519
1.6569,0.1466,40.1000,77,98,408522
1.6520,0.1320,40.0600,77,98,408526
1.7107,0.1515,39.8900,77,98,408529
1.6667,0.1320,40.0600,77,98,408532
1.6764,0.1417,40.0300,77,98,408536
1.6716,0.1466,40.0600,77,98,408540
1.6862,0.1466,40.1000,77,98,408543
1.7058,0.1515,39.9600,77,98,408546
1.6911,0.1515,40.0600,77,98,408550
1.7009,0.1466,39.9600,77,98,408553
1.6862,0.1466,40.1000,77,98,408556
1.6960,0.1564,40.1000,77,98,408560
1.7204,0.1320,40.0600,77,98,408563
1.7155,0.1466,40.1000,77,98,408566
1.7400,0.1515,39.1600,77,98,408569
1.7204,0.1417,40.0600,77,98,408573
1.7302,0.1466,40.2000,77,98,408577
1.7791,0.1613,39.9600,77,98,408580
1.7400,0.1466,40.0600,77,98,408584
1.7742,0.1515,39.8900,77,98,408587
1.7595,0.1466,39.9600,77,98,408590
1.7546,0.1564,40.1000,77,98,408594
1.7693,0.1515,40.0300,77,98,408597
1.7644,0.1466,40.0600,77,98,408600
1.8035,0.1564,39.8300,77,98,408604
1.7693,0.1466,40.0300,77,98,408607
1.7693,0.1466,40.1600,77,98,408610
1.7937,0.1515,40.0300,77,98,408613
1.7840,0.1466,40.1000,77,98,408617
1.8377,0.1613,39.8000,77,98,408621
1.8035,0.1466,39.9600,77,98,408624
1.7986,0.1417,39.7000,77,98,408628
1.8084,0.1320,40.1300,77,98,408631
1.8035,0.1466,40.1000,77,98,408634
1.8573,0.1711,39.9600,77,98,408638
1.8328,0.1515,40.0300,77,98,408641
1.8377,0.1466,39.3500,77,98,408644
1.8377,0.1466,40.1000,77,98,408648
1.8475,0.1466,40.1000,77,98,408651
1.8915,0.1662,39.9300,77,98,408654
1.8768,0.1466,40.0600,77,98,408657
1.9159,0.1515,39.9300,77,98,408662
1.9306,0.1466,40.1000,77,98,408665
1.9844,0.1466,40.0300,77,98,408668
2.0870,0.1515,40.0300,77,98,408672
2.1750,0.1466,40.4000,77,98,408675
2.3265,0.1515,39.9300,77,98,408678
2.4194,0.1466,40.0600,77,98,408682
2.5367,0.1466,40.0000,77,98,408685
2.6686,0.1564,39.9600,77,98,408688
2.7273,0.1466,40.1000,77,98,408691
2.8348,0.1466,39.9600,77,98,408695
2.8446,0.1417,40.1000,77,98,408698
2.8788,0.1466,40.1000,77,98,408701
2.9423,0.1808,40.0000,77,98,408706
2.9570,0.1466,40.1000,77,98,408709
3.0792,0.1564,39.8300,77,98,408712
3.0890,0.1466,40.1000,77,98,408716
3.1183,0.1320,40.1300,77,98,408719
3.1818,0.1515,40.0300,77,98,408722
3.2258,0.1417,40.1000,77,98,408726
3.3773,0.1613,39.8300,77,98,408729
3.4262,0.1515,40.0300,77,98,408732
3.4946,0.1417,40.0600,77,98,408735
3.6217,0.1466,40.0300,77,98,408739
3.7488,0.1320,40.1000,77,98,408742
3.9003,0.1613,39.9300,77,98,408745
3.8319,0.1515,40.0000,77,98,408750
3.6901,0.1417,40.0000,77,98,408753
3.4164,0.1466,40.0600,77,98,408756
3.0841,0.1662,40.0600,77,98,408760
2.7664,0.1613,40.0300,77,98,408763
2.3705,0.1515,40.0600,77,98,408766
1.9892,0.1515,39.9600,77,98,408769
1.5738,0.1417,40.1000,77,98,408773
1.2708,0.1466,40.1000,77,98,408776
1.0704,0.1564,39.9600,77,98,408779
0.9042,0.1417,40.0600,77,98,408783
0.8407,0.1515,40.0000,77,98,408786
0.7283,0.1417,40.0600,77,98,408790
0.6891,0.1466,40.0600,77,98,408794
0.6696,0.1515,40.0000,77,98,408797
0.6647,0.1466,40.0600,77,98,408800
0.6843,0.1466,39.8900,77,98,408803
0.6843,0.1320,40.0600,77,98,408807
0.7136,0.1466,40.1000,77,98,408810
0.7380,0.1515,39.9300,77,98,408813
0.7527,0.1515,40.1000,77,98,408817
0.8065,0.1564,39.8900,77,98,408820
0.8113,0.1369,39.9600,77,98,408823
0.8504,0.1515,40.1000,77,98,408827
0.8895,0.1515,40.0300,77,98,408830
0.9922,0.1466,40.1000,77,98,408835
1.0215,0.1466,40.1600,77,98,408838
1.0655,0.1564,39.9300,77,98,408841
1.0606,0.1466,40.0600,77,98,408844
1.0802,0.1515,39.9600,77,98,408848
1.0802,0.1466,40.1000,77,98,408851
1.1046,0.1417,40.1000,77,98,408854
1.1095,0.1515,40.1000,77,98,408858
1.0997,0.1515,40.0600,77,98,408861
1.1046,0.1564,39.9300,77,98,408864
1.0899,0.1466,40.0600,77,98,408868
1.0850,0.1466,40.1000,77,98,408871
1.0948,0.1417,40.0300,77,98,408875
1.0899,0.1466,40.0600,77,98,408878
1.0997,0.1564,39.9600,77,98,408882
1.0899,0.1466,40.0600,77,98,408885
1.0899,0.1662,40.1000,77,98,408888
1.1046,0.1564,40.0000,77,98,408892
1.0753,0.1466,40.0600,77,98,408895
1.0802,0.1466,39.8900,77,98,408898
1.0948,0.1320,40.0000,77,98,408901
1.0459,0.1320,40.1000,77,98,408905
1.0508,0.1515,40.3300,77,98,408908
1.0508,0.1515,40.1600,77,98,408911
1.0802,0.1564,39.8600,77,98,408915
1.0704,0.1466,40.0600,77,98,408919
1.0899,0.1466,40.0600,77,98,408922
1.1241,0.1515,40.0300,77,98,408926
1.1437,0.1466,40.1000,77,98,408929
1.1975,0.1515,39.8300,77,98,408932
1.1975,0.1466,40.0000,77,98,408935
1.2366,0.1417,40.1000,77,98,408939
1.2708,0.1417,40.0600,77,98,408942
1.3099,0.1320,40.1000,77,98,408945
1.3978,0.1613,39.9600,77,98,408949
1.4076,0.1613,40.0300,77,98,408952
1.4565,0.1320,40.0300,77,98,408955
1.5005,0.1711,40.1000,77,98,408960
1.5738,0.1320,40.1000,77,98,408963
1.6373,0.1515,40.0300,77,98,408966
1.7058,0.1417,40.0600,77,98,408970
1.7400,0.1466,39.9600,77,98,408973
1.7840,0.1466,40.0600,77,98,408976
1.8426,0.1466,40.0300,77,98,408979
1.9208,0.1564,40.0000,77,98,408983
1.9648,0.1515,40.0600,77,98,408986
2.0381,0.1515,39.9600,77,98,408989
2.0577,0.1417,40.0600,77,98,408993
2.1065,0.1466,40.0600,77,98,408996
2.1603,0.1466,39.9600,77,98,408999
2.1848,0.1417,40.1000,77,98,409003
2.2434,0.1320,40.0000,77,98,409007
2.2287,0.1466,40.3600,77,98,409010
2.2434,0.1564,40.1000,77,98,409013
2.2727,0.1564,39.9600,77,98,409017
2.2483,0.1564,40.0600,77,98,409020
2.2923,0.1515,39.8900,77,98,409023
2.2630,0.1515,40.0000,77,98,409027
2.2336,0.1466,40.1000,77,98,409030
2.2483,0.1564,40.0600,77,98,409033
2.2287,0.1320,40.1000,77,98,409037
2.2776,0.1564,39.8300,77,98,409040
2.2141,0.1613,40.0300,77,98,409043
2.1994,0.1417,40.0600,77,98,409047
2.1994,0.1515,40.0600,77,98,409051
2.1750,0.1515,40.0600,77,98,409054
2.2532,0.1662,39.8300,77,98,409057
2.1750,0.1515,40.0300,77,98,409061
2.1505,0.1466,40.0000,77,98,409064
2.1359,0.1515,40.1000,77,98,409067
2.1261,0.1564,40.0600,77,98,409071
2.1505,0.1613,39.9600,77,98,409074
2.1163,0.1515,40.0300,77,98,409077
2.1212,0.1417,39.9600,77,98,409080
2.0870,0.1466,40.0600,77,98,409084
2.0821,0.1417,40.1000,77,98,409088
2.1114,0.1564,39.9300,77,98,409091
2.0674,0.1466,40.1300,77,98,409095
2.0870,0.1711,39.9600,77,98,409098
2.0430,0.1320,40.1000,77,98,409101
2.0381,0.1466,40.1000,77,98,409105
2.0528,0.1515,40.0300,77,98,409108
2.0381,0.1466,40.0600,77,98,409111
2.0626,0.1564,39.9600,77,98,409114
2.0235,0.1466,40.1000,77,98,409118
2.0186,0.1466,40.0600,77,98,409121
2.0332,0.1564,39.9300,77,98,409124
2.0137,0.1466,40.0600,77,98,409128
2.0381,0.1515,39.9600,77,98,409132
1.9941,0.1466,40.1300,77,98,409135
1.9941,0.1466,40.1000,77,98,409139
2.0332,0.1564,40.0300,77,98,409142
1.9844,0.1466,40.1000,77,98,409145
2.0332,0.1564,39.8900,77,98,409149
2.0332,0.1515,40.0000,77,98,409152
1.9795,0.1466,40.1000,77,98,409155
1.9795,0.1466,40.0600,77,98,409158
1.9697,0.1466,40.1000,77,98,409162
2.0186,0.1613,39.8000,77,98,409165
1.9648,0.1320,40.0600,77,98,409168
1.9550,0.1417,40.0300,77,98,409172
1.9453,0.1760,40.1000,77,98,409176
1.9306,0.1466,40.1300,77,98,409179
1.9697,0.1515,39.8900,77,98,409183
1.9648,0.1466,40.0300,77,98,409186
1.9355,0.1466,39.9600,77,98,409189
1.9159,0.1515,40.0600,77,98,409192
1.9110,0.1466,40.1000,77,98,409196
1.9306,0.1515,40.0300,77,98,409199
1.9110,0.1466,40.0600,77,98,409202
1.9306,0.1515,39.8000,77,98,409206
1.9013,0.1808,40.0600,77,98,409209
1.9062,0.1466,40.0600,77,98,409212
1.9257,0.1564,39.9600,77,98,409217
1.9110,0.1417,40.1000,77,98,409220
1.9159,0.1466,39.9300,77,98,409223
1.8866,0.1466,40.0000,77,98,409227
1.8866,0.1466,40.0600,77,98,409230
1.8915,0.1466,40.1000,77,98,409233
1.8719,0.1417,40.1000,77,98,409236
1.9110,0.1515,39.8600,77,98,409240
1.8719,0.1466,40.1000,77,98,409243
1.8866,0.1466,40.1000,77,98,409246
1.8866,0.1515,40.1000,77,98,409250
1.8622,0.1466,40.0600,77,98,409253
1.9062,0.1564,39.8300,77,98,409256
1.8671,0.1466,39.9600,77,98,409261
1.8719,0.1320,40.1000,77,98,409264
1.8671,0.1515,40.1300,77,98,409267
1.8622,0.1466,40.0600,77,98,409271
1.9159,0.1662,39.7700,77,98,409274
1.8719,0.1564,40.0300,77,98,409277
1.8671,0.1417,40.0000,77,98,409280
1.8622,0.1515,40.0600,77,98,409284
1.8622,0.1466,40.1000,77,98,409287
1.8964,0.1564,39.9300,77,98,409290
1.8622,0.1515,40.0600,77,98,409294
1.8817,0.1564,40.0600,77,98,409297
1.8622,0.1613,40.0600,77,98,409300
1.8622,0.1320,40.1000,77,98,409305
1.8817,0.1515,40.0000,77,98,409308
1.8573,0.1320,40.0600,77,98,409311
1.8817,0.1515,40.0000,77,98,409315
1.8524,0.1515,40.1000,77,98,409318
1.8573,0.1466,40.1000,77,98,409321
1.8719,0.1515,40.4700,77,98,409324
1.8524,0.1515,40.1000,77,98,409328
1.8915,0.1466,39.8900,77,98,409331
1.8573,0.1417,40.0600,77,98,409334
1.8573,0.1466,40.1000,77,98,409338
1.8671,0.1515,40.1300,77,98,409341
1.8475,0.1466,40.0600,77,98,409345
1.8817,0.1515,39.9600,77,98,409349
1.8573,0.1564,40.0000,77,98,409352
1.8426,0.1466,40.1000,77,98,409355
1.8524,0.1564,40.0300,77,98,409359
1.8475,0.1466,40.1000,77,98,409362
1.8915,0.1613,39.8600,77,98,409365
1.8573,0.1515,40.1000,77,98,409368
1.8475,0.1417,40.1600,77,98,409372
1.8524,0.1417,40.1000,77,98,409375
1.8426,0.1466,40.1000,77,98,409378
1.8915,0.1613,40.0300,77,98,409382
1.8671,0.1564,40.0300,77,98,409385
1.8622,0.1466,39.9600,77,98,409389
1.8524,0.1417,40.1000,77,98,409393
1.8524,0.1466,40.1000,77,98,409396
1.9062,0.1564,40.0000,77,98,409399
1.8475,0.1515,40.0600,77,98,409403
1.8719,0.1515,40.0300,77,98,409406
1.8475,0.1515,40.1000,77,98,409409
1.8475,0.1466,40.1000,77,98,409412
1.8719,0.1711,39.9600,77,98,409416
1.8426,0.1515,40.0300,77,98,409419
1.8719,0.1564,39.9300,77,98,409422
1.8475,0.1466,40.0300,77,98,409426
1.8475,0.1515,40.0600,77,98,409430
1.8524,0.1564,40.0300,77,98,409433
1.8426,0.1466,40.2000,77,98,409437
1.8719,0.1564,39.8600,77,98,409440
1.8915,0.1662,39.8600,77,98,409445
1.8524,0.1515,40.0300,77,98,409448
1.8475,0.1320,40.0600,77,98,409451
1.8426,0.1515,39.9600,77,98,409455
1.8475,0.1466,40.1000,77,98,409458
1.8817,0.1613,39.9600,77,98,409461
1.8426,0.1515,40.0300,77,98,409465
1.8622,0.1515,40.0600,77,98,409468
1.8524,0.1515,40.0600,77,98,409472
1.8524,0.1466,40.1300,77,98,409476
1.8817,0.1662,39.9300,77,98,409479
1.8524,0.1515,40.1000,77,98,409482
1.8768,0.1662,40.0000,77,98,409485
1.8426,0.1417,40.0600,77,98,409489
1.8426,0.1466,40.2600,77,98,409492
1.8573,0.1515,40.0300,77,98,409495
1.8475,0.1417,40.0600,77,98,409499
1.8719,0.1515,39.8900,77,98,409502
1.8426,0.1466,40.0600,77,98,409505
1.8524,0.1466,40.1000,77,98,409509
1.8719,0.1613,40.0000,77,98,409512
1.8524,0.1466,40.0600,77,98,409516
1.8915,0.1613,39.8600,77,98,409520
1.8475,0.1466,40.0000,77,98,409523
1.8573,0.1515,40.0600,77,98,409526
1.8671,0.1564,40.0600,77,98,409529
1.8573,0.1564,40.0600,77,98,409533
1.9355,0.1613,39.8300,77,98,409536
1.8719,0.1515,39.8900,77,98,409539
1.8573,0.1466,40.0600,77,98,409543
1.8573,0.1515,39.9300,77,98,409546
1.8573,0.1515,40.1000,77,98,409549
1.9062,0.1515,39.8600,77,98,409553
1.8671,0.1320,40.0600,77,98,409556
1.8719,0.1466,39.9600,77,98,409560
1.8524,0.1564,40.1000,77,98,409564
1.8475,0.1320,40.0600,77,98,409567
1.8719,0.1515,39.8600,77,98,409570
1.8573,0.1564,40.1000,77,98,409573
1.8671,0.1564,39.9300,77,98,409577
1.8426,0.1515,40.0600,77,98,409580
1.8475,0.1466,40.1000,77,98,409583
1.8573,0.1515,39.8600,77,98,409587
1.8426,0.1417,40.0600,77,98,409590
1.8719,0.1515,39.9600,77,98,409593
1.8377,0.1515,40.1000,77,98,409597
1.8426,0.1466,40.1600,77,98,409601
1.8622,0.1466,40.1000,77,98,409604
1.8426,0.1515,39.2200,77,98,409608
1.8817,0.1564,39.8900,77,98,409611
1.8622,0.1515,39.9600,77,98,409614
1.8475,0.1466,40.1300,77,98,409617
1.8573,0.1564,40.0300,77,98,409621
1.8426,0.1417,40.1000,77,98,409624
1.8866,0.1808,39.7700,77,98,409627
1.8328,0.1515,40.0600,77,98,409631
1.8328,0.1466,40.0600,77,98,409634
1.8426,0.1564,40.0300,77,98,409637
1.8377,0.1515,40.1000,77,98,409641
1.9013,0.1662,39.8600,77,98,409645
1.8719,0.1564,40.0000,77,98,409648
1.8719,0.1466,40.0300,77,98,409652
1.8671,0.1857,40.0000,77,98,409655
1.8671,0.1515,40.0600,77,98,409658
1.9062,0.1613,39.9300,77,98,409661
1.8719,0.1564,40.0600,77,98,409665
1.8866,0.1515,39.9600,77,98,409668
1.8719,0.1515,40.1000,77,98,409671
1.8768,0.1466,40.1000,77,98,409675
1.9062,0.1564,39.8900,77,98,409678
1.8719,0.1515,40.1000,77,98,409681
1.8817,0.1564,40.0600,77,98,409686
1.8475,0.1515,40.0600,77,98,409689
1.8475,0.1417,40.0600,77,98,409692
1.8622,0.1515,40.1000,77,98,409695
1.8573,0.1808,40.0600,77,98,409699
1.8817,0.1564,39.9300,77,98,409702
1.8573,0.1515,40.0300,77,98,409705
1.8622,0.1466,40.0600,77,98,409709
1.9062,0.1564,39.9600,77,98,409712
1.8524,0.1515,40.0600,77,98,409715
1.8866,0.1515,39.8300,77,98,409719
1.8377,0.1466,40.1000,77,98,409722
1.8328,0.1466,40.0000,77,98,409725
1.8328,0.1564,40.0600,77,98,409730
1.8133,0.1466,40.1000,77,98,409733
1.8573,0.1564,39.8000,77,98,409736
1.8573,0.1564,40.0000,77,98,409739
1.8133,0.1466,40.1600,77,98,409743
1.8133,0.1564,40.1000,77,98,409746
1.8084,0.1515,40.1000,77,98,409749
1.8622,0.1662,39.8600,77,98,409753
1.8475,0.1564,40.0300,77,98,409756
1.8133,0.1466,40.0600,77,98,409759
1.8133,0.1515,40.0000,77,98,409763
1.8084,0.1466,40.0600,77,98,409766
1.8573,0.1613,39.9300,77,98,409769
1.8280,0.1515,40.0000,77,98,409773
1.8328,0.1515,40.1000,77,98,409777
1.8182,0.1515,40.1000,77,98,409780
1.8328,0.1515,40.0600,77,98,409783
1.8719,0.1564,40.0300,77,98,409787
1.8915,0.1515,40.0600,77,98,409790
1.9892,0.1515,40.4000,77,98,409793
2.0626,0.1515,40.1000,77,98,409797
2.1554,0.1466,40.1000,77,98,409800
2.2874,0.1613,40.0300,77,98,409803
2.3705,0.1515,40.1000,77,98,409806
2.5367,0.1564,39.9600,77,98,409810
2.6295,0.1515,40.0300,77,98,409814
2.7224,0.1515,40.1000,77,98,409817
2.6931,0.1808,40.1000,77,98,409821
2.4878,0.1515,40.1000,77,98,409824
2.2630,0.1564,39.8900,77,98,409827
1.9501,0.1711,40.1000,77,98,409831
1.7546,0.1320,40.1000,77,98,409834
1.6569,0.1515,40.0300,77,98,409837
1.6080,0.1515,40.0300,77,98,409840
1.6618,0.1564,39.8900,77,98,409844
1.6471,0.1466,40.0300,77,98,409847
1.6813,0.1466,40.1000,77,98,409850
1.7400,0.1320,40.0600,77,98,409854
1.7058,0.1515,40.1000,77,98,409858
1.7595,0.1906,39.8300,77,98,409861
1.7204,0.1564,40.0600,77,98,409865
1.7155,0.1417,40.0300,77,98,409868
1.7107,0.1564,40.1000,77,98,409871
1.7204,0.1515,40.1000,77,98,409875
1.7595,0.1564,39.8900,77,98,409878
1.7204,0.1515,40.0600,77,98,409881
1.7302,0.1466,40.0000,77,98,409884
1.7204,0.1662,40.0600,77,98,409888
1.7204,0.1417,40.1000,77,98,409891
1.7546,0.1564,40.0000,77,98,409894
1.7400,0.1515,40.0000,77,98,409899
1.7595,0.1760,39.9600,77,98,409902
1.7400,0.1515,40.0600,77,98,409905
1.7449,0.1466,40.0300,77,98,409909
1.7742,0.1466,40.0000,77,98,409912
1.7546,0.1515,40.0600,77,98,409915
1.7840,0.1564,39.9300,77,98,409918
1.7595,0.1515,40.1300,77,98,409922
1.7693,0.1466,39.9600,77,98,409925
1.7889,0.1613,40.0600,77,98,409928
1.7742,0.1515,40.0600,77,98,409932
1.8084,0.1515,39.8600,77,98,409935
1.7986,0.1320,39.9600,77,98,409938
1.7937,0.1515,40.1300,77,98,409943
1.8133,0.1515,40.0300,77,98,409946
1.8084,0.1515,40.2000,77,98,409949
1.8524,0.1613,39.8000,77,98,409953
1.8133,0.1466,40.0000,77,98,409956
1.8182,0.1466,40.0000,77,98,409959
1.8573,0.1564,40.1000,77,98,409962
1.8280,0.1515,40.0600,77,98,409966
1.8817,0.1613,39.8300,77,98,409969
1.8573,0.1417,39.9600,77,98,409972
1.8475,0.1466,39.4400,77,98,409976
1.8524,0.1564,40.0600,77,98,409979
1.8573,0.1466,40.1000,77,98,409982
1.9013,0.1564,39.9600,77,98,409987
1.8768,0.1515,40.0600,77,98,409990
1.8866,0.1466,39.9600,77,98,409993
1.8768,0.1515,40.1000,77,98,409997
1.8866,0.1515,40.1600,77,98,410000
1.9257,0.1662,39.8900,77,98,410003
1.9013,0.1515,40.1000,77,98,410006
1.9355,0.1515,39.9600,77,98,410010
1.9159,0.1515,40.0600,77,98,410013
1.9208,0.1466,40.1300,77,98,410016
1.9453,0.1564,40.0000,77,98,410020
1.9404,0.1515,40.1300,77,98,410023
1.9697,0.1515,40.4000,77,98,410027
1.9648,0.1466,40.1000,77,98,410031
1.9599,0.1466,40.1000,77,98,410034
1.9844,0.1515,39.8900,77,98,410037
1.9599,0.1515,40.1000,77,98,410040
1.9990,0.1515,39.8600,77,98,410044
1.9599,0.1515,40.1000,77,98,410047
1.9697,0.1466,40.1000,77,98,410050
1.9844,0.1613,40.0300,77,98,410054
1.9501,0.1515,40.1000,77,98,410058
1.9404,0.1466,40.0000,77,98,410062
1.9746,0.1906,39.9300,77,98,410065
1.9257,0.1515,40.0600,77,98,410068
1.9306,0.1515,39.9600,77,98,410073
1.9110,0.1466,40.0600,77,98,410076
1.8866,0.1466,40.0600,77,98,410079
1.9013,0.1564,40.2600,77,98,410083
1.8671,0.1515,40.0600,77,98,410086
1.8719,0.1564,39.9300,77,98,410089
1.8231,0.1515,40.0600,77,98,410092
1.7986,0.1466,40.0600,77,98,410096
1.7889,0.1466,40.0300,77,98,410099
1.7595,0.1857,40.1000,77,98,410102
1.7644,0.1417,39.9300,77,98,410106
1.7204,0.1515,40.0000,77,98,410109
1.7400,0.1515,40.0600,77,98,410113
1.7204,0.1515,39.9300,77,98,410117
1.6764,0.1564,40.1000,77,98,410120
1.7351,0.1564,39.8900,77,98,410123
1.6716,0.1515,39.9600,77,98,410127
1.6618,0.1515,40.1000,77,98,410130
1.6716,0.1564,40.0300,77,98,410133
1.6911,0.1320,40.0600,77,98,410136
1.7058,0.1564,39.8300,77,98,410140
1.6569,0.1466,40.0300,77,98,410143
1.6862,0.1466,40.1300,77,98,410146
1.6667,0.1515,40.3600,77,98,410150
1.6520,0.1417,40.1000,77,98,410153
1.7009,0.1515,39.8600,77,98,410157
1.6716,0.1760,40.0300,77,98,410161
1.6716,0.1466,40.0000,77,98,410164
1.6716,0.1515,40.1600,77,98,410167
1.6716,0.1466,40.1000,77,98,410171
1.7155,0.1613,39.9600,77,98,410174
1.6960,0.1711,40.0300,77,98,410177
1.7107,0.1515,39.9600,77,98,410180
1.6911,0.1466,40.1000,77,98,410184
1.7009,0.1320,40.0600,77,98,410187
1.7253,0.1564,39.8900,77,98,410190
1.7107,0.1515,40.0600,77,98,410194
1.7351,0.1564,39.9600,77,98,410198
1.7155,0.1515,40.1600,77,98,410201
1.7155,0.1466,40.1000,77,98,410205
1.7155,0.1515,40.0000,77,98,410208
1.7155,0.1417,40.0600,77,98,410211
1.7693,0.1515,39.9300,77,98,410214
1.7107,0.1466,40.0600,77,98,410218
1.7204,0.1662,40.0600,77,98,410221
1.7302,0.1515,40.0000,77,98,410224
1.7302,0.1515,40.0000,77,98,410228
1.7644,0.1515,39.8600,77,98,410231
1.7351,0.1417,40.0600,77,98,410234
1.7400,0.1417,40.0600,77,98,410238
1.7546,0.1564,40.0300,77,98,410242
1.7400,0.1515,40.1000,77,98,410245
1.7840,0.1564,39.8000,77,98,410249
1.7546,0.1564,40.0000,77,98,410252
1.7449,0.1515,40.1000,77,98,410255
1.7498,0.1515,40.0600,77,98,410258
1.7498,0.1417,40.1000,77,98,410262
1.8035,0.1662,39.8600,77,98,410265
1.7498,0.1760,40.0300,77,98,410268
1.7449,0.1466,40.0300,77,98,410272
1.7498,0.1515,40.0600,77,98,410275
1.7449,0.1515,40.0600,77,98,410278
1.7791,0.1613,39.9600,77,98,410283
1.7546,0.1515,40.0300,77,98,410286
1.7546,0.1515,39.9600,77,98,410289
1.7449,0.1320,40.1000,77,98,410292
1.7351,0.1515,40.1300,77,98,410296
1.7546,0.1613,40.1000,77,98,410299
1.7351,0.1515,40.0600,77,98,410302
1.7498,0.1515,40.0000,77,98,410306
1.7253,0.1320,40.1000,77,98,410309
1.7253,0.1515,40.2000,77,98,410312
1.7498,0.1564,39.9300,77,98,410316
1.7204,0.1515,40.1300,77,98,410319
1.7449,0.1417,39.9300,77,98,410322
1.7253,0.1466,40.0000,77,98,410327
1.7204,0.1515,40.0600,77,98,410330
1.7351,0.1515,40.0300,77,98,410333
1.7155,0.1515,40.1000,77,98,410336
1.7595,0.1564,39.8600,77,98,410340
1.7302,0.1564,40.0600,77,98,410343
1.7302,0.1515,40.1600,77,98,410346
1.7449,0.1564,40.0300,77,98,410350
1.7253,0.1515,40.1000,77,98,410353
1.7742,0.1564,39.8300,77,98,410356
1.7449,0.1515,40.0000,77,98,410360
1.7400,0.1466,40.3000,77,98,410363
1.7449,0.1466,40.1000,77,98,410366
1.7400,0.1466,40.1000,77,98,410370
1.7937,0.1662,39.8900,77,98,410374
1.7400,0.1564,40.0300,77,98,410377
1.7351,0.1466,40.0000,77,98,410380
1.7302,0.1564,40.1000,77,98,410384
1.7302,0.1320,40.0600,77,98,410387
1.7595,0.1613,39.9300,77,98,410390
1.7302,0.1515,40.0600,77,98,410394
1.7400,0.1515,39.9600,77,98,410397
1.7253,0.1857,40.0600,77,98,410400
1.7351,0.1515,40.0600,77,98,410404
1.7595,0.1564,40.2600,77,98,410407
1.7546,0.1417,40.0600,77,98,410411
1.7889,0.1515,40.0000,77,98,410414
1.7693,0.1515,40.1300,77,98,410418
1.7937,0.1320,40.0600,77,98,410421
1.7840,0.1564,39.9600,77,98,410424
1.7742,0.1515,40.0300,77,98,410428
1.7986,0.1515,39.9300,77,98,410431
1.7840,0.1515,40.1600,77,98,410434
1.7937,0.1515,40.0600,77,98,410438
1.8231,0.1564,40.0000,77,98,410441
1.7986,0.1515,40.0000,77,98,410444
1.8328,0.1564,39.8600,77,98,410447
1.7937,0.1564,39.9600,77,98,410451
1.7742,0.1515,40.2000,77,98,410455
1.7889,0.1564,40.0600,77,98,410458
1.7742,0.1564,40.2000,77,98,410462
1.8280,0.1564,39.8000,77,98,410465
1.7937,0.1515,40.0300,77,98,410468
1.7937,0.1466,40.1300,77,98,410472
1.8035,0.1564,40.0600,77,98,410475
1.7986,0.1515,40.0600,77,98,410478
1.8426,0.1515,39.9600,77,98,410481
1.7937,0.2102,40.0000,77,98,410485
1.7791,0.1466,40.0300,77,98,410488
1.7644,0.1515,40.0600,77,98,410491
1.7546,0.1515,40.0600,77,98,410496
1.7840,0.1613,40.2600,77,98,410499
1.7595,0.1760,40.0600,77,98,410502
1.7937,0.1564,39.9600,77,98,410506
1.7546,0.1515,40.0600,77,98,410509
1.7693,0.1564,40.1300,77,98,410512
1.7889,0.1564,39.9600,77,98,410516
1.7644,0.1417,40.0600,77,98,410519
1.7840,0.1564,39.9600,77,98,410522
1.7595,0.1466,40.1600,77,98,410525
1.7595,0.1662,40.1000,77,98,410529
1.7791,0.1515,40.1000,77,98,410532
1.7742,0.1515,40.0600,77,98,410535
1.8280,0.1564,39.9300,77,98,410540
1.7742,0.1515,40.0600,77,98,410543
1.7889,0.1515,40.0600,77,98,410546
1.8182,0.1564,39.9600,77,98,410550
1.7889,0.1515,40.0600,77,98,410553
1.8328,0.1613,39.8600,77,98,410556
1.8182,0.1466,40.0600,77,98,410559
1.8622,0.1515,40.1000,77,98,410563
1.9404,0.1662,40.0300,77,98,410566
2.0186,0.1515,40.0600,77,98,410569
2.1750,0.1613,39.8600,77,98,410573
2.2385,0.1760,40.0300,77,98,410576
2.3460,0.1320,40.1000,77,98,410579
2.4878,0.1515,40.0600,77,98,410584
2.6149,0.1515,40.0600,77,98,410587
2.7859,0.1711,39.8300,77,98,410590
2.6784,0.1515,40.0600,77,98,410593
2.4829,0.1466,40.0000,77,98,410597
2.2190,0.1564,40.0600,77,98,410600
1.9453,0.1515,40.1000,77,98,410603
1.7546,0.1613,39.9300,77,98,410607
1.5934,0.1564,40.0300,77,98,410610
1.5543,0.1515,39.6400,77,98,410613
1.5689,0.1417,40.0300,77,98,410617
1.6080,0.1515,40.0600,77,98,410620
1.6716,0.1564,40.0300,77,98,410624
1.6862,0.1515,40.0600,77,98,410628
1.7253,0.1515,39.9600,77,98,410631
1.7107,0.1515,40.0600,77,98,410634
1.7204,0.1515,39.1900,77,98,410637
1.7498,0.1564,40.0000,77,98,410641
1.7253,0.1564,40.0600,77,98,410644
1.7498,0.1808,39.9300,77,98,410647
1.7302,0.1515,40.0000,77,98,410651
1.7253,0.1515,40.1600,77,98,410654
1.7400,0.1564,40.0000,77,98,410657
1.7351,0.1515,40.0600,77,98,410661
1.7742,0.1564,39.8300,77,98,410664
1.7986,0.1662,39.8600,77,98,410670
1.7693,0.1613,40.0000,77,98,410673
1.7595,0.1466,40.0300,77,98,410676
1.7693,0.1564,40.0600,77,98,410680
1.7644,0.1515,40.1000,77,98,410683
1.8084,0.1613,40.0000,77,98,410686
1.7791,0.1466,40.1000,77,98,410689
1.8084,0.1564,39.9600,77,98,410693
1.7791,0.1515,39.9300,77,98,410696
1.7840,0.1515,40.0600,77,98,410699
1.8231,0.1515,39.9600,77,98,410703
1.7986,0.1515,40.0600,77,98,410706
1.8280,0.1564,39.9600,77,98,410710
1.8084,0.1515,40.1300,77,98,410714
1.8182,0.1515,40.1000,77,98,410717
1.8328,0.1515,40.0300,77,98,410720
1.8231,0.1564,40.1000,77,98,410724
1.8817,0.1564,39.9300,77,98,410727
1.8280,0.1515,40.1000,77,98,410730
1.8328,0.1515,40.0000,77,98,410733
1.8768,0.1564,39.9300,77,98,410737
1.8426,0.1515,40.1000,77,98,410740
1.8817,0.1564,39.8600,77,98,410743
1.8524,0.1564,40.1000,77,98,410747
1.8671,0.1515,40.0600,77,98,410750
1.8866,0.1564,40.0600,77,98,410754
1.8817,0.1515,40.0600,77,98,410758
1.9404,0.1613,39.7700,77,98,410761
1.9110,0.1564,40.0300,77,98,410764
1.9110,0.1515,40.1000,77,98,410767
1.9208,0.1564,40.0600,77,98,410771
1.9257,0.1515,40.1000,77,98,410774
1.9892,0.1711,39.8300,77,98,410777
1.9550,0.1564,40.0600,77,98,410781
1.9501,0.1466,40.0300,77,98,410784
1.9501,0.1515,40.3300,77,98,410787
1.9550,0.1564,40.1000,77,98,410791
1.9892,0.1613,39.9600,77,98,410795
1.9648,0.1515,40.0000,77,98,410798
1.9648,0.1466,39.9300,77,98,410801
1.9404,0.1515,40.1600,77,98,410805
1.9404,0.1466,40.0600,77,98,410808
1.9599,0.1515,40.0300,77,98,410811
1.9355,0.1515,40.1600,77,98,410815
1.9501,0.1564,39.9300,77,98,410818
1.9208,0.1515,40.0600,77,98,410821
1.9208,0.1417,40.1000,77,98,410825
1.9404,0.1613,39.9600,77,98,410828
1.9013,0.1515,40.0600,77,98,410831
1.9159,0.1564,39.9300,77,98,410835
1.8768,0.1515,40.0000,77,98,410839
1.8573,0.1515,40.1300,77,98,410842
1.8524,0.1515,40.0300,77,98,410845
1.8280,0.1515,40.0000,77,98,410849
1.8426,0.1564,39.8600,77,98,410852
1.7937,0.1515,40.1600,77,98,410855
1.7791,0.1662,40.1000,77,98,410859
1.7742,0.1564,40.0300,77,98,410862
1.7449,0.1515,40.1600,77,98,410865
1.7742,0.1564,39.8300,77,98,410869
1.7253,0.1515,40.0600,77,98,410872
1.7155,0.1466,40.0600,77,98,410875
1.7107,0.1564,40.0600,77,98,410880
1.6862,0.1515,40.0600,77,98,410883
1.7302,0.1760,39.8900,77,98,410886
1.6862,0.1613,40.0000,77,98,410889
1.6667,0.1466,40.0300,77,98,410893
1.6520,0.1564,40.1000,77,98,410896
1.6471,0.1564,40.1000,77,98,410899
1.6813,0.1613,39.7700,77,98,410903
1.6471,0.1564,40.0600,77,98,410906
1.6618,0.1515,39.9600,77,98,410909
1.6471,0.1564,40.1000,77,98,410913
1.6520,0.1515,40.1300,77,98,410916
1.6716,0.1564,40.0300,77,98,410919
1.6618,0.1564,40.0600,77,98,410923
1.6862,0.1564,39.9600,77,98,410927
1.6667,0.1515,40.0600,77,98,410930
1.6716,0.1417,40.1000,77,98,410933
1.6911,0.1515,40.2000,77,98,410937
1.6862,0.1564,40.1000,77,98,410940
1.6960,0.1515,39.9300,77,98,410943
1.6911,0.1662,40.0600,77,98,410947
1.7058,0.1515,40.1000,77,98,410950
1.7155,0.1613,39.9300,77,98,410953
1.7009,0.1515,40.0600,77,98,410957
1.7449,0.1564,39.8600,77,98,410960
1.7253,0.1564,40.0300,77,98,410963
1.7253,0.1515,40.0600,77,98,410967
1.7351,0.1515,40.0300,77,98,410971
1.7498,0.1515,40.1000,77,98,410974
1.7889,0.1515,39.7700,77,98,410977
1.7498,0.1564,40.0300,77,98,410981
1.7498,0.1466,40.0600,77,98,410984
1.7546,0.1564,40.0600,77,98,410987
1.7498,0.1564,40.1000,77,98,410991
1.8035,0.1711,39.8900,77,98,410994
1.7742,0.1613,40.0000,77,98,410997
1.7644,0.1417,40.0000,77,98,411001
1.7595,0.1564,40.1000,77,98,411004
1.7595,0.1515,40.1600,77,98,411008
1.8035,0.1662,40.0000,77,98,411011
1.7742,0.1564,40.0300,77,98,411015
1.7889,0.1515,39.9300,77,98,411018
1.7693,0.1515,40.1300,77,98,411021
1.7693,0.1515,40.1000,77,98,411025
1.7986,0.1613,39.9300,77,98,411028
1.7693,0.1613,40.1600,77,98,411031
1.7986,0.1564,39.9600,77,98,411035
1.7644,0.1466,40.0300,77,98,411038
1.7644,0.1564,40.0600,77,98,411041
1.7791,0.1515,40.1000,77,98,411045
1.7644,0.1515,40.0300,77,98,411048
1.8231,0.1613,39.8900,77,98,411052
1.7595,0.1515,40.1600,77,98,411055
1.7595,0.1564,40.1000,77,98,411059
1.7791,0.1613,40.0000,77,98,411062
1.7546,0.1515,40.1600,77,98,411065
1.7986,0.1564,39.8300,77,98,411069
1.7546,0.1466,39.4400,77,98,411072
1.7595,0.1466,40.1300,77,98,411075
1.7644,0.1515,40.0600,77,98,411079
1.7546,0.1515,40.1000,77,98,411082
1.7986,0.1515,39.8300,77,98,411085
1.7595,0.1515,39.9600,77,98,411089
1.7595,0.1417,40.0300,77,98,411092
1.7498,0.1515,40.0300,77,98,411096
1.7693,0.1515,40.1000,77,98,411099
1.7937,0.1613,39.9600,77,98,411103
1.7498,0.1564,40.0600,77,98,411106
1.7693,0.1564,40.0000,77,98,411109
1.7498,0.1515,40.0600,77,98,411113
1.7498,0.1662,40.0600,77,98,411116
1.7644,0.1564,40.0000,77,98,411119
1.7595,0.1515,39.5400,77,98,411123
1.7693,0.1466,39.9300,77,98,411126
1.7449,0.1564,40.1000,77,98,411129
1.7449,0.1466,40.1000,77,98,411133
1.7595,0.1564,40.0000,77,98,411137
1.7498,0.1515,40.2600,77,98,411140
1.7742,0.1564,39.9300,77,98,411143
1.7498,0.1515,40.2600,77,98,411147
1.7498,0.1515,40.0600,77,98,411150
1.7644,0.1564,39.9600,77,98,411153
1.7400,0.1515,40.0600,77,98,411157
1.7742,0.1564,39.8600,77,98,411160
1.7498,0.1564,40.0600,77,98,411163
1.7351,0.1515,40.0600,77,98,411167
1.7351,0.1564,40.0600,77,98,411170
1.7204,0.1515,40.0300,77,98,411173
1.7546,0.1613,39.8900,77,98,411176
1.7107,0.1515,40.0300,77,98,411181
1.7107,0.1515,40.0600,77,98,411184
1.7449,0.1564,40.0600,77,98,411187
1.7204,0.1515,40.1000,77,98,411191
1.7742,0.1711,39.8600,77,98,411194
1.7449,0.1613,40.0000,77,98,411197
1.7302,0.1466,40.3000,77,98,411201
1.7253,0.1564,40.0600,77,98,411204
1.7253,0.1515,40.0000,77,98,411207
1.7644,0.1662,39.9600,77,98,411211
1.7400,0.1564,40.0300,77,98,411214
1.7449,0.1564,39.9600,77,98,411217
1.7351,0.1564,40.1000,77,98,411220
1.7400,0.1515,40.1000,77,98,411225
1.7644,0.1515,39.7700,77,98,411228
1.7204,0.1515,40.0600,77,98,411231
1.7498,0.1564,39.9300,77,98,411235
1.7204,0.1515,40.1300,77,98,411238
1.7351,0.1515,40.1000,77,98,411241
1.7400,0.1515,40.0300,77,98,411245
1.7400,0.1515,40.1000,77,98,411248
1.7693,0.1564,39.9300,77,98,411251
1.7400,0.1564,40.0600,77,98,411254
1.7449,0.1515,39.8000,77,98,411258
1.7595,0.1564,39.9600,77,98,411261
1.7351,0.1564,40.1000,77,98,411265
1.7595,0.1515,39.8900,77,98,411269
1.7253,0.1515,40.1000,77,98,411272
1.7253,0.1515,40.1600,77,98,411275
1.7351,0.1564,40.0300,77,98,411279
1.7204,0.1564,40.0600,77,98,411283
1.7204,0.1515,40.1000,77,98,411287
1.7644,0.1613,39.8900,77,98,411290
1.7351,0.1515,40.0600,77,98,411293
1.7498,0.1515,39.9300,77,98,411297
1.7351,0.1564,40.1000,77,98,411300
1.7400,0.1466,40.1300,77,98,411303
1.7644,0.1564,39.9600,77,98,411307
1.7498,0.1564,40.0600,77,98,411311
1.7742,0.1515,40.0300,77,98,411314
1.7546,0.1662,40.0600,77,98,411317
1.7693,0.1515,40.1000,77,98,411321
1.8035,0.1515,39.1200,77,98,411324
1.8426,0.1515,40.0600,77,98,411327
1.9306,0.1564,39.9600,77,98,411331
1.9892,0.1515,40.0600,77,98,411334
2.0870,0.1515,40.0600,77,98,411337
2.2043,0.1564,40.0000,77,98,411340
2.2874,0.1515,40.2000,77,98,411344
2.4536,0.1564,39.8600,77,98,411347
2.5709,0.1564,39.9600,77,98,411351
2.6686,0.1515,40.1600,77,98,411355
2.7175,0.1564,40.0300,77,98,411358
2.5611,0.1564,40.1300,77,98,411361
2.3754,0.1613,39.8600,77,98,411365
2.0479,0.1564,40.0600,77,98,411368
1.8133,0.1466,40.2000,77,98,411371
1.6813,0.1613,40.0600,77,98,411375
1.6178,0.1417,40.1000,77,98,411378
1.6667,0.1662,39.8300,77,98,411381
1.6667,0.1564,39.9600,77,98,411384
1.6862,0.1466,40.0600,77,98,411388
1.7058,0.1515,40.0300,77,98,411392
1.7204,0.1564,40.1000,77,98,411395
1.7644,0.1662,39.9300,77,98,411399
1.7302,0.1515,40.0300,77,98,411402
1.7302,0.1417,39.9600,77,98,411405
1.7155,0.1515,40.1300,77,98,411409
1.7204,0.1515,40.0600,77,98,411412
1.7595,0.1515,39.9600,77,98,411415
1.7302,0.1613,40.0600,77,98,411418
1.7595,0.1564,39.9300,77,98,411422
1.7351,0.1515,40.0000,77,98,411425
1.7449,0.1466,40.0600,77,98,411428
1.7644,0.1564,40.0600,77,98,411432
1.7546,0.1515,40.1000,77,98,411436
1.7791,0.1564,39.9600,77,98,411439
1.7546,0.1515,40.1000,77,98,411443
1.7595,0.1515,40.0600,77,98,411446
1.7791,0.1564,39.9600,77,98,411449
1.7693,0.1515,40.0600,77,98,411452
1.7986,0.1515,40.0600,77,98,411456
1.7693,0.1515,40.1000,77,98,411459
1.7791,0.1515,39.1900,77,98,411462
1.7986,0.1564,40.0300,77,98,411466
1.7937,0.1515,40.1300,77,98,411469
1.8426,0.1662,39.8300,77,98,411472
1.8231,0.1515,40.0600,77,98,411476
1.8133,0.1662,40.1300,77,98,411480
1.8231,0.1515,40.1000,77,98,411483
1.8231,0.1662,40.1000,77,98,411487
1.8817,0.1662,39.8600,77,98,411490
1.8377,0.1613,40.0300,77,98,411493
1.8426,0.1466,40.0300,77,98,411497
1.8475,0.1515,40.0600,77,98,411500
1.8426,0.1564,40.1000,77,98,411503
1.8915,0.1613,39.9300,77,98,411506
1.8719,0.1564,40.1000,77,98,411510
1.8768,0.1564,39.9600,77,98,411513
1.8671,0.1564,40.1000,77,98,411516
1.8915,0.1564,40.1000,77,98,411521
1.9110,0.1613,40.0300,77,98,411524
1.9062,0.1515,40.0600,77,98,411527
1.9404,0.1613,39.9600,77,98,411531
1.9257,0.1515,40.1300,77,98,411534
1.9697,0.1515,40.1000,77,98,411537
1.9746,0.1515,40.0300,77,98,411541
1.9501,0.1613,40.0300,77,98,411544
1.9892,0.1564,39.9300,77,98,411547
1.9648,0.1515,40.0300,77,98,411550
1.9648,0.1515,40.0300,77,98,411554
1.9844,0.1515,40.0300,77,98,411557
1.9795,0.1515,40.0600,77,98,411560
2.0283,0.1564,39.8600,77,98,411565
1.9941,0.1515,40.0600,77,98,411568
1.9990,0.1515,40.0600,77,98,411571
2.0235,0.1613,40.0600,77,98,411575
2.0039,0.1515,40.0600,77,98,411578
2.0577,0.1564,39.8300,77,98,411581
2.0088,0.1515,39.8000,77,98,411584
2.0088,0.1417,40.0600,77,98,411588
2.0088,0.1564,40.0300,77,98,411591
1.9941,0.1515,40.0600,77,98,411594
2.0479,0.1808,39.8600,77,98,411598
1.9990,0.1711,39.9600,77,98,411601
1.9892,0.1466,40.1300,77,98,411604
1.9697,0.1515,40.0300,77,98,411608
1.9599,0.1417,40.1000,77,98,411612
1.9941,0.1515,39.9600,77,98,411615
1.9355,0.1564,40.0300,77,98,411618
1.9355,0.1564,39.9300,77,98,411622
1.9013,0.1613,40.0600,77,98,411625
1.8768,0.1515,40.0600,77,98,411628
1.8866,0.1515,40.0000,77,98,411632
1.8524,0.1515,40.0300,77,98,411635
1.8475,0.1662,39.9600,77,98,411638
1.7986,0.1515,40.2300,77,98,411642
1.8084,0.1515,40.0600,77,98,411645
1.7742,0.1564,40.0000,77,98,411649
1.7498,0.1515,40.0600,77,98,411652
1.7644,0.1564,40.0000,77,98,411656
1.7253,0.1564,40.1600,77,98,411659
1.7155,0.1515,40.0600,77,98,411662
1.7302,0.1613,39.9600,77,98,411666
1.6960,0.1515,40.0600,77,98,411669
1.7155,0.1564,39.8600,77,98,411672
1.6960,0.1564,40.0000,77,98,411676
1.6862,0.1515,40.3000,77,98,411679
1.7009,0.1564,40.0300,77,98,411682
1.6960,0.1515,40.0600,77,98,411685
1.7351,0.1564,39.8600,77,98,411689
1.7107,0.1515,40.0300,77,98,411693
1.6960,0.1466,40.1000,77,98,411696
1.7058,0.1564,40.0600,77,98,411700
1.6960,0.1613,40.0600,77,98,411703
1.7400,0.1613,39.7700,77,98,411706
1.7204,0.1515,39.9600,77,98,411710
1.7155,0.1417,40.0600,77,98,411713
1.7253,0.1515,40.0300,77,98,411716
1.7204,0.1564,40.1000,77,98,411720
1.7742,0.1662,39.9300,77,98,411723
1.7546,0.1564,40.0600,77,98,411726
1.7546,0.1466,40.0000,77,98,411729
1.7546,0.1515,40.2000,77,98,411734
1.7595,0.1466,40.0600,77,98,411737
1.7937,0.1613,39.9300,77,98,411740
1.7644,0.1466,40.0600,77,98,411744
1.7840,0.1564,39.9300,77,98,411747
1.7742,0.1515,40.3000,77,98,411750
1.7742,0.1515,40.0600,77,98,411754
1.7937,0.1564,40.0300,77,98,411757
1.7889,0.1515,39.2200,77,98,411760
1.8133,0.1857,40.0000,77,98,411763
1.7840,0.1515,40.0600,77,98,411767
1.7889,0.1515,40.1300,77,98,411770
1.8182,0.1564,39.9600,77,98,411773
1.7986,0.1515,40.1000,77,98,411778
1.8328,0.1564,39.8600,77,98,411781
1.8084,0.1515,40.1300,77,98,411784
1.8133,0.1515,40.0600,77,98,411788
1.8377,0.1613,40.0300,77,98,411791
1.8133,0.1515,40.0300,77,98,411794
1.8817,0.1564,39.8600,77,98,411798
1.8328,0.1515,39.9600,77,98,411801
1.8182,0.1760,40.1000,77,98,411804
1.8280,0.1515,40.0600,77,98,411807
1.8280,0.1613,40.1000,77,98,411811
1.8866,0.1760,39.8600,77,98,411814
1.8328,0.1906,40.0300,77,98,411817
1.8231,0.1515,40.0300,77,98,411822
1.8182,0.1564,40.0600,77,98,411825
1.8133,0.1711,40.0600,77,98,411828
1.8573,0.1613,39.9300,77,98,411832
1.8280,0.1564,40.0600,77,98,411835
1.8280,0.1564,39.9600,77,98,411838
1.8084,0.1564,40.0600,77,98,411842
1.8035,0.1760,40.0600,77,98,411845
1.8280,0.1613,40.0300,77,98,411848
1.8035,0.1515,40.0300,77,98,411851
1.8231,0.1613,39.9600,77,98,411855
1.7937,0.1515,40.1600,77,98,411858
1.7986,0.1515,40.1000,77,98,411862
1.8231,0.1613,39.9600,77,98,411866
1.8133,0.1564,40.0600,77,98,411869
1.8280,0.1515,39.8900,77,98,411872
1.8035,0.1515,40.0000,77,98,411876
1.8084,0.1466,40.0600,77,98,411879
1.8084,0.1515,40.1600,77,98,411882
1.7986,0.1515,40.1000,77,98,411886
1.8328,0.1564,39.8600,77,98,411889
1.8426,0.1711,39.8600,77,98,411894
1.8084,0.1662,40.0000,77,98,411897
1.7986,0.1466,40.0300,77,98,411900
1.7986,0.1515,40.1000,77,98,411904
1.7986,0.1466,40.1000,77,98,411908
1.8426,0.1515,40.0300,77,98,411911
1.8182,0.1515,40.0600,77,98,411914
1.8377,0.1564,40.0000,77,98,411918
1.8084,0.1515,40.2000,77,98,411921
1.8133,0.1613,40.0600,77,98,411924
1.8475,0.1613,39.8900,77,98,411928
1.8182,0.1760,40.0600,77,98,411931
1.8377,0.1564,39.9300,77,98,411934
1.8084,0.1515,40.0600,77,98,411938
1.8084,0.1515,40.0600,77,98,411941
1.8231,0.1564,40.0000,77,98,411944
1.8182,0.1515,40.0600,77,98,411948
1.8475,0.1613,39.8600,77,98,411952
1.8231,0.1515,40.0300,77,98,411955
1.8426,0.1515,40.0600,77,98,411958
1.8671,0.1564,39.9300,77,98,411962
1.8475,0.1515,40.2000,77,98,411965
1.8817,0.1564,39.8600,77,98,411968
1.8475,0.1466,40.1600,77,98,411972
1.8524,0.1564,40.1000,77,98,411975
1.8719,0.1564,40.0300,77,98,411978
1.8573,0.1760,40.1000,77,98,411982
1.9159,0.1613,39.8000,77,98,411985
1.8768,0.1564,39.9600,77,98,411988
1.8622,0.1564,40.0600,77,98,411992
1.8573,0.1515,40.1600,77,98,411996
1.8426,0.1564,40.1000,77,98,411999
1.8964,0.1711,39.9600,77,98,412002
1.8524,0.1564,40.0300,77,98,412006
1.8622,0.1515,40.0000,77,98,412009
1.8573,0.1515,40.0000,77,98,412012
1.8573,0.1515,40.1000,77,98,412016
1.8866,0.1613,40.0300,77,98,412019
1.8671,0.1515,40.0300,77,98,412022
1.8719,0.1564,39.9600,77,98,412026
1.8328,0.1564,40.1000,77,98,412029
1.8328,0.1466,40.2300,77,98,412033
1.8475,0.1564,40.0000,77,98,412036
1.8280,0.1515,40.0600,77,98,412040
1.8475,0.1466,39.9300,77,98,412043
1.8133,0.1564,40.1300,77,98,412046
1.8084,0.1564,40.1000,77,98,412050
1.8426,0.1613,39.9600,77,98,412053
1.8084,0.1515,40.0600,77,98,412056
1.8524,0.1564,39.9300,77,98,412060
1.8182,0.1515,39.9600,77,98,412063
1.8133,0.1466,40.1000,77,98,412066
1.8328,0.1515,39.1200,77,98,412070
1.8231,0.1515,40.0600,77,98,412073
1.8671,0.1564,39.8300,77,98,412077
1.8231,0.1515,40.1000,77,98,412080
1.8328,0.1515,40.1300,77,98,412084
1.8377,0.1613,40.1000,77,98,412087
1.8182,0.1564,40.1300,77,98,412090
1.8817,0.1711,39.8600,77,98,412094
1.8426,0.1613,40.0000,77,98,412097
1.8524,0.1466,40.1600,77,98,412100
1.8964,0.1564,40.0600,77,98,412104
1.9208,0.1515,40.1000,77,98,412107
2.0430,0.2199,39.9600,77,98,412110
2.1017,0.1564,40.0600,77,98,412114
2.2092,0.1564,40.0000,77,98,412118
2.2874,0.1955,40.0600,77,98,412121
2.4145,0.1515,40.0600,77,98,412124
2.5806,0.1515,39.9300,77,98,412128
2.6637,0.1857,40.0600,77,98,412131
2.7761,0.1564,39.9600,77,98,412134
2.6784,0.1515,39.2800,77,98,412138
2.4731,0.1515,40.1000,77,98,412141
2.2287,0.1564,40.0300,77,98,412144
1.9501,0.1515,40.1000,77,98,412148
1.7742,0.1564,39.9600,77,98,412151
1.6520,0.1515,40.0600,77,98,412154
1.6373,0.1515,40.1300,77,98,412157
1.6716,0.1564,39.8900,77,98,412162
1.6911,0.1515,40.3300,77,98,412165
1.7498,0.1613,39.8600,77,98,412168
1.7351,0.1515,40.0300,77,98,412172
1.7498,0.1564,40.1000,77,98,412175
1.7644,0.1564,40.0300,77,98,412178
1.7546,0.1564,40.0600,77,98,412182
1.8084,0.1613,39.8300,77,98,412185
1.7791,0.1564,40.1000,77,98,412188
1.7644,0.1564,40.1000,77,98,412192
1.7742,0.1515,40.1000,77,98,412195
1.7791,0.1564,40.0600,77,98,412198
1.8328,0.1711,39.8600,77,98,412203
1.7840,0.1955,40.1000,77,98,412206
1.7840,0.1417,40.0300,77,98,412209
1.7840,0.1564,40.0600,77,98,412212
1.7889,0.1515,40.1000,77,98,412216
1.8328,0.1662,39.9600,77,98,412219
1.8182,0.1564,40.1300,77,98,412222
1.8280,0.1515,39.9300,77,98,412226
1.8280,0.1564,40.0600,77,98,412229
1.8133,0.1564,40.1000,77,98,412232
1.8328,0.1808,40.0300,77,98,412236
1.8133,0.1564,40.0600,77,98,412239
1.8377,0.1564,39.9600,77,98,412242
1.8133,0.1857,40.0300,77,98,412246
1.8426,0.1564,40.1000,77,98,412250
1.8622,0.1515,39.9600,77,98,412253
1.8573,0.1613,40.0600,77,98,412256
1.8671,0.1564,39.9600,77,98,412260
1.8426,0.1515,40.1000,77,98,412263
1.8524,0.1515,40.1000,77,98,412266
1.8622,0.1564,40.0300,77,98,412270
1.8719,0.1564,40.0600,77,98,412273
1.9013,0.1564,39.8600,77,98,412276
1.8719,0.1515,39.9600,77,98,412279
1.8768,0.1320,40.1000,77,98,412283
1.9013,0.1515,40.0300,77,98,412286
1.8866,0.1515,40.0600,77,98,412290
1.9550,0.1564,39.8300,77,98,412294
1.9062,0.1515,40.0000,77,98,412297
1.9159,0.1564,40.0600,77,98,412300
1.9257,0.1564,40.0600,77,98,412304
1.9257,0.1515,40.0600,77,98,412307
1.9990,0.1711,39.8600,77,98,412310
1.9648,0.1515,40.0300,77,98,412314
1.9648,0.1515,39.2200,77,98,412317
1.9746,0.1564,40.1000,77,98,412320
1.9795,0.1515,39.7300,77,98,412323
2.0235,0.1564,39.8900,77,98,412327
1.9990,0.1564,40.1600,77,98,412331
2.0235,0.1613,40.0300,77,98,412334
2.0137,0.1564,40.0600,77,98,412338
2.0186,0.1564,40.0600,77,98,412341
2.0479,0.1613,40.0000,77,98,412344
2.0332,0.1613,40.1000,77,98,412348
2.0577,0.1564,39.9300,77,98,412351
2.0235,0.1564,40.1000,77,98,412354
2.0283,0.1760,40.1000,77,98,412357
2.0577,0.1564,39.9600,77,98,412361
2.0283,0.1515,40.0600,77,98,412364
2.0577,0.1515,39.9600,77,98,412367
2.0332,0.1417,40.1000,77,98,412371
2.0283,0.1515,40.1000,77,98,412375
2.0430,0.1613,39.9600,77,98,412378
2.0088,0.1662,40.0600,77,98,412382
2.0381,0.1564,39.8900,77,98,412385
2.0137,0.1564,39.9600,77,98,412388
1.9795,0.1515,40.1000,77,98,412391
1.9892,0.1564,40.0300,77,98,412395
1.9501,0.1515,40.1000,77,98,412398
1.9795,0.1613,39.8600,77,98,412401
1.9159,0.1564,40.0600,77,98,412405
1.9013,0.1564,40.1000,77,98,412408
1.8964,0.1613,40.1000,77,98,412411
1.8671,0.1564,40.0600,77,98,412416
1.8915,0.1662,39.9600,77,98,412419
1.8328,0.1564,39.9300,77,98,412422
1.8035,0.1466,40.0600,77,98,412425
1.7937,0.1564,40.1000,77,98,412429
1.7840,0.1564,40.1300,77,98,412432
1.7986,0.1662,39.6700,77,98,412435
1.7791,0.1564,40.0300,77,98,412439
1.7449,0.1564,40.0000,77,98,412442
1.7253,0.1564,40.0600,77,98,412445
1.7302,0.1515,40.1000,77,98,412449
1.7498,0.1613,40.0300,77,98,412452
1.7253,0.1564,40.0600,77,98,412455
1.7400,0.1515,39.9600,77,98,412460
1.7155,0.1515,40.1600,77,98,412463
1.7155,0.1515,40.1000,77,98,412466
1.7400,0.1564,40.0000,77,98,412469
1.7253,0.1466,40.1000,77,98,412473
1.7400,0.1564,39.9300,77,98,412476
1.7204,0.1515,40.0600,77,98,412479
1.7253,0.1515,40.1600,77,98,412483
1.7400,0.1564,39.9300,77,98,412486
1.7302,0.1515,40.1600,77,98,412489
1.7595,0.1808,39.8600,77,98,412493
1.7351,0.1515,40.1000,77,98,412496
1.7449,0.1515,40.1000,77,98,412499
1.7693,0.1613,40.0000,77,98,412503
1.7644,0.1564,40.0600,77,98,412508
1.7742,0.1515,40.0600,77,98,412511
1.8280,0.1662,39.8900,77,98,412515
1.7937,0.1515,40.0600,77,98,412518
1.8035,0.1515,40.0000,77,98,412521
1.7986,0.1613,40.0600,77,98,412525
1.8035,0.1564,40.0600,77,98,412528
1.8426,0.1613,40.3600,77,98,412531
1.8426,0.1613,40.0300,77,98,412535
1.8475,0.1564,39.7300,77,98,412538
1.8426,0.1662,40.1000,77,98,412541
1.8328,0.1515,40.1300,77,98,412546
1.8524,0.1515,40.0300,77,98,412549
1.8426,0.1564,40.1000,77,98,412552
1.8719,0.1564,40.0300,77,98,412555
1.8377,0.1564,40.1300,77,98,412559
1.8475,0.1515,40.1000,77,98,412562
1.8719,0.1808,40.0300,77,98,412565
1.8524,0.1564,40.1300,77,98,412569
1.8817,0.1564,40.0300,77,98,412572
1.8573,0.1613,39.9600,77,98,412575
1.8426,0.1564,40.1000,77,98,412579
1.8671,0.1564,40.0600,77,98,412582
1.8377,0.1564,40.0600,77,98,412585
1.8817,0.1613,40.3000,77,98,412590
1.8622,0.1564,40.0300,77,98,412593
1.8426,0.1515,40.1000,77,98,412596
1.8524,0.1613,39.6700,77,98,412599
1.8328,0.1564,40.1000,77,98,412603
1.8866,0.1662,39.8300,77,98,412606
1.8475,0.1662,39.9600,77,98,412609
1.8377,0.1515,40.0300,77,98,412613
1.8377,0.1760,40.1000,77,98,412616
1.8377,0.1564,40.1300,77,98,412619
1.8817,0.1711,39.9300,77,98,412623
1.8524,0.1564,40.0300,77,98,412626
1.8524,0.1564,40.0000,77,98,412630
1.8280,0.1564,40.1000,77,98,412634
1.8328,0.1564,40.0600,77,98,412637
1.8573,0.1613,39.8900,77,98,412640
1.8231,0.1515,40.0600,77,98,412643
1.8475,0.1564,39.9600,77,98,412647
1.8328,0.1564,40.1000,77,98,412650
1.8231,0.1564,40.1300,77,98,412653
1.8377,0.1613,40.0000,77,98,412657
1.8231,0.1564,40.0600,77,98,412660
1.8573,0.1564,39.9600,77,98,412663
1.8280,0.1564,40.0300,77,98,412667
1.8280,0.1564,40.1000,77,98,412670
1.8524,0.1564,39.8600,77,98,412674
1.8280,0.1564,40.1000,77,98,412677
1.8622,0.1564,39.8900,77,98,412681
1.8280,0.1515,40.3300,77,98,412684
1.8328,0.1564,40.0600,77,98,412687
1.8524,0.1515,40.0000,77,98,412691
1.8328,0.1564,40.1300,77,98,412694
1.8768,0.1613,39.8300,77,98,412697
1.8475,0.1564,39.9300,77,98,412701
1.8231,0.1564,40.1000,77,98,412704
1.8231,0.1564,40.0300,77,98,412707
1.8231,0.1564,40.1000,77,98,412711
1.8866,0.1711,39.8600,77,98,412715
1.8475,0.1564,40.0300,77,98,412718
1.8671,0.1515,40.0300,77,98,412721
1.8719,0.1613,40.1000,77,98,412725
1.8671,0.1564,40.1300,77,98,412728
1.9062,0.1662,39.9600,77,98,412731
1.8719,0.1564,40.0300,77,98,412735
1.8915,0.1564,39.9600,77,98,412738
1.8768,0.1564,40.1300,77,98,412741
1.8866,0.1564,40.1000,77,98,412745
1.9110,0.1613,40.0300,77,98,412748
1.8964,0.1662,40.0600,77,98,412751
1.9208,0.1613,39.9600,77,98,412755
1.8817,0.1613,40.1300,77,98,412759
1.8768,0.1564,40.0300,77,98,412762
1.8964,0.1613,39.8300,77,98,412765
1.8719,0.1564,40.0600,77,98,412769
1.8964,0.1564,39.6000,77,98,412772
1.8817,0.1564,40.0000,77,98,412775
1.8817,0.1564,40.1000,77,98,412779
1.8915,0.1662,40.0300,77,98,412782
1.8817,0.1564,40.1300,77,98,412785
1.9110,0.1613,40.0000,77,98,412789
1.8622,0.1564,40.0600,77,98,412792
1.8524,0.1564,40.1300,77,98,412795
1.8622,0.1613,40.0300,77,98,412800
1.8280,0.1564,40.1000,77,98,412803
1.8768,0.1662,39.8000,77,98,412806
1.8328,0.1662,39.9300,77,98,412809
1.8280,0.1515,40.1000,77,98,412813
1.8328,0.1564,40.0600,77,98,412816
1.8280,0.1564,40.1000,77,98,412819
1.8866,0.1711,39.8900,77,98,412823
1.8475,0.1613,40.0600,77,98,412826
1.8426,0.1564,40.0000,77,98,412829
1.8328,0.1564,40.0600,77,98,412833
1.8573,0.1564,40.0600,77,98,412836
1.8671,0.1515,39.9600,77,98,412839
1.8377,0.1564,40.0600,77,98,412844
1.8524,0.1564,39.9300,77,98,412847
1.8328,0.1564,40.0600,77,98,412850
1.8328,0.1564,40.1300,77,98,412853
1.8573,0.1613,40.0300,77,98,412857
1.8475,0.1564,40.0600,77,98,412860
1.8817,0.1613,40.0000,77,98,412863
1.8573,0.1564,40.3000,77,98,412867
1.8768,0.1515,40.1300,77,98,412870
1.9355,0.1564,39.9600,77,98,412873
1.9941,0.1515,40.1000,77,98,412877
2.1114,0.1613,39.8900,77,98,412880
2.1848,0.1515,40.1000,77,98,412883
2.2825,0.1515,40.2000,77,98,412887
2.4194,0.1564,40.0300,77,98,412891
2.5220,0.1515,40.0000,77,98,412894
2.7175,0.1662,39.8600,77,98,412897
2.7713,0.1613,40.0600,77,98,412901
2.6979,0.1515,40.1000,77,98,412904
2.5122,0.1613,40.1000,77,98,412907
2.2434,0.1515,39.4800,77,98,412911
2.0626,0.1711,39.8300,77,98,412914
1.7546,0.1564,40.0600,77,98,412917
1.6325,0.1662,40.1000,77,98,412921
1.6031,0.1564,40.1000,77,98,412924
1.6227,0.1564,40.0600,77,98,412928
1.7204,0.1613,39.8900,77,98,412931
1.7253,0.1515,40.1600,77,98,412935
1.7498,0.1711,40.0000,77,98,412938
1.7546,0.1515,40.1000,77,98,412941
1.7644,0.1564,40.1000,77,98,412945
1.7986,0.1613,40.0300,77,98,412948
1.7791,0.1564,40.0300,77,98,412951
1.7986,0.1613,39.9300,77,98,412955
1.7791,0.1564,40.0600,77,98,412958
1.7840,0.1564,40.1000,77,98,412961
1.8182,0.1613,39.9600,77,98,412965
1.7889,0.1564,40.1000,77,98,412968
1.8280,0.1564,39.9300,77,98,412972
1.7986,0.1515,40.0300,77,98,412975
1.8035,0.1515,40.1300,77,98,412979
1.8182,0.1515,40.0300,77,98,412982
1.8084,0.1515,40.3300,77,98,412985
1.8426,0.1662,39.8600,77,98,412989
1.8133,0.1515,40.0600,77,98,412992
1.8231,0.1711,40.0600,77,98,412995
1.8426,0.1613,40.0000,77,98,412999
1.8280,0.1515,40.1000,77,98,413002
1.8719,0.1906,39.8300,77,98,413005
1.8328,0.1515,40.1300,77,98,413009
1.8377,0.1906,40.1000,77,98,413012
1.8475,0.1515,40.0300,77,98,413016
1.8426,0.1515,40.0000,77,98,413019
1.9013,0.1760,39.8300,77,98,413023
1.8622,0.1662,40.0000,77,98,413026
1.8622,0.1515,40.0000,77,98,413029
1.8671,0.1564,40.0600,77,98,413033
1.8719,0.1515,40.1000,77,98,413036
1.9159,0.1808,39.8900,77,98,413039
1.8915,0.1515,40.0600,77,98,413043
1.9110,0.1564,40.1300,77,98,413046
1.9013,0.1613,40.1000,77,98,413049
1.9013,0.1564,40.1000,77,98,413052
1.9355,0.1613,40.0000,77,98,413057
1.9208,0.1613,40.0300,77,98,413060
1.9453,0.1613,40.0000,77,98,413063
1.9159,0.1564,40.0600,77,98,413067
1.9355,0.1564,40.0600,77,98,413070
1.9453,0.1564,40.1000,77,98,413073
1.9355,0.1564,40.0600,77,98,413077
1.9892,0.1564,39.9300,77,98,413080
1.9453,0.1515,40.0600,77,98,413083
1.9599,0.1613,40.0600,77,98,413087
1.9892,0.1515,40.0300,77,98,413090
1.9746,0.1515,40.1000,77,98,413093
2.0235,0.1564,39.8900,77,98,413096
1.9990,0.1564,40.0600,77,98,413101
1.9892,0.1515,40.0300,77,98,413104
2.0088,0.1613,40.0300,77,98,413107
2.0039,0.1564,40.1000,77,98,413111
2.0577,0.1613,40.0600,77,98,413114
2.0479,0.1711,39.2200,77,98,413119
2.0186,0.1564,40.0000,77,98,413122
2.0283,0.1564,40.0300,77,98,413125
1.9892,0.1564,40.1000,77,98,413129
1.9844,0.1564,40.0600,77,98,413132
2.0088,0.1662,40.0000,77,98,413135
1.9795,0.1564,40.0600,77,98,413138
1.9844,0.1564,40.3000,77,98,413143
1.9453,0.1564,40.1000,77,98,413146
1.9355,0.1564,40.0000,77,98,413149
1.9550,0.1760,39.9600,77,98,413153
1.9110,0.1515,40.1000,77,98,413156
1.9208,0.1662,39.9300,77,98,413159
1.8964,0.1564,40.1000,77,98,413163
1.8524,0.1515,40.1000,77,98,413166
1.8768,0.1613,40.0600,77,98,413169
1.8182,0.1564,40.0600,77,98,413172
1.8182,0.1564,39.3800,77,98,413176
1.7742,0.1662,40.0600,77,98,413179
1.7644,0.1515,40.1000,77,98,413182
1.7693,0.1711,39.9600,77,98,413187
1.7351,0.1564,40.1300,77,98,413190
1.7644,0.1515,40.0000,77,98,413193
1.7155,0.1564,40.0300,77,98,413197
1.7155,0.1515,40.0600,77,98,413200
1.7155,0.1613,40.0600,77,98,413203
1.7009,0.1564,40.0300,77,98,413207
1.7449,0.1662,39.9300,77,98,413210
1.7107,0.1662,40.0000,77,98,413213
1.6960,0.1564,40.0600,77,98,413216
1.7009,0.1466,40.1000,77,98,413220
1.7009,0.1564,40.1000,77,98,413223
1.7449,0.1711,39.9600,77,98,413227
1.7058,0.1564,40.0300,77,98,413231
1.7204,0.1564,40.0000,77,98,413234
1.7155,0.1564,40.0600,77,98,413237
1.7155,0.1564,40.0600,77,98,413241
1.7742,0.1613,39.9600,77,98,413244
1.7351,0.1515,40.0600,77,98,413247
1.7498,0.1613,39.9300,77,98,413250
1.7351,0.1515,40.1000,77,98,413254
1.7302,0.1808,40.0600,77,98,413257
1.7644,0.1613,40.0000,77,98,413260
1.7351,0.1564,40.0300,77,98,413264
1.7693,0.1613,39.8900,77,98,413267
1.7498,0.1564,40.0600,77,98,413271
1.7595,0.1515,40.1600,77,98,413275
1.8035,0.1613,39.9300,77,98,413278
1.7644,0.1564,40.1300,77,98,413281
1.7937,0.1564,39.8900,77,98,413285
1.7791,0.1564,40.0000,77,98,413288
1.7693,0.1515,40.3000,77,98,413291
1.7840,0.1613,40.0300,77,98,413294
1.7791,0.1515,40.3300,77,98,413298
1.8182,0.1662,39.8300,77,98,413301
1.7840,0.1564,40.0300,77,98,413304
1.7840,0.1613,40.1000,77,98,413308
1.8133,0.1613,40.0300,77,98,413312
1.7937,0.1564,40.0600,77,98,413315
1.8524,0.1711,39.8300,77,98,413319
1.8182,0.1808,40.1000,77,98,413322
1.8182,0.1564,40.0300,77,98,413325
1.8182,0.1613,40.0600,77,98,413329
1.8133,0.1613,40.1000,77,98,413332
1.8573,0.1515,40.0300,77,98,413335
1.8280,0.1662,40.0000,77,98,413338
1.8280,0.1564,39.9600,77,98,413342
1.8133,0.1564,40.1300,77,98,413345
1.8182,0.1564,40.1000,77,98,413348
1.8475,0.1662,39.9600,77,98,413352
1.8182,0.1662,40.0600,77,98,413356
1.8377,0.1613,39.8300,77,98,413359
1.8231,0.1564,40.3000,77,98,413363
1.8377,0.1613,40.0600,77,98,413366
1.8377,0.1613,40.1000,77,98,413369
1.8328,0.1564,40.1000,77,98,413373
1.8622,0.1564,39.9300,77,98,413376
1.8426,0.1564,40.0300,77,98,413379
1.8622,0.1564,40.0600,77,98,413382
1.8964,0.1613,39.9600,77,98,413386
1.9013,0.1564,40.0600,77,98,413389
2.0186,0.1662,39.8600,77,98,413392
2.0137,0.1564,40.0600,77,98,413396
2.1065,0.1515,40.0600,77,98,413400
2.2630,0.1613,40.1000,77,98,413403
2.3363,0.1515,40.1300,77,98,413407
2.5220,0.1613,39.8900,77,98,413410
2.5953,0.1613,39.9600,77,98,413413
2.6588,0.1564,40.1000,77,98,413416
2.7273,0.1564,40.0600,77,98,413420
2.7615,0.1564,40.2000,77,98,413423
2.8641,0.1760,39.8900,77,98,413426
2.8201,0.1515,40.0300,77,98,413430
2.8397,0.1515,40.0300,77,98,413433
2.8739,0.1613,40.0600,77,98,413436
2.9179,0.1564,40.1000,77,98,413441
3.0352,0.1662,39.9600,77,98,413444
3.0841,0.1613,40.0300,77,98,413447
3.1672,0.1515,40.0000,77,98,413451
3.2014,0.1564,40.1000,77,98,413454
3.2796,0.1564,40.1000,77,98,413457
3.4115,0.1613,40.0000,77,98,413460
3.5093,0.1613,40.0600,77,98,413464
3.7146,0.1613,39.9300,77,98,413467
3.7732,0.1808,40.0600,77,98,413470
3.8759,0.1564,40.0600,77,98,413474
3.9785,0.1662,39.9600,77,98,413477
3.8074,0.1662,40.1000,77,98,413480
3.5875,0.1564,39.9300,77,98,413485
3.1965,0.1515,40.0300,77,98,413488
2.8152,0.1564,40.0300,77,98,413491
2.4536,0.1613,40.0300,77,98,413494
2.0381,0.1564,40.3000,77,98,413498
1.6764,0.1613,39.8900,77,98,413501
1.3294,0.1564,40.0600,77,98,413504
1.0899,0.1515,40.0300,77,98,413508
0.9677,0.1613,40.0000,77,98,413511
0.8456,0.1564,40.1000,77,98,413514
0.7820,0.1662,39.8300,77,98,413518
0.7038,0.1662,40.0300,77,98,413521
0.6891,0.1564,40.1300,77,98,413524
0.6647,0.1613,40.0600,77,98,413528
0.6647,0.1613,40.0300,77,98,413532
0.6989,0.1906,39.8300,77,98,413535
0.7038,0.1613,39.9600,77,98,413538
0.7185,0.1564,40.0300,77,98,413542
0.7478,0.1711,40.1000,77,98,413545
0.7771,0.1613,40.0600,77,98,413548
0.8162,0.1711,39.8900,77,98,413552
0.8065,0.1662,40.0300,77,98,413555
0.8162,0.1564,40.0000,77,98,413558
0.8162,0.1515,40.0600,77,98,413561
0.8407,0.1564,40.1000,77,98,413565
0.8700,0.1906,39.9600,77,98,413569
0.8749,0.1613,40.0600,77,98,413572
0.8993,0.1564,39.9600,77,98,413576
0.9042,0.1564,40.1300,77,98,413579
0.9238,0.1564,40.1000,77,98,413582
0.9580,0.1613,40.0600,77,98,413585
0.9531,0.1564,40.1000,77,98,413589
0.9775,0.1613,39.9600,77,98,413592
0.9677,0.1662,40.1000,77,98,413595
0.9775,0.1564,40.0600,77,98,413599
1.0068,0.1662,39.9300,77,98,413602
0.9824,0.1564,40.0600,77,98,413605
1.0020,0.1906,39.9300,77,98,413609
0.9922,0.1564,40.0000,77,98,413613
0.9824,0.1564,40.0600,77,98,413616
0.9922,0.1613,40.0000,77,98,413619
0.9824,0.1711,40.0600,77,98,413623
0.9971,0.1564,39.8900,77,98,413626
0.9775,0.1564,40.0600,77,98,413629
0.9775,0.1564,40.0300,77,98,413633
0.9873,0.1711,40.0300,77,98,413636
0.9726,0.1564,40.1000,77,98,413639
0.9971,0.1613,39.8600,77,98,413642
0.9775,0.1564,40.0300,77,98,413646
0.9873,0.1564,40.1000,77,98,413649
0.9922,0.1613,40.0600,77,98,413652
1.0068,0.1466,40.1000,77,98,413657
1.0508,0.1662,39.8000,77,98,413660
1.0508,0.1613,40.0000,77,98,413663
1.0606,0.1564,40.1000,77,98,413667
1.0899,0.1564,40.0600,77,98,413670
1.1193,0.1515,40.0600,77,98,413673
1.1926,0.1711,39.8900,77,98,413676
1.1926,0.1711,40.0600,77,98,413680
1.2317,0.1564,40.0300,77,98,413683
1.2805,0.1613,40.0600,77,98,413686
1.3245,0.1515,40.1000,77,98,413690
1.4027,0.1760,39.9600,77,98,413693
1.4418,0.1613,40.0300,77,98,413697
1.5005,0.1564,40.0000,77,98,413701
1.5396,0.1564,40.1000,77,98,413704
1.5982,0.1515,40.1000,77,98,413707
1.6716,0.1564,40.0300,77,98,413710
1.7155,0.1564,40.1000,77,98,413714
1.7937,0.1613,40.1300,77,98,413717
1.8280,0.1564,40.0600,77,98,413720
1.8866,0.1515,40.1000,77,98,413724
1.9697,0.1662,39.9300,77,98,413727
2.1701,0.1613,40.0300,77,98,413732
2.1750,0.1515,40.0600,77,98,413735
2.2532,0.1662,40.1000,77,98,413739
2.2190,0.1564,40.0600,77,98,413743
2.2239,0.1564,40.1000,77,98,413746
2.2434,0.1613,40.0300,77,98,413749
2.2287,0.1466,40.1000,77,98,413753
2.2923,0.1760,39.8600,77,98,413756
2.2483,0.1906,39.9600,77,98,413759
2.2336,0.1564,40.0300,77,98,413762
2.2190,0.1613,40.0600,77,98,413766
2.1994,0.1613,40.0600,77,98,413769
2.2385,0.1711,39.9600,77,98,413772
2.1896,0.1613,40.0000,77,98,413776
2.1945,0.1564,40.0000,77,98,413779
2.1554,0.1564,40.3000,77,98,413783
2.1457,0.1662,40.0600,77,98,413787
2.1701,0.1662,39.9600,77,98,413790
2.1163,0.1613,40.1000,77,98,413793
2.1261,0.1662,39.9600,77,98,413797
2.0919,0.1564,39.9600,77,98,413800
2.0821,0.1613,40.1000,77,98,413803
2.0919,0.1515,40.0000,77,98,413806
2.0723,0.1564,40.1600,77,98,413810
2.0919,0.1955,39.9300,77,98,413813
2.0528,0.1564,40.0600,77,98,413816
2.0479,0.1515,40.1000,77,98,413820
2.0626,0.1613,39.8900,77,98,413824
2.0283,0.1564,40.1000,77,98,413827
2.0577,0.1613,39.8600,77,98,413830
2.0186,0.1515,40.1000,77,98,413834
2.0235,0.1564,40.1300,77,98,413837
2.0283,0.1515,40.0300,77,98,413840
1.9990,0.1564,40.1000,77,98,413844
2.0723,0.1613,39.8300,77,98,413847
2.0039,0.1613,40.0000,77,98,413850
1.9795,0.1564,39.9300,77,98,413854
1.9844,0.1613,40.0300,77,98,413857
1.9697,0.1564,40.1300,77,98,413860
2.0235,0.1760,39.8600,77,98,413864
1.9648,0.1564,40.1000,77,98,413868
1.9550,0.1564,40.0000,77,98,413871
1.9550,0.1613,40.0600,77,98,413874
1.9355,0.1515,40.0600,77,98,413878
1.9746,0.1711,39.9600,77,98,413881
1.9404,0.1613,40.0300,77,98,413884
1.9306,0.1515,39.9600,77,98,413888
1.9062,0.1906,40.0600,77,98,413891
1.9062,0.1515,40.0600,77,98,413894
1.9257,0.1662,40.1000,77,98,413898
1.9062,0.1613,40.0600,77,98,413901
1.9208,0.1613,39.9600,77,98,413904
1.9208,0.1564,40.1000,77,98,413907
1.8866,0.1564,40.1000,77,98,413912
1.9110,0.1662,40.0000,77,98,413915
1.8719,0.1564,40.1000,77,98,413918
1.8964,0.1515,40.0000,77,98,413922
1.8573,0.1564,40.0300,77,98,413925
1.8573,0.1662,40.0600,77,98,413928
1.8622,0.1613,39.8600,77,98,413932
1.8475,0.1564,40.1000,77,98,413935
1.8768,0.1515,39.8600,77,98,413938
1.8377,0.1613,40.0600,77,98,413942
1.8377,0.1564,40.0600,77,98,413945
1.8622,0.1662,40.3000,77,98,413948
1.8328,0.1564,40.1000,77,98,413952
1.8768,0.1613,39.8300,77,98,413956
1.8328,0.1613,40.0000,77,98,413959
1.8280,0.1564,40.1000,77,98,413962
1.8280,0.1711,40.0300,77,98,413966
1.8133,0.1515,40.1000,77,98,413969
1.8719,0.1808,39.8600,77,98,413972
1.8328,0.1662,40.0000,77,98,413976
1.8231,0.1564,40.1300,77,98,413979
1.8231,0.1613,40.0600,77,98,413982
1.8182,0.1564,40.0600,77,98,413986
1.8524,0.1662,39.8900,77,98,413989
1.8182,0.1613,40.0600,77,98,413992
1.8328,0.1662,39.9600,77,98,413997
1.8133,0.1564,40.1000,77,98,414000
1.8084,0.1564,40.2000,77,98,414003
1.8426,0.1613,40.0000,77,98,414006
1.8133,0.1613,40.0600,77,98,414010
1.8328,0.1662,40.0600,77,98,414013
1.8035,0.1711,40.0600,77,98,414016
1.8035,0.1564,40.0600,77,98,414020
1.8182,0.1515,40.0000,77,98,414023
1.8133,0.1564,40.0600,77,98,414026
1.8719,0.1613,39.9300,77,98,414029
1.8133,0.1564,40.1000,77,98,414033
1.8231,0.1613,40.0600,77,98,414036
1.8377,0.1662,39.9600,77,98,414040
1.8182,0.1564,40.1300,77,98,414044
1.8524,0.1515,39.8600,77,98,414047
1.8231,0.1662,40.0000,77,98,414050
1.8084,0.1564,40.0600,77,98,414054
1.8182,0.1613,40.0300,77,98,414057
1.8231,0.1613,40.0600,77,98,414060
1.8573,0.1662,39.8300,77,98,414064
1.8035,0.1564,40.0300,77,98,414067
1.8084,0.1564,40.0600,77,98,414070
1.8133,0.1613,40.0600,77,98,414074
1.8035,0.1662,40.1000,77,98,414077
1.8573,0.1711,39.9600,77,98,414081
1.8280,0.1564,40.0300,77,98,414084
1.8280,0.1564,40.0000,77,98,414088
1.8084,0.1515,40.1600,77,98,414091
1.8084,0.1564,40.1000,77,98,414094
1.8377,0.1760,40.0000,77,98,414098
1.8084,0.1613,40.0300,77,98,414101
1.8182,0.1564,40.0300,77,98,414104
1.7986,0.1564,40.1000,77,98,414108
1.7986,0.1564,40.0600,77,98,414111
1.8328,0.1662,39.9600,77,98,414114
1.8035,0.1613,40.1600,77,98,414117
1.8328,0.1662,40.0000,77,98,414121
1.8084,0.1564,40.0600,77,98,414125
1.8035,0.1564,40.0600,77,98,414128
1.8133,0.1662,40.0000,77,98,414132
1.8084,0.1613,40.1000,77,98,414135
1.8280,0.1564,39.9600,77,98,414138
1.8084,0.1564,40.0300,77,98,414142
1.8133,0.1564,40.1000,77,98,414145
1.8328,0.1711,40.1300,77,98,414148
1.8133,0.1613,40.0600,77,98,414151
1.8475,0.1515,39.8600,77,98,414155
1.8280,0.1466,40.1000,77,98,414158
1.8084,0.1564,40.1600,77,98,414161
1.8231,0.1613,40.3000,77,98,414166
1.8133,0.1564,40.0600,77,98,414169
1.8622,0.1662,39.5100,77,98,414172
1.8573,0.1662,40.0000,77,98,414176
1.8084,0.1564,40.0600,77,98,414179
1.8084,0.1613,40.0300,77,98,414182
1.8035,0.1662,40.1000,77,98,414186
1.8573,0.1711,39.7300,77,98,414189
1.8133,0.1613,40.1000,77,98,414192
1.8231,0.1564,39.9300,77,98,414196
1.8182,0.1564,40.0600,77,98,414199
1.8084,0.1564,40.1000,77,98,414202
1.8377,0.1808,39.9600,77,98,414205
1.8231,0.1613,40.0300,77,98,414210
1.8377,0.1613,39.9300,77,98,414213
1.8231,0.1564,40.0600,77,98,414216
1.8133,0.1564,40.4000,77,98,414220
1.8231,0.1662,40.0300,77,98,414223
1.8133,0.1613,40.0600,77,98,414226
1.8426,0.1613,39.9300,77,98,414230
1.8084,0.1564,39.6000,77,98,414233
1.8133,0.1564,40.0600,77,98,414236
1.8426,0.1613,40.0000,77,98,414240
1.8182,0.1564,40.1000,77,98,414243
1.8524,0.1564,39.8600,77,98,414246
1.8377,0.1613,39.9600,77,98,414249
1.8231,0.1564,39.8300,77,98,414254
1.8328,0.1613,40.0300,77,98,414257
1.8231,0.1564,40.2000,77,98,414260
1.8671,0.1662,39.8900,77,98,414264
1.8280,0.1613,40.0300,77,98,414267
1.8231,0.1564,40.1000,77,98,414270
1.8231,0.1613,40.0600,77,98,414274
1.8182,0.1564,40.0600,77,98,414277
1.8719,0.1760,39.8300,77,98,414280
1.8377,0.1662,40.0000,77,98,414284
1.8182,0.1564,40.1000,77,98,414287
1.8280,0.1613,40.0600,77,98,414290
1.8084,0.1564,40.0600,77,98,414294
1.8671,0.1760,39.9600,77,98,414298
1.8280,0.1613,40.0600,77,98,414301
1.8475,0.1564,40.0300,77,98,414304
1.8475,0.1613,40.0600,77,98,414308
1.8573,0.1564,40.1000,77,98,414311
1.8915,0.1662,39.8900,77,98,414314
1.8573,0.1613,40.2000,77,98,414318
1.8817,0.1662,39.9300,77,98,414321
1.8524,0.1564,40.1000,77,98,414324
1.8524,0.1662,40.1000,77,98,414328
1.8671,0.1613,40.0300,77,98,414331
1.8524,0.1760,40.0300,77,98,414334
1.8768,0.1564,39.9300,77,98,414338
1.8377,0.1662,39.8900,77,98,414342
1.8182,0.1564,40.0300,77,98,414346
1.8328,0.1564,40.0600,77,98,414350
1.8426,0.1613,40.1300,77,98,414353
1.8426,0.1564,40.1000,77,98,414356
1.8964,0.1760,39.0000,77,98,414360
1.8524,0.1760,40.0000,77,98,414363
1.8573,0.1564,40.0600,77,98,414366
1.8280,0.1564,40.2300,77,98,414370
1.8133,0.1564,40.1000,77,98,414373
1.8573,0.1515,39.8900,77,98,414376
1.8084,0.1564,40.0300,77,98,414380
1.8133,0.1564,40.0000,77,98,414384
1.7937,0.1613,40.1000,77,98,414387
1.7937,0.1564,40.1300,77,98,414390
1.8231,0.1613,39.9600,77,98,414394
1.8035,0.1613,40.0000,77,98,414397
1.8182,0.1662,39.9300,77,98,414400
1.7889,0.1613,40.0600,77,98,414404
1.7937,0.1564,40.0600,77,98,414407
1.8035,0.1613,40.2000,77,98,414410
1.7986,0.1613,40.1000,77,98,414414
1.8231,0.1564,39.9600,77,98,414417
1.7986,0.1564,40.0600,77,98,414420
1.8035,0.1564,40.1000,77,98,414424
1.8328,0.1662,40.0000,77,98,414428
1.8084,0.1564,40.1000,77,98,414431
1.8573,0.1613,39.8900,77,98,414434
1.8573,0.1515,40.0000,77,98,414438
1.8915,0.1564,40.1000,77,98,414441
1.9795,0.1613,40.0300,77,98,414444
2.0577,0.1564,40.0300,77,98,414448
2.2092,0.1613,39.8600,77,98,414451
2.2581,0.1564,40.2300,77,98,414454
2.3656,0.1564,40.1300,77,98,414457
2.5122,0.1613,40.0300,77,98,414461
2.6246,0.1564,40.2000,77,98,414465
2.7859,0.1760,39.8300,77,98,414468
2.6784,0.1662,40.1300,77,98,414472
2.4633,0.1564,40.0300,77,98,414475
2.1896,0.1613,40.0600,77,98,414478
1.9159,0.1613,40.0000,77,98,414482
1.7937,0.1760,39.9600,77,98,414485
1.6325,0.1613,40.1000,77,98,414488
1.6227,0.1857,39.9600,77,98,414492
1.6276,0.1613,40.0600,77,98,414495
1.6618,0.1564,40.1000,77,98,414498
1.7155,0.1662,39.8900,77,98,414501
1.7107,0.1808,40.1000,77,98,414505
1.7400,0.1662,39.9600,77,98,414509
1.7204,0.1613,40.0600,77,98,414512
1.7155,0.1564,40.1000,77,98,414516
1.7400,0.1613,40.0000,77,98,414519
1.7302,0.1613,40.1300,77,98,414522
1.7498,0.1662,39.9300,77,98,414526
1.7253,0.1564,40.0600,77,98,414529
1.7302,0.1564,40.1600,77,98,414532
1.7693,0.1613,39.9300,77,98,414536
1.7253,0.1613,39.3800,77,98,414539
1.7644,0.1711,39.8600,77,98,414542
1.7449,0.1515,40.0000,77,98,414545
1.7449,0.1564,40.1000,77,98,414550
1.7595,0.1613,40.1000,77,98,414553
1.7546,0.1613,40.1000,77,98,414556
1.8182,0.1662,39.8000,77,98,414560
1.7840,0.1613,40.0000,77,98,414563
1.7791,0.1564,40.0300,77,98,414566
1.7742,0.1515,40.0600,77,98,414570
1.7889,0.1564,40.0600,77,98,414573
1.8622,0.1760,39.8900,77,98,414576
1.7937,0.1613,40.1600,77,98,414580
1.7986,0.1515,40.0000,77,98,414583
1.7937,0.1613,40.0600,77,98,414586
1.7937,0.1564,40.2600,77,98,414589
1.8328,0.1711,39.9600,77,98,414594
1.8231,0.1613,40.0600,77,98,414597
1.8377,0.1613,39.9300,77,98,414600
1.8231,0.1613,40.1000,77,98,414604
1.8280,0.1515,40.2300,77,98,414607
1.8524,0.1515,40.0000,77,98,414610
1.8475,0.1613,40.0300,77,98,414614
1.8768,0.1662,40.0000,77,98,414617
1.8573,0.1613,40.1600,77,98,414620
1.8622,0.1613,40.0600,77,98,414624
1.8964,0.1515,39.9600,77,98,414627
1.8768,0.1662,40.0600,77,98,414630
1.9159,0.1613,39.8900,77,98,414633
1.9013,0.1613,39.9300,77,98,414638
1.9306,0.1564,40.1000,77,98,414641
1.9110,0.1613,40.0600,77,98,414644
1.9110,0.1564,40.0600,77,98,414648
1.9648,0.1662,39.8600,77,98,414651
1.9306,0.1564,40.0600,77,98,414654
1.9404,0.1466,40.0600,77,98,414658
1.9599,0.1613,40.0300,77,98,414661
1.9550,0.1515,40.1000,77,98,414664
2.0186,0.1711,39.8000,77,98,414667
1.9844,0.1613,39.9600,77,98,414671
1.9795,0.1564,40.0300,77,98,414674
1.9844,0.1613,40.0600,77,98,414678
1.9892,0.1564,40.1300,77,98,414682
2.0528,0.1760,39.9300,77,98,414685
2.0088,0.1613,40.0300,77,98,414688
2.0088,0.1515,40.0000,77,98,414692
1.9990,0.1613,40.0600,77,98,414695
2.0039,0.1613,40.0600,77,98,414698
2.0626,0.1711,39.8900,77,98,414701
2.0039,0.1613,40.0000,77,98,414705
2.0186,0.1613,39.9300,77,98,414708
2.0235,0.1662,40.0300,77,98,414711
1.9990,0.1515,40.0600,77,98,414715
2.0186,0.1760,39.9600,77,98,414718
1.9990,0.1613,40.0600,77,98,414722
2.0186,0.1662,39.9600,77,98,414726
1.9746,0.1613,40.3300,77,98,414729
1.9892,0.1564,40.1000,77,98,414732
1.9648,0.1613,39.9600,77,98,414735
1.9306,0.1857,40.1000,77,98,414739
1.9404,0.1613,39.9300,77,98,414742
1.8964,0.1613,40.1000,77,98,414745
1.8866,0.1564,40.0600,77,98,414749
1.8866,0.1711,40.0000,77,98,414752
1.8524,0.1564,40.1000,77,98,414755
1.8622,0.1711,39.8600,77,98,414759
1.8231,0.1613,39.9600,77,98,414763
1.7889,0.1564,40.1000,77,98,414766
1.7742,0.1613,40.0600,77,98,414770
1.7498,0.1515,40.1000,77,98,414773
1.7840,0.1662,39.8300,77,98,414776
1.7253,0.1662,40.0000,77,98,414779
1.7155,0.1564,40.0600,77,98,414783
1.7155,0.1515,40.1600,77,98,414786
1.7009,0.1613,40.1000,77,98,414789
1.7449,0.1760,39.8900,77,98,414793
1.7155,0.1711,39.9600,77,98,414796
1.7351,0.1515,40.0300,77,98,414799
1.6960,0.1613,39.5700,77,98,414803
1.6911,0.1564,40.1300,77,98,414807
1.7204,0.1711,40.0000,77,98,414810
1.7058,0.1466,40.1000,77,98,414814
1.7253,0.1613,39.9600,77,98,414817
1.7009,0.1711,40.0600,77,98,414820
1.7400,0.1564,40.1600,77,98,414823
1.7400,0.1662,39.9300,77,98,414827
1.7107,0.1613,40.1000,77,98,414830
1.7449,0.1613,39.9600,77,98,414833
1.7204,0.1564,40.0300,77,98,414837
1.7595,0.1564,40.1000,77,98,414840
1.7449,0.1613,40.1000,77,98,414843
1.7400,0.1955,40.0600,77,98,414848
1.7742,0.1564,39.8900,77,98,414851
1.7498,0.1564,40.4000,77,98,414854
1.7595,0.1564,40.1300,77,98,414857
1.7840,0.1711,39.9600,77,98,414861
1.7693,0.1613,40.0600,77,98,414864
1.8133,0.1662,39.8600,77,98,414867
1.7791,0.1515,40.0600,77,98,414871
1.7889,0.1662,40.1000,77,98,414874
1.8084,0.1662,40.0300,77,98,414877
1.7986,0.1564,40.0000,77,98,414881
1.8719,0.1613,39.8000,77,98,414884
1.8182,0.1515,39.9600,77,98,414887
1.8035,0.1564,40.0600,77,98,414892
1.8084,0.1613,40.0600,77,98,414895
1.8084,0.1564,40.1000,77,98,414898
1.8622,0.1711,39.8900,77,98,414901
1.8231,0.1613,40.0600,77,98,414905
1.8280,0.1564,39.9600,77,98,414908
1.8182,0.1613,40.0300,77,98,414911
1.8182,0.1564,40.1000,77,98,414915
1.8475,0.1613,39.9600,77,98,414918
1.8328,0.1613,40.1300,77,98,414921
1.8426,0.1662,39.9300,77,98,414925
1.8182,0.1515,40.1000,77,98,414928
1.8231,0.1564,40.1300,77,98,414931
1.8328,0.1613,40.0600,77,98,414936
1.8231,0.1662,40.1000,77,98,414939
1.8524,0.1613,39.9300,77,98,414942
1.8182,0.1613,40.1300,77,98,414946
1.8231,0.1564,40.1300,77,98,414949
1.8426,0.1760,39.9600,77,98,414952
1.8035,0.1613,40.0600,77,98,414957
1.7937,0.1564,40.0600,77,98,414960
1.8475,0.1711,39.8300,77,98,414963
1.7986,0.1613,40.0300,77,98,414967
1.7986,0.1662,40.0300,77,98,414970
1.8084,0.1613,40.0600,77,98,414973
1.7937,0.1564,40.1000,77,98,414978
1.8377,0.1711,39.9600,77,98,414981
1.8377,0.1662,40.0300,77,98,414984
1.8133,0.1515,40.0000,77,98,414988
1.7937,0.1613,40.0300,77,98,414991
1.7986,0.1564,40.1000,77,98,414994
1.8182,0.1662,40.0300,77,98,414998
1.8035,0.1564,40.0300,77,98,415001
1.8231,0.1613,39.9600,77,98,415004
1.8035,0.1662,39.9600,77,98,415007
1.8035,0.1515,40.1000,77,98,415011
1.8280,0.1662,39.9300,77,98,415014
1.7986,0.1515,40.0600,77,98,415017
1.8231,0.1564,39.9300,77,98,415022
1.7889,0.1564,40.0000,77,98,415025
1.7937,0.1515,40.0600,77,98,415028
1.8182,0.1711,40.0000,77,98,415032
1.7986,0.1613,40.0600,77,98,415035
1.8377,0.1613,40.3300,77,98,415038
1.8035,0.1613,40.0600,77,98,415042
1.8084,0.1515,40.1000,77,98,415045
1.8280,0.1662,39.9600,77,98,415048
1.8133,0.1417,40.1000,77,98,415051
1.8377,0.1711,39.8300,77,98,415055
1.7889,0.1564,40.0000,77,98,415058
1.7937,0.1564,40.1000,77,98,415062
1.8035,0.1613,40.0600,77,98,415066
1.8133,0.1613,40.1000,77,98,415069
1.8817,0.1760,39.0000,77,98,415072
1.8524,0.1857,40.1000,77,98,415076
1.8768,0.1564,40.0300,77,98,415079
1.8475,0.1613,40.0600,77,98,415082
1.8475,0.1564,40.1300,77,98,415085
1.8915,0.1515,39.8900,77,98,415089
1.8622,0.1613,40.0300,77,98,415092
1.8866,0.1515,39.9300,77,98,415095
1.8719,0.1857,40.0600,77,98,415099
1.8719,0.1613,40.0600,77,98,415102
1.8915,0.1662,39.9600,77,98,415106
1.8866,0.1564,40.0600,77,98,415110
1.8817,0.1515,40.0300,77,98,415113
1.8426,0.1515,40.0600,77,98,415116
1.8524,0.1564,40.0600,77,98,415120
1.8622,0.1613,39.9600,77,98,415123
1.8524,0.1760,40.1000,77,98,415126
1.8768,0.1613,39.9300,77,98,415129
1.8475,0.1906,40.1000,77,98,415133
1.8817,0.1564,40.1300,77,98,415136
1.8622,0.1662,40.1000,77,98,415139
1.8328,0.1662,40.1000,77,98,415143
1.8622,0.1515,39.8600,77,98,415147
1.8280,0.1613,40.0300,77,98,415150
1.8182,0.1564,40.0600,77,98,415154
1.8133,0.1662,39.9300,77,98,415157
1.8035,0.1613,40.1300,77,98,415160
1.8524,0.1711,39.8000,77,98,415164
1.8035,0.1662,40.0300,77,98,415167
1.8035,0.1564,40.0600,77,98,415170
1.8133,0.1613,40.0000,77,98,415173
1.8084,0.1662,40.0600,77,98,415177
1.8671,0.1711,39.8600,77,98,415180
1.8426,0.1711,40.0000,77,98,415183
1.8377,0.1564,40.0000,77,98,415187
1.8280,0.1515,40.0600,77,98,415191
1.8280,0.1613,40.1000,77,98,415194
1.8622,0.1711,40.0000,77,98,415198
1.8426,0.1613,40.0300,77,98,415201
1.8573,0.1613,39.9300,77,98,415204
1.8377,0.1662,40.0300,77,98,415208
1.8426,0.1564,40.1000,77,98,415211
1.8768,0.1662,40.0000,77,98,415214
1.8524,0.1662,40.1000,77,98,415217
1.9208,0.1613,39.9600,77,98,415221
1.9355,0.1711,40.0600,77,98,415224
2.0186,0.1662,40.1000,77,98,415227
2.1261,0.1613,39.8600,77,98,415232
2.2287,0.1613,40.1300,77,98,415235
2.3460,0.1613,39.8900,77,98,415238
2.4340,0.1613,40.0300,77,98,415242
2.5758,0.1662,40.0600,77,98,415245
2.7370,0.1711,40.2000,77,98,415248
2.7468,0.1857,40.0600,77,98,415252
2.7077,0.1662,39.8300,77,98,415255
2.4194,0.1564,40.0000,77,98,415258
2.1848,0.1564,40.1000,77,98,415261
1.9062,0.1613,40.1300,77,98,415265
1.7204,0.1613,40.1000,77,98,415268
1.6764,0.1808,39.8600,77,98,415271
1.6276,0.1711,40.0300,77,98,415276
1.6471,0.1564,40.0300,77,98,415279
1.6911,0.1613,40.1000,77,98,415282
1.7253,0.1564,40.1000,77,98,415286
1.7840,0.1711,39.8600,77,98,415289
1.7742,0.1613,40.0600,77,98,415292
1.7840,0.1515,40.0000,77,98,415296
1.7693,0.1613,40.1600,77,98,415299
1.7840,0.1564,40.1000,77,98,415302
1.7986,0.1662,39.9300,77,98,415305
1.7840,0.1564,40.0300,77,98,415309
1.7986,0.1613,39.9600,77,98,415312
1.7791,0.1613,40.0600,77,98,415315
1.7889,0.1564,40.1000,77,98,415320
1.8035,0.1613,39.9600,77,98,415323
1.7986,0.1613,40.1000,77,98,415326
1.8231,0.1613,39.9300,77,98,415330
1.7937,0.1662,40.1000,77,98,415333
1.8035,0.1515,40.1000,77,98,415336
1.8280,0.1711,39.9600,77,98,415340
1.8133,0.1515,40.1000,77,98,415343
1.8573,0.1760,39.8600,77,98,415346
1.8377,0.1662,40.0000,77,98,415349
1.8328,0.1515,40.0600,77,98,415353
1.8524,0.1662,40.1000,77,98,415356
1.8426,0.1613,40.1000,77,98,415360
1.8915,0.1662,39.8900,77,98,415364
1.8426,0.1564,40.0300,77,98,415367
1.8524,0.1564,40.0600,77,98,415370
1.8622,0.1662,40.0600,77,98,415374
1.8524,0.1613,40.1600,77,98,415377
1.9159,0.1760,39.9600,77,98,415380
1.8866,0.1613,39.9600,77,98,415384
1.8817,0.1564,39.6000,77,98,415387
1.8817,0.1613,40.0300,77,98,415390
1.8817,0.1515,40.1000,77,98,415393
1.9208,0.2102,40.0300,77,98,415397
1.8915,0.1662,40.0600,77,98,415400
1.9159,0.1613,39.9600,77,98,415404
1.9013,0.1564,40.0600,77,98,415408
1.9159,0.1564,40.1000,77,98,415411
1.9550,0.1711,40.3600,77,98,415414
1.9306,0.1613,40.1000,77,98,415418
1.9648,0.1662,40.0600,77,98,415421
1.9355,0.1564,40.0600,77,98,415424
1.9453,0.1564,40.1000,77,98,415427
1.9648,0.1613,39.9300,77,98,415431
1.9697,0.1564,40.0600,77,98,415434
1.9941,0.1613,39.9300,77,98,415437
1.9795,0.1564,40.0300,77,98,415441
1.9844,0.1515,40.1000,77,98,415444
2.0137,0.1711,39.9600,77,98,415448
1.9941,0.1662,40.0600,77,98,415452
2.0430,0.1515,39.8600,77,98,415455
2.0088,0.1857,40.0300,77,98,415458
2.0137,0.1613,40.1000,77,98,415462
2.0283,0.1613,40.0600,77,98,415465
2.0137,0.1466,40.1000,77,98,415468
2.0723,0.1711,39.7700,77,98,415471
2.0283,0.1515,40.0000,77,98,415475
2.0137,0.1564,40.0000,77,98,415478
2.0186,0.1613,40.1000,77,98,415481
2.0088,0.1613,40.0600,77,98,415485
2.0626,0.1760,39.8900,77,98,415489
2.0088,0.1662,40.0600,77,98,415492
2.0039,0.1564,40.0300,77,98,415496
1.9990,0.1613,40.0600,77,98,415499
1.9844,0.1515,40.1000,77,98,415502
2.0137,0.1760,39.9600,77,98,415505
1.9795,0.1662,40.0300,77,98,415509
1.9746,0.1613,39.9600,77,98,415512
1.9404,0.1613,40.1000,77,98,415515
1.9208,0.1711,40.1000,77,98,415519
1.9208,0.1662,40.0300,77,98,415522
1.8817,0.1613,40.0000,77,98,415525
1.8817,0.1906,39.9300,77,98,415529
1.8328,0.1613,39.9300,77,98,415533
1.8182,0.1564,40.1000,77,98,415536
1.8133,0.1515,39.9600,77,98,415540
1.7693,0.1662,40.1000,77,98,415543
1.7840,0.1515,39.9600,77,98,415546
1.7498,0.1613,39.9300,77,98,415549
1.7400,0.1564,40.1000,77,98,415553
1.7400,0.1662,40.0300,77,98,415556
1.7253,0.1857,40.1000,77,98,415559
1.7595,0.1613,39.8300,77,98,415563
1.7546,0.1760,39.8900,77,98,415567
1.7155,0.1711,40.1300,77,98,415571
1.7107,0.1564,40.0000,77,98,415575
1.7058,0.1613,40.2000,77,98,415578
1.7155,0.1613,40.1000,77,98,415582
1.7449,0.1711,40.0600,77,98,415585
1.7253,0.1613,40.1000,77,98,415588
1.7400,0.1613,39.9600,77,98,415592
1.7644,0.1613,40.1000,77,98,415595
1.7302,0.1613,40.1000,77,98,415598
1.7693,0.1711,40.0600,77,98,415601
1.7498,0.1662,40.0600,77,98,415605
1.7644,0.1662,40.0000,77,98,415608
1.7498,0.1564,39.8900,77,98,415611
1.7498,0.1564,40.1000,77,98,415616
1.7742,0.1613,40.2600,77,98,415619
1.7644,0.1613,40.1000,77,98,415622
1.8035,0.1515,39.9300,77,98,415626
1.7937,0.1613,40.0600,77,98,415629
1.7840,0.1564,40.0600,77,98,415632
1.8133,0.1711,39.9600,77,98,415636
1.7986,0.1662,40.1300,77,98,415639
1.8475,0.1613,39.8600,77,98,415642
1.8035,0.1564,40.0300,77,98,415645
1.8133,0.1711,40.1000,77,98,415649
1.8280,0.1662,39.1200,77,98,415652
1.8182,0.1613,40.1000,77,98,415655
1.8719,0.1711,39.4800,77,98,415660
1.8426,0.1662,40.0000,77,98,415663
1.8231,0.1515,40.0300,77,98,415666
1.8280,0.1662,40.1000,77,98,415670
1.8280,0.1613,40.1000,77,98,415673
1.8817,0.1711,39.8900,77,98,415676
1.8475,0.1613,40.1300,77,98,415680
1.8573,0.1808,40.0000,77,98,415683
1.8426,0.1613,40.0600,77,98,415686
1.8377,0.1515,40.1000,77,98,415689
1.8622,0.1760,39.9600,77,98,415693
1.8573,0.1613,40.0600,77,98,415696
1.8671,0.1515,39.9600,77,98,415699
1.8377,0.1662,40.1000,77,98,415704
1.8377,0.1613,40.0600,77,98,415707
1.8475,0.1613,40.0300,77,98,415710
1.8573,0.1564,40.0600,77,98,415714
1.8671,0.1515,39.9300,77,98,415717
1.8377,0.1613,40.0600,77,98,415720
1.8328,0.1613,40.1000,77,98,415724
1.8573,0.1662,39.8900,77,98,415727
1.8328,0.1515,40.1000,77,98,415730
1.8622,0.1662,40.0300,77,98,415733
1.8622,0.1613,39.9600,77,98,415737
1.8182,0.1613,39.8300,77,98,415740
1.8231,0.1613,40.0300,77,98,415744
1.8182,0.1613,40.0600,77,98,415748
1.8817,0.1613,39.8300,77,98,415751
1.8280,0.1613,40.0000,77,98,415754
1.8231,0.1662,40.0600,77,98,415758
1.8328,0.1515,40.0300,77,98,415761
1.8182,0.1613,40.0300,77,98,415764
1.8768,0.1711,39.8600,77,98,415768
1.8377,0.1760,40.1000,77,98,415771
1.8280,0.1564,40.0600,77,98,415774
1.8182,0.1613,40.2000,77,98,415778
1.8475,0.1564,40.1300,77,98,415781
1.8524,0.1711,39.9300,77,98,415784
1.8182,0.1711,40.0600,77,98,415788
1.8231,0.1613,40.0000,77,98,415792
1.8182,0.1613,40.1000,77,98,415795
1.8231,0.1564,40.1300,77,98,415798
1.8524,0.1662,39.9600,77,98,415802
1.8280,0.1613,40.0600,77,98,415805
1.8622,0.1662,39.9300,77,98,415808
1.8280,0.1515,40.0300,77,98,415812
1.8280,0.1613,40.0600,77,98,415815
1.8377,0.1515,40.0000,77,98,415818
1.8182,0.1613,40.1600,77,98,415822
1.8622,0.1662,39.9300,77,98,415825
1.8084,0.1613,40.1000,77,98,415828
1.8182,0.1564,40.1000,77,98,415833
1.8475,0.1711,40.0300,77,98,415836
1.8328,0.1662,40.0600,77,98,415839
1.8915,0.1662,39.8300,77,98,415842
1.8524,0.1662,40.0300,77,98,415846
1.8524,0.1613,40.1300,77,98,415849
1.8524,0.1711,40.0300,77,98,415852
1.8524,0.1515,40.1000,77,98,415856
1.9110,0.1760,39.8600,77,98,415859
1.8817,0.1662,40.0000,77,98,415862
1.8671,0.1515,40.0600,77,98,415866
1.8866,0.1662,40.0600,77,98,415869
1.8719,0.1613,40.1000,77,98,415873
1.8964,0.1711,39.9300,77,98,415877
1.8573,0.1515,40.0600,77,98,415880
1.8719,0.1613,39.9300,77,98,415883
1.8524,0.1613,40.1000,77,98,415886
1.8524,0.1515,40.1000,77,98,415890
1.8768,0.1906,39.9600,77,98,415893
1.8768,0.1613,40.0300,77,98,415896
1.8964,0.1515,39.9600,77,98,415900
1.8622,0.1613,40.0600,77,98,415903
1.8622,0.1613,40.0600,77,98,415906
1.8671,0.1613,39.9600,77,98,415910
1.8768,0.1564,40.1000,77,98,415913
1.8573,0.1613,39.9300,77,98,415917
1.8524,0.1564,40.0600,77,98,415921
1.8231,0.1515,40.1000,77,98,415924
1.8377,0.1906,40.0300,77,98,415927
1.8231,0.1515,40.0600,77,98,415930
1.8622,0.1662,39.9300,77,98,415934
1.8377,0.1662,39.9600,77,98,415937
1.8280,0.1564,40.0600,77,98,415940
1.8328,0.1662,40.1000,77,98,415944
1.8280,0.1515,39.3500,77,98,415947
1.8768,0.1760,39.8300,77,98,415950
1.8280,0.1613,40.0300,77,98,415954
1.8231,0.1564,40.0600,77,98,415958
1.8231,0.1613,40.0600,77,98,415961
1.8231,0.1515,40.1000,77,98,415965
1.8817,0.1857,39.9300,77,98,415968
1.8622,0.1662,40.2600,77,98,415971
1.8524,0.1662,40.0000,77,98,415974
1.8426,0.1613,40.1000,77,98,415978
1.8475,0.1613,40.0600,77,98,415981
1.8915,0.1711,40.0000,77,98,415984
1.8768,0.1613,40.3000,77,98,415988
1.9404,0.1808,39.9300,77,98,415991
1.9941,0.1515,40.0600,77,98,415994
2.0968,0.1613,40.0300,77,98,415998
2.2287,0.1613,39.9300,77,98,416002
2.2972,0.1613,40.1300,77,98,416005
2.4487,0.1662,39.9300,77,98,416009
2.5415,0.1564,40.0300,77,98,416012
2.6637,0.1515,40.1300,77,98,416015
2.7615,0.1613,40.0000,77,98,416018
2.6735,0.1613,40.1000,77,98,416022
2.5073,0.1613,39.8900,77,98,416025
2.2043,0.1613,40.0300,77,98,416028
1.9355,0.1613,40.1000,77,98,416032
1.7498,0.1711,40.0300,77,98,416035
1.6569,0.1564,40.1000,77,98,416038
1.6471,0.1662,39.8600,77,98,416043
1.6422,0.1564,40.1000,77,98,416046
1.6862,0.1613,40.1000,77,98,416049
1.7302,0.1662,40.0600,77,98,416052
1.7449,0.1564,40.1000,77,98,416056
1.8133,0.1711,39.8600,77,98,416059
1.7742,0.1613,39.9600,77,98,416062
1.7693,0.1613,40.0300,77,98,416066
1.7693,0.1613,40.0300,77,98,416069
1.7693,0.1613,40.0600,77,98,416072
1.8231,0.1711,39.9300,77,98,416076
1.7840,0.1662,40.0300,77,98,416079
1.7889,0.1613,39.9600,77,98,416082
1.7791,0.1760,40.0600,77,98,416087
1.7840,0.1564,40.1000,77,98,416090
1.8133,0.1711,40.0000,77,98,416093
1.7986,0.1662,40.0600,77,98,416096
1.8377,0.1613,39.9300,77,98,416100
1.7986,0.1613,40.0300,77,98,416103
1.8133,0.1564,40.1000,77,98,416106
1.8182,0.1613,40.0000,77,98,416110
1.8084,0.1857,40.0600,77,98,416113
1.8377,0.1564,39.9300,77,98,416116
1.8084,0.1613,40.2000,77,98,416120
1.8133,0.1613,40.1600,77,98,416123
1.8377,0.1613,40.0000,77,98,416126
1.8182,0.1662,40.0600,77,98,416131
1.8524,0.1613,39.8600,77,98,416134
1.8377,0.1613,39.9600,77,98,416137
1.8328,0.1662,40.1000,77,98,416140
1.8475,0.1662,40.1300,77,98,416144
1.8719,0.1662,40.0600,77,98,416147
1.8964,0.1760,39.8300,77,98,416150
1.8524,0.1662,40.1000,77,98,416154
1.8671,0.1613,40.1000,77,98,416157
1.8719,0.1662,40.0300,77,98,416160
1.8671,0.1564,40.2300,77,98,416164
1.9306,0.1808,39.8600,77,98,416167
1.9013,0.1662,39.9600,77,98,416171
1.9013,0.1564,40.0300,77,98,416175
1.8964,0.1613,40.0300,77,98,416178
1.9208,0.1662,40.1000,77,98,416183
1.9257,0.1613,40.1000,77,98,416186
1.9648,0.1711,39.9600,77,98,416189
1.9404,0.1564,40.0600,77,98,416192
1.9795,0.1613,40.0000,77,98,416196
1.9501,0.1613,40.1000,77,98,416199
1.9648,0.1564,40.0600,77,98,416202
1.9892,0.1662,40.0000,77,98,416206
1.9795,0.1613,40.1300,77,98,416209
2.0235,0.1662,39.8600,77,98,416212
1.9941,0.1613,40.0600,77,98,416217
1.9990,0.1613,40.0600,77,98,416220
2.0577,0.1711,40.0000,77,98,416223
2.0039,0.1613,40.0600,77,98,416226
2.0577,0.1662,39.8300,77,98,416230
2.0039,0.1613,40.0000,77,98,416233
2.0039,0.1564,40.1000,77,98,416236
2.0088,0.1662,40.1000,77,98,416240
1.9941,0.1613,40.1300,77,98,416243
2.0430,0.1760,39.8300,77,98,416246
1.9941,0.1662,40.0000,77,98,416250
1.9746,0.1564,40.0600,77,98,416253
1.9697,0.1613,40.1000,77,98,416257
1.9550,0.1613,40.0600,77,98,416260
1.9892,0.1711,39.8900,77,98,416264
1.9306,0.1515,40.0600,77,98,416267
1.9257,0.1613,40.1000,77,98,416270
1.8964,0.1662,40.1000,77,98,416274
1.8817,0.1613,40.1000,77,98,416277
1.8866,0.1711,39.9300,77,98,416280
1.8573,0.1613,40.0300,77,98,416284
1.8475,0.1662,39.9300,77,98,416287
1.8035,0.1515,40.0600,77,98,416290
1.7937,0.1613,40.2000,77,98,416294
1.7889,0.1857,40.0000,77,98,416297
1.7644,0.1613,40.0600,77,98,416301
1.7693,0.1613,40.0000,77,98,416304
1.7253,0.1564,40.1000,77,98,416308
1.7204,0.1613,40.1000,77,98,416311
1.7302,0.1711,40.1000,77,98,416314
1.7009,0.1564,40.1000,77,98,416318
1.7204,0.1515,39.8900,77,98,416321
1.6960,0.1613,40.1000,77,98,416324
1.6862,0.1613,40.1000,77,98,416328
1.6960,0.1711,40.0300,77,98,416331
1.7009,0.1564,40.1000,77,98,416334
1.7302,0.1662,39.8300,77,98,416337
1.7058,0.1662,40.0300,77,98,416342
1.7009,0.1613,40.0600,77,98,416345
1.7155,0.1515,40.0600,77,98,416348
1.7009,0.1613,40.1000,77,98,416352
1.7498,0.1662,39.8300,77,98,416355
1.7204,0.1613,39.8600,77,98,416358
1.7155,0.1466,40.0300,77,98,416362
1.7204,0.1662,40.0600,77,98,416365
1.7155,0.1613,40.1000,77,98,416368
1.7840,0.1711,39.9300,77,98,416372
1.7400,0.1662,40.0000,77,98,416375
1.7449,0.1906,40.0300,77,98,416378
1.7400,0.1613,40.0600,77,98,416381
1.7498,0.1515,40.1000,77,98,416386
1.7889,0.1662,39.9300,77,98,416389
1.7644,0.1515,40.1000,77,98,416392
1.7889,0.1662,40.0300,77,98,416396
1.7791,0.1564,40.1000,77,98,416399
1.7693,0.1613,40.1000,77,98,416402
1.7889,0.1760,40.0000,77,98,416406
1.7791,0.1613,40.0600,77,98,416409
1.8035,0.1613,40.0000,77,98,416412
1.7840,0.1613,40.0600,77,98,416415
1.7889,0.1613,40.1000,77,98,416419
1.8084,0.1662,39.9600,77,98,416422
1.7937,0.1613,39.8900,77,98,416425
1.8573,0.1564,39.8900,77,98,416430
1.7889,0.1613,40.0600,77,98,416433
1.7937,0.1662,40.1000,77,98,416436
1.8182,0.1711,40.0000,77,98,416440
1.7937,0.1564,40.1000,77,98,416443
1.8475,0.1662,39.8300,77,98,416446
1.8182,0.1662,39.9600,77,98,416450
1.8182,0.1613,40.1300,77,98,416453
1.8182,0.1760,40.1000,77,98,416456
1.8182,0.1564,40.1000,77,98,416459
1.8719,0.1808,39.8600,77,98,416463
1.8231,0.1662,40.1000,77,98,416466
1.8231,0.1564,40.0300,77,98,416470
1.8231,0.1662,40.1600,77,98,416474
1.8182,0.1662,40.0600,77,98,416477
1.8622,0.1711,39.9600,77,98,416480
1.8328,0.1906,40.0300,77,98,416484
1.8328,0.1613,39.9600,77,98,416487
1.8182,0.1613,40.1000,77,98,416490
1.8377,0.1564,40.1000,77,98,416494
1.8328,0.1515,40.0300,77,98,416497
1.8182,0.1613,40.0300,77,98,416500
1.8573,0.1711,39.9600,77,98,416503
1.8084,0.1808,40.0600,77,98,416507
1.8084,0.1613,40.0600,77,98,416510
1.8377,0.1711,39.9300,77,98,416514
1.8035,0.2004,40.1000,77,98,416518
1.8622,0.1613,39.9300,77,98,416521
1.8035,0.1613,40.1000,77,98,416524
1.7986,0.1857,40.1000,77,98,416528
1.8133,0.1662,40.0000,77,98,416531
1.7937,0.1613,40.1300,77,98,416534
1.8328,0.1662,39.8600,77,98,416538
1.7937,0.1613,40.0000,77,98,416541
1.7937,0.1564,40.1000,77,98,416544
1.8133,0.1662,40.0300,77,98,416547
1.7986,0.1613,40.1600,77,98,416551
1.8475,0.1760,39.8300,77,98,416555
1.8084,0.1613,40.0300,77,98,416558
1.8182,0.1613,40.1000,77,98,416562
1.8084,0.1662,40.0600,77,98,416565
1.7986,0.1662,40.0600,77,98,416568
1.8524,0.1808,39.9300,77,98,416572
1.8084,0.1711,40.2000,77,98,416575
1.7986,0.1808,40.0300,77,98,416578
1.7937,0.1613,40.0600,77,98,416582
1.7937,0.1613,40.0600,77,98,416585
1.8328,0.1662,39.9300,77,98,416588
1.7937,0.1613,40.0600,77,98,416591
1.8133,0.1662,39.9300,77,98,416595
1.7986,0.1613,40.2300,77,98,416599
1.7986,0.1515,40.0600,77,98,416602
1.8231,0.1515,40.0000,77,98,416606
1.8084,0.1613,40.0300,77,98,416609
1.8328,0.1760,40.0000,77,98,416612
1.8035,0.1662,40.1000,77,98,416616
1.8035,0.1613,40.1000,77,98,416619
1.8182,0.1613,39.9600,77,98,416622
1.7986,0.1613,40.2000,77,98,416625
1.8133,0.1613,39.9300,77,98,416629
1.7889,0.1515,40.1000,77,98,416632
1.7937,0.1613,40.0600,77,98,416635
1.8133,0.1711,40.0300,77,98,416640
1.8035,0.1613,40.0600,77,98,416643
1.8866,0.1662,39.8600,77,98,416646
1.8426,0.1662,40.0000,77,98,416650
1.8377,0.1613,40.1600,77,98,416653
1.8426,0.1662,40.0600,77,98,416656
1.8377,0.1613,39.3200,77,98,416660
1.8866,0.1760,39.8300,77,98,416663
1.8426,0.1613,39.7000,77,98,416666
1.8426,0.1564,40.0300,77,98,416669
1.8426,0.1662,40.0600,77,98,416673
1.8328,0.1613,40.0600,77,98,416676
1.8768,0.2004,39.9300,77,98,416679
1.8377,0.1613,40.0000,77,98,416684
1.8231,0.1662,40.0000,77,98,416687
1.8133,0.1564,40.0600,77,98,416690
1.8084,0.1613,40.0600,77,98,416694
1.8426,0.1711,39.9600,77,98,416697
1.8231,0.1564,40.0600,77,98,416700
1.8377,0.1613,39.9600,77,98,416703
1.8231,0.1613,40.0600,77,98,416707
1.8231,0.1613,40.1000,77,98,416710
1.8524,0.1711,39.9300,77,98,416713
1.8133,0.1515,40.0600,77,98,416717
1.8377,0.1662,39.9600,77,98,416720
1.8280,0.1564,40.0000,77,98,416723
1.7937,0.1613,40.1000,77,98,416728
1.7937,0.1662,40.0000,77,98,416731
1.7840,0.1613,40.1000,77,98,416734
1.8035,0.1613,40.1000,77,98,416738
1.7791,0.1662,40.0600,77,98,416741
1.7791,0.1613,40.1000,77,98,416744
1.8035,0.1711,39.9300,77,98,416747
1.7840,0.1662,40.1000,77,98,416751
1.8231,0.1662,39.8600,77,98,416754
1.8182,0.1564,40.0600,77,98,416757
1.7889,0.1515,40.1000,77,98,416761
1.7937,0.1662,40.0600,77,98,416764
1.7840,0.1613,40.0600,77,98,416768
1.8328,0.1808,39.8300,77,98,416772
1.8035,0.1662,40.0000,77,98,416775
1.7889,0.1564,40.0600,77,98,416778
1.7986,0.1662,40.0300,77,98,416782
1.8377,0.1662,40.1000,77,98,416785
1.8573,0.1760,39.8900,77,98,416788
2.1457,0.1662,40.0600,77,98,416793
2.2385,0.1662,40.0600,77,98,416796
2.3656,0.1711,40.0000,77,98,416799
2.4487,0.1613,40.3600,77,98,416803
2.5855,0.1564,40.1000,77,98,416806
2.6979,0.1662,39.9300,77,98,416809
2.6588,0.1613,40.2000,77,98,416814
2.5220,0.1613,39.9300,77,98,416817
2.2239,0.1613,40.0300,77,98,416820
1.9550,0.1662,40.1000,77,98,416824
1.7595,0.1711,40.0300,77,98,416827
1.6325,0.1857,40.0600,77,98,416830
1.6667,0.1613,39.8600,77,98,416834
1.6373,0.1662,40.2000,77,98,416837
1.6569,0.1613,40.0600,77,98,416840
1.6960,0.1662,40.0600,77,98,416843
1.7058,0.1613,40.0300,77,98,416847
1.7889,0.1808,39.8300,77,98,416850
1.7204,0.1613,40.1300,77,98,416854
1.7253,0.1857,40.0600,77,98,416858
1.7351,0.1662,40.0600,77,98,416861
1.7253,0.1613,40.1000,77,98,416864
1.7742,0.1808,39.8900,77,98,416868
1.7498,0.1711,40.0300,77,98,416871
1.7400,0.1613,40.1000,77,98,416874
1.7351,0.1613,40.0600,77,98,416877
1.7400,0.1613,40.0600,77,98,416881
1.7742,0.1711,40.0600,77,98,416884
1.7498,0.1711,40.0600,77,98,416887
1.7644,0.1662,39.9600,77,98,416891
1.7449,0.1662,40.0600,77,98,416894
1.7644,0.1613,40.1000,77,98,416898
1.7937,0.1711,40.1000,77,98,416902
1.7693,0.1662,40.0600,77,98,416905
1.8133,0.1711,39.9600,77,98,416908
1.7791,0.1564,40.0600,77,98,416912
1.7889,0.1662,40.0600,77,98,416915
1.8084,0.1662,40.1300,77,98,416918
1.8035,0.1662,40.1000,77,98,416921
1.8426,0.1613,39.8900,77,98,416925
1.8084,0.1808,40.0600,77,98,416928
1.8133,0.1662,40.0600,77,98,416931
1.8426,0.1711,39.9600,77,98,416935
1.8231,0.1613,40.0000,77,98,416939
1.8671,0.1662,39.8600,77,98,416942
1.8280,0.1711,40.0600,77,98,416946
1.8426,0.1564,40.0600,77,98,416949
1.8475,0.1662,40.0600,77,98,416952
1.8475,0.1662,40.1000,77,98,416956
1.9062,0.1711,39.8300,77,98,416959
1.8768,0.1662,40.0600,77,98,416962
1.8719,0.1564,40.0600,77,98,416965
1.8768,0.1613,39.7000,77,98,416969
1.8817,0.1662,40.0600,77,98,416972
1.9550,0.1711,39.8900,77,98,416975
1.8915,0.1613,40.0600,77,98,416979
1.9062,0.1662,39.9600,77,98,416983
1.9062,0.1662,40.1000,77,98,416986
1.9110,0.1613,40.1000,77,98,416990
1.9892,0.1760,39.9600,77,98,416993
1.9501,0.1662,40.1000,77,98,416996
1.9697,0.1662,40.0300,77,98,416999
1.9550,0.1662,40.1000,77,98,417003
1.9648,0.1613,40.1000,77,98,417006
1.9844,0.1613,40.0600,77,98,417009
1.9941,0.1662,40.1000,77,98,417013
2.0186,0.1711,39.9600,77,98,417016
1.9844,0.1662,40.0600,77,98,417019
1.9844,0.1613,40.1000,77,98,417024
2.0186,0.1711,40.0000,77,98,417027
2.0039,0.1613,40.1000,77,98,417030
2.0332,0.1613,39.8900,77,98,417033
2.0039,0.1613,39.9600,77,98,417037
1.9941,0.1857,40.0600,77,98,417040
2.0039,0.1711,40.1000,77,98,417043
1.9892,0.1613,40.0600,77,98,417047
2.0332,0.1613,39.8300,77,98,417050
1.9795,0.1613,40.0600,77,98,417053
1.9746,0.1613,40.0600,77,98,417057
1.9990,0.1711,40.0300,77,98,417060
1.9550,0.1515,40.1000,77,98,417063
1.9990,0.1711,39.8000,77,98,417067
1.9404,0.1613,39.9600,77,98,417071
1.9208,0.1564,40.0600,77,98,417074
1.9013,0.1711,40.0600,77,98,417077
1.8768,0.1613,40.0600,77,98,417081
1.9110,0.1808,39.9600,77,98,417084
1.8475,0.1808,40.1000,77,98,417087
1.8182,0.1466,40.0000,77,98,417091
1.7937,0.1613,40.1600,77,98,417094
1.7742,0.1613,40.1000,77,98,417097
1.7937,0.1711,39.8900,77,98,417101
1.7400,0.1662,40.0600,77,98,417104
1.7400,0.1613,40.0000,77,98,417107
1.6960,0.1613,40.0600,77,98,417111
1.7009,0.1613,40.0000,77,98,417115
1.7107,0.1613,40.0000,77,98,417118
1.6862,0.1662,40.0600,77,98,417121
1.7058,0.1711,39.9600,77,98,417125
1.6716,0.1564,40.1000,77,98,417128
1.6764,0.1515,40.0600,77,98,417131
1.6813,0.1662,39.9300,77,98,417135
1.6764,0.1662,40.0600,77,98,417138
1.6960,0.1662,39.9300,77,98,417141
1.6716,0.1613,40.0300,77,98,417144
1.6764,0.1613,40.1000,77,98,417148
1.6960,0.1711,39.9600,77,98,417152
1.6764,0.1613,40.1300,77,98,417155
1.7155,0.1711,39.8600,77,98,417159
1.6960,0.1662,39.9600,77,98,417162
1.6862,0.1515,40.0600,77,98,417165
1.6960,0.1662,40.0600,77,98,417169
1.6911,0.1613,40.1000,77,98,417172
1.7400,0.1711,39.7700,77,98,417175
1.6960,0.1515,40.0000,77,98,417179
1.7009,0.1564,40.5700,77,98,417182
1.7107,0.1760,40.1000,77,98,417185
1.7058,0.1613,40.0600,77,98,417188
1.7595,0.1808,40.1600,77,98,417192
1.7351,0.1711,40.0000,77,98,417196
1.7351,0.1515,40.0000,77,98,417199
1.7351,0.1662,40.0600,77,98,417203
1.7400,0.1613,40.1000,77,98,417206
1.7791,0.1711,40.0300,77,98,417209
1.7644,0.1613,40.0600,77,98,417213
1.7742,0.1515,39.9600,77,98,417216
1.7546,0.1662,40.1300,77,98,417219
1.7644,0.1613,40.1000,77,98,417223
1.7889,0.1760,39.8900,77,98,417226
1.7644,0.1613,40.1000,77,98,417229
1.7937,0.1662,40.0000,77,98,417232
1.7644,0.1662,40.1000,77,98,417236
1.7742,0.1613,40.1000,77,98,417240
1.7889,0.1662,40.0000,77,98,417243
1.7791,0.1662,40.1000,77,98,417247
1.8133,0.1662,39.8600,77,98,417250
1.7840,0.1711,40.0600,77,98,417253
1.7889,0.1662,40.1000,77,98,417257
1.8133,0.1711,40.0000,77,98,417260
1.7937,0.1613,40.0600,77,98,417263
1.8328,0.1613,39.8300,77,98,417266
1.7889,0.1564,40.1000,77,98,417270
1.8084,0.1564,40.1000,77,98,417273
1.8084,0.1515,40.0300,77,98,417276
1.7937,0.1564,40.0600,77,98,417281
1.8426,0.1760,39.8300,77,98,417284
1.8035,0.1515,39.9600,77,98,417287
1.7889,0.1564,40.0600,77,98,417291
1.7889,0.1662,40.0600,77,98,417294
1.7840,0.1613,40.0300,77,98,417297
1.8231,0.1760,39.8900,77,98,417301
1.7840,0.1662,40.1300,77,98,417304
1.7937,0.1808,39.9600,77,98,417307
1.7840,0.1662,40.1000,77,98,417310
1.7791,0.1613,40.0600,77,98,417314
1.8133,0.1711,39.9600,77,98,417317
1.7889,0.1808,40.1000,77,98,417320
1.7986,0.1760,39.9600,77,98,417325
1.7742,0.1613,40.1600,77,98,417328
1.7644,0.1613,40.0600,77,98,417331
1.7840,0.1613,40.0000,77,98,417335
1.7742,0.1613,40.0600,77,98,417338
1.7986,0.1564,39.9300,77,98,417341
1.7693,0.1613,40.0600,77,98,417345
1.7742,0.1662,40.0600,77,98,417348
1.7986,0.1711,39.9600,77,98,417351
1.7742,0.1711,40.0600,77,98,417354
1.8084,0.1662,39.8900,77,98,417358
1.7889,0.1662,40.2600,77,98,417361
1.7742,0.1613,40.1000,77,98,417364
1.7889,0.1662,40.0600,77,98,417369
1.7791,0.1613,40.0600,77,98,417372
1.8231,0.1711,39.8300,77,98,417375
1.7791,0.1662,40.0300,77,98,417379
1.7840,0.1613,40.1000,77,98,417382
1.7937,0.1662,40.2600,77,98,417385
1.7840,0.1662,40.0600,77,98,417389
1.8377,0.1808,39.8600,77,98,417392
1.8133,0.1808,40.0000,77,98,417395
1.7937,0.1613,40.0300,77,98,417398
1.7889,0.1662,40.1300,77,98,417402
1.7840,0.1662,40.1000,77,98,417406
1.7840,0.1613,40.0600,77,98,417411
1.8035,0.1515,40.0000,77,98,417414
1.7693,0.1662,40.0600,77,98,417417
1.8133,0.1613,39.9300,77,98,417421
1.7791,0.1613,40.0300,77,98,417424
1.7937,0.1662,40.1000,77,98,417427
1.8133,0.1662,40.0000,77,98,417431
1.8182,0.1662,39.8900,77,98,417434
1.8573,0.1662,39.9600,77,98,417437
1.8231,0.1564,40.1000,77,98,417441
1.8426,0.1613,40.1000,77,98,417444
1.8524,0.1711,39.9600,77,98,417447
1.8328,0.1564,40.1000,77,98,417451
1.8768,0.1711,39.8600,77,98,417455
1.8475,0.1662,40.0000,77,98,417458
1.8426,0.1613,40.1300,77,98,417461
1.8475,0.1662,40.0300,77,98,417465
1.8377,0.1613,40.1000,77,98,417468
1.8866,0.1808,39.8300,77,98,417471
1.8377,0.1857,40.0300,77,98,417475
1.8231,0.1613,40.0000,77,98,417478
1.8231,0.1613,40.0600,77,98,417481
1.8231,0.1613,40.0600,77,98,417485
1.8719,0.1711,39.8900,77,98,417488
1.8328,0.1662,40.0600,77,98,417491
1.8524,0.1662,39.9600,77,98,417495
1.8328,0.1662,40.0600,77,98,417499
1.8231,0.1613,40.0600,77,98,417502
1.8377,0.1711,40.0300,77,98,417505
1.8133,0.1613,40.0600,77,98,417509
1.8328,0.1711,39.9600,77,98,417512
1.7937,0.1564,40.1000,77,98,417515
1.7840,0.1613,40.0600,77,98,417519
1.8035,0.1662,40.0000,77,98,417522
1.7937,0.2004,40.0600,77,98,417525
1.8133,0.1955,39.9300,77,98,417528
1.7889,0.1613,40.1300,77,98,417532
1.7937,0.1711,40.0600,77,98,417536
1.8035,0.1711,39.6000,77,98,417539
1.7840,0.1662,40.0600,77,98,417543
1.8475,0.1662,39.8600,77,98,417546
1.7937,0.1515,40.0300,77,98,417549
1.7937,0.1808,40.0300,77,98,417553
1.8035,0.1662,40.0300,77,98,417556
1.7937,0.1662,40.1000,77,98,417559
1.8426,0.1760,39.8000,77,98,417563
1.7986,0.1662,40.3600,77,98,417566
1.7986,0.1613,40.0600,77,98,417569
1.8084,0.1662,40.0600,77,98,417572
1.8133,0.1515,40.1300,77,98,417576
1.8964,0.1808,39.8900,77,98,417580
1.9159,0.1711,40.0000,77,98,417583
1.9844,0.1613,40.1000,77,98,417587
2.0821,0.1613,40.1300,77,98,417590
2.1701,0.1613,40.1300,77,98,417593
2.3363,0.1711,39.9600,77,98,417597
2.3949,0.1662,40.0300,77,98,417600
2.5415,0.1662,39.9300,77,98,417603
2.6393,0.1662,40.1300,77,98,417607
2.7126,0.1662,40.1000,77,98,417610
2.6882,0.1711,39.9300,77,98,417613
2.4242,0.1662,40.0600,77,98,417616
2.1848,0.1711,40.0000,77,98,417620
1.8866,0.1613,40.0000,77,98,417624
1.6960,0.1662,40.1300,77,98,417627
1.6178,0.1662,40.0000,77,98,417631
1.6031,0.1711,40.0600,77,98,417634
1.6764,0.1662,39.8900,77,98,417637
1.6667,0.1613,40.1000,77,98,417641
1.6960,0.1613,40.0600,77,98,417644
1.7742,0.1760,39.9600,77,98,417647
1.7253,0.1613,40.0600,77,98,417651
1.7644,0.1711,39.9600,77,98,417654
1.7253,0.1613,40.0300,77,98,417657
1.7351,0.1613,40.0600,77,98,417660
1.7449,0.1662,40.0300,77,98,417665
1.7351,0.1613,40.0600,77,98,417668
1.7840,0.1857,39.8000,77,98,417671
1.7302,0.1662,40.0300,77,98,417675
1.7351,0.1564,40.0600,77,98,417678
1.7351,0.1760,40.1000,77,98,417681
1.7498,0.1613,40.1000,77,98,417685
1.7937,0.1760,40.3300,77,98,417688
1.7595,0.1613,40.0600,77,98,417691
1.7742,0.1613,40.0000,77,98,417694
1.7644,0.1662,40.0300,77,98,417698
1.7742,0.1662,40.1000,77,98,417701
1.7937,0.1711,39.9600,77,98,417704
1.7791,0.1662,40.0600,77,98,417709
1.8035,0.1662,39.9600,77,98,417712
1.7791,0.1662,39.9600,77,98,417715
1.7840,0.1613,40.1000,77,98,417719
1.8035,0.1662,40.0000,77,98,417722
1.7937,0.1613,40.0600,77,98,417725
1.8328,0.1760,39.8900,77,98,417729
1.8035,0.1662,40.0600,77,98,417732
1.8182,0.1613,40.0600,77,98,417735
1.8328,0.1711,40.0000,77,98,417738
1.8133,0.1613,40.1000,77,98,417742
1.8426,0.1662,39.8900,77,98,417745
1.8328,0.1564,39.9600,77,98,417748
1.8328,0.1613,40.0600,77,98,417753
1.8475,0.1711,40.0000,77,98,417756
1.8671,0.1613,40.1000,77,98,417759
1.9062,0.1711,39.8900,77,98,417763
1.8768,0.1662,40.0300,77,98,417766
1.8817,0.1613,40.1000,77,98,417769
1.9013,0.1808,40.0600,77,98,417773
1.8915,0.1613,40.1000,77,98,417776
1.9550,0.1808,39.8000,77,98,417779
1.9208,0.1662,39.9600,77,98,417782
1.9159,0.1662,40.0300,77,98,417786
1.9208,0.1662,40.0600,77,98,417789
1.9306,0.1760,40.0600,77,98,417793
1.9795,0.1760,39.9300,77,98,417797
1.9501,0.1515,40.0300,77,98,417800
1.9550,0.1613,39.5100,77,98,417803
1.9453,0.1662,40.1000,77,98,417807
1.9550,0.1662,40.0600,77,98,417810
1.9941,0.1760,39.8900,77,98,417813
1.9648,0.1662,40.1000,77,98,417816
1.9990,0.1662,39.9300,77,98,417820
1.9844,0.1613,40.0600,77,98,417823
1.9795,0.1613,40.1000,77,98,417826
1.9990,0.1613,40.0600,77,98,417830
1.9795,0.1662,40.0300,77,98,417833
2.0088,0.1662,40.0300,77,98,417837
1.9697,0.1613,40.0600,77,98,417841
1.9990,0.1613,40.2300,77,98,417844
1.9892,0.1662,39.9600,77,98,417847
1.9648,0.1662,40.0600,77,98,417850
1.9892,0.1564,39.8900,77,98,417854
1.9599,0.1662,39.4400,77,98,417857
1.9599,0.1711,40.0600,77,98,417860
1.9648,0.1711,40.0300,77,98,417864
1.9355,0.1662,40.1000,77,98,417867
1.9550,0.1711,39.8300,77,98,417870
1.9159,0.1711,40.0300,77,98,417874
1.8817,0.1613,40.1000,77,98,417878
1.8622,0.1662,40.0600,77,98,417881
1.8377,0.1662,40.1000,77,98,417885
1.8768,0.1808,39.8300,77,98,417888
1.8035,0.1662,39.9600,77,98,417891
1.7742,0.1515,40.0300,77,98,417894
1.7595,0.1662,40.0600,77,98,417898
1.7302,0.1662,40.1300,77,98,417901
1.7546,0.1760,39.9300,77,98,417904
1.7155,0.1711,40.0300,77,98,417908
1.7009,0.1662,40.0000,77,98,417911
1.6716,0.1613,40.0600,77,98,417914
1.6667,0.1613,40.0600,77,98,417918
1.7107,0.1711,40.0300,77,98,417922
1.6569,0.1613,40.0600,77,98,417925
1.6618,0.2199,39.9300,77,98,417929
1.6422,0.1662,40.1000,77,98,417932
1.6373,0.1613,40.1000,77,98,417935
1.6618,0.1662,39.8900,77,98,417938
1.6373,0.1662,40.1000,77,98,417942
1.6667,0.1662,39.9300,77,98,417945
1.6422,0.1613,40.0300,77,98,417948
1.6422,0.1662,40.0000,77,98,417952
1.6569,0.1662,40.0000,77,98,417955
1.6520,0.1662,40.2000,77,98,417958
1.6813,0.1760,39.8600,77,98,417963
1.6569,0.1662,40.1300,77,98,417966
1.6618,0.1613,40.0600,77,98,417969
1.7009,0.1711,40.0300,77,98,417973
1.6667,0.1662,40.1300,77,98,417976
1.7155,0.1857,39.8300,77,98,417979
1.6813,0.1613,40.0600,77,98,417982
1.6813,0.1711,40.1600,77,98,417986
1.6862,0.1711,40.0600,77,98,417989
1.6960,0.1662,40.0600,77,98,417992
1.7546,0.1711,39.8600,77,98,417996
1.7204,0.1711,39.8600,77,98,417999
1.7107,0.1564,40.0000,77,98,418002
1.7107,0.1662,40.2000,77,98,418007
1.7204,0.1564,40.0600,77,98,418010
1.7595,0.1760,39.9300,77,98,418013
1.7595,0.1662,40.0000,77,98,418018
1.7449,0.1662,40.0600,77,98,418021
1.7693,0.1662,39.9300,77,98,418025
1.7400,0.1613,40.1300,77,98,418028
1.7449,0.1613,40.0600,77,98,418031
1.7791,0.1662,39.9600,77,98,418034
1.7546,0.1662,40.0600,77,98,418038
1.7889,0.1711,39.8300,77,98,418041
1.7595,0.1662,40.1000,77,98,418044
1.7644,0.1613,40.0600,77,98,418049
1.7986,0.1711,40.0300,77,98,418052
1.7595,0.1613,40.0600,77,98,418055
1.8035,0.1857,39.8300,77,98,418059
1.7742,0.1515,39.9600,77,98,418062
1.7595,0.1613,40.0600,77,98,418065
1.7644,0.1515,40.0600,77,98,418069
1.7595,0.1662,40.0600,77,98,418072
1.8133,0.1711,39.8600,77,98,418075
1.7644,0.1711,40.2000,77,98,418078
1.7595,0.1613,40.0000,77,98,418082
1.7546,0.1662,40.0600,77,98,418085
1.7400,0.1662,40.0600,77,98,418088
1.7693,0.1760,39.9600,77,98,418093
1.7449,0.1711,40.0300,77,98,418096
1.7449,0.1711,40.0300,77,98,418099
1.7351,0.1711,40.0600,77,98,418103
1.7253,0.1662,40.0600,77,98,418106
1.7449,0.1760,40.0300,77,98,418109
1.7204,0.1662,40.0600,77,98,418112
1.7400,0.1662,39.9300,77,98,418116
1.7107,0.1760,40.1000,77,98,418119
1.7204,0.1515,40.1300,77,98,418122
1.7449,0.1662,39.9600,77,98,418126
1.7204,0.1662,40.1000,77,98,418129
1.7400,0.1662,39.9300,77,98,418132
1.7107,0.1613,40.0000,77,98,418137
1.7155,0.1613,40.0600,77,98,418140
1.7351,0.1711,40.0300,77,98,418143
1.7155,0.1662,40.0600,77,98,418147
1.7449,0.1711,39.8300,77,98,418150
1.7107,0.1662,40.0600,77,98,418153
1.7107,0.1613,40.2300,77,98,418156
1.7253,0.1760,40.0300,77,98,418160
1.6960,0.1662,40.0600,77,98,418163
1.7498,0.1711,39.8300,77,98,418166
1.7204,0.1662,40.0000,77,98,418170
1.7155,0.1613,40.1000,77,98,418173
1.7204,0.1711,40.0600,77,98,418177
1.7155,0.1662,40.1600,77,98,418181
1.7644,0.1760,39.8900,77,98,418184
1.7302,0.1711,40.0000,77,98,418187
1.7155,0.1613,40.0000,77,98,418191
1.7058,0.1711,40.1000,77,98,418194
1.6960,0.1613,40.0600,77,98,418197
1.7351,0.1760,39.9300,77,98,418200
1.7058,0.1662,40.0300,77,98,418204
1.7155,0.1662,39.1900,77,98,418207
1.6911,0.1662,40.0600,77,98,418210
1.6960,0.1662,40.1000,77,98,418214
1.7155,0.1711,40.0000,77,98,418217
1.7498,0.1760,40.0600,77,98,418221
1.7351,0.1711,40.0000,77,98,418225
1.7204,0.1662,40.1000,77,98,418228
1.7351,0.1662,40.1000,77,98,418231
1.7498,0.1711,39.9600,77,98,418235
1.7351,0.1662,40.0600,77,98,418238
1.7644,0.1662,39.9600,77,98,418241
1.7400,0.1613,40.0600,77,98,418244
1.7546,0.1662,40.0600,77,98,418248
1.7693,0.1711,39.9600,77,98,418251
1.7546,0.1662,40.1000,77,98,418254
1.7889,0.1711,39.0000,77,98,418258
1.7546,0.1613,40.0000,77,98,418262
1.7302,0.1613,40.0600,77,98,418265
1.7253,0.1711,40.0300,77,98,418269
1.7302,0.1662,40.1000,77,98,418272
1.7742,0.1515,39.9300,77,98,418275
1.7400,0.1662,40.0300,77,98,418279
1.7449,0.1613,40.0600,77,98,418282
1.7498,0.1662,40.0300,77,98,418285
1.7449,0.1613,40.1000,77,98,418288
1.7889,0.1808,40.0000,77,98,418292
1.7546,0.1662,40.0000,77,98,418295
1.7351,0.1613,40.0000,77,98,418298
1.7155,0.1662,40.1000,77,98,418302
1.7058,0.1613,40.1000,77,98,418306
1.7204,0.1515,40.0300,77,98,418309
1.6911,0.1662,40.0600,77,98,418313
1.7107,0.1662,39.9300,77,98,418316
1.6862,0.1662,40.1000,77,98,418319
1.7107,0.1613,40.1000,77,98,418322
1.7204,0.1711,39.9300,77,98,418326
1.6911,0.1613,40.0600,77,98,418329
1.7302,0.1662,39.9300,77,98,418332
1.6960,0.1613,40.0300,77,98,418336
1.7204,0.1613,40.1300,77,98,418339
1.7107,0.1711,40.0300,77,98,418342
1.7155,0.1662,40.0600,77,98,418347
1.7351,0.1662,39.8600,77,98,418350
1.7302,0.1613,40.0600,77,98,418353
1.7107,0.1662,40.1000,77,98,418357
1.7351,0.1711,40.1300,77,98,418360
1.7009,0.1613,40.1000,77,98,418363
1.7449,0.1711,39.8300,77,98,418366
1.7204,0.1857,39.9600,77,98,418370
1.7400,0.1613,40.1000,77,98,418373
1.7840,0.1662,40.1300,77,98,418376
1.8524,0.1662,40.1000,77,98,418380
1.9990,0.1808,39.8600,77,98,418383
2.0479,0.1955,40.0300,77,98,418386
2.1310,0.1662,40.0300,77,98,418391
2.2532,0.1662,40.0600,77,98,418394
2.3851,0.1613,40.1000,77,98,418397
2.5660,0.1760,39.9300,77,98,418401
2.6100,0.1662,40.1000,77,98,418404
2.5806,0.1613,39.9600,77,98,418407
2.3705,0.1662,40.1000,77,98,418410
2.1065,0.1662,40.0600,77,98,418414
1.8524,0.1711,39.9600,77,98,418417
1.6178,0.1662,40.1300,77,98,418420
1.5103,0.1711,39.9300,77,98,418424
1.4565,0.1662,40.1000,77,98,418427
1.4858,0.1711,40.1000,77,98,418430
1.5347,0.1515,40.0000,77,98,418435
1.5689,0.1857,40.1000,77,98,418438
1.6520,0.1711,39.9300,77,98,418441
1.6178,0.1760,40.1300,77,98,418445
1.6276,0.1613,40.1000,77,98,418448
1.6569,0.1711,40.1300,77,98,418451
1.6471,0.1662,40.1000,77,98,418454
1.6813,0.1711,39.8600,77,98,418458
1.6569,0.1760,40.1000,77,98,418461
1.6422,0.1662,40.0600,77,98,418464
1.6520,0.2053,40.0600,77,98,418468
1.6618,0.1613,40.0600,77,98,418471
1.6911,0.1711,39.8000,77,98,418475
1.6569,0.1662,40.0300,77,98,418479
1.6471,0.1613,40.0600,77,98,418482
1.6618,0.1662,40.0600,77,98,418485
1.6569,0.1662,40.0600,77,98,418489
1.7155,0.1808,39.8900,77,98,418492
1.6813,0.1711,39.9600,77,98,418495
1.6764,0.1662,40.0300,77,98,418498
1.6716,0.1662,40.1000,77,98,418502
1.6862,0.1613,40.1000,77,98,418505
1.7155,0.1760,40.0000,77,98,418508
1.6960,0.1711,40.0300,77,98,418512
1.7204,0.1662,39.9300,77,98,418515
1.7009,0.1662,40.1000,77,98,418519
1.7107,0.1564,40.0600,77,98,418523
1.7449,0.1711,39.9300,77,98,418526
1.7204,0.1760,40.1000,77,98,418529
1.7498,0.1808,39.9600,77,98,418532
1.7253,0.1613,40.0000,77,98,418536
1.7253,0.1662,40.1000,77,98,418539
1.7400,0.1711,40.1000,77,98,418542
1.7351,0.1662,40.1600,77,98,418546
1.7693,0.1662,39.8900,77,98,418549
1.7449,0.1662,40.0300,77,98,418552
1.7644,0.1662,40.0600,77,98,418556
1.7840,0.1760,40.0600,77,98,418560
1.7644,0.1760,40.0600,77,98,418563
1.8084,0.1711,39.8300,77,98,418567
1.7742,0.1613,40.0300,77,98,418570
1.7840,0.1711,40.0600,77,98,418573
1.7986,0.1711,40.0600,77,98,418576
1.7937,0.1662,40.1300,77,98,418580
1.8524,0.1760,39.8300,77,98,418583
1.8182,0.1711,39.9300,77,98,418586
1.8182,0.1564,40.0600,77,98,418590
1.8280,0.1662,40.2600,77,98,418593
1.8328,0.1613,40.0600,77,98,418596
1.8964,0.1711,39.9300,77,98,418600
1.8573,0.1906,40.1000,77,98,418604
1.8768,0.1662,40.0000,77,98,418607
1.8719,0.1515,40.0600,77,98,418611
1.8671,0.1662,40.2000,77,98,418614
1.9159,0.1711,39.9600,77,98,418617
1.8817,0.1662,39.9300,77,98,418620
1.8964,0.1711,39.9300,77,98,418624
1.8719,0.1662,40.0600,77,98,418627
1.8573,0.1662,40.0600,77,98,418631
1.8524,0.1662,40.1000,77,98,418634
1.8622,0.1711,40.0000,77,98,418637
1.8377,0.1662,40.1000,77,98,418641
1.8768,0.1760,39.8300,77,98,418644
1.8328,0.1711,40.0000,77,98,418648
1.8035,0.1564,40.1000,77,98,418652
1.7986,0.1662,40.0600,77,98,418655
1.7742,0.1662,40.0600,77,98,418658
1.8084,0.1760,39.8000,77,98,418662
1.7498,0.1662,40.0600,77,98,418665
1.7302,0.1613,40.0000,77,98,418668
1.7155,0.1613,40.0600,77,98,418671
1.6911,0.1662,40.1000,77,98,418675
1.7204,0.1808,39.9600,77,98,418678
1.7009,0.1760,40.0000,77,98,418681
1.6520,0.1613,40.0000,77,98,418685
1.6325,0.1662,39.4800,77,98,418689
1.6227,0.1613,40.1000,77,98,418692
1.6373,0.1711,40.0000,77,98,418696
1.6373,0.1613,40.0300,77,98,418699
1.6129,0.1515,39.9300,77,98,418702
1.5885,0.1613,40.1000,77,98,418706
1.5885,0.1613,40.1000,77,98,418709
1.6129,0.1662,39.9300,77,98,418712
1.5787,0.1711,40.0600,77,98,418715
1.6080,0.1662,39.9300,77,98,418719
1.5689,0.1662,40.0300,77,98,418722
1.5787,0.1662,40.1000,77,98,418725
1.5885,0.1711,40.1000,77,98,418729
1.5836,0.1662,40.1000,77,98,418733
1.6080,0.1662,39.8900,77,98,418736
1.5885,0.1662,40.0300,77,98,418740
1.5885,0.1662,40.1000,77,98,418743
1.6129,0.1906,39.9600,77,98,418746
1.5982,0.1662,40.1300,77,98,418749
1.6422,0.1711,39.8600,77,98,418753
1.6031,0.1613,40.0000,77,98,418756
1.6178,0.1613,40.0600,77,98,418759
1.6276,0.1711,40.1300,77,98,418763
1.6227,0.1613,40.1000,77,98,418766
1.6764,0.1857,39.8300,77,98,418769
1.6520,0.1711,40.0000,77,98,418774
1.6373,0.1613,40.3600,77,98,418777
1.6569,0.1662,40.1000,77,98,418780
1.6667,0.1662,40.1000,77,98,418784
1.7058,0.1857,39.8900,77,98,418787
1.6764,0.1662,40.0600,77,98,418790
1.6911,0.1662,40.0600,77,98,418794
1.6764,0.1662,40.0000,77,98,418797
1.6764,0.1613,40.1000,77,98,418800
1.6960,0.1760,40.0000,77,98,418803
1.6862,0.1711,40.1000,77,98,418807
1.7058,0.1662,40.0000,77,98,418810
1.6862,0.1662,40.0600,77,98,418813
1.6960,0.1613,40.1000,77,98,418818
1.7107,0.1662,40.0600,77,98,418821
1.7058,0.1711,40.1000,77,98,418824
1.7351,0.1662,40.0300,77,98,418828
1.7058,0.1906,40.1300,77,98,418831
1.7155,0.1662,40.0600,77,98,418834
1.7302,0.1711,39.9600,77,98,418837
1.7058,0.1613,40.0600,77,98,418841
1.7400,0.1515,39.8600,77,98,418844
1.7155,0.1857,39.9600,77,98,418847
1.7107,0.1662,40.0600,77,98,418851
1.7155,0.1808,40.0300,77,98,418854
1.7107,0.1662,40.1000,77,98,418857
1.7498,0.1711,39.9300,77,98,418862
1.7107,0.1662,40.0300,77,98,418865
1.7107,0.1613,40.1000,77,98,418868
1.7155,0.1760,40.1000,77,98,418872
1.7107,0.1662,40.1000,77,98,418875
1.7546,0.1808,39.8600,77,98,418878
1.7204,0.1760,39.9600,77,98,418881
1.7009,0.1613,40.0600,77,98,418885
1.7009,0.1662,40.0600,77,98,418888
1.7009,0.1662,40.0600,77,98,418891
1.7351,0.1760,39.9600,77,98,418895
1.7058,0.1662,40.0600,77,98,418898
1.7302,0.1760,39.9600,77,98,418902
1.6960,0.1662,39.9600,77,98,418906
1.7009,0.1711,40.1000,77,98,418909
1.7253,0.1711,39.8900,77,98,418912
1.7058,0.1955,40.1000,77,98,418916
1.7253,0.1711,39.9600,77,98,418919
1.7009,0.1662,40.1000,77,98,418922
1.7009,0.1662,40.0600,77,98,418925
1.7155,0.1711,40.0300,77,98,418929
1.7058,0.1662,39.9300,77,98,418932
1.7302,0.1662,39.9300,77,98,418935
1.7058,0.1515,40.0600,77,98,418939
1.7107,0.1857,40.1000,77,98,418942
1.7302,0.1662,39.9600,77,98,418946
1.7107,0.1662,40.1300,77,98,418950
1.7449,0.1711,39.8600,77,98,418953
1.7155,0.1564,40.0600,77,98,418956
1.7204,0.1662,40.1000,77,98,418959
1.7351,0.1515,40.0300,77,98,418963
1.7155,0.1662,40.0600,77,98,418966
1.7644,0.1808,39.8000,77,98,418969
1.7253,0.1711,40.0000,77,98,418973
1.7107,0.1613,40.0300,77,98,418976
1.7155,0.1515,40.0600,77,98,418979
1.7155,0.1662,40.0000,77,98,418983
1.7937,0.1857,39.9300,77,98,418987
1.7302,0.1662,40.0000,77,98,418990
1.7449,0.1662,40.0000,77,98,418994
1.7302,0.1662,40.1000,77,98,418997
1.7302,0.1662,39.2200,77,98,419000
1.7840,0.1711,39.9600,77,98,419003
1.7449,0.1662,39.9600,77,98,419007
1.7546,0.1564,39.9300,77,98,419010
1.7400,0.1662,40.3300,77,98,419013
1.7498,0.1613,40.1000,77,98,419017
1.7644,0.1662,39.9600,77,98,419020
1.7791,0.1613,40.0600,77,98,419023
1.7693,0.1711,40.0000,77,98,419027
1.7302,0.1613,40.1000,77,98,419031
1.7351,0.1613,40.0600,77,98,419034
1.7498,0.1711,40.0000,77,98,419038
1.7302,0.1662,40.1000,77,98,419041
1.7595,0.1662,39.8900,77,98,419044
1.7546,0.1613,39.9600,77,98,419048
1.7498,0.1613,40.2000,77,98,419051
1.7693,0.1711,40.0300,77,98,419054
1.7644,0.1662,40.2000,77,98,419057
1.8133,0.1662,39.8000,77,98,419061
1.7742,0.1662,40.0300,77,98,419064
1.7791,0.1808,40.0600,77,98,419067
1.7986,0.1711,40.0600,77,98,419072
1.7742,0.1662,40.1000,77,98,419075
1.8328,0.1857,40.3000,77,98,419078
1.7937,0.1613,39.9600,77,98,419082
1.7791,0.1613,40.0600,77,98,419085
1.7693,0.1662,40.1000,77,98,419088
1.7595,0.1613,40.2000,77,98,419092
1.7986,0.1662,39.9600,77,98,419095
1.7595,0.1711,40.0300,77,98,419098
1.7742,0.1662,39.9600,77,98,419101
1.7644,0.1662,40.1000,77,98,419105
1.7742,0.1662,40.0600,77,98,419108
1.8084,0.1808,39.8900,77,98,419111
1.7742,0.1515,40.0600,77,98,419116
1.7986,0.1662,39.9300,77,98,419119
1.7791,0.1711,40.1000,77,98,419122
1.7644,0.1662,39.9600,77,98,419126
1.7791,0.1662,40.0300,77,98,419129
1.7595,0.1662,40.0600,77,98,419132
1.7742,0.1613,39.9300,77,98,419136
1.7351,0.1662,40.0600,77,98,419139
1.7400,0.1564,40.1000,77,98,419142
1.7889,0.1662,39.9300,77,98,419145
1.7351,0.1662,40.1600,77,98,419149
1.7693,0.1662,39.8600,77,98,419152
1.7351,0.1662,40.1000,77,98,419155
1.7400,0.1662,40.1000,77,98,419160
1.7498,0.1711,40.1600,77,98,419163
1.7449,0.1662,40.1000,77,98,419166
1.7986,0.1760,39.6700,77,98,419170
1.7693,0.1760,39.9600,77,98,419173
1.7595,0.1564,40.1000,77,98,419176
1.7742,0.1662,40.1000,77,98,419180
1.7644,0.1662,40.0600,77,98,419183
1.8182,0.1808,39.9600,77,98,419186
1.8133,0.1711,40.0600,77,98,419189
1.7889,0.1515,40.0300,77,98,419193
1.7889,0.1857,40.0300,77,98,419196
1.8084,0.1662,40.0600,77,98,419200
1.8964,0.1711,39.9600,77,98,419204
1.9550,0.1711,40.1300,77,98,419207
2.0919,0.1711,39.9600,77,98,419210
2.1261,0.1662,40.1000,77,98,419214
2.2287,0.1613,40.1000,77,98,419217
2.3558,0.1711,40.0000,77,98,419220
2.4780,0.1662,40.0600,77,98,419224
2.6295,0.1760,39.9600,77,98,419227
2.6637,0.1662,40.1000,77,98,419230
2.5953,0.1662,40.1600,77,98,419233
2.4096,0.1711,40.0000,77,98,419237
1.5689,0.1662,40.0600,77,98,419240
1.6031,0.1662,40.3300,77,98,419245
1.6813,0.1808,39.8000,77,98,419248
1.6716,0.1662,40.0300,77,98,419251
1.6813,0.1613,40.3000,77,98,419255
1.6960,0.1613,40.0600,77,98,419258
1.6911,0.1662,40.0600,77,98,419261
1.7449,0.1808,39.8300,77,98,419265
1.7107,0.1711,40.0000,77,98,419268
1.7009,0.1613,40.0300,77,98,419271
1.6911,0.1662,40.0600,77,98,419274
1.6911,0.1613,40.1000,77,98,419278
1.7253,0.1760,39.9600,77,98,419281
1.7107,0.1662,40.0300,77,98,419284
1.7204,0.1662,40.0000,77,98,419289
1.7058,0.1613,40.1000,77,98,419292
1.7107,0.1662,40.1000,77,98,419295
1.7400,0.1711,40.0600,77,98,419299
1.7204,0.1613,40.0600,77,98,419302
1.7449,0.1515,40.1000,77,98,419305
1.7204,0.1955,40.0600,77,98,419309
1.7253,0.1711,40.1000,77,98,419312
1.7400,0.1711,40.0300,77,98,419315
1.7351,0.1564,40.1000,77,98,419318
1.7644,0.1662,39.9300,77,98,419322
1.7449,0.1955,40.0600,77,98,419325
1.7498,0.1662,40.0600,77,98,419329
1.7791,0.1760,40.0000,77,98,419333
1.7644,0.1613,40.0600,77,98,419336
1.8328,0.1711,39.8600,77,98,419339
1.7693,0.1564,40.0300,77,98,419343
1.7693,0.1662,40.0600,77,98,419346
1.7889,0.1711,40.0600,77,98,419349
1.7840,0.1662,40.0600,77,98,419352
1.8426,0.1760,39.8000,77,98,419356
1.8035,0.1515,40.0000,77,98,419359
1.7986,0.1613,40.0600,77,98,419362
1.8035,0.1662,40.0600,77,98,419366
1.8133,0.1662,40.0600,77,98,419369
1.8768,0.1808,39.9300,77,98,419373
1.8377,0.1662,40.0600,77,98,419377
1.8426,0.1613,40.0000,77,98,419380
1.8719,0.1613,40.1000,77,98,419383
1.8426,0.1613,40.0600,77,98,419387
1.8964,0.1711,40.0600,77,98,419390
1.9208,0.1613,40.0300,77,98,419393
1.9013,0.1662,39.9600,77,98,419396
1.8817,0.2004,40.0600,77,98,419400
1.8964,0.1613,40.1000,77,98,419403
1.9208,0.1711,40.0600,77,98,419406
1.9110,0.1906,40.0300,77,98,419410
1.9404,0.1760,39.9300,77,98,419414
1.9159,0.1613,40.1000,77,98,419417
1.9257,0.1564,40.1000,77,98,419421
1.9599,0.1515,39.9600,77,98,419424
1.9355,0.1906,40.1000,77,98,419427
1.9892,0.1613,39.9300,77,98,419430
1.9550,0.1613,39.9600,77,98,419434
1.9501,0.1711,40.1000,77,98,419437
1.9648,0.1662,39.8900,77,98,419440
1.9501,0.1662,40.1000,77,98,419444
1.9941,0.1711,39.9600,77,98,419447
1.9844,0.1613,40.0600,77,98,419450
1.9501,0.1613,40.1000,77,98,419454
1.9599,0.1711,40.0300,77,98,419458
1.9306,0.1613,40.0600,77,98,419461
1.9892,0.1760,39.7700,77,98,419465
1.9453,0.1662,39.9600,77,98,419468
1.9208,0.1564,39.5400,77,98,419471
1.9062,0.1662,40.0300,77,98,419474
1.8866,0.1662,40.1000,77,98,419478
1.9257,0.2053,39.9300,77,98,419481
1.8719,0.1613,40.0300,77,98,419484
1.8524,0.1613,39.9600,77,98,419488
1.8182,0.1662,40.0600,77,98,419491
1.8035,0.1613,40.0000,77,98,419494
1.8182,0.1760,39.8900,77,98,419499
1.7693,0.1662,40.0600,77,98,419502
1.7742,0.1662,39.9300,77,98,419505
1.7302,0.1613,40.1000,77,98,419509
1.7155,0.1662,40.2000,77,98,419512
1.7155,0.1613,40.0000,77,98,419515
1.6911,0.1662,40.0600,77,98,419518
1.7009,0.1662,39.3200,77,98,419522
1.6569,0.1662,40.1000,77,98,419525
1.6569,0.1613,40.0600,77,98,419528
1.6618,0.1662,40.0000,77,98,419532
1.6471,0.1613,40.0600,77,98,419535
1.6716,0.1662,39.8600,77,98,419538
1.6422,0.1662,39.8600,77,98,419543
1.6471,0.1515,40.1300,77,98,419546
1.6667,0.1760,40.0000,77,98,419549
1.6471,0.1662,40.1000,77,98,419553
1.6911,0.1711,40.0300,77,98,419556
1.6813,0.1711,40.0000,77,98,419559
1.6520,0.1515,40.1300,77,98,419562
1.6911,0.1613,40.0600,77,98,419566
1.6618,0.1662,40.1300,77,98,419569
1.7107,0.1808,39.8600,77,98,419572
1.6716,0.1662,40.0600,77,98,419576
1.6716,0.1613,40.2300,77,98,419579
1.6813,0.1613,40.0600,77,98,419582
1.6764,0.1613,40.1000,77,98,419587
1.7155,0.1760,39.9300,77,98,419590
1.7058,0.1515,40.0300,77,98,419593
1.7155,0.1662,40.0000,77,98,419597
1.7107,0.1662,40.0600,77,98,419600
1.7155,0.1613,40.2000,77,98,419603
1.7400,0.1760,40.0300,77,98,419606
1.7302,0.1662,40.0600,77,98,419610
1.7595,0.1711,39.9300,77,98,419613
1.7400,0.1662,40.0600,77,98,419616
1.7351,0.1515,40.0600,77,98,419620
1.7693,0.1711,39.9600,77,98,419623
1.7498,0.1662,40.0600,77,98,419627
1.7791,0.1662,39.9300,77,98,419631
1.7693,0.1564,40.0000,77,98,419634
1.7644,0.1662,40.1000,77,98,419637
1.7742,0.1711,40.0000,77,98,419641
1.7693,0.1515,40.1000,77,98,419644
1.8084,0.1711,39.8000,77,98,419647
1.7840,0.1662,40.0600,77,98,419650
1.7791,0.1613,40.1300,77,98,419654
1.7937,0.1808,40.0000,77,98,419657
1.7742,0.1613,40.0600,77,98,419660
1.8231,0.1711,39.8300,77,98,419664
1.7889,0.1613,40.0000,77,98,419667
1.7889,0.1613,40.0600,77,98,419671
1.7937,0.1906,40.0300,77,98,419675
1.7889,0.1662,40.0600,77,98,419678
1.8475,0.1808,39.9600,77,98,419681
1.8084,0.1857,40.0300,77,98,419684
1.7937,0.1662,40.1000,77,98,419688
1.7937,0.1662,40.1600,77,98,419691
1.7889,0.1662,40.1000,77,98,419694
1.8133,0.1711,39.8900,77,98,419698
1.7889,0.1711,40.0600,77,98,419701
1.7986,0.1662,39.9600,77,98,419704
1.7791,0.1662,39.9300,77,98,419708
1.7742,0.1808,40.1000,77,98,419712
1.7937,0.1515,40.0000,77,98,419715
1.7791,0.1662,40.0000,77,98,419719
1.7986,0.1613,39.9600,77,98,419722
1.7742,0.1515,40.1000,77,98,419725
1.7742,0.1711,40.1000,77,98,419728
1.7889,0.1662,40.0000,77,98,419732
1.7693,0.1662,40.0000,77,98,419735
1.7889,0.1662,39.9300,77,98,419738
1.7644,0.1662,40.0600,77,98,419742
1.7644,0.1662,40.1000,77,98,419745
1.7840,0.1760,40.0000,77,98,419748
1.7498,0.1613,40.2000,77,98,419752
1.8035,0.1711,39.8600,77,98,419756
1.7595,0.1711,39.6400,77,98,419759
1.7400,0.1613,40.1000,77,98,419763
1.7546,0.1662,39.4100,77,98,419766
1.7498,0.1711,40.1000,77,98,419769
1.8035,0.1711,39.8300,77,98,419772
1.7644,0.1613,40.0000,77,98,419776
1.7595,0.1515,40.0300,77,98,419779
1.7595,0.1662,39.9600,77,98,419782
1.7693,0.1662,40.1000,77,98,419786
1.7986,0.1808,39.9600,77,98,419789
1.7742,0.1906,40.0300,77,98,419792
1.7791,0.1613,40.0000,77,98,419796
1.7595,0.1662,40.0600,77,98,419800
1.7644,0.1613,40.1000,77,98,419803
1.7937,0.1760,40.1300,77,98,419807
1.7644,0.1613,40.0600,77,98,419810
1.7791,0.1662,39.9600,77,98,419813
1.7546,0.1711,40.0600,77,98,419816
1.7595,0.1613,40.1000,77,98,419820
1.7889,0.1760,40.0000,77,98,419823
1.7693,0.1662,40.1000,77,98,419826
1.7889,0.1662,39.9600,77,98,419830
1.7595,0.1613,40.0300,77,98,419833
1.7742,0.1662,40.0300,77,98,419836
1.7840,0.1711,40.0000,77,98,419841
1.7742,0.1760,40.1000,77,98,419844
1.7986,0.1662,39.8900,77,98,419847
1.8133,0.1760,39.8300,77,98,419851
1.7742,0.1662,39.9600,77,98,419854
1.7742,0.1515,40.0300,77,98,419858
1.7840,0.1662,40.1000,77,98,419861
1.7937,0.1662,40.1000,77,98,419864
1.8475,0.1808,39.8900,77,98,419867
1.8231,0.1808,40.0300,77,98,419871
1.8182,0.1613,40.0000,77,98,419874
1.8182,0.1564,40.0300,77,98,419877
1.8426,0.1613,40.1300,77,98,419881
1.8524,0.1711,40.1300,77,98,419885
1.8280,0.1662,40.0600,77,98,419888
1.8524,0.1662,39.9300,77,98,419892
1.8280,0.1613,40.1300,77,98,419895
1.8280,0.1515,40.0600,77,98,419898
1.8377,0.1857,40.0000,77,98,419902
1.8133,0.1662,40.0600,77,98,419905
1.8377,0.1515,39.9600,77,98,419908
1.7986,0.1613,40.0600,77,98,419911
1.8377,0.1564,40.0600,77,98,419915
1.8133,0.1662,39.9600,77,98,419918
1.8084,0.1662,40.1000,77,98,419921
1.8768,0.1613,39.8900,77,98,419926
1.8133,0.1662,40.1300,77,98,419929
1.8133,0.1711,40.0600,77,98,419932
1.8280,0.1711,39.1600,77,98,419936
1.7986,0.1613,40.0600,77,98,419939
1.8426,0.1711,39.8900,77,98,419942
1.8035,0.1808,40.0000,77,98,419946
1.8084,0.1662,40.1000,77,98,419949
1.7889,0.1662,40.2600,77,98,419952
1.7986,0.1760,40.1000,77,98,419955
1.8231,0.1808,39.8300,77,98,419959
1.7791,0.1857,40.1000,77,98,419962
1.7791,0.1662,40.0300,77,98,419965
1.7742,0.1711,40.1300,77,98,419970
1.8035,0.1613,40.1000,77,98,419973
1.8133,0.1760,39.9300,77,98,419976
1.7889,0.1760,40.0000,77,98,419980
1.7986,0.1662,39.9600,77,98,419983
1.7791,0.1662,40.2000,77,98,419986
1.7889,0.1613,40.0600,77,98,419990
1.8035,0.1711,40.0300,77,98,419993
1.7889,0.1662,40.0600,77,98,419996
1.8084,0.1613,39.9600,77,98,419999
1.7840,0.1662,40.2000,77,98,420003
1.7840,0.1711,40.1000,77,98,420006
1.8231,0.1711,39.9600,77,98,420009
1.8035,0.1760,40.1000,77,98,420014
1.8524,0.1613,39.9300,77,98,420017
1.8817,0.1613,40.0300,77,98,420020
1.9599,0.1662,40.1000,77,98,420024
2.0674,0.1711,40.0000,77,98,420027
2.1505,0.1662,40.0600,77,98,420030
2.2825,0.1711,39.8900,77,98,420033
2.3558,0.1662,40.0600,77,98,420037
2.4829,0.1662,40.0600,77,98,420040
2.6393,0.1760,40.0000,77,98,420043
2.6882,0.1662,40.0600,77,98,420047
2.6979,0.1711,39.8300,77,98,420050
2.4487,0.1613,40.0000,77,98,420054
2.1848,0.1613,40.1000,77,98,420058
1.9208,0.1515,40.0600,77,98,420061
1.7107,0.1662,40.0300,77,98,420064
1.6618,0.1808,39.8300,77,98,420067
1.6080,0.1711,40.1300,77,98,420071
1.6178,0.1613,40.0000,77,98,420074
1.6569,0.1662,40.1000,77,98,420077
1.6813,0.1662,40.1600,77,98,420081
1.7546,0.1760,39.8900,77,98,420084
1.7204,0.1662,40.0600,77,98,420087
1.7302,0.1662,39.9600,77,98,420091
1.7253,0.1662,40.0600,77,98,420094
1.7155,0.1662,40.1000,77,98,420098
1.7400,0.1760,39.9600,77,98,420102
1.7253,0.1662,40.1000,77,98,420105
1.7400,0.1662,40.0000,77,98,420108
1.7155,0.1711,40.1000,77,98,420111
1.7204,0.1662,40.0600,77,98,420115
1.7302,0.1662,40.0000,77,98,420118
1.7302,0.1662,40.0600,77,98,420121
1.7546,0.1515,39.9600,77,98,420125
1.7302,0.1662,40.1000,77,98,420128
1.7351,0.1515,40.1000,77,98,420131
1.7595,0.1711,40.0000,77,98,420135
1.7449,0.1515,40.0600,77,98,420139
1.7791,0.1711,39.8600,77,98,420142
1.7791,0.1613,39.9600,77,98,420145
1.7546,0.1662,40.1000,77,98,420149
1.7693,0.1711,40.0300,77,98,420152
1.7546,0.1662,40.1000,77,98,420155
1.8133,0.1857,39.8300,77,98,420159
1.7791,0.1662,40.0300,77,98,420162
1.7840,0.1808,40.1000,77,98,420165
1.8182,0.1613,40.0600,77,98,420169
1.7937,0.1515,40.1000,77,98,420172
1.8475,0.1808,40.0000,77,98,420175
1.8182,0.1711,39.9600,77,98,420179
1.8133,0.1613,40.0300,77,98,420183
1.8182,0.1760,40.0600,77,98,420186
1.8231,0.1662,40.1000,77,98,420189
1.8719,0.1857,39.9600,77,98,420193
1.8475,0.1711,40.0600,77,98,420196
1.8671,0.1662,39.9300,77,98,420199
1.8573,0.1662,40.0600,77,98,420203
1.8671,0.1760,40.1000,77,98,420206
1.9110,0.1711,39.8900,77,98,420209
1.8915,0.1662,40.1000,77,98,420213
1.9306,0.1613,39.9300,77,98,420216
1.9013,0.1515,40.1300,77,98,420219
1.9062,0.1760,40.1000,77,98,420224
1.9257,0.1711,40.0300,77,98,420227
1.9208,0.1662,40.0300,77,98,420230
1.9550,0.1613,39.9300,77,98,420233
1.9355,0.1515,40.0300,77,98,420237
1.9453,0.1760,40.0600,77,98,420240
1.9746,0.1760,40.0000,77,98,420243
1.9599,0.1662,40.1000,77,98,420247
2.0088,0.1711,39.8900,77,98,420250
1.9746,0.1564,40.0300,77,98,420253
1.9892,0.1662,40.1000,77,98,420257
1.9990,0.1760,40.0300,77,98,420260
1.9892,0.1515,40.1000,77,98,420263
2.0479,0.1760,39.7700,77,98,420268
2.0137,0.1808,40.0000,77,98,420271
2.0235,0.1564,40.1000,77,98,420274
2.0088,0.1662,40.2600,77,98,420277
2.0088,0.1662,40.0600,77,98,420281
2.0626,0.1808,39.8900,77,98,420284
2.0088,0.1711,40.0600,77,98,420287
1.9990,0.1613,40.0300,77,98,420291
1.9892,0.1760,40.0600,77,98,420294
1.9746,0.1613,40.1000,77,98,420297
2.0088,0.1760,39.9600,77,98,420300
1.9746,0.1711,39.9600,77,98,420304
1.9599,0.1613,40.0000,77,98,420307
1.9257,0.1662,40.0600,77,98,420311
1.9062,0.1906,40.0600,77,98,420315
1.9110,0.1711,40.0000,77,98,420318
1.8719,0.1662,40.0600,77,98,420321
1.8719,0.1711,39.9300,77,98,420325
1.8280,0.1662,40.1000,77,98,420328
1.8084,0.1662,40.1000,77,98,420331
1.8182,0.1711,39.9600,77,98,420335
1.7644,0.1662,40.0600,77,98,420338
1.7791,0.1711,39.9300,77,98,420341
1.7302,0.1662,40.0000,77,98,420344
1.7155,0.1662,40.0600,77,98,420348
1.7155,0.1711,40.0300,77,98,420352
1.6960,0.1662,40.1000,77,98,420355
1.7253,0.1711,39.8600,77,98,420359
1.6862,0.1760,40.1000,77,98,420362
1.6862,0.1613,40.1000,77,98,420365
1.7009,0.1711,39.9600,77,98,420369
1.6764,0.1662,40.1000,77,98,420372
1.7204,0.1760,39.8300,77,98,420375
1.6813,0.1760,39.9600,77,98,420379
1.6813,0.1613,40.1000,77,98,420382
1.6862,0.1711,40.0600,77,98,420385
1.6862,0.1662,40.0600,77,98,420388
1.7351,0.1808,39.8600,77,98,420392
1.7058,0.1857,40.0000,77,98,420396
1.7009,0.1613,40.0000,77,98,420399
1.7009,0.1760,40.0600,77,98,420403
1.6960,0.1662,40.1000,77,98,420406
1.7253,0.1711,39.9300,77,98,420409
1.7058,0.1662,40.1000,77,98,420413
1.7302,0.1662,39.9600,77,98,420416
1.7107,0.1662,39.9600,77,98,420419
1.7204,0.1662,40.1000,77,98,420423
1.7449,0.1515,40.0300,77,98,420426
1.7400,0.1662,40.0600,77,98,420429
1.7693,0.1760,39.9300,77,98,420432
1.7498,0.1662,40.1000,77,98,420436
1.7546,0.1662,40.2000,77,98,420440
1.7693,0.1613,39.9600,77,98,420443
1.7644,0.1662,40.1600,77,98,420447
1.7937,0.1760,39.9300,77,98,420450
1.7742,0.1662,40.0300,77,98,420453
1.7889,0.1662,40.2300,77,98,420457
1.8133,0.1515,40.0300,77,98,420460
1.8084,0.1906,40.0300,77,98,420464
1.8084,0.1662,40.0600,77,98,420467
1.8671,0.1857,39.8900,77,98,420470
1.8231,0.1662,40.0300,77,98,420474
1.8280,0.1613,40.0300,77,98,420477
1.8231,0.1760,40.0300,77,98,420481
1.8182,0.1711,40.2300,77,98,420484
1.8524,0.1760,39.9600,77,98,420488
1.8328,0.1857,40.0600,77,98,420491
1.8475,0.1613,39.9300,77,98,420494
1.8231,0.1662,40.0600,77,98,420498
1.8328,0.1613,40.1000,77,98,420501
1.8426,0.1711,40.0300,77,98,420504
1.8328,0.1711,40.1000,77,98,420508
1.8573,0.1711,40.0000,77,98,420511
1.8524,0.1613,40.1000,77,98,420514
1.8377,0.1662,40.0600,77,98,420518
1.8573,0.1711,39.9600,77,98,420521
1.8328,0.1662,40.0600,77,98,420525
1.8573,0.1662,40.0300,77,98,420528
1.8328,0.1662,40.0000,77,98,420532
1.8280,0.1760,40.1000,77,98,420535
1.8377,0.1808,40.0300,77,98,420538
1.8280,0.1955,40.1000,77,98,420542
1.8719,0.1760,39.8600,77,98,420545
1.8231,0.1760,40.2300,77,98,420548
1.8231,0.1662,40.1000,77,98,420552
1.8328,0.1711,40.0300,77,98,420555
1.8133,0.1613,40.0600,77,98,420558
1.8622,0.1808,39.8300,77,98,420561
1.8133,0.1955,39.9600,77,98,420566
1.8035,0.1613,40.0600,77,98,420569
1.8084,0.1711,40.2300,77,98,420572
1.8084,0.1760,40.0600,77,98,420576
1.8573,0.1515,39.9600,77,98,420579
1.8231,0.1808,40.0300,77,98,420582
1.8280,0.1662,40.0000,77,98,420586
1.8133,0.1662,40.0600,77,98,420589
1.8133,0.1711,40.1000,77,98,420592
1.8475,0.1760,39.9600,77,98,420596
1.8133,0.1613,40.1300,77,98,420599
1.8377,0.1662,39.9300,77,98,420602
1.8084,0.1857,40.1000,77,98,420606
1.8084,0.1613,40.1000,77,98,420610
1.8328,0.1711,40.0300,77,98,420613
1.8231,0.1711,40.0600,77,98,420616
1.8475,0.1662,39.9300,77,98,420620
1.8133,0.1662,40.0600,77,98,420623
1.8133,0.1662,40.1000,77,98,420626
1.8280,0.1760,39.9300,77,98,420630
1.8035,0.1613,40.0600,77,98,420633
1.8475,0.1711,39.8900,77,98,420636
1.8133,0.1613,40.0600,77,98,420640
1.8182,0.1662,40.1300,77,98,420643
1.8328,0.1760,40.0300,77,98,420646
1.8133,0.1662,40.0600,77,98,420651
1.8671,0.1760,39.8300,77,98,420654
1.8328,0.1711,40.0000,77,98,420657
1.8182,0.1711,40.1000,77,98,420660
1.8182,0.1711,40.1300,77,98,420664
1.8182,0.1613,40.1000,77,98,420667
1.8768,0.1808,39.8900,77,98,420670
1.8280,0.1711,40.0300,77,98,420674
1.8426,0.1662,40.0000,77,98,420677
1.8475,0.1515,40.0600,77,98,420680
1.8475,0.1662,40.1000,77,98,420684
1.8817,0.1808,39.9300,77,98,420687
1.8524,0.1515,40.0300,77,98,420690
1.8671,0.1711,39.9300,77,98,420695
1.8524,0.1662,40.0300,77,98,420698
1.8573,0.1613,40.1000,77,98,420701
1.8817,0.1760,40.0000,77,98,420704
1.8671,0.1711,40.1600,77,98,420708
1.9110,0.1760,39.9600,77,98,420711
1.8573,0.1711,40.0600,77,98,420714
1.8573,0.1613,40.1000,77,98,420718
1.8622,0.1760,39.9600,77,98,420721
1.8328,0.1662,40.1000,77,98,420724
1.8622,0.1662,40.0000,77,98,420728
1.8475,0.1808,40.0300,77,98,420731
1.8475,0.1613,40.0600,77,98,420734
1.8622,0.1711,39.9600,77,98,420739
1.8475,0.1760,40.1000,77,98,420742
1.8866,0.1711,39.8600,77,98,420745
1.8426,0.2053,40.1000,77,98,420748
1.8231,0.1662,40.1000,77,98,420752
1.8377,0.1711,39.9600,77,98,420755
1.8231,0.1662,40.0600,77,98,420758
1.8622,0.1808,39.8300,77,98,420762
1.8231,0.1760,39.9300,77,98,420765
1.8182,0.1613,39.1600,77,98,420768
1.8524,0.1662,40.1000,77,98,420772
1.8182,0.1662,40.2000,77,98,420775
1.8622,0.1857,39.9600,77,98,420779
1.8280,0.1711,40.0600,77,98,420783
1.8328,0.1662,40.0600,77,98,420786
1.8133,0.1662,40.1000,77,98,420789
1.8133,0.1662,40.0600,77,98,420793
1.8524,0.1711,39.9300,77,98,420796
1.8182,0.1711,40.0300,77,98,420799
1.8475,0.1760,39.9300,77,98,420802
1.8231,0.1662,40.1000,77,98,420806
1.8280,0.1662,40.0600,77,98,420809
1.8426,0.1711,40.0000,77,98,420812
1.8328,0.1760,40.2300,77,98,420816
1.8573,0.1662,39.9300,77,98,420819
1.8328,0.1662,40.0600,77,98,420823
1.8426,0.1662,39.2800,77,98,420827
1.9159,0.1760,39.9600,77,98,420830
1.9306,0.1515,40.1000,77,98,420833
2.0577,0.1711,40.0300,77,98,420836
2.1163,0.1613,40.1000,77,98,420840
2.2287,0.1662,40.0600,77,98,420843
2.3558,0.1711,40.1000,77,98,420846
2.4682,0.1662,40.1000,77,98,420850
2.6735,0.1760,39.8000,77,98,420853
2.7419,0.1662,40.0000,77,98,420856
2.7224,0.1662,40.1000,77,98,420860
2.5660,0.1662,40.0600,77,98,420864
2.3216,0.1613,40.1000,77,98,420867
2.0870,0.1515,39.8300,77,98,420871
1.7937,0.1711,40.0000,77,98,420874
1.6422,0.1613,40.0300,77,98,420877
1.5738,0.1711,40.0600,77,98,420880
1.5787,0.1711,40.0600,77,98,420884
1.6569,0.1711,39.9600,77,98,420887
1.6911,0.1711,40.0600,77,98,420890
1.7302,0.1760,39.9600,77,98,420894
1.7400,0.1662,40.0600,77,98,420897
1.7498,0.1613,40.1000,77,98,420900
1.7742,0.1711,40.0300,77,98,420904
1.7595,0.1711,40.0600,77,98,420908
1.7937,0.1760,40.0000,77,98,420911
1.7644,0.1662,40.1600,77,98,420915
1.7693,0.1760,40.1000,77,98,420918
1.7986,0.1760,39.9600,77,98,420921
1.7986,0.1662,40.0600,77,98,420924
1.7986,0.1662,39.9300,77,98,420928
1.7889,0.1662,40.0000,77,98,420931
1.7986,0.1711,40.1000,77,98,420934
1.7937,0.1711,40.1000,77,98,420938
1.7986,0.1662,39.8900,77,98,420941
1.8377,0.1711,39.8600,77,98,420944
1.7986,0.1662,40.0300,77,98,420948
1.8084,0.1662,40.1000,77,98,420952
1.8280,0.1711,40.0600,77,98,420955
1.8133,0.1613,40.1000,77,98,420959
1.8671,0.1711,39.8300,77,98,420962
1.8280,0.1662,39.9600,77,98,420965
1.8231,0.1613,40.1000,77,98,420968
1.8328,0.1711,39.9600,77,98,420972
1.8377,0.1662,40.0600,77,98,420975
1.8915,0.2248,39.9300,77,98,420978
1.8573,0.1711,40.1000,77,98,420982
1.8622,0.1662,40.0000,77,98,420985
1.8524,0.1711,40.0600,77,98,420988
1.8573,0.1662,40.1600,77,98,420993
1.9306,0.1760,39.9300,77,98,420996
1.8671,0.1711,40.1000,77,98,420999
1.9013,0.1711,39.9300,77,98,421003
1.8719,0.1662,40.1300,77,98,421006
1.8768,0.1662,40.0600,77,98,421009
1.9013,0.1711,40.0300,77,98,421013
1.8915,0.1711,40.0600,77,98,421016
1.9257,0.1662,39.9300,77,98,421019
1.9013,0.1662,40.1300,77,98,421022
1.9159,0.1711,40.1000,77,98,421026
1.9404,0.1711,39.4800,77,98,421029
1.9306,0.1760,40.0600,77,98,421032
1.9746,0.1711,39.8900,77,98,421037
1.9453,0.1857,40.1000,77,98,421040
1.9550,0.1662,40.0600,77,98,421043
1.9697,0.1808,40.0000,77,98,421047
1.9599,0.2053,40.0300,77,98,421050
2.0235,0.1808,39.8300,77,98,421053
2.0039,0.1711,39.9600,77,98,421056
1.9941,0.1662,40.1300,77,98,421060
2.0235,0.1760,40.0600,77,98,421063
2.0039,0.1662,40.0600,77,98,421066
2.0577,0.1857,39.9600,77,98,421070
2.0283,0.1515,39.9600,77,98,421073
2.0137,0.1711,40.0300,77,98,421078
2.0235,0.1662,39.9600,77,98,421081
1.9941,0.1515,40.0600,77,98,421084
1.9941,0.1711,40.1000,77,98,421088
2.0088,0.1662,40.0600,77,98,421091
1.9892,0.1711,40.1000,77,98,421094
2.0088,0.1906,40.0000,77,98,421097
1.9746,0.1711,40.0600,77,98,421101
1.9550,0.1662,40.2300,77,98,421104
1.9648,0.1760,39.9600,77,98,421107
1.9208,0.1711,40.2000,77,98,421111
1.9355,0.2004,39.8900,77,98,421114
1.8964,0.1662,40.0000,77,98,421117
1.8719,0.1662,39.2500,77,98,421122
1.8622,0.1711,40.0300,77,98,421125
1.8328,0.1662,40.0300,77,98,421128
1.8622,0.1760,39.8600,77,98,421132
1.8084,0.1662,40.1600,77,98,421135
1.7889,0.1662,40.1300,77,98,421138
1.7889,0.1711,40.0300,77,98,421141
1.7595,0.1662,40.2600,77,98,421145
1.7840,0.1711,39.8300,77,98,421148
1.7449,0.1711,39.8900,77,98,421151
1.7253,0.1564,40.0300,77,98,421155
1.7253,0.1711,40.0600,77,98,421158
1.7155,0.1613,40.1000,77,98,421161
1.7449,0.1808,39.9600,77,98,421166
1.7155,0.1711,40.0300,77,98,421169
1.7155,0.1613,39.9600,77,98,421172
1.6911,0.1662,40.0600,77,98,421176
1.6911,0.1613,40.1000,77,98,421179
1.7253,0.1760,39.0600,77,98,421182
1.7009,0.1760,40.1300,77,98,421186
1.7302,0.1711,39.9300,77,98,421189
1.7058,0.2004,40.1000,77,98,421192
1.7302,0.1613,40.0600,77,98,421195
1.7351,0.1515,40.0300,77,98,421199
1.7253,0.1711,40.0600,77,98,421202
1.7498,0.1662,39.9300,77,98,421206
1.7253,0.1662,40.1300,77,98,421210
1.7302,0.1662,40.0600,77,98,421213
1.7498,0.1711,40.0600,77,98,421216
1.7351,0.1760,40.1000,77,98,421220
1.7742,0.1711,39.8900,77,98,421223
1.7449,0.1760,40.0600,77,98,421226
1.7791,0.1613,40.1000,77,98,421229
1.7791,0.1760,40.0300,77,98,421233
1.7889,0.1760,40.0600,77,98,421236
1.8182,0.1760,39.8300,77,98,421239
1.7889,0.1711,39.9600,77,98,421243
1.7742,0.1515,40.1000,77,98,421246
1.7986,0.1613,40.0600,77,98,421250
1.7889,0.1662,40.1000,77,98,421254
1.8524,0.1857,40.0000,77,98,421257
1.7986,0.1760,40.0000,77,98,421260
1.8084,0.1662,40.1000,77,98,421264
1.8133,0.1711,40.0600,77,98,421267
1.8084,0.1613,40.1000,77,98,421270
1.8426,0.1515,39.9300,77,98,421273
1.8182,0.2102,40.0600,77,98,421277
1.8622,0.1613,39.9600,77,98,421280
1.8084,0.1711,40.1300,77,98,421283
1.8084,0.1662,40.1000,77,98,421287
1.8328,0.1760,40.0000,77,98,421291
1.8182,0.1808,40.0600,77,98,421294
1.8426,0.1760,40.0000,77,98,421298
1.8133,0.1662,40.3000,77,98,421301
1.8182,0.1662,40.1000,77,98,421304
1.8426,0.1711,39.9600,77,98,421308
1.8182,0.1662,40.0600,77,98,421311
1.8328,0.1711,39.8900,77,98,421314
1.8084,0.1662,40.0000,77,98,421317
1.8035,0.1662,40.1300,77,98,421321
1.8182,0.1760,40.1300,77,98,421324
1.8035,0.1760,40.0600,77,98,421327
1.8524,0.1760,39.8600,77,98,421331
1.8084,0.1711,40.0000,77,98,421335
1.7937,0.1711,40.0600,77,98,421338
1.8084,0.1711,40.0000,77,98,421342
1.7889,0.1662,40.1000,77,98,421345
1.8328,0.1857,39.7700,77,98,421348
1.7937,0.1711,40.3600,77,98,421352
1.7840,0.1662,40.0600,77,98,421355
1.7889,0.1711,40.0600,77,98,421358
1.7791,0.1857,40.1000,77,98,421361
1.8328,0.1857,39.8900,77,98,421365
1.7937,0.1760,39.5700,77,98,421368
1.7889,0.1662,39.9600,77,98,421371
1.7791,0.1711,40.0300,77,98,421376
1.7791,0.1760,40.0600,77,98,421379
1.8182,0.1760,39.9300,77,98,421382
1.7889,0.2004,40.1000,77,98,421386
1.8084,0.1760,39.9600,77,98,421389
1.7840,0.1711,40.1000,77,98,421392
1.7937,0.1662,40.1000,77,98,421395
1.8182,0.1808,39.9600,77,98,421399
1.7986,0.1711,40.0600,77,98,421402
1.8182,0.1760,39.6000,77,98,421405
1.7840,0.1760,40.0600,77,98,421409
1.7889,0.1662,40.0600,77,98,421412
1.8035,0.1711,40.0300,77,98,421415
1.7937,0.1760,40.0600,77,98,421420
1.8426,0.1662,39.9300,77,98,421423
1.7937,0.1711,40.1000,77,98,421426
1.7986,0.1662,40.1000,77,98,421430
1.8182,0.1808,40.2600,77,98,421433
1.7937,0.1613,40.0600,77,98,421436
1.8328,0.1760,39.8300,77,98,421439
1.8133,0.1808,40.0300,77,98,421443
1.8280,0.1613,40.1000,77,98,421446
1.8035,0.1955,40.0300,77,98,421449
1.8133,0.1613,40.0600,77,98,421453
1.8426,0.1760,39.8000,77,98,421456
1.8035,0.1808,40.0000,77,98,421459
1.8035,0.1662,40.0600,77,98,421464
1.8133,0.1711,40.0600,77,98,421467
1.8084,0.1613,40.1600,77,98,421470
1.8671,0.1857,39.8900,77,98,421473
1.8328,0.1760,40.0000,77,98,421477
1.8182,0.1662,40.0000,77,98,421480
1.8084,0.1662,40.0600,77,98,421483
1.8035,0.1662,40.0600,77,98,421487
1.8377,0.1808,40.0300,77,98,421490
1.8133,0.1711,40.0600,77,98,421493
1.8671,0.1711,39.9600,77,98,421497
1.8231,0.1760,40.0600,77,98,421500
1.8426,0.1662,40.1000,77,98,421504
1.8768,0.1808,39.9600,77,98,421507
1.8475,0.1760,40.0600,77,98,421511
1.9062,0.1760,40.0000,77,98,421514
1.8426,0.1662,40.0600,77,98,421517
1.8475,0.1662,40.0600,77,98,421521
1.8719,0.1711,40.0000,77,98,421524
1.8524,0.1711,40.1000,77,98,421527
1.8768,0.1662,39.8900,77,98,421531
1.8475,0.1662,39.9300,77,98,421534
1.8768,0.1662,40.1000,77,98,421537
1.8573,0.1808,40.0600,77,98,421541
1.8280,0.1711,40.1300,77,98,421544
1.8768,0.1760,39.8600,77,98,421548
1.8280,0.1662,40.0000,77,98,421551
1.8426,0.1662,40.0600,77,98,421555
1.8524,0.1711,40.0600,77,98,421558
1.8377,0.1711,40.1000,77,98,421561
1.8915,0.1808,39.7700,77,98,421565
1.8524,0.1808,40.0000,77,98,421568
1.8328,0.1613,40.0300,77,98,421571
1.8328,0.1711,40.0000,77,98,421575
1.8377,0.1613,40.0600,77,98,421578
1.8719,0.1808,39.9600,77,98,421581
1.8133,0.1760,40.0300,77,98,421585
1.8133,0.1662,39.9600,77,98,421588
1.7937,0.1711,40.1000,77,98,421592
1.7937,0.1711,40.0300,77,98,421595
1.8182,0.1760,40.0000,77,98,421599
1.8035,0.1760,40.0300,77,98,421602
1.8622,0.1711,40.0000,77,98,421605
1.8035,0.1711,40.1600,77,98,421609
1.8035,0.1662,40.1000,77,98,421612
1.8182,0.1662,40.0000,77,98,421615
1.8035,0.1613,40.1000,77,98,421619
1.8280,0.1711,39.9600,77,98,421622
1.8035,0.1711,40.1600,77,98,421625
1.8280,0.1662,40.1000,77,98,421629
1.8328,0.1760,40.0000,77,98,421633
1.8084,0.1711,40.0300,77,98,421636
1.8524,0.1711,39.8600,77,98,421639
1.8377,0.1760,39.9600,77,98,421643
1.8426,0.1662,40.1000,77,98,421646
1.8915,0.1711,40.1000,77,98,421649
1.9404,0.1662,40.0600,77,98,421653
2.0772,0.1760,39.8000,77,98,421656
2.1359,0.1662,40.0000,77,98,421659
2.2287,0.1662,40.1000,77,98,421663
2.3412,0.1711,40.2600,77,98,421666
2.4438,0.1662,40.0600,77,98,421669
2.6491,0.1857,39.8300,77,98,421673
2.7273,0.1760,39.9600,77,98,421677
2.7322,0.1613,40.0300,77,98,421680
2.5953,0.1711,40.0600,76,98,421683
1.6373,0.1613,40.1300,76,98,421687
1.6520,0.1662,40.1000,76,98,421690
1.7155,0.1808,39.8900,76,98,421694
1.7204,0.1711,40.1300,76,98,421697
1.7693,0.1711,40.0000,76,98,421700
1.7498,0.1662,40.0300,76,98,421704
1.7498,0.1662,40.1600,76,98,421707
1.7644,0.1711,40.0000,76,98,421710
1.7449,0.1711,40.1600,76,98,421714
1.7742,0.1711,39.8600,76,98,421718
1.7546,0.1711,40.0000,76,98,421721
1.7498,0.1662,40.0600,76,98,421725
1.7791,0.1760,40.0000,76,98,421728
1.7595,0.1662,40.0000,76,98,421731
1.8133,0.1711,39.8000,76,98,421734
1.7840,0.1662,40.0000,76,98,421738
1.7889,0.2053,40.0600,76,98,421741
1.7986,0.1808,40.1000,76,98,421744
1.7986,0.1711,39.4400,76,98,421748
1.8622,0.1857,39.8600,76,98,421751
1.8231,0.1515,40.0600,76,98,421754
1.8182,0.1662,39.9300,76,98,421758
1.8133,0.1662,40.0600,76,98,421762
1.8182,0.1760,40.1000,76,98,421765
1.8622,0.1760,39.8900,76,98,421769
1.8328,0.1662,40.0600,76,98,421772
1.8573,0.1711,39.9600,76,98,421775
1.8328,0.1711,39.2800,76,98,421779
1.8377,0.1760,40.0600,76,98,421782
1.8719,0.1760,39.9600,76,98,421785
1.8524,0.1711,40.0300,76,98,421788
1.9110,0.1711,40.0000,76,98,421792
1.8524,0.1515,40.0600,76,98,421795
1.8622,0.1808,40.1600,76,98,421798
1.8817,0.1711,39.9600,76,98,421803
1.8719,0.1662,40.1600,76,98,421806
1.9159,0.1613,39.8900,76,98,421809
1.8866,0.1760,40.1000,76,98,421813
1.9159,0.1662,40.1000,76,98,421816
1.9208,0.1760,40.1000,76,98,421819
1.9306,0.1613,40.1000,76,98,421823
1.9599,0.1760,39.8900,76,98,421826
1.9404,0.1760,39.9600,76,98,421829
1.9453,0.1662,40.0600,76,98,421832
1.9501,0.2004,40.0300,76,98,421836
1.9501,0.1906,40.1000,76,98,421839
2.0137,0.1711,39.8000,76,98,421842
1.9795,0.1711,39.9600,76,98,421847
1.9795,0.1662,40.0600,76,98,421850
1.9941,0.1711,40.0000,76,98,421853
1.9941,0.1662,40.0000,76,98,421857
2.0577,0.1808,39.8900,76,98,421860
2.0381,0.1760,40.0000,76,98,421863
2.0332,0.1662,40.2000,76,98,421866
2.0283,0.1760,40.0300,76,98,421870
2.0332,0.1662,40.1000,76,98,421873
2.0723,0.1808,40.0300,76,98,421876
2.0430,0.1711,40.1600,76,98,421880
2.0577,0.1711,40.0300,76,98,421883
2.0381,0.1711,40.1000,76,98,421886
2.0381,0.1662,40.1000,76,98,421891
2.0723,0.1760,39.9600,76,98,421894
2.0430,0.1711,40.2000,76,98,421897
2.0674,0.1760,39.9600,76,98,421900
2.0381,0.1613,40.0600,76,98,421904
2.0381,0.1662,40.1000,76,98,421907
2.0577,0.1857,40.0300,76,98,421910
2.0332,0.1613,40.1000,76,98,421914
2.0528,0.1711,39.9600,76,98,421917
2.0088,0.1662,40.0600,76,98,421920
1.9941,0.1711,40.1000,76,98,421924
2.0039,0.1515,40.0000,76,98,421927
1.9648,0.1711,40.3300,76,98,421931
1.9844,0.1760,39.8600,76,98,421934
1.9208,0.1662,40.0600,76,98,421938
1.9062,0.1711,40.1000,76,98,421941
1.9013,0.1711,40.0300,76,98,421944
1.8573,0.1662,40.1300,76,98,421948
1.8817,0.1760,39.8300,76,98,421951
1.8328,0.1711,39.9600,76,98,421954
1.7986,0.1955,40.1000,76,98,421958
1.7840,0.1711,40.1300,76,98,421961
1.7644,0.2004,40.1000,76,98,421964
1.7986,0.1857,39.8600,76,98,421967
1.7449,0.1760,39.2200,76,98,421971
1.7302,0.1808,39.8300,76,98,421975
1.7253,0.1711,40.0600,76,98,421978
1.7155,0.2004,39.3800,76,98,421982
1.7449,0.1760,39.9300,76,98,421985
1.7253,0.1711,39.9300,76,98,421988
1.7595,0.1711,39.9600,76,98,421992
1.7107,0.1711,40.0600,76,98,421995
1.7155,0.1662,40.1000,76,98,421998
1.7302,0.1760,39.9600,76,98,422002
1.7253,0.1662,40.1000,76,98,422005
1.7449,0.1760,39.9600,76,98,422008
1.7107,0.1613,40.0600,76,98,422012
1.7253,0.1662,40.1000,76,98,422016
1.7449,0.1760,39.9300,76,98,422019
1.7253,0.1711,40.1000,76,98,422022
1.7546,0.1760,39.8900,76,98,422026
1.7302,0.1711,40.0000,76,98,422029
1.7351,0.1662,40.0600,76,98,422032
1.7546,0.1711,40.0300,76,98,422036
1.7449,0.1711,40.0600,76,98,422039
1.7889,0.1711,39.8300,76,98,422042
1.7644,0.1662,40.0300,76,98,422046
1.7840,0.1760,40.1000,76,98,422049
1.7791,0.1711,40.1000,76,98,422052
1.7693,0.1662,40.1600,76,98,422056
1.8280,0.1906,39.8300,76,98,422060
1.7986,0.1711,39.9600,76,98,422063
1.7986,0.1613,40.0300,76,98,422067
1.7937,0.1711,40.1600,76,98,422070
1.8182,0.1662,40.0600,76,98,422073
1.8280,0.1808,39.8600,76,98,422076
1.8084,0.1711,40.0300,76,98,422080
1.8133,0.1662,39.9600,76,98,422083
1.7937,0.1711,40.1000,76,98,422086
1.7986,0.1711,40.1300,76,98,422090
1.8231,0.1760,39.8900,76,98,422093
1.8035,0.1515,40.0600,76,98,422096
1.8280,0.1760,39.9300,76,98,422100
1.8035,0.1711,40.0600,76,98,422104
1.8133,0.1662,40.1000,76,98,422107
1.8328,0.1857,40.0000,76,98,422111
1.8231,0.1711,40.1300,76,98,422114
1.8426,0.1662,39.9300,76,98,422117
1.8182,0.1662,40.0300,76,98,422120
1.8231,0.1662,39.2500,76,98,422124
1.8719,0.1760,39.9600,76,98,422127
1.8182,0.1515,40.1000,76,98,422130
1.8573,0.1760,39.8300,76,98,422134
1.8182,0.1662,40.0600,76,98,422137
1.8231,0.1662,40.1000,76,98,422140
1.8328,0.1760,40.0600,76,98,422145
1.8182,0.1662,40.0600,76,98,422148
1.8671,0.1760,39.7700,76,98,422151
1.8280,0.1711,40.0300,76,98,422155
1.8182,0.1613,40.1300,76,98,422158
1.8182,0.1711,40.0600,76,98,422161
1.8084,0.1662,40.1000,76,98,422164
1.8524,0.1857,39.8900,76,98,422168
1.8084,0.1711,40.0600,76,98,422171
1.8035,0.1662,40.1000,76,98,422174
1.7986,0.1711,40.0300,76,98,422178
1.7840,0.1662,40.1000,76,98,422181
1.8133,0.1857,39.9600,76,98,422184
1.7889,0.1711,40.0300,76,98,422189
1.8035,0.1760,39.9300,76,98,422192
1.7791,0.1711,40.0600,76,98,422195
1.7840,0.1662,40.1000,76,98,422199
1.7986,0.1662,40.0000,76,98,422202
1.7889,0.1711,39.9300,76,98,422205
1.8182,0.1808,39.9600,76,98,422208
1.7889,0.1711,40.3000,76,98,422212
1.8133,0.1613,40.1000,76,98,422215
1.8182,0.1760,40.0000,76,98,422218
1.8182,0.1711,40.0600,76,98,422222
1.8328,0.1711,39.9300,76,98,422225
1.8084,0.1760,39.8900,76,98,422228
1.8035,0.1662,40.1000,76,98,422233
1.8133,0.1760,40.0000,76,98,422236
1.7986,0.1662,40.0600,76,98,422239
1.8426,0.1760,39.8300,76,98,422243
1.7986,0.1711,40.0000,76,98,422246
1.8035,0.1515,40.1600,76,98,422249
1.8133,0.1711,39.8900,76,98,422252
1.8182,0.1711,40.0600,76,98,422256
1.8524,0.1857,39.8300,76,98,422259
1.8182,0.1808,40.0000,76,98,422262
1.8084,0.1662,40.0300,76,98,422266
1.8035,0.1711,40.1000,76,98,422269
1.8035,0.1662,39.2200,76,98,422273
1.8426,0.1857,39.9600,76,98,422277
1.8133,0.1711,40.0600,76,98,422280
1.8231,0.1662,39.9300,76,98,422283
1.8084,0.1711,40.2300,76,98,422287
1.8328,0.2004,40.1000,76,98,422290
1.8426,0.1711,39.9300,76,98,422293
1.8084,0.1711,40.1000,76,98,422297
1.7937,0.1906,40.1000,76,98,422300
1.8475,0.1711,39.8900,76,98,422304
1.8133,0.1711,40.0000,76,98,422307
1.8377,0.1613,40.0600,76,98,422310
1.8475,0.1760,40.0300,76,98,422313
1.8328,0.1711,40.2000,76,98,422318
1.8915,0.1760,39.8300,76,98,422321
1.8524,0.1662,40.0300,76,98,422324
1.8768,0.1613,40.0600,76,98,422328
1.8573,0.1711,40.0600,76,98,422331
1.8622,0.1711,40.1000,76,98,422334
1.9110,0.1515,39.9600,76,98,422338
1.8719,0.1955,40.0300,76,98,422341
1.8622,0.1662,40.0000,76,98,422344
1.8524,0.1711,40.1000,76,98,422348
1.8426,0.1613,40.1000,76,98,422351
1.8719,0.1808,39.7700,76,98,422354
1.8426,0.1760,40.0600,76,98,422359
1.8475,0.1711,39.9600,76,98,422362
1.8280,0.1906,40.1000,76,98,422365
1.8328,0.1662,40.1000,76,98,422368
1.8671,0.1808,40.0000,76,98,422372
1.8475,0.1760,40.0600,76,98,422375
1.8671,0.1760,40.0300,76,98,422378
1.8377,0.1711,40.0600,76,98,422382
1.8377,0.1662,40.1000,76,98,422385
1.8475,0.1711,39.9600,76,98,422388
1.8231,0.1711,40.1000,76,98,422392
1.8475,0.1515,39.9600,76,98,422395
1.8133,0.1613,40.1000,76,98,422398
1.8133,0.1662,40.1000,76,98,422402
1.8182,0.1760,40.3000,76,98,422406
1.7986,0.1662,40.0600,76,98,422409
1.8377,0.1760,39.8300,76,98,422412
1.8133,0.1808,40.0300,76,98,422416
1.8133,0.1711,40.0600,76,98,422419
1.8084,0.1711,40.0300,76,98,422422
1.7986,0.1760,40.0600,76,98,422426
1.8524,0.1808,39.8000,76,98,422429
1.8133,0.1857,39.9600,76,98,422432
1.8084,0.1662,40.0300,76,98,422436
1.8133,0.1711,40.0600,76,98,422439
1.8084,0.1857,40.0600,76,98,422443
1.8622,0.1857,39.9300,76,98,422446
1.8280,0.1760,40.0000,76,98,422450
1.8231,0.1662,40.0000,76,98,422453
1.8524,0.1711,40.0600,76,98,422456
1.8377,0.1662,40.1000,76,98,422460
1.8964,0.1857,40.0000,76,98,422463
1.9208,0.1711,40.0600,76,98,422466
2.0235,0.1760,39.9600,76,98,422470
2.1017,0.1662,40.1000,76,98,422473
2.1945,0.1662,40.1300,76,98,422476
2.3265,0.2151,39.9600,76,98,422479
2.4096,0.1711,40.0600,76,98,422483
2.5709,0.1662,39.9300,76,98,422487
2.6588,0.1662,40.0300,76,98,422490
2.7077,0.1662,40.1600,76,98,422494
2.6393,0.1711,40.0000,76,98,422497
2.3705,0.1711,40.1000,76,98,422500
2.1261,0.1711,39.9300,76,98,422504
1.8426,0.1711,39.9600,76,98,422507
1.6716,0.1662,40.0600,76,98,422510
1.6227,0.1711,40.0300,76,98,422514
1.5982,0.1711,40.0600,76,98,422517
1.6667,0.1760,39.8000,76,98,422520
1.6520,0.1515,40.0300,76,98,422523
1.6813,0.1662,40.0600,76,98,422528
1.7058,0.1760,40.1000,76,98,422531
1.7009,0.1711,40.1000,76,98,422534
1.7546,0.1906,39.8300,76,98,422538
1.7155,0.1760,39.9600,76,98,422541
1.7107,0.1515,40.0600,76,98,422544
1.7107,0.1711,39.9600,76,98,422548
1.7155,0.1515,40.2000,76,98,422551
1.7595,0.2053,39.9300,76,98,422554
1.7302,0.1711,40.1000,76,98,422558
1.7400,0.1711,40.0300,76,98,422561
1.7253,0.1808,40.0600,76,98,422564
1.7302,0.1662,40.1000,76,98,422567
1.7595,0.1760,39.9300,76,98,422572
1.7644,0.1711,40.0300,76,98,422575
1.7644,0.1515,39.9600,76,98,422578
1.7400,0.1662,40.1000,76,98,422582
1.7449,0.1662,40.1000,76,98,422585
1.7595,0.1662,40.0000,76,98,422588
1.7546,0.1662,40.1000,76,98,422592
1.7840,0.1711,39.9600,76,98,422595
1.7595,0.1662,40.1000,76,98,422598
1.7693,0.1662,40.1300,76,98,422601
1.7889,0.1760,39.9300,76,98,422605
1.7791,0.1711,40.1000,76,98,422608
1.8133,0.1760,39.8300,76,98,422611
1.8133,0.1711,39.9600,76,98,422616
1.7889,0.1662,40.1600,76,98,422619
1.8084,0.1760,40.0300,76,98,422622
1.7986,0.1515,40.1000,76,98,422626
1.8524,0.1760,39.8900,76,98,422629
1.8182,0.1662,40.0300,76,98,422632
1.8182,0.1662,40.0300,76,98,422636
1.8328,0.1760,40.1000,76,98,422639
1.8622,0.1760,40.1000,76,98,422642
1.8866,0.1857,39.8600,76,98,422645
1.8573,0.1760,40.0000,76,98,422649
1.8524,0.1662,40.0300,76,98,422652
1.8573,0.1711,40.0300,76,98,422656
1.8671,0.1711,40.1600,76,98,422660
1.9306,0.1808,39.9600,76,98,422663
1.8866,0.1760,40.0300,76,98,422666
1.9013,0.1711,39.9300,76,98,422670
1.8817,0.1711,40.0600,76,98,422673
1.9013,0.1662,40.0600,76,98,422676
1.9599,0.1808,39.9300,76,98,422680
1.9110,0.1711,39.9300,76,98,422683
1.9453,0.1760,39.9600,76,98,422686
1.9208,0.1515,40.0600,76,98,422690
1.9355,0.1662,39.8600,76,98,422693
1.9648,0.1515,40.0000,76,98,422696
1.9550,0.1711,40.1000,76,98,422700
1.9844,0.1711,39.9300,76,98,422704
1.9599,0.1515,40.0600,76,98,422707
1.9599,0.1662,40.0600,76,98,422710
1.9844,0.1711,39.9600,76,98,422714
1.9599,0.1515,40.1000,76,98,422717
2.0039,0.1760,39.8600,76,98,422720
1.9844,0.1662,40.0300,76,98,422724
1.9697,0.1711,40.1000,76,98,422727
1.9746,0.1857,40.1000,76,98,422730
1.9648,0.1711,40.1000,76,98,422733
2.0137,0.2004,39.8000,76,98,422737
1.9746,0.1760,40.0000,76,98,422740
1.9550,0.1662,40.0600,76,98,422744
1.9501,0.1711,40.1000,76,98,422748
1.9404,0.1662,40.0600,76,98,422751
1.9795,0.1857,39.8600,76,98,422754
1.9159,0.1808,40.0300,76,98,422758
1.9062,0.1662,40.0000,76,98,422761
1.8719,0.1711,40.1000,76,98,422764
1.8524,0.2199,40.1000,76,98,422767
1.8622,0.1711,39.9300,76,98,422771
1.8280,0.1711,40.0300,76,98,422774
1.8182,0.1613,40.0000,76,98,422777
1.7791,0.1711,40.0600,76,98,422781
1.7644,0.1760,40.1000,76,98,422785
1.7644,0.1760,40.0600,76,98,422788
1.7351,0.1711,40.0600,76,98,422792
1.7840,0.1711,40.0000,76,98,422795
1.7107,0.1711,40.0600,76,98,422798
1.7058,0.1955,40.1000,76,98,422802
1.7204,0.1711,39.9600,76,98,422805
1.6764,0.1711,40.0300,76,98,422808
1.6960,0.1711,39.9300,76,98,422811
1.6716,0.1711,39.7700,76,98,422815
1.6813,0.1711,40.0600,76,98,422818
1.6813,0.1760,40.0000,76,98,422821
1.6716,0.1760,40.0600,76,98,422825
1.7107,0.1760,39.8300,76,98,422829
1.6862,0.1711,40.0300,76,98,422832
1.7107,0.1760,40.0600,76,98,422836
1.6960,0.1760,40.1000,76,98,422839
1.6813,0.1760,40.1300,76,98,422842
1.7302,0.1711,39.8000,76,98,422846
1.7009,0.1711,40.0000,76,98,422849
1.7009,0.1662,40.0600,76,98,422852
1.7009,0.1711,40.0600,76,98,422855
1.7107,0.1662,40.0600,76,98,422859
1.7644,0.1857,39.8900,76,98,422862
1.7400,0.1711,40.0000,76,98,422865
1.7351,0.1662,40.1000,76,98,422870
1.7302,0.1711,40.0600,76,98,422873
1.7400,0.1711,40.0600,76,98,422876
1.7791,0.1808,39.8600,76,98,422880
1.7546,0.1711,40.0600,76,98,422883
1.7693,0.1711,40.0000,76,98,422886
1.7498,0.1760,40.0600,76,98,422889
1.7546,0.1760,40.1000,76,98,422893
1.7889,0.1808,40.0600,76,98,422896
1.7742,0.1808,40.0600,76,98,422899
1.7986,0.1760,40.0000,76,98,422903
1.8084,0.1711,40.1000,76,98,422906
1.7791,0.1711,40.1000,76,98,422910
1.7937,0.1662,40.1000,76,98,422914
1.8084,0.1808,40.0600,76,98,422917
1.7840,0.1662,40.0600,76,98,422921
1.8328,0.1711,39.8300,76,98,422924
1.8084,0.1711,39.9600,76,98,422927
1.7937,0.1711,40.0600,76,98,422930
1.7986,0.1711,40.0600,76,98,422934
1.7889,0.1955,40.3000,76,98,422937
1.8377,0.1857,39.8600,76,98,422940
1.7937,0.1711,40.1000,76,98,422944
1.7937,0.1711,40.0600,76,98,422947
1.7986,0.1711,40.0600,76,98,422950
1.7937,0.1711,40.0300,76,98,422955
1.8377,0.1857,39.9300,76,98,422958
1.8133,0.1760,40.0600,76,98,422961
1.8133,0.2053,39.9300,76,98,422964
1.7986,0.1711,40.1000,76,98,422968
1.7937,0.1711,40.1600,76,98,422971
1.8231,0.1760,40.0600,76,98,422974
1.7937,0.1711,40.0600,76,98,422978
1.8084,0.1711,39.9600,76,98,422981
1.7889,0.1711,40.1000,76,98,422984
1.7889,0.1662,40.1000,76,98,422988
1.8182,0.1808,39.9300,76,98,422991
1.7840,0.1760,40.0600,76,98,422994
1.8133,0.1613,39.9300,76,98,422999
1.7840,0.1662,40.0000,76,98,423002
1.7840,0.1662,40.0600,76,98,423005
1.7986,0.1760,40.0000,76,98,423008
1.7840,0.1711,40.1600,76,98,423012
1.8182,0.1760,39.8600,76,98,423015
1.7937,0.1711,40.0300,76,98,423018
1.7889,0.1711,40.0600,76,98,423022
1.8084,0.1711,40.0300,76,98,423025
1.7889,0.1711,40.1000,76,98,423028
1.8328,0.1857,39.8600,76,98,423032
1.7937,0.1662,40.1000,76,98,423035
1.7937,0.1760,40.0600,76,98,423038
1.7986,0.1711,40.0300,76,98,423043
1.7889,0.1711,40.0600,76,98,423046
1.8671,0.1906,39.8600,76,98,423049
1.8084,0.1760,40.0000,76,98,423052
1.7937,0.1662,40.0600,76,98,423056
1.8328,0.1760,40.0600,76,98,423059
1.7986,0.1515,40.1300,76,98,423062
1.8328,0.2102,39.8900,76,98,423066
1.8035,0.1711,40.1300,76,98,423069
1.8182,0.1711,40.0300,76,98,423072
1.8035,0.1711,40.0600,76,98,423076
1.8035,0.1711,40.1600,76,98,423079
1.8328,0.1808,39.9600,76,98,423083
1.8035,0.1515,40.0600,76,98,423087
1.8328,0.1760,40.0300,76,98,423090
1.8084,0.1760,40.1000,76,98,423093
1.8084,0.1662,40.1000,76,98,423096
1.8231,0.1711,39.9600,76,98,423100
1.8182,0.2004,40.1000,76,98,423103
1.8866,0.1662,39.9300,76,98,423106
1.8328,0.1711,40.0600,76,98,423110
1.8377,0.1711,40.0600,76,98,423113
1.8524,0.1760,40.4000,76,98,423116
1.8475,0.1613,40.1000,76,98,423120
1.8524,0.1760,39.8600,76,98,423123
1.8231,0.1760,39.9600,76,98,423127
1.8084,0.1711,40.1000,76,98,423130
1.8182,0.1760,40.1300,76,98,423134
1.8328,0.1711,40.0600,76,98,423137
1.8768,0.1760,39.8300,76,98,423140
1.8426,0.1711,40.1000,76,98,423144
1.8573,0.1662,40.0600,76,98,423147
1.8671,0.1711,39.9600,76,98,423150
1.8915,0.1711,40.1000,76,98,423154
1.9110,0.1857,39.8600,76,98,423157
1.8964,0.1711,40.0000,76,98,423160
1.8622,0.1662,40.0000,76,98,423164
1.8671,0.1808,40.0600,76,98,423168
1.8671,0.1711,40.1000,76,98,423171
1.9062,0.1808,39.8600,76,98,423174
1.8866,0.1711,40.0000,76,98,423178
1.9062,0.1711,40.0000,76,98,423181
1.8671,0.1662,40.2300,76,98,423184
1.8622,0.1662,40.1000,76,98,423188
1.8866,0.1808,39.8900,76,98,423191
1.8573,0.1711,40.2600,76,98,423194
1.8866,0.1760,39.9300,76,98,423198
1.8622,0.1662,40.0300,76,98,423201
1.8671,0.1711,40.1000,76,98,423204
1.8817,0.1711,40.1000,76,98,423208
1.8622,0.1857,40.1000,76,98,423212
1.8915,0.1711,39.8600,76,98,423215
1.8524,0.1711,40.0600,76,98,423219
1.8573,0.1613,40.0600,76,98,423222
1.8622,0.1515,40.0300,76,98,423225
1.8328,0.1760,40.0300,76,98,423228
1.8719,0.1808,39.8600,76,98,423232
1.8231,0.1662,39.9600,76,98,423235
1.8182,0.1662,40.1000,76,98,423238
1.8280,0.1711,40.1000,76,98,423242
1.8231,0.1613,40.0600,76,98,423245
1.8768,0.1808,39.8600,76,98,423248
1.8377,0.1711,40.0000,76,98,423252
1.8573,0.1613,40.0300,76,98,423256
1.8328,0.1711,39.3200,76,98,423259
1.8377,0.1613,40.1000,76,98,423263
1.8817,0.1808,39.9300,76,98,423266
1.8524,0.1955,40.0600,76,98,423269
1.8671,0.1711,39.9600,76,98,423272
1.8524,0.1711,40.0600,76,98,423276
1.8573,0.1662,40.1000,76,98,423279
1.8866,0.1955,39.9600,76,98,423282
1.8719,0.1760,40.0600,76,98,423286
1.9013,0.1760,40.0000,76,98,423289
1.8817,0.1808,40.0600,76,98,423292
1.9208,0.1760,40.1000,76,98,423297
2.0039,0.1711,40.0000,76,98,423300
2.0821,0.1711,40.0600,76,98,423303
2.2141,0.1711,39.9300,76,98,423306
2.2825,0.1711,40.1000,76,98,423310
2.4047,0.1711,40.0000,76,98,423313
2.5904,0.1711,40.0300,76,98,423316
2.6833,0.1711,40.1000,76,98,423320
2.8348,0.2053,39.8300,76,98,423323
2.7615,0.1760,40.0000,76,98,423326
2.5464,0.1711,40.3000,76,98,423330
2.2923,0.1760,40.0300,76,98,423333
2.0039,0.1711,40.0600,76,98,423336
1.8182,0.1808,39.8900,76,98,423341
1.6520,0.1711,40.0300,76,98,423344
1.6129,0.1662,40.0600,76,98,423347
1.6520,0.1711,40.0600,76,98,423350
1.6764,0.1515,40.1000,76,98,423354
1.7693,0.1857,39.8600,76,98,423357
1.7644,0.1808,40.0000,76,98,423360
1.7742,0.1515,40.0000,76,98,423364
1.7840,0.1906,40.0600,76,98,423367
1.8231,0.1613,40.0600,76,98,423370
1.8280,0.1808,40.0600,76,98,423374
1.7937,0.1760,40.0300,76,98,423377
1.8182,0.1760,40.0000,76,98,423380
1.7889,0.1711,40.3300,76,98,423384
1.8035,0.1564,40.0600,76,98,423388
1.8231,0.1760,39.8900,76,98,423391
1.8377,0.1613,40.1000,76,98,423394
1.8377,0.1760,39.9300,76,98,423398
1.8084,0.1808,40.0600,76,98,423401
1.8133,0.1760,40.1000,76,98,423404
1.8426,0.1760,40.0000,76,98,423408
1.8231,0.1711,40.1000,76,98,423411
1.8475,0.1760,39.9300,76,98,423414
1.8231,0.1662,40.0300,76,98,423418
1.8328,0.1662,40.3300,76,98,423421
1.8915,0.1711,40.0000,76,98,423425
1.8426,0.1711,40.0600,76,98,423428
1.8817,0.1662,39.8600,76,98,423432
1.8475,0.1662,40.1600,76,98,423435
1.8573,0.1760,40.1000,76,98,423438
1.8671,0.1760,40.0300,76,98,423442
1.8573,0.1857,40.0600,76,98,423445
1.9257,0.1808,39.8000,76,98,423448
1.8866,0.1711,40.0300,76,98,423452
1.8768,0.1662,40.0600,76,98,423455
1.8866,0.1711,40.0600,76,98,423458
1.8817,0.1711,40.1000,76,98,423462
1.9404,0.1808,39.9300,76,98,423465
1.9013,0.1760,40.2300,76,98,423469
1.9062,0.2053,40.0000,76,98,423472
1.9159,0.1760,40.1000,76,98,423476
1.9110,0.1711,40.1000,76,98,423479
1.9599,0.2102,39.9300,76,98,423482
1.9404,0.1760,40.0300,76,98,423486
1.9550,0.1711,39.9600,76,98,423489
1.9404,0.1760,40.0600,76,98,423492
1.9404,0.1711,40.1000,76,98,423496
1.9746,0.1760,39.9300,76,98,423499
1.9599,0.1662,40.1000,76,98,423502
1.9990,0.1760,39.9600,76,98,423505
1.9795,0.1857,40.1600,76,98,423510
1.9844,0.1662,40.1000,76,98,423513
2.0186,0.2004,39.9600,75,98,423516
2.0283,0.1760,39.9600,75,98,423520
2.0186,0.1808,40.1000,75,98,423523
2.1114,0.1760,39.8300,75,98,423527
2.0332,0.1711,40.1300,75,98,423530
2.0283,0.1760,40.1000,75,98,423533
2.0381,0.1711,40.0600,75,98,423537
2.0235,0.1711,40.1000,75,98,423540
2.0821,0.1906,39.8300,75,98,423543
2.0381,0.1711,39.9600,75,98,423546
2.0332,0.1662,40.0000,75,98,423550
2.0283,0.1760,40.0600,75,98,423554
2.0186,0.1711,40.0600,75,98,423557
2.0626,0.1857,39.9300,75,98,423561
2.0332,0.1760,40.0600,75,98,423564
2.0137,0.1515,40.1000,75,98,423567
1.9844,0.1760,40.0600,75,98,423571
1.9746,0.1662,40.1000,75,98,423574
1.9892,0.1808,39.9300,75,98,423577
1.9501,0.1760,40.1000,75,98,423581
1.9453,0.1711,39.9300,75,98,423584
1.9013,0.1711,40.1300,75,98,423587
1.8866,0.1711,40.1000,75,98,423590
1.8915,0.1760,39.9600,75,98,423595
1.8524,0.1760,40.0600,75,98,423598
1.8622,0.1711,39.9600,75,98,423601
1.8084,0.1662,40.0600,75,98,423605
1.7937,0.1613,40.0600,75,98,423608
1.7986,0.1760,39.9600,75,98,423611
1.7693,0.1711,40.2000,75,98,423615
1.7986,0.1613,39.8900,75,98,423618
1.7449,0.1711,40.1600,75,98,423621
1.7644,0.1711,40.0600,75,98,423625
1.7546,0.1808,40.0300,75,98,423628
1.7302,0.1760,40.0600,75,98,423631
1.7840,0.1857,39.8600,75,98,423634
1.7449,0.1760,39.9600,75,98,423639
1.7302,0.1760,40.0600,75,98,423642
1.7351,0.1515,40.0300,75,98,423645
1.7302,0.1711,40.1000,75,98,423649
1.8182,0.1906,39.8300,75,98,423652
1.7400,0.1711,40.1300,75,98,423655
1.7400,0.1613,40.0300,75,98,423659
1.7400,0.1711,40.0300,75,98,423662
1.7449,0.1711,40.1300,75,98,423665
1.7889,0.1760,39.9300,75,98,423668
1.7693,0.1760,40.0300,75,98,423672
1.7742,0.1760,39.9600,75,98,423675
1.7546,0.1711,40.0600,75,98,423678
1.7546,0.1760,40.1000,75,98,423683
1.7791,0.1808,40.0600,75,98,423686
1.7693,0.1711,40.1600,75,98,423689
1.7937,0.1760,39.9600,75,98,423693
1.7742,0.1711,40.3300,75,98,423696
1.7791,0.1760,40.1000,75,98,423699
1.8182,0.1808,40.2300,75,98,423703
1.7889,0.1711,40.0600,75,98,423706
1.8280,0.1711,39.8900,75,98,423709
1.8084,0.1662,40.0000,75,98,423712
1.8231,0.1613,40.1000,75,98,423716
1.8231,0.1760,40.2600,75,98,423719
1.8377,0.1760,40.0600,75,98,423723
1.8524,0.1760,39.8900,75,98,423727
1.8377,0.1760,40.0300,75,98,423730
1.8182,0.1711,40.1000,75,98,423733
1.8328,0.1760,40.0300,75,98,423737
1.8182,0.1760,40.1000,75,98,423740
1.8768,0.1808,39.8000,75,98,423743
1.8377,0.1906,39.9600,75,98,423747
1.8524,0.1662,40.0600,75,98,423750
1.8426,0.1711,40.2000,75,98,423753
1.8280,0.1760,40.1000,75,98,423756
1.8866,0.1857,39.8900,75,98,423760
1.8475,0.1760,40.1600,75,98,423763
1.8426,0.1662,40.0300,75,98,423767
1.8377,0.1711,40.1000,75,98,423771
1.8328,0.1760,40.1000,75,98,423774
1.8719,0.1808,39.9300,75,98,423777
1.8328,0.1760,40.1000,75,98,423781
1.8426,0.1711,39.9600,75,98,423784
1.8280,0.1711,40.0600,75,98,423787
1.8622,0.1711,40.1000,75,98,423791
1.8426,0.1808,39.8600,75,98,423794
1.8231,0.1760,40.1000,75,98,423797
1.8475,0.1760,40.0000,75,98,423800
1.8084,0.1711,40.0600,75,98,423804
1.8133,0.1857,40.0600,75,98,423808
1.8377,0.1760,39.9600,75,98,423811
1.8133,0.1711,40.2000,75,98,423815
1.8377,0.1760,39.8900,75,98,423818
1.8133,0.1515,40.1000,75,98,423821
1.8133,0.1857,40.0600,75,98,423825
1.8328,0.1808,39.9600,75,98,423828
1.8084,0.1760,40.0600,75,98,423831
1.8475,0.1808,39.8600,75,98,423834
1.8426,0.1760,40.0000,75,98,423838
1.8035,0.1711,40.1300,75,98,423841
1.8084,0.1711,40.0600,75,98,423844
1.7986,0.1711,40.3000,75,98,423848
1.8475,0.1808,39.8000,75,98,423852
1.8035,0.1711,40.0300,75,98,423855
1.8035,0.1906,40.0600,75,98,423859
1.8084,0.1760,40.0300,75,98,423862
1.8377,0.1711,40.1000,75,98,423865
1.8573,0.1857,40.0000,75,98,423869
1.8231,0.1760,40.0300,75,98,423872
1.8133,0.1711,39.9600,75,98,423875
1.8035,0.1711,39.9600,75,98,423878
1.8035,0.1711,40.1000,75,98,423882
1.8328,0.1808,40.0300,75,98,423885
1.8084,0.1760,40.0600,75,98,423888
1.8231,0.1760,39.9600,75,98,423892
1.8035,0.1711,40.0600,75,98,423896
1.8035,0.2004,40.1000,75,98,423899
1.8328,0.1808,39.9300,75,98,423903
1.8035,0.1711,40.0600,75,98,423906
1.8328,0.1808,39.9300,75,98,423909
1.8280,0.1760,40.0300,75,98,423912
1.8035,0.1711,40.0600,75,98,423916
1.8182,0.1760,40.0000,75,98,423919
1.7986,0.1711,40.1000,75,98,423922
1.8182,0.1711,39.8600,75,98,423926
1.7840,0.1711,40.0600,75,98,423929
1.7889,0.1711,40.0600,75,98,423932
1.8133,0.1857,39.9600,75,98,423937
1.7986,0.1711,40.0300,75,98,423940
1.8475,0.1857,39.8600,75,98,423943
1.8182,0.1662,40.1300,75,98,423947
1.8328,0.1808,40.0600,75,98,423950
1.8475,0.1760,40.1000,75,98,423953
1.8377,0.1711,40.0300,75,98,423956
1.8866,0.1711,39.8000,75,98,423960
1.8573,0.1760,39.9600,75,98,423963
1.8524,0.1662,40.0000,75,98,423966
1.8573,0.1760,40.0600,75,98,423970
1.8573,0.1808,39.8900,75,98,423973
1.9062,0.1760,39.8900,75,98,423976
1.8622,0.1760,40.0300,75,98,423981
1.8573,0.1711,39.9300,75,98,423984
1.8377,0.1711,40.0600,75,98,423987
1.8328,0.1711,40.0000,75,98,423991
1.8622,0.1808,39.9600,75,98,423994
1.8475,0.1760,40.0600,75,98,423997
1.8671,0.1808,39.9600,75,98,424000
1.8426,0.1760,40.1000,75,98,424004
1.8475,0.1808,40.1000,75,98,424007
1.8671,0.1711,40.0000,75,98,424010
1.8475,0.1711,40.0600,75,98,424014
1.8671,0.1711,39.9300,75,98,424017
1.8280,0.1711,40.0600,75,98,424020
1.8231,0.1711,40.0600,75,98,424025
1.8426,0.1711,40.0000,75,98,424028
1.8035,0.1711,39.9600,75,98,424031
1.8328,0.1711,39.8600,75,98,424035
1.8133,0.1711,40.0000,75,98,424038
1.8035,0.1808,40.0600,75,98,424041
1.8182,0.1760,40.0300,75,98,424044
1.8084,0.1711,40.0600,75,98,424048
1.8573,0.1808,39.8600,75,98,424051
1.8182,0.1711,40.0300,75,98,424054
1.8133,0.1808,40.0600,75,98,424058
1.8622,0.1760,40.1000,75,98,424061
1.8182,0.1711,40.1000,75,98,424065
1.8671,0.1906,39.8900,75,98,424069
1.8328,0.1808,40.0000,75,98,424072
1.8182,0.1662,40.0300,75,98,424075
1.8182,0.1760,40.1000,75,98,424078
1.8182,0.1711,40.1600,75,98,424082
1.8622,0.1857,39.9600,75,98,424085
1.8328,0.1515,40.1000,75,98,424088
1.8622,0.1711,40.0300,75,98,424092
1.8768,0.1711,40.1300,75,98,424095
1.9453,0.1662,40.0600,75,98,424098
2.0674,0.1808,39.9300,75,98,424102
2.1359,0.1711,40.1300,75,98,424105
2.2630,0.1808,39.9600,75,98,424109
2.3363,0.1711,40.0600,75,98,424113
2.4633,0.1711,40.0000,75,98,424116
2.6246,0.1760,40.0000,75,98,424119
2.7224,0.1711,40.1000,75,98,424123
2.7761,0.1808,39.9300,75,98,424126
2.6002,0.1760,39.8300,74,98,424129
1.5982,0.1515,40.1300,74,98,424133
1.6178,0.1760,40.1000,74,98,424136
1.6618,0.1760,40.0600,74,98,424139
1.6911,0.1711,40.1000,74,98,424143
1.7791,0.1906,39.8300,74,98,424146
1.7498,0.1760,40.2600,74,98,424150
1.7595,0.1613,40.1000,74,98,424154
1.7498,0.1711,39.5700,74,98,424157
1.7498,0.1662,40.1000,74,98,424160
1.7986,0.1808,39.9300,74,98,424164
1.7595,0.1760,40.0600,74,98,424167
1.7693,0.2053,39.9600,74,98,424170
1.7595,0.1711,40.1000,74,98,424173
1.7595,0.1711,40.1000,74,98,424177
1.7986,0.1711,39.9600,74,98,424180
1.7791,0.1760,40.0600,74,98,424183
1.7986,0.1760,39.8900,74,98,424187
1.7791,0.1711,40.1000,74,98,424190
1.7791,0.1711,40.0600,74,98,424194
1.7986,0.1711,40.0000,74,98,424198
1.7937,0.1711,40.1000,74,98,424201
1.8280,0.1760,39.9300,74,98,424204
1.8035,0.1711,40.3600,74,98,424208
1.8133,0.1760,40.0600,74,98,424211
1.8377,0.1808,40.0000,74,98,424214
1.8182,0.1711,40.0600,74,98,424217
1.8524,0.1711,39.8600,74,98,424221
1.8377,0.1760,39.9300,74,98,424224
1.8328,0.1711,40.0300,74,98,424227
1.8475,0.1711,40.0300,74,98,424231
1.8377,0.1711,40.1300,74,98,424235
1.9013,0.1808,39.8000,74,98,424238
1.8573,0.1760,40.0300,74,98,424242
1.8622,0.1515,40.1000,74,98,424245
1.8719,0.1711,40.0300,74,98,424248
1.8671,0.1662,40.0600,74,98,424252
1.9306,0.1906,39.8900,74,98,424255
1.9013,0.1857,40.0000,74,98,424258
1.8866,0.1760,40.0300,74,98,424261
1.8915,0.1711,39.2200,74,98,424265
1.8915,0.1711,40.0300,74,98,424268
1.9306,0.1808,39.9600,74,98,424271
1.9159,0.1808,40.0600,74,98,424275
1.9355,0.1711,40.0000,74,98,424279
1.9208,0.1760,40.1000,74,98,424282
1.9355,0.1760,40.1000,74,98,424286
1.9746,0.1808,40.0000,74,98,424289
1.9501,0.1808,40.0600,74,98,424292
2.0186,0.1711,39.9600,74,98,424296
1.9550,0.1662,40.0000,74,98,424299
1.9648,0.1662,40.0600,74,98,424302
1.9844,0.1760,40.1000,74,98,424305
1.9795,0.1760,40.1000,74,98,424309
2.0186,0.1711,39.8900,74,98,424312
1.9892,0.1711,40.2000,74,98,424315
2.0332,0.1711,40.1000,74,98,424320
2.0283,0.1857,39.9300,74,98,424323
2.0039,0.1760,40.0600,74,98,424326
2.0723,0.1760,39.8600,74,98,424330
2.0088,0.1662,40.0300,74,98,424333
2.0088,0.1808,40.0600,74,98,424336
2.0528,0.1857,40.1000,74,98,424339
2.0039,0.1711,40.1000,74,98,424343
2.0528,0.1808,39.8000,74,98,424346
2.0088,0.1808,40.0300,74,98,424349
1.9892,0.1711,40.0600,74,98,424353
1.9941,0.1760,40.1000,74,98,424356
1.9844,0.1711,40.0000,74,98,424359
2.0528,0.1906,39.8900,74,98,424364
1.9697,0.1760,40.1300,74,98,424367
1.9550,0.1808,40.0300,74,98,424370
1.9697,0.1711,40.0600,74,98,424373
1.9208,0.1711,40.1000,74,98,424377
1.9453,0.2053,39.9300,74,98,424380
1.9013,0.1808,40.0600,74,98,424383
1.8866,0.1711,39.8900,74,98,424387
1.8475,0.1760,40.0600,74,98,424390
1.8328,0.1711,40.0300,74,98,424393
1.8328,0.1760,40.0300,74,98,424397
1.7986,0.1760,40.1000,74,98,424400
1.8035,0.1808,40.0600,74,98,424403
1.7595,0.1711,40.1600,74,98,424408
1.7498,0.1711,40.3300,74,98,424411
1.7791,0.1808,39.9600,74,98,424414
1.7302,0.1711,40.0600,74,98,424417
1.7498,0.1760,39.9300,74,98,424421
1.7204,0.1711,40.0300,74,98,424424
1.7107,0.1711,40.0600,74,98,424427
1.7155,0.1808,40.0300,74,98,424431
1.7009,0.1711,40.0300,74,98,424434
1.7351,0.1711,39.8000,74,98,424437
1.7058,0.1760,40.1300,74,98,424441
1.7009,0.1760,40.0600,74,98,424444
1.7253,0.1711,40.0300,74,98,424448
1.7009,0.1711,40.1000,74,98,424451
1.7498,0.1808,39.8900,74,98,424455
1.7155,0.1711,40.0000,74,98,424458
1.7155,0.1662,40.1600,74,98,424461
1.7253,0.1760,40.0600,74,98,424465
1.7155,0.1711,40.0600,74,98,424468
1.8084,0.1711,39.8900,74,98,424471
1.7498,0.1515,40.0300,74,98,424475
1.7498,0.1711,40.0000,74,98,424478
1.7449,0.1711,40.2000,74,98,424481
1.7498,0.1760,40.1000,74,98,424485
1.7840,0.1808,39.8900,74,98,424488
1.7595,0.1760,40.1300,74,98,424492
1.7791,0.1760,39.9600,74,98,424496
1.7546,0.1760,40.1000,74,98,424499
1.7742,0.1711,40.0300,74,98,424502
1.7986,0.1808,40.0300,74,98,424505
1.7889,0.1711,40.1000,74,98,424509
1.8182,0.1808,39.9300,74,98,424512
1.7889,0.1711,40.1000,74,98,424515
1.7937,0.1808,40.1000,74,98,424519
1.8182,0.1711,39.9300,74,98,424522
1.7986,0.1711,40.1600,74,98,424525
1.8231,0.1760,39.8900,74,98,424529
1.7986,0.1711,40.1000,74,98,424532
1.8182,0.1711,40.1300,74,98,424536
1.8280,0.1808,40.0000,74,98,424540
1.8133,0.1711,40.0600,74,98,424543
1.8573,0.1808,39.8900,74,98,424546
1.8328,0.1808,40.1000,74,98,424549
1.8328,0.1711,40.1000,74,98,424553
1.8280,0.1760,40.1000,74,98,424556
1.8231,0.1760,40.0600,74,98,424559
1.8768,0.1906,39.8300,74,98,424563
1.8280,0.1760,40.1600,74,98,424566
1.8182,0.1760,40.0300,74,98,424569
1.8280,0.1760,40.0600,74,98,424573
1.8231,0.1711,40.0600,74,98,424577
1.8719,0.2151,39.9300,74,98,424580
1.8426,0.1808,40.0600,74,98,424583
1.8426,0.1711,39.9600,74,98,424587
1.8280,0.1711,40.0600,74,98,424590
1.8182,0.1711,40.1600,74,98,424593
1.8524,0.1711,40.0300,74,98,424597
1.8231,0.1760,40.1600,74,98,424600
1.8377,0.1760,39.9300,74,98,424603
1.8084,0.1711,40.2300,74,98,424607
1.8133,0.1662,40.1000,74,98,424610
1.8426,0.1808,40.0000,74,98,424613
1.8133,0.1662,40.0600,74,98,424617
1.8377,0.1760,39.9300,74,98,424621
1.8133,0.1711,40.0000,74,98,424624
1.8084,0.1857,40.0600,74,98,424627
1.8133,0.1760,40.0000,74,98,424631
1.8035,0.1711,40.1600,74,98,424634
1.8328,0.1760,39.8600,74,98,424637
1.8035,0.1808,40.1000,74,98,424641
1.7986,0.1711,40.0000,74,98,424644
1.8182,0.1711,40.0300,74,98,424647
1.7937,0.1760,40.0600,74,98,424651
1.8377,0.1808,39.8300,74,98,424654
1.7986,0.1711,40.0300,74,98,424657
1.7986,0.1857,40.1600,74,98,424662
1.8035,0.1760,40.0600,74,98,424665
1.7986,0.1760,40.1600,74,98,424668
1.8573,0.1906,39.8600,74,98,424671
1.8133,0.1808,40.0000,74,98,424675
1.8133,0.1711,40.0300,74,98,424678
1.8133,0.1760,40.1000,74,98,424681
1.8084,0.2004,40.1000,74,98,424685
1.8426,0.1808,39.9300,74,98,424688
1.8133,0.1760,40.1600,74,98,424691
1.8280,0.1760,39.9600,74,98,424695
1.8084,0.1711,40.1000,74,98,424698
1.8084,0.1711,40.1300,74,98,424701
1.8328,0.1808,40.0000,74,98,424706
1.8182,0.1760,40.1000,74,98,424709
1.8426,0.1808,39.9300,74,98,424712
1.8182,0.1760,40.1000,74,98,424715
1.8231,0.1711,40.1300,74,98,424719
1.8280,0.1760,40.0300,74,98,424722
1.8231,0.1711,40.0600,74,98,424725
1.8426,0.1760,39.0300,74,98,424729
1.8182,0.1760,40.1000,74,98,424732
1.8231,0.1711,40.2000,74,98,424735
1.8475,0.1711,40.0000,74,98,424739
1.8084,0.1760,40.0300,74,98,424743
1.8035,0.1711,40.1000,74,98,424748
1.8573,0.1906,39.8600,74,98,424751
1.8035,0.1808,40.0300,74,98,424754
1.8084,0.1711,40.0300,74,98,424758
1.8084,0.1955,40.1000,74,98,424761
1.8182,0.1760,40.1000,74,98,424764
1.8719,0.1857,39.9300,74,98,424767
1.8573,0.1857,40.0300,74,98,424771
1.8622,0.1711,40.0000,74,98,424774
1.8524,0.1760,40.0600,74,98,424777
1.8573,0.1711,40.0600,74,98,424781
1.8719,0.1808,40.1300,74,98,424784
1.8573,0.1760,40.0600,74,98,424787
1.8866,0.1711,39.9600,74,98,424792
1.8622,0.1808,40.1000,74,98,424795
1.8671,0.1760,40.0600,74,98,424798
1.8964,0.1857,39.9600,74,98,424801
1.8671,0.1760,40.1000,74,98,424805
1.8768,0.1760,39.9300,74,98,424808
1.8426,0.1711,40.0600,74,98,424811
1.8377,0.1760,40.1000,74,98,424815
1.8524,0.1857,40.0000,74,98,424818
1.8573,0.1711,40.0600,74,98,424821
1.8866,0.1808,39.9300,74,98,424825
1.8573,0.1760,40.0300,74,98,424828
1.8573,0.1711,40.1000,74,98,424832
1.8719,0.1808,40.0300,74,98,424836
1.8475,0.1760,40.1000,74,98,424839
1.8964,0.1808,39.8000,74,98,424842
1.8426,0.1808,40.0300,74,98,424845
1.8231,0.1613,40.1000,74,98,424849
1.8280,0.1760,40.1600,74,98,424852
1.8084,0.1711,40.1000,74,98,424855
1.8719,0.1906,39.8900,74,98,424859
1.8231,0.1808,40.0600,74,98,424862
1.8231,0.1808,40.0000,74,98,424865
1.8133,0.1760,40.1600,74,98,424869
1.8133,0.1760,40.1000,74,98,424872
1.8475,0.1808,39.8900,74,98,424876
1.8133,0.1760,40.0300,74,98,424880
1.8328,0.1808,40.0300,74,98,424883
1.8133,0.1760,40.1000,74,98,424886
1.8133,0.1711,40.1000,74,98,424889
1.8328,0.1711,39.9600,74,98,424893
1.8231,0.1760,40.1000,74,98,424896
1.8475,0.1808,40.0000,74,98,424899
1.8280,0.1760,40.1000,74,98,424903
1.8280,0.1711,40.0300,74,98,424906
1.8426,0.1760,40.0000,74,98,424909
1.8426,0.1808,40.1000,74,98,424913
1.8866,0.1760,39.9600,74,98,424916
1.9257,0.1760,40.0300,74,98,424920
1.9892,0.1711,40.1000,74,98,424923
2.0968,0.1808,40.0600,74,98,424927
2.1701,0.1711,40.0600,74,98,424930
2.3167,0.1808,39.9300,74,98,424933
2.4047,0.1906,40.0300,74,98,424937
2.5562,0.1760,40.0600,74,98,424940
2.6588,0.1760,40.0600,74,98,424943
2.7370,0.1711,40.0600,74,98,424947
2.7761,0.1711,39.8300,74,98,424950
2.5073,0.1760,40.0300,74,98,424953
2.2385,0.1760,40.0600,74,98,424956
1.9746,0.1711,40.0300,74,98,424961
1.7595,0.1711,40.1000,74,98,424964
1.7107,0.1906,39.8600,74,98,424967
1.6520,0.1808,40.0000,74,98,424971
1.6667,0.1711,40.0000,74,98,424974
1.6911,0.1760,40.1000,74,98,424977
1.7204,0.1711,40.1000,74,98,424981
1.7693,0.1906,39.9600,74,98,424984
1.7498,0.1711,40.1000,74,98,424987
1.7693,0.1760,39.8900,74,98,424991
1.7449,0.1711,40.1000,74,98,424994
1.7449,0.1711,40.2000,74,98,424997
1.8035,0.1711,39.9300,74,98,425000
1.7449,0.1760,40.1600,74,98,425005
1.7742,0.2053,39.9600,74,98,425008
1.7449,0.1662,40.0600,74,98,425011
1.7449,0.1711,40.3000,74,98,425015
1.7595,0.1711,40.0000,74,98,425018
1.7546,0.1760,40.0600,74,98,425021
1.7889,0.1760,39.8300,74,98,425025
1.7693,0.1711,40.0600,74,98,425028
1.7791,0.1760,40.3000,74,98,425031
1.8133,0.1857,39.9600,74,98,425035
1.7889,0.1711,40.1000,74,98,425038
1.8328,0.1857,39.8300,74,98,425041
1.7986,0.1711,40.0300,74,98,425044
1.8035,0.1711,40.2600,74,98,425049
1.8328,0.1808,40.1000,74,98,425052
1.8084,0.1711,40.1000,74,98,425055
1.8671,0.1808,39.8000,74,98,425059
1.8426,0.1808,40.0000,74,98,425062
1.8231,0.1711,40.0600,74,98,425065
1.8622,0.1760,40.0300,74,98,425069
1.8328,0.1711,40.1000,74,98,425072
1.8866,0.1906,39.8600,74,98,425075
1.8475,0.1760,40.0300,74,98,425079
1.8524,0.1711,40.1600,74,98,425082
1.8524,0.1808,40.0600,74,98,425085
1.8573,0.1760,40.1000,74,98,425089
1.8915,0.1857,40.1000,74,98,425093
1.8817,0.1906,40.0000,74,98,425096
1.9355,0.1760,39.9600,74,98,425099
1.8866,0.1515,40.1000,74,98,425103
1.8915,0.1760,40.0600,74,98,425106
1.9159,0.1760,40.1000,74,98,425109
1.9062,0.1906,40.1000,74,98,425113
1.9746,0.1857,39.9300,74,98,425116
1.9110,0.1760,40.1000,74,98,425119
1.9306,0.1760,40.1300,74,98,425122
1.9550,0.1515,40.0000,74,98,425126
1.9404,0.1760,40.0600,74,98,425129
1.9844,0.1711,39.8600,74,98,425133
1.9648,0.1760,40.0600,74,98,425137
1.9697,0.1760,40.1000,74,98,425140
1.9892,0.1808,40.1000,74,98,425143
1.9844,0.1760,40.2600,74,98,425147
2.0283,0.1760,39.8600,74,98,425150
1.9990,0.1760,40.0600,74,98,425153
1.9990,0.1711,40.1000,74,98,425156
2.0186,0.1808,40.0600,74,98,425160
2.0039,0.1808,40.0600,74,98,425163
2.0577,0.1906,39.8300,74,98,425166
2.0137,0.1711,40.0300,74,98,425170
2.0039,0.1711,40.0600,74,98,425174
2.0283,0.1711,40.1000,74,98,425177
1.9990,0.1711,40.1000,74,98,425181
2.0528,0.2004,39.8900,74,98,425184
2.0039,0.1857,40.0300,74,98,425187
1.9990,0.1711,40.0000,74,98,425190
1.9795,0.1760,40.0600,74,98,425194
1.9746,0.1760,40.1000,74,98,425197
2.0088,0.1808,39.8900,74,98,425200
1.9648,0.1760,40.0600,74,98,425204
1.9648,0.1760,40.0000,74,98,425207
1.9404,0.1711,40.1000,74,98,425210
1.9208,0.1760,40.3300,74,98,425214
1.9404,0.1760,39.9300,74,98,425218
1.8964,0.1760,40.0600,74,98,425221
1.8964,0.1760,39.9600,74,98,425224
1.8475,0.1711,40.1000,74,98,425228
1.8377,0.1711,40.1600,74,98,425231
1.8280,0.1711,40.0000,74,98,425234
1.8035,0.1711,40.0300,74,98,425238
1.8133,0.1760,40.0300,74,98,425241
1.7742,0.1711,40.1000,74,98,425244
1.7644,0.1760,40.3000,74,98,425248
1.7644,0.1857,39.9600,74,98,425251
1.7253,0.1808,40.2000,74,98,425254
1.7498,0.1808,39.8600,74,98,425257
1.7204,0.1808,40.0000,74,98,425262
1.7107,0.1711,40.0600,74,98,425265
1.7204,0.1857,40.0300,74,98,425268
1.7058,0.1760,40.1000,74,98,425272
1.7498,0.1808,39.4800,74,98,425275
1.7107,0.1760,40.0300,74,98,425278
1.7058,0.1711,40.0600,74,98,425282
1.7107,0.1955,40.0300,74,98,425285
1.6960,0.1711,40.0600,74,98,425288
1.7546,0.1906,39.8600,74,98,425292
1.7204,0.2102,39.9600,74,98,425295
1.7204,0.1613,40.0300,74,98,425298
1.7155,0.1760,40.2000,74,98,425302
1.7351,0.1711,40.0600,74,98,425306
1.7595,0.1857,40.0300,74,98,425309
1.7400,0.1808,40.0000,74,98,425312
1.7498,0.1857,39.9600,74,98,425316
1.7351,0.1711,40.0300,74,98,425319
1.7351,0.2297,40.1000,74,98,425322
1.7742,0.1808,39.8900,74,98,425326
1.7449,0.1662,40.0600,74,98,425329
1.7791,0.1711,39.8900,74,98,425332
1.7498,0.1760,40.1600,74,98,425336
1.7546,0.2102,40.0600,74,98,425339
1.7840,0.1515,40.0300,74,98,425342
1.7742,0.1760,40.0600,74,98,425346
1.7986,0.1711,39.9300,74,98,425350
1.7742,0.1808,39.8600,74,98,425353
1.7986,0.1808,40.1000,74,98,425358
1.8280,0.1711,40.0600,74,98,425361
1.8280,0.1808,40.1300,74,98,425364
1.8035,0.1760,40.0600,74,98,425368
1.8622,0.1906,39.8300,74,98,425371
1.8328,0.1808,40.0000,74,98,425374
1.8231,0.1760,40.0000,74,98,425377
1.8280,0.1808,40.1000,74,98,425381
1.8231,0.1760,40.0600,74,98,425384
1.8964,0.1857,39.8900,74,98,425388
1.8328,0.1808,39.1600,74,98,425392
1.8426,0.1760,39.9600,74,98,425395
1.8328,0.1760,40.0600,74,98,425398
1.8280,0.1760,40.0600,74,98,425402
1.8622,0.1857,39.9600,74,98,425405
1.8328,0.1760,40.0300,74,98,425408
1.8475,0.1711,39.9600,74,98,425412
1.8280,0.1760,40.1000,74,98,425415
1.8280,0.2053,40.0600,74,98,425418
1.8377,0.1760,40.0000,74,98,425421
1.8231,0.1760,40.0600,74,98,425425
1.8524,0.1808,40.2000,74,98,425428
1.8377,0.1760,40.1000,74,98,425432
1.8182,0.1760,40.1000,74,98,425436
1.8377,0.1808,39.9600,74,98,425439
1.8182,0.1760,40.1000,74,98,425442
1.8475,0.1760,39.9300,74,98,425446
1.8475,0.1760,39.9600,74,98,425449
1.8133,0.1760,40.1000,74,98,425452
1.8328,0.1857,40.0300,74,98,425456
1.8035,0.1760,40.1000,74,98,425459
1.8524,0.1808,39.8300,74,98,425462
1.8328,0.1760,40.0000,74,98,425465
1.8035,0.1711,40.1000,74,98,425469
1.8231,0.1808,40.1300,74,98,425473
1.8084,0.1760,40.0600,74,98,425476
1.8573,0.1906,39.8300,74,98,425480
1.8231,0.1760,40.1000,74,98,425483
1.8133,0.1711,40.0300,74,98,425486
1.8133,0.1760,40.0600,74,98,425490
1.8133,0.1760,40.0600,74,98,425493
1.8524,0.1906,39.9600,74,98,425496
1.8231,0.1808,40.0600,74,98,425499
1.8231,0.1857,40.0000,74,98,425503
1.8133,0.1760,40.2000,74,98,425506
1.8133,0.2004,40.0600,74,98,425509
1.8817,0.1906,39.8900,74,98,425513
1.8182,0.1760,40.1600,74,98,425517
1.8426,0.1857,39.9300,74,98,425520
1.8182,0.1760,40.1300,74,98,425524
1.8182,0.1808,40.0300,74,98,425527
1.8377,0.1808,40.0000,74,98,425530
1.8231,0.1760,40.0300,74,98,425534
1.8475,0.1760,40.1000,74,98,425537
1.8524,0.1760,40.0600,74,98,425540
1.8231,0.1760,40.1000,74,98,425543
1.8426,0.1857,39.9300,74,98,425547
1.8328,0.1760,40.0600,74,98,425550
1.8573,0.1760,39.8900,74,98,425553
1.8328,0.1760,40.1000,74,98,425558
1.8280,0.1760,40.1000,74,98,425561
1.8377,0.1808,40.0300,74,98,425564
1.8182,0.1711,40.1000,74,98,425568
1.8573,0.1808,40.0000,74,98,425571
1.8328,0.1857,40.0000,74,98,425574
1.8280,0.1711,40.1000,74,98,425577
1.8280,0.1760,40.0000,74,98,425581
1.8524,0.1760,40.1000,74,98,425584
1.8817,0.1906,39.8300,74,98,425587
1.8280,0.1760,40.0000,74,98,425591
1.8182,0.1760,40.0300,74,98,425594
1.8280,0.1760,40.0000,74,98,425597
1.8280,0.1760,40.0600,74,98,425602
1.8768,0.1955,39.9300,74,98,425605
1.8524,0.1808,40.0000,74,98,425608
1.8622,0.1760,40.1300,74,98,425611
1.8915,0.1711,40.0600,74,98,425615
1.8573,0.1760,40.1000,74,98,425618
1.8866,0.1711,40.0000,74,98,425621
1.8671,0.1760,40.0300,74,98,425625
1.8866,0.1760,39.9600,74,98,425628
1.8671,0.1760,40.1000,74,98,425631
1.8768,0.1760,40.1000,74,98,425635
1.9110,0.2004,39.9300,74,98,425638
1.8768,0.1515,40.1000,74,98,425641
1.9013,0.1760,39.9300,74,98,425646
1.8719,0.2004,40.0300,74,98,425649
1.8622,0.1760,40.1000,74,98,425652
1.8768,0.1808,40.1000,74,98,425655
1.8671,0.1760,40.1000,74,98,425659
1.8964,0.1760,39.8900,74,98,425662
1.8671,0.1857,40.0300,74,98,425665
1.8719,0.1760,40.1300,74,98,425669
1.8866,0.1906,40.0300,74,98,425672
1.8573,0.1662,40.0600,74,98,425675
1.8964,0.1808,39.8600,74,98,425679
1.8377,0.1760,40.3300,74,98,425682
1.8671,0.1711,40.0600,74,98,425686
1.8280,0.1808,40.0600,74,98,425689
1.8133,0.2102,40.0600,74,98,425693
1.8719,0.1906,39.8300,74,98,425696
1.8231,0.1808,40.0300,74,98,425699
1.8084,0.1711,40.0000,74,98,425703
1.8133,0.1760,40.0600,74,98,425706
1.8084,0.1760,40.0600,74,98,425709
1.8524,0.1955,39.8900,74,98,425713
1.8182,0.1808,40.1000,74,98,425716
1.8231,0.1711,39.9300,74,98,425719
1.8084,0.1808,40.0600,74,98,425723
1.8182,0.1760,40.1300,74,98,425726
1.8475,0.1808,39.9600,74,98,425730
1.8475,0.1711,40.0300,74,98,425733
1.8475,0.1808,40.0300,74,98,425737
1.8280,0.1760,40.0600,74,98,425740
1.8377,0.1760,40.0600,74,98,425743
1.8524,0.1760,39.9300,74,98,425747
1.8719,0.1760,40.0600,74,98,425750
1.8768,0.1808,39.9600,74,98,425753
1.8622,0.1760,40.0600,74,98,425757
1.9013,0.1760,40.1000,74,98,425760
1.9892,0.1808,40.0000,74,98,425763
2.0528,0.1857,40.0600,74,98,425766
2.2043,0.1760,39.9300,74,98,425771
2.2581,0.1711,40.0000,74,98,425774
2.3460,0.1760,40.1600,74,98,425777
2.4976,0.1760,40.0300,74,98,425781
2.6100,0.1515,40.1000,74,98,425784
2.7810,0.1808,39.8600,74,98,425787
2.7468,0.1808,40.0000,74,98,425791
2.5953,0.1760,40.1000,74,98,425794
2.3705,0.1808,40.0600,74,98,425797
2.0723,0.1760,40.2600,74,98,425800
1.8768,0.1857,39.8300,74,98,425804
1.6764,0.1760,39.9600,74,98,425807
1.6227,0.1711,40.1000,74,98,425810
1.6325,0.1808,40.1000,74,98,425815
1.6618,0.1857,40.1000,74,98,425818
1.7546,0.1906,39.8900,74,98,425821
1.7400,0.1808,39.4100,74,98,425825
1.7595,0.2102,39.9300,74,98,425828
1.7546,0.1760,40.0600,74,98,425831
1.7693,0.1760,40.0600,74,98,425834
1.7937,0.1711,39.9600,74,98,425838
1.7693,0.2004,40.0600,74,98,425841
1.7889,0.1760,39.9300,74,98,425844
1.7742,0.1760,40.0600,74,98,425848
1.7742,0.1515,40.0600,74,98,425851
1.7986,0.1808,39.9600,74,98,425854
1.7889,0.1760,40.0600,74,98,425859
1.8133,0.1857,40.0000,74,98,425862
1.7937,0.1760,40.0600,74,98,425865
1.7937,0.1760,40.1300,74,98,425869
1.8084,0.1857,39.9600,74,98,425872
1.7986,0.1760,40.1000,74,98,425875
1.8280,0.1760,40.0600,74,98,425878
1.8328,0.1808,40.0600,74,98,425882
1.8133,0.1711,40.0600,74,98,425885
1.8328,0.1857,40.0300,74,98,425888
1.8133,0.1760,40.1000,74,98,425892
1.8671,0.1808,39.9300,74,98,425895
1.8475,0.1857,40.0000,74,98,425899
1.8280,0.1711,40.1000,74,98,425903
1.8377,0.1808,40.0300,74,98,425906
1.8377,0.1760,40.0600,74,98,425909
1.8866,0.1857,39.8000,74,98,425912
1.8475,0.1760,40.0300,74,98,425916
1.8426,0.1711,40.0600,74,98,425919
1.8573,0.1808,40.0600,74,98,425922
1.8573,0.1955,40.1000,74,98,425926
1.9159,0.1955,39.8900,74,98,425929
1.8915,0.1808,39.9600,74,98,425932
1.8866,0.1760,40.0000,74,98,425936
1.8817,0.1760,40.1000,74,98,425939
1.8866,0.1808,40.0300,74,98,425943
1.9208,0.1857,40.0000,74,98,425947
1.9062,0.1808,40.1600,74,98,425950
1.9306,0.1808,39.8900,74,98,425953
1.9110,0.1760,40.1000,74,98,425956
1.9110,0.1760,40.0600,74,98,425960
1.9599,0.1857,39.9600,73,98,425963
1.9746,0.1857,40.0000,73,98,425968
1.9697,0.1711,40.0600,73,98,425971
2.0137,0.1808,39.9600,73,98,425974
1.9892,0.1906,40.0300,73,98,425978
1.9892,0.1808,40.1000,73,98,425981
2.0235,0.1808,40.0300,73,98,425985
2.0039,0.1760,40.1000,73,98,425988
2.0577,0.1857,39.8300,73,98,425992
2.0088,0.1711,40.0000,73,98,425995
2.0088,0.1515,40.1000,73,98,425998
2.0088,0.1808,40.1300,73,98,426002
1.9990,0.1760,40.1000,73,98,426005
2.0674,0.1906,39.8600,73,98,426008
2.0186,0.1808,40.0300,73,98,426012
1.9990,0.1711,40.0600,73,98,426015
1.9990,0.1857,40.1000,73,98,426018
2.0039,0.1760,40.0600,73,98,426021
2.0479,0.1906,39.8900,73,98,426025
1.9990,0.1857,40.0300,73,98,426029
1.9941,0.1808,40.0000,73,98,426032
1.9844,0.1808,40.1000,73,98,426036
1.9599,0.1760,40.1000,73,98,426039
1.9746,0.1808,39.9600,73,98,426042
1.9404,0.1808,40.0600,73,98,426046
1.9306,0.1808,39.9600,73,98,426049
1.8915,0.1760,40.0600,73,98,426052
1.8768,0.1711,40.0600,73,98,426055
1.8719,0.1808,39.8600,73,98,426059
1.8377,0.1711,40.0600,73,98,426062
1.8426,0.1857,40.0000,73,98,426065
1.8182,0.1760,40.0600,73,98,426070
1.7840,0.1711,40.0600,73,98,426073
1.7889,0.1857,40.1000,73,98,426076
1.7546,0.1711,40.0600,73,98,426080
1.7693,0.1760,39.8900,73,98,426083
1.7400,0.1808,40.0000,73,98,426086
1.7253,0.1760,40.0600,73,98,426089
1.7302,0.1808,40.0000,73,98,426093
1.7155,0.1760,40.1000,73,98,426096
1.7449,0.2102,39.8600,73,98,426099
1.7204,0.1808,40.1300,73,98,426103
1.7155,0.1760,40.0600,73,98,426106
1.7302,0.1857,40.0000,73,98,426109
1.7155,0.1760,40.1000,73,98,426114
1.7595,0.1857,39.8300,73,98,426117
1.7449,0.1711,40.0000,73,98,426120
1.7253,0.1515,40.1300,73,98,426123
1.7400,0.1857,40.1000,73,98,426127
1.7351,0.1760,40.1000,73,98,426130
1.7937,0.1906,39.8900,73,98,426133
1.7840,0.1711,40.0300,73,98,426137
1.7546,0.1760,40.0300,73,98,426140
1.7498,0.1760,40.1000,73,98,426143
1.7546,0.1515,40.1000,73,98,426147
1.7937,0.1857,39.8600,73,98,426150
1.7693,0.1808,40.0600,73,98,426153
1.7937,0.1808,39.9600,73,98,426158
1.7791,0.1808,40.0600,73,98,426161
1.7889,0.1857,40.1000,73,98,426164
1.8182,0.1857,39.8900,73,98,426167
1.8035,0.1857,40.0300,73,98,426171
1.8328,0.1857,40.0000,73,98,426174
1.8084,0.1760,40.0000,73,98,426177
1.8133,0.1808,40.0600,73,98,426181
1.8377,0.1711,39.9600,73,98,426184
1.8182,0.1760,40.0600,73,98,426187
1.8426,0.1760,39.8600,73,98,426191
1.8231,0.1760,40.1600,73,98,426194
1.8328,0.1808,40.1000,73,98,426198
1.8573,0.1808,39.9600,73,98,426201
1.8328,0.1808,40.1000,73,98,426205
1.8866,0.1857,39.8600,73,98,426208
1.8524,0.1808,39.9600,73,98,426211
1.8426,0.1906,40.0600,73,98,426215
1.8426,0.1808,40.0300,73,98,426218
1.8426,0.1760,40.2000,73,98,426221
1.8915,0.2199,39.8000,73,98,426225
1.8426,0.1808,40.1300,73,98,426228
1.8377,0.1760,40.0600,73,98,426231
1.8377,0.1808,40.0600,73,98,426235
1.8377,0.1760,40.1000,73,98,426238
1.8915,0.2395,39.8900,73,98,426242
1.8377,0.1808,40.0600,73,98,426245
1.8328,0.1760,40.0000,73,98,426249
1.8280,0.1955,40.0600,73,98,426252
1.8231,0.1760,40.1000,73,98,426255
1.8524,0.1857,40.0600,73,98,426259
1.8280,0.1857,40.1000,73,98,426262
1.8377,0.1711,39.9600,73,98,426265
1.8182,0.1857,40.0600,73,98,426269
1.8231,0.1760,40.0600,73,98,426272
1.8524,0.1857,39.8900,73,98,426275
1.8084,0.1711,40.0600,73,98,426279
1.8426,0.1857,40.0000,73,98,426283
1.8133,0.1711,40.0300,73,98,426286
1.8133,0.1711,40.0600,73,98,426289
1.8280,0.1808,40.0300,73,98,426293
1.8133,0.1857,40.1000,73,98,426296
1.8377,0.1711,39.8900,73,98,426299
1.8182,0.1808,40.0000,73,98,426303
1.8182,0.1711,40.0600,73,98,426306
1.8280,0.1808,40.1000,73,98,426309
1.8133,0.1808,40.1000,73,98,426313
1.8475,0.1808,39.8600,73,98,426316
1.8133,0.1760,40.0600,73,98,426319
1.8231,0.1760,40.0600,73,98,426322
1.8231,0.1808,40.0600,73,98,426327
1.8182,0.1760,40.0600,73,98,426330
1.8671,0.1857,39.8600,73,98,426333
1.8328,0.1808,40.0000,73,98,426337
1.8182,0.1711,40.0600,73,98,426340
1.8231,0.1808,40.0600,73,98,426343
1.8231,0.1760,40.1000,73,98,426347
1.8768,0.1857,39.8600,73,98,426350
1.8328,0.1808,40.0300,73,98,426353
1.8328,0.1760,40.0000,73,98,426356
1.8231,0.1808,40.0600,73,98,426360
1.8426,0.1760,40.1000,73,98,426363
1.8524,0.1906,39.9600,73,98,426366
1.8231,0.2199,40.1000,73,98,426371
1.8524,0.1711,39.9600,73,98,426374
1.8231,0.1808,40.1300,73,98,426377
1.8280,0.1760,40.0600,73,98,426381
1.8426,0.1808,40.0300,73,98,426384
1.8328,0.1857,40.0600,73,98,426387
1.8573,0.1711,39.9600,73,98,426391
1.8280,0.1808,40.1000,73,98,426394
1.8182,0.1711,40.1000,73,98,426397
1.8475,0.1857,40.1600,73,98,426400
1.8084,0.1760,40.1300,73,98,426404
1.8524,0.1808,39.9600,73,98,426407
1.8426,0.1857,39.9600,73,98,426411
1.8475,0.1760,40.1000,73,98,426415
1.8671,0.1857,40.0300,73,98,426418
1.8573,0.1760,40.1000,73,98,426421
1.9013,0.1857,39.8600,73,98,426425
1.8671,0.1711,40.0300,73,98,426428
1.8573,0.1760,40.1000,73,98,426431
1.8671,0.1760,40.1000,73,98,426435
1.8964,0.1711,40.1000,73,98,426438
1.9257,0.1906,40.0000,73,98,426441
1.8817,0.1711,40.0300,73,98,426444
1.8768,0.1711,40.0300,73,98,426448
1.8671,0.2151,40.0600,73,98,426451
1.8573,0.1760,40.2000,73,98,426455
1.9013,0.1857,39.8900,73,98,426459
1.8573,0.1808,40.0300,73,98,426462
1.8719,0.1760,40.3600,73,98,426465
1.8573,0.1711,40.1000,73,98,426469
1.8768,0.1760,40.1600,73,98,426472
1.9110,0.1906,39.9300,73,98,426475
1.8817,0.1808,40.1600,73,98,426479
1.9013,0.1808,39.9300,73,98,426482
1.8671,0.1760,40.1000,73,98,426485
1.8524,0.1760,40.1000,73,98,426488
1.8719,0.1857,40.0000,73,98,426492
1.8426,0.1760,40.1000,73,98,426496
1.8622,0.1760,39.9600,73,98,426499
1.8231,0.1760,40.1000,73,98,426503
1.8280,0.1760,40.1000,73,98,426506
1.8328,0.1808,40.0000,73,98,426509
1.8231,0.1857,40.0600,73,98,426513
1.8866,0.1760,39.8900,73,98,426516
1.8182,0.1760,40.0600,73,98,426519
1.8573,0.1760,40.1000,73,98,426523
1.8426,0.1808,40.0300,73,98,426526
1.8231,0.1711,40.0600,73,98,426529
1.8719,0.1857,39.8300,73,98,426532
1.8426,0.1808,40.0000,73,98,426536
1.8328,0.1808,40.0600,73,98,426540
1.8426,0.1808,40.0600,73,98,426543
1.8377,0.1760,40.1300,73,98,426547
1.8915,0.1857,39.8300,73,98,426550
1.8524,0.1808,39.9600,73,98,426553
1.8475,0.1857,40.0300,73,98,426557
1.8524,0.1808,40.0600,73,98,426560
1.8622,0.1760,40.1000,73,98,426563
1.9404,0.1906,39.8900,73,98,426566
1.9648,0.1808,40.0600,73,98,426570
2.0626,0.1760,40.0000,73,98,426573
2.1457,0.1760,40.1600,73,97,426576
2.7468,0.1662,40.0600,73,97,426582
2.7224,0.1711,40.1000,73,97,426585
2.5709,0.1857,39.9600,73,97,426589
2.2727,0.1760,40.0600,73,97,426592
2.0381,0.1808,38.9600,73,97,426595
1.7791,0.1760,40.0300,73,97,426599
1.6520,0.1808,40.1000,73,97,426602
1.5982,0.1808,39.8900,73,97,426605
1.6080,0.1760,40.1300,73,97,426608
1.6911,0.1857,39.8300,73,97,426612
1.7009,0.1808,40.1300,73,97,426615
1.7204,0.1760,40.1000,73,97,426618
1.7498,0.1808,40.0600,73,97,426622
1.7498,0.1760,40.1000,73,97,426626
1.7937,0.1857,39.9600,73,97,426629
1.7644,0.1711,40.0300,73,97,426633
1.7546,0.1711,40.1600,73,97,426636
1.7693,0.1808,40.1000,73,97,426639
1.7742,0.1760,40.1300,73,97,426643
1.8231,0.1955,39.8600,73,97,426646
1.7937,0.1808,40.0600,73,97,426649
1.7937,0.1760,40.4000,73,97,426652
1.7840,0.1711,40.0600,73,97,426656
1.7840,0.1760,40.1000,73,97,426659
1.8280,0.1906,39.3800,73,97,426662
1.7986,0.1760,40.1000,73,97,426667
1.8231,0.1808,40.0300,73,97,426670
1.8035,0.1808,40.0600,73,97,426673
1.8182,0.2053,40.1000,73,97,426677
1.8426,0.1857,39.9600,73,97,426680
1.8231,0.1808,40.1300,73,97,426683
1.8524,0.1857,40.1000,73,97,426686
1.8231,0.1760,40.1000,73,97,426690
1.8231,0.1760,40.0600,73,97,426693
1.8524,0.1711,40.0300,73,97,426696
1.8328,0.1808,40.1000,73,97,426700
1.8622,0.1808,40.0600,73,97,426703
1.8475,0.1857,40.0600,73,97,426706
1.8475,0.1515,40.0600,73,97,426711
1.8671,0.1857,40.0000,73,97,426714
1.8573,0.1808,40.1000,73,97,426717
1.9013,0.1857,39.8900,73,97,426720
1.8768,0.1808,40.0300,73,97,426724
1.8719,0.1857,40.1000,73,97,426727
1.8866,0.1808,40.0300,73,97,426730
1.8768,0.1760,40.1300,73,97,426734
1.9355,0.1906,39.8000,73,97,426737
1.8964,0.1808,40.0300,73,97,426740
1.8964,0.1760,40.1000,73,97,426744
1.9257,0.1808,40.0600,73,97,426747
1.9159,0.1760,40.1000,73,97,426750
1.9844,0.1955,39.8900,73,97,426754
1.9355,0.1808,40.0300,73,97,426758
1.9453,0.1760,40.0000,73,97,426761
1.9453,0.1808,40.0600,73,97,426764
1.9550,0.1760,40.0600,73,97,426768
1.9990,0.2102,40.0300,73,97,426771
1.9746,0.1857,40.0300,73,97,426774
2.0039,0.1808,39.9600,73,97,426778
1.9795,0.1808,40.2600,73,97,426781
1.9844,0.1906,40.0600,73,97,426784
2.0283,0.1857,39.8900,73,97,426787
1.9941,0.1808,39.8900,73,97,426791
2.0479,0.1808,39.9600,73,97,426795
1.9844,0.1760,40.1000,73,97,426798
1.9892,0.1760,40.1000,73,97,426802
2.0381,0.1857,40.0000,73,97,426805
1.9990,0.1808,40.1000,73,97,426808
2.0283,0.1808,39.9600,73,97,426812
1.9892,0.1760,40.0600,73,97,426815
1.9941,0.1760,40.1000,73,97,426818
2.0039,0.1808,40.0000,73,97,426821
1.9892,0.1808,40.0600,73,97,426825
2.0088,0.1808,39.8600,73,97,426828
1.9648,0.1808,40.1000,73,97,426831
1.9648,0.1760,40.1000,73,97,426835
1.9746,0.1857,39.5400,73,97,426839
1.9453,0.1711,40.1000,73,97,426842
1.9795,0.1857,39.8300,73,97,426846
1.9355,0.2004,40.0000,73,97,426849
1.9208,0.1760,40.1000,73,97,426852
1.9013,0.1808,40.0600,73,97,426855
1.8768,0.1760,40.1000,73,97,426859
1.9159,0.1906,39.8300,73,97,426862
1.8524,0.1760,40.0000,73,97,426865
1.8622,0.1711,40.0600,73,97,426869
1.8084,0.1808,40.3300,73,97,426872
1.7889,0.1808,40.1000,73,97,426875
1.8426,0.1955,39.9300,73,97,426880
1.7595,0.1808,40.0300,73,97,426883
1.7546,0.1760,39.9600,73,97,426886
1.7302,0.1808,40.1000,73,97,426890
1.7155,0.1711,40.1000,73,97,426893
1.7253,0.1906,40.0000,73,97,426896
1.7107,0.1808,40.0600,73,97,426899
1.7253,0.2053,39.9300,73,97,426903
1.7009,0.1808,40.1600,73,97,426906
1.7058,0.1857,40.0300,73,97,426909
1.7546,0.1906,39.9600,73,97,426913
1.7058,0.1808,40.2000,73,97,426916
1.7302,0.1857,39.9600,73,97,426919
1.7058,0.1760,40.0300,73,97,426924
1.7155,0.1760,40.0600,73,97,426927
1.7302,0.1857,40.0000,73,97,426930
1.7204,0.1808,40.1000,73,97,426933
1.7595,0.1808,39.8300,73,97,426937
1.7302,0.1857,40.0000,73,97,426940
1.7253,0.1808,40.0600,73,97,426943
1.7449,0.1857,40.0600,73,97,426947
1.7400,0.1906,40.1000,73,97,426950
1.7791,0.1906,39.8900,73,97,426953
1.7449,0.1760,40.0600,73,97,426957
1.7546,0.1808,40.1300,73,97,426960
1.7693,0.1711,40.0300,73,97,426963
1.7644,0.1808,40.0600,73,97,426967
1.8133,0.1906,39.8300,73,97,426971
1.7889,0.1808,39.9600,73,97,426974
1.7791,0.1711,40.0600,73,97,426977
1.7889,0.1808,40.0600,73,97,426981
1.7937,0.1760,40.2600,73,97,426984
1.8426,0.1857,39.8900,73,97,426987
1.8084,0.1808,40.0600,73,97,426991
1.8084,0.2199,39.9600,73,97,426994
1.8133,0.1808,40.0600,73,97,426997
1.8084,0.1760,40.1000,73,97,427001
1.8328,0.1857,39.9300,73,97,427004
1.8084,0.1711,40.0600,73,97,427008
1.8328,0.1808,39.9300,73,97,427011
1.8084,0.1808,40.0600,73,97,427015
1.8133,0.1760,40.0600,73,97,427018
1.8280,0.1808,40.1300,73,97,427021
1.8182,0.1857,40.1000,73,97,427025
1.8475,0.1857,39.9600,73,97,427028
1.8084,0.1955,40.1000,73,97,427031
1.8084,0.1760,40.2300,73,97,427035
1.8328,0.1857,39.9600,73,97,427038
1.8084,0.1760,40.1000,73,97,427041
1.8377,0.1857,39.8900,73,97,427044
1.8182,0.1760,40.0600,73,97,427048
1.8133,0.1857,40.1600,73,97,427052
1.8280,0.1857,40.0300,73,97,427055
1.8182,0.1808,40.0600,73,97,427059
1.8817,0.1711,39.8600,73,97,427062
1.8280,0.1808,40.0000,73,97,427065
1.8133,0.1955,40.1000,73,97,427069
1.8182,0.1808,40.0600,73,97,427072
1.8084,0.1808,40.1000,73,97,427075
1.8573,0.1906,39.8000,73,97,427078
1.8084,0.1760,40.0300,73,97,427082
1.8035,0.1760,40.0600,73,97,427085
1.8084,0.1808,40.0600,73,97,427088
1.7986,0.1808,40.0600,73,97,427092
1.8524,0.1955,39.8600,73,97,427096
1.8133,0.1857,40.0300,73,97,427099
1.8035,0.1760,39.9600,73,97,427103
1.8328,0.1808,40.1000,73,97,427106
1.7986,0.1808,40.1000,73,97,427109
1.8328,0.1906,40.0300,73,97,427112
1.7986,0.1808,40.0600,73,97,427116
1.8280,0.1808,39.9600,73,97,427119
1.7986,0.1808,40.1000,73,97,427122
1.8035,0.1808,40.3000,73,97,427126
1.8328,0.1955,39.9600,73,97,427129
1.8084,0.1808,40.1000,73,97,427132
1.8280,0.1515,39.9600,73,97,427137
1.7986,0.2151,40.0600,73,97,427140
1.7986,0.1760,40.1000,73,97,427143
1.8084,0.1808,40.0300,73,97,427146
1.8084,0.1808,40.0600,73,97,427150
1.8231,0.1808,39.9300,73,97,427153
1.7937,0.1857,40.1000,73,97,427156
1.8084,0.1760,40.1000,73,97,427160
1.8231,0.1857,39.9600,73,97,427163
1.7937,0.1857,40.1000,73,97,427166
1.8328,0.1857,39.8600,73,97,427170
1.8133,0.2004,39.9600,73,97,427173
1.8035,0.1711,40.1000,73,97,427176
1.8133,0.1857,40.0300,73,97,427181
1.8280,0.1760,40.1000,73,97,427184
1.8524,0.1906,39.7700,73,97,427187
1.8426,0.1906,39.9300,73,97,427192
1.8084,0.1906,40.1000,73,97,427195
1.8231,0.1808,40.0000,73,97,427198
1.8035,0.1808,40.0600,73,97,427202
1.8084,0.1711,40.0600,73,97,427205
1.8328,0.1857,40.1300,73,97,427208
1.8133,0.1808,40.1000,73,97,427212
1.8622,0.1857,39.9300,73,97,427215
1.8035,0.1760,40.1000,73,97,427218
1.8133,0.1760,40.1000,73,97,427223
1.8475,0.1906,39.9600,73,97,427226
1.8231,0.1808,40.1000,73,97,427229
1.8671,0.1857,39.9300,73,97,427232
1.8524,0.1808,40.0600,73,97,427236
1.8622,0.1808,40.1000,73,97,427239
1.8768,0.1857,40.0300,73,97,427242
1.8671,0.1808,40.0600,73,97,427246
1.8964,0.1808,39.8900,73,97,427249
1.8671,0.1760,40.0000,73,97,427252
1.8622,0.1808,40.0000,73,97,427256
1.8768,0.1857,40.0600,73,97,427259
1.8719,0.1711,40.1000,73,97,427262
1.9110,0.1857,39.8600,73,97,427267
1.8622,0.1515,40.0600,73,97,427270
1.8573,0.1808,40.0600,73,97,427273
1.8524,0.1857,40.1300,73,97,427276
1.8377,0.1808,40.1300,73,97,427280
1.8866,0.1955,39.8900,73,97,427283
1.8573,0.1857,40.0000,73,97,427286
1.8524,0.1760,40.0000,73,97,427290
1.8524,0.1711,40.1000,73,97,427293
1.8573,0.1711,40.1300,73,97,427296
1.9257,0.1808,39.8900,73,97,427300
1.8622,0.1808,40.0600,73,97,427303
1.8671,0.1808,40.0000,73,97,427307
1.8377,0.1808,40.1000,73,97,427311
1.8280,0.1808,40.1000,73,97,427314
1.8524,0.1857,40.0300,73,97,427317
1.8133,0.2004,40.0600,73,97,427320
1.8328,0.1808,39.9300,73,97,427324
1.8035,0.1808,40.0600,73,97,427327
1.8035,0.2004,40.0600,73,97,427330
1.8182,0.1857,40.0300,73,97,427334
1.8133,0.1808,40.1000,73,97,427337
1.8377,0.1808,39.7000,73,97,427340
1.8133,0.1760,40.1000,73,97,427343
1.8182,0.1808,40.0600,73,97,427347
1.8426,0.1857,39.8900,73,97,427351
1.8231,0.1808,40.0600,73,97,427354
1.8573,0.1857,39.8600,73,97,427358
1.8719,0.1808,40.0000,73,97,427361
1.8377,0.1760,40.0600,73,97,427364
1.8524,0.1906,40.0600,73,97,427368
1.8768,0.1857,40.0600,73,97,427371
1.8915,0.1857,39.8300,73,97,427374
1.8573,0.1808,40.0300,73,97,427378
1.8671,0.1808,40.1000,73,97,427381
1.9110,0.1808,40.0600,73,97,427384
1.9746,0.1857,40.0600,73,97,427387
2.1212,0.2004,39.8600,73,97,427392
2.1652,0.1808,40.0600,73,97,427395
2.2581,0.1711,40.1000,73,97,427398
2.3607,0.1808,40.0600,73,97,427402
2.4829,0.1808,40.1000,73,97,427405
2.6735,0.1906,39.9300,73,97,427408
2.7370,0.1857,40.0600,73,97,427412
2.7468,0.1808,40.0000,73,97,427415
2.5758,0.1906,40.1000,73,97,427418
2.3167,0.1760,40.1000,73,97,427421
2.0919,0.1857,40.3300,73,97,427425
1.8524,0.1760,40.0300,73,97,427428
1.7155,0.1808,39.9600,73,97,427431
1.6471,0.1808,40.1000,73,97,427436
1.6569,0.1808,40.1300,73,97,427439
1.7058,0.1857,39.9600,73,97,427442
1.7155,0.1808,40.0600,73,97,427446
1.7644,0.1857,40.0000,73,97,427449
1.7400,0.1760,40.1000,73,97,427452
1.7449,0.1808,40.0600,73,97,427455
1.7498,0.1760,40.0600,73,97,427459
1.7449,0.1760,40.0600,73,97,427462
1.7644,0.1808,39.8900,73,97,427465
1.7351,0.1857,40.1000,73,97,427469
1.7449,0.1808,40.1000,73,97,427472
1.7595,0.1906,40.0300,73,97,427475
1.7498,0.1808,40.1000,73,97,427480
1.7937,0.1857,39.8900,73,97,427483
1.7791,0.1711,40.0000,73,97,427486
1.7693,0.1808,40.1300,73,97,427490
1.7840,0.1711,40.0600,73,97,427493
1.7791,0.1711,40.0600,73,97,427496
1.8328,0.2053,39.8600,73,97,427499
1.7937,0.1515,40.0000,73,97,427503
1.7889,0.1760,40.0000,73,97,427506
1.7937,0.1808,40.1000,73,97,427509
1.8133,0.1711,40.1000,73,97,427513
1.8475,0.1906,39.9300,73,97,427516
1.8182,0.1906,40.0600,73,97,427520
1.8231,0.1760,39.9600,73,97,427524
1.8231,0.2004,40.1000,73,97,427527
1.8231,0.1808,40.1000,73,97,427530
1.8573,0.1906,40.2600,73,97,427533
1.8377,0.1857,40.0300,73,97,427537
1.8671,0.1808,39.9300,73,97,427540
1.8426,0.2199,40.1000,73,97,427543
1.8768,0.1808,40.0600,73,97,427547
1.8915,0.1906,39.9600,73,97,427550
1.8622,0.1857,40.1000,73,97,427553
1.9110,0.1808,39.9300,73,97,427557
1.8719,0.1808,40.1300,73,97,427560
1.8768,0.1808,40.1000,73,97,427564
1.9062,0.1857,40.0000,73,97,427568
1.8915,0.1808,40.2000,73,97,427571
1.9257,0.1808,39.8600,73,97,427574
1.9013,0.1808,40.0300,73,97,427577
1.9110,0.1808,40.1000,73,97,427581
1.9306,0.1808,40.0000,73,97,427584
1.9257,0.1857,40.1000,73,97,427587
1.9795,0.1857,39.8600,73,97,427591
1.9404,0.1808,40.0300,73,97,427594
1.9501,0.2004,40.1000,73,97,427597
1.9697,0.1857,40.0300,73,97,427600
1.9648,0.1808,40.0300,73,97,427604
2.0283,0.1955,39.7700,73,97,427608
1.9990,0.1857,40.0000,73,97,427611
1.9941,0.1760,40.1000,73,97,427615
2.0039,0.1808,40.0600,73,97,427618
2.0332,0.1760,40.1000,73,97,427621
2.0577,0.2004,39.9600,73,97,427625
2.0137,0.1808,40.0300,73,97,427628
2.0186,0.1760,40.0000,73,97,427631
2.0137,0.1808,40.0600,73,97,427634
2.0137,0.1808,40.1000,73,97,427638
2.0577,0.1906,39.9600,73,97,427641
2.0186,0.1808,40.0300,73,97,427644
2.0283,0.1857,39.9300,73,97,427649
2.0088,0.1711,40.0600,73,97,427652
1.9941,0.1808,40.1000,73,97,427655
2.0137,0.1857,40.0300,73,97,427659
1.9941,0.1808,40.0300,73,97,427662
2.0137,0.1857,39.9300,73,97,427665
1.9746,0.1808,40.1300,73,97,427668
1.9697,0.1808,40.1000,73,97,427672
1.9844,0.2151,40.0300,73,97,427675
1.9306,0.1808,40.1000,73,97,427678
1.9404,0.1808,39.9300,73,97,427682
1.8964,0.1760,40.1000,73,97,427685
1.8817,0.1808,40.1000,73,97,427688
1.8768,0.2151,39.9600,73,97,427693
1.8377,0.1808,40.0600,73,97,427696
1.8573,0.1857,39.9600,73,97,427699
1.8084,0.1857,40.0300,73,97,427702
1.7840,0.1711,40.1000,73,97,427706
1.7791,0.1857,40.1300,73,97,427709
1.7498,0.2053,40.1000,73,97,427712
1.7791,0.1906,39.8300,73,97,427716
1.7253,0.1857,40.0300,73,97,427719
1.7155,0.1760,40.1000,73,97,427722
1.7107,0.2199,40.0600,73,97,427726
1.7009,0.1808,40.0600,73,97,427729
1.7449,0.2004,39.8600,73,97,427732
1.7107,0.1906,39.9600,73,97,427737
1.6960,0.1760,40.0600,73,97,427740
1.6960,0.1760,40.1000,73,97,427743
1.6960,0.1808,40.1000,73,97,427746
1.7351,0.1857,39.8900,73,97,427750
1.7058,0.1857,40.1600,73,97,427753
1.7204,0.2053,40.1000,73,97,427756
1.7009,0.1808,40.1000,73,97,427760
1.7107,0.1808,40.1000,73,97,427763
1.7400,0.2199,40.0000,73,97,427766
1.7204,0.1857,40.1000,73,97,427770
1.7595,0.1808,39.9300,73,97,427773
1.7302,0.1808,40.0600,73,97,427777
1.7302,0.1711,40.1000,73,97,427780
1.7498,0.1808,40.0000,73,97,427784
1.7449,0.2053,40.0600,73,97,427787
1.7742,0.1857,39.9600,73,97,427790
1.7498,0.1808,40.1300,73,97,427794
1.7546,0.1808,40.1000,73,97,427797
1.7791,0.1857,39.9600,73,97,427800
1.7840,0.1857,40.0600,73,97,427805
1.7742,0.1808,40.1300,73,97,427808
1.8280,0.2004,39.8300,73,97,427812
1.7889,0.1857,39.2200,73,97,427815
1.7889,0.1857,40.0300,73,97,427819
1.7937,0.1808,40.1000,73,97,427823
1.7986,0.1808,40.1000,73,97,427826
1.8524,0.2102,39.8900,73,97,427829
1.8182,0.1808,40.0600,73,97,427832
1.8280,0.1808,39.9300,73,97,427836
1.8182,0.2102,40.0600,73,97,427839
1.8182,0.1808,40.1000,73,97,427842
1.8475,0.1906,39.8600,73,97,427846
1.8573,0.1857,40.0300,73,97,427849
1.8426,0.1808,39.9600,73,97,427852
1.8133,0.1857,40.0600,73,97,427856
1.8182,0.1808,40.0600,73,97,427859
1.8426,0.1906,39.9600,73,97,427863
1.8133,0.1857,40.0600,73,97,427866
1.8426,0.1857,40.0000,73,97,427870
1.8035,0.1760,40.1300,73,97,427873
1.8035,0.1955,40.1300,73,97,427876
1.8182,0.1857,40.4000,73,97,427880
1.7986,0.1857,40.1000,73,97,427883
1.8377,0.1711,39.8900,73,97,427886
1.8035,0.1857,40.1000,73,97,427890
1.8377,0.1857,40.1000,73,97,427893
1.8133,0.1857,40.1600,73,97,427896
1.8035,0.1857,40.0600,73,97,427900
1.8622,0.1711,39.8300,73,97,427904
1.7986,0.1808,40.0000,73,97,427907
1.8084,0.1808,40.1000,73,97,427910
1.8182,0.1857,40.1000,73,97,427914
1.8084,0.1808,40.1000,73,97,427917
1.8866,0.2004,39.8300,73,97,427920
1.8280,0.1515,39.9600,73,97,427924
1.8084,0.1760,40.0600,73,97,427927
1.8084,0.1808,40.1000,73,97,427930
1.8035,0.1808,40.1000,73,97,427934
1.8524,0.1906,39.9300,73,97,427937
1.8182,0.1857,40.0600,73,97,427940
1.8133,0.1808,40.2000,73,97,427943
1.8035,0.1857,40.1300,73,97,427948
1.8084,0.1808,40.1000,73,97,427951
1.8377,0.1906,39.8900,73,97,427954
1.8133,0.1857,40.0600,73,97,427958
1.8377,0.1808,39.9600,73,97,427961
1.8133,0.1808,40.0600,73,97,427964
1.8084,0.1808,40.1000,73,97,427968
1.8328,0.1515,40.0300,73,97,427971
1.8231,0.1808,40.1000,73,97,427974
1.8475,0.1857,39.9600,73,97,427977
1.8182,0.1808,40.1000,73,97,427981
1.8231,0.1760,40.0600,73,97,427984
1.8475,0.1906,39.8900,73,97,427987
1.8182,0.1711,40.1000,73,97,427992
1.8524,0.1857,39.8300,73,97,427995
1.8377,0.1760,39.9600,73,97,427998
1.8133,0.1808,40.0600,73,97,428002
1.8328,0.1857,40.1000,73,97,428005
1.8426,0.1808,40.0600,73,97,428008
1.8622,0.1857,39.8300,73,97,428012
1.8280,0.1808,40.0300,73,97,428015
1.8231,0.1808,40.1300,73,97,428018
1.8280,0.1857,40.1600,73,97,428021
1.8231,0.1808,40.1000,73,97,428025
1.8768,0.2004,39.8300,73,97,428028
1.8280,0.1906,40.0000,73,97,428032
1.8231,0.1760,40.0600,73,97,428036
1.8280,0.1857,40.0600,73,97,428039
1.8182,0.1808,40.1000,73,97,428042
1.8817,0.2004,39.9300,73,97,428046
1.8280,0.1857,40.0600,73,97,428049
1.8231,0.1808,40.0000,73,97,428052
1.8133,0.1857,40.1000,73,97,428055
1.8182,0.1808,40.1000,73,97,428059
1.8622,0.1906,39.8900,73,97,428062
1.8328,0.1808,40.0600,73,97,428065
1.8524,0.1711,40.0300,73,97,428069
1.8426,0.1808,40.2000,73,97,428072
1.8524,0.2151,40.1600,73,97,428076
1.8768,0.1906,39.9600,73,97,428080
1.8475,0.1808,40.1300,73,97,428083
1.8768,0.2053,40.0300,73,97,428086
1.8573,0.1857,40.0600,73,97,428089
1.8622,0.1808,39.8600,73,97,428093
1.8768,0.2053,40.1000,73,97,428096
1.8719,0.1808,40.0600,73,97,428099
1.8915,0.1808,39.8900,73,97,428103
1.8573,0.1857,40.0600,73,97,428106
1.8573,0.1808,40.1000,73,97,428109
1.8671,0.1906,39.9300,73,97,428113
1.8475,0.1808,40.1000,73,97,428116
1.8866,0.1857,39.8600,73,97,428120
1.8671,0.2395,40.0300,73,97,428124
1.8475,0.1857,40.1000,73,97,428127
1.8573,0.1857,40.0600,73,97,428130
1.8719,0.1857,40.1000,73,97,428133
1.8915,0.1906,39.8000,73,97,428137
1.8475,0.1808,40.1000,73,97,428140
1.8328,0.1760,40.0600,73,97,428143
1.8231,0.1808,40.0600,73,97,428147
1.8182,0.1808,40.0600,73,97,428150
1.8622,0.2004,39.8900,73,97,428153
1.8133,0.1857,40.0300,73,97,428157
1.8133,0.1955,40.0000,73,97,428161
1.7986,0.1857,40.0600,73,97,428164
1.7986,0.1808,40.0000,73,97,428167
1.8280,0.1955,40.0000,73,97,428171
1.8084,0.1711,40.0300,73,97,428174
1.8231,0.1857,40.0000,73,97,428177
1.8035,0.1857,40.1000,73,97,428181
1.8035,0.1808,40.1000,73,97,428184
1.8377,0.1906,39.8900,73,97,428187
1.8475,0.1711,40.0600,73,97,428191
1.8426,0.1906,40.0000,73,97,428194
1.8133,0.1760,39.4400,73,97,428197
1.8182,0.1808,40.0600,73,97,428200
1.8377,0.1857,40.0000,73,97,428205
1.8231,0.1808,40.0600,73,97,428208
1.8573,0.1857,39.9300,73,97,428211
1.8524,0.1808,40.2600,73,97,428215
1.9257,0.1760,40.1300,73,97,428218
1.9697,0.1906,40.1600,73,97,428221
2.0430,0.1808,40.0600,73,97,428225
2.1848,0.2004,39.8900,73,97,428228
2.2336,0.1760,40.1000,73,97,428231
2.3509,0.1808,40.2600,73,97,428235
2.4927,0.1906,40.0600,73,97,428238
2.6100,0.1808,40.0600,73,97,428241
2.7957,0.1906,39.8000,73,97,428244
2.7468,0.1906,40.0000,73,97,428249
2.5806,0.1760,40.1000,73,97,428252
2.3314,0.1906,40.0600,73,97,428255
2.0528,0.1808,40.1000,73,97,428259
1.8719,0.2004,39.8900,73,97,428262
1.6911,0.1857,40.0000,73,97,428265
1.6373,0.1760,40.0300,73,97,428268
1.6422,0.1760,40.0600,73,97,428272
1.6764,0.1808,40.1000,73,97,428275
1.7351,0.1906,39.9300,73,97,428278
1.7253,0.2151,40.1000,73,97,428282
1.7595,0.1808,40.0000,73,97,428285
1.7400,0.1808,40.1000,73,97,428289
1.7400,0.1906,40.0600,73,97,428293
1.7840,0.1808,40.0000,73,97,428296
1.7498,0.1906,40.0300,73,97,428299
1.7644,0.1857,39.9300,73,97,428302
1.7302,0.1808,40.0600,73,97,428306
1.7498,0.1808,40.1000,73,97,428309
1.7742,0.1906,39.9600,73,97,428312
1.7449,0.1808,40.1000,73,97,428316
1.7840,0.1808,39.9300,73,97,428319
1.7595,0.1857,40.0000,73,97,428322
1.7644,0.1808,40.1000,73,97,428326
1.7840,0.1857,39.9300,73,97,428329
1.7742,0.1857,40.0600,73,97,428333
1.8084,0.1857,39.8600,73,97,428337
1.7889,0.2102,40.0300,73,97,428340
1.7937,0.1711,40.1000,73,97,428343
1.8035,0.1857,40.0600,73,97,428346
1.8133,0.1857,40.1000,73,97,428350
1.8671,0.1955,39.8300,73,97,428353
1.8084,0.1760,40.0300,73,97,428356
1.8182,0.1711,40.1000,73,97,428360
1.8182,0.1857,40.0600,73,97,428363
1.8133,0.1711,40.1000,73,97,428366
1.8671,0.2004,39.8900,73,97,428370
1.8328,0.1857,40.0000,73,97,428374
1.8622,0.1711,40.0300,73,97,428377
1.8328,0.2053,40.0600,73,97,428381
1.8328,0.1857,40.1000,73,97,428384
1.8866,0.1906,39.8900,73,97,428387
1.8524,0.1857,40.0600,73,97,428390
1.9013,0.1808,40.0000,73,97,428394
1.8622,0.1808,40.1000,73,97,428397
1.8719,0.1808,39.9300,73,97,428400
1.9062,0.1906,39.9600,73,97,428404
1.8866,0.1808,40.0600,73,97,428407
1.9159,0.1857,39.9600,73,97,428410
1.8915,0.1857,40.0600,73,97,428414
1.9355,0.1711,40.1000,73,97,428419
1.9453,0.1515,40.2600,73,97,428423
1.9648,0.1857,40.0300,73,97,428426
1.9550,0.1808,40.3300,73,97,428429
2.0137,0.1955,39.8300,73,97,428432
1.9844,0.1857,40.0000,73,97,428436
1.9746,0.1808,40.2000,73,97,428439
2.0137,0.1857,40.0600,73,97,428442
1.9844,0.1808,40.0600,73,97,428446
2.0479,0.2004,39.8300,73,97,428449
1.9990,0.2053,40.0300,73,97,428452
1.9941,0.1760,40.0300,73,97,428456
1.9941,0.1808,40.1000,73,97,428460
1.9941,0.1808,40.1300,73,97,428463
2.0723,0.2004,39.9600,73,97,428466
2.0039,0.1857,40.0600,73,97,428470
2.0088,0.1808,40.0000,73,97,428473
1.9892,0.1857,40.0600,73,97,428476
1.9795,0.1808,40.1000,73,97,428480
2.0088,0.1906,40.0000,73,97,428483
1.9746,0.1857,40.0600,73,97,428486
1.9795,0.1808,40.0600,73,97,428490
1.9501,0.1857,40.0600,73,97,428493
1.9404,0.1808,40.0600,73,97,428496
1.9599,0.1906,39.9600,73,97,428499
1.9404,0.1808,40.0600,73,97,428504
1.9306,0.1906,40.0300,73,97,428507
1.8768,0.1808,40.1600,73,97,428510
1.8622,0.1906,40.2600,73,97,428514
1.8524,0.1857,40.0300,73,97,428517
1.8231,0.1808,40.0000,73,97,428520
1.8280,0.1857,39.9300,73,97,428524
1.7791,0.1808,40.0300,73,97,428527
1.7693,0.1906,40.0600,73,97,428530
1.7644,0.1857,40.0000,73,97,428533
1.7400,0.1857,40.0600,73,97,428537
1.7644,0.1857,39.8900,73,97,428540
1.7204,0.1760,40.0600,73,97,428544
1.7155,0.1857,40.1000,73,97,428548
1.7302,0.1906,40.0000,73,97,428551
1.7058,0.1857,40.0600,73,97,428554
1.7351,0.1906,39.8300,73,97,428558
1.7155,0.1857,39.9600,73,97,428561
1.7058,0.1857,40.1000,73,97,428564
1.7058,0.1857,39.9600,73,97,428567
1.7107,0.1808,40.1000,73,97,428571
1.7644,0.1906,39.8600,73,97,428574
1.7155,0.1906,40.0300,73,97,428577
1.7107,0.1760,40.0300,73,97,428581
1.7058,0.1857,40.1600,73,97,428584
1.7058,0.1857,40.0600,73,97,428588
1.7449,0.1906,39.9300,73,97,428592
1.7204,0.1857,40.0300,73,97,428595
1.7351,0.1857,39.9300,73,97,428598
1.7253,0.1857,40.0600,73,97,428601
1.7204,0.2346,40.1000,73,97,428605
1.7498,0.1906,40.0300,73,97,428608
1.7400,0.1857,40.0300,73,97,428611
1.7644,0.1906,39.9300,73,97,428615
1.7400,0.1808,40.0600,73,97,428618
1.7449,0.1808,40.3300,73,97,428621
1.7742,0.2004,39.9600,73,97,428625
1.7498,0.1808,40.1000,73,97,428628
1.7742,0.1857,39.9300,73,97,428632
1.7546,0.1808,40.0000,73,97,428636
1.7546,0.1906,40.1600,73,97,428639
1.7791,0.1906,40.0000,73,97,428642
1.7742,0.1808,40.1000,73,97,428645
1.8133,0.1857,39.8900,73,97,428649
1.7791,0.1906,40.0300,73,97,428652
1.7791,0.1808,40.1000,73,97,428655
1.7889,0.1857,40.0600,73,97,428659
1.8035,0.1808,40.1300,73,97,428662
1.8377,0.1955,39.8300,73,97,428665
1.7986,0.1808,40.0300,73,97,428669
1.8133,0.1808,40.1000,73,97,428673
1.8133,0.1857,39.9600,73,97,428676
1.8133,0.1808,40.1000,73,97,428680
1.8622,0.2004,39.8600,73,97,428683
1.8524,0.1857,40.0000,73,97,428686
1.8133,0.1808,40.0300,73,97,428689
1.8035,0.1857,40.1000,73,97,428693
1.8084,0.1808,40.1000,73,97,428696
1.8475,0.1906,39.8900,73,97,428699
1.8133,0.1711,40.0300,73,97,428703
1.8328,0.1857,40.2000,73,97,428706
1.8084,0.1857,40.1000,73,97,428709
1.8035,0.1857,40.1000,73,97,428713
1.8328,0.1906,39.9600,73,97,428717
1.8084,0.1808,40.0600,73,97,428720
1.8280,0.1955,39.9300,73,97,428723
1.7889,0.1857,40.1000,73,97,428727
1.7986,0.1808,40.0600,73,97,428730
1.8035,0.1955,40.0300,73,97,428733
1.7889,0.1711,40.0600,73,97,428737
1.8182,0.1857,39.9300,73,97,428740
1.7937,0.1808,40.0600,73,97,428743
1.7937,0.1808,40.0600,73,97,428747
1.8133,0.1857,40.0300,73,97,428750
1.7986,0.1808,40.0600,73,97,428753
1.8377,0.1857,39.8600,73,97,428756
1.8133,0.1857,39.9600,73,97,428761
1.8084,0.1857,40.1000,73,97,428764
1.8133,0.2151,40.0300,73,97,428767
1.8328,0.1857,40.1000,73,97,428771
1.8573,0.1906,39.8300,73,97,428774
1.8084,0.1906,40.0000,73,97,428777
1.8084,0.1808,40.0600,73,97,428781
1.8084,0.1857,40.0600,73,97,428784
1.8035,0.1808,40.1600,73,97,428787
1.8573,0.2297,39.8600,73,97,428790
1.8133,0.1857,40.0300,73,97,428794
1.8182,0.1857,40.0000,73,97,428797
1.8182,0.1857,40.0600,73,97,428801
1.8182,0.1906,40.0600,73,97,428805
1.8622,0.1955,39.9600,73,97,428808
1.8328,0.1857,40.0600,73,97,428811
1.8377,0.1857,40.0600,73,97,428815
1.8182,0.1808,40.0600,73,97,428818
1.8231,0.1808,40.1000,73,97,428821
1.8573,0.1906,39.8900,73,97,428825
1.8231,0.1857,40.0300,73,97,428828
1.8524,0.1906,39.9300,73,97,428831
1.8231,0.1857,40.1000,73,97,428834
1.8328,0.1808,40.1000,73,97,428838
1.8475,0.1955,40.0000,73,97,428841
1.8377,0.1808,40.1000,73,97,428845
1.8524,0.1808,39.9300,73,97,428849
1.8328,0.1808,40.1300,73,97,428852
1.8671,0.1711,40.0600,73,97,428855
1.8475,0.1857,40.0300,73,97,428859
1.8328,0.1906,40.0600,73,97,428862
1.8768,0.1808,39.8600,73,97,428865
1.8231,0.1808,40.1300,73,97,428869
1.8231,0.1955,40.1000,73,97,428872
1.8377,0.1906,40.0300,73,97,428875
1.8280,0.1906,40.0600,73,97,428878
1.8866,0.2151,39.8300,73,97,428882
1.8671,0.1906,40.0000,73,97,428886
1.8573,0.1808,40.0600,73,97,428889
1.8622,0.1857,40.0600,73,97,428893
1.8573,0.1808,40.1300,73,97,428896
1.9110,0.2053,39.8900,73,97,428899
1.8671,0.1906,40.0300,73,97,428903
1.8768,0.1808,40.1300,73,97,428906
1.8768,0.1808,40.1000,73,97,428909
1.8915,0.1808,40.0600,73,97,428912
1.9208,0.1906,39.9600,73,97,428916
1.8817,0.1857,39.9600,73,97,428919
1.8817,0.1857,39.9600,73,97,428922
1.8573,0.1857,40.0600,73,97,428926
1.8524,0.1808,40.1000,73,97,428930
1.8964,0.1955,40.0300,73,97,428933
1.8524,0.1857,40.0600,73,97,428937
1.8866,0.1857,40.0000,73,97,428940
1.8622,0.1711,40.1000,73,97,428943
1.8719,0.1808,40.1000,73,97,428946
1.9013,0.1906,39.9300,73,97,428950
1.8671,0.1857,40.0600,73,97,428953
1.8768,0.1857,39.9600,73,97,428956
1.8377,0.1906,40.0000,73,97,428960
1.8377,0.1857,40.0600,73,97,428963
1.8475,0.1857,39.9300,73,97,428966
1.8231,0.1808,40.0600,73,97,428971
1.8573,0.1857,39.8600,73,97,428974
1.8280,0.1857,40.0000,73,97,428977
1.8231,0.1857,40.1000,73,97,428980
1.8426,0.1857,40.0300,73,97,428984
1.8328,0.1808,40.3300,73,97,428987
1.8817,0.1955,39.8300,73,97,428990
1.8377,0.1808,40.1600,73,97,428994
1.8426,0.1906,40.0600,73,97,428997
1.8475,0.1857,40.0600,73,97,429000
1.8328,0.1760,40.0600,73,97,429004
1.9062,0.1906,39.9300,73,97,429007
1.8524,0.1955,39.9600,73,97,429010
1.8475,0.2004,40.0600,73,97,429015
1.8426,0.1857,40.1000,73,97,429018
1.8475,0.1808,40.1000,73,97,429021
1.8915,0.1906,39.9300,72,97,429024
2.1065,0.1955,39.9600,72,97,429029
2.1750,0.1857,40.0600,72,97,429032
2.3021,0.1906,39.9300,72,97,429036
2.3803,0.1857,40.1000,72,97,429039
2.5220,0.1808,40.0600,72,97,429042
2.6686,0.1857,40.0300,72,97,429046
2.7517,0.2395,40.1000,72,97,429049
2.7468,0.1857,39.8900,72,97,429052
2.5122,0.1857,40.0600,72,97,429057
2.2581,0.1808,40.1000,72,97,429060
1.9990,0.1906,40.0300,72,97,429063
1.7546,0.1760,40.1000,72,97,429066
1.6569,0.1955,39.8600,72,97,429070
1.6129,0.1906,40.1300,72,97,429073
1.6227,0.1857,40.0600,72,97,429076
1.6764,0.1857,40.1300,72,97,429080
1.7058,0.2151,40.1000,72,97,429083
1.7889,0.1955,39.8300,72,97,429086
1.7644,0.1857,39.9600,72,97,429090
1.7937,0.1760,40.0300,72,97,429093
1.7791,0.1857,40.0600,72,97,429096
1.7791,0.1808,40.3300,72,97,429101
1.8280,0.1906,39.9300,72,97,429104
1.7889,0.1857,40.0600,72,97,429107
1.7986,0.1857,39.9300,72,97,429110
1.7889,0.1857,40.0600,72,97,429114
1.7889,0.1808,40.1000,72,97,429117
1.8524,0.1955,40.0000,72,97,429120
1.7986,0.1857,40.0600,72,97,429124
1.8182,0.1857,39.8900,72,97,429127
1.7986,0.1857,40.1000,72,97,429130
1.8035,0.1808,40.0600,72,97,429134
1.8328,0.1955,39.9600,72,97,429137
1.8084,0.1857,40.1600,72,97,429140
1.8426,0.2346,40.1000,72,97,429145
1.8133,0.1808,40.0300,72,97,429148
1.8231,0.1808,40.1000,72,97,429151
1.8426,0.1711,40.0000,72,97,429154
1.8280,0.1808,40.1300,72,97,429158
1.8671,0.1857,39.8900,72,97,429161
1.8426,0.1857,40.0300,72,97,429164
1.8475,0.1808,39.8900,72,97,429168
1.8622,0.1760,40.0300,72,97,429171
1.8622,0.1808,40.1000,72,97,429174
1.9110,0.1906,39.7700,72,97,429178
1.8622,0.1808,40.0600,72,97,429181
1.8768,0.1808,40.1600,72,97,429185
1.8866,0.1857,39.9300,72,97,429188
1.8768,0.1857,40.1000,72,97,429192
1.9355,0.2004,39.9600,72,97,429195
1.9013,0.2248,40.0000,72,97,429198
1.8915,0.1760,40.0300,72,97,429202
1.9062,0.1857,40.0300,72,97,429205
1.9110,0.1857,40.1000,72,97,429208
1.9697,0.1955,39.9600,72,97,429212
1.9355,0.1808,40.0600,72,97,429215
1.9697,0.1760,40.0000,72,97,429218
1.9355,0.1857,40.0600,72,97,429222
1.9453,0.1808,39.8300,72,97,429225
1.9892,0.1955,39.9600,72,97,429229
1.9599,0.1857,40.3300,72,97,429232
1.9941,0.1808,39.9300,72,97,429236
1.9697,0.1515,40.0600,72,97,429239
1.9844,0.1857,40.0600,72,97,429242
1.9990,0.1857,40.1000,72,97,429246
1.9892,0.1857,40.0300,72,97,429249
2.0283,0.1857,39.9300,72,97,429252
1.9990,0.1515,40.1000,72,97,429256
2.0088,0.1808,40.0300,72,97,429259
2.0332,0.1906,40.0000,72,97,429262
2.0137,0.1711,40.0600,72,97,429265
2.0479,0.1857,39.8900,72,97,429270
2.0235,0.1857,39.9600,72,97,429273
2.0137,0.1857,40.0600,72,97,429276
2.0283,0.1955,40.1300,72,97,429280
2.0088,0.1760,40.0600,72,97,429283
2.0528,0.2053,39.8300,72,97,429286
2.0137,0.1857,40.0300,72,97,429290
1.9990,0.1808,40.0600,72,97,429293
1.9990,0.1857,40.0600,72,97,429296
1.9892,0.1906,40.0600,72,97,429299
2.0528,0.1906,39.7700,72,97,429303
1.9746,0.1857,39.9600,72,97,429306
1.9648,0.1808,40.0600,72,97,429309
1.9550,0.1857,40.0600,72,97,429314
1.9306,0.1857,40.1300,72,97,429317
1.9990,0.2004,39.8900,72,97,429320
1.9062,0.1857,40.0300,72,97,429324
1.8817,0.1808,40.0600,72,97,429327
1.8622,0.1857,40.0600,72,97,429330
1.8426,0.1808,40.1000,72,97,429333
1.8622,0.2102,39.8900,72,97,429337
1.8133,0.1857,40.1000,72,97,429340
1.8084,0.1906,39.9300,72,97,429343
1.7742,0.1857,40.1000,72,97,429347
1.7546,0.1857,40.0600,72,97,429350
1.7644,0.1857,39.9600,72,97,429353
1.7302,0.1857,40.1300,72,97,429358
1.7498,0.1906,40.0300,72,97,429361
1.7155,0.1808,40.0600,72,97,429364
1.7155,0.1808,40.1600,72,97,429368
1.7253,0.1808,40.0000,72,97,429371
1.7204,0.1857,40.1000,72,97,429374
1.7400,0.1857,39.8600,72,97,429377
1.7204,0.1857,40.0600,72,97,429381
1.7155,0.1808,40.1000,72,97,429384
1.7351,0.1906,40.0000,72,97,429387
1.7107,0.1711,40.0600,72,97,429391
1.7498,0.1906,39.8600,72,97,429394
1.7253,0.1906,39.9600,72,97,429398
1.7155,0.1808,40.1300,72,97,429402
1.7204,0.1857,40.0600,72,97,429405
1.7204,0.1808,40.1300,72,97,429408
1.7791,0.1955,39.8000,72,97,429411
1.7498,0.1711,40.0300,72,97,429415
1.7449,0.1808,40.1300,72,97,429418
1.7498,0.2199,40.0600,72,97,429421
1.7595,0.1808,40.1000,72,97,429425
1.8084,0.2004,39.9300,72,97,429428
1.7742,0.1857,40.0600,72,97,429431
1.7840,0.1857,40.0000,72,97,429435
1.7791,0.1857,40.0300,72,97,429438
1.7742,0.1808,40.1000,72,97,429442
1.8084,0.1955,39.9600,72,97,429446
1.7986,0.1857,40.0600,72,97,429449
1.8133,0.1857,39.9300,72,97,429452
1.7937,0.1857,40.1000,72,97,429455
1.8084,0.1808,40.1300,72,97,429459
1.8524,0.1808,39.9300,72,97,429462
1.8133,0.1857,40.0300,72,97,429465
1.8622,0.1711,40.0000,72,97,429469
1.8133,0.1808,39.1600,72,97,429472
1.8182,0.1760,40.0600,72,97,429475
1.8328,0.1906,40.0600,72,97,429479
1.8182,0.1857,40.0300,72,97,429483
1.8524,0.1808,39.8600,72,97,429486
1.8280,0.1857,40.0000,72,97,429489
1.8231,0.1808,40.1300,72,97,429493
1.8377,0.1955,40.0300,72,97,429496
1.8231,0.1857,40.0600,72,97,429499
1.8671,0.1906,39.8600,72,97,429503
1.8182,0.1711,40.0600,72,97,429506
1.8280,0.1808,40.1000,72,97,429509
1.8377,0.1906,40.0600,72,97,429513
1.8182,0.1857,40.1600,72,97,429516
1.8671,0.2053,39.8300,72,97,429519
1.8328,0.1906,39.9600,72,97,429523
1.8133,0.1808,40.0600,72,97,429527
1.8133,0.1857,40.0600,72,97,429530
1.8133,0.1808,39.6000,72,97,429533
1.8573,0.1857,39.8900,72,97,429537
1.8133,0.1857,40.0300,72,97,429540
1.8182,0.1857,39.9600,72,97,429543
1.8035,0.1857,40.1000,72,97,429547
1.8035,0.1808,40.1000,72,97,429550
1.8328,0.1955,40.0000,72,97,429553
1.8084,0.1808,40.0000,72,97,429557
1.8280,0.1857,39.9600,72,97,429560
1.7937,0.1760,40.0600,72,97,429563
1.7986,0.1808,40.1300,72,97,429568
1.8133,0.1857,40.0600,72,97,429571
1.7986,0.1955,40.0600,72,97,429574
1.8231,0.1857,39.9600,72,97,429577
1.8084,0.1760,40.0600,72,97,429581
1.7986,0.1808,40.1000,72,97,429584
1.8182,0.1906,40.0600,72,97,429587
1.7986,0.1857,40.1000,72,97,429591
1.8377,0.1711,39.8900,72,97,429594
1.8084,0.1857,39.2800,72,97,429597
1.7986,0.1857,40.1600,72,97,429601
1.8133,0.1906,39.9300,72,97,429604
1.8035,0.1906,40.1000,72,97,429607
1.8573,0.1955,39.8300,72,97,429611
1.8133,0.1857,40.0300,72,97,429615
1.8475,0.1808,40.1000,72,97,429618
1.8133,0.1857,40.0600,72,97,429621
1.8084,0.1808,40.0000,72,97,429625
1.8622,0.2004,39.8300,72,97,429628
1.8133,0.1857,40.0300,72,97,429631
1.8182,0.1808,40.0300,72,97,429635
1.8328,0.1808,40.0600,72,97,429638
1.7889,0.1857,40.1000,72,97,429643
1.7937,0.1808,40.1000,72,97,429646
1.8280,0.2151,39.9600,72,97,429649
1.8035,0.1857,40.0600,72,97,429654
1.8524,0.1906,40.0600,72,97,429657
1.8231,0.1808,40.0600,72,97,429660
1.8573,0.1808,40.0600,72,97,429663
1.8524,0.1906,40.0600,72,97,429667
1.8377,0.2102,40.0600,72,97,429670
1.8671,0.1857,39.8900,72,97,429673
1.8524,0.1857,40.0600,72,97,429677
1.8524,0.1857,40.1000,72,97,429680
1.8622,0.1906,40.0300,72,97,429683
1.8573,0.1857,39.9300,72,97,429687
1.8964,0.1857,39.8300,72,97,429690
1.8426,0.1808,40.0600,72,97,429693
1.8377,0.2102,40.0600,72,97,429697
1.8475,0.1906,40.0300,72,97,429701
1.8328,0.1857,40.0600,72,97,429704
1.8866,0.1955,39.8000,72,97,429707
1.8573,0.1906,40.0000,72,97,429711
1.8475,0.1808,40.1300,72,97,429714
1.8524,0.1857,40.0600,72,97,429717
1.8524,0.1857,40.1000,72,97,429721
1.8964,0.2199,39.8900,72,97,429724
1.8475,0.1906,40.0300,72,97,429727
1.8377,0.1808,40.0300,72,97,429731
1.8182,0.1808,40.0600,72,97,429734
1.8328,0.1857,40.0600,72,97,429737
1.8280,0.1906,39.9600,72,97,429741
1.7986,0.1857,40.1000,72,97,429745
1.8426,0.1857,40.0000,72,97,429748
1.7986,0.1857,39.9300,72,97,429751
1.8182,0.1808,40.0600,72,97,429755
1.8231,0.1906,40.0300,72,97,429758
1.8084,0.1857,40.3000,72,97,429761
1.8328,0.1955,39.9300,72,97,429765
1.8035,0.1857,40.0600,72,97,429768
1.8133,0.1808,40.1000,72,97,429771
1.8426,0.1857,39.9600,72,97,429774
1.8182,0.1857,40.1000,72,97,429778
1.8475,0.1857,39.9300,72,97,429782
1.8377,0.1857,40.0000,72,97,429785
1.8231,0.1808,40.1600,72,97,429789
1.8328,0.1955,40.0000,72,97,429792
1.8328,0.1857,40.0600,72,97,429795
1.8817,0.1906,39.8000,72,97,429799
1.8915,0.1808,40.0300,72,97,429802
1.9062,0.1808,40.1000,72,97,429805
1.9795,0.1906,40.0300,72,97,429808
2.0626,0.1857,40.0600,72,97,429812
2.2141,0.1955,39.8300,72,97,429815
2.2630,0.1857,40.2600,72,97,429818
2.3656,0.1760,40.0600,72,97,429822
2.5024,0.1857,40.0600,72,97,429826
2.6246,0.1906,40.0600,72,97,429829
2.8055,0.2053,39.8900,72,97,429833
2.7419,0.1906,40.0600,72,97,429836
2.5709,0.1808,40.0300,72,97,429839
2.3021,0.1955,40.1000,72,97,429842
2.0235,0.1808,40.1000,72,97,429846
1.8377,0.1906,40.0300,72,97,429849
1.7009,0.1906,40.0300,72,97,429852
1.6471,0.1857,39.9600,72,97,429856
1.6471,0.1857,40.1600,72,97,429859
1.6813,0.1955,40.1000,72,97,429862
1.7302,0.1906,39.8900,72,97,429867
1.7253,0.1906,40.1000,72,97,429870
1.7546,0.1955,39.9300,72,97,429873
1.7400,0.1857,40.0600,72,97,429877
1.7400,0.1906,40.0300,72,97,429880
1.7791,0.1857,40.0300,72,97,429883
1.7351,0.1857,40.0600,72,97,429886
1.7644,0.2102,39.9300,72,97,429890
1.7400,0.1857,40.1000,72,97,429893
1.7498,0.1955,40.0600,72,97,429896
1.7693,0.1711,40.0000,72,97,429900
1.7498,0.1857,40.1300,72,97,429903
1.7986,0.1857,39.8600,72,97,429906
1.7742,0.1906,40.0600,72,97,429911
1.7644,0.1857,40.1000,72,97,429914
1.7840,0.1906,40.0300,72,97,429917
1.7791,0.1857,40.0600,72,97,429920
1.8328,0.2004,39.8000,72,97,429924
1.7889,0.1711,40.0300,72,97,429927
1.7937,0.1808,40.1300,72,97,429930
1.7986,0.1760,40.1000,72,97,429934
1.8035,0.1808,40.1000,72,97,429937
1.8622,0.2053,39.8600,72,97,429940
1.8182,0.1711,40.0300,72,97,429944
1.8231,0.1808,40.0600,72,97,429947
1.8182,0.1857,40.0600,72,97,429950
1.8231,0.1857,40.1300,72,97,429955
1.8866,0.1955,39.9600,72,97,429958
1.8426,0.1857,40.1000,72,97,429961
1.8671,0.1857,39.9300,72,97,429964
1.8475,0.1857,40.1000,72,97,429968
1.8524,0.1857,40.1000,72,97,429971
1.8866,0.1955,39.9300,72,97,429974
1.8622,0.1857,40.0000,72,97,429978
1.8964,0.2248,40.0300,72,97,429981
1.8817,0.1808,40.0600,72,97,429984
1.8817,0.1857,40.0600,72,97,429988
1.9013,0.2004,39.9600,72,97,429991
1.8964,0.1857,40.1000,72,97,429995
1.9110,0.1857,39.9600,72,97,429999
1.8964,0.1760,40.0300,72,97,430002
1.9062,0.1857,40.1000,72,97,430005
1.9257,0.1906,40.1000,72,97,430008
1.9257,0.1808,40.1000,72,97,430012
1.9795,0.1906,39.8300,72,97,430015
1.9795,0.1808,40.0300,72,97,430018
1.9599,0.1857,40.0600,72,97,430022
1.9746,0.1955,40.1000,72,97,430025
1.9697,0.1857,40.1000,72,97,430028
2.0332,0.2004,39.8000,72,97,430032
1.9990,0.1857,40.0300,72,97,430035
1.9941,0.1711,40.0600,72,97,430039
1.9941,0.1857,40.0600,72,97,430042
2.0039,0.1857,40.0600,72,97,430046
2.0577,0.1906,39.8900,72,97,430049
2.0088,0.1906,40.2000,72,97,430052
2.0088,0.1808,40.0000,72,97,430056
1.9990,0.1857,40.0600,72,97,430059
1.9990,0.1906,40.2300,72,97,430062
2.0381,0.1906,39.9300,72,97,430066
2.0039,0.1857,40.0600,72,97,430069
2.0186,0.1857,39.9600,72,97,430072
1.9892,0.1955,40.1000,72,97,430075
1.9844,0.1857,40.1000,72,97,430080
1.9941,0.1857,40.0000,72,97,430083
1.9648,0.1711,40.0600,72,97,430086
1.9844,0.1906,39.9600,72,97,430090
1.9453,0.1906,40.1000,72,97,430093
1.9404,0.1857,40.1000,72,97,430096
1.9550,0.1906,39.9600,72,97,430100
1.9110,0.1857,40.1000,72,97,430103
1.9159,0.1857,39.8900,72,97,430106
1.8817,0.1711,40.0000,72,97,430109
1.8573,0.1857,40.0600,72,97,430113
1.8524,0.1955,40.0000,72,97,430116
1.8182,0.1857,40.1000,72,97,430119
1.8377,0.1906,39.8600,72,97,430124
1.7937,0.1906,40.0300,72,97,430127
1.7742,0.1857,40.1000,72,97,430130
1.7644,0.1906,40.1300,72,97,430134
1.7449,0.2199,40.0600,72,97,430137
1.7840,0.1955,39.8300,72,97,430140
1.7302,0.1857,40.0600,72,97,430144
1.7302,0.1808,40.0600,72,97,430147
1.7204,0.1906,40.0600,72,97,430150
1.7058,0.1857,40.0600,72,97,430153
1.7546,0.2053,39.8600,72,97,430157
1.7253,0.1906,39.9600,72,97,430160
1.7058,0.1808,39.9600,72,97,430163
1.7058,0.1857,40.1300,72,97,430168
1.7058,0.1857,40.3300,72,97,430171
1.7351,0.1857,39.9300,72,97,430174
1.7107,0.1857,40.1000,72,97,430178
1.7253,0.2151,39.9600,72,97,430181
1.7155,0.1857,40.1000,72,97,430184
1.7155,0.1857,40.0000,72,97,430187
1.7449,0.1955,39.9600,72,97,430191
1.7302,0.1857,40.1000,72,97,430194
1.7595,0.1906,40.0000,72,97,430197
1.7351,0.1808,40.1000,72,97,430201
1.7449,0.1857,40.1000,72,97,430204
1.7595,0.1906,40.0300,72,97,430208
1.7546,0.1906,40.1000,72,97,430212
1.8182,0.1808,39.9300,72,97,430215
1.7644,0.1857,40.1000,72,97,430218
1.7693,0.1857,40.0600,72,97,430221
1.7937,0.1955,39.9600,72,97,430225
1.7693,0.1857,40.1000,72,97,430228
1.8084,0.1906,39.8600,72,97,430231
1.7937,0.1906,40.0000,72,97,430235
1.7840,0.1857,40.2000,72,97,430238
1.7986,0.1906,40.0300,72,97,430241
1.7889,0.1857,40.1000,72,97,430245
1.8377,0.1955,39.9300,72,97,430248
1.8377,0.1955,40.0300,72,97,430254
1.8084,0.1711,40.0300,72,97,430257
1.8182,0.1857,40.0000,72,97,430260
1.8084,0.1906,40.0600,72,97,430264
1.8084,0.1857,40.1300,72,97,430267
1.8377,0.1906,40.0300,72,97,430270
1.8231,0.2004,40.1000,72,97,430273
1.8524,0.1711,39.9300,72,97,430277
1.8084,0.1857,40.0600,72,97,430280
1.8182,0.1808,40.1000,72,97,430283
1.8377,0.1955,39.9300,72,97,430287
1.8035,0.1760,40.1000,72,97,430290
1.8328,0.1857,39.9600,72,97,430294
1.8035,0.1808,40.2000,72,97,430298
1.8084,0.1857,40.1000,72,97,430301
1.8231,0.1906,40.0000,72,97,430304
1.8084,0.1857,39.8900,72,97,430307
1.8377,0.1760,39.8600,72,97,430311
1.8035,0.1857,40.0000,72,97,430314
1.7986,0.1857,40.0600,72,97,430317
1.8182,0.1711,40.0300,72,97,430321
1.7937,0.1857,40.1300,72,97,430324
1.8426,0.1955,39.8000,72,97,430327
1.7986,0.1857,40.0300,72,97,430331
1.8035,0.1808,40.0000,72,97,430334
1.8133,0.1955,40.0600,72,97,430338
1.7986,0.1857,40.2300,72,97,430342
1.8524,0.2004,39.8300,72,97,430345
1.8231,0.1906,40.0000,72,97,430348
1.8035,0.1808,40.1300,72,97,430351
1.8231,0.1808,40.2300,72,97,430355
1.8035,0.1857,40.1000,72,97,430358
1.8475,0.1955,39.8900,72,97,430361
1.8035,0.1906,40.0600,72,97,430365
1.8133,0.1857,39.9600,72,97,430368
1.7986,0.1906,40.1000,72,97,430371
1.8084,0.1711,40.0600,72,97,430375
1.8280,0.1955,39.9600,72,97,430379
1.8035,0.2151,40.0600,72,97,430382
1.8280,0.1808,39.9300,72,97,430385
1.8084,0.1857,40.1000,72,97,430389
1.8084,0.1906,40.1000,72,97,430392
1.8280,0.1906,40.0000,72,97,430395
1.8133,0.1857,40.0600,72,97,430399
1.8426,0.1906,39.1900,72,97,430402
1.8133,0.1857,40.1000,72,97,430405
1.8231,0.1857,40.2000,72,97,430409
1.8426,0.1955,39.9600,72,97,430412
1.8182,0.1857,40.2000,72,97,430415
1.8524,0.1906,39.8600,72,97,430418
1.8377,0.1955,39.9600,72,97,430423
1.8328,0.1857,40.0600,72,97,430426
1.8573,0.1955,40.1000,72,97,430429
1.8280,0.1857,40.1000,72,97,430433
1.8768,0.1906,39.8300,72,97,430436
1.8524,0.1857,40.0300,72,97,430439
1.8231,0.1857,40.1000,72,97,430443
1.8426,0.1906,40.0600,72,97,430446
1.8475,0.1955,40.0600,72,97,430449
1.9110,0.1906,39.8300,72,97,430453
1.8622,0.1857,40.0300,72,97,430456
1.8622,0.1857,40.0300,72,97,430459
1.8524,0.1906,40.0300,72,97,430462
1.8524,0.1906,40.0600,72,97,430467
1.9013,0.1955,39.9300,72,97,430470
1.8719,0.1955,40.0300,72,97,430473
1.8719,0.1857,40.1300,72,97,430477
1.8622,0.1857,40.1000,72,97,430480
1.8622,0.1857,40.1000,72,97,430483
1.8915,0.1955,39.8900,72,97,430487
1.8524,0.1906,40.0300,72,97,430490
1.8671,0.1906,39.9600,72,97,430493
1.8377,0.1906,40.0600,72,97,430496
1.8377,0.1857,40.1000,72,97,430500
1.8671,0.1955,40.0600,72,97,430503
1.8524,0.1906,40.0600,72,97,430507
1.8866,0.1955,40.1000,72,97,430511
1.8573,0.1857,40.1000,72,97,430514
1.8622,0.2004,40.0600,72,97,430517
1.8671,0.1906,40.0000,72,97,430521
1.8475,0.1857,40.0600,72,97,430524
1.8622,0.1906,39.9300,72,97,430527
1.8231,0.1857,40.0600,72,97,430530
1.8182,0.1857,40.1000,72,97,430534
1.8280,0.1906,40.0000,72,97,430537
1.8035,0.1857,40.1000,72,97,430540
1.8426,0.1906,39.6000,72,97,430544
1.8377,0.1808,39.9600,72,97,430547
1.8035,0.1857,40.1000,72,97,430551
1.8084,0.1857,40.1000,72,97,430555
1.7986,0.1808,40.1000,72,97,430558
1.8524,0.1906,39.8000,72,97,430561
1.8133,0.1906,40.0300,72,97,430564
1.8328,0.1808,40.0600,72,97,430568
1.8133,0.1857,40.1000,72,97,430571
1.8133,0.1857,40.0000,72,97,430574
1.8671,0.1955,39.8900,72,97,430578
1.8280,0.1906,40.0600,72,97,430581
1.8280,0.1857,40.0600,72,97,430584
1.8182,0.2053,40.1000,72,97,430588
1.8280,0.1857,40.1000,72,97,430592
1.8719,0.2004,40.2000,72,97,430595
1.8768,0.2297,40.0300,72,97,430598
1.9550,0.1857,39.9600,72,97,430602
2.0137,0.1857,40.0600,72,97,430605
2.1114,0.1808,40.1000,72,97,430608
2.2483,0.1906,39.8600,72,97,430612
2.3069,0.1857,40.0600,72,97,430615
2.4585,0.2199,39.9300,72,97,430618
2.5660,0.1808,40.0600,72,97,430622
2.6931,0.1857,40.1000,72,97,430625
2.7615,0.1906,40.0300,72,97,430628
2.6246,0.1857,40.0600,72,97,430631
2.4340,0.1711,39.9300,72,97,430636
2.1261,0.1857,40.1600,72,97,430639
1.8817,0.1857,40.1000,72,97,430642
1.7204,0.1857,40.0000,72,97,430646
1.6422,0.1906,40.0600,72,97,430649
1.6667,0.1857,39.8600,72,97,430652
1.6667,0.1857,40.0600,72,97,430656
1.7058,0.1857,40.0300,72,97,430659
1.7449,0.1955,40.0300,72,97,430662
1.7449,0.1857,39.1900,72,97,430665
1.7986,0.1955,39.8300,72,97,430669
1.7693,0.1906,40.0000,72,97,430672
1.7595,0.1857,40.0600,72,97,430675
1.7644,0.1906,40.0600,72,97,430680
1.7546,0.1857,39.1900,72,97,430683
1.8084,0.2151,39.8300,72,97,430686
1.7644,0.1906,40.0600,72,97,430690
1.7644,0.1808,40.0000,72,97,430693
1.7644,0.1760,40.0600,72,97,430696
1.7693,0.1857,40.0600,72,97,430700
1.8133,0.1955,39.9600,72,97,430703
1.7840,0.1857,40.1000,72,97,430706
1.8035,0.1857,39.9600,72,97,430709
1.7840,0.2248,40.0600,72,97,430713
1.7840,0.1857,40.0600,72,97,430716
1.8133,0.1955,40.0300,72,97,430720
1.8035,0.1808,40.0600,72,97,430724
1.8328,0.2053,39.9300,72,97,430727
1.8084,0.1857,39.9600,72,97,430730
1.8133,0.1857,40.0600,72,97,430734
1.8475,0.1955,39.9600,72,97,430737
1.8182,0.1857,40.0600,72,97,430740
1.8719,0.1808,39.9300,72,97,430743
1.8280,0.1857,40.0300,72,97,430747
1.8280,0.1857,40.0600,72,97,430750
1.8426,0.1955,40.0000,72,97,430753
1.8328,0.1857,40.2300,72,97,430757
1.8768,0.1955,39.8600,72,97,430760
1.8573,0.1906,40.0300,72,97,430764
1.8573,0.1857,40.1000,72,97,430768
1.8719,0.1906,40.0600,72,97,430771
1.8671,0.1857,40.1000,72,97,430774
1.9208,0.2297,39.8300,72,97,430778
1.8817,0.1857,40.0300,72,97,430781
1.8866,0.2102,40.0600,72,97,430784
1.8964,0.1906,40.1000,72,97,430787
1.8964,0.1857,40.1600,72,97,430791
1.9599,0.2004,39.8900,72,97,430794
1.9208,0.1906,40.0300,72,97,430797
1.9306,0.1808,40.0300,72,97,430801
1.9355,0.1906,40.0600,72,97,430804
1.9550,0.1808,40.1000,72,97,430808
1.9941,0.1955,39.0300,72,97,430812
1.9990,0.1906,40.0600,72,97,430815
1.9795,0.1711,39.9600,72,97,430818
1.9697,0.1906,40.0600,72,97,430821
1.9795,0.1857,40.0000,72,97,430825
2.0137,0.1906,40.0000,72,97,430828
1.9941,0.1857,40.1300,72,97,430831
2.0235,0.1906,39.8900,72,97,430835
2.0186,0.1906,40.0600,72,97,430838
2.0039,0.1857,40.1000,72,97,430841
2.0186,0.1906,39.8900,72,97,430845
2.0088,0.1857,40.1300,72,97,430849
2.0381,0.1808,39.9300,72,97,430852
1.9990,0.1857,40.0600,72,97,430855
1.9990,0.1906,40.1000,72,97,430859
2.0235,0.1955,40.0300,73,97,430862
1.9746,0.1955,40.0600,73,97,430867
1.9599,0.1857,40.0600,73,97,430870
2.0039,0.1955,39.8000,73,97,430873
1.9453,0.1906,40.0300,73,97,430877
1.9208,0.1808,40.0600,73,97,430880
1.9110,0.1906,40.2000,73,97,430883
1.8915,0.1857,40.1000,73,97,430887
1.9355,0.1906,39.8900,73,97,430891
1.8671,0.1906,40.0300,73,97,430894
1.8573,0.1857,40.0300,73,97,430897
1.8231,0.1906,40.0600,73,97,430901
1.8035,0.2151,40.0600,73,97,430904
1.8231,0.2004,39.9600,73,97,430907
1.7742,0.1906,40.1600,73,97,430911
1.7742,0.1906,39.9600,73,97,430914
1.7449,0.1857,40.1000,73,97,430917
1.7400,0.1906,40.0600,73,97,430921
1.7595,0.1955,39.9300,73,97,430924
1.7204,0.1857,40.1600,73,97,430927
1.7449,0.1955,39.9600,73,97,430930
1.7155,0.1760,40.1000,73,97,430935
1.7058,0.1857,40.0600,73,97,430938
1.7302,0.1906,40.0000,73,97,430941
1.7155,0.1857,40.0600,73,97,430945
1.7302,0.1857,39.9300,73,97,430948
1.7009,0.1857,40.3300,73,97,430951
1.7058,0.1906,40.0600,73,97,430955
1.7204,0.1906,40.0300,73,97,430958
1.7107,0.1955,40.0600,73,97,430961
1.7449,0.1955,39.8900,73,97,430964
1.7107,0.1857,40.0600,73,97,430968
1.7204,0.1857,40.3000,73,97,430971
1.7400,0.1955,40.0300,73,97,430974
1.7253,0.1857,40.1600,73,97,430979
1.7986,0.1955,39.8000,73,97,430982
1.7546,0.1906,39.9600,73,97,430985
1.7498,0.1857,40.0600,73,97,430989
1.7595,0.1906,40.0600,73,97,430992
1.7595,0.1857,40.1000,73,97,430995
1.8182,0.2102,39.8900,73,97,430999
1.7791,0.1906,40.0600,73,97,431002
1.7840,0.1857,40.1000,73,97,431005
1.7840,0.1955,40.0600,73,97,431008
1.7986,0.1857,40.1000,73,97,431012
1.8328,0.1906,39.8600,73,97,431015
1.7986,0.1955,40.0600,73,97,431019
1.8182,0.1906,40.0000,73,97,431023
1.7937,0.1906,40.0600,73,97,431026
1.8035,0.1808,40.1000,73,97,431029
1.8231,0.1906,40.0300,73,97,431033
1.8084,0.1906,40.0300,73,97,431036
1.8280,0.1955,39.9300,73,97,431039
1.8035,0.1857,40.1600,73,97,431042
1.8035,0.1857,40.1000,73,97,431046
1.8328,0.1906,39.9300,73,97,431049
1.8035,0.1857,40.0600,73,97,431052
1.8231,0.1808,39.9300,73,97,431056
1.8133,0.1857,40.0000,73,97,431059
1.8084,0.1857,40.1000,73,97,431063
1.8231,0.1857,40.0000,73,97,431067
1.8084,0.1857,40.1000,73,97,431070
1.8475,0.1955,39.8900,73,97,431073
1.8280,0.1906,40.0300,73,97,431077
1.8133,0.1857,40.1300,73,97,431080
1.8231,0.1906,40.0300,73,97,431083
1.8182,0.1711,40.1000,73,97,431086
1.8671,0.1955,39.0900,73,97,431090
1.8280,0.1857,40.0600,73,97,431093
1.8280,0.1857,40.1000,73,97,431096
1.8328,0.1955,40.0600,73,97,431100
1.8231,0.1857,40.2300,73,97,431104
1.8719,0.2004,39.8900,73,97,431107
1.8377,0.1906,40.0300,73,97,431111
1.8231,0.1857,40.0300,73,97,431114
1.8133,0.1906,40.0300,73,97,431117
1.8133,0.1857,40.0600,73,97,431121
1.8377,0.2053,39.9300,73,97,431124
1.8035,0.1906,39.9600,73,97,431127
1.8182,0.1906,39.9600,73,97,431130
1.8280,0.1711,40.1000,73,97,431134
1.7986,0.1857,40.1000,73,97,431137
1.8231,0.2004,40.1000,73,97,431140
1.8182,0.1808,40.0600,73,97,431144
1.8280,0.1906,40.0000,73,97,431148
1.7937,0.1857,40.1000,73,97,431151
1.8035,0.1955,40.1000,73,97,431155
1.8084,0.1906,40.0300,73,97,431158
1.8035,0.1857,40.1600,73,97,431161
1.8231,0.1857,39.9300,73,97,431164
1.7937,0.1857,40.2000,73,97,431168
1.8035,0.1857,40.0300,73,97,431171
1.8231,0.1906,40.0000,73,97,431174
1.8035,0.1955,40.1000,73,97,431178
1.8719,0.1955,39.8600,73,97,431181
1.8182,0.1955,39.9600,73,97,431184
1.8084,0.1906,40.1300,73,97,431188
1.8133,0.1906,40.0600,73,97,431192
1.8084,0.1857,40.0300,73,97,431195
1.8622,0.2004,39.8300,73,97,431198
1.8231,0.1906,40.1300,73,97,431202
1.8231,0.1857,40.0600,73,97,431205
1.8280,0.1711,40.1000,73,97,431208
1.8133,0.1857,40.1000,73,97,431212
1.8671,0.2053,39.9600,73,97,431215
1.8182,0.1955,40.0300,73,97,431218
1.8231,0.1857,40.1000,73,97,431222
1.8182,0.1857,40.0600,73,97,431225
1.8231,0.1857,40.4000,73,97,431228
1.8719,0.2004,40.1000,73,97,431233
1.8622,0.1906,40.0600,73,97,431236
1.8719,0.1906,40.0000,73,97,431239
1.8475,0.1857,40.1000,73,97,431242
1.8768,0.1857,40.1000,73,97,431246
1.8817,0.1955,40.0300,73,97,431249
1.8622,0.1906,40.0600,73,97,431252
1.8866,0.1906,40.0300,73,97,431256
1.8573,0.1857,40.0600,73,97,431259
1.8622,0.1857,40.0000,73,97,431262
1.8768,0.1906,40.0600,73,97,431266
1.8524,0.1857,40.0600,73,97,431269
1.8671,0.1955,39.9300,73,97,431272
1.8280,0.1857,40.0300,73,97,431276
1.8328,0.1857,40.2000,73,97,431280
1.8475,0.1955,40.0300,73,97,431283
1.8475,0.1857,40.0600,73,97,431286
1.8915,0.1906,39.8600,73,97,431290
1.8573,0.1857,40.0600,73,97,431293
1.8622,0.1857,40.0600,73,97,431296
1.8671,0.1906,40.1300,73,97,431300
1.8377,0.1857,40.1000,73,97,431303
1.8817,0.1955,39.5100,73,97,431306
1.8377,0.1906,40.0000,73,97,431310
1.8231,0.1711,40.0600,73,97,431313
1.8231,0.2102,40.0600,73,97,431316
1.8426,0.1808,40.1000,73,97,431320
1.8719,0.2053,39.8900,73,97,431324
1.8426,0.1955,40.0300,73,97,431327
1.8182,0.1857,40.0000,73,97,431330
1.8133,0.1906,39.9300,73,97,431334
1.8182,0.1760,40.1000,73,97,431337
1.8573,0.1955,39.9300,73,97,431340
1.8182,0.1906,40.0600,73,97,431344
1.8377,0.1808,39.9600,73,97,431347
1.8133,0.1906,40.1000,73,97,431350
1.8182,0.1906,40.0600,73,97,431353
1.8377,0.1906,40.0300,73,97,431357
1.8231,0.1906,40.1000,73,97,431361
1.8475,0.1955,39.9600,73,97,431364
1.8231,0.1857,40.0600,73,97,431368
1.8328,0.2053,40.1600,73,97,431371
1.8671,0.1955,40.0300,73,97,431374
1.8524,0.2004,40.0600,73,97,431378
1.9453,0.1906,39.9300,73,97,431381
1.9599,0.1857,40.0000,73,97,431384
2.0381,0.1857,40.0600,73,97,431388
2.1505,0.1955,40.0300,73,97,431391
2.2239,0.1857,40.1300,73,97,431394
2.3803,0.1906,39.8900,73,97,431397
2.4633,0.1955,40.0300,73,97,431401
2.5904,0.1857,40.1000,73,97,431405
2.7126,0.1906,40.0300,73,97,431408
2.7077,0.1857,40.1000,73,97,431412
2.6344,0.1955,39.8300,73,97,431415
2.3167,0.1857,40.0600,73,97,431418
2.0772,0.1808,40.1000,73,97,431422
1.8182,0.1906,40.0600,73,97,431425
1.6569,0.1857,40.1600,73,97,431428
1.6520,0.2004,39.8600,73,97,431431
1.6227,0.1906,40.0300,73,97,431435
1.6520,0.1857,39.9600,73,97,431438
1.6911,0.1857,40.0600,73,97,431441
1.7155,0.1857,40.1600,73,97,431446
1.7693,0.1955,39.8900,73,97,431449
1.7449,0.1906,40.0000,73,97,431452
1.7644,0.1906,40.0300,73,97,431456
1.7498,0.1906,40.1000,73,97,431459
1.7449,0.1857,40.0600,73,97,431462
1.7693,0.2004,39.9600,73,97,431465
1.7742,0.1808,40.1000,73,97,431469
1.7840,0.1906,39.9600,73,97,431472
1.7546,0.1857,40.0600,73,97,431475
1.7742,0.1857,40.0600,73,97,431480
1.7840,0.1808,40.1600,73,97,431483
1.8280,0.1955,40.0300,73,97,431488
1.7937,0.1857,40.0000,73,97,431491
1.8426,0.1955,39.8300,73,97,431494
1.8133,0.1906,40.0000,73,97,431498
1.8084,0.1857,40.0600,73,97,431501
1.8182,0.1906,40.0600,73,97,431504
1.8133,0.1857,40.1000,73,97,431507
1.8768,0.2102,39.8300,73,97,431511
1.8377,0.1906,40.0300,73,97,431514
1.8328,0.1857,40.0000,73,97,431517
1.8426,0.1906,40.1000,73,97,431521
1.8426,0.1857,40.1000,73,97,431524
1.8866,0.2004,39.9600,73,97,431527
1.8573,0.2444,40.0600,73,97,431532
1.9062,0.1857,40.0000,73,97,431535
1.8622,0.1955,40.0600,73,97,431538
1.8719,0.1857,40.1000,73,97,431542
1.9062,0.1955,40.0000,73,97,431545
1.8866,0.1906,40.0600,73,97,431548
1.9159,0.2248,39.9300,73,97,431551
1.8964,0.1857,40.1000,73,97,431555
1.9062,0.1857,40.1300,73,97,431558
1.9501,0.1906,39.9600,73,97,431561
1.9257,0.1906,40.0600,73,97,431565
1.9648,0.1955,39.9600,73,97,431568
1.9404,0.1857,40.0300,73,97,431571
1.9501,0.1857,40.1600,73,97,431576
1.9697,0.1955,40.0000,73,97,431579
1.9648,0.1857,40.1000,73,97,431582
2.0039,0.1906,40.0000,73,97,431585
1.9795,0.1760,40.1000,73,97,431589
1.9844,0.1857,40.1300,73,97,431592
1.9990,0.1906,40.0300,73,97,431595
1.9941,0.1955,40.1000,73,97,431599
2.0479,0.1906,39.8600,73,97,431602
1.9990,0.1857,40.0000,73,97,431605
2.0039,0.1857,40.1000,73,97,431609
2.0186,0.1906,40.0600,73,97,431612
2.0039,0.1857,40.1000,73,97,431616
2.0577,0.1955,38.9300,73,97,431619
2.0235,0.2004,40.1000,73,97,431623
2.0088,0.1857,40.1000,73,97,431626
2.0088,0.1906,40.1000,73,97,431629
1.9990,0.1857,40.1000,73,97,431633
2.0577,0.2395,39.8900,73,97,431636
2.0039,0.1906,40.0600,73,97,431639
1.9941,0.1857,40.0300,73,97,431643
1.9795,0.1906,40.1000,73,97,431646
1.9795,0.1711,40.0600,73,97,431649
1.9990,0.1955,39.9600,73,97,431652
1.9648,0.1857,40.1000,73,97,431656
1.9599,0.1857,39.9600,73,97,431660
1.9208,0.1906,39.5700,73,97,431663
1.9062,0.1711,40.1600,73,97,431667
1.9110,0.1906,40.3000,73,97,431670
1.8768,0.2004,40.0600,73,97,431673
1.8817,0.2199,39.9600,73,97,431677
1.8426,0.1857,39.4800,73,97,431680
1.8280,0.1906,40.1000,73,97,431683
1.8377,0.1906,40.0000,73,97,431686
1.7889,0.1857,40.1300,73,97,431690
1.8280,0.1857,39.9300,73,97,431693
1.7595,0.1857,40.0000,73,97,431696
1.7449,0.1857,40.0600,73,97,431700
1.7449,0.1906,40.0000,73,97,431704
1.7253,0.1857,40.1000,73,97,431707
1.7595,0.1955,39.8600,73,97,431711
1.7253,0.1906,40.0600,73,97,431714
1.7204,0.1857,39.2200,73,97,431717
1.7204,0.1955,40.0300,73,97,431720
1.7058,0.1857,40.1300,73,97,431724
1.7498,0.1955,39.8600,73,97,431727
1.7058,0.1857,40.1000,73,97,431730
1.7107,0.1808,40.4000,73,97,431734
1.7204,0.1955,40.0300,73,97,431737
1.7155,0.1857,40.0600,73,97,431740
1.7742,0.2053,39.8600,73,97,431745
1.7400,0.2053,40.0000,73,97,431748
1.7400,0.1857,40.0000,73,97,431751
1.7302,0.1906,40.0000,73,97,431755
1.7302,0.2053,40.0600,73,97,431758
1.7840,0.2004,39.9300,73,97,431761
1.7400,0.1906,40.1000,73,97,431764
1.7546,0.1906,40.0600,73,97,431768
1.7449,0.2004,40.1000,73,97,431771
1.7449,0.2004,40.1000,73,97,431774
1.7791,0.1906,39.9600,73,97,431778
1.7595,0.1857,40.0600,73,97,431781
1.7937,0.1711,39.9300,73,97,431784
1.7693,0.1906,40.1600,73,97,431789
1.7791,0.1711,40.1000,73,97,431792
1.7889,0.1906,40.0300,73,97,431795
1.7889,0.1857,40.1000,73,97,431798
1.8182,0.1906,39.9300,73,97,431802
1.7937,0.2248,40.1000,73,97,431805
1.8035,0.1857,40.1000,73,97,431808
1.8280,0.1906,40.2600,73,97,431812
1.8084,0.1808,40.0600,73,97,431815
1.8426,0.1906,39.8600,73,97,431818
1.8182,0.1906,39.9300,73,97,431822
1.8084,0.1906,40.0600,73,97,431825
1.8231,0.1906,40.0600,73,97,431828
1.8133,0.1857,40.0300,73,97,431832
1.8622,0.1955,39.8300,73,97,431836
1.8231,0.1906,40.0300,73,97,431839
1.8280,0.1857,40.0600,73,97,431842
1.8231,0.1906,40.1000,73,97,431846
1.8133,0.1857,40.0600,73,97,431849
1.8719,0.2004,39.8900,73,97,431852
1.8280,0.1906,40.0300,73,97,431856
1.8280,0.1857,40.0000,73,97,431859
1.8573,0.1808,40.0600,73,97,431862
1.8182,0.1857,40.1300,73,97,431866
1.8524,0.2053,39.9600,73,97,431869
1.8280,0.1906,40.1000,73,97,431873
1.8280,0.1906,40.0000,73,97,431876
1.8377,0.1857,40.1300,73,97,431880
1.8035,0.1857,40.1000,73,97,431883
1.8377,0.2004,39.9300,73,97,431886
1.8035,0.1857,40.0600,73,97,431890
1.8231,0.2004,39.9300,73,97,431893
1.7937,0.1906,40.0600,73,97,431896
1.7937,0.1857,40.0600,73,97,431900
1.8133,0.1906,40.1300,73,97,431903
1.7889,0.1857,40.0600,73,97,431906
1.8182,0.1808,40.0000,73,97,431909
1.7937,0.1857,40.1600,73,97,431913
1.7986,0.1808,40.1000,73,97,431917
1.8035,0.1906,40.0000,73,97,431920
1.7937,0.1906,39.4100,73,97,431924
1.8280,0.2004,39.8600,73,97,431927
1.7937,0.1857,40.1300,73,97,431930
1.7986,0.2151,40.1300,73,97,431934
1.8133,0.1906,40.0300,73,97,431937
1.7937,0.1955,40.1000,73,97,431940
1.8426,0.1906,39.8300,73,97,431944
1.8182,0.1906,40.0000,73,97,431947
1.8084,0.1808,40.0600,73,97,431950
1.8133,0.1906,40.0600,73,97,431953
1.8084,0.2248,40.1600,73,97,431958
1.8719,0.1906,39.8900,73,97,431961
1.8182,0.1906,40.0000,73,97,431964
1.8182,0.2248,40.0300,73,97,431968
1.8133,0.1906,40.1000,73,97,431971
1.8231,0.1857,40.0000,73,97,431974
1.8915,0.1906,39.9300,73,97,431978
1.8524,0.1906,40.3300,73,97,431981
1.8671,0.2053,39.9600,73,97,431984
1.8475,0.1906,40.0600,73,97,431988
1.8524,0.1857,40.0600,73,97,431991
1.9013,0.2004,40.0300,73,97,431994
1.8768,0.1906,40.0600,73,97,431997
1.9062,0.1955,39.9600,73,97,432002
1.8817,0.1857,40.0600,73,97,432005
1.8964,0.1857,40.0600,73,97,432008
1.9257,0.2248,40.0300,73,97,432012
1.8964,0.1857,40.0600,73,97,432015
1.9110,0.1857,39.4100,73,97,432018
1.8817,0.1955,40.0000,73,97,432022
1.8719,0.1857,40.1000,73,97,432025
1.8817,0.1955,40.0300,73,97,432028
1.8964,0.1711,40.1000,73,97,432031
1.9013,0.1906,39.9300,73,97,432035
1.8622,0.1857,40.0300,73,97,432038
1.8573,0.1857,40.0600,73,97,432041
1.8475,0.1906,40.0300,73,97,432046
1.8328,0.1955,40.1600,73,97,432049
1.8719,0.1955,39.8300,73,97,432052
1.8035,0.2102,40.0300,73,97,432056
1.7889,0.1857,40.0600,73,97,432059
1.7840,0.1906,40.0300,73,97,432062
1.7693,0.1906,39.9600,73,97,432066
1.8231,0.2151,39.8300,73,97,432069
1.7889,0.1906,40.0000,73,97,432072
1.7889,0.2102,40.0000,73,97,432075
1.7889,0.1906,40.1000,73,97,432079
1.7937,0.1857,40.1600,73,97,432082
1.8280,0.2004,39.8900,73,97,432086
1.8133,0.1955,40.0000,73,97,432091
1.7889,0.1857,40.1000,73,97,432094
1.8182,0.1857,39.9600,73,97,432098
1.7889,0.1857,40.0600,73,97,432101
1.7937,0.1857,40.0600,73,97,432104
1.8084,0.1906,40.0300,73,97,432108
1.8035,0.2053,40.1000,73,97,432111
1.8426,0.1857,39.8900,73,97,432114
1.8280,0.1857,40.0600,73,97,432117
1.8719,0.1857,40.0600,73,97,432121
1.9599,0.1955,40.0300,73,97,432124
2.0283,0.1955,40.1000,73,97,432128
2.1799,0.1955,39.8300,73,97,432132
2.2434,0.1906,40.1000,73,97,432135
2.3314,0.1906,40.1000,73,97,432138
2.4682,0.1906,40.1300,73,97,432142
2.5904,0.1906,40.0000,73,97,432145
2.7713,0.2102,39.8000,73,97,432148
2.6833,0.1906,40.0300,73,97,432151
2.5024,0.1857,39.9600,73,97,432155
2.2434,0.1906,40.0600,73,97,432158
1.9746,0.1955,40.0600,73,97,432161
1.7889,0.1906,39.9300,73,97,432165
1.6129,0.1906,40.0300,73,97,432168
1.5738,0.1955,40.0000,73,97,432172
1.5787,0.1906,40.1000,73,97,432176
1.6227,0.1857,40.1000,73,97,432179
1.6911,0.1906,40.0000,73,97,432182
1.7107,0.1906,40.0600,73,97,432185
1.7400,0.1906,39.9600,73,97,432189
1.7253,0.1906,40.0600,73,97,432192
1.7351,0.1711,40.1000,73,97,432195
1.7742,0.2004,40.0600,73,97,432199
1.7449,0.2053,40.1300,73,97,432202
1.7840,0.1955,39.9600,73,97,432205
1.7498,0.1808,40.1300,73,97,432209
1.7498,0.1906,40.1000,73,97,432212
1.7644,0.1906,40.1300,73,97,432216
1.7498,0.1955,40.1300,73,97,432219
1.7791,0.1955,39.8900,73,97,432223
1.7595,0.1857,40.1600,73,97,432226
1.7644,0.1857,40.1000,73,97,432229
1.7791,0.1955,40.0300,73,97,432233
1.7742,0.1857,40.1000,73,97,432236
1.8133,0.1955,39.9300,73,97,432239
1.7742,0.1857,40.0600,73,97,432243
1.7937,0.1906,40.0600,73,97,432246
1.7986,0.1955,40.0600,73,97,432249
1.7986,0.1906,40.1000,73,97,432253
1.8524,0.2004,39.8000,73,97,432257
1.8182,0.2151,40.0000,73,97,432260
1.8133,0.1808,40.0600,73,97,432263
1.8182,0.1906,40.0600,73,97,432267
1.8182,0.1906,40.1000,73,97,432270
1.8866,0.2053,39.8300,73,97,432273
1.8377,0.2199,40.1000,73,97,432277
1.8475,0.1857,40.0000,73,97,432280
1.8475,0.1906,40.0600,73,97,432283
1.8573,0.1857,40.1600,73,97,432287
1.9306,0.2053,39.9300,73,97,432290
1.8719,0.1906,40.0300,73,97,432293
1.8915,0.1906,40.1000,73,97,432296
1.8817,0.1906,40.0600,73,97,432301
1.8866,0.1857,40.2000,73,97,432304
1.9110,0.1857,40.0600,73,97,432307
1.9110,0.1711,40.1000,73,97,432311
1.9404,0.1955,40.0300,73,97,432314
1.9159,0.1906,40.1000,73,97,432317
1.9355,0.1808,40.1000,73,97,432321
1.9648,0.1955,40.0600,73,97,432324
1.9355,0.1906,40.1000,73,97,432327
1.9746,0.1906,39.9600,73,97,432330
1.9550,0.1906,40.0300,73,97,432334
1.9550,0.1760,40.0600,73,97,432337
1.9795,0.1906,40.0300,73,97,432340
1.9697,0.1906,40.2000,73,97,432345
2.0186,0.1955,39.8600,73,97,432348
1.9941,0.1955,40.0300,73,97,432351
1.9892,0.1857,40.1000,73,97,432355
2.0039,0.2004,40.0600,73,97,432358
1.9990,0.1857,40.1000,73,97,432361
2.0528,0.2053,39.8300,73,97,432364
2.0039,0.1857,40.1000,73,97,432368
2.0088,0.1857,40.1000,73,97,432371
2.0186,0.2053,40.1000,73,97,432374
2.0039,0.1857,40.1000,73,97,432378
2.0626,0.2102,39.8900,73,97,432381
2.0137,0.1906,40.0600,73,97,432385
1.9990,0.1857,40.1300,73,97,432388
1.9941,0.1955,40.0600,73,97,432392
1.9844,0.1906,40.1000,73,97,432395
2.0283,0.1955,39.8900,73,97,432398
1.9795,0.1906,40.0600,73,97,432402
1.9697,0.1857,40.0000,73,97,432405
1.9453,0.2053,40.0600,73,97,432408
1.9501,0.1857,40.1000,73,97,432412
1.9501,0.1955,40.1600,73,97,432415
1.9062,0.1857,40.0600,73,97,432418
1.9159,0.1906,39.9300,73,97,432421
1.8719,0.1906,40.0300,73,97,432425
1.8768,0.1711,40.0600,73,97,432429
1.8475,0.1906,40.0300,73,97,432432
1.8133,0.1906,40.3300,73,97,432436
1.8231,0.2248,39.9600,73,97,432439
1.7742,0.1857,40.1600,73,97,432442
1.7644,0.1857,40.1600,73,97,432446
1.7791,0.1955,39.9600,73,97,432449
1.7351,0.1857,40.0600,73,97,432452
1.7546,0.1955,39.8600,73,97,432456
1.7302,0.1906,40.0000,73,97,432459
1.7204,0.1857,40.0600,73,97,432462
1.7253,0.1906,40.0300,73,97,432465
1.7058,0.1906,40.1600,73,97,432470
1.7449,0.1955,39.8900,73,97,432473
1.7107,0.1906,40.0000,73,97,432476
1.7009,0.1857,40.1000,73,97,432480
1.7058,0.1906,40.0300,73,97,432483
1.7155,0.1808,40.1000,73,97,432486
1.7498,0.2004,39.7700,73,97,432490
1.7107,0.1857,40.0300,73,97,432493
1.7204,0.1857,40.0600,73,97,432496
1.7204,0.1906,40.0600,73,97,432499
1.7155,0.1906,40.0600,73,97,432503
1.7742,0.2004,39.8900,73,97,432506
1.7498,0.1906,40.0300,73,97,432509
1.7400,0.1857,40.0000,73,97,432514
1.7693,0.1906,40.0600,73,97,432517
1.7400,0.1906,40.1000,73,97,432520
1.7840,0.1955,39.9300,73,97,432524
1.7595,0.1857,40.0300,73,97,432527
1.7791,0.1906,39.9600,73,97,432530
1.7644,0.1906,40.2300,73,97,432533
1.7693,0.1955,40.1000,73,97,432537
1.7986,0.1955,40.0000,73,97,432540
1.7791,0.1906,40.2000,73,97,432543
1.8084,0.2297,39.9600,73,97,432547
1.8133,0.1906,40.1000,73,97,432550
1.7937,0.1906,40.1000,73,97,432553
1.8084,0.1955,40.1000,73,97,432558
1.8280,0.1808,40.0600,73,97,432561
1.8377,0.1955,39.9300,73,97,432564
1.8084,0.1906,40.0600,73,97,432567
1.8133,0.1906,40.0600,73,97,432571
1.8377,0.1955,39.9600,73,97,432574
1.8133,0.1906,40.1600,73,97,432577
1.8671,0.1955,39.8900,73,97,432581
1.8280,0.1906,39.9300,73,97,432584
1.8182,0.1808,40.0600,73,97,432587
1.8231,0.1955,40.0600,73,97,432591
1.8133,0.1906,40.2000,73,97,432594
1.8622,0.2151,39.8000,73,97,432598
1.8182,0.1906,40.0300,73,97,432601
1.8182,0.1857,40.1000,73,97,432605
1.8133,0.1906,40.0600,73,97,432608
1.8084,0.1906,40.2000,73,97,432611
1.8573,0.2102,39.8300,73,97,432615
1.8035,0.1906,40.0600,73,97,432618
1.8035,0.1857,40.0300,73,97,432621
1.7986,0.1906,40.1000,73,97,432625
1.7986,0.1906,40.1600,73,97,432628
1.8377,0.2053,40.0300,73,97,432631
1.8133,0.1955,40.0300,73,97,432634
1.8182,0.1906,39.9600,73,97,432638
1.7986,0.1906,40.0600,73,97,432642
1.7986,0.1906,40.1000,73,97,432645
1.8328,0.1906,39.8900,73,97,432649
1.8035,0.1808,40.1000,73,97,432652
1.8280,0.1955,39.9600,73,97,432655
1.8035,0.1906,40.2000,73,97,432659
1.8084,0.1906,40.1600,73,97,432662
1.8328,0.1955,39.9600,73,97,432665
1.8084,0.1906,40.1000,73,97,432669
1.8328,0.1906,40.0000,73,97,432672
1.8084,0.1857,40.0300,73,97,432675
1.8231,0.1711,40.1000,73,97,432678
1.8182,0.1906,40.1300,73,97,432683
1.8035,0.1857,40.0600,73,97,432686
1.8377,0.1906,39.8900,73,97,432689
1.8035,0.1906,40.0600,73,97,432693
1.8084,0.1808,40.1000,73,97,432696
1.8426,0.1955,40.0000,74,97,432699
1.8084,0.1906,40.1000,74,97,432704
1.8084,0.1857,40.1000,74,97,432707
1.8622,0.2053,39.8600,74,97,432710
1.8231,0.1955,40.0600,74,97,432714
1.8231,0.1857,40.0600,74,97,432717
1.8133,0.2053,40.0600,74,97,432720
1.8084,0.1906,40.0600,74,97,432724
1.8475,0.2004,39.9300,74,97,432728
1.8328,0.1906,40.0000,74,97,432731
1.8671,0.2248,39.9600,74,97,432735
1.8573,0.1906,40.0600,74,97,432738
1.8622,0.1906,40.0600,74,97,432741
1.8817,0.1955,40.0300,74,97,432744
1.8817,0.1906,40.1000,74,97,432748
1.9062,0.1955,39.9600,74,97,432751
1.8817,0.1906,40.0600,74,97,432754
1.8915,0.1906,40.0600,74,97,432758
1.9208,0.2004,40.0000,74,97,432761
1.8964,0.1857,40.1000,74,97,432764
1.9257,0.1906,39.9300,74,97,432769
1.9013,0.1857,39.8900,74,97,432772
1.8915,0.1906,40.1300,74,97,432775
1.8964,0.1906,40.0300,74,97,432779
1.8719,0.1906,40.1000,74,97,432782
1.9062,0.2004,39.8600,74,97,432785
1.8671,0.1906,40.0300,74,97,432788
1.8622,0.1906,40.1600,74,97,432792
1.8671,0.2102,40.0600,74,97,432795
1.8573,0.1906,40.0600,74,97,432798
1.8866,0.2004,39.9600,74,97,432802
1.8280,0.1906,40.0600,74,97,432805
1.8231,0.1711,40.1000,74,97,432808
1.8084,0.1906,40.2300,74,97,432813
1.7840,0.1857,40.0600,74,97,432816
1.8328,0.2102,39.9600,74,97,432819
1.7937,0.1955,40.0300,74,97,432822
1.7791,0.1857,40.0300,74,97,432826
1.7693,0.1906,40.0600,74,97,432829
1.7693,0.1906,40.0300,74,97,432832
1.8084,0.2053,39.8900,74,97,432836
1.7742,0.1906,40.0300,74,97,432839
1.7840,0.1906,39.9300,74,97,432842
1.7693,0.1955,40.1000,74,97,432846
1.7742,0.1906,40.1000,74,97,432849
1.8035,0.2151,40.0300,74,97,432852
1.7791,0.1955,40.1000,74,97,432856
1.8084,0.1906,39.9600,74,97,432860
1.7791,0.1906,40.2600,74,97,432863
1.7791,0.1857,40.1000,74,97,432866
1.7937,0.1906,40.0300,74,97,432870
1.7889,0.1906,40.0300,74,97,432873
1.8231,0.1857,39.9300,74,97,432876
1.7937,0.1906,40.0300,74,97,432880
1.8133,0.1955,40.1000,74,97,432883
1.8573,0.1906,40.0000,74,97,432886
1.8964,0.1906,40.1600,74,97,432889
2.0235,0.1906,39.9300,74,97,432893
2.0919,0.1906,39.9600,74,97,432897
2.1799,0.1906,40.1000,74,97,432900
2.3069,0.1955,40.0300,74,97,432904
2.4047,0.1711,40.1000,74,97,432907
2.5855,0.1955,39.8900,74,97,432910
2.6588,0.1955,40.1000,74,97,432914
2.7077,0.1906,40.1000,74,97,432917
2.6149,0.1906,40.0600,74,97,432920
2.3851,0.1906,40.1000,74,97,432923
2.1750,0.2004,39.8000,74,97,432927
1.8671,0.1955,40.0300,74,97,432930
1.7009,0.1857,40.0600,74,97,432933
1.6325,0.1906,40.0600,74,97,432937
1.6178,0.1906,40.0600,74,97,432941
1.6862,0.2053,39.8900,74,97,432944
1.6764,0.1955,40.0600,74,97,432947
1.7107,0.1857,39.9600,74,97,432951
1.7204,0.1906,40.0600,74,97,432954
1.7302,0.1906,40.1600,74,97,432957
1.7644,0.2297,39.8900,74,97,432961
1.7400,0.1955,40.0600,74,97,432964
1.7498,0.1906,40.0000,74,97,432967
1.7302,0.1857,40.0600,74,97,432971
1.7351,0.1711,40.1000,74,97,432974
1.7595,0.1955,40.0000,74,97,432977
1.7595,0.1906,40.1000,74,97,432982
1.7791,0.1906,39.9600,74,97,432985
1.7546,0.1906,40.0600,74,97,432988
1.7595,0.1857,40.0600,74,97,432991
1.7791,0.1906,40.0300,74,97,432995
1.7742,0.1906,40.0300,74,97,432998
1.7986,0.1906,39.9300,74,97,433001
1.7742,0.1906,39.9600,74,97,433005
1.7840,0.1857,40.0600,74,97,433008
1.8035,0.1955,40.0300,74,97,433011
1.7937,0.1906,40.2600,74,97,433015
1.8328,0.1857,39.8600,74,97,433018
1.8182,0.2004,39.9300,74,97,433021
1.8133,0.1857,40.0300,74,97,433025
1.8328,0.1906,40.0600,74,97,433029
1.8328,0.1857,40.2300,74,97,433032
1.8866,0.2053,39.8000,74,97,433035
1.8475,0.1906,40.0600,74,97,433039
1.8475,0.1857,40.1300,74,97,433042
1.8866,0.1955,40.0600,74,97,433045
1.8573,0.1906,40.1000,74,97,433049
1.9159,0.2102,39.8600,74,97,433052
1.8768,0.1955,40.0300,74,97,433055
1.8817,0.1857,40.0000,74,97,433059
1.9062,0.1906,40.1300,74,97,433062
1.8817,0.1906,40.1600,74,97,433065
1.9208,0.2053,39.9600,74,97,433069
1.8964,0.1906,40.0600,74,97,433073
1.9208,0.1906,39.9600,74,97,433076
1.9013,0.1906,40.0600,74,97,433079
1.9159,0.1808,40.1000,74,97,433083
1.9501,0.2004,39.9300,74,97,433086
1.9257,0.2199,40.0600,74,97,433089
1.9599,0.2004,39.9600,74,97,433093
1.9404,0.1906,40.0600,74,97,433096
1.9501,0.1906,40.4000,74,97,433099
1.9746,0.1955,40.0000,74,97,433102
1.9697,0.1906,40.0300,74,97,433106
2.0088,0.1906,40.0300,74,97,433110
1.9844,0.1857,40.2600,74,97,433113
2.0235,0.1906,40.1000,74,97,433117
2.0137,0.1906,40.0000,74,97,433120
2.0088,0.1906,40.1300,74,97,433123
2.0479,0.1955,39.8000,74,97,433126
2.0137,0.1857,40.1300,74,97,433130
2.0235,0.1906,40.1000,74,97,433133
2.0332,0.1955,40.0000,74,97,433136
2.0186,0.1906,40.0600,74,97,433140
2.0674,0.2053,39.8900,74,97,433143
2.0332,0.1906,40.0000,74,97,433146
2.0137,0.1906,40.0300,74,97,433150
2.0186,0.1955,40.0600,74,97,433154
1.9990,0.1955,40.1000,74,97,433157
2.0577,0.2053,39.8300,74,97,433160
2.0039,0.1955,40.0300,74,97,433164
1.9941,0.1857,40.0600,74,97,433167
1.9746,0.1906,40.0300,74,97,433170
1.9599,0.1906,40.0000,74,97,433174
2.0039,0.2053,39.9300,74,97,433177
1.9453,0.1906,40.0300,74,97,433180
1.9257,0.1906,40.0600,74,97,433184
1.9013,0.1906,40.1300,74,97,433187
1.8817,0.1906,40.1000,74,97,433190
1.8964,0.2053,40.0600,74,97,433193
1.8475,0.1906,39.9600,74,97,433198
1.8377,0.2004,39.9300,74,97,433201
1.7986,0.1906,40.0300,74,97,433204
1.7840,0.1906,40.1000,74,97,433208
1.7986,0.2053,40.0000,74,97,433211
1.7546,0.1906,40.1000,74,97,433214
1.7693,0.2004,39.9300,74,97,433218
1.7302,0.1955,40.1000,74,97,433221
1.7204,0.1906,40.1300,74,97,433224
1.7253,0.2053,40.0000,74,97,433227
1.7155,0.1906,40.0600,74,97,433231
1.7253,0.1906,39.9300,74,97,433234
1.6911,0.1906,40.0600,74,97,433238
1.6862,0.1808,40.1000,74,97,433242
1.6960,0.1906,40.0600,74,97,433245
1.6960,0.1906,40.1000,74,97,433248
1.7253,0.1955,39.8900,74,97,433251
1.7009,0.1906,40.0600,74,97,433255
1.7107,0.1906,40.0600,74,97,433258
1.7351,0.2004,40.1000,74,97,433261
1.7058,0.1906,40.1000,74,97,433265
1.7595,0.2004,39.2800,74,97,433268
1.7351,0.1955,39.9600,74,97,433271
1.7253,0.1906,40.0600,74,97,433275
1.7351,0.2199,40.0600,74,97,433278
1.7400,0.1711,40.0600,74,97,433282
1.7937,0.2102,39.8900,74,97,433286
1.7498,0.1857,40.0300,74,97,433289
1.7498,0.1711,40.1000,74,97,433292
1.7498,0.1906,40.1300,74,97,433295
1.7498,0.1955,40.1000,74,97,433299
1.7889,0.2004,39.9300,74,97,433302
1.7644,0.1906,40.0600,74,97,433305
1.7791,0.1955,40.1000,74,97,433309
1.7644,0.1906,40.0600,74,97,433312
1.7742,0.1906,40.1000,74,97,433317
1.7840,0.1906,39.9600,74,97,433320
1.8133,0.1955,39.9600,74,97,433324
1.7889,0.1906,40.1000,74,97,433328
1.8231,0.1955,39.8900,74,97,433331
1.8182,0.1955,40.0000,74,97,433334
1.8084,0.1906,40.1000,74,97,433337
1.8280,0.2004,40.0600,74,97,433341
1.8182,0.1906,40.1000,74,97,433344
1.8671,0.1955,39.8600,74,97,433347
1.8280,0.2053,40.0600,74,97,433351
1.8182,0.1955,40.1000,74,97,433354
1.8231,0.1906,40.0600,74,97,433357
1.8231,0.1906,39.9600,74,97,433361
1.8719,0.1955,39.8000,74,97,433364
1.8280,0.1906,40.0300,74,97,433368
1.8231,0.1857,40.1300,74,97,433371
1.8426,0.1955,40.0600,74,97,433375
1.8182,0.1906,40.1000,74,97,433378
1.8573,0.2053,39.8900,74,97,433381
1.8328,0.2004,40.0300,74,97,433385
1.8280,0.1906,39.6400,74,97,433388
1.8182,0.1906,40.1300,74,97,433391
1.8133,0.1906,40.2600,74,97,433395
1.8475,0.2053,39.9300,74,97,433398
1.8084,0.1906,40.0300,74,97,433401
1.8280,0.1906,39.9600,74,97,433405
1.8084,0.1955,40.1000,74,97,433409
1.8084,0.1906,40.0600,74,97,433412
1.8328,0.2004,39.4400,74,97,433415
1.8133,0.2004,40.1000,74,97,433419
1.8426,0.2004,40.0000,74,97,433422
1.8133,0.1906,40.0600,74,97,433425
1.8084,0.1906,40.0600,74,97,433429
1.8182,0.2004,40.0600,74,97,433432
1.8182,0.1711,40.1300,74,97,433435
1.8328,0.1906,40.0000,74,97,433439
1.8035,0.1955,40.1000,74,97,433442
1.8084,0.1906,40.1000,74,97,433445
1.8182,0.1955,40.1000,74,97,433448
1.7937,0.1955,40.1000,74,97,433453
1.8328,0.1955,40.1000,74,97,433456
1.8084,0.1906,39.9600,74,97,433459
1.7937,0.1906,40.1000,74,97,433463
1.8084,0.1955,40.0000,74,97,433466
1.8035,0.2004,40.1000,74,97,433469
1.8719,0.2004,39.8000,74,97,433473
1.8133,0.1906,39.9600,74,97,433476
1.8084,0.1808,40.1000,74,97,433479
1.8182,0.1955,40.0600,74,97,433482
1.8133,0.1906,40.1000,74,97,433486
1.8719,0.2102,39.8300,74,97,433489
1.8328,0.1906,40.0600,74,97,433492
1.8524,0.1857,39.3500,74,97,433497
1.8524,0.2004,40.0000,74,97,433500
1.8573,0.1906,40.0600,74,97,433503
1.9013,0.2004,39.8900,74,97,433507
1.8817,0.1857,40.1000,74,97,433510
1.9355,0.1955,39.9600,74,97,433513
1.8866,0.1906,40.0600,74,97,433516
1.8964,0.1857,40.1000,74,97,433520
1.9355,0.2004,39.8900,74,97,433523
1.9013,0.1906,40.0000,74,97,433526
1.9257,0.2004,39.9600,74,97,433530
1.8915,0.1955,40.1000,74,97,433533
1.8915,0.1906,40.1000,74,97,433537
1.9062,0.2102,40.0300,74,97,433541
1.8817,0.1955,40.1300,74,97,433544
1.9013,0.1857,39.9600,74,97,433547
1.8622,0.2248,40.0300,74,97,433550
1.8622,0.1906,40.1300,74,97,433554
1.8671,0.1955,40.0600,74,97,433557
1.8817,0.1955,40.1300,74,97,433560
1.8768,0.1955,39.8900,74,97,433564
1.8328,0.1906,40.0600,74,97,433567
1.8182,0.1906,40.1000,74,97,433570
1.8133,0.1955,40.0000,74,97,433574
1.7840,0.1711,40.0600,74,97,433577
1.8280,0.2004,39.9600,74,97,433581
1.7937,0.1955,40.0300,74,97,433585
1.7889,0.1906,40.1000,74,97,433588
1.7840,0.1906,40.0600,74,97,433591
1.7742,0.1906,40.1000,74,97,433594
1.8328,0.2102,39.8600,74,97,433598
1.7840,0.2004,40.0000,74,97,433601
1.7791,0.1857,40.0600,74,97,433604
1.7840,0.1955,40.1000,74,97,433608
1.7791,0.1906,40.1000,74,97,433611
1.8133,0.2004,39.8900,74,97,433614
1.8133,0.1955,40.0600,74,97,433618
1.7937,0.1906,40.0000,74,97,433622
1.7791,0.1906,40.0600,74,97,433625
1.7742,0.1906,40.1000,74,97,433628
1.8084,0.1906,40.0300,74,97,433632
1.7937,0.1906,40.0600,74,97,433635
1.8133,0.2004,39.9600,74,97,433638
1.7937,0.1906,40.1000,74,97,433642
1.8035,0.1906,40.1000,74,97,433645
1.8573,0.2004,39.9600,74,97,433648
1.8768,0.1955,40.1000,74,97,433652
1.9746,0.1906,39.9600,74,97,433655
2.0332,0.1857,40.0300,74,97,433658
2.1310,0.1906,40.1000,74,97,433661
2.2483,0.2004,40.0300,74,97,433666
2.3363,0.2004,40.1000,74,97,433669
2.5024,0.1906,39.9300,74,97,433672
2.6002,0.1906,40.4300,74,97,433676
2.6979,0.1906,40.1000,74,97,433679
2.7077,0.2053,40.0300,74,97,433682
2.5171,0.1906,40.1300,74,97,433685
2.3167,0.2004,39.8600,74,97,433689
1.9892,0.1906,40.1000,74,97,433692
1.7595,0.1906,40.1000,74,97,433695
1.6325,0.1906,40.0600,74,97,433699
1.5934,0.1906,40.1000,74,97,433702
1.6471,0.2004,39.9600,74,97,433705
1.6520,0.1955,40.0000,74,97,433710
1.6764,0.1955,40.1000,74,97,433713
1.7058,0.1906,40.1000,74,97,433716
1.7155,0.1906,40.0600,74,97,433720
1.8133,0.2053,39.9300,74,97,433723
1.7449,0.1955,40.1300,74,97,433726
1.7449,0.1857,40.0300,74,97,433729
1.7400,0.1955,40.1000,74,97,433733
1.7351,0.1906,40.1000,74,97,433736
1.7693,0.2102,40.0300,74,97,433739
1.7449,0.1906,40.1000,74,97,433743
1.7644,0.1906,40.2000,74,97,433746
1.7498,0.1955,40.0600,74,97,433750
1.7546,0.1906,40.1000,74,97,433754
1.7742,0.1955,40.0000,74,97,433757
1.7595,0.1808,40.0600,74,97,433760
1.7840,0.2004,40.0300,74,97,433763
1.7595,0.1906,40.1600,74,97,433767
1.7693,0.1955,40.0600,74,97,433770
1.7986,0.2004,40.0000,74,97,433773
1.7742,0.1906,39.9300,74,97,433777
1.8035,0.1955,40.0000,74,97,433780
1.7889,0.1955,40.0000,74,97,433783
1.7937,0.1906,40.0600,74,97,433787
1.8084,0.1955,40.0000,74,97,433790
1.8084,0.1906,40.1000,74,97,433794
1.8426,0.1906,39.8600,74,97,433797
1.8280,0.1906,40.0300,74,97,433801
1.8231,0.1955,40.1000,74,97,433804
1.8426,0.1906,40.0300,74,97,433807
1.8328,0.1906,40.2000,74,97,433811
1.8915,0.2151,39.8300,74,97,433814
1.8475,0.1906,40.0600,74,97,433817
1.8573,0.1906,40.0600,74,97,433821
1.8719,0.1955,40.0600,74,97,433824
1.8719,0.1906,40.2300,74,97,433827
1.9306,0.2053,39.8000,74,97,433830
1.9110,0.1955,40.0300,74,97,433835
1.8964,0.1857,40.0300,74,97,433838
1.9013,0.1955,40.0600,74,97,433841
1.9110,0.1906,40.1000,74,97,433845
1.9599,0.2004,39.9600,74,97,433848
1.9306,0.1955,40.1000,74,97,433851
1.9648,0.1955,39.9600,74,97,433855
1.9404,0.1906,40.2000,74,97,433858
1.9453,0.2248,40.0600,74,97,433861
1.9844,0.2004,39.9600,74,97,433864
1.9648,0.1906,40.0600,74,97,433868
1.9941,0.1955,39.8900,74,97,433871
1.9844,0.1906,40.0600,74,97,433874
1.9844,0.1906,40.1600,74,97,433879
2.0039,0.1857,40.0000,74,97,433882
2.0137,0.1955,40.1000,74,97,433885
2.0430,0.1955,39.9600,74,97,433889
2.0088,0.1906,40.4000,74,97,433892
2.0137,0.1906,40.2000,74,97,433895
2.0332,0.1906,40.0300,74,97,433898
2.0088,0.1906,40.1000,74,97,433902
2.0430,0.1906,39.8900,74,97,433905
2.0186,0.1906,40.0300,74,97,433908
2.0137,0.1906,40.2000,74,97,433912
2.0235,0.1955,40.0300,74,97,433915
2.0137,0.1906,40.1000,74,97,433918
2.0479,0.1955,39.8300,74,97,433922
2.0186,0.2102,39.8600,75,97,433927
1.9501,0.1906,40.0000,75,97,433930
1.9355,0.1955,40.0300,75,97,433934
1.9208,0.1906,40.0600,75,97,433937
1.8915,0.1906,39.9600,75,97,433940
1.9208,0.2151,39.9600,75,97,433944
1.8768,0.1955,40.0300,75,97,433947
1.8573,0.1906,39.9300,75,97,433950
1.8182,0.1906,40.1000,75,97,433954
1.8035,0.1906,40.1300,75,97,433957
1.8182,0.2199,39.9300,75,97,433960
1.7742,0.1906,40.1300,75,97,433965
1.7840,0.2053,39.9300,75,97,433968
1.7449,0.1955,40.1000,75,97,433971
1.7400,0.1906,40.1000,75,97,433974
1.7546,0.2102,40.1000,75,97,433978
1.7546,0.1955,40.0600,75,97,433981
1.7498,0.1906,40.0300,75,97,433984
1.7155,0.1857,40.0600,75,97,433988
1.7155,0.1906,40.1000,75,97,433991
1.7253,0.1955,40.0000,75,97,433994
1.7155,0.1955,40.0600,75,97,433998
1.7449,0.1955,39.8600,75,97,434001
1.7107,0.1857,40.0600,75,97,434004
1.7253,0.1955,40.1000,75,97,434008
1.7400,0.2004,40.0300,75,97,434012
1.7204,0.1955,40.0600,75,97,434015
1.7742,0.2004,39.8300,75,97,434018
1.7449,0.1906,40.0000,75,97,434022
1.7351,0.1906,39.7300,75,97,434025
1.7498,0.1955,40.0600,75,97,434028
1.7449,0.1906,40.1000,75,97,434032
1.7986,0.2151,39.8900,75,97,434035
1.7595,0.1955,40.0300,75,97,434038
1.7595,0.1857,40.0300,75,97,434041
1.7693,0.2004,40.1000,75,97,434045
1.7693,0.1906,40.0600,75,97,434049
1.8133,0.2053,39.9600,75,97,434052
1.7840,0.1906,40.0300,75,97,434056
1.7986,0.1955,40.0000,75,97,434059
1.7840,0.1955,40.1300,75,97,434062
1.7889,0.1857,40.1000,75,97,434066
1.8231,0.1906,40.0000,75,97,434069
1.8084,0.1955,40.0600,75,97,434072
1.8280,0.2297,39.9300,75,97,434075
1.8035,0.1906,40.0600,75,97,434079
1.8133,0.1906,40.1600,75,97,434082
1.8426,0.2053,39.9300,75,97,434085
1.8231,0.1906,40.0300,75,97,434089
1.8524,0.1955,39.9600,75,97,434093
1.8231,0.1906,40.0300,75,97,434096
1.8280,0.1906,40.1600,75,97,434100
1.8475,0.1955,40.0300,75,97,434103
1.8231,0.1906,40.1000,75,97,434106
1.8573,0.1955,39.8900,75,97,434110
1.8426,0.1955,39.9600,75,97,434113
1.8328,0.1906,40.1000,75,97,434116
1.8426,0.1955,40.0300,75,97,434119
1.8328,0.1955,40.1000,75,97,434123
1.8768,0.2004,39.8300,75,97,434126
1.8231,0.1857,40.0300,75,97,434129
1.8280,0.1906,40.0600,75,97,434134
1.8280,0.1955,40.0300,75,97,434137
1.8182,0.1906,40.1000,75,97,434140
1.8671,0.2102,39.9600,75,97,434144
1.8280,0.1955,40.0000,75,97,434147
1.8182,0.1955,40.0600,75,97,434150
1.8133,0.1955,40.1000,75,97,434154
1.8231,0.1906,40.0600,75,97,434157
1.8622,0.2004,39.9600,75,97,434160
1.8231,0.2053,40.0600,75,97,434163
1.8377,0.1906,39.9600,75,97,434167
1.8133,0.1906,40.1000,75,97,434170
1.8084,0.1955,40.1000,75,97,434173
1.8377,0.2004,40.0000,75,97,434178
1.8133,0.1955,39.9600,75,97,434181
1.8719,0.1955,39.9300,75,97,434184
1.8084,0.1906,40.3300,75,97,434188
1.8231,0.1955,40.1000,75,97,434191
1.8280,0.1955,40.0300,75,97,434194
1.8133,0.1955,40.0600,75,97,434197
1.8573,0.1955,39.9300,75,97,434201
1.8084,0.1906,40.1000,75,97,434204
1.8133,0.1955,40.0600,75,97,434207
1.8328,0.2004,39.9600,75,97,434211
1.8084,0.1955,40.0600,75,97,434214
1.8768,0.2004,39.8600,75,97,434217
1.8231,0.1906,40.0000,75,97,434222
1.8133,0.1906,40.3300,75,97,434225
1.8377,0.2004,40.0300,75,97,434228
1.8377,0.1906,40.1000,75,97,434231
1.8915,0.2004,39.8600,75,97,434235
1.8573,0.1906,40.0300,75,97,434238
1.8622,0.1906,40.1000,75,97,434241
1.8719,0.1955,40.0300,75,97,434245
1.8768,0.1906,40.1000,75,97,434248
1.9355,0.2102,39.9600,75,97,434251
1.9062,0.1955,40.0300,75,97,434255
1.9013,0.1906,40.0300,75,97,434258
1.9159,0.1955,40.0600,75,97,434262
1.9257,0.1906,40.1000,75,97,434266
1.9697,0.2053,39.8900,75,97,434269
1.9306,0.1955,40.1000,75,97,434272
1.9159,0.1955,39.9600,75,97,434275
1.8915,0.1955,40.1000,75,97,434279
1.8866,0.1955,40.1000,75,97,434282
1.9110,0.2004,39.8600,75,97,434285
1.8719,0.1906,40.0600,75,97,434289
1.8964,0.1955,39.9600,75,97,434292
1.8671,0.1906,40.2000,75,97,434295
1.8622,0.1955,40.1000,75,97,434299
1.8768,0.1955,40.0000,75,97,434302
1.8377,0.1906,40.0600,75,97,434306
1.8524,0.2102,39.9300,75,97,434309
1.8035,0.1906,40.0600,75,97,434313
1.7889,0.1906,40.2000,75,97,434316
1.7889,0.2248,40.0300,75,97,434319
1.7644,0.1955,40.1000,75,97,434323
1.7986,0.1955,39.8900,75,97,434326
1.7693,0.1955,40.1000,75,97,434329
1.7742,0.1906,40.1000,75,97,434333
1.7937,0.2004,40.1000,75,97,434336
1.7742,0.1906,40.1000,75,97,434339
1.8182,0.2004,39.7700,75,97,434343
1.7986,0.2004,40.0000,75,97,434347
1.7742,0.1906,40.1000,75,97,434350
1.7889,0.2102,40.0600,75,97,434353
1.7889,0.1955,40.1000,75,97,434357
1.8475,0.2102,39.8600,75,97,434360
1.7986,0.1955,40.0300,75,97,434363
1.8084,0.1906,40.0300,75,97,434367
1.8084,0.1906,40.0300,75,97,434370
1.8133,0.1955,40.1000,75,97,434373
1.8622,0.2053,39.9300,75,97,434377
1.8280,0.2004,40.1000,75,97,434380
1.8524,0.1955,39.9600,75,97,434383
1.8524,0.1906,40.1000,75,97,434386
1.9013,0.1906,40.1000,75,97,434391
1.9990,0.2053,40.0000,75,97,434394
2.0772,0.1906,40.0600,75,97,434397
2.1945,0.1955,39.9600,75,97,434401
2.2678,0.1955,40.1600,75,97,434404
2.3949,0.1906,40.0600,75,97,434407
2.5660,0.2053,39.9300,75,97,434411
2.6686,0.1955,40.1000,75,97,434414
2.7859,0.1906,40.0600,75,97,434417
2.6882,0.2004,40.0600,75,97,434420
2.4927,0.1906,40.0600,75,97,434424
2.2434,0.2004,40.0000,75,97,434427
1.9501,0.1906,40.1000,75,97,434430
1.7595,0.1955,39.8900,75,97,434435
1.6080,0.1955,39.8600,75,97,434438
1.5836,0.1906,40.1000,75,97,434441
1.6178,0.2004,40.0300,75,97,434445
1.6520,0.2004,40.1000,75,97,434448
1.7644,0.2053,39.8600,75,97,434451
1.7204,0.1906,40.0600,75,97,434454
1.7449,0.2102,40.1000,75,97,434458
1.7595,0.1906,40.0600,75,97,434461
1.7595,0.1906,39.9300,75,97,434464
1.8084,0.2053,39.8900,75,97,434468
1.7742,0.1955,40.0300,75,97,434471
1.7644,0.1857,40.1300,75,97,434475
1.7644,0.1955,40.1000,75,97,434479
1.7693,0.1906,40.0300,75,97,434482
1.8280,0.2248,39.8600,75,97,434485
1.7937,0.2004,40.0600,75,97,434488
1.7986,0.1906,40.1000,75,97,434492
1.7937,0.2297,40.1000,75,97,434495
1.7986,0.1955,40.1000,75,97,434498
1.8377,0.2004,39.9600,75,97,434502
1.8133,0.2102,40.0600,75,97,434505
1.8328,0.1955,39.9600,75,97,434508
1.8133,0.1906,40.1000,75,97,434512
1.8133,0.2004,40.1000,75,97,434515
1.8328,0.2004,40.0300,75,97,434519
1.8231,0.1906,40.0600,75,97,434522
1.8524,0.2004,40.0300,75,97,434526
1.8280,0.1955,40.1000,75,97,434529
1.8377,0.1906,40.1000,75,97,434532
1.8671,0.2395,39.9600,75,97,434536
1.8768,0.2053,40.0600,75,97,434539
1.8622,0.1906,40.1000,75,97,434543
1.9110,0.1955,39.9600,75,97,434546
1.8768,0.1955,40.0300,75,97,434549
1.8768,0.1906,40.1000,75,97,434553
1.8866,0.1955,40.0600,75,97,434556
1.8866,0.1955,40.1000,75,97,434560
1.9599,0.2102,40.3000,75,97,434564
1.9159,0.1955,40.0300,75,97,434567
1.9306,0.1711,40.0300,75,97,434570
1.9306,0.1955,40.0600,75,97,434573
1.9404,0.2004,40.1000,75,97,434577
1.9941,0.2004,39.9600,75,97,434580
1.9648,0.1955,40.0600,75,97,434583
1.9844,0.1906,40.0600,75,97,434587
1.9844,0.2004,40.1000,75,97,434590
1.9795,0.1906,40.1000,75,97,434593
2.0283,0.2004,39.9300,75,97,434597
2.0039,0.1955,40.1000,75,97,434600
2.0381,0.1955,39.9600,75,97,434604
2.0039,0.1906,40.0600,75,97,434607
2.0137,0.1906,40.1000,75,97,434611
2.0430,0.2053,40.4000,75,97,434614
2.0186,0.1906,40.0300,75,97,434617
2.0479,0.2102,40.0300,75,97,434621
2.0039,0.1955,40.1000,75,97,434624
2.0137,0.1906,40.1000,75,97,434627
2.0235,0.1955,39.9300,75,97,434630
2.0137,0.2102,40.1000,75,97,434634
2.0430,0.1955,39.9300,75,97,434637
2.0088,0.1906,40.0600,75,97,434640
2.0088,0.1906,39.9600,75,97,434644
2.0186,0.2004,40.0300,75,97,434648
1.9892,0.1906,40.0600,75,97,434651
2.0235,0.1955,39.4800,75,97,434655
1.9892,0.2053,39.9600,75,97,434658
1.9648,0.1906,40.1300,75,97,434661
1.9599,0.1955,40.1000,75,97,434664
1.9355,0.1906,40.1000,75,97,434668
1.9697,0.2004,39.3800,75,97,434671
1.9062,0.1955,40.0300,75,97,434674
1.8866,0.1906,40.1300,75,97,434678
1.8671,0.2004,40.1000,75,97,434681
1.8768,0.1955,40.0600,75,97,434684
1.8817,0.2102,39.8900,75,97,434689
1.8182,0.2004,40.0600,75,97,434692
1.7986,0.1906,40.0300,75,97,434695
1.7840,0.1955,40.0600,75,97,434698
1.7889,0.2102,40.1000,75,97,434702
1.7889,0.1906,39.9600,75,97,434705
1.7546,0.1955,40.0600,75,97,434708
1.7498,0.1955,39.9300,75,97,434712
1.7253,0.2004,40.0600,75,97,434715
1.7204,0.1906,40.1000,75,97,434718
1.7498,0.2004,39.9600,75,97,434722
1.7204,0.2004,40.0300,75,97,434725
1.7400,0.2004,39.9300,75,97,434728
1.7155,0.1955,40.0300,75,97,434732
1.7253,0.1955,40.1000,75,97,434736
1.7400,0.2199,40.0300,75,97,434739
1.7302,0.1955,40.1000,75,97,434742
1.7498,0.1955,39.9300,75,97,434746
1.7204,0.2199,40.0600,75,97,434749
1.7253,0.1906,40.1000,75,97,434752
1.7351,0.1955,40.0300,75,97,434756
1.7302,0.1906,40.1000,75,97,434759
1.7693,0.2004,39.8300,75,97,434762
1.7693,0.1955,40.1000,75,97,434766
1.7498,0.1906,40.1000,75,97,434769
1.7693,0.2248,40.0600,75,97,434772
1.7595,0.1955,40.1000,75,97,434776
1.8084,0.2053,39.5700,75,97,434780
1.8035,0.1955,39.9600,75,97,434783
1.7742,0.1906,40.1000,75,97,434786
1.7791,0.1955,40.0600,75,97,434790
1.7840,0.1906,40.1300,75,97,434793
1.8426,0.2102,39.8900,75,97,434796
1.8035,0.2004,40.0300,75,97,434800
1.7986,0.1955,40.0600,75,97,434803
1.7986,0.1955,40.1000,75,97,434806
1.7986,0.1906,40.1000,75,97,434810
1.8719,0.1906,39.9600,75,97,434813
1.8133,0.1955,40.1300,75,97,434817
1.8377,0.2053,39.9600,75,97,434820
1.8133,0.1906,40.1000,75,97,434824
1.8231,0.1857,40.1000,75,97,434827
1.8475,0.2004,40.0600,75,97,434830
1.8328,0.1955,40.0600,75,97,434834
1.8524,0.2004,39.9600,75,97,434837
1.8231,0.1906,39.3500,75,97,434840
1.8280,0.1955,40.1000,75,97,434844
1.8573,0.2053,40.0000,75,97,434847
1.8280,0.2248,40.1600,75,97,434850
1.8524,0.1955,39.9300,75,97,434853
1.8280,0.1906,40.0000,75,97,434857
1.8231,0.1906,40.2600,75,97,434861
1.8377,0.2004,40.0000,75,97,434864
1.8231,0.1906,40.1000,75,97,434868
1.8622,0.2102,39.8900,75,97,434871
1.8231,0.2004,40.0300,75,97,434874
1.8231,0.1906,40.2000,75,97,434878
1.8280,0.2053,40.1000,75,97,434881
1.8280,0.1955,40.0600,75,97,434884
1.8671,0.2004,39.8300,75,97,434887
1.8182,0.1955,40.0600,75,97,434891
1.8133,0.1906,40.1000,75,97,434894
1.8231,0.1955,40.0600,75,97,434897
1.8133,0.1906,40.1000,75,97,434902
1.8622,0.2102,40.2600,75,97,434905
1.8182,0.2053,40.0300,75,97,434908
1.8084,0.1906,40.0000,75,97,434912
1.8035,0.1955,40.0600,75,97,434915
1.8084,0.1955,40.0600,75,97,434918
1.8426,0.2053,39.9300,75,97,434922
1.8035,0.1955,39.9300,75,97,434925
1.8182,0.1955,39.9300,75,97,434928
1.8035,0.1906,40.0600,75,97,434931
1.7986,0.1906,40.0600,75,97,434935
1.8573,0.1955,39.9600,75,97,434938
1.8035,0.1906,40.1000,75,97,434941
1.8328,0.2102,39.9300,75,97,434946
1.8035,0.1906,40.1000,75,97,434949
1.8084,0.1906,40.0600,75,97,434952
1.8231,0.1955,40.0000,75,97,434956
1.8133,0.1906,40.0600,75,97,434959
1.8328,0.1955,39.9600,75,97,434962
1.8133,0.1955,40.1600,75,97,434966
1.8182,0.1906,40.0600,75,97,434969
1.8377,0.2297,40.0000,75,97,434972
1.8182,0.1955,40.0600,75,97,434975
1.8573,0.2004,39.8600,75,97,434979
1.8328,0.2004,40.0000,75,97,434982
1.8328,0.1955,40.1000,75,97,434985
1.8328,0.2248,40.1600,75,97,434990
1.8328,0.1955,40.1000,75,97,434993
1.8866,0.2053,39.8300,75,97,434996
1.8817,0.1955,40.0000,75,97,435000
1.8573,0.1906,40.0600,75,97,435003
1.8671,0.1955,40.1300,75,97,435006
1.8671,0.2053,40.1000,75,97,435009
1.9306,0.2102,39.8600,75,97,435013
1.8817,0.2004,40.0600,75,97,435016
1.8866,0.1955,40.0300,75,97,435019
1.8915,0.1955,40.2000,75,97,435023
1.8964,0.1955,40.1000,75,97,435026
1.9306,0.2053,40.1300,75,97,435030
1.9110,0.2004,40.0300,75,97,435034
1.9208,0.1955,39.9600,75,97,435037
1.8964,0.1906,40.0000,75,97,435040
1.8866,0.1857,40.1000,75,97,435044
1.9013,0.2004,39.9300,75,97,435047
1.8671,0.1955,40.0600,75,97,435050
1.8915,0.2102,40.0000,75,97,435053
1.8622,0.1906,40.1300,75,97,435057
1.8622,0.1906,40.1000,75,97,435060
1.8768,0.2004,39.9600,75,97,435063
1.8426,0.1906,40.1300,75,97,435067
1.8573,0.2151,39.9300,75,97,435070
1.8231,0.1955,40.0300,75,97,435074
1.8133,0.1906,40.1000,75,97,435078
1.8133,0.1906,40.1000,75,97,435081
1.7889,0.1906,40.0600,75,97,435084
1.8231,0.2053,39.8900,75,97,435087
1.7791,0.1906,40.0600,75,97,435091
1.7840,0.1906,40.1600,75,97,435094
1.7937,0.2297,40.0000,75,97,435097
1.7840,0.1906,40.1000,75,97,435101
1.8377,0.2053,39.8000,75,97,435104
1.8084,0.1955,40.0000,75,97,435107
1.7986,0.1906,40.1000,75,97,435111
1.8035,0.1955,40.0300,75,97,435115
1.8182,0.1955,40.1300,75,97,435118
1.8524,0.2102,40.0300,75,97,435122
1.8035,0.2004,40.0300,75,97,435125
1.8133,0.1955,40.0300,75,97,435128
1.8084,0.1955,40.1000,75,97,435131
1.8084,0.1906,40.0600,75,97,435135
1.8475,0.2248,39.9300,75,97,435138
1.8182,0.1955,40.1000,75,97,435141
1.8328,0.1955,40.0000,75,97,435145
1.8182,0.1955,40.0600,76,97,435148
2.1554,0.1955,40.0600,76,97,435152
2.2239,0.1906,40.1000,76,97,435155
2.3509,0.2004,40.1000,76,97,435159
2.4585,0.1906,40.0600,76,97,435163
2.6344,0.2004,39.9600,76,97,435166
2.7175,0.1955,39.9600,76,97,435169
2.7175,0.2004,40.1000,76,97,435172
2.5758,0.2004,40.0300,76,97,435176
2.3118,0.1906,40.0300,76,97,435179
2.0870,0.2053,39.8600,76,97,435182
1.8182,0.1906,40.0300,76,97,435186
1.6813,0.2444,40.1000,76,97,435189
1.6471,0.1955,40.0600,76,97,435192
1.6520,0.1906,40.0600,76,97,435196
1.7302,0.2199,39.8300,76,97,435200
1.7155,0.1955,40.1300,76,97,435203
1.7351,0.1955,40.0600,76,97,435206
1.7693,0.1906,40.0600,76,97,435210
1.7498,0.1906,40.2000,76,97,435213
1.7937,0.2151,39.9600,76,97,435216
1.7644,0.1906,40.0600,76,97,435220
1.7644,0.1955,40.0600,76,97,435223
1.7498,0.1955,40.1000,76,97,435226
1.7498,0.1955,40.1000,76,97,435230
1.7791,0.2004,39.8300,76,97,435233
1.7546,0.1955,40.1000,76,97,435236
1.7742,0.1955,40.1000,76,97,435240
1.7546,0.1906,40.1600,76,97,435244
1.7937,0.1955,40.1000,76,97,435247
1.7937,0.2004,40.1000,76,97,435250
1.7693,0.1906,40.1300,76,97,435254
1.8084,0.2004,39.9300,76,97,435257
1.7840,0.1906,40.1000,76,97,435260
1.7889,0.1906,40.3600,76,97,435264
1.8035,0.2004,40.0300,76,97,435267
1.8084,0.1906,40.0600,76,97,435270
1.8377,0.1955,39.8900,76,97,435273
1.8182,0.1955,40.0600,76,97,435277
1.8622,0.1955,40.1000,76,97,435280
1.8426,0.2004,40.0300,76,97,435283
1.8280,0.2102,40.0600,76,97,435288
1.8768,0.2053,39.8300,76,97,435291
1.8573,0.2004,40.0300,76,97,435294
1.8475,0.1906,40.2000,76,97,435298
1.8524,0.2004,40.0300,76,97,435301
1.8573,0.1955,40.1000,76,97,435304
1.9208,0.2053,39.8300,76,97,435307
1.8866,0.1808,40.0300,76,97,435311
1.9208,0.1955,40.0300,76,97,435314
1.8915,0.1955,40.0600,76,97,435317
1.8915,0.1955,40.0000,76,97,435321
1.9550,0.2151,39.8600,76,97,435324
1.9062,0.1955,40.0600,76,97,435328
1.9110,0.1906,40.3600,76,97,435332
1.9110,0.2053,40.1000,76,97,435335
1.9159,0.1906,40.2000,76,97,435338
1.9599,0.2053,39.8900,76,97,435341
1.9306,0.2004,40.0300,76,97,435345
1.9746,0.1955,39.9600,76,97,435348
1.9404,0.1955,40.0300,76,97,435351
1.9501,0.1906,40.1000,76,97,435355
2.0186,0.2004,39.9300,76,97,435358
1.9697,0.1955,40.3300,76,97,435361
2.0039,0.2395,39.9600,76,97,435365
1.9844,0.1955,40.1000,76,97,435368
1.9892,0.1955,40.1000,76,97,435372
2.0186,0.1955,40.0600,76,97,435375
2.0186,0.1955,40.0600,76,97,435379
2.0381,0.1955,39.9300,76,97,435382
2.0088,0.1906,40.0300,76,97,435385
2.0137,0.1955,40.1000,76,97,435389
2.0283,0.1955,40.0000,76,97,435392
2.0186,0.1955,40.1000,76,97,435395
2.0528,0.1955,39.8600,76,97,435399
2.0137,0.1955,40.1000,76,97,435402
2.0186,0.1906,40.1000,76,97,435405
2.0283,0.2004,40.0000,76,97,435408
2.0039,0.2004,40.1300,76,97,435412
2.0479,0.1955,39.8600,76,97,435416
2.0235,0.1906,40.0300,76,97,435419
1.9990,0.1906,40.1000,76,97,435423
1.9892,0.1955,40.0600,76,97,435426
1.9697,0.1906,40.1000,76,97,435429
2.0137,0.2053,39.8900,76,97,435433
1.9453,0.2004,40.0000,76,97,435436
1.9159,0.1711,40.0600,76,97,435439
1.9013,0.1955,40.0300,76,97,435442
1.8817,0.2053,40.1000,76,97,435446
1.9110,0.2102,39.8900,76,97,435449
1.8475,0.1955,40.0600,76,97,435452
1.8328,0.1906,40.0000,76,97,435457
1.8231,0.1955,40.0300,76,97,435460
1.7840,0.1955,40.1000,76,97,435463
1.7986,0.2542,39.9600,76,97,435466
1.7546,0.2004,40.0600,76,97,435470
1.7595,0.1955,39.9600,76,97,435473
1.7253,0.1955,40.0300,76,97,435476
1.7204,0.1955,40.1000,76,97,435480
1.7449,0.2053,39.9300,76,97,435483
1.7058,0.2199,40.1000,76,97,435486
1.7498,0.2053,39.9600,76,97,435490
1.6960,0.1955,40.0600,76,97,435493
1.7009,0.1906,40.0600,76,97,435496
1.7204,0.2053,39.9600,76,97,435500
1.7058,0.1955,40.1000,76,97,435504
1.7302,0.1955,39.9300,76,97,435507
1.7058,0.1906,40.0000,76,97,435510
1.7107,0.1955,40.1000,76,97,435514
1.7204,0.1906,40.0300,76,97,435517
1.7155,0.1955,40.1300,76,97,435520
1.7498,0.2053,39.8600,76,97,435524
1.7204,0.1906,40.2000,76,97,435527
1.7302,0.2004,40.2300,76,97,435530
1.7498,0.2053,40.0000,76,97,435533
1.7351,0.1955,40.2000,76,97,435537
1.7840,0.2297,39.8300,76,97,435540
1.7937,0.2004,39.9600,76,97,435544
1.7546,0.1955,40.1300,76,97,435548
1.7937,0.1955,40.0600,76,97,435551
1.7644,0.1955,40.1000,76,97,435554
1.8328,0.2102,39.8600,76,97,435558
1.7986,0.1906,40.0300,76,97,435561
1.7937,0.1906,40.0300,76,97,435564
1.7937,0.2004,40.0000,76,97,435568
1.7937,0.2151,40.1000,76,97,435571
1.8377,0.2004,39.8900,76,97,435574
1.8035,0.1955,40.0600,76,97,435577
1.8231,0.2004,40.0000,76,97,435581
1.8182,0.1906,40.1000,76,97,435585
1.8133,0.1906,40.2000,76,97,435588
1.8426,0.2053,40.0300,76,97,435592
1.8231,0.1955,40.0600,76,97,435595
1.8524,0.2004,39.3800,76,97,435598
1.8182,0.1955,40.0600,76,97,435602
1.8231,0.1906,40.1000,76,97,435605
1.8524,0.2004,39.9600,76,97,435608
1.8182,0.1955,40.1000,76,97,435611
1.8475,0.1955,39.9300,76,97,435615
1.8328,0.1955,40.0300,76,97,435618
1.8280,0.1906,40.1000,76,97,435621
1.8377,0.1955,40.0300,76,97,435625
1.8328,0.1955,40.0600,76,97,435629
1.8524,0.1955,39.8900,76,97,435632
1.8231,0.2004,40.0000,76,97,435636
1.8231,0.1955,40.1000,76,97,435639
1.8328,0.2004,40.0600,76,97,435642
1.8280,0.1955,40.1000,76,97,435645
1.8768,0.2004,39.8000,76,97,435649
1.8328,0.1906,40.0600,76,97,435652
1.8328,0.1906,40.0600,76,97,435655
1.8377,0.2004,40.1600,76,97,435659
1.8328,0.2004,40.0600,76,97,435662
1.8671,0.2102,39.8300,76,97,435665
1.8328,0.2004,40.0000,76,97,435670
1.8182,0.1955,40.1000,76,97,435673
1.8182,0.1955,40.1600,76,97,435676
1.8231,0.1955,40.1000,76,97,435679
1.8671,0.2053,39.8900,76,97,435683
1.8231,0.2053,40.0000,76,97,435686
1.8328,0.1955,40.0000,76,97,435689
1.8084,0.1955,40.0600,76,97,435693
1.8084,0.2199,40.0600,76,97,435696
1.8377,0.2004,39.9300,76,97,435699
1.8133,0.1906,40.2000,76,97,435703
1.8280,0.2004,39.9300,76,97,435706
1.8035,0.1955,40.0600,76,97,435709
1.8084,0.1906,40.1000,76,97,435713
1.8231,0.1955,40.1000,76,97,435717
1.8475,0.2053,40.0600,76,97,435720
1.8377,0.1906,39.9300,76,97,435723
1.8084,0.2004,40.1000,76,97,435727
1.8133,0.1955,40.1000,76,97,435730
1.8426,0.2004,40.0000,76,97,435733
1.8182,0.2199,40.0600,76,97,435737
1.8573,0.1955,39.8900,76,97,435740
1.8328,0.1955,40.1600,76,97,435743
1.8280,0.1955,40.1000,76,97,435747
1.8426,0.2004,40.0000,76,97,435750
1.8377,0.1955,40.0600,76,97,435753
1.8866,0.2053,39.8300,76,97,435757
1.9257,0.2151,39.8900,76,97,435761
1.8866,0.2004,40.0600,76,97,435764
1.8915,0.1906,40.0300,76,97,435768
1.8915,0.2004,40.0600,76,97,435771
1.9062,0.1955,40.1000,76,97,435774
1.9355,0.2102,40.0000,76,97,435778
1.9110,0.2151,40.1000,76,97,435781
1.9306,0.1955,40.0000,76,97,435784
1.8964,0.1955,40.3300,76,97,435788
1.8866,0.1955,40.1000,76,97,435791
1.9110,0.2053,39.8900,76,97,435794
1.8768,0.1906,40.1000,76,97,435798
1.9208,0.2004,39.9600,76,97,435802
1.8719,0.1906,40.0600,76,97,435805
1.8671,0.1906,40.2300,76,97,435808
1.8866,0.1906,39.9600,76,97,435812
1.8524,0.1955,40.2000,76,97,435815
1.8622,0.1955,39.9300,76,97,435818
1.8182,0.1906,40.0300,76,97,435822
1.8084,0.1955,40.1000,76,97,435825
1.8426,0.2004,40.0300,76,97,435828
1.7889,0.1955,40.1000,76,97,435831
1.8231,0.2004,39.8600,76,97,435835
1.8231,0.2004,40.0600,76,97,435838
1.7889,0.1955,40.0600,76,97,435842
1.8035,0.2004,40.1600,76,97,435846
1.7840,0.2004,40.1000,76,97,435849
1.8377,0.2004,39.8300,76,97,435852
1.7986,0.1906,40.0000,76,97,435856
1.7840,0.1906,40.1300,76,97,435859
1.7840,0.2004,40.1000,76,97,435862
1.7742,0.1955,40.1000,76,97,435865
1.8328,0.2102,39.8300,76,97,435869
1.7889,0.1955,40.0000,76,97,435872
1.7840,0.1906,40.0300,76,97,435875
1.7889,0.1955,40.1000,76,97,435879
1.7937,0.2053,40.0600,76,97,435883
1.8377,0.2151,39.9300,76,97,435886
1.8035,0.1955,40.0600,76,97,435890
1.8182,0.1955,39.9600,76,97,435893
1.8231,0.1906,40.1300,76,97,435896
1.8328,0.2151,40.0600,76,97,435899
1.8964,0.1906,40.0000,76,97,435903
1.9501,0.1906,40.0600,76,97,435906
2.0626,0.2004,39.9300,76,97,435909
2.1652,0.2004,40.1000,76,97,435913
2.2287,0.1906,40.1300,76,97,435916
2.3705,0.2102,40.0000,76,97,435919
2.4633,0.1955,40.0600,76,97,435923
2.6344,0.1955,40.0000,76,97,435927
2.7028,0.1955,40.0600,76,97,435930
2.6979,0.1955,40.1000,76,97,435933
2.5611,0.2004,40.0000,76,97,435937
2.2874,0.1955,40.0300,76,97,435940
2.0479,0.1906,39.8600,76,97,435943
1.7840,0.1955,40.0000,76,97,435947
1.6569,0.1906,40.1000,76,97,435950
1.6276,0.2004,40.0600,76,97,435953
1.6325,0.2004,40.1000,76,97,435957
1.7058,0.2004,39.8600,76,97,435960
1.7009,0.1906,40.1300,76,97,435963
1.7302,0.1955,40.1600,76,97,435966
1.7498,0.1955,40.0300,76,97,435971
1.7449,0.1955,40.1300,76,97,435974
1.7889,0.2151,39.8300,76,97,435977
1.7546,0.2004,40.0300,76,97,435981
1.7449,0.1906,40.0300,76,97,435984
1.7498,0.2004,40.0600,76,97,435987
1.7449,0.1955,40.1000,76,97,435991
1.7937,0.2102,39.8000,76,97,435994
1.7595,0.2004,40.0300,76,97,435997
1.7595,0.1906,40.0300,76,97,436000
1.7546,0.1955,40.0600,76,97,436004
1.7644,0.1955,40.0600,76,97,436007
1.8328,0.2053,39.9300,76,97,436011
1.7742,0.1955,40.1600,76,97,436015
1.7986,0.1955,40.0000,76,97,436018
1.7840,0.1906,40.1000,76,97,436021
1.7937,0.1955,40.1600,76,97,436025
1.8182,0.2053,40.0300,76,97,436028
1.8084,0.1906,40.0600,76,97,436031
1.8328,0.2004,39.9600,76,97,436034
1.8133,0.1955,40.1000,76,97,436038
1.8133,0.1955,40.1000,76,97,436041
1.8524,0.2053,39.9600,76,97,436044
1.8231,0.1906,40.1000,76,97,436048
1.8524,0.1955,39.9300,76,97,436051
1.8475,0.1955,40.0000,76,97,436055
1.8426,0.1906,40.0300,76,97,436059
1.8622,0.2053,40.0000,76,97,436062
1.8475,0.1955,40.1000,76,97,436065
1.8964,0.2004,39.8600,76,97,436069
1.8719,0.2102,40.0300,76,97,436072
1.8671,0.1906,40.1300,76,97,436075
1.8866,0.2004,39.2200,76,97,436078
1.8817,0.1955,40.1000,76,97,436082
1.9404,0.2004,39.8300,76,97,436085
1.8964,0.1955,40.0300,76,97,436088
1.9013,0.2004,40.1000,76,97,436092
1.9159,0.1906,40.0600,76,97,436096
1.9110,0.2199,40.1600,76,97,436099
1.9844,0.2102,39.8600,76,97,436103
1.9453,0.2004,40.0300,76,97,436106
1.9501,0.1906,39.9600,76,97,436109
1.9453,0.1955,40.1000,76,97,436112
1.9599,0.1955,40.1000,76,97,436116
2.0039,0.2053,39.8600,76,97,436119
1.9697,0.1906,40.0600,76,97,436122
1.9941,0.1906,39.9600,76,97,436126
1.9795,0.1955,40.0600,76,97,436129
1.9892,0.1955,40.1000,76,97,436132
2.0235,0.2004,39.9600,76,97,436136
2.0039,0.1955,40.0600,76,97,436140
2.0332,0.2004,40.0000,76,97,436143
2.0039,0.1955,40.0600,76,97,436146
2.0039,0.2004,40.1000,76,97,436150
2.0186,0.1955,40.0600,76,97,436153
2.0088,0.1955,40.2000,76,97,436156
2.0430,0.2004,39.9300,76,97,436160
2.0088,0.1955,40.1000,76,97,436163
2.0186,0.1955,40.1000,76,97,436166
2.0381,0.2004,39.9600,76,97,436169
2.0088,0.1906,40.1000,76,97,436173
2.0283,0.2004,39.8900,76,97,436176
2.0137,0.1955,40.0000,76,97,436179
1.9795,0.1906,40.1000,76,97,436184
1.9892,0.2004,40.0000,76,97,436187
1.9599,0.1906,40.1000,76,97,436190
2.0039,0.2004,39.8600,76,97,436193
1.9404,0.1906,40.0300,76,97,436197
1.9159,0.1955,40.1000,76,97,436200
1.9062,0.2102,40.0600,76,97,436203
1.8866,0.1955,40.1000,76,97,436207
1.9013,0.2053,39.8300,76,97,436210
1.8377,0.2053,40.0300,76,97,436213
1.8231,0.1906,40.1300,76,97,436217
1.8084,0.2004,40.0600,76,97,436220
1.7791,0.1955,40.1000,76,97,436224
1.8182,0.2151,39.8900,76,97,436228
1.7693,0.2004,40.0000,76,97,436231
1.7498,0.1955,40.1000,76,97,436234
1.7302,0.2004,40.1000,76,97,436237
1.7253,0.2004,40.1000,76,97,436241
1.7498,0.1906,39.8900,76,97,436244
1.7253,0.2004,40.1000,76,97,436247
1.7302,0.2444,39.9600,76,97,436251
1.7155,0.1955,40.1000,76,97,436254
1.7155,0.1955,40.1000,76,97,436257
1.7351,0.2004,39.9600,76,97,436261
1.7107,0.1955,40.1000,76,97,436264
1.7351,0.2004,40.0000,76,97,436268
1.7058,0.2053,40.1000,76,97,436271
1.7107,0.1955,40.1000,76,97,436275
1.7253,0.2004,40.1000,76,97,436278
1.7302,0.1906,40.1000,76,97,436281
1.7595,0.1906,40.0000,76,97,436285
1.7302,0.1955,40.1000,76,97,436288
1.7693,0.2004,40.1000,76,97,436291
1.7644,0.2004,39.9600,76,97,436295
1.7449,0.1955,40.1000,76,97,436298
1.7742,0.2004,39.8900,76,97,436301
1.7693,0.1955,40.0000,76,97,436304
1.7693,0.2102,40.1000,76,97,436308
1.7889,0.2004,40.0300,76,97,436312
1.7791,0.1955,39.8900,76,97,436315
1.8377,0.2053,39.8300,76,97,436319
1.7937,0.2004,40.0000,76,97,436322
1.7937,0.2151,40.1600,76,97,436325
1.7986,0.1906,40.1300,76,97,436329
1.7937,0.1955,40.0600,76,97,436332
1.8524,0.2151,39.8600,76,97,436335
1.8084,0.2004,40.1600,76,97,436339
1.8133,0.1906,40.1000,76,97,436342
1.8231,0.2004,40.0600,76,97,436345
1.8133,0.2053,40.1600,76,97,436348
1.8475,0.2004,40.0000,76,97,436353
1.8280,0.2004,40.0300,76,97,436356
1.8280,0.2004,40.0000,76,97,436359
1.8084,0.2053,40.0600,76,97,436363
1.8182,0.2004,40.1000,76,97,436366
1.8573,0.2004,39.9300,77,97,436369
1.8328,0.2004,40.0300,77,97,436373
1.8231,0.1955,40.2000,77,97,436376
1.8475,0.2346,39.8900,77,97,436380
1.8182,0.1955,40.0300,77,97,436383
1.8182,0.1955,40.1000,77,97,436386
1.8280,0.2004,40.0300,77,97,436389
1.8328,0.2053,40.1000,77,97,436393
1.8573,0.2004,39.8600,77,97,436397
1.8182,0.2199,40.1000,77,97,436400
1.8231,0.1955,40.1000,77,97,436404
1.8328,0.2004,40.1600,77,97,436407
1.8328,0.2004,40.0600,77,97,436410
1.8622,0.2053,39.9600,77,97,436414
1.8280,0.2004,39.9600,77,97,436417
1.8084,0.1955,40.1000,77,97,436420
1.8084,0.1955,40.2000,77,97,436423
1.8084,0.1955,40.1000,77,97,436427
1.8671,0.2199,39.9300,77,97,436430
1.8231,0.2004,40.0000,77,97,436433
1.8231,0.2297,40.0300,77,97,436438
1.8133,0.1906,40.1000,77,97,436441
1.8133,0.1955,40.1000,77,97,436444
1.8573,0.2053,40.0000,77,97,436448
1.8182,0.1955,40.0600,77,97,436451
1.8426,0.1955,39.9600,77,97,436454
1.8182,0.2004,40.1000,77,97,436457
1.8231,0.1955,40.1000,77,97,436461
1.8328,0.2053,40.0600,77,97,436464
1.8182,0.1955,40.0600,77,97,436467
1.8377,0.2004,40.0000,77,97,436471
1.8133,0.1955,40.1600,77,97,436474
1.8084,0.1906,40.1000,77,97,436477
1.8328,0.2053,40.0600,77,97,436482
1.8182,0.1955,40.1000,77,97,436485
1.8573,0.1906,39.9300,77,97,436488
1.8475,0.1955,40.1000,77,97,436492
1.8573,0.1955,40.1000,77,97,436495
1.8768,0.2053,39.9300,77,97,436498
1.8671,0.1857,40.0600,77,97,436501
1.9159,0.2004,39.8600,77,97,436505
1.8817,0.1955,40.0300,77,97,436508
1.8817,0.2297,40.1000,77,97,436511
1.9013,0.1906,40.0300,77,97,436515
1.8964,0.1955,40.1300,77,97,436518
1.9550,0.1955,39.8300,77,97,436521
1.9062,0.1955,40.1300,77,97,436526
1.9062,0.1955,40.0600,77,97,436529
1.8964,0.2053,40.0600,77,97,436532
1.8866,0.1955,40.1300,77,97,436535
1.9306,0.2151,39.8900,77,97,436539
1.8866,0.2004,40.0300,77,97,436542
1.8768,0.1955,39.9600,77,97,436545
1.8622,0.1955,40.1000,77,97,436549
1.8573,0.1955,40.3300,77,97,436552
1.8817,0.2004,39.8900,77,97,436555
1.8377,0.1955,40.1600,77,97,436559
1.8426,0.2102,39.9300,77,97,436562
1.8035,0.1906,40.1000,77,97,436566
1.7937,0.1955,40.1600,77,97,436570
1.7986,0.2053,40.0000,77,97,436573
1.7742,0.1955,40.0600,77,97,436576
1.8035,0.2004,40.0000,77,97,436579
1.7693,0.1955,40.2600,77,97,436583
1.7937,0.1955,40.0600,77,97,436586
1.7889,0.2004,40.0300,77,97,436589
1.7840,0.1955,40.2000,77,97,436593
1.8084,0.1906,39.9300,77,97,436596
1.7889,0.1906,40.0600,77,97,436599
1.7937,0.1955,39.9600,77,97,436603
1.8084,0.2151,40.0000,77,97,436606
1.7889,0.1955,40.1000,77,97,436610
1.8280,0.2053,39.8600,77,97,436613
1.8084,0.2102,40.0000,77,97,436617
1.8280,0.1906,40.1000,77,97,436620
1.8084,0.2004,40.0600,77,97,436623
1.8035,0.1955,40.0000,77,97,436627
1.8573,0.2053,39.8300,77,97,436630
1.8133,0.1955,40.0600,77,97,436633
1.8182,0.2004,40.1300,77,97,436637
1.8524,0.2053,40.0600,77,97,436640
1.8426,0.1955,40.1000,77,97,436643
1.9355,0.2151,39.9600,77,97,436646
1.9550,0.1906,40.0300,77,97,436651
2.0479,0.1955,40.0300,77,97,436654
2.1408,0.2004,40.0300,77,97,436657
2.2434,0.1955,40.1000,77,97,436661
2.3998,0.2102,39.1200,77,97,436664
2.4976,0.2053,40.0600,77,97,436667
2.6491,0.1955,40.0000,77,97,436671
2.7273,0.1955,40.0600,77,97,436674
2.7028,0.1906,40.0600,77,97,436677
2.5758,0.2004,39.8900,77,97,436680
2.2727,0.1955,40.1000,77,97,436684
2.0283,0.2053,39.9300,77,97,436687
1.7546,0.1906,40.1300,77,97,436690
1.6178,0.1955,40.1600,77,97,436695
1.5885,0.1906,40.0300,77,97,436698
1.5934,0.1906,40.1000,77,97,436701
1.6569,0.1955,39.6700,77,97,436705
1.6813,0.2004,40.0600,77,97,436708
1.7155,0.1906,40.1000,77,97,436711
1.7449,0.2004,39.9600,77,97,436714
1.7498,0.2102,40.0600,77,97,436718
1.8084,0.1955,39.8900,77,97,436721
1.7595,0.1955,40.2000,77,97,436724
1.7644,0.2004,40.1000,77,97,436728
1.7791,0.2004,40.0300,77,97,436731
1.7644,0.1955,39.5700,77,97,436734
1.8133,0.2053,39.6700,77,97,436739
1.7889,0.2004,40.0000,77,97,436742
1.7742,0.1955,40.1000,77,97,436745
1.7840,0.2004,40.0300,77,97,436748
1.7889,0.1955,40.1000,77,97,436752
1.8328,0.2102,39.9300,77,97,436755
1.7986,0.1906,40.1000,77,97,436758
1.7937,0.1906,40.0600,77,97,436762
1.7986,0.2199,39.9300,77,97,436765
1.7986,0.1857,40.1000,77,97,436768
1.8524,0.2102,39.9300,77,97,436772
1.8133,0.2004,40.0600,77,97,436775
1.8524,0.1955,40.0000,77,97,436779
1.8182,0.1906,40.1000,77,97,436782
1.8231,0.2004,40.0600,77,97,436786
1.8573,0.2053,40.0000,77,97,436789
1.8426,0.2004,40.1000,77,97,436792
1.8671,0.2004,39.9600,77,97,436796
1.8475,0.1955,40.1300,77,97,436799
1.8524,0.1955,40.1000,77,97,436802
1.8964,0.2053,39.9300,77,97,436806
1.8622,0.1906,40.1000,77,97,436809
1.9062,0.2004,40.1300,77,97,436812
1.8768,0.2053,40.0300,77,97,436816
1.8817,0.1906,40.1000,77,97,436819
1.9062,0.2004,39.9600,77,97,436823
1.8964,0.2053,40.1000,77,97,436826
1.9306,0.1955,39.8900,77,97,436830
1.9110,0.1955,40.1600,77,97,436833
1.9159,0.2151,40.0600,77,97,436836
1.9208,0.2004,40.0300,77,97,436840
1.9208,0.1955,40.1000,77,97,436843
1.9697,0.2004,39.5400,77,97,436846
1.9306,0.1955,40.0600,77,97,436849
1.9453,0.1955,40.1000,77,97,436853
1.9648,0.2004,40.0600,77,97,436856
1.9648,0.2004,40.1000,77,97,436859
2.0235,0.2102,39.8000,77,97,436864
1.9941,0.2004,40.0000,77,97,436867
1.9844,0.1906,40.1000,77,97,436870
1.9892,0.2053,40.0600,77,97,436874
1.9990,0.1955,40.1000,77,97,436877
2.0626,0.2102,39.8300,77,97,436880
2.0088,0.2297,40.0300,77,97,436883
2.0088,0.1857,40.1000,77,97,436887
2.0137,0.1955,40.0600,77,97,436890
2.0088,0.1906,40.1000,77,97,436893
2.0577,0.2102,39.9600,77,97,436897
2.0088,0.2004,40.0600,77,97,436900
2.0137,0.1955,40.0000,77,97,436903
1.9990,0.1955,40.0600,77,97,436907
1.9941,0.1955,40.1000,77,97,436911
2.0186,0.2053,40.0000,77,97,436914
1.9892,0.2004,40.0600,77,97,436917
2.0039,0.1955,39.9600,77,97,436921
2.0039,0.2004,40.1000,77,97,436924
1.9697,0.1955,40.1000,77,97,436927
1.9892,0.2053,39.8300,77,97,436930
1.9550,0.1955,40.1000,77,97,436934
1.9648,0.2053,40.0000,77,97,436937
1.9257,0.1955,40.0600,77,97,436940
1.9110,0.1955,40.1600,77,97,436944
1.9062,0.2004,40.0000,77,97,436947
1.8768,0.1955,40.1600,77,97,436951
1.8817,0.2004,39.9300,77,97,436955
1.8377,0.1906,40.0600,77,97,436958
1.8231,0.1955,40.1000,77,97,436961
1.8084,0.2199,40.0300,77,97,436964
1.7840,0.2053,40.1000,77,97,436968
1.7986,0.1906,39.9300,77,97,436971
1.7595,0.1906,40.1000,77,97,436974
1.7546,0.1955,40.0600,77,97,436978
1.7595,0.2053,40.0300,77,97,436981
1.7107,0.1955,40.0600,77,97,436985
1.7155,0.2004,40.1300,77,97,436988
1.7644,0.2004,39.8900,77,97,436992
1.7253,0.2004,40.1000,77,97,436996
1.7400,0.1955,40.2000,77,97,436999
1.7302,0.2004,40.0600,77,97,437002
1.7449,0.1955,40.1000,77,97,437005
1.7644,0.2053,40.0000,77,97,437009
1.7400,0.2248,40.1000,77,97,437012
1.7986,0.2004,39.9600,77,97,437015
1.7400,0.1955,40.1000,77,97,437019
1.7400,0.1857,40.1000,77,97,437022
1.7546,0.1955,40.0300,77,97,437025
1.7498,0.2004,40.1000,77,97,437029
1.7791,0.2004,40.0000,77,97,437032
1.7595,0.1955,40.0600,77,97,437036
1.7693,0.1955,40.1000,77,97,437039
1.7986,0.2297,39.9300,77,97,437043
1.7742,0.1955,40.1000,77,97,437046
1.8084,0.1955,39.9300,77,97,437049
1.8182,0.1955,40.0000,77,97,437053
1.7937,0.1955,40.0600,77,97,437056
1.8035,0.1955,40.0600,77,97,437059
1.7986,0.1955,40.1000,77,97,437063
1.8426,0.2053,39.8600,77,97,437066
1.8133,0.2053,40.0000,77,97,437069
1.7986,0.1955,40.1000,77,97,437073
1.8133,0.2004,40.0600,77,97,437076
1.8084,0.1955,40.2000,77,97,437080
1.8573,0.2053,39.8300,77,97,437083
1.8133,0.1955,40.1300,77,97,437087
1.8133,0.2004,40.1000,77,97,437090
1.8280,0.1906,40.0600,77,97,437093
1.8035,0.1955,40.1000,77,97,437097
1.8671,0.2151,39.3500,77,97,437100
1.8377,0.2053,40.0300,77,97,437103
1.8231,0.1955,40.0000,77,97,437107
1.8182,0.1955,40.0300,77,97,437110
1.8133,0.1955,40.1000,77,97,437113
1.8426,0.2053,39.9300,77,97,437116
1.8035,0.1906,40.0600,77,97,437121
1.8231,0.2004,39.9600,77,97,437124
1.8035,0.1955,40.1000,77,97,437127
1.8035,0.1955,40.1000,77,97,437131
1.8328,0.2053,39.9600,77,97,437134
1.7986,0.1955,40.0600,77,97,437137
1.8231,0.2102,40.0300,77,97,437141
1.7986,0.1955,40.1000,77,97,437144
1.7986,0.1955,40.0600,77,97,437147
1.8084,0.2053,40.1000,77,97,437150
1.8084,0.1955,40.1000,77,97,437154
1.8231,0.1955,39.9600,77,97,437157
1.7986,0.2004,40.1300,77,97,437160
1.8035,0.1906,40.1000,77,97,437165
1.8084,0.2004,40.0300,77,97,437168
1.7791,0.1955,40.0600,77,97,437171
1.8231,0.2102,39.9600,77,97,437175
1.7986,0.2151,40.0000,77,97,437178
1.7889,0.1955,40.0600,77,97,437181
1.7986,0.2004,40.0600,77,97,437185
1.7840,0.1906,40.1000,77,97,437188
1.8524,0.2004,39.8300,77,97,437191
1.7937,0.2004,40.0000,77,97,437194
1.7840,0.1955,40.0600,77,97,437198
1.7986,0.2004,40.0300,77,97,437201
1.7840,0.1955,40.0600,77,97,437204
1.8328,0.2151,39.0600,77,97,437209
1.7986,0.2053,40.0600,77,97,437212
1.7937,0.1955,40.0300,77,97,437215
1.7937,0.2004,40.1600,77,97,437218
1.7889,0.1955,40.0600,77,97,437222
1.8280,0.2102,40.0300,77,97,437225
1.7986,0.2004,40.0600,77,97,437228
1.8035,0.1955,40.1000,77,97,437232
1.7889,0.1906,40.1000,77,97,437235
1.7889,0.1955,40.1000,77,97,437238
1.8182,0.2053,39.8900,77,97,437242
1.7889,0.1955,40.1600,77,97,437245
1.8182,0.2004,39.9300,77,97,437249
1.8084,0.2004,40.1000,77,97,437252
1.8280,0.1955,40.1000,77,97,437256
1.8622,0.2053,40.0000,77,97,437259
1.8426,0.1955,40.0600,77,97,437262
1.8964,0.1955,39.9600,77,97,437266
1.8573,0.1906,40.0600,77,97,437269
1.8622,0.1955,40.1000,77,97,437272
1.8768,0.1906,40.0300,77,97,437276
1.8719,0.1955,40.1000,77,97,437279
1.9013,0.2004,39.8600,77,97,437282
1.8719,0.1955,40.1000,77,97,437285
1.8768,0.1955,40.1000,77,97,437289
1.8866,0.2053,39.9600,77,97,437293
1.8573,0.1906,40.0600,77,97,437296
1.8915,0.2053,39.8600,77,97,437300
1.8622,0.2004,40.0000,77,97,437303
1.8426,0.2004,40.1000,77,97,437306
1.8475,0.2004,40.0600,77,97,437310
1.8377,0.1955,40.1600,77,97,437313
1.8866,0.2053,39.8300,77,97,437316
1.8377,0.2004,39.9600,77,97,437319
1.8182,0.2102,40.1000,77,97,437323
1.8084,0.2004,40.0600,77,97,437326
1.7937,0.1955,40.1300,77,97,437329
1.8280,0.2395,39.9300,77,97,437334
1.7693,0.2004,40.0600,77,97,437337
1.7693,0.1955,40.1300,77,97,437340
1.7546,0.2004,40.1000,77,97,437344
1.7546,0.1955,40.2000,77,97,437347
1.7840,0.2102,40.0000,77,97,437350
1.7693,0.2004,40.1300,77,97,437354
1.7742,0.1955,39.9600,77,97,437357
1.7595,0.2004,40.1000,77,97,437360
1.7595,0.1955,40.1000,77,97,437363
1.7937,0.2102,39.8900,77,97,437367
1.7644,0.1955,40.0600,77,97,437370
1.7937,0.2053,40.1000,77,97,437373
1.7693,0.2053,40.0300,77,97,437378
1.7791,0.1906,40.1000,77,97,437381
1.7986,0.2004,40.0300,77,97,437384
1.7840,0.1955,40.1300,77,97,437388
1.8084,0.2004,39.9300,77,97,437391
1.7840,0.1955,39.9600,77,97,437394
1.8182,0.2004,40.1000,77,97,437397
1.8035,0.2004,40.0300,77,97,437401
1.8133,0.1955,40.0600,77,97,437404
1.8964,0.2053,39.8600,77,97,437407
1.9355,0.1906,40.0600,77,97,437411
2.0283,0.1906,40.0600,77,97,437414
2.1359,0.2004,40.0300,77,97,437417
2.2434,0.2004,40.0600,77,97,437422
2.3900,0.2053,39.8300,77,97,437425
2.4633,0.2004,40.0600,77,97,437428
2.5758,0.2004,40.2300,77,97,437431
2.7028,0.2004,40.0600,77,97,437435
2.6735,0.1906,40.1000,77,97,437438
2.5855,0.2151,39.8900,77,97,437441
2.2678,0.2053,40.0300,77,97,437445
1.9795,0.1955,40.0600,77,97,437448
1.7595,0.1955,40.1300,77,97,437451
1.6422,0.1955,40.1000,77,97,437455
1.6471,0.2004,39.9300,77,97,437458
1.6325,0.2004,40.0300,77,97,437462
1.6764,0.2053,39.9600,77,97,437465
1.6911,0.1906,40.0600,77,97,437469
1.7058,0.2199,40.0600,77,97,437472
1.7351,0.2004,40.0000,77,97,437475
1.7204,0.2004,40.0600,77,97,437479
1.7449,0.2004,39.9600,77,97,437482
1.7155,0.2151,40.1000,77,97,437485
1.7155,0.1955,40.0600,77,97,437489
1.7449,0.2053,40.0600,77,97,437492
1.7155,0.1955,40.1000,77,97,437495
1.7449,0.1955,39.9300,77,97,437498
1.7253,0.1955,40.0300,77,97,437502
1.7498,0.1955,40.1000,77,97,437506
1.7546,0.2004,40.1600,77,97,437509
1.7400,0.1955,40.1300,77,97,437513
1.7791,0.2004,39.8900,77,97,437516
1.7595,0.2004,39.9600,77,97,437519
1.7546,0.2004,40.1000,77,97,437523
1.7986,0.2053,40.0300,77,97,437526
1.7546,0.1955,40.0600,77,97,437529
1.8133,0.2053,39.8600,77,97,437532
1.7742,0.1955,40.0600,77,97,437536
1.7791,0.1955,40.0600,77,97,437539
1.7937,0.2004,40.1000,77,97,437542
1.7889,0.1955,40.1000,77,97,437547
1.8475,0.2493,39.8300,77,97,437550
1.8182,0.2004,40.0300,77,97,437553
1.8133,0.1906,40.0600,77,97,437557
1.8280,0.1955,40.0600,77,97,437560
1.8231,0.1906,40.1000,77,97,437563
1.8719,0.2053,39.8900,77,97,437566
1.8573,0.2004,40.0300,77,97,437570
1.8573,0.1955,40.0000,77,97,437573
1.8426,0.1955,39.2200,77,97,437576
1.8524,0.2053,40.1000,77,97,437580
1.8964,0.2053,39.9300,77,97,437583
1.8719,0.2004,40.0600,77,97,437586
1.9062,0.1955,39.9600,77,97,437591
1.8817,0.1955,40.0600,78,97,437594
1.9110,0.1955,39.9300,78,97,437598
1.9208,0.2004,40.1000,78,97,437601
1.9355,0.2053,40.0300,78,97,437604
1.9306,0.1955,40.0600,78,97,437608
1.9941,0.2053,39.8300,78,97,437611
1.9648,0.2004,40.0000,78,97,437614
1.9501,0.1955,40.1300,78,97,437617
1.9599,0.2053,40.0300,78,97,437621
1.9648,0.1906,40.0600,78,97,437624
2.0283,0.2053,39.8900,78,97,437627
1.9892,0.1955,40.0000,78,97,437632
1.9844,0.1906,40.0600,78,97,437635
1.9892,0.2004,40.1000,78,97,437638
1.9844,0.1955,40.1300,78,97,437642
2.0626,0.2102,39.8900,78,97,437645
1.9990,0.2004,40.0600,78,97,437648
2.0039,0.1955,40.0600,78,97,437651
1.9990,0.2151,40.0600,78,97,437655
1.9941,0.1906,40.1000,78,97,437658
2.0283,0.2102,39.8900,78,97,437661
1.9941,0.2004,40.0300,78,97,437665
1.9990,0.2004,39.9600,78,97,437668
1.9697,0.2004,40.2000,78,97,437671
1.9648,0.1955,39.9600,78,97,437675
1.9844,0.2199,39.9300,78,97,437679
1.9404,0.2004,39.8900,78,97,437682
1.9501,0.2053,40.0300,78,97,437685
1.9257,0.1906,40.1000,78,97,437689
1.8866,0.1955,40.1000,78,97,437692
1.8964,0.2053,40.2600,78,97,437695
1.8426,0.2004,40.1000,78,97,437699
1.8524,0.1906,39.9300,78,97,437702
1.7986,0.1906,40.0600,78,97,437705
1.7840,0.2004,40.1600,78,97,437708
1.7693,0.2004,40.0300,78,97,437712
1.7498,0.1955,40.1000,78,97,437715
1.7595,0.2004,40.3600,78,97,437719
1.7400,0.2053,40.0600,78,97,437723
1.7058,0.1955,40.0600,78,97,437726
1.7155,0.2053,39.9300,78,97,437729
1.7107,0.1955,40.1000,78,97,437733
1.7204,0.2053,39.9600,78,97,437736
1.6911,0.2004,40.0300,78,97,437739
1.6764,0.2004,40.1000,78,97,437742
1.6764,0.2004,40.1000,78,97,437746
1.6716,0.1955,40.0600,78,97,437749
1.7400,0.2102,39.8300,78,97,437752
1.6813,0.2004,40.0000,78,97,437756
1.6716,0.1906,40.0600,78,97,437760
1.6960,0.2053,40.0600,78,97,437763
1.6813,0.1906,40.1000,78,97,437767
1.7302,0.2102,39.9300,78,97,437770
1.6862,0.2004,40.0600,78,97,437773
1.7009,0.1906,40.0000,78,97,437776
1.6911,0.2004,40.1000,78,97,437780
1.6960,0.2199,40.1000,78,97,437783
1.7351,0.2102,39.9600,78,97,437786
1.7155,0.2004,39.8900,78,97,437790
1.7253,0.2004,39.9600,78,97,437793
1.7107,0.1955,40.2000,78,97,437796
1.7155,0.2053,40.0300,78,97,437800
1.7546,0.2004,39.9300,78,97,437804
1.7302,0.1955,40.3300,78,97,437807
1.7644,0.2004,40.0000,78,97,437810
1.7400,0.1955,40.0300,78,97,437814
1.7449,0.1906,40.1000,78,97,437817
1.7644,0.2297,40.0000,78,97,437820
1.7400,0.1906,40.1000,78,97,437824
1.7840,0.1955,39.9300,78,97,437827
1.7644,0.1955,40.0300,78,97,437830
1.7742,0.1955,40.0300,78,97,437834
1.7791,0.2004,40.0300,78,97,437837
1.7693,0.1955,39.9600,78,97,437840
1.8133,0.2004,39.8600,78,97,437843
1.7742,0.1955,40.1000,78,97,437848
1.7791,0.1955,40.0600,78,97,437851
1.8035,0.2053,40.0300,78,97,437854
1.7791,0.1955,40.2300,78,97,437858
1.8426,0.2102,39.8000,78,97,437861
1.7986,0.2004,39.9600,78,97,437864
1.7840,0.1906,40.0600,78,97,437868
1.7840,0.2053,40.0600,78,97,437871
1.7840,0.1906,40.1000,78,97,437874
1.8328,0.2151,39.8900,78,97,437878
1.7840,0.2004,40.0300,78,97,437881
1.7889,0.1906,40.0000,78,97,437884
1.7840,0.2004,40.0300,78,97,437888
1.7889,0.2004,40.0600,78,97,437892
1.8231,0.2102,39.9300,78,97,437895
1.7889,0.2004,40.2000,78,97,437898
1.8035,0.1955,39.9600,78,97,437902
1.7889,0.1906,40.0600,78,97,437905
1.7791,0.1955,40.0300,78,97,437908
1.7986,0.2053,40.0300,78,97,437912
1.7840,0.1906,40.1300,78,97,437915
1.7986,0.2004,39.9600,78,97,437918
1.7693,0.2004,40.0600,78,97,437921
1.7742,0.1955,40.0600,78,97,437925
1.7986,0.2053,40.2000,78,97,437928
1.7693,0.1955,40.0600,78,97,437932
1.7840,0.1955,39.9300,78,97,437936
1.7595,0.1955,40.0600,78,97,437939
1.7595,0.2004,40.0600,78,97,437942
1.7791,0.2004,40.0600,78,97,437946
1.7595,0.1955,40.2000,78,97,437949
1.7937,0.2004,39.8600,78,97,437952
1.7693,0.2004,40.0000,78,97,437955
1.7595,0.1955,39.9600,78,97,437959
1.7693,0.2053,40.1000,78,97,437962
1.7644,0.1955,40.0600,78,97,437965
1.8133,0.2053,39.8900,78,97,437969
1.7693,0.1955,40.0600,78,97,437972
1.7742,0.1955,40.1600,78,97,437976
1.7791,0.2004,40.0300,78,97,437980
1.7742,0.1955,40.0600,78,97,437983
1.8280,0.2151,39.8900,78,97,437986
1.7937,0.2053,40.0300,78,97,437990
1.7840,0.1955,40.0600,78,97,437993
1.7742,0.2004,40.1300,78,97,437996
1.7791,0.1955,40.2000,78,97,437999
1.8084,0.2102,39.9300,78,97,438003
1.7840,0.2004,40.0600,78,97,438006
1.7937,0.1955,40.0000,78,97,438009
1.7742,0.2004,40.0600,78,97,438013
1.7937,0.2053,40.0600,78,97,438017
1.7986,0.2053,39.9300,78,97,438020
1.7693,0.1955,40.0600,78,97,438024
1.7986,0.2004,39.9600,78,97,438027
1.7644,0.1955,40.1000,78,97,438030
1.7742,0.1808,40.1000,78,97,438033
1.7889,0.2004,40.0300,78,97,438037
1.7791,0.2004,40.1000,78,97,438040
1.8035,0.1955,39.9300,78,97,438043
1.7742,0.1906,40.1000,78,97,438047
1.7889,0.1955,40.2000,78,97,438050
1.8231,0.2053,40.0300,78,97,438053
1.8133,0.1955,40.1000,78,97,438057
1.8573,0.2053,39.8900,78,97,438061
1.8426,0.2004,39.9600,78,97,438064
1.8328,0.1906,40.1000,78,97,438067
1.8426,0.2151,40.0300,78,97,438071
1.8280,0.1955,40.1000,78,97,438074
1.8817,0.2053,39.9600,78,97,438077
1.8475,0.1955,40.0300,78,97,438081
1.8426,0.1906,40.1000,78,97,438084
1.8524,0.2004,39.1900,78,97,438087
1.8475,0.1955,40.1000,78,97,438091
1.9013,0.2102,39.8600,78,97,438094
1.8280,0.2004,40.1000,78,97,438097
1.8182,0.1955,40.0300,78,97,438100
1.8133,0.2004,40.0600,78,97,438105
1.8084,0.1955,40.1000,78,97,438108
1.8817,0.2102,39.9600,78,97,438111
1.8231,0.2004,40.1600,78,97,438115
1.8280,0.1955,40.0300,78,97,438118
1.8035,0.1955,40.1000,78,97,438121
1.8035,0.1955,40.1000,78,97,438125
1.8231,0.2053,39.9600,78,97,438128
1.7791,0.2004,40.1000,78,97,438131
1.7840,0.2004,39.9600,78,97,438134
1.7546,0.1955,40.2600,78,97,438138
1.7498,0.2004,40.1000,78,97,438141
1.7742,0.2053,39.9600,78,97,438145
1.7498,0.1955,40.1300,78,97,438149
1.7791,0.2004,40.0000,78,97,438152
1.7400,0.1906,40.0600,78,97,438155
1.7400,0.1955,40.1600,78,97,438159
1.7498,0.1955,40.0300,78,97,438162
1.7498,0.1955,40.0600,78,97,438165
1.7644,0.1955,39.9600,78,97,438168
1.7400,0.1955,40.1000,78,97,438172
1.7498,0.1955,40.1000,78,97,438175
1.7644,0.2053,40.0600,78,97,438178
1.7644,0.1955,40.1000,78,97,438182
1.7937,0.2053,39.8600,78,97,438185
1.7742,0.2004,40.0000,78,97,438189
1.7937,0.2004,40.1000,78,97,438193
1.7742,0.2004,40.1300,78,97,438196
1.7644,0.1955,40.0600,78,97,438199
1.8182,0.2004,39.8000,78,97,438203
2.0332,0.2004,39.9300,78,97,438206
2.1017,0.2004,40.0600,78,97,438210
2.2141,0.1955,40.0000,78,97,438213
2.3021,0.1955,40.0600,78,97,438216
2.4291,0.1906,40.1000,78,97,438219
2.5904,0.2004,40.0300,78,97,438223
2.6735,0.2004,40.2600,78,97,438226
2.6882,0.2053,39.9600,78,97,438230
2.4829,0.1955,40.1000,78,97,438234
2.2287,0.1955,40.1000,78,97,438237
1.9892,0.2151,40.0300,78,97,438240
1.7302,0.1906,40.1000,78,97,438244
1.6471,0.1955,39.9300,78,97,438247
1.5885,0.1955,40.0000,78,97,438250
1.6373,0.1955,40.1000,78,97,438253
1.6520,0.2053,39.9300,78,97,438257
1.6667,0.1955,40.0600,78,97,438260
1.7253,0.2004,39.8600,78,97,438263
1.7009,0.2053,40.0600,78,97,438267
1.6960,0.1955,40.1600,78,97,438270
1.7058,0.2004,40.0600,78,97,438274
1.7009,0.1955,40.1000,78,97,438278
1.7400,0.2053,39.8300,78,97,438281
1.7107,0.1955,40.0600,78,97,438284
1.7009,0.1955,40.1000,78,97,438287
1.7058,0.2004,40.1300,78,97,438291
1.7009,0.2053,40.1000,78,97,438294
1.7546,0.2151,39.8300,78,97,438297
1.7155,0.2004,40.0600,78,97,438301
1.7155,0.2004,40.0300,78,97,438304
1.7204,0.2004,40.0600,78,97,438307
1.7302,0.1955,40.1000,78,97,438311
1.7791,0.2444,39.8900,78,97,438315
1.7498,0.2004,40.1600,78,97,438318
1.7595,0.1955,40.0300,78,97,438321
1.7546,0.1906,40.1000,78,97,438325
1.7595,0.1955,40.1000,78,97,438328
1.7937,0.2346,39.9300,78,97,438331
1.7693,0.1906,40.1000,78,97,438335
1.7937,0.2053,39.9600,78,97,438338
1.7644,0.2102,40.0600,78,97,438341
1.7742,0.1955,40.1000,78,97,438345
1.7937,0.1906,40.0000,78,97,438348
1.7889,0.2053,40.1000,78,97,438351
1.8328,0.1955,39.9300,78,97,438354
1.8035,0.1955,40.0600,78,97,438359
1.8084,0.1955,40.1000,78,97,438362
1.8377,0.2053,40.0000,78,97,438365
1.8182,0.1955,40.0000,78,97,438369
1.8475,0.2053,39.8600,78,97,438372
1.8377,0.1906,39.9600,78,97,438375
1.8328,0.1955,39.9600,78,97,438379
1.8573,0.1906,40.0600,78,97,438382
1.8426,0.1955,40.1000,78,97,438385
1.9013,0.2053,39.8300,78,97,438388
1.8817,0.1955,40.0000,78,97,438392
1.8719,0.1906,40.1000,78,97,438395
1.8866,0.2004,40.0000,78,97,438398
1.8866,0.2151,40.0600,78,97,438403
1.9453,0.2102,39.8300,78,97,438406
1.9013,0.1955,40.0000,78,97,438409
1.9110,0.1955,40.0600,78,97,438413
1.9208,0.1906,40.1000,78,97,438416
1.9208,0.1955,40.1000,78,97,438419
1.9795,0.2102,40.0000,78,97,438422
1.9453,0.2004,40.1000,78,97,438426
1.9599,0.1955,40.0000,78,97,438429
1.9453,0.2004,40.1300,78,97,438432
1.9501,0.1955,40.1000,78,97,438436
1.9892,0.2053,39.9600,78,97,438439
1.9550,0.2053,40.0600,78,97,438443
1.9795,0.2004,39.9300,78,97,438447
1.9501,0.1955,40.1000,78,97,438450
1.9550,0.2151,40.0600,78,97,438453
1.9795,0.2102,39.9600,78,97,438457
1.9453,0.1955,40.2000,78,97,438460
1.9697,0.2199,40.0300,78,97,438463
1.9355,0.1955,40.1000,78,97,438466
1.9306,0.1955,40.1300,78,97,438470
1.9355,0.2004,40.0300,78,97,438473
1.9257,0.1955,40.1000,78,97,438476
1.9355,0.1955,39.9300,78,97,438480
1.9013,0.1955,40.1000,78,97,438483
1.8915,0.2004,40.1000,78,97,438487
1.8915,0.2053,40.0000,78,97,438491
1.8573,0.1955,40.1000,78,97,438494
1.8817,0.2004,39.8600,78,97,438497
1.8377,0.2053,39.9600,78,97,438500
1.8035,0.1955,40.1000,78,97,438504
1.7937,0.2004,40.0600,78,97,438507
1.7693,0.1955,40.0600,78,97,438510
1.8084,0.2004,39.8300,78,97,438514
1.7498,0.2004,39.8900,78,97,438517
1.7253,0.1857,40.1000,78,97,438520
1.7155,0.1955,40.1000,78,97,438524
1.6960,0.1955,40.1000,78,97,438528
1.7302,0.2102,39.8900,78,97,438531
1.6667,0.1906,40.0600,78,97,438534
1.6667,0.1906,40.0300,78,97,438538
1.6520,0.2151,40.0600,78,97,438541
1.6471,0.1906,40.1600,78,97,438544
1.6764,0.2199,40.0000,78,97,438548
1.6471,0.2004,40.1000,78,97,438551
1.6569,0.1955,40.0300,78,97,438554
1.6325,0.1955,40.1000,78,97,438558
1.6422,0.1906,40.1000,78,97,438561
1.6667,0.2053,39.9300,78,97,438564
1.6471,0.1955,40.1000,78,97,438568
1.6667,0.2004,40.0300,78,97,438572
1.6422,0.1955,40.0600,78,97,438575
1.6471,0.1955,40.0600,78,97,438578
1.6716,0.2004,39.9600,78,97,438582
1.6471,0.2004,40.1000,78,97,438585
1.6716,0.1906,39.9300,78,97,438588
1.6569,0.2053,40.0300,78,97,438592
1.6618,0.1955,40.1300,78,97,438595
1.6764,0.2004,39.9300,78,97,438598
1.6667,0.1955,40.0600,78,97,438602
1.7107,0.2004,39.8600,78,97,438605
1.6716,0.1906,40.0600,78,97,438608
1.6813,0.1808,40.0600,78,97,438611
1.7009,0.2004,40.0300,78,97,438616
1.6911,0.1955,40.1000,78,97,438619
1.7351,0.2102,39.8900,78,97,438622
1.7351,0.1955,39.9600,78,97,438626
1.7009,0.1906,40.0600,78,97,438629
1.7204,0.1955,40.0600,78,97,438632
1.7155,0.1906,40.0600,78,97,438636
1.7742,0.2102,39.9300,78,97,438639
1.7449,0.2053,40.0300,78,97,438642
1.7302,0.1906,40.0300,78,97,438645
1.7253,0.1955,40.3300,78,97,438649
1.7253,0.1857,40.1300,78,97,438652
1.7644,0.2004,39.9600,78,97,438656
1.7351,0.2102,40.0600,78,97,438660
1.7498,0.1955,39.9600,78,97,438663
1.7302,0.1955,39.2800,78,97,438666
1.7595,0.1955,40.1000,78,97,438670
1.7498,0.2004,39.9300,78,97,438673
1.7351,0.1955,40.0600,78,97,438676
1.7595,0.2004,39.9600,78,97,438680
1.7253,0.2102,40.1000,78,97,438683
1.7253,0.1955,40.1000,78,97,438686
1.7449,0.2004,39.9300,78,97,438689
1.7155,0.1955,40.0600,78,97,438693
1.7400,0.1906,39.9300,78,97,438696
1.7204,0.1906,40.0600,78,97,438700
1.7155,0.1906,40.1300,78,97,438704
1.7302,0.2004,40.0300,78,97,438707
1.7204,0.1906,40.0300,78,97,438710
1.7546,0.2248,39.8900,78,97,438714
1.7253,0.1906,40.0300,78,97,438717
1.7107,0.1906,40.0300,78,97,438720
1.7155,0.1955,40.0600,78,97,438723
1.7155,0.1906,40.1000,78,97,438727
1.7546,0.2004,39.8900,78,97,438730
1.7107,0.1955,40.0300,78,97,438733
1.7107,0.1906,40.1000,78,97,438737
1.7107,0.1955,40.0600,78,97,438740
1.7009,0.1906,40.0300,78,97,438744
1.7546,0.2102,39.9600,78,97,438748
1.7155,0.2004,40.1000,78,97,438751
1.7058,0.1955,40.0300,78,97,438754
1.7058,0.1906,40.0600,78,97,438757
1.7009,0.1906,40.1300,78,97,438761
1.7351,0.2053,39.8900,78,97,438764
1.7058,0.1906,40.0300,78,97,438767
1.7155,0.1906,40.0000,78,97,438771
1.7351,0.1955,40.1000,78,97,438774
1.7058,0.1906,40.1000,78,97,438777
1.7351,0.2004,39.9300,78,97,438781
1.7107,0.2102,40.0600,78,97,438785
1.7351,0.1906,39.9600,78,97,438788
1.7107,0.1906,40.0600,78,97,438791
1.7058,0.1711,40.1000,78,97,438795
1.7204,0.1906,40.0600,78,97,438798
1.7107,0.1906,40.0600,78,97,438801
1.7351,0.2248,39.9300,78,97,438805
1.7058,0.1906,40.2000,78,97,438808
1.7107,0.1955,40.1000,78,97,438811
1.7253,0.1955,39.9600,78,97,438815
1.7009,0.1906,40.1600,78,97,438818
1.6960,0.2004,40.0600,78,97,438822
1.7449,0.2248,39.8000,78,97,438825
1.7009,0.1906,40.0000,78,97,438829
1.6911,0.1808,40.0600,78,97,438832
1.6911,0.1906,40.1300,78,97,438836
1.6960,0.1857,40.1000,78,97,438839
1.7546,0.2053,39.8900,78,97,438842
1.7204,0.2151,40.0600,78,97,438846
1.7449,0.1857,40.0000,78,97,438849
1.7302,0.1955,40.1000,78,97,438852
1.7302,0.2102,40.1300,78,97,438856
1.7644,0.1906,40.0000,78,97,438859
1.7400,0.1857,40.0600,78,97,438862
1.7595,0.1857,40.1000,78,97,438865
1.7449,0.1857,40.1000,78,97,438870
1.7498,0.1857,40.1000,78,97,438873
1.7791,0.2053,39.9300,78,97,438876
1.7449,0.1857,40.1600,78,97,438880
1.7644,0.2297,39.9600,78,97,438883
1.7253,0.1808,40.0600,78,97,438886
1.7155,0.1857,40.1300,78,97,438890
1.7400,0.1906,40.0000,78,97,438893
1.7253,0.1857,40.0600,78,97,438896
1.7498,0.1857,39.9300,78,97,438900
1.7204,0.1808,40.0300,78,97,438903
1.7253,0.1857,40.1000,78,97,438906
1.7351,0.1955,40.0600,78,97,438909
1.7253,0.1711,40.1300,78,97,438914
1.7546,0.1906,39.9300,78,97,438917
1.7155,0.1857,40.0600,78,97,438920
1.7107,0.1857,40.1000,78,97,438924
1.7107,0.1906,40.1000,78,97,438927
1.6911,0.1857,40.1300,78,97,438930
1.7302,0.2004,39.8300,78,97,438934
1.6960,0.1857,40.0300,78,97,438937
1.6862,0.1808,40.0600,78,97,438940
1.6911,0.1955,40.1600,78,97,438944
1.6960,0.1857,40.1000,78,97,438947
1.7400,0.1906,40.0300,78,97,438950
1.7400,0.1808,40.0600,78,97,438953
1.7155,0.1711,40.0000,78,97,438958
1.7009,0.1857,40.1600,78,97,438961
1.6960,0.1857,40.0600,78,97,438964
1.7595,0.1955,39.9300,78,97,438968
1.7058,0.1857,40.1300,78,97,438971
1.7204,0.2151,39.9300,78,97,438974
1.7009,0.1857,40.1000,78,97,438978
1.7009,0.1857,40.1000,78,97,438981
1.7155,0.1857,40.1000,78,97,438984
1.7009,0.1857,40.1000,78,97,438987
1.7351,0.1906,40.0000,78,97,438991
1.7253,0.1808,40.1000,78,97,438994
1.7693,0.1808,40.0600,78,97,438998
1.8768,0.1906,40.0300,78,97,439002
1.9208,0.1808,40.2000,78,97,439005
2.0528,0.1857,39.8600,78,97,439008
2.1603,0.1711,40.0000,78,97,439012
2.2287,0.1808,40.1000,78,97,439015
2.3754,0.1808,40.0000,78,97,439018
2.4927,0.1808,40.1000,78,97,439022
2.6588,0.1906,39.9600,78,97,439025
2.6197,0.1857,40.0300,78,97,439028
2.4487,0.1857,40.2300,78,97,439031
2.1994,0.1515,40.0600,78,97,439035
1.9110,0.1808,40.0600,78,97,439038
1.7155,0.1955,39.8000,78,97,439042
1.5200,0.1808,40.0600,78,97,439046
1.4761,0.1760,40.3300,78,97,439049
1.5054,0.1711,40.0600,78,97,439052
1.5298,0.1808,40.0600,78,97,439056
1.6471,0.1906,39.8900,78,97,439059
1.6129,0.1857,40.1000,78,97,439062
1.6325,0.1808,40.1000,78,97,439065
1.6373,0.1857,40.1000,78,97,439069
1.6422,0.1808,40.2000,78,97,439072
1.6764,0.2248,39.8900,78,97,439075
1.6520,0.1760,40.0600,78,97,439079
1.6667,0.1808,40.0600,78,97,439083
1.6471,0.2004,40.0600,78,97,439086
1.6569,0.1906,40.2300,78,97,439090
1.6862,0.1857,40.0000,78,97,439093
1.6667,0.1955,40.1000,78,97,439096
1.6960,0.1906,39.9600,78,97,439099
1.6667,0.1808,40.1300,78,97,439103
1.6764,0.1711,40.1000,78,97,439106
1.6911,0.1808,40.0300,78,97,439109
1.6862,0.1808,40.3300,78,97,439113
1.7155,0.1857,39.9300,78,97,439116
1.6911,0.1808,40.0300,78,97,439119
1.7107,0.1760,40.0300,78,97,439123
1.7204,0.1906,40.0300,78,97,439127
1.7107,0.1760,40.0600,78,97,439130
1.7449,0.1857,39.8600,78,97,439134
1.7302,0.1857,40.1000,78,97,439137
1.7155,0.1760,40.1000,78,97,439140
1.7302,0.2102,40.0600,78,97,439143
1.7302,0.1760,40.1000,78,97,439147
1.7742,0.1906,39.9600,78,97,439150
1.7498,0.1711,40.0000,78,97,439153
1.7351,0.1711,40.0600,78,97,439157
1.7400,0.1906,40.1000,78,97,439160
1.7449,0.1808,40.1000,78,97,439163
1.8035,0.1955,39.9300,78,97,439168
1.7595,0.1808,40.0600,78,97,439171
1.7742,0.1760,40.0300,78,97,439174
1.7742,0.1760,40.0600,78,97,439177
1.7693,0.1808,40.1000,78,97,439181
1.8084,0.1808,40.0000,78,97,439184
1.7742,0.1808,40.0000,78,97,439187
1.8084,0.1760,40.0000,78,97,439191
1.7889,0.1760,40.1000,78,97,439194
1.7986,0.1760,40.1000,78,97,439197
1.8328,0.2248,39.9300,78,97,439201
1.8084,0.1515,40.1000,78,97,439204
1.8377,0.1808,39.9600,78,97,439207
1.8133,0.1662,40.0600,78,97,439212
1.8280,0.1760,40.1300,78,97,439215
1.8573,0.1955,40.0300,78,97,439218
1.8475,0.1760,40.1000,78,97,439221
1.8817,0.1760,39.9600,78,97,439225
1.8622,0.1760,40.0000,78,97,439228
1.8671,0.1711,40.1000,78,97,439231
1.8768,0.1808,39.9300,78,97,439235
1.9013,0.1662,40.1300,78,97,439238
1.9159,0.1808,39.8600,78,97,439241
1.8671,0.1760,40.0600,78,97,439245
1.8719,0.1711,40.1000,78,97,439248
1.8719,0.1808,40.0600,78,97,439251
1.8671,0.1760,40.1000,78,97,439256
1.9208,0.1906,39.9600,78,97,439259
1.8866,0.1906,40.1000,78,97,439262
1.9062,0.1711,40.0600,78,97,439265
1.8768,0.1760,39.9300,78,97,439269
1.8671,0.1808,40.1000,78,97,439272
1.9159,0.1808,39.9300,78,97,439275
1.8573,0.1808,40.0300,78,97,439279
1.8426,0.1711,40.0000,78,97,439282
1.8231,0.1760,40.0600,78,97,439285
1.8377,0.1760,40.1000,78,97,439289
1.8328,0.1808,39.9600,78,97,439292
1.7889,0.1711,40.0600,78,97,439296
1.7986,0.1760,39.9600,78,97,439299
1.7546,0.1760,40.1000,78,97,439303
1.7400,0.1711,40.1000,78,97,439306
1.7302,0.1760,40.1600,78,97,439309
1.7058,0.1808,40.1000,78,97,439313
1.7253,0.1711,39.9600,78,97,439316
1.6716,0.1760,40.1000,78,97,439319
1.6618,0.1711,40.1000,78,97,439323
1.6667,0.1808,39.9600,78,97,439326
1.6276,0.1515,40.1000,78,97,439329
1.6520,0.1760,39.8900,78,97,439333
1.6227,0.1711,39.9600,78,97,439336
1.6129,0.1711,40.1600,78,97,439340
1.6178,0.1808,40.0300,78,97,439344
1.6080,0.1711,40.1600,78,97,439347
1.6862,0.1760,39.8600,78,97,439350
1.6178,0.1760,40.0000,78,97,439353
1.6080,0.1760,40.1000,78,97,439357
1.6129,0.1760,40.0600,78,97,439360
1.6080,0.1711,40.2000,78,97,439363
1.6569,0.1906,39.8900,78,97,439367
1.6080,0.1760,40.0300,78,97,439370
1.6178,0.1711,40.0000,78,97,439373
1.6129,0.1760,40.0600,78,97,439377
1.6178,0.1711,40.1300,78,97,439380
1.6569,0.1857,40.0000,78,97,439384
1.6373,0.1760,40.0600,78,97,439388
1.6520,0.1760,40.0300,78,97,439391
1.6373,0.1760,40.1000,78,97,439394
1.6373,0.1711,40.1000,78,97,439397
1.6911,0.1711,39.9300,78,97,439401
1.6520,0.1906,40.0600,78,97,439404
1.6813,0.1808,40.0000,78,97,439407
1.6569,0.1662,40.0600,78,97,439411
1.6716,0.1711,40.0600,78,97,439414
1.6960,0.1515,40.0000,78,97,439417
1.6813,0.1711,40.2000,78,97,439421
1.7107,0.1760,39.9300,78,97,439425
1.7400,0.1808,39.8300,78,97,439429
1.6911,0.1711,40.2000,78,97,439432
1.6960,0.1613,40.1600,78,97,439435
1.7009,0.1760,40.0600,78,97,439439
1.6960,0.1711,40.0300,78,97,439442
1.7644,0.1906,39.8600,78,97,439445
1.7253,0.1808,40.0000,78,97,439448
1.7155,0.1662,40.0300,78,97,439452
1.7204,0.1711,40.0600,78,97,439455
1.7204,0.1711,40.0600,78,97,439458
1.7546,0.1906,39.8900,78,97,439462
1.7253,0.1760,40.0600,78,97,439465
1.7351,0.1711,39.9300,78,97,439469
1.7204,0.1760,40.1000,78,97,439473
1.7155,0.1711,40.1300,78,97,439476
1.7351,0.1857,39.9300,78,97,439479
1.7107,0.1711,40.0600,78,97,439483
1.7351,0.2004,40.0000,78,97,439486
1.7253,0.1760,40.1300,78,97,439489
1.7009,0.1711,39.6000,78,97,439492
1.7058,0.1760,40.0300,78,97,439496
1.7009,0.1711,40.0600,78,97,439499
1.7253,0.1515,39.9600,78,97,439502
1.7253,0.1760,40.1000,78,97,439506
1.7058,0.1711,40.1000,78,97,439510
1.7204,0.1808,40.0000,78,97,439513
1.7009,0.1760,40.1000,78,97,439517
1.7351,0.1760,39.9600,78,97,439520
1.7155,0.1711,40.0000,78,97,439523
1.7009,0.1711,40.1000,78,97,439526
1.7107,0.1857,40.1000,78,97,439530
1.7155,0.1760,40.1000,78,97,439533
1.7498,0.1515,39.8300,78,97,439536
1.7155,0.1760,40.0300,78,97,439540
1.6960,0.1662,40.1000,78,97,439543
1.7058,0.1711,40.0600,78,97,439546
1.7009,0.1711,40.1300,78,97,439550
1.7498,0.1955,39.9600,78,97,439554
1.7009,0.1906,40.1000,78,97,439557
1.7058,0.1711,40.0300,78,97,439560
1.6960,0.1711,40.0300,78,97,439564
1.6960,0.1564,40.1000,78,97,439567
1.7302,0.1808,39.9600,78,97,439570
1.7107,0.1760,40.0600,78,97,439574
1.7253,0.1711,40.2000,78,97,439577
1.7107,0.1711,40.1000,78,97,439580
1.7155,0.1760,40.1000,78,97,439584
1.7449,0.1808,39.9300,78,97,439587
1.7155,0.1662,40.1000,78,97,439590
1.7400,0.1808,40.0000,78,97,439595
1.7204,0.1662,40.1000,78,97,439598
1.7253,0.1711,40.0600,78,97,439601
1.7449,0.1760,39.6000,78,97,439604
1.7204,0.1711,40.2000,78,97,439608
1.7449,0.1613,39.9300,78,97,439611
1.7155,0.1711,40.0300,78,97,439614
1.7204,0.1711,40.1000,78,97,439618
1.7253,0.1760,40.0300,78,97,439621
1.7302,0.1711,40.3000,78,97,439624
1.7791,0.1760,39.8600,78,97,439628
1.7498,0.1711,40.0600,78,97,439631
1.7840,0.1711,40.1000,78,97,439634
1.7693,0.1760,40.1000,78,97,439639
1.7546,0.1760,40.1000,78,97,439642
1.8084,0.1857,39.8300,78,97,439645
1.7791,0.1760,40.1000,78,97,439648
1.7693,0.1760,40.1000,78,97,439652
1.7693,0.1711,40.1600,78,97,439655
1.7693,0.1760,40.1000,78,97,439658
1.8182,0.1808,39.9300,78,97,439662
1.7742,0.1760,40.0300,78,97,439665
1.7791,0.1711,40.1000,78,97,439668
1.7595,0.1711,40.1000,78,97,439672
1.7595,0.1662,40.0600,78,97,439675
1.7986,0.1808,40.0600,78,97,439678
1.7742,0.2053,40.0600,78,97,439683
1.8035,0.1760,39.9600,78,97,439686
1.7840,0.1760,40.1000,78,97,439689
1.7840,0.1711,40.1600,78,97,439692
1.7889,0.1711,40.0300,78,97,439696
1.7693,0.1711,40.1300,78,97,439699
1.7937,0.1760,39.9300,78,97,439702
1.7498,0.1711,40.0600,78,97,439706
1.7449,0.1711,40.0600,78,97,439709
1.7644,0.1808,40.0000,78,97,439712
1.7400,0.1711,40.1000,78,97,439716
1.7693,0.1760,39.9300,78,97,439719
1.7449,0.1760,40.1000,78,97,439723
1.7546,0.1711,40.1000,78,97,439727
1.7546,0.1808,40.0300,78,97,439730
1.7449,0.1711,40.0300,78,97,439733
1.7840,0.1808,39.8300,78,97,439736
1.7546,0.1760,39.9600,78,97,439740
1.7449,0.1760,40.1000,78,97,439743
1.7498,0.1711,40.1300,78,97,439746
1.7498,0.1808,40.1000,78,97,439750
1.8084,0.1906,39.9600,78,97,439753
1.7595,0.1955,40.0300,78,97,439756
1.7791,0.1662,40.0300,78,97,439760
1.7644,0.1711,40.0600,78,97,439763
1.7644,0.1711,40.1000,78,97,439767
1.7986,0.1906,40.0000,78,97,439771
1.8084,0.1711,40.1000,78,97,439774
1.8182,0.1711,40.0300,78,97,439777
1.8573,0.1711,40.1000,78,97,439781
1.9257,0.1711,40.1600,78,97,439784
2.0821,0.1857,39.9600,78,97,439787
2.1163,0.1711,40.0600,78,97,439790
2.2483,0.1760,40.0000,78,97,439794
2.3265,0.1662,40.0300,78,97,439797
2.4585,0.1711,40.0600,78,97,439800
2.6197,0.1515,40.0000,78,97,439804
2.6735,0.1711,40.2000,78,97,439808
2.6442,0.1662,39.9300,78,97,439811
2.4047,0.1662,40.0000,78,97,439815
2.1261,0.1711,40.0600,78,97,439818
1.8622,0.1760,40.0300,78,97,439821
1.6422,0.1711,40.1000,78,97,439825
1.5738,0.1760,39.8300,78,97,439828
1.5249,0.1711,40.0600,78,97,439831
1.5591,0.1711,40.0600,78,97,439834
1.6031,0.1760,40.0600,78,97,439838
1.6373,0.1711,40.2000,78,97,439841
1.7449,0.1857,39.8300,78,97,439844
1.6862,0.1760,40.1000,78,97,439848
1.6813,0.1662,40.1000,78,97,439852
1.6911,0.1711,40.0600,78,97,439855
1.6911,0.1662,40.1000,78,97,439859
1.7400,0.1808,39.9600,78,97,439862
1.7058,0.1760,40.0600,78,97,439865
1.7107,0.1955,40.0000,78,97,439869
1.7107,0.1662,40.0600,78,97,439872
1.7107,0.1711,40.1300,78,97,439875
1.7546,0.1711,39.9300,78,97,439878
1.7204,0.1662,40.0300,78,97,439882
1.7498,0.1760,39.9300,78,97,439885
1.7351,0.1711,40.1000,78,97,439888
1.7302,0.1613,40.1000,78,97,439892
1.7498,0.1711,40.0600,78,97,439896
1.7449,0.1711,40.0600,78,97,439899
1.7840,0.1711,39.9300,78,97,439903
1.7498,0.1662,40.1000,78,97,439906
1.7595,0.1711,40.0600,78,97,439909
1.7791,0.1760,40.3000,78,97,439913
1.7644,0.1711,40.1000,78,97,439916
1.8035,0.1760,39.8600,78,97,439919
1.8280,0.1808,40.0000,78,97,439922
1.7986,0.1662,40.0600,78,97,439926
1.8035,0.2102,40.1000,78,97,439929
1.7937,0.1711,40.1000,78,97,439932
1.8426,0.1808,39.8300,78,97,439937
1.8426,0.1760,40.0000,78,97,439940
1.8133,0.1662,40.1000,78,97,439943
1.8182,0.1857,40.0600,78,97,439947
1.8377,0.1711,40.1000,78,97,439950
1.8817,0.1906,39.9600,78,97,439953
1.8377,0.1760,40.0600,78,97,439957
1.8475,0.1515,40.0300,78,97,439960
1.8475,0.1711,40.0600,78,97,439963
1.8524,0.1711,40.1000,78,97,439966
1.8915,0.1808,40.0300,78,97,439970
1.8719,0.1760,40.0600,78,97,439973
1.8915,0.1711,39.9600,78,97,439976
1.8719,0.1711,40.1000,78,97,439981
1.8817,0.1711,39.5400,78,97,439984
1.9159,0.1857,39.9600,78,97,439987
1.9062,0.1711,40.1300,78,97,439991
1.9355,0.1857,40.0300,78,97,439994
1.9110,0.1662,40.0000,78,97,439997
1.9208,0.1955,40.1000,78,97,440001
1.9501,0.1760,40.0000,78,97,440004
1.9306,0.1711,40.1300,78,97,440007
1.9648,0.1760,39.8900,78,97,440011
1.9501,0.1515,40.0000,78,97,440014
1.9453,0.1711,40.0600,78,97,440017
1.9648,0.1711,40.0300,78,97,440020
1.9453,0.1711,39.5100,78,97,440025
1.9990,0.1760,39.8300,78,97,440028
1.9453,0.1711,40.0600,78,97,440031
1.9501,0.1760,40.1300,78,97,440035
1.9501,0.1711,39.2200,78,97,440038
1.9306,0.1613,40.1000,78,97,440042
1.9306,0.1711,40.1000,78,97,440045
1.9501,0.1760,39.7700,78,97,440048
1.9062,0.1711,40.1300,78,97,440052
1.9062,0.1711,40.4300,78,97,440055
1.8671,0.1613,40.1000,78,97,440058
1.8475,0.1711,39.2200,78,97,440062
1.8573,0.1711,40.0000,78,97,440066
1.8133,0.1711,39.8000,78,97,440069
1.8182,0.1711,39.9300,78,97,440073
1.7693,0.1662,40.1000,78,97,440076
1.7546,0.1711,40.1000,78,97,440079
1.7351,0.1515,40.0300,78,97,440082
1.7155,0.1711,40.1000,78,97,440086
1.7400,0.1711,39.8600,78,97,440089
1.6813,0.1857,40.0600,78,97,440092
1.6764,0.1760,40.1000,78,97,440096
1.6862,0.1760,40.1300,78,97,440099
1.6569,0.1613,40.1000,78,97,440102
1.7058,0.1808,39.8300,78,97,440107
1.6764,0.1711,39.9600,78,97,440110
1.6520,0.1711,40.1000,78,97,440113
1.6618,0.1711,40.0600,78,97,440117
1.6422,0.1711,40.1000,78,97,440120
1.6960,0.1857,40.0000,78,97,440123
1.6569,0.1711,40.0300,78,97,440126
1.6569,0.1515,40.0300,78,97,440130
1.6520,0.1906,40.0600,78,97,440133
1.6569,0.1613,40.1000,78,97,440136
1.6960,0.1760,39.9300,78,97,440140
1.6716,0.1711,40.0600,78,97,440143
1.6960,0.1711,39.9300,78,97,440146
1.6813,0.1711,40.2000,78,97,440151
1.6862,0.1662,40.1000,78,97,440154
1.7107,0.1760,40.0300,78,97,440157
1.7058,0.1760,40.0600,78,97,440161
1.7253,0.1711,40.0000,78,97,440164
1.7058,0.1662,40.1000,78,97,440167
1.7107,0.1662,40.1000,78,97,440170
1.7449,0.1760,39.8900,78,97,440174
1.7302,0.1760,40.1000,78,97,440177
1.7449,0.1711,39.9300,78,97,440180
1.7400,0.1760,40.0300,78,97,440184
1.7400,0.1711,40.1000,78,97,440187
1.7498,0.1808,39.9300,78,97,440190
1.7351,0.2004,40.1000,78,97,440195
1.7889,0.1711,39.8600,78,97,440198
1.7546,0.1760,40.0000,78,97,440201
1.7498,0.1662,40.0600,78,97,440205
1.7644,0.1711,40.1000,78,97,440208
1.7595,0.1711,40.0600,78,97,440211
1.8133,0.1808,39.8000,78,97,440214
1.7693,0.1711,40.0600,78,97,440218
1.7742,0.1760,40.0600,78,97,440221
1.7840,0.1711,40.0600,78,97,440224
1.7742,0.1760,40.1000,78,97,440228
1.8280,0.1857,39.9600,78,97,440231
1.7937,0.1760,40.0600,78,97,440235
1.7889,0.1613,39.9600,78,97,440239
1.7791,0.1711,40.1000,78,97,440242
1.7889,0.1711,40.1000,78,97,440245
1.8231,0.1808,39.9300,78,97,440249
1.7937,0.1711,40.0600,78,97,440252
1.8182,0.1711,39.9600,78,97,440255
1.7986,0.1711,40.1000,78,97,440258
1.7937,0.1711,40.1600,78,97,440262
1.8231,0.1760,40.0000,78,97,440265
1.7986,0.1711,40.1000,78,97,440268
1.8182,0.1662,39.9300,78,97,440272
1.7889,0.1662,40.0300,78,97,440275
1.7889,0.1760,40.1300,78,97,440279
1.7937,0.1711,40.0000,78,97,440283
1.7791,0.1711,40.1000,78,97,440286
1.7986,0.1711,39.8600,78,97,440289
1.7986,0.1711,40.0600,78,97,440293
1.7644,0.1711,40.1000,78,97,440296
1.7791,0.1760,40.1000,78,97,440299
1.7546,0.1711,40.1000,78,97,440303
1.8084,0.2053,39.7700,78,97,440306
1.7742,0.1760,40.0000,78,97,440309
1.7546,0.1662,40.1000,78,97,440312
1.7595,0.1760,40.1000,78,97,440316
1.7449,0.1711,40.1000,78,97,440320
1.8084,0.2248,39.8600,78,97,440323
1.7693,0.1760,40.0300,78,97,440327
1.7693,0.1662,40.0000,78,97,440330
1.7595,0.1613,40.1000,78,97,440333
1.7595,0.1711,40.1000,78,97,440337
1.7889,0.1760,39.9300,78,97,440340
1.7693,0.1711,40.0600,78,97,440343
1.7791,0.1711,40.0600,78,97,440347
1.7595,0.1613,40.1000,78,97,440350
1.7595,0.1711,40.0600,78,97,440353
1.7791,0.1808,39.7700,78,97,440356
1.7644,0.1711,40.1000,78,97,440360
1.7986,0.1760,40.0300,78,97,440364
1.7644,0.1711,40.1000,78,97,440367
1.7693,0.1711,40.1000,78,97,440371
1.7889,0.1711,39.9600,78,97,440374
1.7693,0.1662,40.0600,78,97,440377
1.7986,0.1711,39.8600,78,97,440381
1.7791,0.1711,39.8900,78,97,440384
1.7840,0.1613,40.1000,78,97,440387
1.7937,0.1760,40.1000,78,97,440391
1.7791,0.1564,40.1000,78,97,440394
1.8328,0.1711,39.8600,78,97,440397
1.7889,0.1711,40.0000,78,97,440401
1.7791,0.1711,40.1000,78,97,440404
1.7889,0.1711,40.0600,78,97,440408
1.7986,0.1711,40.1300,78,97,440411
1.8377,0.1906,39.8600,78,97,440415
1.8231,0.1760,40.0000,78,97,440418
1.7986,0.1515,40.0600,78,97,440421
1.7937,0.1711,40.0300,78,97,440425
1.7840,0.1711,40.1000,78,97,440428
1.8231,0.1808,39.9300,78,97,440431
1.7937,0.1808,40.0300,78,97,440435
1.8035,0.1711,40.0000,78,97,440438
1.7840,0.1711,40.0600,78,97,440441
1.7937,0.1711,40.1000,78,97,440444
1.8377,0.1808,39.9600,78,97,440449
1.8133,0.1808,40.1000,78,97,440452
1.8524,0.1711,39.9600,78,97,440455
1.8280,0.1711,40.1000,78,97,440459
1.8280,0.1662,40.1000,78,97,440462
1.8573,0.1760,40.0000,78,97,440465
1.8231,0.1711,39.9300,78,97,440469
1.8573,0.1711,39.9300,78,97,440472
1.8328,0.1808,40.0000,78,97,440475
1.8377,0.1711,40.1000,78,97,440479
1.8475,0.1711,39.5400,78,97,440482
1.8328,0.1662,40.1000,78,97,440485
1.8573,0.1711,39.8900,78,97,440488
1.8084,0.1760,40.0600,78,97,440493
1.8182,0.1711,40.1000,78,97,440496
1.8231,0.1760,39.8600,78,97,440499
1.8133,0.1613,40.1000,78,97,440503
1.8671,0.1808,39.8300,78,97,440506
1.8426,0.1808,39.9600,78,97,440509
1.8328,0.1760,40.1000,78,97,440513
1.8280,0.1662,40.0600,78,97,440516
1.8280,0.1711,40.1000,78,97,440519
1.8719,0.1906,39.9300,78,97,440523
1.8328,0.1711,40.0300,78,97,440526
1.7986,0.1662,40.0300,78,97,440529
1.7791,0.1711,40.0000,78,97,440532
1.7840,0.1711,40.1300,78,97,440537
1.7937,0.1808,39.9600,78,97,440540
1.7644,0.1760,40.1000,78,97,440543
1.7889,0.1760,39.9600,78,97,440547
1.7644,0.1808,40.0300,78,97,440550
1.7693,0.1711,40.1000,78,97,440553
1.7840,0.1760,40.0300,78,97,440557
1.7742,0.1662,40.1000,78,97,440560
1.7937,0.1711,40.0000,78,97,440563
1.7693,0.1711,40.0600,78,97,440567
1.7742,0.1711,40.1000,78,97,440570
1.7986,0.1808,40.3600,78,97,440573
1.7742,0.1760,40.1000,78,97,440577
1.7986,0.1760,39.8900,78,97,440581
1.7889,0.1711,40.0000,78,97,440584
1.8231,0.1711,40.1000,78,97,440587
1.8035,0.1808,40.0000,78,97,440591
1.7937,0.1711,40.0600,78,97,440594
1.8475,0.1760,39.8600,78,97,440597
1.8524,0.1760,40.0000,78,97,440601
1.8964,0.1760,40.1000,78,97,440604
1.9892,0.1760,40.1000,78,97,440607
2.0772,0.1711,40.0600,78,97,440611
2.2287,0.1857,39.8000,78,97,440614
2.2727,0.1711,40.0600,78,97,440617
2.3851,0.1662,40.0600,78,97,440621
2.5220,0.1711,40.1000,78,97,440625
2.6344,0.1711,40.1000,78,97,440628
2.7566,0.1808,39.8900,78,97,440631
2.6100,0.1808,40.0300,78,97,440635
2.3803,0.1711,40.0000,78,97,440638
2.0919,0.1760,40.1000,78,97,440641
1.8328,0.1711,40.1300,78,97,440645
1.7009,0.1808,39.8900,78,97,440648
1.6862,0.1760,40.0000,78,97,440653
1.6813,0.1711,40.1000,78,97,440656
1.7107,0.1711,40.0600,78,97,440659
1.6862,0.1613,40.0300,78,97,440663
1.6911,0.1711,40.1000,78,97,440667
1.7009,0.1808,40.0300,78,97,440670
1.6960,0.1711,40.1000,78,97,440673
1.7253,0.1760,39.8900,78,97,440677
1.7204,0.1711,40.1000,78,97,440680
1.6960,0.1711,40.1000,78,97,440683
1.7155,0.1808,40.0600,78,97,440687
1.7107,0.1760,40.1000,78,97,440690
1.7595,0.1808,39.8300,78,97,440693
1.7351,0.1711,40.0000,78,97,440697
1.7302,0.1662,40.1000,78,97,440700
1.7351,0.1808,40.1000,78,97,440704
1.7400,0.1711,40.0600,78,97,440707
1.7937,0.1906,39.9300,78,97,440711
1.7498,0.1857,40.0300,78,97,440714
1.7546,0.1711,40.0000,78,97,440717
1.7498,0.1662,40.0600,78,97,440721
1.7546,0.1711,40.1000,78,97,440724
1.7937,0.1808,39.9600,78,97,440727
1.7693,0.1760,40.0600,78,97,440731
1.7986,0.1711,39.9600,78,97,440734
1.7791,0.1857,40.1000,78,97,440737
1.7889,0.1711,40.1000,78,97,440741
1.8084,0.1711,40.0000,78,97,440744
1.8035,0.1760,40.0600,78,97,440748
1.8328,0.1808,39.9300,78,97,440751
1.8084,0.1662,40.0600,78,97,440755
1.8182,0.1711,40.0600,78,97,440758
1.8475,0.1808,39.9600,78,97,440761
1.8328,0.1711,40.1000,78,97,440765
1.8622,0.1760,39.8600,78,97,440768
1.8622,0.1711,40.0000,78,97,440771
1.8426,0.1711,40.1600,78,97,440775
1.8622,0.1808,40.0300,78,97,440778
1.8475,0.1515,40.1000,78,97,440781
1.9013,0.2053,39.8900,78,97,440785
1.8817,0.1760,40.0300,78,97,440788
1.8719,0.1711,40.0600,78,97,440792
1.8817,0.1955,40.0600,78,97,440795
1.8866,0.1760,40.1000,78,97,440799
1.9453,0.1857,39.8000,78,97,440802
1.9013,0.1711,40.0300,78,97,440805
1.9159,0.1662,40.0600,78,97,440809
1.9208,0.1857,40.1000,78,97,440812
1.9306,0.1711,40.1000,78,97,440815
1.9844,0.1857,40.2600,78,97,440819
1.9550,0.1760,40.1000,78,97,440822
1.9746,0.1711,40.0600,78,97,440825
1.9550,0.1760,40.0600,78,97,440829
1.9599,0.1760,40.1000,78,97,440833
1.9941,0.1808,39.9300,78,97,440836
1.9648,0.1760,40.0600,78,97,440839
1.9844,0.1711,39.9600,78,97,440843
1.9648,0.1711,40.0600,78,97,440846
1.9697,0.1662,40.0600,78,97,440849
1.9990,0.1808,39.9600,78,97,440853
1.9648,0.1711,40.0000,78,97,440856
2.0186,0.1760,40.0000,78,97,440859
1.9501,0.1662,40.0600,78,97,440863
1.9404,0.1711,40.0600,78,97,440866
1.9453,0.1857,40.0300,78,97,440869
1.9208,0.1808,40.1300,78,97,440872
1.9453,0.1760,39.8600,78,97,440877
1.9062,0.1711,40.1000,78,97,440880
1.8915,0.1711,40.2000,78,97,440883
1.8915,0.1808,40.0300,78,97,440887
1.8524,0.1711,39.1900,78,97,440890
1.8768,0.1760,39.8600,78,97,440893
1.8328,0.1760,39.9600,78,97,440897
1.7986,0.1711,40.3300,78,97,440900
1.7840,0.1760,40.0600,78,97,440903
1.7595,0.1711,39.9300,78,97,440907
1.7937,0.2004,39.8300,78,97,440910
1.7400,0.1760,40.0300,78,97,440913
1.7155,0.1662,40.0600,78,97,440916
1.7107,0.1760,40.1000,78,97,440921
1.7009,0.1711,40.2000,78,97,440924
1.7351,0.2102,39.9300,78,97,440927
1.6862,0.1760,40.0600,78,97,440931
1.6960,0.1711,40.0300,78,97,440934
1.6862,0.1760,40.1000,78,97,440937
1.6716,0.1711,40.0600,78,97,440941
1.6911,0.1711,40.0300,78,97,440944
1.6764,0.1760,40.0600,78,97,440947
1.6911,0.1760,39.8600,78,97,440950
1.6716,0.1711,40.1000,78,97,440954
1.6764,0.1711,40.0600,78,97,440957
1.7253,0.1808,39.9600,78,97,440961
1.6764,0.1760,40.0600,78,97,440965
1.7009,0.1711,40.0000,78,97,440968
1.6862,0.1711,40.0300,78,97,440971
1.6911,0.1711,40.1000,78,97,440975
1.7155,0.1808,40.1000,78,97,440978
1.7009,0.1906,40.1000,78,97,440981
1.7595,0.1857,39.8900,78,97,440985
1.7155,0.1808,40.0000,78,97,440988
1.7107,0.1711,40.0300,78,97,440991
1.7400,0.1711,40.0300,78,97,440994
1.7204,0.1711,40.1000,78,97,440998
1.7742,0.1808,39.8000,78,97,441001
1.7400,0.1711,40.0600,78,97,441005
1.7498,0.1711,40.1000,78,97,441009
1.7546,0.1906,40.0600,78,97,441012
1.7498,0.1711,40.1000,78,97,441015
1.8084,0.1906,39.8600,78,97,441019
1.7742,0.1857,40.0000,78,97,441022
1.7742,0.1711,40.0600,78,97,441025
1.8035,0.1760,40.0600,78,97,441029
1.7791,0.1760,40.1000,78,97,441032
1.8231,0.1808,40.0000,78,97,441035
1.7840,0.1711,40.0600,78,97,441038
1.7986,0.1808,39.9600,78,97,441042
1.7840,0.1711,40.1300,78,97,441046
1.7889,0.1760,40.1000,78,97,441049
1.8182,0.1808,39.9600,78,97,441053
1.7986,0.1760,40.0600,78,97,441056
1.8231,0.1760,39.9600,78,97,441059
1.7986,0.1711,40.1600,78,97,441063
1.7986,0.1760,40.1000,78,97,441066
1.8133,0.1760,40.0300,78,97,441069
1.8133,0.1711,40.1600,78,97,441072
1.8719,0.1760,39.9300,78,97,441076
1.8084,0.1711,40.0600,78,97,441079
1.8084,0.1760,40.1000,78,97,441082
1.8231,0.1711,40.0000,78,97,441086
1.7986,0.1808,40.1000,78,97,441090
1.8231,0.1760,39.8900,78,97,441093
1.8084,0.1808,40.0600,78,97,441097
1.7937,0.1711,40.1000,78,97,441100
1.7986,0.1711,40.1300,78,97,441103
1.7889,0.1857,40.1000,78,97,441107
1.8475,0.1808,39.8300,78,97,441110
1.7986,0.1760,40.0300,78,97,441113
1.7840,0.1760,40.1000,78,97,441116
1.7791,0.1711,40.0600,78,97,441120
1.7791,0.1711,39.9300,78,97,441123
1.8231,0.1906,39.9300,78,97,441126
1.7791,0.1760,40.0300,78,97,441131
1.7840,0.1711,40.0000,78,97,441134
1.7742,0.1760,40.1000,78,97,441137
1.7742,0.1662,40.1300,78,97,441141
1.8084,0.1857,40.0000,78,97,441144
1.7889,0.1808,40.2600,78,97,441147
1.8035,0.2053,40.0000,78,97,441151
1.7889,0.1711,40.1000,78,97,441154
1.7889,0.1711,40.1000,78,97,441157
1.8182,0.1515,39.9600,78,97,441160
1.7986,0.1760,40.1000,78,97,441164
1.8035,0.1808,40.0000,78,97,441167
1.7840,0.1662,40.0600,78,97,441170
1.7791,0.1760,40.1000,78,97,441175
1.8035,0.1808,40.0000,78,97,441178
1.7840,0.1711,40.1000,78,97,441181
1.8133,0.1857,39.9300,78,97,441185
1.7937,0.1711,39.1200,78,97,441188
1.7986,0.1760,40.1000,78,97,441191
1.8035,0.1808,40.0600,78,97,441195
1.7889,0.1711,40.0600,78,97,441198
1.8280,0.1711,39.8600,78,97,441201
1.7840,0.1808,39.9300,78,97,441204
1.7937,0.1662,40.1000,78,97,441208
1.8035,0.1760,40.0600,78,97,441211
1.7937,0.1760,40.1600,78,97,441214
1.8475,0.1711,39.8300,78,97,441219
1.8084,0.1760,40.1000,78,97,441222
1.7937,0.1662,40.0600,78,97,441225
1.7986,0.1760,40.0600,78,97,441229
1.7937,0.1808,40.1000,78,97,441232
1.8475,0.1906,39.9300,78,97,441235
1.8133,0.1760,40.0300,78,97,441238
1.8133,0.1711,39.9300,78,97,441242
1.8133,0.1760,40.1000,78,97,441245
1.8035,0.1711,40.1000,78,97,441248
1.8328,0.1760,39.9300,78,97,441252
1.8035,0.1760,40.1000,78,97,441255
1.8182,0.1760,39.9300,78,97,441259
1.7840,0.1857,40.1000,78,97,441263
1.8133,0.1760,40.1000,78,97,441267
1.8231,0.1515,40.1000,78,97,441271
1.8475,0.2004,39.9600,78,97,441274
1.8231,0.1711,40.1000,78,97,441277
1.8671,0.1808,39.8600,78,97,441281
1.8475,0.1711,40.0000,78,97,441284
1.8328,0.1711,40.1000,78,97,441287
1.8426,0.1711,40.0300,78,97,441291
1.8328,0.1515,40.1000,78,97,441294
1.8915,0.1808,39.8000,78,97,441297
1.8475,0.1711,40.0300,78,97,441300
1.8328,0.1711,40.2000,78,97,441305
1.8377,0.1760,40.0600,78,97,441308
1.8231,0.1515,40.1000,78,97,441311
1.8719,0.2199,39.9300,78,97,441315
1.8280,0.1760,40.0600,78,97,441318
1.8377,0.1711,40.0300,78,97,441321
1.8573,0.1760,40.1000,78,97,441325
1.8328,0.1711,40.1000,78,97,441328
1.8524,0.1711,40.0000,78,97,441331
1.8377,0.1760,40.1300,78,97,441335
1.8524,0.1760,39.9300,78,97,441338
1.8182,0.1760,40.2000,78,97,441341
1.8133,0.1711,40.1000,78,97,441345
1.8377,0.1857,39.9600,78,97,441349
1.7937,0.2004,40.1000,78,97,441352
1.8182,0.1808,39.9300,78,97,441355
1.7791,0.1515,40.0300,78,97,441359
1.7840,0.2004,40.1000,78,97,441362
1.7986,0.1808,40.0000,78,97,441365
1.7791,0.1711,40.1300,78,97,441369
1.8182,0.1760,39.8900,78,97,441372
1.7889,0.1760,40.0300,78,97,441375
1.7840,0.1711,40.1300,78,97,441378
1.7986,0.1711,40.0300,78,97,441382
1.7937,0.1711,40.1000,78,97,441385
1.8377,0.1760,39.8300,78,97,441389
1.7986,0.1711,40.0600,78,97,441393
1.8035,0.1808,40.1000,78,97,441396
1.8280,0.1711,40.1000,78,97,441399
1.8035,0.1711,40.0600,78,97,441403
1.8622,0.1906,39.8600,78,97,441406
1.8280,0.1515,40.0600,78,97,441409
1.8328,0.1711,40.0300,78,97,441413
1.8573,0.1760,39.8600,78,97,441416
1.9062,0.1808,40.0600,78,97,441419
2.0381,0.1857,39.9300,78,97,441422
2.0968,0.1760,40.0600,78,97,441426
2.1994,0.1711,39.6700,78,97,441430
2.2923,0.1711,40.0600,78,97,441433
2.4047,0.1711,40.1000,78,97,441437
2.5806,0.2346,39.9300,78,97,441440
2.6637,0.1808,40.0600,78,97,441443
2.7664,0.1760,39.9600,78,97,441447
2.6393,0.1760,40.3300,78,97,441450
2.4194,0.1760,40.1000,78,97,441453
2.1554,0.1760,40.0000,78,97,441457
1.8866,0.1808,40.1300,78,97,441460
1.7351,0.1711,39.9300,78,97,441463
1.6178,0.1808,40.1000,78,97,441466
1.6129,0.1711,40.1300,78,97,441470
1.6569,0.1857,40.0000,78,97,441474
1.6716,0.1711,40.1000,78,97,441477
1.7351,0.1760,39.8600,78,97,441481
1.7253,0.1808,39.9600,78,97,441484
1.7351,0.1711,40.1300,78,97,441487
1.7498,0.1808,40.1300,78,97,441491
1.7400,0.1711,40.1000,78,97,441494
1.8182,0.1808,39.8300,78,97,441497
1.7498,0.1857,40.1000,78,97,441501
1.7449,0.1711,40.0600,78,97,441504
1.7498,0.1760,40.0600,78,97,441507
1.7644,0.1760,40.1000,78,97,441511
1.8035,0.1906,39.9600,78,97,441515
1.7595,0.1760,40.0000,78,97,441518
1.7644,0.1760,40.0000,78,97,441521
1.7644,0.1711,40.1000,78,97,441525
1.7644,0.1760,40.1000,78,97,441528
1.8035,0.1857,40.0000,78,97,441531
1.7840,0.1760,40.0300,78,97,441535
1.7986,0.1760,39.9300,78,97,441538
1.7791,0.1760,40.2300,78,97,441541
1.7840,0.1760,40.1000,78,97,441545
1.8182,0.1808,39.9600,78,97,441548
1.7937,0.2053,40.0600,78,97,441551
1.8280,0.1760,40.0300,78,97,441554
1.8035,0.1711,40.0600,78,97,441559
1.8133,0.1808,40.0600,78,97,441562
1.8377,0.1515,40.0000,78,97,441565
1.8231,0.1760,40.0000,78,97,441569
1.8573,0.1857,39.9300,78,97,441572
1.8328,0.1711,40.0000,78,97,441575
1.8328,0.1711,40.0600,78,97,441579
1.8475,0.1808,40.0300,78,97,441582
1.8377,0.1711,40.2300,78,97,441585
1.9062,0.1760,39.8300,78,97,441589
1.8426,0.1711,40.0300,78,97,441592
1.8671,0.1711,40.1000,78,97,441595
1.8671,0.1760,40.1300,78,97,441598
1.8719,0.1711,40.1000,78,97,441603
1.9306,0.1906,39.8600,78,97,441606
1.9013,0.1711,40.1000,78,97,441609
1.9062,0.1613,40.0300,78,97,441613
1.9110,0.1760,40.0600,78,97,441616
1.9159,0.1760,40.1000,78,97,441619
1.9746,0.1808,39.9600,78,97,441623
1.9404,0.1808,40.1000,78,97,441626
1.9550,0.1760,40.0000,78,97,441629
1.9550,0.1760,40.1600,78,97,441633
1.9648,0.1760,40.1000,78,97,441636
2.0137,0.1711,39.9300,78,97,441639
1.9892,0.1760,40.0000,78,97,441643
2.0283,0.1662,39.9300,78,97,441647
1.9990,0.1760,40.1000,78,97,441650
2.0088,0.1760,40.0600,78,97,441653
2.0235,0.1760,40.0000,78,97,441657
2.0235,0.1711,40.1000,78,97,441660
2.0479,0.1515,40.0000,78,97,441663
2.0088,0.1808,40.1000,78,97,441667
2.0186,0.1808,40.1000,78,97,441670
2.0479,0.1808,40.0000,78,97,441673
2.0137,0.1662,40.1600,78,97,441676
2.0381,0.1760,39.9300,78,97,441680
2.0186,0.1711,40.0000,78,97,441683
2.0088,0.1711,40.1000,78,97,441687
2.0235,0.1760,40.1000,78,97,441691
2.0137,0.1760,40.1000,78,97,441694
2.0381,0.1808,39.8600,78,97,441697
1.9990,0.1808,40.0000,78,97,441701
1.9746,0.1857,40.1000,78,97,441704
1.9746,0.1760,40.0600,78,97,441707
1.9501,0.1711,40.1300,78,97,441710
1.9892,0.2053,39.8000,78,97,441714
1.9257,0.1711,40.0300,78,97,441717
1.9110,0.1711,40.1000,78,97,441720
1.8964,0.1711,40.0600,78,97,441724
1.8719,0.1955,40.0600,78,97,441728
1.9062,0.1808,39.9300,78,97,441731
1.8524,0.1808,40.0300,78,97,441735
1.8182,0.1711,40.0600,78,97,441738
1.7986,0.1711,40.0600,78,97,441741
1.7742,0.1711,40.1000,78,97,441744
1.7986,0.1857,39.9300,78,97,441748
1.7546,0.1760,40.0600,78,97,441751
1.7595,0.1760,40.0600,78,97,441754
1.7302,0.1808,40.1000,78,97,441758
1.7204,0.1760,40.0600,78,97,441761
1.7400,0.1808,39.9600,78,97,441764
1.7107,0.1760,40.0600,78,97,441768
1.7302,0.1760,39.9600,78,97,441772
1.7107,0.1760,40.1300,78,97,441775
1.7107,0.1808,40.1000,78,97,441778
1.7253,0.1760,40.0300,78,97,441782
1.7204,0.1760,40.1600,78,97,441785
1.7498,0.1760,39.9300,78,97,441788
1.7351,0.1760,40.1300,78,97,441792
1.7449,0.1808,40.0600,78,97,441795
1.7693,0.1808,40.0000,78,97,441798
1.7498,0.1760,40.0000,78,97,441802
1.7937,0.1857,39.8900,78,97,441805
1.7742,0.1760,40.0000,78,97,441808
1.7644,0.1711,40.3300,78,97,441812
1.7742,0.1515,40.0300,78,97,441816
1.7644,0.1711,40.0000,78,97,441819
1.8133,0.1906,39.8000,78,97,441822
1.7889,0.1760,40.0300,78,97,441826
1.7840,0.1711,40.0600,78,97,441829
1.7791,0.1711,40.1000,78,97,441832
1.7840,0.1760,40.1000,78,97,441836
1.8377,0.2248,39.8900,78,97,441839
1.7986,0.1760,40.0600,78,97,441842
1.8035,0.1711,40.0300,78,97,441846
1.7986,0.1808,40.1000,78,97,441849
1.8035,0.1711,40.1000,78,97,441852
1.8475,0.1857,40.0600,78,97,441856
1.8280,0.1808,40.1000,78,97,441860
1.8768,0.1760,39.9600,78,97,441863
1.8231,0.1857,40.1000,78,97,441866
1.8280,0.1760,40.1000,78,97,441870
1.8573,0.1857,40.0000,78,97,441873
1.8475,0.1808,40.0600,78,97,441878
1.8280,0.1760,40.1000,78,97,441881
1.8622,0.1711,39.9300,78,97,441884
1.8377,0.1808,40.0000,78,97,441888
1.8280,0.1808,40.1000,78,97,441891
1.8426,0.1808,40.0600,78,97,441894
1.8280,0.1760,40.0600,78,97,441899
1.8768,0.1808,39.8000,78,97,441902
1.8182,0.1711,40.0600,78,97,441905
1.8328,0.1711,40.1300,78,97,441908
1.8671,0.1760,40.0600,78,97,441912
1.8280,0.1760,40.1000,78,97,441915
1.8866,0.1857,39.8600,78,97,441918
1.8475,0.1711,40.0000,78,97,441922
1.8328,0.1711,40.0300,78,97,441925
1.8280,0.1760,40.1000,78,97,441928
1.8231,0.1711,40.0600,78,97,441932
1.8573,0.1906,39.9300,78,97,441935
1.8231,0.1760,40.0600,78,97,441938
1.8328,0.1760,40.0300,78,97,441942
1.8133,0.1760,40.1300,78,97,441946
1.8182,0.1711,40.1000,78,97,441949
1.8426,0.2004,39.8900,78,97,441952
1.8133,0.1808,40.1000,78,97,441956
1.8377,0.1808,39.9600,78,97,441959
1.8084,0.1760,40.0600,78,97,441962
1.8280,0.1760,40.1000,78,97,441966
1.8231,0.1808,40.0300,78,97,441969
1.8231,0.1760,40.0600,78,97,441972
1.8475,0.1760,40.1000,78,97,441975
1.8133,0.1760,40.1000,78,97,441979
1.8182,0.1711,40.1300,78,97,441982
1.8426,0.1808,39.9600,78,97,441986
1.8133,0.1711,40.0600,78,97,441990
1.8573,0.1711,39.8900,78,97,441993
1.8328,0.1808,39.1200,78,97,441996
1.8231,0.1906,40.1000,78,97,442000
1.8328,0.1515,40.0600,78,97,442003
1.8231,0.1711,40.1000,78,97,442006
1.8866,0.1711,39.8300,78,97,442010
1.8328,0.1808,40.0300,78,97,442013
1.8231,0.1808,40.1000,78,97,442016
1.8231,0.1711,40.1000,78,97,442019
1.8182,0.1760,40.3600,78,97,442023
1.8719,0.2102,39.8300,78,97,442027
1.8231,0.1760,40.0300,78,97,442030
1.8231,0.1711,40.0000,78,97,442034
1.8231,0.1760,40.0600,78,97,442037
1.8182,0.1711,40.0600,78,97,442040
1.8573,0.1857,39.9600,78,97,442044
1.8182,0.1760,40.0300,78,97,442047
1.8231,0.1760,39.9600,78,97,442050
1.8035,0.1760,40.2000,78,97,442054
1.8133,0.1711,40.1600,78,97,442057
1.8573,0.1857,39.9300,78,97,442060
1.8328,0.1857,40.1600,78,97,442063
1.8768,0.1808,40.0300,78,97,442067
1.8573,0.1711,40.1300,78,97,442071
1.8622,0.1760,40.1000,78,97,442074
1.8866,0.1808,40.0600,78,97,442078
1.8671,0.1760,40.0600,78,97,442081
1.8866,0.1760,39.9300,78,97,442084
1.8671,0.1760,40.1300,78,97,442088
1.8719,0.1808,40.1000,78,97,442091
1.8817,0.1808,40.0300,78,97,442094
1.8817,0.1760,40.1000,78,97,442098
1.9159,0.1955,39.8900,78,97,442101
1.8671,0.1711,40.1000,78,97,442104
1.8671,0.2102,40.0600,78,97,442107
1.8768,0.1857,40.1000,78,97,442112
1.8524,0.1760,40.1300,78,97,442115
1.9355,0.1857,39.8000,78,97,442118
1.8817,0.1808,40.0000,78,97,442122
1.8719,0.1711,40.1600,78,97,442125
1.8768,0.1760,40.1000,78,97,442128
1.8671,0.1760,40.1300,78,97,442132
1.9257,0.1906,39.8900,78,97,442135
1.8622,0.1857,40.0300,78,97,442138
1.8573,0.1711,40.0000,78,97,442142
1.8377,0.1760,40.1000,78,97,442145
1.8280,0.1808,40.1000,78,97,442148
1.8573,0.1808,39.9300,78,97,442151
1.8280,0.1857,40.0600,78,97,442156
1.8426,0.1955,39.9600,78,97,442159
1.8133,0.1515,40.0600,78,97,442162
1.8182,0.1711,40.1000,78,97,442166
1.8231,0.1760,40.0300,78,97,442169
1.8182,0.1760,40.1000,78,97,442172
1.8475,0.1711,40.0000,78,97,442176
1.8182,0.1760,40.1000,78,97,442179
1.8231,0.1955,40.1000,78,97,442182
1.8524,0.1808,40.0000,78,97,442186
1.8280,0.1760,40.1000,78,97,442189
1.8573,0.1711,39.8900,78,97,442192
1.8426,0.1760,40.0000,78,97,442195
1.8377,0.1808,39.8300,78,97,442200
1.8573,0.1808,40.0300,78,97,442203
1.8426,0.1760,40.1000,78,97,442206
1.8866,0.1857,39.8600,78,97,442210
1.8768,0.1515,40.0300,78,97,442213
1.8817,0.1711,40.2000,78,97,442216
1.9306,0.1808,40.1300,78,97,442220
2.0039,0.1760,40.1000,78,97,442223
2.1554,0.1857,39.7700,78,97,442226
2.2092,0.1760,40.0300,78,97,442229
2.3069,0.1711,39.4800,78,97,442233
2.4340,0.1808,40.0600,78,97,442236
2.5709,0.1760,40.1000,78,97,442240
2.7664,0.1906,40.0000,78,97,442244
2.7810,0.1955,40.0300,78,97,442247
2.6931,0.1760,40.0300,78,97,442250
2.4585,0.1760,40.0000,78,97,442254
2.1848,0.1760,40.1000,78,97,442257
1.9599,0.1857,39.9300,78,97,442260
1.7204,0.1760,40.1000,78,97,442264
1.6520,0.1808,39.9600,78,97,442267
1.5885,0.1760,40.1000,78,97,442270
1.6325,0.1760,40.1300,78,97,442273
1.7009,0.1906,39.9600,78,97,442277
1.7107,0.1711,40.1000,78,97,442280
1.7644,0.2151,39.9600,78,97,442284
1.7449,0.1711,40.0600,78,97,442288
1.7546,0.1711,40.1600,78,97,442291
1.7742,0.1760,40.0600,78,97,442294
1.7644,0.1760,40.0300,78,97,442298
1.7937,0.1808,39.9300,78,97,442301
1.7693,0.1760,40.0600,78,97,442304
1.7742,0.1711,40.1000,78,97,442307
1.7840,0.1808,40.0300,78,97,442311
1.7791,0.1955,40.1300,78,97,442314
1.8231,0.1808,39.8300,78,97,442317
1.7986,0.1808,39.8600,78,97,442321
1.7840,0.1760,40.1000,78,97,442324
1.7937,0.1808,40.1000,78,97,442328
1.7889,0.1760,40.3000,78,97,442332
1.8475,0.2102,39.8300,78,97,442335
1.8084,0.1808,40.0600,78,97,442338
1.8035,0.1711,40.1000,78,97,442342
1.8377,0.1760,40.0600,78,97,442345
1.8035,0.1760,40.1000,78,97,442348
1.8622,0.1955,39.9300,78,97,442351
1.8231,0.1711,40.0600,78,97,442355
1.8377,0.1760,40.0000,78,97,442358
1.8231,0.1760,40.0600,78,97,442361
1.8280,0.1760,40.1000,78,97,442365
1.8622,0.1857,40.0000,78,97,442369
1.8426,0.2004,40.0600,78,97,442372
1.8915,0.1760,39.9600,78,97,442376
1.8475,0.1760,40.0600,78,97,442379
1.8768,0.1760,40.1000,78,97,442382
1.8915,0.1857,39.9600,78,97,442385
1.8622,0.1857,40.0600,78,97,442389
1.8964,0.1760,39.9600,78,97,442392
1.8671,0.1711,40.1600,78,97,442395
1.8719,0.1711,40.1000,78,97,442399
1.8964,0.1808,39.9600,78,97,442402
1.8866,0.1808,40.1000,78,97,442405
1.9306,0.1808,39.8900,78,97,442409
1.9110,0.1760,40.2300,78,97,442413
1.9110,0.1857,40.1300,78,97,442416
1.9306,0.1808,40.0300,78,97,442420
1.9257,0.1760,40.2000,78,97,442423
1.9795,0.1906,39.8300,78,97,442426
1.9404,0.1760,40.0600,78,97,442429
1.9501,0.2053,40.1000,78,97,442433
1.9844,0.1760,40.0600,78,97,442436
1.9599,0.1760,40.0600,78,97,442439
2.0186,0.1857,39.8600,78,97,442443
1.9844,0.1808,40.0300,78,97,442446
1.9795,0.1711,40.0300,78,97,442449
1.9892,0.1760,40.1600,78,97,442454
1.9892,0.1760,40.1000,78,97,442457
2.0381,0.1711,39.9300,78,97,442460
2.0088,0.1808,40.0600,78,97,442464
2.0186,0.1760,40.0000,78,97,442467
1.9990,0.1760,40.0600,78,97,442470
1.9941,0.1711,40.1000,78,97,442473
2.0283,0.1808,40.0300,78,97,442477
1.9990,0.1760,40.0600,78,97,442480
2.0186,0.1760,39.9600,78,97,442483
1.9892,0.1760,40.1300,78,97,442487
1.9501,0.1760,40.1300,78,97,442491
1.9404,0.1711,40.1000,78,97,442496
1.9404,0.1857,40.0000,78,97,442499
1.9159,0.1760,40.0600,78,97,442502
1.9404,0.2346,39.9300,78,97,442505
1.9062,0.1808,39.9600,78,97,442509
1.8719,0.1760,40.1000,78,97,442512
1.8622,0.1760,40.0600,78,97,442515
1.8426,0.1760,40.0600,78,97,442519
1.8719,0.1857,39.7300,78,97,442522
1.8182,0.1808,40.0300,78,97,442525
1.7889,0.1711,40.0600,78,97,442529
1.7693,0.1711,40.1000,78,97,442532
1.7546,0.1760,40.1000,78,97,442535
1.7937,0.2004,39.9300,78,97,442540
1.7400,0.1760,40.0600,78,97,442543
1.7400,0.1711,40.0300,78,97,442546
1.7253,0.1760,40.1000,78,97,442549
1.7155,0.1760,40.0000,78,97,442553
1.7400,0.1760,40.0300,78,97,442556
1.7253,0.1808,40.0300,78,97,442559
1.7351,0.1808,40.1000,78,97,442563
1.7498,0.1760,40.1000,78,97,442566
1.7253,0.1760,40.1000,78,97,442569
1.7546,0.1857,39.9300,78,97,442573
1.7302,0.1760,40.0600,78,97,442576
1.7546,0.1808,40.0000,78,97,442579
1.7253,0.1711,40.0000,78,97,442583
1.7302,0.1760,40.0600,78,97,442587
1.7498,0.1808,40.1000,78,97,442590
1.7351,0.1760,40.1000,78,97,442593
1.7595,0.1857,39.9300,78,97,442597
1.7498,0.1760,39.9300,78,97,442600
1.7498,0.1711,40.1000,78,97,442603
1.7644,0.1808,40.2600,78,97,442607
1.7595,0.1760,40.1000,78,97,442610
1.8035,0.1808,39.8900,78,97,442613
1.7693,0.1906,40.0600,78,97,442617
1.7791,0.1711,40.1000,78,97,442620
1.7937,0.1808,40.0300,78,97,442624
1.7986,0.1760,40.0600,78,97,442627
1.8377,0.1906,39.8000,78,97,442631
1.8035,0.1515,40.0000,78,97,442634
1.7937,0.1711,40.0600,78,97,442637
1.7986,0.1808,40.0600,78,97,442641
1.7986,0.1760,40.1300,78,97,442644
1.8524,0.1955,39.9600,78,97,442647
1.8133,0.1808,40.1000,78,97,442651
1.8133,0.1711,40.0600,78,97,442654
1.8035,0.1711,40.1000,78,97,442657
1.8133,0.1760,40.1000,78,97,442661
1.8426,0.1857,39.9300,78,97,442664
1.8182,0.1760,40.1000,78,97,442668
1.8377,0.1760,40.1000,78,97,442671
1.8182,0.1760,40.0600,78,97,442675
1.8182,0.1760,40.1300,78,97,442678
1.8475,0.1711,40.0300,78,97,442681
1.8231,0.1760,40.1300,78,97,442685
1.8524,0.1808,39.9600,78,97,442688
1.8182,0.1760,40.1600,78,97,442691
1.8231,0.1808,40.0600,78,97,442695
1.8426,0.1857,40.0000,78,97,442698
1.8328,0.1760,40.1000,78,97,442701
1.8475,0.1808,39.8900,78,97,442705
1.8280,0.1760,40.0300,78,97,442708
1.8182,0.1711,40.1000,78,97,442712
1.8280,0.1808,39.9600,78,97,442715
1.8084,0.1760,40.0600,78,97,442719
1.8475,0.1711,39.8600,78,97,442722
1.8182,0.1760,40.0000,78,97,442725
1.8084,0.1711,40.1000,78,97,442729
1.8133,0.1808,40.1600,78,97,442732
1.8133,0.1906,40.1000,78,97,442735
1.8671,0.1955,39.9600,78,97,442739
1.8182,0.1760,40.0600,78,97,442742
1.8182,0.1711,40.0300,78,97,442745
1.8084,0.1760,40.0600,78,97,442749
1.8084,0.1711,40.1000,78,97,442753
1.8377,0.1906,40.1300,78,97,442756
1.8133,0.1808,40.0600,78,97,442759
1.8182,0.1711,39.9600,78,97,442763
1.8084,0.1808,40.0600,78,97,442766
1.8280,0.1760,40.1000,78,97,442769
1.8475,0.1857,39.9300,78,97,442773
1.8133,0.1808,40.1000,78,97,442776
1.8377,0.1711,39.9600,78,97,442779
1.8133,0.1760,40.0600,78,97,442783
1.8182,0.1808,40.1000,78,97,442786
1.8426,0.1857,40.0000,78,97,442789
1.8182,0.1760,40.1000,78,97,442793
1.8768,0.1760,39.9300,78,97,442797
1.8182,0.1760,40.0300,78,97,442800
1.8182,0.2102,40.1600,78,97,442803
1.8280,0.1808,40.0300,78,97,442807
1.8133,0.1760,40.1000,78,97,442810
1.8475,0.1808,39.8600,78,97,442813
1.8035,0.1711,40.1000,78,97,442817
1.8182,0.1760,40.1000,78,97,442820
1.8280,0.1808,40.1000,78,97,442823
1.8035,0.1760,40.1300,78,97,442827
1.8573,0.1857,39.8900,78,97,442830
1.8280,0.1808,40.0300,78,97,442833
1.8133,0.1515,40.1000,78,97,442836
1.8231,0.1857,40.0600,78,97,442841
1.8084,0.1760,40.1000,78,97,442844
1.8622,0.1906,40.0300,78,97,442847
1.8182,0.1711,40.0300,78,97,442851
1.8182,0.1711,40.1300,78,97,442854
1.8133,0.1760,40.1000,78,97,442857
1.8035,0.1711,40.1000,78,97,442861
1.8426,0.1857,39.9300,78,97,442864
1.8133,0.1808,40.0600,78,97,442867
1.8231,0.1760,39.9600,78,97,442871
1.8035,0.1711,40.1000,78,97,442874
1.8133,0.1760,40.0000,78,97,442877
1.8426,0.1857,40.1000,78,97,442881
1.8426,0.1808,40.1000,78,97,442885
1.8719,0.1857,39.9600,78,97,442888
1.8622,0.1808,40.1000,78,97,442891
1.8475,0.1760,40.1000,78,97,442895
1.8719,0.1857,40.0300,78,97,442898
1.8475,0.1760,40.1000,78,97,442901
1.8768,0.1760,39.8300,78,97,442905
1.8573,0.1760,40.0000,78,97,442908
1.8573,0.1711,40.1000,78,97,442911
1.8671,0.1760,40.0300,78,97,442915
1.8426,0.1760,40.1000,78,97,442918
1.8768,0.1857,39.8600,78,97,442921
1.8768,0.1711,40.0000,78,97,442925
1.8328,0.1760,40.1000,78,97,442929
1.8377,0.1808,40.0300,78,97,442932
1.8377,0.1760,40.1300,78,97,442935
1.8915,0.1857,39.8600,78,97,442939
1.8475,0.1711,40.0600,78,97,442942
1.8524,0.1515,40.1000,78,97,442945
1.8524,0.1760,40.0600,78,97,442949
1.8377,0.1760,40.1000,78,97,442952
1.8866,0.1906,40.0000,78,97,442955
1.8377,0.1808,40.0300,78,97,442958
1.8328,0.1760,40.0300,78,97,442962
1.8133,0.1808,40.0000,78,97,442966
1.8133,0.1857,40.1000,78,97,442969
1.8475,0.1857,39.9600,78,97,442973
1.8231,0.1857,40.0600,78,97,442976
1.8426,0.1808,39.9600,78,97,442979
1.8182,0.1760,40.2000,78,97,442983
1.8231,0.1857,40.1300,78,97,442986
1.8524,0.1906,39.8000,78,97,442989
1.8231,0.1808,40.1000,78,97,442993
1.8475,0.1808,40.0000,78,97,442996
1.8133,0.1760,39.2500,78,97,442999
1.8475,0.1760,40.1000,78,97,443002
1.8377,0.1808,40.0300,78,97,443006
1.8280,0.1808,40.1300,78,97,443010
1.8671,0.1808,39.9300,78,97,443013
1.8280,0.1760,40.0300,78,97,443017
1.8524,0.1760,40.1000,78,97,443020
1.8524,0.1857,40.2000,78,97,443023
1.8622,0.1711,40.1000,78,97,443027
1.9257,0.1857,39.8600,78,97,443030
1.9599,0.1857,40.0000,78,97,443033
2.0283,0.1760,40.1000,78,97,443037
2.1310,0.1857,40.0600,78,97,443040
2.2141,0.1857,40.1300,78,97,443043
2.3803,0.1906,39.8300,78,97,443046
2.4487,0.1857,40.1000,78,97,443051
2.5660,0.1711,40.0600,78,97,443054
2.6833,0.1808,40.0600,78,97,443057
2.7273,0.1760,40.1000,78,97,443061
2.6882,0.1955,39.8900,78,97,443064
2.4047,0.1808,40.0600,78,97,443067
2.1359,0.1760,40.0300,78,97,443071
1.8719,0.1857,40.0600,78,97,443074
1.7107,0.1760,40.1600,78,97,443077
1.6716,0.2248,40.1000,78,97,443080
1.6520,0.1808,40.0600,78,97,443084
1.6960,0.1808,40.1000,78,97,443087
1.7204,0.1760,40.1000,78,97,443090
1.7302,0.1711,40.1000,78,97,443095
1.7693,0.1906,39.9600,78,97,443098
1.7644,0.1808,40.0300,78,97,443103
1.7498,0.1760,40.1300,78,97,443106
1.7889,0.1808,39.8900,78,97,443109
1.7693,0.1906,40.0300,78,97,443113
1.7644,0.1857,40.1000,78,97,443116
1.7742,0.1808,40.0600,78,97,443119
1.7693,0.1760,40.1000,78,97,443122
1.8182,0.1857,39.8900,78,97,443126
1.7742,0.1760,40.4000,78,97,443129
1.7791,0.1711,40.0600,78,97,443132
1.7840,0.1808,40.0600,78,97,443137
1.7791,0.1760,40.1600,78,97,443140
1.8426,0.1906,39.8900,78,97,443143
1.8035,0.1808,40.0300,78,97,443147
1.8035,0.1760,40.0000,78,97,443150
1.8035,0.1515,40.1000,78,97,443153
1.8084,0.1760,40.0000,78,97,443157
1.8524,0.1906,39.9300,78,97,443160
1.8280,0.1808,40.1000,78,97,443163
1.8475,0.1808,40.1000,78,97,443166
1.8328,0.1808,40.1000,78,97,443170
1.8719,0.1808,40.1000,78,97,443173
1.8817,0.1808,39.8900,78,97,443176
1.8573,0.1760,40.0600,78,97,443181
1.8817,0.1760,39.9300,78,97,443184
1.8671,0.1808,40.1000,78,97,443187
1.8768,0.1760,40.1600,78,97,443191
1.8866,0.1711,40.0000,78,97,443194
1.8866,0.1760,40.0300,78,97,443197
1.9159,0.1760,39.9300,78,97,443200
1.8964,0.1515,40.2300,78,97,443204
1.9110,0.1760,40.0600,78,97,443207
1.9355,0.1808,40.0300,78,97,443210
1.9208,0.1760,40.1000,78,97,443214
1.9599,0.1808,39.8600,78,97,443217
1.9453,0.1808,40.0000,78,97,443220
1.9404,0.1760,40.1600,78,97,443225
1.9550,0.1808,40.0300,78,97,443228
1.9453,0.1760,40.1300,78,97,443231
2.0039,0.1955,39.8300,78,97,443235
1.9746,0.1808,40.0300,78,97,443238
1.9697,0.1760,40.0600,78,97,443241
1.9795,0.1808,40.1000,78,97,443244
1.9844,0.1760,40.1000,78,97,443248
2.0479,0.1955,39.0900,78,97,443251
1.9990,0.1906,40.1000,78,97,443254
2.0088,0.1711,40.0600,78,97,443258
2.0039,0.1515,40.0600,78,97,443261
2.0039,0.1760,40.3000,78,97,443265
2.0528,0.1906,39.9300,78,97,443268
2.0186,0.1760,40.0300,78,97,443272
2.0332,0.1760,40.0000,78,97,443275
2.0088,0.1808,40.0300,78,97,443278
2.0137,0.1808,40.0000,78,97,443282
2.0479,0.1857,39.8900,78,97,443285
2.0088,0.1808,40.1000,78,97,443288
2.0186,0.1808,39.9300,78,97,443292
1.9892,0.1808,40.0000,78,97,443295
1.9844,0.1760,40.1000,78,97,443298
2.0039,0.1906,39.9600,78,97,443301
1.9599,0.1857,40.0600,78,97,443305
1.9746,0.1906,39.9300,78,97,443309
1.9306,0.1711,40.1000,78,97,443312
1.9062,0.1760,40.1300,78,97,443316
1.9062,0.1808,40.0300,78,97,443319
1.8768,0.1808,40.0600,78,97,443322
1.8817,0.1760,39.9600,78,97,443325
1.8328,0.1711,40.1000,78,97,443329
1.8231,0.1515,40.1300,78,97,443332
1.8426,0.1906,40.0300,78,97,443335
1.7889,0.1808,40.1000,78,97,443339
1.8133,0.1857,39.8600,78,97,443342
1.7742,0.1857,40.0300,78,97,443345
1.7449,0.1760,40.0300,78,97,443350
1.7742,0.1711,40.0300,78,97,443353
1.7204,0.1760,40.1600,78,97,443356
1.7644,0.1906,39.8000,78,97,443360
1.7204,0.1808,40.0300,78,97,443363
1.7058,0.1760,40.0600,78,97,443366
1.7058,0.1808,40.1600,78,97,443369
1.7009,0.1857,40.0600,78,97,443373
1.7498,0.1906,39.9300,78,97,443376
1.7058,0.1857,40.1000,78,97,443379
1.7204,0.1760,39.9600,78,97,443383
1.7058,0.1808,40.0300,78,97,443386
1.7058,0.1711,40.1000,78,97,443389
1.7351,0.1857,40.2300,78,97,443394
1.7204,0.1857,40.0600,78,97,443397
1.7400,0.1808,39.9600,78,97,443400
1.7204,0.1808,39.5700,78,97,443404
1.7302,0.1760,40.1600,78,97,443407
1.7644,0.1906,39.9300,78,97,443410
1.7400,0.1857,40.0600,78,97,443413
1.7937,0.1906,40.0300,78,97,443417
1.7595,0.1711,40.0600,78,97,443420
1.7644,0.1760,40.1300,78,97,443423
1.7889,0.1711,40.0000,78,97,443427
1.7742,0.1808,40.1000,78,97,443430
1.8035,0.1906,39.9300,78,97,443433
1.7840,0.1711,40.0000,78,97,443438
1.7791,0.1760,40.1600,78,97,443441
1.8035,0.1857,40.0600,78,97,443444
1.7840,0.1808,40.0600,78,97,443447
1.8231,0.1857,39.9600,78,97,443451
1.7937,0.1808,40.1000,78,97,443454
1.8035,0.1760,40.0600,78,97,443457
1.8133,0.1857,40.0600,78,97,443461
1.8182,0.1857,40.1000,78,97,443464
1.8475,0.1857,39.8000,78,97,443467
1.8133,0.1808,40.0300,78,97,443471
1.8035,0.1808,40.1000,78,97,443474
1.8084,0.1808,40.1000,78,97,443478
1.8035,0.1760,40.1600,78,97,443481
1.8622,0.2053,39.8900,78,97,443485
1.8182,0.1808,40.0600,78,97,443488
1.8182,0.1760,40.1600,78,97,443491
1.8133,0.1760,40.1000,78,97,443495
1.8182,0.1760,40.1000,78,97,443498
1.8524,0.1906,39.9600,78,97,443501
1.8426,0.1760,40.0600,78,97,443505
1.8377,0.1808,39.9600,78,97,443508
1.8133,0.1808,40.0600,78,97,443511
1.8084,0.1760,40.1000,78,97,443515
1.8328,0.1857,40.0300,78,97,443518
1.8182,0.1808,39.9600,78,97,443522
1.8377,0.1760,39.9300,78,97,443525
1.8133,0.1808,40.0300,78,97,443529
1.8475,0.1760,40.1000,78,97,443532
1.8426,0.1906,39.5700,78,97,443535
1.8084,0.1711,40.1000,78,97,443539
1.8328,0.1760,39.9600,78,97,443542
1.8084,0.2004,40.0300,78,97,443545
1.8084,0.1760,40.1000,78,97,443549
1.8084,0.1857,40.0600,78,97,443552
1.7986,0.1760,40.1300,78,97,443555
1.8377,0.1857,39.8600,78,97,443558
1.7937,0.1808,40.0600,78,97,443563
1.7937,0.1808,39.9600,78,97,443566
1.8035,0.1760,40.0600,78,97,443569
1.7937,0.1808,40.1000,78,97,443573
1.8377,0.1857,39.8900,78,97,443576
1.7986,0.1808,40.0600,78,97,443579
1.7986,0.1760,40.1000,78,97,443583
1.7986,0.1808,40.0600,78,97,443586
1.7840,0.1808,40.1000,78,97,443589
1.8426,0.1906,39.9600,78,97,443592
1.7986,0.1857,40.0300,78,97,443596
1.7937,0.1711,40.0300,78,97,443599
1.7889,0.1808,40.1000,78,97,443602
1.8231,0.1760,40.1000,78,97,443607
1.8231,0.1906,39.9300,78,97,443610
1.7937,0.1857,40.0600,78,97,443613
1.8133,0.1808,39.9600,78,97,443617
1.7889,0.1808,39.3500,78,97,443620
1.7937,0.1711,40.1000,78,97,443623
1.8182,0.1857,40.0300,78,97,443627
1.7986,0.1808,40.1600,78,97,443630
1.8280,0.1857,39.9600,78,97,443633
1.8035,0.1808,40.1000,78,97,443636
1.8035,0.1760,40.0600,78,97,443640
1.8182,0.1906,40.1000,78,97,443643
1.8133,0.1808,40.0600,78,97,443646
1.8377,0.1808,40.0000,78,97,443651
1.8133,0.1808,40.1600,78,97,443654
1.8182,0.1760,40.1600,78,97,443657
1.8377,0.1857,40.0300,78,97,443661
1.8035,0.1808,40.1000,78,97,443664
1.8377,0.1857,39.8600,78,97,443667
1.8084,0.1857,40.1000,78,97,443670
1.8231,0.1808,40.1000,78,97,443674
1.8182,0.1906,40.0600,78,97,443677
1.8231,0.1808,40.1000,78,97,443680
1.8866,0.1955,39.8900,78,97,443684
1.8475,0.1857,40.1000,78,97,443687
1.8524,0.1711,40.1000,78,97,443691
1.8524,0.1808,40.0600,78,97,443695
1.8524,0.1808,40.0600,78,97,443698
1.9110,0.1955,39.8900,78,97,443701
1.8671,0.1808,40.0600,78,97,443704
1.8719,0.2053,40.0300,78,97,443708
1.8719,0.1515,40.1000,77,97,443711
1.8328,0.1808,39.4100,77,97,443716
1.8377,0.1906,40.1000,77,97,443719
1.8671,0.1906,39.9600,77,97,443722
1.8426,0.1955,40.1000,77,97,443726
1.8768,0.1808,39.9300,77,97,443729
1.8622,0.1760,40.0000,77,97,443732
1.8866,0.1857,40.1000,77,97,443737
1.8817,0.1857,39.9600,77,97,443740
1.8671,0.1760,40.1000,77,97,443743
1.9013,0.1515,39.8600,77,97,443747
1.8573,0.2151,40.1300,77,97,443750
1.8524,0.1808,40.1000,77,97,443753
1.8524,0.1808,40.1300,77,97,443757
1.8328,0.1808,40.1000,77,97,443760
1.8768,0.1857,39.8300,77,97,443763
1.8328,0.1808,40.0000,77,97,443766
1.8328,0.1662,40.0600,77,97,443770
1.8426,0.1857,40.0600,77,97,443773
1.8328,0.1808,40.1000,77,97,443777
1.9110,0.1955,39.8900,77,97,443781
1.8524,0.1857,40.0300,77,97,443784
1.8426,0.1760,40.1300,77,97,443787
1.8377,0.1515,40.1300,77,97,443791
1.8426,0.1808,40.1300,77,97,443794
1.9110,0.1808,39.8900,77,97,443797
1.8524,0.1808,39.8900,77,97,443800
1.8719,0.1808,39.9600,77,97,443804
1.8524,0.1808,40.0600,77,97,443807
1.8573,0.1760,40.0600,77,97,443810
1.8915,0.1906,40.0000,77,97,443814
1.8915,0.1808,40.1300,77,97,443817
1.9599,0.2151,40.0000,77,97,443821
1.9990,0.1808,40.1000,77,97,443825
2.0919,0.1808,40.2000,77,97,443828
2.1945,0.2004,40.0300,77,97,443831
2.2776,0.1760,40.1000,77,97,443834
2.4194,0.1808,39.9300,77,97,443838
2.5122,0.1760,40.1000,77,97,443841
2.6540,0.1808,40.1000,77,97,443844
2.7664,0.1857,40.0000,77,97,443848
2.7126,0.1808,40.1000,77,97,443851
2.5855,0.1857,39.8900,77,97,443854
2.2923,0.1857,39.9600,77,97,443858
2.0088,0.1857,40.1600,77,97,443862
1.8035,0.1857,40.0600,77,97,443865
1.6813,0.1808,40.3300,77,97,443869
1.6862,0.2102,39.8600,77,97,443872
1.6569,0.1808,40.0600,77,97,443875
1.6911,0.1808,40.4700,77,97,443878
1.7204,0.1711,40.1000,77,97,443882
1.7351,0.1808,40.1000,77,97,443885
1.7937,0.2004,39.8600,77,97,443888
1.7595,0.1808,40.0600,77,97,443892
1.7595,0.1760,40.0600,77,97,443895
1.7595,0.1760,40.1000,77,97,443898
1.7595,0.1760,39.3200,77,97,443902
1.7986,0.1955,39.9600,77,97,443906
1.7742,0.1808,40.0600,77,97,443909
1.7840,0.1808,39.9600,77,97,443912
1.7840,0.1808,40.1000,77,97,443916
1.7791,0.1808,40.1600,77,97,443919
1.8084,0.1906,39.9300,77,97,443922
1.7791,0.1808,40.1000,77,97,443926
1.8084,0.1857,39.9300,77,97,443929
1.7889,0.1906,40.1600,77,97,443932
1.7840,0.1808,40.1000,77,97,443936
1.8084,0.1760,40.0000,77,97,443939
1.8377,0.1760,40.0600,77,97,443942
1.8377,0.1808,39.9300,77,97,443947
1.8182,0.1808,40.1300,77,97,443950
1.8280,0.1808,40.1000,77,97,443953
1.8377,0.1857,40.0300,77,97,443956
1.8280,0.1955,40.0600,77,97,443960
1.8622,0.1808,39.9300,77,97,443963
1.8328,0.1808,40.1300,77,97,443966
1.8426,0.1857,40.1000,77,97,443970
1.8573,0.1857,40.0300,77,97,443973
1.8475,0.2053,40.1000,77,97,443976
1.8964,0.1906,39.8300,77,97,443980
1.8719,0.1857,40.0600,77,97,443983
1.8671,0.1857,40.1000,77,97,443986
1.8719,0.1808,40.1600,77,97,443991
1.8719,0.1857,40.0600,77,97,443994
1.9355,0.2004,39.9600,77,97,443997
1.8866,0.1857,40.0600,77,97,444000
1.8915,0.1760,40.0300,77,97,444004
1.8915,0.1808,40.1000,77,97,444007
1.8915,0.1808,40.1000,77,97,444010
1.9404,0.1906,40.0000,77,97,444014
1.9110,0.1808,40.1000,77,97,444017
1.9355,0.1711,40.0000,77,97,444020
1.9208,0.1808,40.1600,77,97,444024
1.9257,0.1711,40.1000,77,97,444027
1.9599,0.1857,40.2000,77,97,444030
1.9501,0.1808,40.1000,77,97,444034
1.9844,0.1857,39.9600,77,97,444038
1.9697,0.1857,40.1000,77,97,444041
1.9648,0.1808,40.1000,77,97,444044
1.9990,0.1906,40.0000,77,97,444048
1.9746,0.1760,40.1000,77,97,444051
1.9990,0.1808,39.9300,77,97,444054
1.9844,0.1760,40.1300,77,97,444058
1.9844,0.1760,40.1000,77,97,444061
1.9941,0.1857,40.1300,77,97,444064
1.9844,0.1906,40.1600,77,97,444067
2.0283,0.1808,39.8900,77,97,444071
1.9892,0.1515,40.0600,77,97,444075
1.9941,0.2102,40.1000,77,97,444078
1.9990,0.1857,40.0600,77,97,444082
1.9892,0.1808,40.1000,77,97,444085
2.0283,0.1906,39.8300,77,97,444088
1.9795,0.1808,40.0600,77,97,444092
1.9697,0.1808,40.1000,77,97,444095
1.9746,0.1857,40.0600,77,97,444098
1.9550,0.1760,40.1000,77,97,444102
2.0088,0.2004,39.8600,77,97,444105
1.9550,0.1857,39.1200,77,97,444108
1.9257,0.1662,40.0000,77,97,444111
1.9110,0.1808,40.1000,77,97,444115
1.8964,0.1808,40.1000,77,97,444119
1.9208,0.2199,39.9300,77,97,444122
1.8622,0.1808,40.0600,77,97,444126
1.8573,0.1808,39.9300,77,97,444129
1.8182,0.1906,40.1300,77,97,444132
1.7986,0.1808,40.1300,77,97,444135
1.8035,0.2053,39.9600,77,97,444139
1.7644,0.1857,40.0600,77,97,444142
1.7693,0.1808,39.9600,77,97,444145
1.7302,0.1808,40.0300,77,97,444149
1.7253,0.1711,40.1000,77,97,444152
1.7302,0.1857,39.8900,77,97,444155
1.7155,0.1808,40.1300,77,97,444160
1.7351,0.1808,39.9600,77,97,444163
1.6960,0.1808,40.2300,77,97,444166
1.7058,0.1808,40.1000,77,97,444170
1.7204,0.1857,39.9300,77,97,444173
1.6960,0.1808,40.1000,77,97,444176
1.7253,0.1857,39.8900,77,97,444179
1.7058,0.1906,39.9600,77,97,444183
1.7058,0.1760,40.1000,77,97,444186
1.7107,0.1857,40.0600,77,97,444189
1.7107,0.1808,40.0600,77,97,444193
1.7693,0.1906,39.8300,77,97,444196
1.7204,0.1808,40.0000,77,97,444199
1.7253,0.1857,40.1000,77,97,444204
1.7253,0.1808,40.0600,77,97,444207
1.7351,0.1808,40.1000,77,97,444210
1.7889,0.2004,39.8300,77,97,444213
1.7498,0.1808,40.0300,77,97,444217
1.7498,0.1760,40.0600,77,97,444220
1.7546,0.1906,40.0600,77,97,444223
1.7546,0.1808,40.1000,77,97,444227
1.8035,0.1955,39.9600,77,97,444230
1.7791,0.1906,40.0300,77,97,444233
1.7840,0.1760,40.0300,77,97,444237
1.7742,0.1906,40.0600,77,97,444240
1.7889,0.1808,40.1000,77,97,444243
1.8231,0.1906,39.9300,77,97,444247
1.7986,0.1857,40.1600,77,97,444251
1.8328,0.1808,39.9300,77,97,444254
1.8035,0.1808,40.2000,77,97,444257
1.8084,0.1808,40.0000,77,97,444261
1.8182,0.1857,40.0300,77,97,444264
1.8133,0.1808,40.1000,77,97,444267
1.8475,0.1808,40.0300,77,97,444271
1.8182,0.1857,40.1000,77,97,444274
1.8280,0.1808,40.1000,77,97,444277
1.8377,0.2102,40.0300,77,97,444281
1.8280,0.1857,40.1000,77,97,444284
1.8622,0.1808,39.9600,77,97,444288
1.8524,0.1711,40.1000,77,97,444291
1.8377,0.1808,40.0600,77,97,444295
1.8573,0.1906,40.0300,77,97,444298
1.8328,0.1808,40.1000,77,97,444301
1.8817,0.1857,39.8600,77,97,444305
1.8622,0.1857,39.9600,77,97,444308
1.8426,0.1808,40.1300,77,97,444311
1.8524,0.1857,40.0600,77,97,444315
1.8475,0.1808,40.1000,77,97,444318
1.9013,0.2004,39.8600,77,97,444321
1.8573,0.1906,40.0000,77,97,444326
1.8328,0.1808,40.0600,77,97,444329
1.8475,0.1906,39.9300,77,97,444333
1.8475,0.1808,40.1000,77,97,444337
1.8231,0.1808,40.0300,77,97,444340
1.8426,0.1857,40.0300,77,97,444343
1.8328,0.1808,40.1000,77,97,444347
1.8524,0.1906,40.0000,77,97,444350
1.8524,0.1760,40.1000,77,97,444353
1.8182,0.1808,40.1000,77,97,444357
1.8475,0.1906,39.9600,77,97,444360
1.8084,0.1808,40.1000,77,97,444363
1.8426,0.1808,39.9600,77,97,444366
1.8182,0.1808,40.0000,77,97,444370
1.8231,0.1808,40.1000,77,97,444374
1.8328,0.1857,40.1000,77,97,444377
1.8280,0.1857,40.1000,77,97,444381
1.8622,0.1906,39.8300,77,97,444384
1.8280,0.1760,40.0600,77,97,444387
1.8426,0.1857,40.1000,77,97,444391
1.8377,0.1515,40.0600,77,97,444394
1.8328,0.1808,40.1000,77,97,444397
1.8768,0.1955,39.8000,77,97,444401
1.8377,0.1808,40.0600,77,97,444404
1.8377,0.1760,40.1000,77,97,444407
1.8377,0.1955,40.0300,77,97,444410
1.8328,0.1808,40.1000,77,97,444414
1.8866,0.2004,39.8600,77,97,444418
1.8475,0.2248,40.1000,77,97,444421
1.8377,0.1711,40.0300,77,97,444425
1.8573,0.1857,40.1000,77,97,444428
1.8231,0.1808,40.1000,77,97,444431
1.8573,0.1906,39.8600,77,97,444435
1.8182,0.1808,40.0600,77,97,444438
1.8328,0.1808,40.0000,77,97,444441
1.8084,0.1808,40.0600,77,97,444444
1.8133,0.1808,40.0600,77,97,444448
1.8524,0.1906,40.0000,77,97,444451
1.8426,0.1808,40.1000,77,97,444454
1.8817,0.1857,39.8600,77,97,444459
1.8524,0.1857,40.1000,77,97,444462
1.8622,0.1808,40.1300,77,97,444465
1.8719,0.1808,40.0300,77,97,444469
1.8719,0.1808,40.0600,77,97,444472
1.8964,0.1857,39.9600,77,97,444475
1.8768,0.1808,40.1300,77,97,444479
1.8768,0.1808,40.3000,77,97,444482
1.8964,0.2151,40.0000,77,97,444485
1.8768,0.1808,40.1000,77,97,444488
1.9062,0.1857,40.0000,77,97,444492
1.8719,0.1955,40.0300,77,97,444495
1.8524,0.1711,40.1300,77,97,444498
1.8622,0.1857,40.0600,77,97,444503
1.8866,0.1808,40.1000,77,97,444506
1.9013,0.1906,39.8300,77,97,444509
1.8622,0.2102,40.0600,77,97,444513
1.8719,0.1711,40.1000,77,97,444516
1.8622,0.1808,40.0600,77,97,444519
1.8573,0.2053,40.1600,77,97,444522
1.9404,0.1955,39.8900,77,97,444526
1.8426,0.1857,40.0600,77,97,444529
1.8426,0.1808,40.0300,77,97,444532
1.8280,0.1515,40.0600,77,97,444536
1.8231,0.1906,40.1000,77,97,444539
1.8573,0.1906,39.9600,77,97,444542
1.8280,0.1857,40.0600,77,97,444547
1.8377,0.1760,40.0000,77,97,444550
1.8182,0.1808,39.9600,77,97,444553
1.8231,0.1808,40.1000,77,97,444557
1.8573,0.1955,39.9600,77,97,444560
1.8231,0.1808,40.1000,77,97,444563
1.8524,0.1906,39.9600,77,97,444566
1.8231,0.1760,40.0300,77,97,444570
1.8280,0.1808,40.1000,77,97,444573
1.8426,0.1857,40.1300,77,97,444576
1.8377,0.1906,40.1000,77,97,444580
1.8719,0.1808,39.8900,77,97,444583
1.8426,0.2004,40.1000,77,97,444587
1.8475,0.1857,40.1000,77,97,444591
1.8622,0.1857,40.0300,77,97,444594
1.8573,0.2199,40.1000,77,97,444597
1.9159,0.1711,39.8600,77,97,444600
1.8964,0.1808,40.0600,77,97,444604
1.9746,0.1857,40.1000,77,97,444607
2.0626,0.1857,40.0600,77,97,444610
2.1554,0.1857,40.1000,77,97,444614
2.3167,0.1906,39.8300,77,97,444617
2.3851,0.1857,40.0000,77,97,444620
2.5024,0.1760,40.1000,77,97,444624
2.6393,0.1808,40.1600,77,97,444627
2.7370,0.1808,40.1000,77,97,444631
2.7908,0.2053,39.9300,77,97,444635
2.5611,0.1857,40.1300,77,97,444638
2.3069,0.1760,40.0000,77,97,444641
2.0235,0.1857,40.0600,77,97,444644
1.7791,0.1515,40.1000,77,97,444648
1.6520,0.2102,39.9600,77,97,444651
1.5836,0.1808,40.0600,77,97,444654
1.6129,0.1808,39.9600,77,97,444658
1.6373,0.1808,40.1000,77,97,444661
1.6813,0.1808,40.1000,77,97,444664
1.7302,0.1857,40.0300,77,97,444668
1.7742,0.1760,40.1000,77,97,444672
1.7742,0.1906,40.0000,77,97,444675
1.7546,0.1808,40.1000,77,97,444679
1.7693,0.1808,40.0000,77,97,444682
1.7937,0.1906,40.0000,77,97,444685
1.7693,0.1808,40.0600,77,97,444688
1.7986,0.1808,39.9300,77,97,444692
1.7840,0.1808,40.0300,77,97,444695
1.7840,0.1808,40.2300,77,97,444698
1.7986,0.1857,40.0300,77,97,444702
1.7889,0.1808,40.1000,77,97,444705
1.8280,0.1857,40.0000,77,97,444708
1.7937,0.1906,40.1000,77,97,444711
1.8084,0.1808,40.1000,77,97,444716
1.8084,0.1857,40.2000,77,97,444719
1.7986,0.1808,40.0600,77,97,444722
1.8524,0.1955,39.8300,77,97,444726
1.8133,0.1808,40.2300,77,97,444729
1.8182,0.1760,40.1000,77,97,444732
1.8231,0.1857,40.1000,77,97,444736
1.8280,0.1760,40.1300,77,97,444739
1.9013,0.1906,39.8900,77,97,444742
1.8475,0.1857,40.1000,77,97,444746
1.8475,0.1711,40.0000,77,97,444749
1.8426,0.1515,40.1000,77,97,444752
1.8524,0.1857,40.0600,77,97,444755
1.9013,0.1906,39.9300,77,97,444760
1.8719,0.1906,40.0600,77,97,444763
1.8915,0.1857,39.9600,77,97,444766
1.8768,0.1515,40.0600,77,97,444770
1.8817,0.1808,40.1000,77,97,444773
1.9013,0.1808,40.0300,77,97,444776
1.8915,0.1808,40.0600,77,97,444780
1.9208,0.1906,40.0000,77,97,444783
1.8915,0.1808,40.1000,77,97,444786
1.9062,0.1808,40.1000,77,97,444789
1.9159,0.1515,40.0600,77,97,444793
1.9062,0.1808,40.3300,77,97,444796
1.9404,0.1760,39.9300,77,97,444800
1.9159,0.1808,40.1300,77,97,444804
1.9257,0.1808,40.1000,77,97,444807
1.9550,0.1711,40.0000,77,97,444810
1.9306,0.1808,40.0600,77,97,444814
1.9746,0.2102,39.8600,77,97,444817
1.9599,0.1857,40.0000,77,97,444820
1.9550,0.1808,39.8900,77,97,444823
2.0088,0.1808,40.0600,77,97,444827
1.9746,0.1857,40.0600,77,97,444830
2.0332,0.1906,39.8300,77,97,444833
1.9941,0.2151,40.1000,77,97,444837
2.0088,0.1711,40.1000,77,97,444840
2.0088,0.1857,40.2300,77,97,444844
2.0137,0.1808,40.0600,77,97,444848
2.0674,0.2102,39.8600,77,97,444851
2.0186,0.1515,40.0600,77,97,444854
2.0137,0.1760,40.0600,77,97,444857
2.0039,0.1857,40.1000,77,97,444861
1.9990,0.1808,40.1000,77,97,444864
2.0430,0.1955,39.8900,77,97,444867
2.0039,0.1955,40.0300,77,97,444871
2.0039,0.1760,40.0000,77,97,444874
1.9844,0.1808,40.1000,77,97,444877
1.9746,0.1808,40.0600,77,97,444881
2.0039,0.1906,39.9300,77,97,444884
1.9599,0.1808,40.0600,77,97,444888
1.9697,0.1808,39.9600,77,97,444891
1.9404,0.2053,40.1600,77,97,444895
1.9404,0.1808,40.1000,77,97,444898
1.9355,0.1906,40.0000,77,97,444901
1.9013,0.1808,40.1600,77,97,444905
1.9110,0.1906,40.0000,77,97,444908
1.8622,0.1808,40.1000,77,97,444911
1.8475,0.1808,40.1000,77,97,444915
1.8377,0.1808,40.0300,77,97,444918
1.8182,0.1808,40.1000,77,97,444921
1.8231,0.1808,39.9300,77,97,444924
1.7840,0.1808,40.1000,77,97,444929
1.7742,0.1808,40.3300,77,97,444932
1.7840,0.2004,40.0300,77,97,444935
1.7693,0.1760,40.1000,77,97,444940
1.7351,0.1808,40.1000,77,97,444943
1.7889,0.2004,39.9300,77,97,444947
1.7400,0.1857,40.0300,77,97,444950
1.7400,0.1760,40.1000,77,97,444953
1.7351,0.1808,40.0600,77,97,444957
1.7351,0.1760,40.1000,77,97,444960
1.7693,0.1906,39.9600,77,97,444963
1.7449,0.1808,40.1000,77,97,444966
1.7889,0.1857,39.9600,77,97,444971
1.7400,0.1808,40.3300,77,97,444974
1.7742,0.1857,40.1000,77,97,444977
1.7693,0.1906,40.0300,77,97,444981
1.7595,0.1808,40.0600,77,97,444984
1.7840,0.1906,40.0300,77,97,444987
1.7693,0.1808,40.1000,77,97,444991
1.7742,0.1808,40.2000,77,97,444994
1.8035,0.1906,39.9300,77,97,444997
1.8133,0.1711,40.1000,77,97,445000
1.8133,0.1808,39.9600,77,97,445004
1.7937,0.1857,40.0300,77,97,445007
1.7986,0.1808,40.1000,77,97,445010
1.8084,0.1857,40.0300,77,97,445015
1.8035,0.1906,40.1000,77,97,445018
1.8475,0.1808,39.8600,77,97,445021
1.8084,0.1808,40.3300,77,97,445025
1.8084,0.1808,40.1000,77,97,445028
1.8231,0.1711,40.0600,77,97,445031
1.8133,0.1808,40.1300,77,97,445035
1.8622,0.1955,39.8300,77,97,445038
1.8182,0.1808,40.0000,77,97,445041
1.8231,0.1906,40.0600,77,97,445044
1.8231,0.1857,40.0600,77,97,445048
1.8280,0.1906,40.1000,77,97,445051
1.9208,0.2004,39.8600,77,97,445054
1.8475,0.1906,40.0000,77,97,445059
1.8280,0.1760,40.0300,77,97,445062
1.8280,0.1857,40.0300,77,97,445065
1.8133,0.1808,40.1000,77,97,445069
1.8573,0.1857,39.9300,77,97,445072
1.8231,0.1857,40.0600,77,97,445075
1.8328,0.1808,40.0000,77,97,445078
1.8084,0.1906,40.1000,77,97,445082
1.8182,0.1808,40.1000,77,97,445085
1.8328,0.1906,40.0000,77,97,445088
1.8133,0.1760,40.0600,77,97,445092
1.8377,0.1857,39.9600,77,97,445095
1.8084,0.1808,40.1300,77,97,445099
1.8377,0.1760,40.1000,77,97,445103
1.8231,0.1857,40.1000,77,97,445106
1.8084,0.1857,40.1000,77,97,445109
1.8377,0.1711,39.9300,77,97,445113
1.8084,0.1857,40.1000,77,97,445116
1.8133,0.1857,40.1000,77,97,445119
1.8280,0.1906,40.1300,77,97,445122
1.7986,0.1808,40.1000,77,97,445126
1.8426,0.1857,39.8600,77,97,445129
1.8182,0.1906,40.1000,77,97,445132
1.7986,0.1808,40.1300,77,97,445136
1.8182,0.1808,40.1000,77,97,445139
1.8426,0.1711,40.1000,77,97,445143
1.8622,0.1906,39.9600,77,97,445147
1.8182,0.1808,40.0300,77,97,445150
1.8133,0.1760,40.2000,77,97,445153
1.8231,0.1857,40.1000,77,97,445157
1.8084,0.1808,40.1000,77,97,445160
1.8622,0.2004,40.0000,77,97,445163
1.8133,0.1808,40.0600,77,97,445166
1.8182,0.1711,40.0300,77,97,445170
1.8182,0.1857,40.1000,77,97,445173
1.8182,0.1808,40.1000,77,97,445176
1.8524,0.1906,40.0600,77,97,445180
1.8280,0.1857,40.0300,77,97,445184
1.8622,0.1906,39.9300,77,97,445187
1.8133,0.1808,40.0600,77,97,445191
1.8475,0.1808,40.0600,77,97,445194
1.8426,0.1906,39.9600,77,97,445197
1.8133,0.1760,40.0600,77,97,445200
1.8426,0.1906,40.0000,77,97,445204
1.8133,0.1808,40.1000,77,97,445207
1.8182,0.1808,40.0600,77,97,445210
1.8328,0.1857,40.0600,77,97,445214
1.8133,0.1808,40.1000,77,97,445217
1.8328,0.1808,39.9300,77,97,445220
1.8084,0.1808,40.1000,77,97,445224
1.8035,0.1808,39.3800,77,97,445228
1.8133,0.2151,40.0300,77,97,445231
1.8133,0.1808,40.1000,77,97,445235
1.8573,0.1857,39.8900,77,97,445238
1.8280,0.1808,40.1300,77,97,445241
1.8426,0.1808,40.0300,77,97,445244
1.8964,0.1955,40.0300,77,97,445248
1.8475,0.1808,40.0600,77,97,445251
1.8964,0.2004,39.8300,77,97,445254
1.8573,0.1711,40.0300,77,97,445258
1.8475,0.1760,40.1000,77,97,445261
1.8866,0.1808,40.0600,77,97,445264
1.8573,0.1808,40.1000,77,97,445268
1.9110,0.2004,39.8900,77,97,445272
1.8622,0.1857,40.0600,77,97,445275
1.8573,0.1808,40.0300,77,97,445278
1.8377,0.1808,40.1000,77,97,445282
1.8524,0.1808,40.1000,77,97,445285
1.8622,0.1906,39.9600,77,97,445288
1.8328,0.1808,40.1300,77,97,445292
1.8475,0.1906,40.0000,77,97,445295
1.8328,0.1808,40.0600,77,97,445298
1.8377,0.1808,40.0300,77,97,445302
1.8671,0.1906,40.0300,77,97,445305
1.8426,0.1808,40.1000,77,97,445308
1.8671,0.1906,40.0000,77,97,445312
1.8377,0.1808,40.1000,77,97,445316
1.8280,0.1808,39.2200,77,97,445319
1.8524,0.1906,40.0000,77,97,445322
1.8133,0.1808,40.1000,77,97,445326
1.8280,0.1808,39.8900,77,97,445329
1.8084,0.1857,40.0000,77,97,445332
1.7986,0.1808,40.1000,77,97,445336
1.8084,0.1857,40.0300,77,97,445339
1.7986,0.1760,40.1000,77,97,445342
1.8426,0.1857,39.8900,77,97,445346
1.8084,0.1857,40.1000,77,97,445349
1.8133,0.1857,40.1000,77,97,445352
1.8182,0.1857,40.0600,77,97,445356
1.8084,0.1857,40.0600,77,97,445360
1.8671,0.1955,39.8300,77,97,445363
1.8084,0.1808,40.1000,77,97,445366
1.8182,0.1760,40.1000,77,97,445370
1.8182,0.1857,40.2000,77,97,445373
1.8084,0.1857,40.1000,77,97,445376
1.8719,0.1906,39.8900,77,97,445380
1.8280,0.1857,40.2000,77,97,445383
1.8377,0.1760,40.0000,77,97,445386
1.8622,0.1808,40.1600,77,97,445390
1.9110,0.1760,40.1300,77,97,445393
2.0332,0.1955,39.9600,77,97,445396
2.0870,0.1808,40.0600,77,97,445400
2.2043,0.1857,40.0300,77,97,445404
2.2776,0.1857,40.1000,77,97,445407
2.3949,0.1808,40.0600,77,97,445410
2.5513,0.1906,39.9600,77,97,445414
2.6784,0.1857,40.1000,77,97,445417
2.7713,0.1906,39.9600,77,97,445420
2.6588,0.1955,40.1300,77,97,445424
2.4536,0.1808,40.0600,77,97,445427
2.1896,0.1857,40.1600,77,97,445430
1.9159,0.1857,40.1000,77,97,445433
1.7546,0.1808,39.9300,77,97,445437
1.6471,0.2053,40.1000,77,97,445441
1.6325,0.1711,40.1300,77,97,445444
1.6764,0.1906,40.0300,77,97,445448
1.7009,0.1808,40.1000,77,97,445451
1.7449,0.1955,39.8900,77,97,445454
1.7498,0.1906,40.0000,77,97,445458
1.7693,0.1711,40.1000,77,97,445461
1.7498,0.1857,40.2000,77,97,445464
1.7400,0.1711,40.2300,77,97,445467
1.7889,0.1906,39.8600,77,97,445471
1.7351,0.1760,40.0300,77,97,445474
1.7302,0.1711,40.0600,77,97,445477
1.7400,0.1857,40.1600,77,97,445481
1.7400,0.1808,40.0000,77,97,445485
1.7986,0.2151,39.8600,77,97,445488
1.7546,0.1857,40.0600,77,97,445492
1.7644,0.1760,40.1000,77,97,445495
1.7644,0.1857,40.1000,77,97,445498
1.7693,0.1955,40.1000,77,97,445502
1.8035,0.1906,40.0000,77,97,445505
1.7840,0.1857,40.1000,77,97,445508
1.8035,0.1760,40.0600,77,97,445511
1.7840,0.1808,40.1300,77,97,445515
1.7937,0.1808,39.2200,77,97,445518
1.8377,0.1955,39.9600,77,97,445521
1.8133,0.1808,40.2000,77,97,445526
1.8475,0.1906,39.9600,77,97,445529
1.8182,0.1760,40.0600,77,97,445532
1.8280,0.1808,40.1300,77,97,445536
1.8573,0.1808,40.0000,77,97,445539
1.8426,0.1808,40.1000,77,97,445542
1.8719,0.1808,39.9300,77,97,445545
1.9062,0.1955,39.8900,77,97,445550
1.8671,0.1808,40.1000,77,97,445554
1.8719,0.1760,40.0600,77,97,445557
1.8915,0.1857,40.1000,77,97,445560
1.8817,0.1808,40.1300,77,97,445563
1.9453,0.1857,39.8900,77,97,445568
1.9110,0.1857,40.0300,77,97,445571
1.9159,0.1857,40.0300,77,97,445574
1.9159,0.1808,40.1000,77,97,445578
1.9257,0.1808,40.1000,77,97,445581
1.9697,0.1857,39.9600,77,97,445584
1.9404,0.1808,40.1000,77,97,445588
1.9648,0.1857,39.9600,77,97,445591
1.9501,0.1808,40.1000,77,97,445594
1.9599,0.1808,40.3300,77,97,445598
1.9892,0.1711,40.0000,77,97,445601
1.9697,0.1515,40.1000,77,97,445604
2.0088,0.1906,40.1600,77,97,445607
1.9795,0.1857,40.1000,77,97,445612
1.9795,0.1808,40.1000,77,97,445615
1.9990,0.1857,40.1600,77,97,445618
1.9941,0.1857,40.0600,77,97,445622
2.0283,0.1808,39.9300,77,97,445625
1.9990,0.2102,40.1000,77,97,445628
2.0039,0.1857,40.1000,77,97,445632
2.0235,0.1711,40.0000,77,97,445635
1.9941,0.1808,40.0000,77,97,445638
2.0332,0.1808,39.8600,77,97,445641
1.9990,0.1808,40.0000,77,97,445645
1.9941,0.1808,40.0600,77,97,445648
1.9941,0.1955,40.1000,77,97,445651
2.0088,0.1808,40.0600,77,97,445656
2.0674,0.1955,39.8300,77,97,445659
1.9697,0.1808,39.9600,77,97,445662
1.9599,0.1857,40.1300,77,97,445666
1.9501,0.1857,40.0600,77,97,445669
1.9306,0.1808,40.0000,77,97,445672
1.9697,0.2102,39.8600,77,97,445675
1.9062,0.1857,40.0300,77,97,445679
1.8866,0.1808,40.1600,77,97,445682
1.8622,0.1808,40.1000,77,97,445685
1.8328,0.1808,40.1000,77,97,445689
1.8622,0.1955,39.9300,77,97,445692
1.8035,0.1906,40.0600,77,97,445696
1.7986,0.1808,39.9600,77,97,445700
1.7644,0.1857,40.1000,77,97,445703
1.7546,0.1808,40.1000,77,97,445706
1.7693,0.1906,39.9300,77,97,445709
1.7253,0.1906,40.1000,77,97,445713
1.7302,0.1857,39.9600,77,97,445716
1.7058,0.1857,40.3000,77,97,445719
1.7009,0.1857,40.0600,77,97,445723
1.7155,0.1857,40.0300,77,97,445726
1.7009,0.1808,40.0600,77,97,445729
1.7302,0.1857,40.0300,77,97,445733
1.7107,0.1711,40.1000,77,97,445736
1.7107,0.1808,40.3000,77,97,445740
1.7204,0.1955,40.0300,77,97,445743
1.7204,0.1711,40.1000,77,97,445747
1.7351,0.1857,39.8900,77,97,445750
1.7009,0.1808,40.1300,77,97,445753
1.7155,0.1808,40.1000,77,97,445757
1.7400,0.1906,40.0000,77,97,445760
1.7155,0.1808,40.1000,77,97,445763
1.7595,0.1906,40.0000,77,97,445767
1.7351,0.1857,40.0300,77,97,445770
1.7302,0.1808,40.1000,77,97,445773
1.7351,0.1857,40.0600,77,97,445777
1.7351,0.1857,40.2300,77,97,445780
1.7937,0.2004,39.9600,77,97,445784
1.7546,0.1857,40.0300,77,97,445787
1.7595,0.1808,40.0300,77,97,445791
1.7595,0.1857,40.1000,77,97,445794
1.7595,0.1808,40.1300,77,97,445797
1.7986,0.1955,39.9300,77,97,445801
1.7693,0.1857,40.1300,77,97,445804
1.7840,0.1906,39.9600,77,97,445807
1.7791,0.1808,40.1000,77,97,445811
1.7840,0.1857,40.0600,77,97,445814
1.8133,0.1906,40.0300,77,97,445817
1.8035,0.1857,40.0600,77,97,445820
1.8231,0.1857,39.0900,77,97,445825
1.8035,0.1808,40.1000,77,97,445828
1.8133,0.1808,40.1000,77,97,445831
1.8377,0.1906,39.9300,77,97,445835
1.8182,0.1857,40.1000,77,97,445838
1.8475,0.1808,39.9600,77,97,445841
1.8133,0.1808,40.0300,77,97,445845
1.8231,0.1808,40.1000,77,97,445848
1.8671,0.1857,40.0300,77,97,445851
1.8231,0.1515,40.1000,77,97,445855
1.8573,0.1906,39.8600,77,97,445858
1.8133,0.1808,40.0300,77,97,445861
1.8133,0.1808,39.3800,77,97,445864
1.8231,0.1808,40.0600,77,97,445869
1.8133,0.1808,40.1000,77,97,445872
1.8622,0.1906,39.8900,77,97,445875
1.8182,0.1808,40.0600,77,97,445879
1.8231,0.1808,40.1300,77,97,445882
1.8231,0.1808,40.0600,77,97,445885
1.8084,0.1808,40.1000,77,97,445889
1.8622,0.2004,39.8900,77,97,445892
1.8280,0.1906,40.0300,77,97,445895
1.8084,0.1808,40.0300,77,97,445898
1.8084,0.1857,40.0600,77,97,445902
1.8084,0.1760,40.1000,77,97,445905
1.8573,0.1955,39.9300,77,97,445908
1.8133,0.1808,40.0600,77,97,445913
1.8377,0.1808,39.9600,77,97,445916
1.8182,0.1808,40.0300,77,97,445919
1.8182,0.1808,40.1000,77,97,445923
1.8377,0.1906,40.0000,77,97,445926
1.8133,0.1808,40.2300,77,97,445929
1.8328,0.1857,39.9600,77,97,445933
1.7986,0.1857,40.1000,77,97,445936
1.8182,0.1857,40.1000,77,97,445939
1.8084,0.1857,40.0300,77,97,445942
1.8035,0.1808,40.0600,77,97,445946
1.8280,0.1808,40.0300,77,97,445949
1.8035,0.1808,40.1000,77,97,445953
1.8133,0.1808,39.9300,77,97,445957
1.8377,0.1906,39.9600,77,97,445960
1.8182,0.1857,40.1300,77,97,445963
1.8817,0.1808,39.8900,77,97,445967
1.8280,0.1857,40.0300,77,97,445970
1.8182,0.1857,40.0600,77,97,445973
1.8280,0.1857,40.0600,77,97,445977
1.8182,0.2004,40.1000,77,97,445980
1.9062,0.1955,39.8300,77,97,445983
1.8182,0.1808,40.0300,77,97,445986
1.8182,0.1760,40.1000,77,97,445990
1.8231,0.1857,40.1000,77,97,445993
1.8182,0.2004,40.1300,77,97,445997
1.8768,0.2004,39.8900,77,97,446001
1.8280,0.1857,40.0600,77,97,446004
1.8280,0.1808,40.0000,77,97,446007
1.8182,0.1857,40.1000,77,97,446011
1.8133,0.1857,40.1000,77,97,446014
1.8426,0.1955,40.0000,77,97,446017
1.8133,0.1857,40.2000,77,97,446021
1.8182,0.1857,39.9600,77,97,446024
1.7986,0.1808,40.1600,77,97,446027
1.8084,0.1808,40.1300,77,97,446030
1.8475,0.1906,39.9300,77,97,446034
1.8280,0.1808,40.1600,77,97,446038
1.8671,0.1808,39.9600,77,97,446041
1.8426,0.1760,40.0600,77,97,446045
1.8475,0.1808,40.3300,77,97,446048
1.8573,0.1711,40.0600,77,97,446051
1.8377,0.1808,40.2600,77,97,446055
1.8671,0.2053,39.9300,77,97,446058
1.8475,0.1808,40.0600,77,97,446061
1.8524,0.1808,40.0600,77,97,446064
1.8817,0.1857,40.0300,77,97,446068
1.8524,0.1808,40.1000,77,97,446071
1.8866,0.1857,39.5400,77,97,446074
1.8280,0.1808,40.0600,77,97,446078
1.8328,0.1808,40.1300,77,97,446082
1.8328,0.1857,40.0300,77,97,446085
1.8133,0.1808,40.1000,77,97,446089
1.8719,0.1906,39.8000,77,97,446092
1.8475,0.1808,40.0300,77,97,446095
1.8475,0.1857,40.1000,77,97,446099
1.8426,0.1808,40.0300,77,97,446102
1.8671,0.1760,40.1000,77,97,446105
1.8915,0.2004,39.9600,77,97,446108
1.8328,0.1955,40.1000,77,97,446112
1.8231,0.1857,40.0300,77,97,446115
1.8035,0.1808,40.0000,77,97,446118
1.7986,0.1808,40.1600,77,97,446123
1.8280,0.1906,40.0300,77,97,446126
1.7937,0.1808,40.0600,77,97,446129
1.8084,0.1808,40.0300,77,97,446133
1.7889,0.1857,40.1000,77,97,446136
1.7889,0.1808,40.2000,77,97,446139
1.8084,0.2053,40.0600,77,97,446142
1.7937,0.1857,40.0600,77,97,446146
1.8182,0.1711,39.9600,77,97,446149
1.7937,0.1857,40.1000,77,97,446152
1.8035,0.1711,40.1000,77,97,446156
1.8280,0.1906,39.8900,77,97,446159
1.8084,0.1857,40.0600,77,97,446164
1.8035,0.1760,40.1000,77,97,446168
1.8866,0.1711,39.8300,77,97,446171
1.8475,0.1808,40.0300,77,97,446175
1.8964,0.1760,40.1600,77,97,446178
1.9795,0.1808,40.0600,77,97,446181
2.0674,0.1808,40.1000,77,97,446184
2.2239,0.1955,39.8900,77,97,446188
2.2727,0.1711,40.0300,77,97,446191
2.3705,0.1760,40.0600,77,97,446194
2.4976,0.1906,40.0300,77,97,446198
2.6246,0.1760,40.1000,77,97,446201
2.7664,0.1906,39.9600,77,97,446204
2.6637,0.1760,40.0600,77,97,446209
2.4731,0.1760,40.0000,77,97,446212
2.1945,0.1808,40.1000,77,97,446215
1.9306,0.1760,40.3300,77,97,446218
1.7644,0.1906,39.8900,77,97,446222
1.6373,0.1808,40.3300,77,97,446225
1.6325,0.1857,39.9600,77,97,446228
1.6325,0.1808,40.1000,77,97,446232
1.6667,0.1760,40.0600,77,97,446235
1.7058,0.1808,40.0300,77,97,446238
1.7107,0.1808,40.1000,77,97,446242
1.7498,0.1808,40.0600,77,97,446245
1.7204,0.1808,40.0600,77,97,446248
1.7546,0.1760,40.1000,77,97,446252
1.7351,0.1808,40.0300,77,97,446256
1.7253,0.1760,40.0600,77,97,446259
1.7449,0.1857,39.8900,77,97,446262
1.7204,0.1760,40.1000,77,97,446266
1.7253,0.1711,40.1000,77,97,446269
1.7449,0.1857,40.0300,77,97,446272
1.7351,0.1808,40.1000,77,97,446276
1.7791,0.1857,39.8600,77,97,446279
1.7595,0.1808,40.0300,77,97,446282
1.7449,0.1857,40.1000,77,97,446286
1.7498,0.1808,40.1000,77,97,446289
1.7498,0.1857,40.1000,77,97,446292
1.8035,0.1906,39.8300,77,97,446296
1.7693,0.1808,40.0300,77,97,446300
1.7693,0.1760,40.0300,77,97,446303
1.7791,0.1808,40.0600,77,97,446306
1.7840,0.1760,40.2000,77,97,446310
1.8328,0.1857,39.9600,77,97,446313
1.8035,0.1808,40.0600,77,97,446316
1.8133,0.1760,39.3500,77,97,446320
1.8133,0.1808,40.1000,77,97,446323
1.8084,0.1760,40.4000,77,97,446326
1.8426,0.1955,40.0300,77,97,446329
1.8328,0.1857,40.1000,77,97,446333
1.8475,0.1808,39.9600,77,97,446337
1.8280,0.1760,40.1000,77,97,446340
1.8426,0.1760,40.1000,77,97,446344
1.8719,0.1906,39.9600,77,97,446347
1.8475,0.1760,40.1000,77,97,446350
1.8817,0.1760,39.9300,77,97,446354
1.8573,0.1711,40.0300,77,97,446357
1.8671,0.1760,40.1000,77,97,446360
1.8866,0.1857,40.0300,77,97,446364
1.8768,0.1760,40.1000,77,97,446367
1.9159,0.1808,39.8600,77,97,446370
1.8866,0.1760,40.0600,77,97,446373
1.8964,0.1760,40.2000,77,97,446377
1.9159,0.2199,40.0600,77,97,446381
1.9159,0.1808,40.1000,77,97,446384
1.9697,0.1857,39.7700,77,97,446388
1.9306,0.1760,40.0600,77,97,446391
1.9404,0.1760,40.1300,77,97,446394
1.9501,0.1711,40.1000,77,97,446398
1.9550,0.1760,40.1000,77,97,446401
2.0186,0.1955,39.8600,77,97,446404
1.9844,0.1955,40.0300,77,97,446408
1.9795,0.1711,40.0600,77,97,446411
1.9844,0.1808,40.0000,77,97,446414
1.9844,0.1808,40.0600,77,97,446417
2.0332,0.1711,39.9300,77,97,446422
1.9990,0.1808,39.9300,77,97,446425
2.0088,0.1808,40.0000,77,97,446428
2.0137,0.1808,40.1000,77,97,446432
1.9892,0.1760,40.1000,77,97,446435
2.0137,0.1857,40.1300,77,97,446438
1.9844,0.1760,40.1000,77,97,446442
2.0039,0.1808,39.9600,77,97,446445
1.9746,0.1760,40.0000,77,97,446448
1.9746,0.1711,40.1000,77,97,446451
1.9795,0.1808,39.9300,77,97,446455
1.9599,0.1857,40.1000,77,97,446458
1.9795,0.1808,39.9600,77,97,446461
1.9355,0.1808,40.1000,77,97,446466
1.9306,0.1760,40.1000,77,97,446469
1.9306,0.1857,39.9300,77,97,446472
1.9013,0.1760,40.1000,77,97,446476
1.9159,0.1808,39.8600,77,97,446479
1.8768,0.1808,39.9600,77,97,446482
1.8524,0.1760,40.1300,77,97,446486
1.8426,0.1857,40.0300,77,97,446489
1.8133,0.1711,40.1000,77,97,446492
1.8377,0.1857,39.9600,77,97,446495
1.7693,0.1857,40.0600,77,97,446499
1.7546,0.1760,40.1000,77,97,446502
1.7449,0.1808,40.1000,77,97,446505
1.7204,0.1711,40.0600,77,97,446510
1.7693,0.1955,39.9600,77,97,446513
1.7204,0.1760,40.0600,77,97,446516
1.7155,0.1760,40.0600,77,97,446520
1.7058,0.1808,40.0600,77,97,446523
1.7204,0.1808,40.1000,77,97,446526
1.7400,0.1906,39.9600,77,97,446529
1.7107,0.1808,40.0300,77,97,446533
1.7058,0.1760,40.2300,77,97,446536
1.6960,0.1808,40.1000,77,97,446539
1.6960,0.1515,40.1300,77,97,446543
1.7302,0.2151,39.9300,77,97,446546
1.7009,0.1808,39.9300,77,97,446550
1.7253,0.1808,39.9600,77,97,446554
1.7107,0.1760,40.1000,77,97,446557
1.7155,0.1760,40.2000,77,97,446560
1.7644,0.1808,40.0300,77,97,446564
1.7204,0.1808,40.1000,77,97,446567
1.7546,0.1760,40.0000,77,97,446570
1.7302,0.1760,40.1300,77,97,446573
1.7351,0.1760,39.5700,77,97,446577
1.7498,0.1760,40.0300,77,97,446580
1.7546,0.1808,40.1000,77,97,446583
1.7840,0.1808,39.8900,77,97,446587
1.7546,0.1857,40.1000,77,97,446590
1.7644,0.1711,40.1000,77,97,446594
1.7840,0.1857,40.0600,77,97,446598
1.7742,0.1711,40.1000,77,97,446601
1.8231,0.1857,39.8300,77,97,446604
1.8035,0.1808,40.0000,77,97,446607
1.7937,0.1760,40.1000,77,97,446611
1.8035,0.1857,40.1000,77,97,446614
1.8084,0.1711,40.1000,77,97,446617
1.8719,0.1955,39.8600,77,97,446621
1.8280,0.1808,40.0600,77,97,446624
1.8231,0.1760,40.0300,77,97,446627
1.8231,0.2102,40.0600,77,97,446631
1.8280,0.1711,40.1000,77,97,446635
1.8622,0.1906,39.9600,77,97,446638
1.8280,0.1808,40.0600,77,97,446642
1.8475,0.1808,40.0000,77,97,446645
1.8280,0.1808,40.1000,77,97,446648
1.8231,0.1760,40.1000,77,97,446651
1.8671,0.1711,40.0300,77,97,446655
1.8280,0.1808,40.0600,77,97,446658
1.8426,0.1808,39.9300,77,97,446661
1.8182,0.1808,40.1000,77,97,446665
1.8182,0.1760,40.2000,77,97,446668
1.8475,0.1955,39.9600,77,97,446671
1.8133,0.1808,40.2300,77,97,446675
1.8377,0.1760,39.9300,77,97,446679
1.8133,0.1760,40.0300,77,97,446682
1.8182,0.1808,40.2000,77,97,446685
1.8328,0.1857,40.0000,77,97,446689
1.8231,0.1808,40.1000,77,97,446692
1.8573,0.1808,39.8600,77,97,446695
1.8280,0.1808,40.0300,77,97,446699
1.8182,0.1760,40.1000,77,97,446702
1.8231,0.1808,40.0600,77,97,446705
1.8133,0.1760,40.1000,77,97,446709
1.8524,0.1857,39.8600,77,97,446712
1.7986,0.1760,40.0600,77,97,446715
1.8133,0.1515,40.1000,77,97,446720
1.8133,0.1808,40.1000,77,97,446723
1.8084,0.1760,39.8300,77,97,446726
1.8622,0.2004,39.8900,77,97,446729
1.8182,0.1808,40.0300,77,97,446733
1.8133,0.1760,40.0300,77,97,446736
1.8231,0.1760,40.1300,77,97,446739
1.8084,0.1760,40.1000,77,97,446743
1.8426,0.1906,39.8900,77,97,446746
1.8084,0.1808,40.0600,77,97,446749
1.8231,0.1808,40.0000,77,97,446753
1.7986,0.1808,40.1600,77,97,446756
1.8133,0.1760,40.0600,77,97,446759
1.8280,0.1857,39.9600,77,97,446764
1.7986,0.1808,40.1600,77,97,446767
1.8622,0.1857,40.0000,77,97,446770
1.8035,0.1808,40.1600,76,97,446773
1.8035,0.1760,40.1300,76,97,446778
1.8182,0.1760,40.1300,76,97,446781
1.8328,0.1808,40.1000,76,97,446785
1.8133,0.1808,40.1000,76,97,446788
1.8573,0.1857,39.8600,76,97,446791
1.8377,0.1808,40.1000,76,97,446795
1.8084,0.1760,40.1000,76,97,446798
1.8377,0.1857,40.0600,76,97,446801
1.7986,0.1515,40.1000,76,97,446806
1.8573,0.2004,39.8600,76,97,446809
1.8231,0.1711,40.0300,76,97,446812
1.8182,0.1760,40.0300,76,97,446815
1.8280,0.1662,40.1000,76,97,446819
1.8475,0.1760,40.1000,76,97,446822
1.8915,0.1906,40.0300,76,97,446825
1.8622,0.1808,40.0600,76,97,446829
1.8768,0.1808,40.0000,76,97,446832
1.8524,0.1808,40.1300,76,97,446835
1.8768,0.1760,40.2300,76,97,446839
1.8817,0.1857,40.0300,76,97,446842
1.8671,0.1808,40.0600,76,97,446845
1.8817,0.1760,39.9600,76,97,446849
1.8573,0.1808,40.1600,76,97,446853
1.8524,0.1857,40.1000,76,97,446856
1.8768,0.1906,39.9600,76,97,446859
1.8426,0.1808,40.1000,76,97,446863
1.8671,0.1711,39.9600,76,97,446866
1.8426,0.1760,40.0300,76,97,446869
1.8524,0.1808,40.1000,76,97,446873
1.8768,0.1857,40.3600,76,97,446876
1.8622,0.1808,40.1000,76,97,446879
1.8964,0.1711,39.8900,76,97,446883
1.8671,0.1760,40.0300,76,97,446886
1.8573,0.1711,40.1000,76,97,446889
1.8622,0.1857,40.1300,76,97,446893
1.8426,0.2053,40.1000,76,97,446897
1.8768,0.1906,39.8600,76,97,446900
1.8182,0.1760,40.0600,76,97,446903
1.8524,0.1711,40.1300,76,97,446907
1.8182,0.1808,39.9300,76,97,446910
1.8426,0.1857,40.1000,76,97,446913
1.8622,0.2004,40.0600,76,97,446917
1.8231,0.1857,40.0000,76,97,446920
1.8231,0.1711,40.0600,76,97,446923
1.8084,0.1808,40.0600,76,97,446927
1.8084,0.1857,40.1000,76,97,446930
1.8573,0.1906,39.8900,76,97,446934
1.8182,0.1808,40.0600,76,97,446937
1.8328,0.2151,39.9600,76,97,446941
1.8182,0.1808,40.1000,76,97,446944
1.8231,0.1760,40.1300,76,97,446947
1.8524,0.1857,39.9600,76,97,446951
1.8377,0.1808,40.0600,76,97,446954
1.8622,0.1857,39.9600,76,97,446957
1.8377,0.1808,40.1600,76,97,446961
1.8475,0.1711,40.1000,76,97,446964
1.8768,0.1808,40.0300,76,97,446967
1.8964,0.1808,40.3300,76,97,446971
1.9844,0.1857,40.0000,76,97,446974
2.0479,0.1808,40.1000,76,97,446978
2.1505,0.1760,40.1000,76,97,446981
2.2630,0.1955,40.0300,76,97,446985
2.3509,0.1808,40.1300,76,97,446988
2.5269,0.1857,39.8600,76,97,446991
2.6295,0.1857,40.0000,76,97,446995
2.7273,0.1808,40.1000,76,97,446998
2.7322,0.1760,40.1000,76,97,447001
2.5855,0.1808,40.1300,76,97,447005
2.3558,0.1906,39.8900,76,97,447008
2.0332,0.1808,40.0300,76,97,447011
1.7840,0.1760,40.1000,76,97,447014
1.6373,0.1808,40.0600,76,97,447019
1.5836,0.1808,40.1600,76,97,447022
1.6471,0.2004,39.8300,76,97,447025
1.6520,0.1808,40.0300,76,97,447029
1.6911,0.1760,40.2000,76,97,447032
1.7253,0.1760,40.0600,76,97,447035
1.7351,0.1808,40.1300,76,97,447039
1.8084,0.1808,39.9600,76,97,447042
1.7595,0.1857,40.1300,76,97,447045
1.7693,0.1808,40.0600,76,97,447048
1.7546,0.1808,40.1000,76,97,447052
1.7546,0.1515,40.1000,76,97,447055
1.7889,0.1857,40.0300,76,97,447058
1.7644,0.1808,40.1000,76,97,447063
1.7889,0.1857,40.0000,76,97,447066
1.7693,0.1808,40.1300,76,97,447069
1.8084,0.1760,40.1000,76,97,447073
1.8084,0.1857,40.0600,76,97,447076
1.7889,0.1808,40.1300,76,97,447079
1.8231,0.1760,40.0000,76,97,447082
1.7986,0.1711,40.1000,76,97,447086
1.7986,0.1760,40.2000,76,97,447089
1.8231,0.1711,40.0300,76,97,447092
1.8084,0.1808,40.1000,76,97,447096
1.8426,0.1857,39.9300,76,97,447099
1.8182,0.1808,40.2300,76,97,447102
1.8231,0.1808,40.0600,76,97,447107
1.8426,0.1808,40.0300,76,97,447110
1.8328,0.1808,40.0600,76,97,447113
1.8817,0.1857,39.8600,76,97,447117
1.8573,0.1857,40.0300,76,97,447120
1.8475,0.2004,40.1300,76,97,447123
1.8573,0.1808,40.0600,76,97,447126
1.8573,0.1808,40.1000,76,97,447130
1.9159,0.2004,39.8900,76,97,447133
1.8768,0.1857,40.0600,76,97,447136
1.8719,0.1760,40.2600,76,97,447140
1.8768,0.1808,40.1000,76,97,447143
1.8817,0.1760,40.1300,76,97,447147
1.9306,0.1906,40.1300,76,97,447151
1.8964,0.1760,40.0600,76,97,447154
1.9159,0.1808,40.0000,76,97,447157
1.9013,0.1808,40.0000,76,97,447160
1.9110,0.1760,40.1000,76,97,447164
1.9453,0.1857,40.0300,76,97,447167
1.9355,0.1760,40.1000,76,97,447170
1.9746,0.1808,39.9600,76,97,447174
1.9453,0.1808,40.1000,76,97,447177
1.9550,0.1760,40.1000,76,97,447180
1.9892,0.1857,39.9600,76,97,447184
1.9599,0.1711,40.1000,76,97,447187
1.9941,0.1760,39.9600,76,97,447191
1.9746,0.1808,40.0300,76,97,447195
1.9844,0.1760,40.1000,76,97,447198
2.0088,0.1857,40.1000,76,97,447201
1.9941,0.1711,40.0600,76,97,447204
2.0332,0.1808,39.8900,76,97,447208
2.0039,0.1808,39.9600,76,97,447211
1.9941,0.1760,40.0600,76,97,447214
2.0039,0.1808,40.0600,76,97,447218
2.0039,0.1760,40.1000,76,97,447221
2.0479,0.1857,39.8600,76,97,447224
1.9941,0.1857,40.0300,76,97,447228
1.9990,0.1760,40.1300,76,97,447232
1.9990,0.1808,40.0600,76,97,447235
2.0039,0.1760,40.1000,76,97,447238
2.0430,0.1906,39.8600,76,97,447242
1.9990,0.1808,40.0600,76,97,447245
1.9746,0.1711,40.0600,76,97,447248
1.9697,0.1808,40.1300,76,97,447252
1.9599,0.1760,40.1600,76,97,447255
2.0186,0.1906,39.8900,76,97,447258
1.9404,0.1808,40.1600,76,97,447262
1.9355,0.1857,40.0000,76,97,447265
1.8964,0.1711,40.1000,76,97,447268
1.8866,0.1760,40.1000,76,97,447271
1.9013,0.1857,39.9300,76,97,447276
1.8573,0.1760,40.1000,76,97,447279
1.8573,0.1906,39.9300,76,97,447282
1.8231,0.1760,40.1000,76,97,447286
1.7986,0.1808,40.0600,76,97,447289
1.8182,0.1857,40.0300,76,97,447292
1.7742,0.1808,40.1000,76,97,447296
1.7889,0.1760,39.9300,76,97,447299
1.7400,0.1760,40.1000,76,97,447302
1.7351,0.1760,40.1600,76,97,447306
1.7498,0.1857,39.9600,76,97,447309
1.7155,0.1760,40.1000,76,97,447312
1.7546,0.1808,39.8600,76,97,447316
1.7253,0.1808,40.0000,76,97,447320
1.7155,0.1808,40.1000,76,97,447323
1.7253,0.1808,40.0300,76,97,447326
1.7155,0.1760,40.1300,76,97,447330
1.7644,0.1857,39.8300,76,97,447333
1.7253,0.1857,40.0300,76,97,447336
1.7155,0.1760,40.1000,76,97,447340
1.7155,0.1808,40.0600,76,97,447343
1.7204,0.1808,40.1000,76,97,447346
1.7742,0.1955,39.9600,76,97,447350
1.7302,0.1760,40.1000,76,97,447353
1.7351,0.1711,40.0300,76,97,447356
1.7302,0.1760,40.0600,76,97,447361
1.7302,0.1711,40.1300,76,97,447364
1.7693,0.1857,40.0000,76,97,447367
1.7546,0.1906,40.0600,76,97,447370
1.7595,0.1808,39.9600,76,97,447374
1.7498,0.1808,40.3000,76,97,447377
1.7546,0.1906,40.2300,76,97,447380
1.7937,0.1857,39.9600,76,97,447384
1.8035,0.1857,40.0600,76,97,447388
1.7937,0.2053,40.1300,76,97,447392
1.8377,0.1857,39.8600,76,97,447395
1.8133,0.1906,40.0300,76,97,447398
1.8231,0.1808,40.1000,76,97,447403
1.8182,0.1808,40.1600,76,97,447406
1.8133,0.1857,40.1000,76,97,447409
1.8719,0.1906,39.8300,76,97,447413
1.8231,0.1808,40.0600,76,97,447416
1.8328,0.1515,40.0600,76,97,447419
1.8377,0.1857,40.0600,76,97,447422
1.8328,0.1808,40.1000,76,97,447426
1.8866,0.1955,39.8900,76,97,447429
1.8524,0.1857,40.0300,76,97,447432
1.8671,0.1760,40.0000,76,97,447436
1.8377,0.1808,40.1000,76,97,447439
1.8377,0.1857,40.1000,76,97,447442
1.8768,0.1857,39.9300,76,97,447447
1.8426,0.1760,40.0600,76,97,447450
1.8719,0.1760,39.9600,76,97,447453
1.8328,0.1808,40.1000,76,97,447457
1.8328,0.1760,39.5700,76,97,447460
1.8866,0.1906,40.0000,76,97,447463
1.8280,0.1808,40.1300,76,97,447466
1.8524,0.1857,40.0600,76,97,447470
1.8133,0.1857,40.1600,76,97,447473
1.8182,0.1760,40.1000,76,97,447476
1.8182,0.1808,40.0300,76,97,447480
1.8280,0.1711,40.1000,76,97,447483
1.8280,0.1808,39.9600,76,97,447486
1.7986,0.1857,40.0600,76,97,447491
1.8035,0.1760,40.1000,76,97,447494
1.8280,0.1857,40.2300,76,97,447497
1.8084,0.1808,40.1000,76,97,447500
1.8475,0.1857,39.8600,76,97,447504
1.8280,0.1760,40.0000,76,97,447507
1.8133,0.1760,40.1000,76,97,447510
1.8182,0.1906,40.1000,76,97,447514
1.7986,0.1711,40.1000,76,97,447517
1.8573,0.1857,39.8000,76,97,447520
1.8133,0.1808,40.0600,76,97,447524
1.8035,0.1760,40.0000,76,97,447527
1.8035,0.1808,40.1000,76,97,447531
1.7986,0.1857,40.1000,76,97,447535
1.8622,0.2004,39.9600,76,97,447538
1.8133,0.1857,40.0600,76,97,447541
1.8182,0.1711,40.0300,76,97,447544
1.8084,0.1808,40.0000,76,97,447548
1.8280,0.1808,40.1000,76,97,447551
1.8426,0.1906,40.0000,76,97,447554
1.8231,0.1808,40.3300,76,97,447558
1.8377,0.1857,39.9600,76,97,447561
1.8133,0.1808,39.9300,76,97,447564
1.8133,0.1857,40.1000,76,97,447568
1.8426,0.1906,39.9600,76,97,447571
1.8035,0.1760,40.1000,76,97,447575
1.8475,0.1808,39.9600,76,97,447578
1.7986,0.1515,40.0600,76,97,447582
1.8035,0.1760,40.1000,76,97,447585
1.8231,0.1857,40.0000,76,97,447588
1.8133,0.1808,39.2200,76,97,447592
1.8524,0.1857,39.9300,76,97,447595
1.8377,0.1808,40.0000,76,97,447598
1.8426,0.1857,40.1000,76,97,447602
1.8573,0.1857,40.0300,76,97,447605
1.8475,0.1808,40.0000,76,97,447608
1.8964,0.1955,39.8900,76,97,447612
1.8573,0.1760,40.1000,76,97,447616
1.8671,0.1760,40.0600,76,97,447619
1.8817,0.1808,40.0600,76,97,447622
1.8622,0.1808,40.1000,76,97,447626
1.9062,0.2248,39.8300,76,97,447629
1.8671,0.1711,40.0000,76,97,447632
1.8426,0.1760,40.1000,76,97,447636
1.8719,0.1808,40.0600,76,97,447639
1.8426,0.1711,40.1000,76,97,447642
1.9013,0.1906,39.8900,76,97,447646
1.8671,0.1808,40.1000,76,97,447649
1.8768,0.1760,39.9600,76,97,447652
1.8622,0.1760,40.0600,76,97,447656
1.8573,0.1808,40.1000,76,97,447660
1.8719,0.1906,39.9300,76,97,447663
1.8377,0.1808,40.0600,76,97,447666
1.8524,0.1808,39.9600,76,97,447670
1.8231,0.1808,40.1000,76,97,447673
1.8133,0.1808,40.2300,76,97,447676
1.8231,0.2102,40.0300,76,97,447680
1.8182,0.1711,40.1000,76,97,447683
1.8328,0.1808,40.0600,76,97,447686
1.8084,0.1857,40.1600,76,97,447690
1.8133,0.1760,40.1000,76,97,447693
1.8377,0.1857,40.0300,76,97,447696
1.8133,0.1808,40.1000,76,97,447700
1.8475,0.1857,39.8300,76,97,447704
1.8182,0.1711,40.0000,76,97,447707
1.8231,0.1808,40.1000,76,97,447710
1.8377,0.1857,40.0300,76,97,447714
1.8231,0.1808,40.1000,76,97,447717
1.8768,0.1857,39.8600,76,97,447720
1.8377,0.1808,40.0300,76,97,447724
1.8280,0.1760,40.0600,76,97,447727
1.8328,0.1857,40.1000,76,97,447730
1.8377,0.1808,40.1000,76,97,447734
1.9013,0.2004,39.8300,76,97,447737
1.8866,0.1760,40.0600,76,97,447740
1.9110,0.1808,40.0300,76,97,447744
1.9795,0.1808,39.9600,76,97,447748
2.1065,0.1711,40.1000,76,97,447751
2.2190,0.1906,39.9300,76,97,447754
2.2776,0.1857,40.0600,76,97,447758
2.3949,0.1711,40.0000,76,97,447761
2.5122,0.1808,40.0600,76,97,447764
2.6442,0.1760,40.1000,76,97,447768
2.7908,0.1857,39.9600,76,97,447771
2.7077,0.1857,40.1000,76,97,447774
2.5513,0.1808,39.9300,76,97,447778
2.2532,0.1808,40.1300,76,97,447781
1.9795,0.1808,40.0600,76,97,447784
1.8035,0.1857,40.0000,76,97,447788
1.6178,0.1808,40.1000,76,97,447792
1.6080,0.1857,39.9300,76,97,447795
1.6031,0.1711,40.0600,76,97,447798
1.6471,0.1808,40.2000,76,97,447802
1.6960,0.2151,40.0300,76,97,447805
1.7253,0.1808,40.1000,76,97,447808
1.7742,0.1808,40.1000,76,97,447812
1.7498,0.1808,40.1000,76,97,447815
1.7644,0.1808,39.7300,76,97,447818
1.7889,0.1857,40.1000,76,97,447821
1.7791,0.1808,40.1000,76,97,447825
1.8231,0.1906,39.8300,76,97,447828
1.7986,0.1857,40.0600,76,97,447832
1.7840,0.1760,40.1300,76,97,447836
1.7937,0.1808,40.0600,76,97,447839
1.7791,0.1808,40.1000,76,97,447842
1.8328,0.2004,39.9600,76,97,447846
1.7937,0.1808,40.0300,76,97,447849
1.7889,0.1760,40.0300,76,97,447852
1.7840,0.1808,40.0600,76,97,447856
1.7889,0.1857,40.1000,76,97,447859
1.8377,0.1906,39.9300,76,97,447862
1.8084,0.1808,40.0300,76,97,447865
1.8280,0.1760,40.0000,76,97,447869
1.8133,0.1515,40.1000,76,97,447873
1.8182,0.1760,40.1300,76,97,447876
1.8475,0.1857,40.0600,76,97,447880
1.8328,0.1857,40.0300,76,97,447883
1.8573,0.1857,39.9600,76,97,447886
1.8328,0.1808,40.0600,76,97,447890
1.8377,0.1711,40.1000,76,97,447893
1.8671,0.1906,40.0000,76,97,447896
1.8426,0.1857,40.1000,76,97,447900
1.8768,0.1808,40.0000,76,97,447903
1.8524,0.1808,40.0300,76,97,447906
1.8622,0.1808,40.0600,76,97,447909
1.8866,0.1857,40.0300,76,97,447913
1.8719,0.1808,40.3000,76,97,447917
1.9110,0.1760,39.8900,76,97,447920
1.8866,0.1857,40.0300,76,97,447924
1.8817,0.1808,40.0600,76,97,447927
1.8964,0.1906,40.0300,76,97,447930
1.8964,0.1711,40.1000,76,97,447934
1.9501,0.1906,39.8300,76,97,447937
1.9013,0.1808,40.0600,76,97,447940
1.9159,0.1760,40.1000,76,97,447943
1.9257,0.2151,40.1000,76,97,447947
1.9306,0.1808,40.3600,76,97,447950
1.9941,0.2004,39.8900,76,97,447953
1.9648,0.1857,40.0600,76,97,447958
1.9599,0.1760,40.0300,76,97,447961
1.9599,0.1711,40.1000,76,97,447964
1.9648,0.1808,40.0600,76,97,447968
2.0088,0.1955,39.8900,76,97,447971
1.9795,0.1808,40.0600,76,97,447974
2.0039,0.1808,40.0000,76,97,447978
1.9892,0.1808,40.1300,76,97,447981
1.9941,0.1808,40.1000,76,97,447984
2.0332,0.1857,39.7700,76,97,447987
2.0039,0.2004,40.0600,76,97,447991
2.0332,0.2199,39.9600,76,97,447994
1.9990,0.1808,40.1000,76,97,447997
1.9941,0.1808,40.1000,76,97,448003
1.9892,0.1808,40.1600,76,97,448006
2.0039,0.1955,40.0300,76,97,448010
1.9697,0.1808,40.1000,76,97,448013
2.0039,0.1857,39.9300,76,97,448016
1.9648,0.1906,40.0000,76,97,448020
1.9306,0.1760,40.1000,76,97,448023
1.9208,0.1857,40.1300,76,97,448026
1.8964,0.2053,40.1000,76,97,448029
1.9355,0.1955,39.8300,76,97,448033
1.8671,0.1906,39.9600,76,97,448036
1.8377,0.1760,40.1000,76,97,448039
1.8231,0.1808,40.0600,76,97,448044
1.8035,0.1808,40.1600,76,97,448047
1.8328,0.2053,39.8300,76,97,448050
1.7742,0.1808,40.0600,76,97,448054
1.7693,0.1808,39.4800,76,97,448057
1.7449,0.1760,40.1000,76,97,448060
1.7351,0.1808,40.1600,76,97,448063
1.7498,0.2004,40.0600,76,97,448067
1.7351,0.1808,40.0600,76,97,448070
1.7253,0.1808,39.9600,76,97,448073
1.7107,0.1857,40.1000,76,97,448077
1.7155,0.1857,40.1000,76,97,448080
1.7449,0.1955,39.5400,76,97,448083
1.7204,0.1808,40.1000,76,97,448088
1.7400,0.1857,39.9600,76,97,448091
1.7107,0.1760,39.9300,76,97,448094
1.7107,0.1857,40.1000,76,97,448097
1.7302,0.1857,40.0000,76,97,448101
1.7155,0.2102,40.0600,76,97,448104
1.7449,0.1906,39.9300,76,97,448107
1.7253,0.1808,40.0300,76,97,448111
1.7253,0.1808,40.1000,76,97,448114
1.7400,0.1857,40.1300,76,97,448117
1.7351,0.1808,40.0600,76,97,448121
1.7791,0.1857,39.8300,76,97,448124
1.7449,0.1515,40.2300,76,97,448128
1.7546,0.1760,40.1000,76,97,448132
1.7742,0.1857,40.0600,76,97,448135
1.7595,0.1760,40.1300,76,97,448138
1.8182,0.1955,39.8300,76,97,448141
1.7889,0.1857,40.2300,76,97,448145
1.7791,0.1760,40.0600,76,97,448148
1.7889,0.1857,40.0600,76,97,448151
1.7889,0.1760,40.1000,76,97,448155
1.8377,0.1906,39.9300,76,97,448158
1.8035,0.1857,40.1000,76,97,448161
1.8280,0.1711,40.0300,76,97,448165
1.7986,0.1808,40.1000,76,97,448168
1.7986,0.1808,39.9600,76,97,448172
1.8328,0.1906,39.9600,76,97,448175
1.8084,0.1808,40.1000,76,97,448179
1.8328,0.1808,40.0000,76,97,448182
1.8133,0.1808,40.0600,76,97,448185
1.8280,0.1857,40.1000,76,97,448189
1.8328,0.1808,39.1900,76,97,448192
1.8231,0.1857,40.0600,76,97,448195
1.8524,0.1955,39.9600,76,97,448199
1.8182,0.1808,40.1000,76,97,448202
1.8182,0.1808,40.1000,76,97,448205
1.8524,0.1906,40.0000,76,97,448208
1.8280,0.2004,40.1000,76,97,448212
1.8524,0.1760,39.9300,76,97,448216
1.8328,0.1808,40.0000,76,97,448219
1.8280,0.1808,40.1000,76,97,448223
1.8719,0.1906,40.0300,76,97,448226
1.8231,0.1808,40.1000,76,97,448229
1.8622,0.1857,39.9600,76,97,448233
1.8622,0.1808,40.1000,76,97,448236
1.8182,0.1808,40.1000,76,97,448239
1.8328,0.2053,40.0300,76,97,448242
1.8133,0.1906,40.1000,76,97,448246
1.8573,0.1955,39.8300,76,97,448249
1.8182,0.1857,39.9600,76,97,448252
1.8133,0.1711,40.0600,76,97,448257
1.8182,0.1857,40.0000,76,97,448260
1.8182,0.1808,40.1000,76,97,448263
1.8671,0.2004,39.9600,76,97,448267
1.8280,0.1857,40.0300,76,97,448270
1.8182,0.1760,40.0000,76,97,448273
1.8035,0.1808,40.0300,76,97,448277
1.8035,0.1857,40.1000,76,97,448280
1.8377,0.1906,39.9300,76,97,448283
1.8084,0.2004,40.0600,76,97,448286
1.8231,0.1760,39.9600,76,97,448290
1.7986,0.1808,40.1000,76,97,448293
1.7937,0.1808,40.2000,76,97,448296
1.8328,0.2004,39.9600,76,97,448301
1.8035,0.1857,40.0600,76,97,448304
1.8280,0.1906,40.0000,76,97,448307
1.8035,0.1808,40.1000,76,97,448311
1.8035,0.1857,40.1000,76,97,448314
1.8133,0.1808,40.0000,76,97,448317
1.8035,0.1808,40.0600,76,97,448320
1.8328,0.2053,39.9300,76,97,448324
1.8133,0.1808,40.1300,76,97,448327
1.8182,0.1808,40.1000,76,97,448330
1.8377,0.1955,40.0000,76,97,448334
1.8133,0.1808,40.0300,76,97,448337
1.8524,0.2004,39.8600,76,97,448340
1.8328,0.1857,40.0000,76,97,448345
1.8182,0.1808,40.1000,76,97,448348
1.8231,0.1906,40.0600,76,97,448351
1.8182,0.1808,40.1000,76,97,448354
1.8671,0.1906,39.8300,76,97,448358
1.8426,0.1808,40.0300,76,97,448361
1.8182,0.1808,40.1000,76,97,448364
1.8328,0.1857,40.0600,76,97,448368
1.8182,0.2004,40.1300,76,97,448371
1.8768,0.2004,39.8600,76,97,448374
1.8328,0.1857,40.4000,76,97,448378
1.8182,0.1711,40.0300,76,97,448381
1.8182,0.1906,40.1000,76,97,448385
1.8133,0.1808,40.1300,76,97,448388
1.8817,0.2004,39.9600,76,97,448392
1.8328,0.1857,40.0600,76,97,448395
1.8524,0.1808,40.0000,76,97,448398
1.8426,0.1808,40.1000,76,97,448402
1.8475,0.1808,40.1000,76,97,448405
1.8817,0.1906,39.8900,76,97,448408
1.8573,0.1808,40.1000,76,97,448412
1.8768,0.1857,39.9300,76,97,448415
1.8573,0.1906,40.1600,76,97,448418
1.8719,0.1857,40.1000,76,97,448421
1.8915,0.1906,40.0600,76,97,448425
1.8719,0.2102,40.0600,76,97,448429
1.8964,0.1857,39.9600,76,97,448432
1.8573,0.1760,40.1300,76,97,448436
1.8524,0.1955,40.0600,76,97,448439
1.8622,0.1857,40.0000,76,97,448442
1.8426,0.1808,40.1000,76,97,448446
1.8719,0.1906,39.8300,76,97,448449
1.8524,0.1808,40.1300,76,97,448452
1.8622,0.1808,40.1000,76,97,448456
1.8768,0.1906,40.0300,76,97,448459
1.8622,0.1808,40.2000,76,97,448462
1.9062,0.1906,39.8900,76,97,448465
1.8817,0.1711,40.0000,76,97,448470
1.8573,0.1808,40.1000,76,97,448473
1.8817,0.1857,40.0600,76,97,448476
1.8426,0.1808,40.1000,76,97,448480
1.8915,0.2004,39.9600,76,97,448483
1.8622,0.1808,40.0000,76,97,448486
1.8280,0.1760,40.0600,76,97,448490
1.8280,0.1857,40.0600,76,97,448493
1.8231,0.1808,40.0000,76,97,448496
1.8719,0.2004,39.9300,76,97,448499
1.8573,0.1906,40.1000,76,97,448503
1.8475,0.1808,40.0000,76,97,448506
1.8280,0.1808,40.1000,76,97,448509
1.8377,0.1808,40.1000,76,97,448514
1.8622,0.2151,40.0300,76,97,448517
1.8377,0.1857,40.1000,76,97,448520
1.8622,0.1857,39.9600,76,97,448524
1.8719,0.1808,40.1000,76,97,448527
1.8475,0.1808,40.1000,76,97,448530
1.8768,0.1906,40.0300,76,97,448533
1.8475,0.1857,40.1000,76,97,448537
1.8866,0.1906,40.0000,76,97,448540
1.8622,0.1760,40.0600,76,97,448543
1.8866,0.1808,40.1000,76,97,448547
1.9599,0.1857,40.0000,76,97,448550
2.0283,0.1808,40.1000,76,97,448553
2.1457,0.1808,39.9300,76,97,448558
2.2336,0.1808,40.0300,76,97,448561
2.3069,0.1808,40.1000,76,97,448564
2.4536,0.1906,39.9600,76,97,448567
2.5513,0.1857,40.1000,76,97,448571
2.7322,0.1857,39.8600,76,97,448574
2.7468,0.1857,40.1000,76,97,448577
2.6833,0.1808,40.1000,76,97,448581
2.4780,0.1857,40.0300,76,97,448584
2.1896,0.1857,40.1000,76,97,448587
1.9844,0.1906,39.8000,76,97,448591
1.7693,0.1857,40.0300,76,97,448594
1.6764,0.1955,40.0600,76,97,448598
1.6667,0.1857,40.1000,76,97,448601
1.6911,0.1808,40.1300,76,97,448605
1.7742,0.2004,39.9300,76,98,448608
1.7889,0.1906,40.0600,76,98,448613
1.7644,0.1857,39.1600,76,98,448616
1.7840,0.1857,39.9600,76,98,448619
1.7595,0.1515,40.1000,76,98,448623
1.7693,0.2199,40.0600,76,98,448626
1.7791,0.1808,40.0000,76,98,448629
1.7791,0.1808,40.1000,76,98,448633
1.8084,0.1808,40.0300,76,98,448636
1.7791,0.1857,40.1000,76,98,448640
1.7889,0.1515,40.1000,76,98,448643
1.8084,0.1906,40.0000,76,98,448647
1.8133,0.1711,40.1000,76,98,448650
1.8280,0.1857,40.0000,76,98,448653
1.8084,0.1906,40.0000,76,98,448657
1.8035,0.1857,40.0600,76,98,448660
1.8182,0.1857,40.0600,76,98,448663
1.8133,0.1808,40.1300,76,98,448667
1.8768,0.1906,39.8300,76,98,448670
1.8328,0.1857,40.4700,76,98,448673
1.8426,0.1760,40.1000,76,98,448677
1.8524,0.1857,40.0600,76,98,448680
1.8426,0.1808,40.1000,76,98,448684
1.9013,0.1955,39.8300,76,98,448687
1.8671,0.1906,39.9600,76,98,448691
1.8622,0.1808,40.1000,76,98,448694
1.8671,0.1711,40.0600,76,98,448697
1.8671,0.1857,40.0600,76,98,448701
1.9159,0.1906,40.0000,76,98,448704
1.8915,0.1857,40.0600,76,98,448707
1.9110,0.1857,40.0300,76,98,448711
1.8964,0.1808,40.1000,76,98,448714
1.9013,0.1808,40.2300,76,98,448717
1.9404,0.1857,39.9300,76,98,448720
1.9110,0.1857,40.1000,76,98,448724
1.9501,0.1857,39.9600,76,98,448728
1.9404,0.1857,40.1000,76,98,448731
1.9404,0.1808,40.1600,76,98,448735
1.9746,0.1808,40.0000,76,98,448738
1.9599,0.1808,40.1000,76,98,448741
1.9941,0.1808,40.0000,76,98,448745
1.9697,0.1760,40.0600,76,98,448748
1.9844,0.1857,40.1000,76,98,448751
2.0186,0.1857,39.9600,76,98,448754
2.0039,0.1857,40.0000,76,98,448758
2.0430,0.1857,39.8600,76,98,448761
2.0235,0.1857,40.1300,76,98,448764
2.0283,0.1808,40.1300,76,98,448769
2.0479,0.1906,40.1000,76,98,448772
2.0381,0.1808,40.1000,76,98,448775
2.0870,0.1906,39.8600,76,98,448779
2.0626,0.1857,39.1200,76,98,448782
2.0430,0.1760,40.1000,76,98,448785
2.0528,0.1857,40.0600,76,98,448788
2.0430,0.1808,40.0600,76,98,448792
2.0968,0.1906,39.8000,76,98,448795
2.0479,0.1857,40.1000,76,98,448798
2.0332,0.1760,40.1300,76,98,448802
2.0332,0.1857,40.0600,76,98,448805
2.0186,0.1760,40.1000,76,98,448808
2.0772,0.2004,39.8900,76,98,448813
2.0283,0.1906,40.1600,76,98,448816
2.0088,0.1808,40.1000,76,98,448819
1.9892,0.1857,40.1000,76,98,448822
1.9746,0.1808,40.1600,76,98,448826
1.9941,0.2102,39.9600,76,98,448829
1.9501,0.1857,40.0300,76,98,448832
1.9404,0.1857,40.0000,76,98,448836
1.9062,0.1857,40.1000,76,98,448839
1.8817,0.1808,40.0600,76,98,448842
1.8915,0.1906,39.9300,76,98,448846
1.8426,0.1515,40.1000,76,98,448849
1.8426,0.1906,40.1000,76,98,448852
1.7937,0.1955,40.1000,76,98,448856
1.8084,0.1760,40.1000,76,98,448860
1.7791,0.1906,39.9600,76,98,448863
1.7498,0.1857,40.1000,76,98,448866
1.7644,0.1808,39.9300,76,98,448870
1.7253,0.1808,40.0000,76,98,448873
1.7253,0.1808,40.1000,76,98,448876
1.7302,0.1906,40.0600,76,98,448880
1.7107,0.1808,40.2000,76,98,448883
1.7400,0.1906,39.8900,76,98,448886
1.7058,0.1760,40.0600,76,98,448889
1.7107,0.1857,40.1000,76,98,448893
1.7253,0.1906,40.0300,76,98,448897
1.7058,0.1808,40.1000,76,98,448900
1.7595,0.1906,39.8600,76,98,448904
1.7351,0.1955,39.9600,76,98,448907
1.7253,0.1808,40.1300,76,98,448910
1.7351,0.2004,40.1000,76,98,448914
1.7351,0.1808,40.1000,76,98,448917
1.7889,0.2004,39.8300,76,98,448920
1.7449,0.1857,40.0300,76,98,448923
1.7400,0.1857,40.0300,76,98,448927
1.7449,0.1857,40.0600,76,98,448930
1.7400,0.1760,40.0600,76,98,448933
1.7840,0.2151,39.9300,76,98,448937
1.7644,0.1857,40.0600,76,98,448941
1.7693,0.1808,40.0000,76,98,448944
1.7546,0.1857,40.0600,76,98,448948
1.7546,0.1808,40.1000,76,98,448951
1.7840,0.1906,40.0300,76,98,448954
1.7742,0.1906,40.0300,76,98,448957
1.7889,0.1906,39.9300,76,98,448961
1.7742,0.2151,40.1000,76,98,448964
1.7742,0.1808,40.1000,76,98,448967
1.8133,0.1906,40.2300,76,98,448971
1.7937,0.1711,40.1000,76,98,448974
1.8182,0.1808,39.9300,76,98,448977
1.7937,0.1760,40.0600,76,98,448982
1.7986,0.1808,40.1000,76,98,448985
1.8182,0.1857,40.0600,76,98,448988
1.8084,0.1808,40.1000,76,98,448992
1.8426,0.1857,39.1200,76,98,448995
1.8182,0.1857,40.0300,76,98,448998
1.8133,0.1808,40.1000,76,98,449001
1.8377,0.1906,40.0300,76,98,449005
1.8182,0.1857,40.1000,76,98,449008
1.8671,0.1906,39.8600,76,98,449011
1.8280,0.1760,40.0000,76,98,449015
1.8328,0.1808,40.0600,76,98,449018
1.8328,0.1857,40.0600,76,98,449021
1.8231,0.1760,40.1300,76,98,449026
1.8768,0.2004,39.8900,76,98,449029
1.8377,0.1906,40.0000,76,98,449032
1.8231,0.1906,40.0300,76,98,449035
1.8280,0.1857,40.0600,76,98,449039
1.8231,0.1808,40.0600,76,98,449042
1.8622,0.2004,39.9300,76,98,449045
1.8280,0.1857,40.1000,76,98,449049
1.8328,0.2053,40.0000,76,98,449052
1.8280,0.1808,40.1300,76,98,449055
1.8133,0.1808,40.1000,76,98,449059
1.8426,0.2053,40.0300,76,98,449062
1.8231,0.1711,40.0600,76,98,449065
1.8377,0.1857,39.9600,76,98,449070
1.8035,0.1857,40.1000,76,98,449073
1.8035,0.1808,40.1000,76,98,449076
1.8084,0.1808,40.0300,76,98,449079
1.7986,0.1857,40.1000,76,98,449083
1.8280,0.1808,40.0000,76,98,449086
1.7986,0.1857,40.1600,76,98,449089
1.8035,0.1808,40.1300,76,98,449093
1.8182,0.1906,40.0600,76,98,449096
1.7986,0.1760,40.1000,76,98,449099
1.8328,0.1857,39.9600,76,98,449103
1.8084,0.1955,40.1000,76,98,449106
1.7986,0.1857,40.1000,76,98,449110
1.8084,0.1857,40.1600,76,98,449113
1.7937,0.1808,40.0600,76,98,449117
1.8328,0.1955,39.8600,76,98,449120
1.8035,0.1857,40.0300,76,98,449123
1.7937,0.1808,40.1000,76,98,449127
1.8084,0.1857,40.0600,76,98,449130
1.7986,0.1808,40.1000,76,98,449133
1.8475,0.2004,39.8600,76,98,449137
1.8084,0.1857,39.9600,76,98,449140
1.7986,0.1760,40.0300,76,98,449143
1.7937,0.1857,40.1000,76,98,449146
1.7937,0.1808,40.1000,76,98,449150
1.8328,0.1955,39.9600,76,98,449154
1.8280,0.1808,40.0300,76,98,449157
1.7986,0.1808,40.0000,76,98,449161
1.7840,0.1808,40.0600,76,98,449164
1.7840,0.1906,40.0600,76,98,449167
1.8133,0.1906,39.9600,76,98,449171
1.7840,0.1857,40.1600,76,98,449174
1.8035,0.2004,39.9300,76,98,449177
1.8182,0.1760,40.0600,76,98,449180
1.7791,0.1808,40.1000,76,98,449184
1.7986,0.2004,40.0000,76,98,449187
1.7791,0.1906,40.1000,76,98,449190
1.7986,0.1857,40.0000,76,98,449195
1.7693,0.1808,40.0600,76,98,449198
1.7791,0.1808,40.1600,76,98,449201
1.8035,0.1857,39.9600,76,98,449205
1.7937,0.1808,40.0600,76,98,449208
1.8231,0.1857,39.9300,76,98,449211
1.7937,0.1808,40.0600,76,98,449215
1.7937,0.1760,40.1000,76,98,449218
1.8182,0.1906,40.0300,76,98,449221
1.8133,0.1857,40.1000,76,98,449226
1.7986,0.1760,40.0600,76,98,449229
1.8475,0.2053,39.9600,76,98,449232
1.7937,0.1857,39.9300,76,98,449236
1.7889,0.1808,40.0300,76,98,449240
1.7840,0.1515,40.1000,76,98,449243
1.7937,0.1808,39.9600,76,98,449247
1.8622,0.1808,39.9600,76,98,449250
1.8133,0.1857,40.0600,76,98,449253
1.8280,0.1808,40.0000,76,98,449257
1.8035,0.1808,40.0600,76,98,449260
1.7986,0.1808,40.1000,76,98,449263
1.8133,0.1906,40.1300,76,98,449266
1.7889,0.2102,40.1000,76,98,449270
1.7986,0.1906,40.0000,76,98,449273
1.7644,0.1760,40.1600,76,98,449276
1.7840,0.1808,40.1000,76,98,449281
1.7840,0.1906,40.0000,76,98,449284
1.7546,0.1857,40.1000,76,98,449287
1.7742,0.1808,39.9300,76,98,449291
1.7546,0.1808,40.1000,76,98,449294
1.7498,0.1808,40.1000,76,98,449297
1.7742,0.1857,40.0000,76,98,449300
1.7595,0.1808,40.2000,76,98,449304
1.7937,0.1906,39.8600,76,98,449307
1.7791,0.1711,40.0300,76,98,449310
1.7693,0.1808,40.2000,76,98,449314
1.7937,0.1857,40.0000,76,98,449317
1.7791,0.1857,40.1000,76,98,449320
1.8280,0.1906,39.8600,76,98,449325
1.7889,0.1760,40.1000,76,98,449328
1.7889,0.1711,40.1000,76,98,449331
1.7937,0.1857,39.9600,76,98,449334
1.8035,0.1808,40.1000,76,98,449338
1.8719,0.1906,39.8900,76,98,449341
1.8719,0.1857,40.0000,76,98,449344
1.9453,0.1760,40.0600,76,98,449348
2.0283,0.1857,40.0600,76,98,449351
2.1212,0.1857,40.1000,76,98,449354
2.2630,0.1906,39.8900,76,98,449358
2.3314,0.1857,40.0600,76,98,449361
2.4731,0.1857,39.9600,76,98,449364
2.5758,0.1857,40.1000,76,98,449369
2.6637,0.1808,40.0600,76,98,449372
2.6637,0.1808,39.9600,76,98,449375
2.4585,0.1955,40.0600,76,98,449378
2.2141,0.1857,39.9300,76,98,449382
1.9110,0.1857,40.1000,76,98,449385
1.7009,0.1808,40.3300,76,98,449388
1.6080,0.1808,40.0000,76,98,449392
1.5738,0.1857,40.1000,76,98,449395
1.6227,0.1808,39.9300,76,98,449398
1.6325,0.1857,40.1000,76,98,449402
1.6667,0.1808,40.1000,76,98,449405
1.7009,0.1906,39.9600,76,98,449409
1.6911,0.1808,40.0600,76,98,449412
1.7253,0.1857,39.9300,76,98,449416
1.7155,0.1857,40.0000,76,98,449419
1.7107,0.1857,40.1000,76,98,449422
1.7253,0.1857,40.0600,76,98,449426
1.7155,0.1808,40.1000,76,98,449429
1.7693,0.1906,39.8600,76,98,449432
1.7302,0.1760,40.0300,76,98,449436
1.7253,0.1808,40.1300,76,98,449439
1.7400,0.1857,40.0000,76,98,449442
1.7351,0.1955,40.0600,76,98,449445
1.8084,0.2053,39.8600,76,98,449449
1.7595,0.1906,40.1300,76,98,449453
1.7498,0.1857,40.0600,76,98,449456
1.7449,0.1808,40.0300,76,98,449460
1.7546,0.1808,40.0000,76,98,449463
1.7986,0.2004,40.0000,76,98,449466
1.7644,0.1857,40.0600,76,98,449470
1.7791,0.1857,40.0000,76,98,449473
1.7840,0.1808,40.2300,76,98,449476
1.7742,0.1808,40.1000,76,98,449479
1.8084,0.1906,39.9300,76,98,449483
1.7840,0.1857,40.0600,76,98,449486
1.8133,0.1808,39.9600,76,98,449489
1.7889,0.1515,40.0000,76,98,449494
1.7937,0.2199,40.0600,76,98,449497
1.8280,0.1955,40.0000,76,98,449500
1.8084,0.1857,39.9600,76,98,449504
1.8328,0.1857,39.9600,76,98,449507
1.8084,0.1808,40.1300,76,98,449510
1.8182,0.1857,40.1000,76,98,449514
1.8426,0.1857,39.9600,76,98,449517
1.8231,0.1808,40.1000,76,98,449520
1.8622,0.1760,39.8600,76,98,449523
1.8377,0.1515,40.1300,76,98,449527
1.8426,0.2151,40.1000,76,98,449530
1.8622,0.1857,40.0600,76,98,449533
1.8866,0.1760,40.1000,76,98,449538
1.9159,0.1906,39.8300,76,98,449541
1.8964,0.1857,40.0600,76,98,449544
1.9159,0.1808,40.1000,76,98,449548
1.9110,0.1857,40.1300,76,98,449551
1.9110,0.1857,40.1000,76,98,449554
1.9795,0.2004,39.8900,76,98,449558
1.9404,0.1857,40.0000,76,98,449561
1.9550,0.1760,40.0300,76,98,449564
1.9550,0.1857,40.1000,76,98,449567
1.9501,0.1808,40.1000,76,98,449571
2.0039,0.2004,39.9300,76,98,449574
1.9844,0.1711,40.0300,76,98,449577
1.9892,0.1808,40.0600,76,98,449582
1.9746,0.1906,40.1000,76,98,449585
1.9795,0.1808,40.1000,76,98,449588
2.0039,0.1906,39.9600,76,98,449592
1.9844,0.2053,40.1000,76,98,449595
2.0137,0.1857,39.9300,76,98,449598
1.9844,0.1808,40.0600,76,98,449601
1.9844,0.1760,40.1000,76,98,449605
2.0137,0.1857,39.9600,76,98,449608
1.9795,0.2102,40.1000,76,98,449611
2.0088,0.1711,39.9300,76,98,449615
1.9697,0.1808,40.1000,76,98,449618
1.9599,0.1808,40.2600,76,98,449622
1.9648,0.1906,40.0000,76,98,449626
1.9453,0.1808,40.0300,76,98,449629
1.9599,0.1857,39.8600,76,98,449632
1.9159,0.1857,39.9600,76,98,449635
1.8915,0.1857,40.0600,76,98,449639
1.8964,0.1808,40.0000,76,98,449642
1.8573,0.1808,40.1300,76,98,449645
1.8768,0.1906,39.8600,76,98,449649
1.8084,0.1760,40.0300,76,98,449652
1.7986,0.1711,40.1000,76,98,449655
1.7889,0.1857,39.8000,76,98,449659
1.7742,0.1711,40.1000,76,98,449662
1.7937,0.2004,39.5400,76,98,449666
1.7449,0.1857,39.9300,76,98,449669
1.7302,0.1857,40.0600,76,98,449673
1.7009,0.1857,40.0600,76,98,449676
1.6911,0.1857,40.0600,76,98,449679
1.7253,0.1955,39.8900,76,98,449683
1.6911,0.1906,40.1000,76,98,449686
1.7107,0.1760,40.0000,76,98,449689
1.6813,0.1857,40.2000,76,98,449693
1.6764,0.1906,40.0600,76,98,449696
1.7009,0.1955,39.9600,76,98,449699
1.6862,0.1857,40.0600,76,98,449703
1.7009,0.1857,40.0000,76,98,449707
1.6862,0.1857,40.1000,76,98,449710
1.6862,0.1808,40.1300,76,98,449713
1.7009,0.1808,40.0300,76,98,449717
1.7009,0.1857,40.1000,76,98,449720
1.7204,0.1906,40.0600,76,98,449723
1.6960,0.1808,40.1000,76,98,449727
1.7107,0.1808,40.1000,76,98,449730
1.7302,0.1906,39.9600,76,98,449733
1.7107,0.1857,40.0600,76,98,449737
1.7449,0.1808,39.9300,76,98,449740
1.7302,0.1857,40.4700,76,98,449743
1.7302,0.2053,40.2300,76,98,449746
1.7449,0.1906,40.0300,76,98,449751
1.7351,0.1857,40.1600,76,98,449754
1.7840,0.1955,39.8600,76,98,449757
1.7546,0.2053,40.0300,76,98,449761
1.7449,0.1857,40.1300,76,98,449764
1.7595,0.1906,40.0300,76,98,449767
1.7449,0.1808,40.1600,76,98,449771
1.7986,0.1906,39.8300,76,98,449774
1.7693,0.1857,40.3300,76,98,449777
1.7693,0.2102,40.0600,76,98,449780
1.7791,0.1857,40.1000,76,98,449784
1.7791,0.1906,40.0600,76,98,449787
1.8328,0.2004,39.9600,76,98,449790
1.8133,0.1906,40.0300,76,98,449795
1.8035,0.1808,40.0300,76,98,449798
1.7986,0.1808,40.0600,76,98,449801
1.7986,0.1808,40.1300,76,98,449805
1.8328,0.2004,39.9300,76,98,449808
1.8035,0.1857,40.0600,76,98,449811
1.8182,0.1857,40.0000,76,98,449815
1.7986,0.1857,40.0600,76,98,449818
1.8280,0.1857,40.1000,76,98,449821
1.8280,0.1906,40.0300,76,98,449824
1.8084,0.1857,39.9300,76,98,449828
1.8377,0.1955,40.0000,76,98,449831
1.8084,0.1515,39.8900,75,97,449835
1.7937,0.1808,40.1000,75,97,449840
1.7937,0.1808,40.1600,75,97,449843
1.8035,0.2053,40.0300,75,97,449847
1.7889,0.1808,39.2500,75,97,449850
1.8328,0.1906,39.8300,75,97,449853
1.8035,0.1857,40.0000,75,97,449857
1.7889,0.1808,40.1000,75,97,449860
1.7889,0.1857,40.0600,75,97,449863
1.7889,0.1808,40.1000,75,97,449866
1.8377,0.2004,39.9600,75,97,449870
1.7889,0.1808,40.1000,75,97,449873
1.7840,0.1808,40.0000,75,97,449876
1.7840,0.1857,40.1000,75,97,449881
1.7840,0.1808,40.0600,75,97,449884
1.8231,0.2053,39.9600,75,97,449887
1.7937,0.1857,40.1000,75,97,449891
1.8035,0.1857,39.9600,75,97,449894
1.7791,0.1857,40.1000,75,97,449897
1.7840,0.1808,40.1600,75,97,449900
1.8084,0.1760,40.0300,75,97,449904
1.7937,0.1857,40.1000,75,97,449907
1.8133,0.1857,39.9600,75,97,449910
1.7840,0.1857,40.1000,75,97,449914
1.7889,0.1808,40.3000,75,97,449917
1.8133,0.1955,39.9600,75,97,449921
1.7840,0.1857,40.1300,75,97,449925
1.8035,0.1857,39.9300,75,97,449928
1.7889,0.1711,40.0300,75,97,449931
1.7840,0.1808,40.1600,75,97,449935
1.7986,0.1906,40.0300,75,97,449938
1.7889,0.1808,40.0600,75,97,449941
1.8280,0.1906,39.9600,75,97,449944
1.7937,0.1808,40.0300,75,97,449948
1.7937,0.1808,40.0600,75,97,449951
1.8084,0.1857,40.0300,75,97,449954
1.7986,0.1808,40.3300,75,97,449958
1.8426,0.1955,39.8600,75,97,449961
1.7937,0.1808,40.0600,75,97,449965
1.7986,0.1808,40.2000,75,97,449968
1.8035,0.1955,40.1000,75,97,449972
1.7937,0.1857,40.1000,75,97,449975
1.8524,0.2004,39.8600,75,97,449978
1.8231,0.2053,40.0000,75,97,449982
1.8182,0.1857,40.0600,75,97,449985
1.8231,0.2395,40.0600,75,97,449988
1.8280,0.1906,40.1300,75,97,449992
1.8817,0.1906,39.9300,75,97,449995
1.8426,0.2199,40.1000,75,97,449998
1.8524,0.1808,40.0000,75,97,450002
1.8426,0.1857,40.1000,75,97,450006
1.8426,0.1857,40.0300,75,97,450009
1.8817,0.1906,40.0000,75,97,450012
1.8524,0.1857,40.1000,75,97,450016
1.8817,0.1857,40.1000,75,97,450019
1.8524,0.1808,40.1000,75,97,450022
1.8524,0.1808,40.1000,75,97,450026
1.8573,0.1857,40.0000,75,97,450029
1.8426,0.1808,40.1000,75,97,450032
1.8915,0.1906,40.0600,75,97,450035
1.8377,0.1857,40.3300,75,97,450039
1.8475,0.1857,40.1000,75,97,450042
1.8768,0.1906,40.0000,75,97,450045
1.8524,0.2248,40.0600,75,97,450050
1.8866,0.1808,39.9300,75,97,450053
1.8573,0.1808,40.0000,75,97,450056
1.8426,0.1857,40.1000,75,97,450060
1.8426,0.1906,40.0600,75,97,450063
1.8182,0.1857,40.2000,75,97,450066
1.8524,0.1955,39.8600,75,97,450070
1.8182,0.1857,40.0600,75,97,450073
1.8035,0.1808,40.0600,75,97,450076
1.8084,0.1857,40.0600,75,97,450079
1.7986,0.1711,40.1000,75,97,450083
1.8524,0.1955,39.8600,75,97,450086
1.8084,0.1711,40.0300,75,97,450089
1.8084,0.1760,40.0600,75,97,450094
1.8133,0.1857,40.1300,75,97,450097
1.8084,0.1808,40.1000,75,97,450100
1.8622,0.2004,40.1300,75,97,450104
1.8280,0.1808,40.0300,75,97,450107
1.8328,0.1711,40.0300,75,97,450110
1.8182,0.2004,40.1000,75,97,450113
1.8231,0.1760,40.1000,75,97,450117
1.8622,0.1906,39.9300,75,97,450120
1.8377,0.1857,40.0600,75,97,450123
1.8475,0.1857,39.9600,75,97,450127
1.8231,0.1857,40.1300,75,97,450130
1.8280,0.1808,40.1000,75,97,450134
1.8719,0.1906,39.9600,75,97,450138
1.8817,0.1808,40.1000,75,97,450141
1.9746,0.1808,39.9600,75,97,450144
2.0332,0.1808,40.1000,75,97,450148
2.1310,0.1808,40.0600,75,97,450151
2.2825,0.1808,40.0300,75,97,450154
2.3460,0.1515,40.1000,75,97,450157
2.5122,0.1857,40.0000,75,97,450161
2.6100,0.1808,40.1000,75,97,450164
2.7273,0.1711,40.1000,75,97,450167
2.7370,0.1906,40.0000,75,97,450171
2.5464,0.1857,40.1000,75,97,450174
2.3363,0.1906,39.8600,75,97,450178
2.0283,0.2004,40.0300,75,97,450182
1.7742,0.1857,40.1000,75,97,450185
1.6276,0.1857,40.2000,75,97,450188
1.5689,0.1760,40.1000,75,97,450191
1.6227,0.1906,39.8300,75,97,450195
1.6325,0.1906,40.0300,75,97,450198
1.6618,0.1711,40.1000,75,97,450201
1.7009,0.1857,40.2600,75,97,450205
1.7204,0.1808,40.1000,75,97,450208
1.7986,0.2004,39.9300,75,97,450211
1.7498,0.1857,40.0600,75,97,450215
1.7546,0.1808,40.0600,75,97,450219
1.7644,0.1711,40.1000,75,97,450222
1.7498,0.1857,40.0600,75,97,450225
1.7840,0.1955,40.0000,75,97,450229
1.7644,0.1711,40.0600,75,97,450232
1.7791,0.1857,40.1000,75,97,450235
1.7644,0.1857,40.1000,75,97,450239
1.7693,0.1808,40.1000,75,97,450242
1.8035,0.1955,40.0000,75,97,450245
1.7840,0.1711,40.0600,75,97,450249
1.8084,0.1906,40.0000,75,97,450252
1.7840,0.1760,40.0600,75,97,450255
1.7937,0.1857,40.1000,75,97,450259
1.8182,0.1906,39.9300,75,97,450263
1.8035,0.2151,40.1000,75,97,450266
1.8426,0.1857,39.9300,75,97,450269
1.8133,0.1808,40.0000,75,97,450273
1.8280,0.1857,40.1000,75,97,450276
1.8328,0.1906,40.0600,75,97,450279
1.8280,0.1857,40.0600,75,97,450283
1.8719,0.1857,39.8600,75,97,450286
1.8377,0.1760,39.5400,75,97,450289
1.8475,0.1808,40.1000,75,97,450293
1.8573,0.1711,40.0600,75,97,450296
1.8524,0.2199,40.0600,75,97,450299
1.9110,0.1906,39.8000,75,97,450302
1.8866,0.1857,40.0300,75,97,450307
1.8719,0.1808,40.1000,75,97,450310
1.8768,0.1808,40.1000,75,97,450313
1.8817,0.1857,40.1000,75,97,450317
1.9355,0.2004,39.9300,75,97,450320
1.9013,0.1906,40.0300,75,97,450323
1.9013,0.1808,40.0000,75,97,450327
1.8964,0.1857,40.2600,75,97,450330
1.8964,0.1857,40.1000,75,97,450333
1.9355,0.1906,39.9600,75,97,450336
1.9062,0.1857,40.3300,75,97,450340
1.9306,0.1906,40.1000,75,97,450343
1.9159,0.1857,40.1000,75,97,450347
1.9208,0.2102,40.1000,75,97,450351
1.9844,0.1906,40.0300,75,97,450354
1.9404,0.1857,40.0600,75,97,450357
1.9697,0.1906,39.9300,75,97,450361
1.9404,0.1857,40.1000,75,97,450364
1.9550,0.1808,39.2200,75,97,450367
1.9990,0.1955,40.0000,75,97,450371
1.9697,0.1857,40.1000,75,97,450374
2.0039,0.1857,39.9300,75,97,450377
1.9844,0.1808,40.0000,75,97,450380
1.9795,0.1808,40.1000,75,97,450384
2.0039,0.2053,40.0000,75,97,450387
1.9892,0.2053,40.1000,75,97,450391
2.0332,0.1955,39.8900,75,97,450395
1.9990,0.1906,40.3300,75,97,450398
1.9844,0.1906,40.1600,75,97,450401
1.9941,0.1857,40.0600,75,97,450405
1.9746,0.1857,40.2300,75,97,450408
2.0235,0.1955,39.8300,75,97,450411
1.9697,0.1857,40.0300,75,97,450414
1.9648,0.1857,40.1000,75,97,450418
1.9648,0.1857,40.1000,75,97,450421
1.9453,0.2102,40.1000,75,97,450424
1.9844,0.1955,39.8900,75,97,450428
1.9306,0.1906,40.1600,75,97,450432
1.9110,0.1857,40.0000,75,97,450435
1.8915,0.1857,40.1300,75,97,450439
1.8768,0.1760,40.0600,75,97,450442
1.9208,0.1955,39.9300,75,97,450445
1.7840,0.1906,40.0300,75,97,450449
1.7449,0.1857,40.1000,75,97,450452
1.7644,0.1857,39.9300,75,97,450456
1.7204,0.1857,40.0600,75,97,450459
1.7155,0.1857,39.9600,75,97,450462
1.7204,0.1711,40.0300,75,97,450465
1.6960,0.1857,40.1000,75,97,450469
1.7253,0.1906,39.8600,75,97,450472
1.6862,0.1857,40.1000,75,97,450476
1.6862,0.1857,40.1300,75,97,450480
1.7009,0.1906,40.0300,75,97,450483
1.6862,0.1857,39.4400,75,97,450486
1.7302,0.1955,39.8300,75,97,450490
1.7107,0.1906,40.0000,75,97,450493
1.7009,0.1808,40.2000,75,97,450496
1.7058,0.1857,40.1000,75,97,450499
1.7058,0.1808,40.1000,75,97,450503
1.7644,0.2004,39.8600,75,97,450506
1.7498,0.1906,40.0600,75,97,450509
1.7204,0.1808,40.0300,75,97,450513
1.7204,0.1857,40.1300,75,97,450516
1.7204,0.1906,40.1000,75,97,450520
1.7693,0.2053,39.9600,75,97,450524
1.7351,0.1857,40.1300,75,97,450527
1.7595,0.1906,40.0000,75,97,450530
1.7546,0.1857,40.1000,75,97,450534
1.7595,0.1857,40.1000,75,97,450537
1.7840,0.1906,40.1000,75,97,450540
1.7791,0.1857,40.1600,75,97,450543
1.8035,0.1955,40.0000,75,97,450547
1.7791,0.1857,40.3600,75,97,450550
1.7889,0.1857,40.1300,75,97,450553
1.8133,0.1906,39.9600,75,97,450557
1.7889,0.1808,40.1000,75,97,450561
1.8133,0.1857,39.9300,75,97,450564
1.7937,0.1857,40.0000,75,97,450568
1.7937,0.1857,40.1000,75,97,450571
1.8133,0.1906,40.0000,75,97,450574
1.8035,0.2102,40.0600,75,97,450578
1.8426,0.1955,39.8900,75,97,450581
1.8133,0.1955,40.1300,75,97,450584
1.8084,0.1857,40.1000,75,97,450587
1.8182,0.1906,40.0600,75,97,450591
1.8133,0.1857,40.1000,75,97,450594
1.8622,0.1955,39.8600,75,97,450597
1.8182,0.1857,40.0600,75,97,450601
1.8182,0.1808,40.1000,75,97,450605
1.8182,0.1906,40.0300,75,97,450608
1.8133,0.1857,40.1000,75,97,450612
1.8622,0.2053,39.8600,75,97,450615
1.8182,0.1906,40.0300,75,97,450618
1.8133,0.1711,40.0300,75,97,450621
1.8035,0.1955,40.1000,75,97,450625
1.8084,0.1711,40.1000,75,97,450628
1.8377,0.1955,39.9600,75,97,450631
1.7986,0.1906,40.0600,75,97,450635
1.8133,0.1857,40.0000,75,97,450638
1.7937,0.1857,39.9300,75,97,450641
1.7937,0.1857,40.1000,75,97,450646
1.8231,0.1906,40.0600,75,97,450649
1.7986,0.1857,39.9300,75,97,450652
1.8573,0.1955,39.9600,75,97,450655
1.8035,0.1857,40.1000,75,97,450659
1.7986,0.1857,40.2000,75,97,450662
1.8133,0.1808,40.0300,75,97,450665
1.7986,0.1515,40.1000,75,97,450669
1.8182,0.1857,39.9300,75,97,450672
1.7889,0.1857,40.1000,75,97,450675
1.7889,0.1808,40.0600,75,97,450679
1.8084,0.1808,40.0000,75,97,450682
1.7840,0.1515,40.1000,75,97,450685
1.8231,0.1906,40.1300,75,97,450690
1.7986,0.1955,40.0000,75,97,450693
1.7889,0.1857,40.1000,75,97,450696
1.7986,0.1906,40.0600,75,97,450699
1.7986,0.1711,40.1000,75,97,450703
1.8475,0.1906,39.8300,75,97,450706
1.8084,0.1857,40.0300,75,97,450709
1.8084,0.1711,40.0300,75,97,450713
1.8084,0.1857,40.1000,75,97,450716
1.7986,0.1857,39.2200,75,97,450719
1.8524,0.2053,39.8600,75,97,450723
1.8084,0.1906,40.1300,75,97,450726
1.8084,0.2102,40.0300,75,97,450729
1.8084,0.1906,40.1000,75,97,450733
1.8035,0.1857,40.1000,75,97,450737
1.8426,0.2004,40.0300,75,97,450740
1.8182,0.1906,40.0300,75,97,450743
1.8231,0.1857,40.0600,75,97,450747
1.8182,0.1955,40.1300,75,97,450750
1.8182,0.1857,40.1000,75,97,450753
1.8524,0.1906,39.9600,75,97,450757
1.8133,0.1857,40.0600,75,97,450760
1.8377,0.1906,39.9600,75,97,450763
1.8035,0.1857,40.2300,75,97,450766
1.7986,0.1808,40.1000,75,97,450770
1.8280,0.1906,40.0300,75,97,450774
1.8133,0.1857,40.2000,75,97,450777
1.8475,0.1857,39.9300,75,97,450781
1.8231,0.1857,40.0600,75,97,450784
1.8426,0.2199,40.1000,75,97,450787
1.8573,0.1906,40.0600,75,97,450791
1.8524,0.1857,40.1000,75,97,450794
1.8866,0.2151,39.8600,75,97,450797
1.8524,0.1857,40.1000,75,97,450801
1.8671,0.1857,40.0600,75,97,450804
1.8768,0.1955,40.0300,75,97,450807
1.8671,0.1857,40.2000,75,97,450810
1.9159,0.2004,39.8300,75,97,450814
1.8768,0.1906,40.0000,75,97,450818
1.8524,0.1515,40.1300,75,97,450821
1.8573,0.1711,40.1000,75,97,450825
1.8377,0.1857,40.1600,75,97,450828
1.8915,0.1955,39.8900,75,97,450831
1.8524,0.1906,40.4000,75,97,450835
1.8524,0.1808,40.0000,75,97,450838
1.8524,0.1857,40.1000,75,97,450841
1.8426,0.1857,40.0600,75,97,450844
1.8866,0.1906,40.2000,75,97,450848
1.8524,0.1808,40.0600,75,97,450851
1.8719,0.1808,39.9600,75,97,450854
1.8377,0.1857,40.1000,75,97,450859
1.8280,0.1857,40.1000,75,97,450862
1.8426,0.1906,40.0600,75,97,450865
1.8231,0.1857,40.4000,75,97,450869
1.8377,0.1955,39.9600,75,97,450872
1.8084,0.1857,39.9600,75,97,450875
1.8133,0.2102,40.1300,75,97,450878
1.8426,0.1955,39.9600,75,97,450882
1.8133,0.1857,40.1000,75,97,450885
1.8377,0.1857,39.9600,75,97,450888
1.8084,0.1906,40.0300,75,97,450892
1.8084,0.1857,40.1000,75,97,450895
1.8280,0.1906,40.0300,75,97,450898
1.8035,0.1857,40.1000,75,97,450903
1.8426,0.1906,39.0300,75,97,450906
1.8182,0.1906,40.0000,75,97,450909
1.8182,0.1857,40.1000,75,97,450913
1.8280,0.1906,40.1000,75,97,450916
1.8231,0.1857,40.1300,75,97,450919
1.8768,0.1955,39.8300,75,97,450922
1.8377,0.1955,40.1000,75,97,450926
1.8573,0.1857,40.1300,75,97,450929
1.8866,0.1906,40.0600,75,97,450932
1.9355,0.1711,40.1000,75,97,450936
2.0723,0.2053,39.8300,75,97,450939
2.1261,0.2004,40.0300,75,97,450942
2.2434,0.1711,40.0300,75,97,450947
2.3118,0.1857,40.1300,75,97,450950
2.4340,0.1857,40.1000,75,97,450953
2.6246,0.1906,39.9600,75,97,450956
2.7028,0.2151,40.0600,75,97,450960
2.7810,0.1808,40.0300,75,97,450963
2.6588,0.1857,40.1000,75,97,450966
2.4389,0.1857,40.1000,75,97,450970
2.1945,0.2395,40.0000,75,97,450973
1.9208,0.1906,40.1000,75,97,450976
1.7546,0.1955,40.0300,75,97,450980
1.6422,0.1857,40.3600,75,97,450983
1.6276,0.1857,40.1000,75,97,450987
1.6716,0.1906,40.0300,75,97,450990
1.6960,0.1857,40.1000,75,97,450994
1.7449,0.1955,40.0000,75,97,450997
1.7302,0.1857,40.1000,75,97,451000
1.7449,0.2004,40.1000,75,97,451004
1.7791,0.1955,40.0000,75,97,451007
1.7449,0.1857,40.1000,75,97,451010
1.7791,0.1906,39.8900,75,97,451014
1.7595,0.1857,39.9600,75,97,451017
1.7546,0.1857,40.1600,75,97,451020
1.7693,0.1906,40.0600,75,97,451024
1.7546,0.1808,40.0600,75,97,451027
1.7937,0.1955,39.9600,75,97,451031
1.7791,0.1808,40.0300,75,97,451034
1.7693,0.1857,40.1300,75,97,451038
1.7742,0.2053,40.1000,75,97,451041
1.7644,0.1808,40.1000,75,97,451044
1.8280,0.2004,39.8900,75,97,451048
1.7840,0.1906,40.0300,75,97,451051
1.7937,0.1857,40.0600,75,97,451054
1.7986,0.1906,39.9600,75,97,451058
1.8231,0.1808,40.1000,75,97,451061
1.8280,0.1955,40.1000,75,97,451065
1.8622,0.1955,39.9600,75,97,451068
1.8377,0.1906,40.1000,75,97,451072
1.8671,0.1955,40.0000,75,97,451075
1.8426,0.1808,40.0600,75,97,451079
1.8524,0.1857,40.1000,75,97,451082
1.8622,0.1906,40.0300,75,97,451085
1.8622,0.1857,40.1600,75,97,451089
1.8964,0.1955,39.9300,75,97,451092
1.8768,0.1857,40.1300,75,97,451095
1.8817,0.2004,40.1000,75,97,451099
1.9013,0.1955,40.0600,75,97,451102
1.8866,0.1857,40.1300,75,97,451105
1.9355,0.1906,39.8600,75,97,451108
1.8964,0.1857,40.1000,75,97,451112
1.9110,0.1857,40.1600,75,97,451116
1.9404,0.1906,40.0600,75,97,451119
1.9208,0.1857,40.1000,75,97,451123
1.9844,0.1955,39.8900,75,97,451126
1.9648,0.1906,40.0300,75,97,451129
1.9550,0.1808,40.1000,75,97,451133
1.9648,0.1857,40.1000,75,97,451136
1.9746,0.1857,40.1000,75,97,451139
2.0332,0.2004,39.9600,75,97,451143
1.9892,0.1906,40.1000,75,97,451146
1.9990,0.1857,40.0000,75,97,451149
1.9941,0.1955,40.1000,75,97,451152
1.9990,0.1857,40.1000,75,97,451156
2.0381,0.2004,39.9600,75,97,451160
2.0137,0.1955,40.0600,75,97,451163
2.0332,0.1857,40.0000,75,97,451167
2.0137,0.1857,40.1300,75,97,451170
2.0186,0.1857,40.1600,75,97,451173
2.0332,0.1906,40.0600,75,97,451177
2.0186,0.1857,40.3300,75,97,451180
2.0381,0.1906,39.9600,75,97,451183
2.0039,0.1857,40.1000,75,97,451186
1.9990,0.1857,40.1600,75,97,451190
2.0235,0.2199,39.9600,75,97,451193
1.9892,0.1857,40.1000,75,97,451196
2.0088,0.1857,39.9300,75,97,451201
1.9795,0.1857,40.0300,75,97,451204
1.9599,0.1857,40.1000,75,97,451207
1.9648,0.2004,40.0300,75,97,451211
1.9355,0.1906,40.0600,75,97,451214
1.9550,0.1906,39.9300,75,97,451217
1.9062,0.1857,40.0600,75,97,451220
1.8817,0.1906,40.1600,75,97,451224
1.8768,0.1906,40.0600,75,97,451227
1.8426,0.1857,40.0600,75,97,451230
1.8671,0.1955,39.8300,75,97,451234
1.8084,0.1857,40.0600,75,97,451237
1.7986,0.1857,40.1300,75,97,451240
1.8133,0.1955,40.0600,75,97,451245
1.7546,0.1857,40.1000,75,97,451248
1.7937,0.2004,39.8900,75,97,451251
1.7498,0.1906,39.9600,75,97,451254
1.7253,0.1808,40.0300,75,97,451258
1.7253,0.1906,40.1000,75,97,451261
1.7302,0.1711,40.1300,75,97,451264
1.7546,0.1955,39.9300,75,97,451268
1.7155,0.1906,40.0600,75,97,451271
1.7204,0.1857,40.0000,75,97,451274
1.7058,0.1906,40.1300,75,97,451278
1.7058,0.1955,40.1000,75,97,451281
1.7351,0.1906,39.9600,75,97,451284
1.7155,0.1857,40.1000,75,97,451288
1.7351,0.1857,39.9600,75,97,451292
1.7204,0.1857,40.1000,75,97,451295
1.7204,0.1857,40.1000,75,97,451298
1.7351,0.1906,40.0600,75,97,451302
1.7302,0.1857,40.1300,75,97,451305
1.7595,0.1955,39.9300,75,97,451308
1.7351,0.1857,40.1300,75,97,451312
1.7644,0.1808,40.1000,75,97,451315
1.7742,0.1906,39.9600,75,97,451318
1.7693,0.1955,40.1000,75,97,451322
1.7840,0.1906,39.8900,75,97,451325
1.7693,0.1906,39.7000,75,97,451329
1.7644,0.1906,40.0300,75,97,451332
1.7791,0.1955,40.0600,75,97,451336
1.7742,0.1857,40.1000,75,97,451339
1.8182,0.2297,39.8300,75,97,451342
1.7840,0.1906,40.0300,75,97,451346
1.7840,0.1857,40.1000,75,97,451349
1.7889,0.1857,40.1000,75,97,451352
1.7889,0.1711,40.1000,75,97,451356
1.8426,0.2053,39.6700,75,97,451359
1.7986,0.1906,40.0600,75,97,451362
1.8035,0.1808,40.0600,75,97,451365
1.8084,0.1906,40.1000,75,97,451369
1.8035,0.1808,40.1000,75,97,451373
1.8524,0.2004,39.9600,75,97,451376
1.8280,0.1906,40.0300,75,97,451380
1.8231,0.1857,40.1300,75,97,451383
1.8084,0.1857,40.1000,75,97,451386
1.8133,0.1857,40.1300,75,97,451390
1.8475,0.2151,39.9300,75,97,451393
1.8182,0.1857,40.1600,75,97,451396
1.8426,0.2053,39.9600,75,97,451399
1.8280,0.1857,40.1300,75,97,451403
1.8231,0.1857,39.9600,75,97,451406
1.8768,0.1955,40.0000,75,97,451409
1.8231,0.1857,40.1000,75,97,451414
1.8524,0.1955,39.9300,75,97,451417
1.8182,0.1857,40.0600,75,97,451420
1.8182,0.1857,40.0600,75,97,451424
1.8573,0.1906,40.0300,75,97,451427
1.8133,0.1857,40.1000,75,97,451430
1.8475,0.1906,39.9300,75,97,451434
1.8133,0.1955,40.1000,75,97,451437
1.8182,0.1857,40.2000,75,97,451440
1.8280,0.1955,40.0300,75,97,451443
1.8084,0.1857,40.1000,75,97,451447
1.8524,0.2004,39.8900,75,97,451450
1.8231,0.1906,40.0000,75,97,451453
1.8475,0.1808,40.1300,75,97,451458
1.8133,0.1906,39.5400,75,97,451461
1.8084,0.2248,40.1000,75,97,451464
1.8475,0.2053,39.8600,75,97,451468
1.8133,0.1906,40.0300,75,97,451471
1.8084,0.1857,40.0600,75,97,451474
1.8035,0.1711,40.1000,75,97,451477
1.8035,0.1857,40.1000,75,97,451481
1.8426,0.2053,39.9300,75,97,451484
1.8084,0.1906,40.0600,75,97,451487
1.8182,0.1857,40.0000,75,97,451491
1.8035,0.1955,40.0600,75,97,451494
1.8035,0.1857,40.1000,75,97,451497
1.8280,0.1955,40.0000,75,97,451502
1.8426,0.1808,40.0600,75,97,451505
1.8280,0.1906,39.9600,75,97,451508
1.7986,0.1857,40.0000,75,97,451511
1.8133,0.1857,40.1000,75,97,451515
1.8377,0.1955,39.9600,75,97,451518
1.8084,0.1808,40.0600,75,97,451521
1.8426,0.1955,40.0000,75,97,451525
1.8084,0.1808,40.0600,75,97,451528
1.8133,0.1857,40.1300,75,97,451531
1.8280,0.1906,40.0300,75,97,451535
1.8133,0.1857,40.1000,75,97,451538
1.8426,0.1906,39.3200,75,97,451542
1.8182,0.1808,40.0300,75,97,451545
1.8182,0.1857,40.1000,75,97,451549
1.8328,0.1906,40.0000,75,97,451552
1.8231,0.2151,40.0600,75,97,451555
1.8622,0.1955,39.8600,75,97,451559
1.8182,0.1857,40.0600,75,97,451562
1.8280,0.1857,40.1000,75,97,451565
1.8426,0.1906,40.0600,75,97,451569
1.8280,0.2199,40.1000,75,97,451572
1.8866,0.2004,39.8300,75,97,451575
1.8377,0.1906,39.9600,75,97,451579
1.8182,0.2151,40.0600,75,97,451582
1.8182,0.1906,40.1300,75,97,451586
1.8182,0.2004,40.1000,75,97,451589
1.8768,0.2053,39.8900,75,97,451593
1.8475,0.1906,40.0000,75,97,451596
1.8622,0.1857,40.1000,75,97,451599
1.8573,0.1955,40.1000,75,97,451603
1.8573,0.1857,40.1000,75,97,451606
1.8866,0.2248,39.9600,75,97,451609
1.8671,0.1906,40.1000,75,97,451613
1.8768,0.1906,39.9600,75,97,451616
1.8573,0.1906,40.1000,75,97,451619
1.8622,0.1857,40.1600,75,97,451622
1.8817,0.1906,40.1300,75,97,451627
1.8719,0.1857,40.0600,75,97,451630
1.8964,0.1955,40.0000,75,97,451633
1.8573,0.1955,40.1000,75,97,451637
1.8573,0.1857,40.1000,75,97,451640
1.8671,0.1906,40.0000,75,97,451643
1.8328,0.1906,40.1000,75,97,451647
1.8671,0.1906,39.9300,75,97,451650
1.8524,0.1857,40.1300,75,97,451653
1.8426,0.2151,40.0600,75,97,451656
1.8524,0.1906,40.0300,75,97,451660
1.8426,0.1857,40.2600,75,97,451663
1.8768,0.1955,39.8600,75,97,451666
1.8866,0.2053,39.8900,75,97,451671
1.7986,0.1906,40.3000,75,97,451674
1.7986,0.2102,40.0000,75,97,451678
1.7889,0.1906,40.1000,75,97,451681
1.7840,0.1857,40.1000,75,97,451684
1.8182,0.2004,39.9600,75,97,451688
1.7937,0.1808,40.1000,75,97,451691
1.8133,0.1906,39.9600,75,97,451694
1.7889,0.2053,40.0600,75,97,451698
1.7937,0.1857,40.1300,75,97,451701
1.8328,0.1955,39.9600,75,97,451704
1.8035,0.1906,40.1300,75,97,451707
1.8377,0.1955,39.9600,75,97,451712
1.8133,0.1857,40.2000,75,97,451715
1.8182,0.2004,40.0300,75,97,451718
1.8377,0.1906,40.0300,75,97,451722
1.8280,0.1857,40.1300,75,97,451725
1.8573,0.1857,39.9300,75,97,451728
1.8328,0.1857,40.1300,75,97,451732
1.8671,0.1808,40.1300,75,97,451735
1.9257,0.1906,40.0300,75,97,451738
1.9941,0.2053,40.0600,75,97,451741
2.1212,0.2151,39.8600,75,97,451745
2.1750,0.1857,40.4000,75,97,451748
2.2727,0.1857,40.0600,75,97,451751
2.3900,0.1955,40.0600,75,97,451756
2.5122,0.1857,40.1000,75,97,451759
2.7126,0.1955,39.8000,75,97,451762
2.7810,0.1955,40.0300,75,97,451766
2.6735,0.1711,40.1000,75,97,451769
2.4780,0.1906,40.1000,75,97,451772
2.2043,0.2053,40.1000,75,97,451775
2.0332,0.2004,39.8900,75,97,451779
1.7546,0.1906,40.0600,75,97,451782
1.6569,0.1808,40.0300,75,97,451785
1.6373,0.1808,40.1000,75,97,451789
1.6569,0.1711,40.1000,75,97,451792
1.7302,0.2004,39.8900,75,97,451795
1.7204,0.1906,40.1000,75,97,451800
1.7644,0.1808,40.0300,75,97,451803
1.7351,0.1906,40.1300,75,97,451806
1.7742,0.1906,40.1000,75,97,451809
1.7595,0.1906,40.0000,75,97,451813
1.7449,0.1906,40.1000,75,97,451816
1.7644,0.1906,40.0000,75,97,451819
1.7449,0.1857,40.1300,75,97,451823
1.7449,0.1857,40.2000,75,97,451826
1.7791,0.1955,39.9600,75,97,451829
1.7546,0.1906,40.0000,75,97,451833
1.7840,0.1857,40.0000,75,97,451836
1.7546,0.1857,40.0300,75,97,451840
1.7595,0.1857,40.1300,75,97,451843
1.7889,0.1955,40.0300,75,97,451847
1.7693,0.1857,40.1000,75,97,451850
1.8035,0.1906,39.9600,75,97,451853
1.7840,0.1906,40.0600,75,97,451857
1.7889,0.1857,40.1000,75,97,451860
1.8035,0.1955,40.0300,75,97,451863
1.8035,0.1857,40.1300,75,97,451867
1.8426,0.1955,39.8300,75,97,451870
1.7986,0.1857,40.1000,75,97,451873
1.7937,0.1857,40.2000,75,97,451876
1.8084,0.1955,40.0600,75,97,451880
1.8035,0.1857,40.1300,75,97,451884
1.8622,0.2102,39.8300,75,97,451887
1.8280,0.1906,40.0300,75,97,451891
1.8182,0.1808,40.4700,75,97,451894
1.8280,0.1906,40.1000,75,97,451897
1.8280,0.1857,40.1000,75,97,451901
1.8866,0.2004,39.9300,75,97,451904
1.8475,0.1906,40.0600,75,97,451907
1.8524,0.1857,39.9300,75,97,451911
1.8524,0.1857,40.1000,75,97,451914
1.8622,0.1857,40.1000,75,97,451917
1.8964,0.1906,39.9300,75,97,451920
1.9110,0.1808,40.0600,75,97,451924
1.9110,0.1906,39.9600,75,97,451928
1.8915,0.1906,40.2000,75,97,451931
1.9013,0.1857,40.1000,75,97,451935
1.9257,0.1906,40.0300,75,97,451938
1.9208,0.1857,40.0300,75,97,451941
1.9550,0.1955,40.0000,75,97,451945
1.9306,0.1857,40.0000,75,97,451948
1.9404,0.1760,40.1000,75,97,451951
1.9844,0.1955,40.0000,75,97,451954
1.9501,0.1857,39.2200,75,97,451958
1.9844,0.2004,39.8900,75,97,451961
1.9795,0.1955,40.0000,75,97,451964
1.9746,0.1857,40.2000,75,97,451969
1.9941,0.1955,40.0300,75,97,451972
1.9844,0.1857,40.2300,75,97,451975
2.0332,0.2053,39.8600,75,97,451979
1.9990,0.1857,40.0600,75,97,451982
1.9941,0.1857,40.1300,75,97,451985
1.9990,0.1906,40.0600,75,97,451989
1.9892,0.1808,40.1300,75,97,451992
2.0479,0.2004,39.8300,75,97,451995
1.9941,0.1857,40.1000,75,97,451998
1.9844,0.1760,40.1000,75,97,452002
1.9892,0.1906,40.1000,75,97,452005
1.9795,0.1955,40.1000,75,97,452008
2.0332,0.2053,39.9300,75,97,452013
1.9892,0.1906,40.1600,75,97,452016
1.9746,0.1906,40.0300,75,97,452019
1.9599,0.1906,40.1000,75,97,452023
1.9501,0.1857,40.1300,75,97,452026
1.9697,0.2297,39.9300,75,97,452029
1.9159,0.1906,40.0600,75,97,452032
1.9159,0.1906,39.9300,75,97,452036
1.9110,0.1808,40.1000,75,97,452039
1.8573,0.1857,40.1000,75,97,452042
1.8671,0.2493,40.0000,75,97,452046
1.8280,0.1906,40.1000,75,97,452049
1.8377,0.1906,40.0000,75,97,452052
1.7840,0.1906,40.1000,75,97,452057
1.7693,0.1857,40.1000,75,97,452060
1.7595,0.1906,40.0300,75,97,452063
1.7351,0.1857,40.0600,75,97,452066
1.7400,0.1955,39.9300,75,97,452070
1.7058,0.1906,40.2000,75,97,452073
1.7009,0.1808,40.1600,75,97,452076
1.7155,0.1955,40.0000,75,97,452080
1.6911,0.1857,40.0600,75,97,452083
1.7253,0.1955,39.8600,75,97,452086
1.7058,0.1906,40.0600,75,97,452090
1.6911,0.1857,40.2000,75,97,452093
1.7009,0.1906,40.0600,75,97,452097
1.6960,0.1711,40.1000,75,97,452100
1.7400,0.1955,39.8300,75,97,452104
1.7058,0.1955,40.0300,75,97,452107
1.7253,0.1808,40.0600,75,97,452110
1.7058,0.1906,40.0600,75,97,452114
1.7058,0.1857,40.4000,75,97,452117
1.7595,0.2199,39.8900,75,97,452120
1.7155,0.1906,40.0600,75,97,452124
1.7253,0.1857,40.0000,75,97,452127
1.7498,0.1906,40.1000,75,97,452130
1.7253,0.1857,40.1000,75,97,452133
1.7693,0.2004,39.9600,75,97,452137
1.7498,0.1955,40.0300,75,97,452141
1.7595,0.1711,39.9600,75,97,452144
1.7449,0.1857,40.0600,75,97,452148
1.7498,0.1857,40.1000,75,97,452151
1.7840,0.1955,40.0600,75,97,452154
1.7840,0.1808,40.1000,75,97,452158
1.7791,0.1955,40.0000,75,97,452161
1.7595,0.1857,40.2000,75,97,452164
1.7644,0.1955,40.0600,75,97,452167
1.7986,0.1906,40.0000,75,97,452171
1.7742,0.1857,40.1000,75,97,452174
1.8084,0.1857,40.1300,75,97,452177
1.8035,0.1955,40.0600,75,97,452182
1.7840,0.1857,40.1000,75,97,452185
1.7889,0.1857,40.4300,75,97,452188
1.7791,0.2004,40.1000,75,97,452192
1.8084,0.1955,39.8900,75,97,452195
1.7840,0.1857,40.1300,75,97,452198
1.7937,0.1808,40.1000,75,97,452201
1.8182,0.1955,40.0300,75,97,452205
1.7937,0.1857,40.3300,75,97,452208
1.8377,0.1955,39.8900,75,97,452211
1.8182,0.1906,40.0600,75,97,452215
1.7986,0.1857,40.1000,75,97,452218
1.8035,0.1906,40.0600,75,97,452221
1.7986,0.1857,40.1000,75,97,452226
1.8475,0.2053,39.8300,75,97,452229
1.8035,0.1857,40.0300,75,97,452232
1.8035,0.1808,40.0600,75,97,452236
1.8035,0.2151,40.1000,75,97,452239
1.8084,0.1711,40.1000,75,97,452242
1.8524,0.2004,39.9300,75,97,452245
1.8133,0.1906,40.1000,75,97,452249
1.8182,0.1857,40.0000,75,97,452252
1.8035,0.1906,40.0300,75,97,452255
1.7937,0.1711,40.1300,75,97,452259
1.8231,0.1906,40.0600,75,97,452262
1.8035,0.1857,40.0600,75,97,452265
1.8133,0.1857,39.9600,75,97,452270
1.7840,0.1906,39.8600,75,97,452273
1.7840,0.1955,40.1000,75,97,452276
1.8084,0.1955,39.9600,75,97,452279
1.7742,0.1906,40.0600,75,97,452283
1.7742,0.1857,39.9600,75,97,452286
1.8133,0.1857,39.8600,75,97,452290
1.7840,0.1857,40.1000,75,97,452293
1.7742,0.1857,40.1000,75,97,452296
1.7791,0.1906,40.0600,75,97,452300
1.7791,0.1857,40.1000,75,97,452303
1.8280,0.1955,39.8000,75,97,452306
1.7889,0.1955,40.0300,75,97,452311
1.7742,0.1808,40.0600,75,97,452314
1.7840,0.1857,39.9300,75,97,452317
1.7791,0.1857,40.1000,75,97,452320
1.8328,0.2004,39.8900,75,97,452324
1.7937,0.2004,40.0000,75,97,452327
1.7889,0.1857,40.0000,75,97,452330
1.7840,0.1857,40.1000,75,97,452334
1.7840,0.1857,40.0600,75,97,452337
1.8133,0.2004,39.9300,75,97,452340
1.7840,0.1857,40.1000,75,97,452344
1.7986,0.1857,39.9300,75,97,452347
1.7791,0.1857,40.1000,75,97,452350
1.7791,0.1857,40.1300,75,97,452354
1.8035,0.1906,40.0000,75,97,452358
1.7742,0.1857,40.1000,75,97,452361
1.7937,0.1906,40.5000,75,97,452364
1.7693,0.1760,40.1000,75,97,452368
1.7791,0.1857,40.1000,75,97,452371
1.7791,0.1857,40.1000,75,97,452374
1.7742,0.1906,40.0600,75,97,452378
1.7986,0.1857,39.9300,75,97,452381
1.7693,0.1857,40.1000,75,97,452384
1.7742,0.1760,40.1000,75,97,452388
1.7840,0.1906,40.0000,75,97,452391
1.7644,0.1857,40.0600,75,97,452395
1.8035,0.1857,39.8600,75,97,452398
1.7840,0.1906,40.0300,75,97,452402
1.7889,0.1808,40.2000,75,97,452405
1.8035,0.1857,40.1000,75,97,452408
1.8084,0.1808,40.1600,75,97,452412
1.8622,0.1906,39.8000,75,97,452415
1.8182,0.1857,40.0300,75,97,452418
1.8084,0.1808,40.1600,75,97,452422
1.8133,0.1857,40.1000,75,97,452425
1.8182,0.1711,40.1000,75,97,452428
1.8817,0.2004,40.0000,75,97,452431
1.8280,0.1857,40.0600,75,97,452435
1.8328,0.1808,40.0300,75,97,452439
1.8231,0.1857,40.1300,75,97,452442
1.8084,0.1808,40.1300,75,97,452446
1.8377,0.1906,40.0300,75,97,452449
1.8084,0.1808,40.1600,75,97,452452
1.8182,0.1857,39.9600,75,97,452456
1.7986,0.1857,40.1000,75,97,452459
1.8182,0.1808,40.1000,75,97,452462
1.8426,0.1906,40.0000,75,97,452466
1.8133,0.1808,40.1300,75,97,452469
1.8328,0.1906,39.7700,75,97,452472
1.7986,0.1760,40.0600,75,97,452475
1.7986,0.1808,40.1000,75,97,452480
1.8035,0.1857,40.0000,75,97,452483
1.7791,0.1906,40.0600,75,97,452486
1.7986,0.1857,39.9300,75,97,452490
1.7644,0.1808,40.2000,75,97,452493
1.7595,0.1906,40.0600,75,97,452496
1.7986,0.1857,40.0300,75,97,452500
1.7546,0.1808,40.1000,75,97,452503
1.7840,0.1857,39.8900,75,97,452506
1.7449,0.1711,40.1300,75,97,452509
1.7498,0.1808,40.1300,75,97,452513
1.7546,0.1808,40.1000,75,97,452516
1.7449,0.1808,40.1000,75,97,452519
1.7937,0.2151,39.8300,75,97,452524
1.7595,0.1857,40.0300,75,97,452527
1.7498,0.1515,40.5300,75,97,452530
1.7546,0.1808,40.1000,75,97,452534
1.7546,0.1808,40.1300,75,97,452537
1.8084,0.2102,39.9300,75,97,452540
1.7595,0.1857,40.0300,75,97,452544
1.7595,0.1760,40.0300,75,97,452547
1.7595,0.1760,40.0600,75,97,452550
1.7937,0.1808,40.1000,75,97,452553
1.8377,0.1906,40.0000,75,97,452557
1.8622,0.1808,40.1300,75,97,452560
1.9599,0.1857,39.9600,75,97,452563
2.0381,0.1808,40.1000,75,97,452568
2.1359,0.2297,40.1300,75,97,452571
2.2581,0.1857,40.1000,75,97,452574
2.3558,0.1808,40.1000,75,97,452578
2.5171,0.1857,40.0000,75,97,452581
2.6100,0.1808,40.1000,75,97,452584
2.6686,0.1808,40.0600,75,97,452587
2.6051,0.1906,40.0000,75,97,452591
2.3460,0.1808,40.1000,75,97,452594
2.1017,0.1808,39.9300,75,97,452597
1.8133,0.1760,40.0300,75,97,452601
1.6276,0.1760,40.1000,75,97,452604
1.5543,0.1808,40.0000,75,97,452608
1.5347,0.1808,40.0600,75,97,452612
1.5885,0.2004,39.8900,75,97,452615
1.6031,0.1808,40.0600,75,97,452618
1.6276,0.1760,40.1600,75,97,452621
1.6569,0.1857,40.0300,75,97,452625
1.6471,0.1711,40.1000,75,97,452628
1.7009,0.1857,39.9300,75,97,452631
1.6569,0.1760,40.0600,75,97,452635
1.6569,0.1515,40.2000,75,97,452638
1.6667,0.1808,40.1000,75,97,452641
1.6618,0.1760,40.1000,75,97,452645
1.7107,0.1906,39.8300,75,97,452648
1.6960,0.1808,40.1000,75,97,452652
1.6716,0.1711,40.1300,75,97,452655
1.7009,0.1808,40.0600,75,97,452659
1.6862,0.1711,40.1000,75,97,452662
1.7253,0.1857,40.4300,75,97,452665
1.7009,0.1808,40.0600,75,97,452669
1.7155,0.1515,39.9600,75,97,452672
1.7009,0.1808,40.1000,75,97,452675
1.7009,0.1760,40.1000,75,97,452679
1.7253,0.1857,40.0000,75,97,452682
1.7058,0.1760,40.2300,75,97,452685
1.7351,0.1808,40.2000,75,97,452688
1.7253,0.1760,40.1300,75,97,452692
1.7253,0.1760,40.2000,75,97,452696
1.7546,0.1808,40.1000,75,97,452699
1.7400,0.1760,40.1000,75,97,452703
1.7693,0.1760,39.9600,75,97,452706
1.7498,0.1760,40.1000,75,97,452709
1.7546,0.1760,40.1000,75,97,452713
1.7742,0.1808,40.0300,75,97,452716
1.7595,0.1760,40.1000,75,97,452719
1.7986,0.1760,39.9300,75,97,452723
1.8084,0.1760,40.0300,75,97,452726
1.7791,0.1711,40.1000,75,97,452729
1.7986,0.1857,40.0600,75,97,452732
1.7889,0.1760,40.1000,75,97,452737
1.8426,0.1808,39.8900,75,97,452740
1.8280,0.1760,40.0300,75,97,452743
1.8084,0.1711,40.1300,75,97,452747
1.8231,0.1711,40.0600,75,97,452750
1.8231,0.1760,40.1000,75,97,452753
1.8866,0.1906,39.9600,75,97,452757
1.8426,0.1760,40.0300,75,97,452760
1.8573,0.1662,40.1000,75,97,452763
1.8573,0.1711,40.2600,75,97,452766
1.8622,0.1711,40.1300,75,97,452770
1.9062,0.1808,40.0300,75,97,452773
1.8817,0.1760,40.1000,75,97,452776
1.9013,0.1760,40.0000,75,97,452781
1.8866,0.1760,40.1300,75,97,452784
1.9013,0.1711,40.0600,75,97,452787
1.9355,0.1808,39.9600,75,97,452791
1.9453,0.1760,40.1000,75,97,452794
1.9355,0.1760,39.9600,75,97,452797
1.9110,0.1711,40.1000,75,97,452801
1.9110,0.1711,40.1000,75,97,452804
1.9306,0.1760,39.9600,75,97,452807
1.9062,0.1906,40.1000,75,97,452810
1.9599,0.1711,39.9300,75,97,452814
1.9013,0.1711,39.9300,75,97,452817
1.9110,0.1711,40.1000,75,97,452820
1.9110,0.1711,40.1000,75,97,452825
1.9013,0.1711,40.0300,75,97,452828
1.9355,0.1760,39.8900,75,97,452831
1.8915,0.1662,40.1300,75,97,452835
1.8866,0.1613,40.1000,75,97,452838
1.8964,0.1760,40.0300,75,97,452841
1.8671,0.1613,40.1000,75,97,452845
1.9062,0.1808,39.8000,75,97,452848
1.8573,0.1711,39.9600,75,97,452851
1.8280,0.1564,40.1000,75,97,452854
1.8133,0.1711,40.2000,75,97,452858
1.7889,0.1613,40.1000,75,97,452861
1.8280,0.1857,39.9300,75,97,452865
1.7595,0.2297,40.1000,75,97,452869
1.7693,0.1613,40.0300,75,97,452872
1.7155,0.1711,40.2300,75,97,452875
1.6960,0.1662,40.1000,75,97,452879
1.7155,0.1760,39.9300,75,97,452882
1.6667,0.1857,40.1000,75,97,452885
1.6764,0.1711,39.9600,75,97,452889
1.6373,0.1711,40.0600,75,97,452892
1.5982,0.1711,40.0600,75,97,452896
1.5982,0.1613,40.1000,75,97,452899
1.6178,0.1760,40.0000,75,97,452902
1.5982,0.1662,40.1000,75,97,452905
1.6373,0.1711,39.8600,75,97,452910
1.6227,0.1711,40.0300,75,97,452913
1.6276,0.1711,40.1000,75,97,452916
1.6276,0.1857,40.1600,75,97,452920
1.6227,0.1613,40.1000,75,97,452923
1.6716,0.1760,39.8300,75,97,452926
1.6325,0.1711,40.0300,75,97,452930
1.6325,0.1613,40.0600,75,97,452933
1.6422,0.1711,40.1000,75,97,452936
1.6422,0.1662,40.0300,75,97,452940
1.6960,0.1857,39.9300,75,97,452943
1.6569,0.1711,40.0600,75,97,452946
1.6716,0.1662,39.6400,75,97,452951
1.6716,0.1662,40.1000,75,97,452954
1.6716,0.1760,40.0600,75,97,452957
1.7155,0.1760,40.0300,75,97,452960
1.6960,0.1711,40.0600,75,97,452964
1.7107,0.1662,40.0300,75,97,452967
1.6960,0.1662,40.1000,75,97,452970
1.7009,0.1662,40.0600,75,97,452974
1.7302,0.1808,39.9300,75,97,452977
1.6960,0.1662,40.1000,75,97,452980
1.7400,0.1711,39.9300,75,97,452984
1.7204,0.1613,40.0600,75,97,452987
1.7155,0.1515,40.2300,75,97,452990
1.7400,0.1711,40.0300,75,97,452995
1.7204,0.1613,40.1000,75,97,452998
1.7449,0.1662,39.8900,75,97,453001
1.7253,0.1515,40.0300,75,97,453004
1.7204,0.1613,40.1300,75,97,453008
1.7302,0.1711,40.0600,75,97,453011
1.7204,0.1662,40.0600,75,97,453014
1.7595,0.1711,39.8300,75,97,453018
1.7155,0.1613,40.0600,75,97,453021
1.7204,0.1613,40.0600,75,97,453024
1.7204,0.1662,40.1000,75,97,453028
1.7155,0.1613,40.1000,75,97,453031
1.7644,0.1808,39.9600,75,97,453035
1.7351,0.1711,40.0000,75,97,453039
1.7204,0.1613,40.0300,75,97,453042
1.7155,0.1760,40.0600,75,97,453045
1.7155,0.1613,40.1000,75,97,453048
1.7498,0.1515,39.9600,75,97,453052
1.7155,0.1613,40.0600,75,97,453055
1.7351,0.1662,39.9600,75,97,453058
1.7155,0.1662,40.0600,75,97,453062
1.7107,0.1613,40.1600,75,97,453065
1.7302,0.2102,40.0300,75,97,453068
1.7107,0.1662,40.1000,75,97,453072
1.7351,0.1711,40.0000,75,97,453075
1.7058,0.1711,40.2000,75,97,453079
1.7107,0.1613,40.1300,75,97,453083
1.7155,0.1662,40.0000,75,97,453086
1.7155,0.1613,40.1000,75,97,453089
1.7400,0.1613,39.9600,75,97,453092
1.7155,0.1662,40.2300,75,97,453096
1.7204,0.1613,40.1000,75,97,453099
1.7351,0.1711,40.0300,75,97,453102
1.7204,0.1613,40.1000,75,97,453106
1.7595,0.1662,39.8900,75,97,453109
1.7400,0.1662,40.0000,75,97,453112
1.7302,0.1515,40.1600,75,97,453116
1.7546,0.1662,40.1000,75,97,453120
1.7351,0.1613,40.0600,75,97,453123
1.7791,0.1711,39.8300,75,97,453127
1.7400,0.1515,40.0300,75,97,453130
1.7351,0.1564,40.0600,75,97,453133
1.7351,0.1662,40.1600,75,97,453136
1.7400,0.1613,40.1000,75,97,453140
1.7840,0.1808,39.9300,75,97,453143
1.7449,0.1711,40.1000,75,97,453146
1.7498,0.1564,40.0300,75,97,453150
1.7400,0.1711,40.0600,75,97,453153
1.7400,0.1662,40.1000,75,97,453156
1.7742,0.1711,40.0000,75,97,453160
1.7498,0.1613,40.1600,75,97,453164
1.7742,0.1564,40.0000,75,97,453167
1.7449,0.1613,40.0600,75,97,453171
1.7742,0.1613,40.1000,75,97,453174
1.7693,0.1711,39.9600,75,97,453177
1.7400,0.1662,40.1000,75,97,453180
1.7644,0.1662,40.0000,75,97,453184
1.7351,0.1564,39.9300,75,97,453187
1.7498,0.1662,40.1000,75,97,453190
1.7742,0.1662,40.0300,75,97,453194
1.7693,0.1564,40.1300,75,97,453197
1.8035,0.1613,39.9300,75,97,453200
1.7742,0.1613,40.0300,75,97,453204
1.7791,0.1613,40.1300,75,97,453208
1.7889,0.1613,40.0300,75,97,453211
1.7840,0.1564,40.1000,75,97,453215
1.8377,0.1613,39.8600,75,97,453218
1.7986,0.1613,40.1000,75,97,453221
1.7986,0.1564,40.1300,75,97,453224
1.8084,0.1662,40.0300,75,97,453228
1.7840,0.1613,40.2300,75,97,453231
1.8328,0.1808,39.8300,75,97,453234
1.7889,0.1662,40.0300,75,97,453238
1.7693,0.1564,40.0300,75,97,453241
1.7742,0.1613,40.1000,75,97,453244
1.7791,0.1564,40.1000,75,97,453249
1.8231,0.1711,39.9300,75,97,453252
1.7937,0.1613,40.1000,75,97,453255
1.7986,0.1515,40.0000,75,97,453259
1.7742,0.1613,40.1600,75,97,453262
1.7791,0.1613,40.1000,75,97,453265
1.7889,0.1662,39.9600,75,97,453268
1.7595,0.1613,40.1000,75,97,453272
1.7693,0.1662,40.0600,75,97,453275
1.7351,0.1662,40.1300,75,97,453278
1.7351,0.1613,40.1300,75,97,453282
1.7498,0.1662,40.0300,75,97,453285
1.7498,0.1613,40.1000,75,97,453288
1.7742,0.1613,39.9300,75,97,453293
1.7498,0.1613,40.0000,75,97,453296
1.7546,0.1564,40.1000,75,97,453299
1.7742,0.1662,40.0000,75,97,453303
1.7498,0.1662,40.1000,75,97,453306
1.7937,0.1662,39.8600,75,97,453309
1.7693,0.1857,40.0000,75,97,453313
1.7595,0.1613,40.1300,75,97,453316
1.7693,0.1662,40.1000,75,97,453319
1.7644,0.1564,40.1000,75,97,453322
1.8133,0.1662,39.8300,75,97,453326
1.7742,0.1613,40.0300,75,97,453329
1.7644,0.1515,40.1600,75,97,453332
1.7644,0.1564,40.1000,75,97,453337
1.7742,0.1564,40.1000,75,97,453340
1.8328,0.1711,39.9300,75,97,453343
1.8231,0.1613,40.1000,75,97,453347
1.9013,0.1564,40.0300,75,97,453350
1.9648,0.1564,40.1000,75,97,453353
2.0674,0.1906,40.1000,75,97,453357
2.2336,0.1613,40.0300,75,97,453360
2.2923,0.1515,40.0600,75,97,453363
2.4487,0.1613,40.0000,75,97,453366
2.5562,0.1564,40.1300,75,97,453370
2.6588,0.1515,40.2000,75,97,453373
2.6686,0.1711,39.9600,75,97,453377
2.4438,0.1515,40.1000,75,97,453381
2.2141,0.1564,39.9300,75,97,453384
1.8964,0.1564,40.0300,75,97,453387
1.6716,0.1515,40.2000,75,97,453391
1.5494,0.1515,40.0300,75,97,453394
1.4956,0.1515,40.0300,75,97,453397
1.5445,0.1662,39.8900,75,97,453401
1.5640,0.1564,40.0600,75,97,453404
1.6031,0.1564,39.3500,75,97,453407
1.6373,0.1515,40.1000,75,97,453410
1.6422,0.1564,40.1000,75,97,453414
1.6960,0.1515,39.8900,75,97,453417
1.6569,0.1564,40.0600,75,97,453421
1.6716,0.1515,40.1300,75,97,453425
1.6813,0.1613,40.0600,75,97,453428
1.6618,0.1515,40.2000,75,97,453431
1.7107,0.1808,39.8600,75,97,453435
1.6716,0.1564,40.0300,75,97,453438
1.6667,0.1515,40.0600,75,97,453441
1.6618,0.1564,40.1000,75,97,453445
1.6618,0.1515,40.2000,75,97,453448
1.6960,0.1662,39.9300,75,97,453451
1.6764,0.1515,40.0600,75,97,453454
1.6862,0.1564,39.9300,75,97,453458
1.6764,0.1564,40.1600,75,97,453462
1.6813,0.1564,39.2200,75,97,453465
1.7302,0.1564,39.9600,75,97,453469
1.6911,0.1515,40.1000,75,97,453472
1.7204,0.1564,40.1000,75,97,453475
1.7009,0.1515,40.0600,75,97,453479
1.7058,0.1515,40.1000,75,97,453482
1.7155,0.1515,40.0600,75,97,453485
1.7107,0.1417,40.1000,75,97,453489
1.7351,0.1564,39.9600,75,97,453492
1.7253,0.1564,40.1000,75,97,453495
1.7351,0.1515,40.1000,75,97,453498
1.7546,0.1515,40.0000,74,97,453502
1.7546,0.1662,40.0600,74,97,453506
1.7546,0.1515,40.0600,74,97,453510
1.8133,0.1662,39.9600,74,97,453513
1.7986,0.1417,40.0300,74,97,453516
1.7840,0.1124,40.1000,74,97,453520
1.7840,0.1515,40.0600,74,97,453523
1.7889,0.1662,40.1600,74,97,453526
1.8377,0.1564,39.9600,74,97,453530
1.8133,0.1613,40.1000,74,97,453533
1.8377,0.1466,40.0300,74,97,453536
1.8280,0.1515,40.1300,74,97,453540
1.8280,0.1466,40.1300,74,97,453543
1.8622,0.1515,39.9600,74,97,453547
1.8622,0.1417,40.1000,74,97,453550
1.8915,0.1515,39.9600,74,97,453554
1.8671,0.1417,40.1300,74,97,453557
1.8768,0.1466,40.1300,74,97,453560
1.9110,0.1662,40.0300,74,97,453564
1.8866,0.1515,40.1000,74,97,453567
1.9159,0.1466,39.9300,74,97,453570
1.9013,0.1320,40.0300,74,97,453574
1.8964,0.1466,39.3800,74,97,453577
1.9110,0.1564,40.0300,74,97,453580
1.9013,0.1466,40.1300,74,97,453584
1.9404,0.1564,39.8900,74,97,453587
1.9062,0.1515,40.0600,74,97,453591
1.8964,0.1417,40.1000,74,97,453594
1.9013,0.1564,40.1000,74,97,453598
1.8915,0.1466,40.1600,74,97,453601
1.9355,0.1564,40.0000,74,97,453604
1.8768,0.1466,40.0300,74,97,453608
1.8768,0.1417,40.1600,74,97,453611
1.8719,0.1857,40.0600,74,97,453614
1.8524,0.1515,40.2300,74,97,453618
1.9013,0.1711,39.9300,74,97,453621
1.8573,0.1515,40.1000,74,97,453624
1.8377,0.1466,39.9600,74,97,453628
1.8084,0.1466,40.1000,74,97,453632
1.7937,0.1466,40.1000,74,97,453635
1.8133,0.1564,39.9300,74,97,453638
1.7693,0.1515,40.1000,74,97,453642
1.7693,0.1515,39.9600,74,97,453645
1.7351,0.1466,40.1000,74,97,453648
1.7204,0.1466,40.1300,74,97,453652
1.7449,0.1564,40.0300,74,97,453655
1.6911,0.1466,40.1000,74,97,453658
1.7058,0.1515,40.1300,74,97,453662
1.6667,0.1760,40.1000,74,97,453665
1.6618,0.1466,40.1000,74,97,453668
1.6618,0.1515,40.0600,74,97,453671
1.6471,0.1808,40.0600,74,97,453676
1.6667,0.1466,39.9300,74,97,453679
1.6422,0.1564,40.2000,74,97,453682
1.6471,0.1466,40.1000,74,97,453686
1.6667,0.1613,39.9600,74,97,453689
1.6422,0.1466,40.1000,74,97,453692
1.6813,0.1564,39.8600,74,97,453696
1.6618,0.1515,39.9600,74,97,453699
1.6569,0.1466,40.1300,74,97,453702
1.6569,0.1564,40.0600,74,97,453706
1.6764,0.1466,40.1000,74,97,453709
1.7107,0.1613,39.3500,74,97,453712
1.6813,0.1515,40.0600,74,97,453716
1.6764,0.1417,40.1300,74,97,453720
1.6813,0.1564,40.1000,74,97,453723
1.6862,0.1466,40.1000,74,97,453726
1.7302,0.1613,40.1000,74,97,453730
1.7009,0.1417,40.0300,74,97,453733
1.7498,0.1466,39.9600,74,97,453736
1.7058,0.1466,40.2300,74,97,453740
1.7204,0.1417,40.1300,74,97,453743
1.7351,0.1515,40.0300,74,97,453746
1.7253,0.1466,40.0600,74,97,453750
1.7449,0.1515,40.0000,74,97,453753
1.7302,0.1515,40.1300,74,97,453756
1.7400,0.1466,40.1000,74,97,453760
1.7693,0.1564,40.0000,74,97,453764
1.7693,0.1417,40.0600,74,97,453767
1.7791,0.1466,39.9600,74,97,453770
1.7498,0.1466,40.0000,74,97,453774
1.7546,0.1466,40.1000,74,97,453777
1.7742,0.1515,40.0300,74,97,453780
1.7644,0.1515,40.1000,74,97,453784
1.8084,0.1564,39.8900,74,97,453787
1.7742,0.1515,39.9600,74,97,453790
1.7742,0.1515,40.1000,74,97,453794
1.7840,0.1515,40.0600,74,97,453797
1.7791,0.1466,40.2600,74,97,453800
1.8231,0.1613,39.8600,74,97,453804
1.7840,0.1515,40.1000,74,97,453808
1.8084,0.1320,40.0600,74,97,453811
1.7937,0.1564,40.1600,74,97,453814
1.7986,0.1466,40.1300,74,97,453818
1.8328,0.1662,39.8900,74,97,453821
1.7937,0.1515,40.0600,74,97,453824
1.7889,0.1466,40.0300,74,97,453828
1.7791,0.1662,40.1000,74,97,453831
1.7889,0.1466,40.1000,74,97,453834
1.8182,0.1564,39.9300,74,97,453838
1.7889,0.1515,40.1000,74,97,453841
1.8084,0.1515,40.1000,74,97,453844
1.7889,0.1564,40.1300,74,97,453848
1.7937,0.1466,40.1000,74,97,453852
1.8133,0.1613,40.0000,74,97,453855
1.8035,0.1515,40.1000,74,97,453858
1.8133,0.1515,40.0000,74,97,453862
1.7840,0.1564,40.0600,74,97,453865
1.7986,0.1515,40.1000,74,97,453868
1.7937,0.1515,40.0300,74,97,453872
1.7840,0.1515,40.1300,74,97,453875
1.8035,0.1564,40.0300,74,97,453878
1.7791,0.1515,39.2500,74,97,453882
1.7791,0.1515,40.2300,74,97,453885
1.7986,0.1515,40.2000,74,97,453889
1.7742,0.1515,40.1300,74,97,453892
1.8133,0.1564,39.8900,74,97,453896
1.7889,0.1760,40.0300,74,97,453899
1.7791,0.1515,40.1000,74,97,453902
1.7791,0.1662,40.0600,74,97,453906
1.7791,0.1515,40.1000,74,97,453909
1.8280,0.1564,39.8900,74,97,453912
1.7791,0.1515,40.0300,74,97,453916
1.7791,0.1466,40.1600,74,97,453919
1.7889,0.1466,40.1000,74,97,453922
1.7840,0.1515,40.1300,74,97,453926
1.8280,0.1662,39.9600,74,97,453929
1.7937,0.1564,40.0600,74,97,453933
1.7986,0.1466,40.0300,74,97,453936
1.7889,0.1613,40.1000,74,97,453940
1.7889,0.1515,40.1300,74,97,453943
1.8133,0.1564,40.1000,74,97,453946
1.7986,0.1515,40.1300,74,97,453950
1.8182,0.1515,39.9600,74,97,453953
1.7889,0.1515,40.1000,74,97,453956
1.7986,0.1515,40.2300,74,97,453960
1.8231,0.1613,39.9600,74,97,453963
1.7937,0.1515,40.0300,74,97,453966
1.8377,0.1564,39.9300,74,97,453970
1.8035,0.1466,40.0300,74,97,453974
1.8084,0.1515,40.1600,74,97,453977
1.8280,0.1515,40.0000,74,97,453981
1.8133,0.1515,40.0600,74,97,453984
1.8524,0.1564,39.9300,74,97,453987
1.8133,0.1515,40.0600,74,97,453990
1.8084,0.1515,40.1600,74,97,453994
1.8084,0.1515,40.1000,74,97,453997
1.7937,0.1515,40.1000,74,97,454000
1.8426,0.1711,39.8600,74,97,454004
1.8035,0.1515,40.1000,74,97,454007
1.8182,0.1760,40.0600,74,97,454010
1.8328,0.1564,40.1000,74,97,454014
1.8328,0.1515,40.0600,74,97,454018
1.8964,0.1662,39.8900,74,97,454021
1.8573,0.1564,40.1300,74,97,454025
1.8622,0.1515,40.0300,74,97,454028
1.8475,0.1515,40.1000,74,97,454031
1.8524,0.1466,40.1600,74,97,454034
1.8964,0.1564,39.9300,74,97,454038
1.8622,0.1515,40.0600,74,97,454041
1.8964,0.1564,40.0000,74,97,454044
1.8573,0.1564,40.1000,74,97,454048
1.8524,0.1515,40.2600,74,97,454051
1.8671,0.1564,40.0000,74,97,454054
1.8426,0.1515,40.1000,74,97,454059
1.8719,0.1564,40.0300,74,97,454062
1.8524,0.1515,40.1000,74,97,454065
1.8475,0.1515,40.1000,74,97,454068
1.8622,0.1613,40.0600,74,97,454072
1.8573,0.1515,40.0600,74,97,454075
1.8768,0.1515,40.0600,74,97,454078
1.8475,0.1515,40.1000,74,97,454082
1.8524,0.1515,40.1000,74,97,454085
1.8622,0.1613,40.0300,74,97,454088
1.8328,0.1515,40.1000,74,97,454092
1.8573,0.1564,39.8600,74,97,454095
1.8231,0.1564,40.0000,74,97,454098
1.8084,0.1515,40.1000,74,97,454103
1.8328,0.1564,40.0600,74,97,454106
1.7937,0.1515,40.1000,74,97,454109
1.8426,0.1613,39.9300,74,97,454112
1.8377,0.1613,40.0300,74,97,454116
1.7986,0.1564,40.1000,74,97,454119
1.8231,0.1564,39.9600,74,97,454123
1.8035,0.1808,40.0600,74,97,454126
1.8035,0.1515,40.1000,74,97,454129
1.8328,0.1613,40.0000,74,97,454133
1.8231,0.1564,40.1000,74,97,454136
1.8475,0.1564,39.9300,74,97,454139
1.8280,0.1466,40.1600,74,97,454144
1.8426,0.1515,40.1300,74,97,454147
1.8964,0.1613,40.0300,74,97,454150
1.9208,0.1515,40.1000,74,97,454154
2.0235,0.1515,40.0000,74,97,454157
2.0968,0.1466,40.0300,74,97,454160
2.1896,0.1515,40.1000,74,97,454163
2.3021,0.1564,40.0300,74,97,454167
2.3949,0.1564,40.1000,74,97,454170
2.5855,0.1564,39.8600,74,97,454173
2.6686,0.1515,39.9600,74,97,454177
2.7370,0.1564,40.1000,74,97,454180
2.6735,0.1564,40.1300,74,97,454183
2.4633,0.1515,40.1000,74,97,454188
2.2532,0.1613,39.8900,74,97,454191
1.9355,0.1515,40.0600,74,97,454194
1.7498,0.1515,40.1000,74,97,454197
1.6667,0.1564,40.1000,74,97,454201
1.6471,0.1515,40.1000,74,97,454204
1.7155,0.1711,39.8900,74,97,454207
1.7058,0.1564,40.0300,74,97,454211
1.7253,0.1466,40.0600,74,97,454214
1.7302,0.1613,40.0300,74,97,454217
1.7351,0.1466,40.1000,74,97,454221
1.7742,0.1515,39.9600,74,97,454224
1.7546,0.1613,40.1000,74,97,454227
1.7595,0.1564,39.9600,74,97,454232
1.7351,0.1515,40.2300,74,97,454235
1.7400,0.1515,40.1000,74,97,454238
1.7546,0.1613,40.0000,74,97,454242
1.7351,0.1564,40.0600,74,97,454245
1.7595,0.1613,40.0000,74,97,454248
1.7449,0.1515,40.2600,74,97,454251
1.7791,0.1564,40.1000,74,97,454255
1.7644,0.1515,40.0300,74,97,454258
1.7546,0.1515,40.1000,74,97,454261
1.7840,0.1564,39.9300,74,97,454265
1.7644,0.1515,40.0600,74,97,454268
1.7742,0.1564,40.1000,74,97,454272
1.7937,0.1613,40.0600,74,97,454276
1.7791,0.1906,40.0600,74,97,454279
1.8328,0.1564,39.8600,74,97,454282
1.7986,0.1613,40.0300,74,97,454285
1.7937,0.1515,39.2200,74,97,454289
1.8035,0.1564,40.0600,74,97,454292
1.7986,0.1515,40.1000,74,97,454295
1.8524,0.1662,39.8000,74,97,454299
1.8133,0.1564,40.0300,74,97,454302
1.8133,0.1515,39.7300,74,97,454305
1.8231,0.1564,40.1000,74,97,454309
1.8231,0.1564,40.1000,74,97,454312
1.8768,0.1711,39.9300,74,97,454316
1.8426,0.1515,40.0600,74,97,454320
1.8524,0.1515,40.1600,74,97,454323
1.8573,0.1613,40.1000,74,97,454326
1.8475,0.1515,40.0600,74,97,454329
1.8768,0.1662,40.0300,74,97,454333
1.8622,0.1564,40.1000,74,97,454336
1.8817,0.1564,39.9600,74,97,454339
1.8866,0.1564,40.1000,74,97,454343
1.8768,0.1515,40.1000,74,97,454346
1.9208,0.1613,39.9600,74,97,454349
1.9013,0.1564,40.1300,74,97,454353
1.9355,0.2102,39.9300,74,97,454356
1.9159,0.1564,40.0300,74,97,454360
1.9257,0.1515,40.0300,74,97,454364
1.9501,0.1613,40.1000,74,97,454367
1.9404,0.1515,40.1600,74,97,454370
1.9795,0.1662,39.8900,74,97,454373
1.9550,0.1564,40.0600,74,97,454377
1.9599,0.1515,40.0600,74,97,454380
1.9746,0.1613,40.1000,74,97,454383
1.9697,0.1564,40.1000,74,97,454387
2.0235,0.1662,39.8900,74,97,454390
1.9844,0.1564,40.1300,74,97,454393
1.9892,0.1613,40.1300,74,97,454397
1.9990,0.1564,40.1000,74,97,454401
1.9844,0.1515,40.1000,74,97,454404
2.0772,0.1711,39.8900,74,97,454408
1.9990,0.1613,40.0300,74,97,454411
1.9844,0.1515,40.0300,74,97,454414
1.9795,0.1515,40.1000,74,97,454417
1.9746,0.1515,40.1600,74,97,454421
2.0137,0.1662,39.9300,74,97,454424
1.9746,0.1564,40.1300,74,97,454427
1.9844,0.1564,40.0000,74,97,454431
1.9599,0.1564,40.1300,74,97,454434
1.9501,0.1564,40.1600,74,97,454437
1.9648,0.1613,39.9600,74,97,454441
1.9257,0.1515,40.1300,74,97,454445
1.9404,0.1613,40.0000,74,97,454448
1.8866,0.1515,40.1300,74,97,454452
1.8719,0.1564,40.1600,74,97,454455
1.8866,0.1613,40.0300,74,97,454458
1.8377,0.1515,40.1600,74,97,454461
1.8426,0.1564,39.9300,74,97,454465
1.7986,0.1564,40.1000,74,97,454468
1.7840,0.1613,40.1000,74,97,454471
1.7840,0.1662,39.9600,74,97,454475
1.7449,0.1564,40.0600,74,97,454478
1.7742,0.1613,39.8600,74,97,454481
1.7351,0.1515,40.1000,74,97,454486
1.7107,0.1564,40.0600,74,97,454489
1.7107,0.1613,40.0600,74,97,454492
1.6960,0.1564,40.1600,74,97,454496
1.7400,0.1662,39.8300,74,97,454499
1.6960,0.1808,40.0300,74,97,454502
1.6911,0.1564,40.0600,74,97,454505
1.6911,0.1613,40.1000,74,97,454509
1.6960,0.1564,40.1300,74,97,454512
1.7449,0.1711,39.8900,74,97,454515
1.7058,0.1613,40.2000,74,97,454519
1.7107,0.1564,40.0300,74,97,454522
1.7058,0.1515,40.1000,74,97,454525
1.7058,0.1564,40.1000,74,97,454530
1.7546,0.1613,40.0000,74,97,454533
1.7058,0.1613,40.0600,74,97,454536
1.7302,0.1564,40.0000,74,97,454539
1.7155,0.1564,40.1000,74,97,454543
1.7204,0.1564,40.1000,74,97,454546
1.7595,0.1711,39.8300,74,97,454549
1.7253,0.1564,40.1000,74,97,454553
1.7644,0.1613,40.0000,74,97,454556
1.7449,0.1760,40.0600,74,97,454559
1.7644,0.1564,40.1000,74,97,454563
1.7693,0.1662,39.9600,74,97,454566
1.7595,0.1564,40.1000,74,97,454569
1.7889,0.1564,39.8300,74,97,454574
1.7986,0.1662,40.0600,74,97,454577
1.7644,0.1515,40.0600,74,97,454580
1.7742,0.1613,40.0600,74,97,454583
1.7644,0.1662,40.1000,74,97,454587
1.8133,0.1613,39.8600,74,97,454590
1.7693,0.1564,40.1000,74,97,454593
1.7791,0.1564,40.1000,74,97,454597
1.7937,0.1613,40.1600,74,97,454600
1.7840,0.1564,40.1600,74,97,454603
1.8328,0.1711,39.8600,74,97,454607
1.8084,0.1613,40.0000,74,97,454610
1.7937,0.1515,40.1000,74,97,454614
1.7986,0.1564,40.1000,74,97,454618
1.7986,0.1564,40.1000,74,97,454621
1.8475,0.1711,39.8900,74,97,454624
1.8035,0.1613,40.1000,74,97,454628
1.8084,0.1564,39.9600,74,97,454631
1.7986,0.1613,40.1000,74,97,454634
1.7937,0.1515,40.1000,74,97,454637
1.8182,0.1662,39.9600,74,97,454641
1.7937,0.1515,40.1000,74,97,454644
1.8133,0.1613,40.1300,74,97,454647
1.8231,0.1564,40.1000,74,97,454651
1.7889,0.1564,40.0600,74,97,454654
1.8035,0.1662,40.0600,74,97,454658
1.7986,0.1613,40.0300,74,97,454662
1.8182,0.1515,40.0000,74,97,454665
1.7937,0.1662,40.1000,74,97,454668
1.7937,0.1515,40.1300,74,97,454671
1.8133,0.1662,39.9600,74,97,454675
1.7840,0.1564,40.1000,74,97,454678
1.8182,0.1613,39.8600,74,97,454681
1.8035,0.1564,40.0000,74,97,454685
1.7889,0.1613,40.1000,74,97,454688
1.7986,0.1662,40.0300,74,97,454691
1.7840,0.1564,40.1300,74,97,454695
1.8328,0.1662,39.8300,74,97,454699
1.7889,0.1613,40.0300,74,97,454702
1.7889,0.1564,40.2300,74,97,454706
1.8084,0.1613,40.1000,74,97,454709
1.7840,0.1564,40.1300,74,97,454712
1.8328,0.1760,39.8600,74,97,454715
1.7840,0.1613,40.0600,74,97,454719
1.7840,0.1564,40.0300,74,97,454722
1.7840,0.1564,40.1000,74,97,454725
1.7840,0.1564,40.2300,74,97,454729
1.7937,0.1564,40.1300,74,97,454732
1.8231,0.1711,39.9600,74,97,454736
1.7937,0.1613,40.1000,74,97,454739
1.8231,0.1564,40.3300,74,97,454743
1.7937,0.1564,40.0300,74,97,454747
1.7986,0.1515,40.1000,74,97,454750
1.8133,0.1613,40.0300,74,97,454753
1.7986,0.1613,40.1000,74,97,454757
1.8328,0.1613,39.8900,74,97,454760
1.8035,0.1613,40.0600,74,97,454763
1.8035,0.1564,40.1300,74,97,454766
1.8133,0.1662,40.1000,74,97,454770
1.7986,0.1564,40.1000,74,97,454773
1.8475,0.1662,39.8600,74,97,454776
1.8084,0.1613,40.0600,74,97,454780
1.8133,0.1564,40.1300,74,97,454784
1.8182,0.1564,40.0600,74,97,454787
1.8084,0.1515,40.2000,74,97,454791
1.8622,0.1760,39.8900,74,97,454794
1.8035,0.1613,40.0300,74,97,454797
1.8035,0.1564,40.1600,74,97,454801
1.8084,0.1613,40.1000,74,97,454804
1.8035,0.1515,40.2300,74,97,454807
1.8475,0.1662,39.9300,74,97,454810
1.8231,0.1613,40.2000,74,97,454814
1.8475,0.1662,40.0300,74,97,454817
1.8328,0.1515,40.1000,74,97,454820
1.8475,0.1564,39.2500,74,97,454824
1.9110,0.1662,39.9600,74,97,454828
1.8573,0.1613,40.1000,74,97,454831
1.8768,0.1662,40.1000,74,97,454835
1.8573,0.1613,40.1300,74,97,454838
1.8573,0.1613,40.0600,74,97,454841
1.8671,0.1613,40.0600,74,97,454845
1.8671,0.1613,40.1000,74,97,454848
1.8915,0.1711,39.9300,74,97,454851
1.8524,0.1613,40.0300,74,97,454855
1.8426,0.1564,40.1000,74,97,454858
1.8573,0.1711,40.0300,74,97,454861
1.8377,0.1613,40.1000,74,97,454864
1.8817,0.1662,39.8600,74,97,454868
1.8915,0.1613,40.0300,74,97,454872
1.8524,0.1564,40.0600,74,97,454875
1.8475,0.1613,40.1000,74,97,454879
1.8475,0.1613,40.1000,74,97,454882
1.8964,0.1760,39.7700,74,97,454885
1.8426,0.1613,40.0300,74,97,454889
1.8280,0.1564,40.0600,74,97,454892
1.8182,0.1662,40.0600,74,97,454895
1.8084,0.1613,40.1000,74,97,454899
1.8426,0.1711,40.0600,74,97,454902
1.7986,0.1613,40.1000,74,97,454905
1.8133,0.1564,40.0000,74,97,454908
1.7986,0.1613,40.1600,74,97,454913
1.7986,0.1613,40.1000,74,97,454916
1.8182,0.1711,40.0300,74,97,454919
1.8133,0.1662,40.0600,74,97,454923
1.8182,0.1613,39.9600,74,97,454926
1.7986,0.1564,40.1300,74,97,454929
1.8035,0.1515,40.1000,74,97,454933
1.8280,0.1857,40.0000,74,97,454936
1.7986,0.1613,40.1000,74,97,454939
1.8280,0.1613,40.4300,74,97,454943
1.8035,0.1613,40.0300,74,97,454946
1.8035,0.1515,40.1000,74,97,454949
1.8280,0.1662,40.0000,74,97,454952
1.8426,0.1662,40.1000,74,97,454957
1.8622,0.1515,39.8900,74,97,454960
1.8719,0.1564,40.0300,74,97,454963
1.8671,0.1613,40.1000,74,97,454967
1.9355,0.1662,40.1000,74,97,454970
2.0039,0.1613,40.1300,74,97,454973
2.1554,0.1662,39.8900,74,97,454977
2.1994,0.1613,40.0600,74,97,454980
2.3021,0.1515,40.1000,74,97,454983
2.4291,0.1662,40.0300,74,97,454987
2.5611,0.1613,40.1000,74,97,454990
2.7615,0.1906,39.8900,74,97,454993
2.7566,0.1662,40.0600,74,97,454996
2.6393,0.1564,40.1300,74,97,455001
2.4047,0.1613,40.1000,74,97,455004
2.1261,0.1613,40.1300,74,97,455007
1.9453,0.1613,39.9300,74,97,455011
1.7107,0.1711,40.0600,74,97,455014
1.6813,0.1613,40.0000,74,97,455017
1.6276,0.1613,40.2000,74,97,455021
1.6569,0.1564,40.1300,74,97,455024
1.7107,0.1711,40.1000,74,97,455027
1.7155,0.1955,40.2300,74,97,455031
1.7595,0.1662,40.0300,74,97,455034
1.7351,0.1613,40.0600,74,97,455037
1.7400,0.1662,40.1300,74,97,455041
1.7498,0.1515,40.0600,74,97,455045
1.7400,0.1613,40.0600,74,97,455048
1.7644,0.1711,39.9300,74,97,455051
1.7400,0.1613,40.2000,74,97,455055
1.7449,0.1515,40.0600,74,97,455058
1.7595,0.1760,40.0000,74,97,455061
1.7498,0.1613,40.0000,74,97,455065
1.8035,0.1662,39.8600,74,97,455068
1.7791,0.1662,40.0300,74,97,455071
1.7644,0.1955,40.1000,74,97,455075
1.7791,0.1613,40.0600,74,97,455078
1.7791,0.1613,40.0300,74,97,455081
1.8573,0.1711,39.8300,74,97,455085
1.7986,0.1613,40.0000,74,97,455089
1.7986,0.1564,40.1000,74,97,455092
1.8084,0.1515,40.1000,74,97,455095
1.8084,0.1613,40.0600,74,97,455099
1.8573,0.1760,39.9600,74,97,455102
1.8133,0.1613,39.2500,74,97,455105
1.8280,0.1564,40.1000,74,97,455109
1.8133,0.1515,40.1000,74,97,455112
1.8231,0.1466,40.1000,74,97,455115
1.8524,0.1515,40.0300,74,97,455119
1.8377,0.1857,40.1600,74,97,455122
1.8671,0.1613,39.9600,74,97,455126
1.8377,0.1662,40.1000,74,97,455130
1.8475,0.1613,40.1000,74,97,455133
1.8817,0.1711,40.1600,74,97,455136
1.8573,0.1613,40.1000,74,97,455139
1.8866,0.1613,39.9300,74,97,455143
1.8671,0.1613,40.0300,74,97,455146
1.8768,0.1613,40.1000,74,97,455149
1.9013,0.1662,40.1000,74,97,455153
1.8964,0.1613,40.1300,74,97,455156
1.9355,0.1906,39.8600,74,97,455159
1.9062,0.1662,40.0600,74,97,455163
1.9062,0.1613,40.1300,74,97,455166
1.9257,0.1613,40.0600,74,97,455170
1.9208,0.1613,40.1300,74,97,455174
1.9795,0.1955,39.8300,74,97,455177
1.9404,0.1613,40.0600,74,97,455180
1.9453,0.1564,40.3300,74,97,455183
1.9648,0.1662,40.0600,74,97,455187
1.9599,0.1613,40.1000,74,97,455190
2.0283,0.1857,39.8900,74,97,455193
1.9892,0.1662,40.1000,74,97,455197
1.9941,0.1564,40.0000,74,97,455200
1.9941,0.1613,40.1000,74,97,455203
1.9990,0.1564,40.1300,74,97,455207
2.0430,0.1613,39.9300,74,97,455211
2.0088,0.1613,40.1600,74,97,455214
2.0283,0.2151,40.0300,74,97,455218
2.0137,0.1613,40.1000,74,97,455221
2.0137,0.1613,40.1000,74,97,455224
2.0381,0.1613,40.0000,74,97,455227
2.0039,0.1613,40.1000,74,97,455231
2.0332,0.1515,40.0300,74,97,455234
1.9941,0.1613,40.0600,74,97,455237
1.9941,0.1613,40.1000,74,97,455241
1.9990,0.1613,40.0300,74,97,455244
2.0088,0.1613,40.0600,74,97,455247
2.0039,0.1613,39.9300,74,97,455251
1.9599,0.1613,40.0000,74,97,455255
1.9501,0.1564,40.1000,74,97,455258
1.9599,0.1711,40.0300,74,97,455261
1.9599,0.1564,40.1000,74,97,455265
1.9501,0.1662,39.8300,74,97,455268
1.9110,0.1662,40.0300,74,97,455271
1.8768,0.1564,40.1000,74,97,455275
1.8671,0.1662,40.0000,74,97,455278
1.8475,0.1564,40.1000,74,97,455281
1.8768,0.1711,39.8000,74,97,455285
1.8084,0.1662,40.0600,74,97,455288
1.7937,0.1662,40.0600,74,97,455291
1.7742,0.1613,40.1000,74,97,455296
1.7546,0.1906,40.2300,74,97,455299
1.8182,0.1711,39.9600,74,97,455302
1.7351,0.1662,40.0600,74,97,455305
1.7302,0.1613,40.0000,74,97,455309
1.7107,0.1613,40.0000,74,97,455312
1.7009,0.1613,40.1300,74,97,455315
1.7302,0.1711,40.0600,74,97,455319
1.7058,0.1857,40.0600,74,97,455322
1.7107,0.1613,40.0300,74,97,455325
1.6862,0.1613,40.0000,74,97,455329
1.6911,0.1564,40.1600,74,97,455332
1.7253,0.1711,39.9600,74,97,455335
1.7204,0.1662,40.0300,74,97,455340
1.7155,0.1564,40.1000,74,97,455343
1.7840,0.1613,39.8600,74,97,455347
1.7302,0.1662,40.3000,74,97,455350
1.7302,0.1662,40.1000,74,97,455353
1.7449,0.1662,40.0600,74,97,455356
1.7400,0.1613,40.2300,74,97,455360
1.7937,0.1857,39.8300,74,97,455363
1.7498,0.1613,40.1600,74,97,455366
1.7546,0.1662,40.1000,74,97,455370
1.7644,0.1515,40.0600,74,97,455373
1.7644,0.1613,40.1000,74,97,455376
1.8182,0.1857,39.8900,74,97,455380
1.7937,0.1711,39.6000,74,97,455384
1.8280,0.1613,40.0000,74,97,455387
1.7889,0.1564,40.2000,74,97,455391
1.7937,0.1662,40.1000,74,97,455394
1.8328,0.1711,39.9300,74,97,455397
1.7986,0.1662,40.0600,74,97,455400
1.8182,0.1662,39.9600,74,97,455404
1.7937,0.1613,40.1600,74,97,455407
1.7889,0.1613,40.1000,74,97,455410
1.8182,0.1760,40.0300,74,97,455414
1.8182,0.1564,40.1000,74,97,455417
1.8328,0.1662,40.0000,74,97,455420
1.7986,0.1613,40.0600,74,97,455425
1.7986,0.1613,40.1000,74,97,455428
1.8133,0.1515,40.0600,74,97,455431
1.8035,0.1613,40.1300,74,97,455434
1.8328,0.1662,39.8900,74,97,455438
1.7937,0.1613,40.1000,74,97,455441
1.7986,0.1613,40.1000,74,97,455444
1.8133,0.1711,40.0300,74,97,455448
1.8035,0.1613,40.0600,74,97,455451
1.8426,0.1662,39.8600,74,97,455454
1.8182,0.1662,40.0300,74,97,455458
1.8084,0.1613,40.1300,74,97,455461
1.8084,0.2004,40.1000,74,97,455464
1.8035,0.1760,40.1000,74,97,455469
1.8524,0.1857,39.8600,74,97,455472
1.8084,0.1613,40.0000,74,97,455475
1.7986,0.1564,40.0600,74,97,455478
1.7986,0.1662,40.1000,74,97,455482
1.7937,0.1613,40.1300,74,97,455485
1.8426,0.1760,40.0000,74,97,455488
1.8035,0.1662,40.0600,74,97,455492
1.8133,0.1613,40.0000,74,97,455495
1.8035,0.1662,40.1000,74,97,455498
1.7986,0.1613,40.1000,74,97,455502
1.8524,0.1760,40.0300,74,97,455505
1.8084,0.1662,40.1000,74,97,455508
1.8231,0.1662,40.0000,74,97,455513
1.7937,0.1613,40.2000,74,97,455516
1.7937,0.1711,40.1000,74,97,455519
1.8231,0.1711,40.0000,74,97,455522
1.7937,0.1613,40.2000,74,97,455526
1.8231,0.1662,39.9300,74,97,455529
1.7937,0.1613,40.0300,74,97,455532
1.7937,0.1515,40.1000,74,97,455536
1.8084,0.1662,40.2000,74,97,455539
1.7937,0.1613,40.0600,74,97,455542
1.8328,0.1662,39.8300,74,97,455546
1.8035,0.1662,40.1000,74,97,455549
1.7986,0.1662,40.1000,74,97,455553
1.8133,0.1662,40.1000,74,97,455557
1.7986,0.1613,40.1000,74,97,455560
1.8475,0.1760,39.8300,74,97,455563
1.8035,0.1613,40.1600,74,97,455566
1.8084,0.1711,40.1000,74,97,455570
1.8182,0.1662,40.1000,74,97,455573
1.8084,0.2004,40.1000,74,97,455576
1.8719,0.1808,39.8900,74,97,455580
1.8328,0.1711,40.0300,74,97,455583
1.8231,0.1613,40.0300,74,97,455586
1.8182,0.1662,40.2000,74,97,455590
1.8133,0.1662,40.0300,74,97,455593
1.8475,0.1711,39.9300,74,97,455597
1.8133,0.1564,40.0600,74,97,455601
1.8426,0.1613,39.9600,74,97,455604
1.8182,0.1613,39.9600,74,97,455607
1.8328,0.1662,40.1000,74,97,455610
1.8671,0.1711,40.0000,74,97,455614
1.8524,0.1857,40.1300,74,97,455617
1.8817,0.1711,40.0000,74,97,455620
1.8426,0.1613,40.2300,74,97,455624
1.8377,0.1613,40.1000,74,97,455627
1.8475,0.1662,39.9300,74,97,455630
1.8475,0.1613,40.1300,74,97,455634
1.8768,0.1662,39.9300,74,97,455638
1.8475,0.1662,40.1000,74,97,455641
1.8524,0.1613,40.1000,74,97,455645
1.8671,0.1760,40.1000,74,97,455648
1.8377,0.1613,40.1000,74,97,455651
1.8671,0.1760,39.8600,74,97,455655
1.8377,0.1515,40.0000,74,97,455658
1.8231,0.1711,40.0600,74,97,455661
1.8328,0.1662,40.0600,74,97,455664
1.8328,0.1662,40.0600,74,97,455668
1.8866,0.1857,39.8300,74,97,455671
1.8426,0.1662,40.1000,74,97,455674
1.8377,0.1662,40.0600,74,97,455678
1.8328,0.1662,40.1600,74,97,455682
1.8231,0.1662,40.1300,74,97,455685
1.8524,0.1711,39.1200,74,97,455689
1.8035,0.1662,40.1000,74,97,455692
1.8182,0.1662,40.0000,74,97,455695
1.7937,0.1711,40.1300,74,97,455699
1.7937,0.1613,40.2600,74,97,455702
1.8084,0.1760,40.0300,74,97,455705
1.7986,0.1662,40.1000,74,97,455709
1.8182,0.1711,40.0000,74,97,455712
1.7840,0.1662,40.1000,74,97,455715
1.7937,0.1662,40.1000,74,97,455718
1.8231,0.1760,40.0000,74,97,455723
1.7986,0.1662,40.1000,74,97,455726
1.8280,0.1662,40.1000,74,97,455729
1.8084,0.1760,40.0300,74,97,455733
1.8280,0.1662,40.1000,74,97,455736
1.8182,0.1711,39.8900,74,97,455739
1.8280,0.1662,40.1000,74,97,455743
1.8426,0.1711,39.9300,74,97,455746
1.8084,0.1711,40.1000,74,97,455749
1.8084,0.1662,40.1000,74,97,455752
1.8231,0.1711,40.0600,74,97,455756
1.8377,0.1564,40.1000,74,97,455759
1.9355,0.1711,39.8300,74,97,455762
1.9599,0.1760,40.0600,74,97,455767
2.0821,0.1613,40.1000,74,97,455770
2.1554,0.1662,40.1000,74,97,455773
2.2483,0.1955,40.1300,74,97,455777
2.4536,0.1808,39.8900,74,97,455780
2.5367,0.1711,40.1300,74,97,455783
2.6784,0.1613,40.0000,74,97,455787
2.7517,0.1662,40.0600,74,97,455790
2.6931,0.1613,40.1000,74,97,455793
2.5464,0.1711,39.9300,74,97,455796
2.2336,0.1711,40.0600,74,97,455800
1.9795,0.1662,40.0300,74,97,455803
1.7351,0.1662,40.2600,74,97,455806
1.6276,0.1564,40.0600,74,97,455811
1.6227,0.1711,40.1000,74,97,455814
1.6227,0.1613,40.1000,74,97,455817
1.6911,0.1711,39.9600,74,97,455821
1.6862,0.1613,40.0600,74,97,455824
1.7155,0.1662,40.1000,74,97,455827
1.7351,0.1662,40.0600,74,97,455831
1.7400,0.1613,40.0600,74,97,455834
1.7644,0.1662,39.8900,74,97,455837
1.7351,0.1662,40.1300,74,97,455840
1.7449,0.1662,40.1600,74,97,455844
1.7840,0.1613,40.0600,74,97,455847
1.7400,0.1662,40.1300,74,97,455851
1.7791,0.1711,39.8300,74,97,455855
1.7546,0.1711,40.0600,74,97,455858
1.7449,0.1662,40.2600,74,97,455861
1.7449,0.1662,40.1000,74,97,455865
1.7498,0.1662,40.1600,74,97,455868
1.8084,0.1857,39.8600,74,97,455871
1.7742,0.1662,39.1900,74,97,455875
1.7742,0.1955,40.0300,74,97,455878
1.7742,0.1662,40.1000,74,97,455881
1.7840,0.1662,40.3300,74,97,455885
1.8280,0.1808,39.9300,74,97,455888
1.7986,0.1662,40.1000,74,97,455891
1.8133,0.1662,40.0000,74,97,455895
1.8084,0.1662,40.1000,74,97,455899
1.8084,0.1662,40.1000,74,97,455902
1.8328,0.1760,40.0300,74,97,455905
1.8231,0.1662,40.1000,74,97,455909
1.8475,0.1711,39.9600,74,97,455912
1.8280,0.1662,40.1300,74,97,455915
1.8377,0.1906,40.1600,74,97,455919
1.8719,0.1760,40.0000,74,97,455922
1.8426,0.1760,40.1000,74,97,455925
1.8915,0.1662,39.9300,74,97,455929
1.8573,0.1662,39.4800,74,97,455932
1.8622,0.1613,40.1000,74,97,455936
1.8768,0.1711,39.6400,74,97,455939
1.8671,0.1662,40.1000,74,97,455943
1.9110,0.1711,39.9300,74,97,455946
1.9599,0.2004,39.8900,74,97,455950
1.9110,0.1760,40.0600,74,97,455953
1.9257,0.1613,40.0600,74,97,455956
1.9257,0.1662,40.1300,74,97,455960
1.9355,0.1711,40.1300,74,97,455963
1.9795,0.1906,40.2600,74,97,455966
1.9550,0.1662,40.1000,74,97,455970
1.9795,0.1662,40.0000,74,97,455973
1.9795,0.1613,40.1000,74,97,455976
1.9697,0.1613,40.1300,74,97,455981
2.0088,0.1857,39.9600,74,97,455984
1.9795,0.1662,40.1000,74,97,455987
2.0088,0.1711,40.1000,74,97,455991
1.9795,0.1613,40.0300,74,97,455994
1.9795,0.1662,40.1300,74,97,455997
2.0186,0.1662,40.0600,74,97,456000
1.9795,0.1613,40.1000,74,97,456004
2.0137,0.1662,39.9600,74,97,456007
1.9844,0.1808,40.0600,74,97,456010
1.9795,0.1662,40.1000,74,97,456014
1.9892,0.1711,40.1600,74,97,456017
1.9746,0.1613,40.1000,74,97,456020
2.0088,0.1711,39.9600,74,97,456025
1.9648,0.1662,40.0600,74,97,456028
1.9648,0.1613,40.1000,74,97,456031
1.9648,0.1711,39.5400,74,97,456034
1.9453,0.1662,40.1000,74,97,456038
1.9795,0.1760,39.8600,74,97,456041
1.9306,0.1662,40.0000,74,97,456044
1.9013,0.1613,40.1000,74,97,456048
1.8768,0.1662,40.1600,74,97,456051
1.8573,0.1613,40.1000,74,97,456054
1.8866,0.1760,39.8900,74,97,456058
1.8231,0.1711,40.1300,74,97,456061
1.8182,0.1711,40.0000,74,97,456065
1.7937,0.1613,40.1000,74,97,456069
1.7742,0.1662,40.1300,74,97,456072
1.7889,0.1760,40.0000,74,97,456075
1.7546,0.1662,40.1000,74,97,456079
1.7546,0.1662,40.0600,74,97,456082
1.7204,0.1662,40.0600,74,97,456085
1.7058,0.1515,40.1000,74,97,456088
1.7204,0.1662,40.0600,74,97,456092
1.7107,0.1662,40.0600,74,97,456095
1.7351,0.1662,40.0000,74,97,456098
1.7009,0.1662,40.1600,74,97,456102
1.7058,0.1613,40.1000,74,97,456105
1.7253,0.1711,39.9600,74,97,456109
1.7009,0.1613,40.1000,74,97,456113
1.7302,0.1662,39.9300,74,97,456116
1.7155,0.1711,40.0000,74,97,456119
1.7107,0.1662,40.1000,74,97,456122
1.7302,0.1711,40.1300,74,97,456126
1.7204,0.1613,40.1000,74,97,456129
1.7742,0.1711,39.9300,74,97,456132
1.7400,0.1662,40.0600,74,97,456136
1.7351,0.1662,40.1300,74,97,456139
1.7449,0.1906,40.0600,74,97,456142
1.7546,0.1662,40.1000,74,97,456146
1.7986,0.1808,39.8600,74,97,456150
1.7595,0.1808,40.1000,74,97,456153
1.7644,0.1662,40.1000,74,97,456157
1.7693,0.1515,40.1000,74,97,456160
1.7693,0.1662,40.1000,74,97,456163
1.8182,0.1808,39.9600,74,97,456166
1.7986,0.1711,39.3200,74,97,456170
1.8035,0.1662,40.0300,74,97,456173
1.7937,0.1662,40.1000,74,97,456176
1.7986,0.1662,40.1300,74,97,456180
1.8328,0.1515,39.9600,74,97,456183
1.8328,0.1662,40.1000,74,97,456186
1.8231,0.1711,39.9600,74,97,456190
1.8035,0.1662,40.0600,74,97,456194
1.8035,0.1662,40.1000,74,97,456197
1.8280,0.1711,40.0300,74,97,456201
1.8133,0.1955,40.1000,74,97,456204
1.8426,0.1711,39.9300,74,97,456207
1.8084,0.1662,40.2000,74,97,456210
1.8475,0.1662,40.1000,74,97,456214
1.8231,0.1515,40.0300,74,97,456217
1.8084,0.2053,40.1000,74,97,456220
1.8377,0.1808,39.8600,74,97,456224
1.8084,0.1662,40.0600,74,97,456227
1.8133,0.1662,40.1300,74,97,456230
1.8231,0.1711,40.0600,74,97,456235
1.8084,0.1662,40.1300,74,97,456238
1.8573,0.1760,38.9000,74,97,456241
1.8231,0.1662,40.0300,74,97,456245
1.8084,0.1613,40.1300,74,97,456248
1.8035,0.1808,40.0600,74,97,456251
1.8182,0.1613,40.1000,74,97,456254
1.8524,0.1808,39.9600,74,97,456258
1.7937,0.1662,40.0600,74,97,456261
1.7986,0.1515,40.0600,74,97,456264
1.7840,0.1564,40.0600,74,97,456268
1.7937,0.1613,40.1000,74,97,456271
1.8231,0.1515,39.9600,74,97,456274
1.7937,0.1662,40.0600,74,97,456279
1.8231,0.1662,40.0000,74,97,456282
1.7937,0.1662,40.2000,74,97,456285
1.8035,0.1613,40.1300,74,97,456289
1.8133,0.1760,40.0600,74,97,456292
1.7986,0.1662,40.1600,74,97,456295
1.8573,0.1760,40.0600,74,97,456298
1.7889,0.1662,40.2600,74,97,456302
1.7986,0.1662,40.1000,74,97,456305
1.8182,0.1760,40.0000,74,97,456308
1.8182,0.1662,40.1300,74,97,456312
1.8182,0.1515,39.9300,74,97,456315
1.8035,0.1760,40.0300,74,97,456318
1.8035,0.1662,40.1000,74,97,456323
1.8035,0.1711,40.2000,74,97,456326
1.7889,0.1760,40.1300,74,97,456329
1.8377,0.1711,39.9300,74,97,456333
1.8035,0.1857,40.0600,74,97,456336
1.8035,0.1564,40.2300,74,97,456339
1.8133,0.1711,39.2200,74,97,456342
1.8084,0.1662,40.1000,74,97,456346
1.8719,0.1760,39.8600,74,97,456349
1.8084,0.1662,40.0300,74,97,456352
1.8084,0.1711,40.0600,74,97,456356
1.8084,0.1515,40.1300,74,97,456359
1.7986,0.1711,40.1000,74,97,456363
1.8426,0.1808,39.9600,74,97,456367
1.8035,0.1711,40.1000,74,97,456370
1.8035,0.1662,40.0000,74,97,456373
1.7986,0.1662,40.1000,74,97,456377
1.8133,0.1662,40.1300,74,97,456380
1.8622,0.1711,39.9300,74,97,456383
1.8377,0.1613,40.1000,74,97,456386
1.8671,0.1711,39.9600,74,97,456390
1.8377,0.1662,40.1300,74,97,456393
1.8377,0.1662,40.1000,74,97,456396
1.8622,0.1711,40.1300,74,97,456400
1.8475,0.1760,40.1000,74,97,456403
1.8817,0.1662,39.9600,74,97,456407
1.8524,0.1564,40.0600,74,97,456411
1.8524,0.1662,40.1000,74,97,456414
1.8622,0.1711,40.1300,74,97,456417
1.8377,0.1613,40.1000,74,97,456421
1.8622,0.1711,39.8900,74,97,456424
1.8182,0.1662,40.1000,74,97,456427
1.8231,0.1613,40.1000,74,97,456430
1.8377,0.1711,40.0300,74,97,456434
1.8231,0.1662,40.1000,74,97,456437
1.8817,0.2102,39.8300,74,97,456440
1.8622,0.1711,40.0000,74,97,456444
1.8426,0.1613,40.1300,74,97,456448
1.8426,0.1711,40.1000,74,97,456451
1.8280,0.1662,40.1300,74,97,456455
1.8719,0.1711,39.8900,74,97,456458
1.8133,0.1711,40.1300,74,97,456461
1.8182,0.1613,40.0000,74,97,456465
1.7937,0.1662,40.2000,74,97,456468
1.7889,0.1662,40.1000,74,97,456471
1.8231,0.1760,39.9600,74,97,456474
1.7840,0.1711,40.3600,74,97,456478
1.7986,0.1662,39.9600,74,97,456481
1.7791,0.1662,40.1000,74,97,456484
1.7840,0.1662,40.1000,74,97,456488
1.8084,0.1760,40.1000,74,97,456492
1.7986,0.1711,40.1000,74,97,456495
1.8231,0.1760,39.9600,74,97,456499
1.7937,0.1662,40.1000,74,97,456502
1.7986,0.1662,40.1300,74,97,456505
1.8231,0.1808,40.0000,74,97,456509
1.7986,0.1662,40.1000,74,97,456512
1.8231,0.1711,40.0600,74,97,456515
1.8133,0.1662,40.0600,74,97,456518
1.8084,0.1662,40.1600,74,97,456522
1.8280,0.1760,40.0600,74,97,456525
1.8280,0.1613,40.1000,74,97,456528
1.9159,0.1760,39.9600,74,97,456532
1.9501,0.1662,40.0300,74,97,456536
2.0332,0.1662,40.1300,74,97,456539
2.1359,0.1711,40.0600,74,97,456543
2.2190,0.1711,40.0600,74,97,456546
2.3900,0.1515,39.8300,74,97,456549
2.4633,0.2053,39.9300,74,97,456553
2.6002,0.1613,40.1000,74,97,456556
2.7126,0.1711,40.2000,74,97,456559
1.7937,0.1808,40.1600,74,97,456564
1.7009,0.1662,40.1000,74,97,456567
1.6520,0.1760,39.9600,74,97,456570
1.6325,0.1906,40.0600,74,97,456574
1.6911,0.1760,40.0300,74,97,456578
1.6960,0.1662,40.1600,74,97,456581
1.7204,0.1662,40.1000,74,97,456585
1.7449,0.1711,40.0300,74,97,456588
1.7351,0.1955,40.1000,74,97,456591
1.7595,0.1613,39.9300,74,97,456595
1.7351,0.1662,40.1600,74,97,456598
1.7351,0.1662,40.1000,74,97,456601
1.7498,0.1711,40.0000,74,97,456605
1.7546,0.1662,40.1000,74,97,456608
1.7840,0.1711,39.8900,74,97,456611
1.7449,0.1564,40.1000,74,97,456614
1.7693,0.1613,40.1600,74,97,456619
1.7595,0.1711,40.1000,74,97,456622
1.7546,0.1662,40.1000,74,97,456625
1.8084,0.1808,39.8600,74,97,456629
1.7791,0.1711,40.0300,74,97,456632
1.7937,0.1662,40.0600,74,97,456635
1.7742,0.1711,40.0000,74,97,456639
1.7840,0.1662,40.1000,74,97,456642
1.8280,0.1808,40.0000,74,97,456645
1.7937,0.1711,40.0300,74,97,456649
1.8035,0.1662,40.0300,74,97,456652
1.7986,0.1711,40.1600,74,97,456655
1.8084,0.1662,40.1000,74,97,456658
1.8475,0.1760,40.0300,74,97,456663
1.8280,0.1760,40.1000,74,97,456666
1.8475,0.1711,40.0000,74,97,456669
1.8328,0.1711,40.1000,74,97,456673
1.8475,0.1662,40.1000,74,97,456676
1.8622,0.1711,40.1300,74,97,456679
1.8573,0.1662,40.1300,74,97,456683
1.8964,0.1662,40.0000,74,97,456686
1.8719,0.1613,40.1000,74,97,456689
1.8817,0.1662,40.1000,74,97,456693
1.9062,0.1760,40.0000,74,97,456696
1.8915,0.1711,40.1000,74,97,456699
1.9257,0.1711,39.8600,74,97,456702
1.9062,0.1760,40.0000,74,97,456707
1.9062,0.1515,40.1000,74,97,456710
1.9257,0.1808,40.0300,74,97,456713
1.9159,0.1662,40.1000,74,97,456717
1.9697,0.1760,39.8300,74,97,456720
1.9355,0.1711,40.0600,74,97,456723
1.9355,0.1662,40.1000,74,97,456727
1.9550,0.1613,40.1000,74,97,456730
1.9550,0.1662,40.1000,74,97,456733
2.0186,0.1857,39.8600,74,97,456737
1.9844,0.1711,40.1000,74,97,456740
1.9844,0.1662,40.0300,74,97,456743
1.9892,0.1760,40.1000,74,97,456747
1.9892,0.1662,40.0600,74,97,456751
2.0283,0.1808,40.0000,74,97,456754
2.0137,0.1711,40.0300,74,97,456757
2.0283,0.1711,40.0300,74,97,456761
2.0039,0.1613,40.1000,74,97,456764
2.0088,0.1662,40.1000,74,97,456767
2.0479,0.1760,39.8000,74,97,456771
2.0137,0.1711,40.1000,74,97,456774
2.0332,0.1760,40.0000,74,97,456777
2.0039,0.1662,40.2300,74,97,456780
1.9990,0.1662,40.0600,74,97,456784
2.0235,0.1760,40.0300,74,97,456787
1.9990,0.1662,40.1300,74,97,456791
2.0283,0.1662,39.9300,74,97,456795
2.0235,0.1613,40.0600,74,97,456798
1.9795,0.1662,40.1000,74,97,456801
1.9795,0.1760,40.0000,74,97,456805
1.9550,0.1760,40.1000,74,97,456808
1.9746,0.1515,39.9300,74,97,456811
1.9208,0.1613,40.1000,74,97,456815
1.9110,0.1515,40.1300,74,97,456818
1.9062,0.1857,40.0600,74,97,456821
1.8719,0.1662,40.1000,74,97,456824
1.9013,0.1760,40.0300,74,97,456828
1.8524,0.1662,40.0300,74,97,456832
1.8280,0.1662,40.1300,74,97,456835
1.8035,0.1808,40.1000,74,97,456839
1.8084,0.1564,40.1000,74,97,456842
1.8231,0.1857,39.8600,74,97,456845
1.7644,0.1613,40.0600,74,97,456849
1.7498,0.1613,40.0300,74,97,456852
1.7351,0.1711,40.1600,74,97,456855
1.7351,0.1711,40.1300,74,97,456858
1.7595,0.1760,40.0000,74,97,456862
1.7204,0.1760,40.0600,74,97,456865
1.7302,0.1760,40.0000,74,97,456868
1.7107,0.1711,40.1000,74,97,456872
1.7107,0.1711,40.1000,74,97,456876
1.7204,0.1760,40.2300,74,97,456879
1.7058,0.1760,40.1000,74,97,456883
1.7302,0.1711,39.9600,74,97,456886
1.7058,0.1760,40.1000,74,97,456889
1.7155,0.1662,40.1000,74,97,456893
1.7400,0.1760,39.4800,74,97,456896
1.7155,0.1711,40.1000,74,97,456899
1.7400,0.1662,39.9600,74,97,456902
1.7253,0.1662,40.0000,74,97,456906
1.7253,0.1662,40.1000,74,97,456909
1.7449,0.1857,40.0600,74,97,456912
1.7400,0.1711,40.1300,74,97,456916
1.7791,0.1711,39.8900,74,97,456920
1.7498,0.1760,40.0600,74,97,456923
1.7546,0.1662,40.1000,74,97,456927
1.7644,0.1711,40.0600,74,97,456930
1.7595,0.1613,40.1000,74,97,456933
1.8182,0.1711,39.8300,74,97,456937
1.7742,0.1808,40.1000,74,97,456940
1.8133,0.1662,40.1000,74,97,456943
1.7840,0.1711,40.3000,74,97,456946
1.7840,0.1613,40.1000,74,97,456950
1.8426,0.1857,39.9600,74,97,456953
1.8133,0.1857,40.0300,74,97,456956
1.8035,0.1515,40.0300,74,97,456961
1.7986,0.1760,40.1000,74,97,456964
1.8084,0.1662,40.1000,74,97,456967
1.8328,0.1760,39.9600,74,97,456971
1.8084,0.1760,40.0600,74,97,456974
1.8231,0.1760,40.0000,74,97,456977
1.8084,0.1711,40.1600,74,97,456981
1.8133,0.2004,40.1000,74,97,456984
1.8377,0.1760,40.0300,74,97,456987
1.8182,0.1711,40.0300,74,97,456990
1.8475,0.1857,40.0000,74,97,456994
1.8182,0.1711,40.1000,74,97,456997
1.8182,0.1760,40.1000,74,97,457000
1.8231,0.1711,40.0600,74,97,457005
1.8133,0.1711,40.1000,74,97,457008
1.8426,0.1613,39.9300,74,97,457011
1.8133,0.1711,40.1600,74,97,457015
1.8231,0.1662,40.1000,74,97,457018
1.8377,0.1760,40.0600,74,97,457021
1.8133,0.1662,40.1000,74,97,457025
1.8524,0.1760,39.8000,74,97,457028
1.8231,0.1760,40.0000,74,97,457031
1.8035,0.1662,40.1300,74,97,457034
1.8133,0.1760,40.0600,74,97,457038
1.8475,0.1711,40.1300,74,97,457041
1.8622,0.1857,39.9600,74,97,457044
1.8133,0.1711,39.7700,74,97,457049
1.8084,0.1662,40.0300,74,97,457052
1.8231,0.1613,40.1000,74,97,457055
1.8035,0.1662,40.2300,74,97,457059
1.8377,0.1808,39.9600,74,97,457062
1.8035,0.1711,40.1000,74,97,457065
1.8182,0.1711,39.9600,74,97,457069
1.8035,0.1760,40.1300,74,97,457072
1.7937,0.1711,40.0000,74,97,457075
1.8182,0.1711,40.0600,74,97,457079
1.7937,0.1711,40.1600,74,97,457082
1.8133,0.1808,40.0000,74,97,457085
1.7889,0.1711,40.1000,74,97,457089
1.7986,0.1711,40.1000,74,97,457093
1.8231,0.1760,40.0000,74,97,457096
1.8035,0.1711,40.1000,74,97,457099
1.8377,0.1711,39.9300,74,97,457103
1.8280,0.1711,40.0300,74,97,457106
1.8328,0.1808,40.1000,74,97,457109
1.8524,0.1760,40.0300,74,97,457113
1.8426,0.1857,40.1000,74,97,457116
1.9062,0.1760,39.8600,74,97,457119
1.8622,0.1711,40.0300,74,97,457123
1.8671,0.1711,40.1000,74,97,457126
1.8768,0.1711,40.0600,74,97,457129
1.8768,0.1711,40.1000,74,97,457133
1.9306,0.1808,39.8000,74,97,457137
1.8817,0.1711,40.3300,74,97,457140
1.8768,0.1613,40.1000,74,97,457143
1.8719,0.1711,40.1300,74,97,457147
1.8671,0.1711,40.1000,74,97,457150
1.8964,0.1808,40.0600,74,97,457153
1.8622,0.1760,40.0300,74,97,457157
1.8768,0.1662,40.0300,74,97,457160
1.8524,0.1711,40.0000,74,97,457163
1.8475,0.1711,40.1000,74,97,457167
1.8768,0.1760,39.9600,74,97,457170
1.7742,0.1711,40.0600,74,97,457176
1.7791,0.1711,40.1000,74,97,457179
1.7742,0.1711,40.0000,74,97,457182
1.7498,0.1711,40.0600,74,97,457186
1.7449,0.1711,40.1300,74,97,457189
1.7644,0.1760,40.0300,74,97,457192
1.7498,0.1711,40.1000,74,97,457195
1.7889,0.1760,39.8900,74,97,457199
1.7498,0.1662,40.0600,74,97,457202
1.7595,0.1662,40.1000,74,97,457205
1.7840,0.1760,40.0600,74,97,457209
1.7546,0.1711,40.1300,74,97,457212
1.8182,0.1760,39.8300,74,97,457216
1.7889,0.1711,40.0600,74,97,457220
1.7791,0.1662,40.0300,74,97,457223
1.7840,0.1711,40.1000,74,97,457226
1.7840,0.1711,40.3600,74,97,457230
1.8280,0.1808,39.9300,74,97,457233
1.7937,0.1711,40.0600,74,97,457236
1.8035,0.1857,40.0000,74,97,457239
1.7986,0.1760,40.1000,74,97,457243
1.8328,0.1711,40.1000,74,97,457246
1.9062,0.1711,40.0000,74,97,457249
1.9599,0.1711,40.0600,74,97,457253
2.0870,0.1711,39.9600,74,97,457256
2.1554,0.1711,40.1000,74,97,457260
2.2581,0.1711,40.1000,74,97,457264
2.3900,0.1711,40.0600,74,97,457267
2.5171,0.1857,40.0600,74,97,457270
2.6833,0.1711,39.9300,74,97,457273
2.6979,0.1711,40.1000,74,97,457277
2.6100,0.1662,40.1000,74,97,457280
2.4242,0.1760,40.1300,74,97,457283
2.1505,0.1711,40.1000,74,97,457287
1.9013,0.1711,39.8900,74,97,457290
1.7009,0.1808,40.0000,74,97,457293
1.6129,0.1613,40.1300,74,97,457297
1.6129,0.1760,40.0600,74,97,457300
1.6276,0.1711,40.1000,74,97,457304
1.7058,0.1760,39.8600,74,97,457308
1.6960,0.1613,40.0300,74,97,457311
1.7155,0.1662,40.1300,74,97,457314
1.7253,0.1808,40.0300,74,97,457317
1.7204,0.1613,40.1000,74,97,457321
1.7693,0.1906,39.8900,74,97,457324
1.7204,0.1711,40.1000,74,97,457327
1.7253,0.1662,40.0600,74,97,457331
1.7204,0.1711,40.1300,74,97,457334
1.7204,0.1711,40.1000,74,97,457337
1.7644,0.1808,39.9300,74,97,457341
1.7400,0.1808,40.0600,74,97,457345
1.7595,0.1760,40.0000,74,97,457348
1.7400,0.1711,39.4800,74,97,457352
1.7449,0.1711,40.0600,74,97,457355
1.7742,0.1808,39.9300,74,97,457358
1.7693,0.1760,40.0600,74,97,457361
1.7791,0.1760,40.0000,74,97,457365
1.7546,0.1711,40.0600,74,97,457368
1.7644,0.1711,40.1300,74,97,457371
1.7889,0.1760,39.1200,74,97,457375
1.7791,0.1613,40.1000,74,97,457378
1.8084,0.1711,39.9600,74,97,457381
1.7840,0.1711,40.0600,74,97,457385
1.8231,0.1613,40.1000,74,97,457389
1.8133,0.1711,40.0600,74,97,457392
1.8084,0.1662,40.1000,74,97,457396
1.8573,0.1711,39.8900,74,97,457399
1.8231,0.1760,40.1000,74,97,457402
1.8280,0.1711,40.1000,74,97,457405
1.8524,0.1760,40.0600,74,97,457409
1.8475,0.1760,40.1000,74,97,457412
1.9062,0.1808,39.9300,74,97,457415
1.8719,0.1760,40.0300,74,97,457419
1.8817,0.1662,40.1000,74,97,457422
1.8671,0.1808,40.1300,74,97,457425
1.8768,0.1711,40.1000,74,97,457430
1.9306,0.1857,40.0000,74,97,457433
1.8964,0.1711,40.0600,74,97,457436
1.8915,0.1662,40.0300,74,97,457440
1.9013,0.1711,39.3200,74,97,457443
1.9062,0.1613,40.1000,74,97,457446
1.9453,0.1808,39.9600,74,97,457449
1.9257,0.1711,40.1000,74,97,457453
1.9501,0.1711,40.0000,74,97,457456
1.9355,0.1711,40.1600,74,97,457459
1.9453,0.1711,40.1300,74,97,457463
1.9648,0.1711,40.0600,74,97,457466
1.9892,0.1711,40.1000,74,97,457469
2.0039,0.1760,40.0600,74,97,457474
2.0039,0.1613,40.1000,74,97,457477
1.9892,0.1662,40.1000,74,97,457480
2.0137,0.1760,40.0000,74,97,457484
1.9844,0.1711,40.1000,74,97,457487
2.0235,0.1760,39.8900,74,97,457490
2.0039,0.1808,40.1000,74,97,457493
1.9941,0.1613,40.1000,74,97,457497
2.0039,0.1760,40.0000,74,97,457500
1.9892,0.1808,40.0600,74,97,457503
2.0479,0.1760,39.8600,74,97,457507
1.9844,0.1711,40.1000,74,97,457510
1.9746,0.1906,40.1000,74,97,457513
1.9795,0.1711,40.0600,74,97,457518
1.9648,0.1711,40.1600,74,97,457521
2.0186,0.1711,39.8300,74,97,457524
1.9599,0.1711,40.1600,74,97,457527
1.9453,0.1711,40.1000,74,97,457531
1.9355,0.1711,40.1000,74,97,457534
1.9062,0.1662,40.1000,74,97,457537
1.9501,0.1857,39.9300,74,97,457541
1.9062,0.1760,40.0300,74,97,457544
1.8768,0.1711,40.0300,74,97,457547
1.8524,0.1662,40.0600,74,97,457551
1.8426,0.1613,40.1000,74,97,457554
1.8524,0.1808,39.9300,74,97,457558
1.7986,0.1711,40.1000,74,97,457562
1.7986,0.1711,39.9600,74,97,457565
1.7840,0.1711,40.1300,74,97,457568
1.7400,0.1711,40.1000,74,97,457572
1.7498,0.1808,40.0300,74,97,457575
1.7155,0.1711,40.1000,74,97,457578
1.7351,0.1711,39.9300,74,97,457581
1.7204,0.1662,40.0600,74,97,457585
1.7009,0.1711,40.0600,74,97,457588
1.7107,0.1711,40.1300,74,97,457591
1.7009,0.1711,40.1000,74,97,457595
1.7302,0.1760,39.8600,74,97,457598
1.6960,0.1662,40.1000,74,97,457602
1.6960,0.1662,40.0300,74,97,457606
1.7155,0.1760,40.0600,74,97,457609
1.6960,0.1662,40.0600,74,97,457612
1.7400,0.2151,39.8600,74,97,457616
1.7155,0.1711,40.0000,74,97,457619
1.7009,0.1662,40.0600,74,97,457622
1.7009,0.1760,40.1000,74,97,457625
1.6960,0.1515,40.1000,74,97,457629
1.7546,0.1906,39.8900,74,97,457632
1.7155,0.1711,40.2000,74,97,457635
1.7155,0.1662,40.0000,74,97,457639
1.7058,0.1711,40.1000,74,97,457643
1.7204,0.1711,40.0600,74,97,457646
1.7498,0.1760,40.1000,74,97,457650
1.7302,0.1711,40.0600,74,97,457653
1.7546,0.1711,40.0000,74,97,457656
1.7400,0.1760,40.1000,74,97,457659
1.7351,0.1711,40.1000,74,97,457663
1.7644,0.1711,40.0600,74,97,457666
1.7498,0.1711,40.0600,74,97,457669
1.7791,0.1760,40.1000,74,97,457673
1.7498,0.1711,40.1000,74,97,457676
1.7693,0.1711,40.0600,74,97,457679
1.7986,0.1662,40.0300,74,97,457683
1.7742,0.1711,40.1000,74,97,457687
1.7986,0.1662,39.9300,74,97,457690
1.7889,0.1711,40.0300,74,97,457694
1.7840,0.1711,40.1000,74,97,457697
1.7986,0.1760,40.0600,74,97,457700
1.7889,0.1711,40.2300,74,97,457704
1.8475,0.1760,39.8600,74,97,457707
1.7986,0.1711,40.0600,74,97,457710
1.7889,0.1711,40.1000,74,97,457713
1.8231,0.1760,40.1000,74,97,457717
1.7889,0.1711,40.2000,74,97,457720
1.8377,0.1906,39.8300,74,97,457723
1.7889,0.1711,40.0000,74,97,457728
1.7937,0.1760,39.8000,74,97,457731
1.7840,0.1711,40.1000,74,97,457734
1.7791,0.1857,40.1000,74,97,457738
1.8328,0.1857,39.9600,74,97,457741
1.7986,0.1760,40.0600,74,97,457744
1.7986,0.1613,40.1000,74,97,457748
1.7840,0.1711,40.0600,74,97,457751
1.7840,0.1662,40.1600,74,97,457754
1.8182,0.1760,39.9300,74,97,457757
1.7791,0.1711,40.0600,74,97,457761
1.8133,0.1760,39.9600,74,97,457764
1.7644,0.1711,40.2300,74,97,457767
1.7546,0.1662,40.1000,74,97,457772
1.7742,0.1711,40.0000,74,97,457775
1.7498,0.1662,40.1000,74,97,457778
1.7791,0.1711,39.9600,74,97,457782
1.7498,0.1711,39.8900,74,97,457785
1.7498,0.1808,40.1000,74,97,457790
1.7644,0.1711,40.1000,74,97,457793
1.7595,0.1711,40.0600,74,97,457796
1.7498,0.1662,40.1000,74,97,457800
1.7986,0.1906,39.8300,74,97,457803
1.7937,0.1760,40.0300,74,97,457806
1.7498,0.1662,40.0600,74,97,457810
1.7449,0.1662,40.1000,74,97,457814
1.7595,0.1711,40.1000,74,97,457817
1.7986,0.1808,39.9300,74,97,457820
1.7791,0.1711,40.1000,74,97,457824
1.8035,0.1711,40.0000,74,97,457827
1.8035,0.1711,40.1300,74,97,457830
1.8133,0.1711,40.1000,74,97,457834
1.8377,0.1760,39.9600,74,97,457837
1.8231,0.1711,40.1000,74,97,457840
1.8524,0.1760,40.2300,74,97,457844
1.8328,0.1711,40.1000,74,97,457847
1.8426,0.1711,40.1000,74,97,457850
1.8622,0.1662,40.0300,74,97,457854
1.8622,0.1515,40.1600,74,97,457858
1.8866,0.1711,39.9300,74,97,457861
1.8573,0.1711,40.1300,74,97,457864
1.8573,0.1662,40.1000,74,97,457868
1.8622,0.1515,40.0000,74,97,457871
1.8328,0.1662,40.0600,74,97,457874
1.8622,0.1760,39.8600,74,97,457878
1.8328,0.1711,40.0000,74,97,457881
1.8182,0.1711,40.1000,74,97,457884
1.8182,0.1711,40.1000,74,97,457888
1.8084,0.1662,40.1000,74,97,457891
1.8475,0.1808,39.8000,74,97,457894
1.7937,0.1711,40.1000,74,97,457899
1.7791,0.1515,40.2000,74,97,457902
1.7644,0.2053,40.1600,74,97,457905
1.7840,0.1613,40.1000,74,97,457908
1.7937,0.1857,39.9600,74,97,457912
1.7498,0.1808,40.1000,74,97,457915
1.7546,0.1662,40.0300,74,97,457918
1.7400,0.1711,40.1300,74,97,457922
1.7351,0.1711,40.1000,74,97,457925
1.7644,0.1808,40.0600,74,97,457928
1.7498,0.1760,40.0600,74,97,457932
1.7889,0.1711,39.9600,74,97,457935
1.7400,0.1711,40.1000,74,97,457938
1.7693,0.1662,40.1300,74,97,457943
1.7742,0.1760,39.9600,74,97,457946
1.7498,0.1711,40.1000,74,97,457949
1.7742,0.1711,40.0300,74,97,457953
1.7449,0.1662,40.0300,74,97,457956
1.7498,0.1662,40.0300,74,97,457959
1.7693,0.1711,40.0300,74,97,457962
1.7498,0.1711,40.0600,74,97,457966
1.7986,0.1711,39.8900,74,97,457969
1.7644,0.1711,40.0600,74,97,457972
1.7644,0.1711,40.1000,74,97,457976
1.7889,0.1711,39.8900,74,97,457979
1.8084,0.1613,40.1000,74,97,457982
1.9062,0.1857,39.8300,74,97,457987
1.9355,0.1711,40.0600,74,97,457990
2.0332,0.1515,40.1000,74,97,457993
2.1310,0.1711,40.0600,74,97,457997
2.2287,0.1662,40.1300,74,97,458000
2.4194,0.1857,39.8600,74,97,458003
2.5024,0.1808,40.0300,74,97,458007
2.6393,0.1613,40.0600,74,97,458010
2.6833,0.1711,40.2000,74,97,458013
2.6002,0.1711,40.1000,74,97,458016
2.4194,0.1760,39.9600,74,97,458020
2.1065,0.1760,40.0600,74,97,458023
1.8817,0.1711,40.0000,74,97,458027
1.6373,0.1711,40.2300,74,97,458031
1.5640,0.1711,40.0600,74,97,458034
1.5396,0.1515,40.0000,74,97,458037
1.5591,0.1711,40.2000,74,97,458041
1.6325,0.1760,40.0300,74,97,458044
1.6422,0.1662,40.1300,74,97,458047
1.6667,0.2102,40.1000,74,97,458050
1.6911,0.1711,40.0600,74,97,458054
1.6862,0.1711,40.2000,74,97,458057
1.7107,0.1760,39.9300,74,97,458060
1.6862,0.1662,40.0600,74,97,458064
1.6960,0.1613,40.1000,74,97,458067
1.7107,0.1760,40.0300,74,97,458071
1.6960,0.1711,40.1000,74,97,458075
1.7400,0.1515,39.8600,74,97,458078
1.7204,0.1711,40.0000,74,97,458081
1.7155,0.1613,40.1000,74,97,458085
1.7253,0.1711,40.3300,74,97,458088
1.7595,0.1662,40.1000,74,97,458091
1.7791,0.1808,39.8300,74,97,458094
1.7400,0.1760,40.1000,74,97,458098
1.7693,0.1662,40.0600,74,97,458101
1.7449,0.1711,40.1300,74,97,458104
1.7498,0.1760,40.0600,74,97,458108
1.7986,0.1857,39.9600,74,97,458112
1.7693,0.1711,40.1300,74,97,458115
1.7791,0.1662,40.0300,74,97,458119
1.7742,0.1711,40.0600,74,97,458122
1.7840,0.1662,40.1300,74,97,458125
1.8084,0.1760,40.1300,74,97,458129
1.7986,0.1760,40.0600,74,97,458132
1.8182,0.1711,39.9600,74,97,458135
1.8035,0.2199,40.1000,74,97,458138
1.8035,0.1662,40.1300,74,97,458142
1.8426,0.1808,39.9600,74,97,458145
1.8133,0.1662,40.1000,74,97,458148
1.8524,0.1662,40.0000,74,97,458152
1.8231,0.1662,40.0300,74,97,458156
1.8622,0.1662,40.1000,74,97,458159
1.8475,0.1760,40.0300,74,97,458163
1.8328,0.1711,40.1000,74,97,458166
1.8817,0.1711,39.8900,74,97,458169
1.8622,0.1613,40.0600,74,97,458173
1.8671,0.1662,40.1000,74,97,458176
1.8817,0.1760,40.0600,74,97,458179
1.8768,0.1760,40.1600,74,97,458182
1.9257,0.1760,39.8900,74,97,458186
1.8817,0.1613,40.1000,74,97,458189
1.8915,0.1662,40.1300,74,97,458192
1.9257,0.1711,40.1000,74,97,458196
1.9013,0.1662,40.1000,74,97,458200
1.9648,0.1857,39.8900,74,97,458203
1.9257,0.1711,40.2000,74,97,458207
1.9306,0.1760,40.0300,74,97,458210
1.9257,0.1711,40.2300,74,97,458213
1.9306,0.1613,40.2300,74,97,458217
1.9697,0.1760,39.9300,74,97,458220
1.9404,0.1760,40.0600,74,97,458223
1.9844,0.1711,40.0300,74,97,458227
1.9501,0.1711,40.2000,74,97,458230
1.9501,0.1613,40.1000,74,97,458233
1.9746,0.1760,40.0000,74,97,458236
1.9550,0.1662,40.1000,74,97,458241
1.9795,0.2151,40.0000,74,97,458244
1.9404,0.1662,40.1000,74,97,458247
1.9453,0.1711,40.1000,74,97,458251
1.9550,0.1711,40.0300,74,97,458254
1.9404,0.1711,40.1000,74,97,458257
1.9501,0.1711,40.0300,74,97,458261
1.9208,0.1760,40.1000,74,97,458264
1.9062,0.1515,40.1000,74,97,458267
1.9110,0.1760,40.0000,74,97,458270
1.8768,0.1662,40.1000,74,97,458274
1.8964,0.1515,39.9600,74,97,458277
1.8573,0.2004,40.1000,74,97,458280
1.8426,0.1613,40.1300,74,97,458285
1.8280,0.1662,40.0600,74,97,458288
1.7889,0.1613,40.1000,74,97,458291
1.8328,0.1760,39.8600,74,97,458295
1.7693,0.1711,40.0300,74,97,458298
1.7498,0.1613,40.1000,74,97,458301
1.7351,0.1662,40.1000,74,97,458305
1.7204,0.1515,40.1300,74,97,458308
1.7546,0.1857,39.9300,74,97,458311
1.7009,0.1760,40.0600,74,97,458314
1.6862,0.1662,40.0300,74,97,458318
1.6667,0.1711,40.2600,74,97,458321
1.6520,0.1662,40.1000,74,97,458324
1.6764,0.1808,40.0300,74,97,458329
1.6618,0.1711,40.0600,74,97,458332
1.6716,0.1711,40.0000,74,97,458335
1.6618,0.1711,40.1000,74,97,458339
1.6520,0.1515,40.1300,74,97,458342
1.6764,0.1760,39.9300,74,97,458345
1.6471,0.1515,40.1600,74,97,458349
1.6764,0.1564,39.9600,74,97,458352
1.6520,0.1662,40.0600,74,97,458355
1.6667,0.1662,40.1600,74,97,458358
1.6862,0.1711,40.0300,74,97,458362
1.6764,0.1662,40.2000,74,97,458365
1.7107,0.1760,39.8900,74,97,458369
1.6911,0.1711,40.0300,74,97,458373
1.6911,0.1906,40.1000,74,97,458376
1.7155,0.1711,40.1000,74,97,458379
1.7058,0.1711,40.0600,74,97,458383
1.7498,0.1760,39.8600,74,97,458386
1.7155,0.1662,40.0600,74,97,458389
1.7253,0.2053,40.1000,74,97,458393
1.7449,0.1711,40.0300,74,97,458396
1.7351,0.1711,40.2000,74,97,458401
1.7449,0.1613,40.1000,74,97,458404
1.7693,0.1760,40.0600,74,97,458407
1.7498,0.1760,40.0600,74,97,458412
1.7791,0.1711,39.9600,74,97,458415
1.7546,0.1711,40.0300,74,97,458418
1.7742,0.1613,40.1000,74,97,458421
1.7840,0.1711,40.1000,74,97,458425
1.7693,0.1760,40.1000,74,97,458428
1.8084,0.1662,39.9600,74,97,458431
1.7693,0.1662,40.0000,74,97,458435
1.7840,0.1662,40.1000,74,97,458438
1.7889,0.1711,40.1300,74,97,458441
1.7742,0.1662,40.1000,74,97,458445
1.8133,0.1711,39.8900,74,97,458448
1.7791,0.1662,40.1000,74,97,458451
1.7889,0.1662,40.1000,74,97,458456
1.7937,0.1760,40.1000,74,97,458459
1.7742,0.1711,40.1000,74,97,458462
1.8231,0.1760,39.8000,74,97,458465
1.7840,0.1760,40.0000,74,97,458469
1.7693,0.1662,40.1600,74,97,458472
1.7644,0.1808,40.1000,74,97,458475
1.7937,0.1711,40.1300,74,97,458479
1.8133,0.1857,39.9600,74,97,458482
1.7595,0.1711,40.0600,74,97,458485
1.7595,0.1662,40.1300,74,97,458489
1.7546,0.1955,40.0600,74,97,458492
1.7546,0.1711,40.1000,74,97,458496
1.7889,0.1808,40.0300,74,97,458500
1.7595,0.1760,40.1000,74,97,458503
1.7742,0.1711,40.0000,74,97,458506
1.7546,0.1711,40.1000,74,97,458509
1.7546,0.1662,40.1000,74,97,458513
1.7693,0.1808,40.1000,74,97,458516
1.7546,0.1711,40.1000,74,97,458519
1.7791,0.1760,40.0300,74,97,458523
1.7498,0.1760,40.1000,74,97,458526
1.7595,0.1662,40.1300,74,97,458529
1.7791,0.2053,39.9600,74,97,458533
1.7498,0.1515,40.1000,74,97,458536
1.7791,0.1711,39.9300,74,97,458540
1.7546,0.1711,40.0300,74,97,458544
1.7449,0.1711,40.1300,74,97,458547
1.7546,0.1760,40.1000,74,97,458550
1.7400,0.1857,40.1000,74,97,458554
1.7791,0.1760,39.8600,74,97,458557
1.7498,0.1711,40.1000,74,97,458560
1.7400,0.1760,40.1000,74,97,458563
1.7498,0.1711,40.1000,74,97,458567
1.7546,0.1711,40.0600,74,97,458570
1.8377,0.1808,39.8300,74,97,458573
1.7840,0.1711,40.0600,74,97,458577
1.7937,0.1662,40.1000,74,97,458580
1.7986,0.1711,40.1000,74,97,458584
1.7986,0.2053,40.1000,74,97,458588
1.8524,0.1808,39.9600,74,97,458591
1.8231,0.1711,40.0600,74,97,458594
1.8328,0.1711,40.0300,74,97,458597
1.8280,0.1711,40.1000,74,97,458601
1.8377,0.1760,40.1000,74,97,458604
1.8768,0.1711,39.9300,74,97,458607
1.8426,0.1808,40.0600,74,97,458611
1.8622,0.1760,39.9600,74,97,458614
1.8328,0.1711,40.2000,74,97,458617
1.8182,0.1760,40.1000,74,97,458621
1.8328,0.1760,40.0300,74,97,458625
1.8084,0.1711,40.1000,74,97,458628
1.8377,0.1711,40.0000,74,97,458632
1.7986,0.1662,40.2300,74,97,458635
1.8280,0.1662,40.0600,74,97,458638
1.7986,0.1711,40.0300,74,97,458641
1.7791,0.1711,40.1300,74,97,458645
1.7986,0.1760,39.8900,74,97,458648
1.7498,0.1711,40.0600,74,97,458651
1.7400,0.1711,40.1000,74,97,458655
1.7449,0.1711,40.0600,74,97,458658
1.7204,0.1760,40.1000,74,97,458661
1.7595,0.1808,39.8300,74,97,458665
1.7302,0.1760,39.9600,74,97,458669
1.7155,0.1662,40.1600,74,97,458672
1.7155,0.1808,40.1000,74,97,458676
1.7204,0.1711,40.1000,74,97,458679
1.7693,0.1808,39.8900,74,97,458682
1.7204,0.1760,40.0600,74,97,458686
1.7253,0.1662,40.0600,74,97,458689
1.7155,0.1711,40.1000,74,97,458692
1.7253,0.1808,40.1000,74,97,458695
1.7595,0.1808,39.9600,74,97,458699
1.7302,0.1711,40.0600,74,97,458702
1.7840,0.1711,40.0000,74,97,458705
1.7351,0.1515,40.1000,74,97,458710
1.7498,0.1711,40.1000,74,97,458713
1.7498,0.1760,40.0600,74,97,458716
1.7400,0.1711,40.1600,74,97,458720
1.7986,0.1857,40.0000,74,97,458723
1.7449,0.1760,40.1300,74,97,458726
1.7644,0.1613,40.0600,74,97,458729
1.8133,0.1808,40.0300,74,97,458733
1.8426,0.1662,40.1000,74,97,458736
1.9550,0.1760,39.9600,74,97,458739
2.0283,0.1711,39.9600,74,97,458743
2.1212,0.1662,40.1000,74,97,458746
2.2336,0.1760,40.1300,74,97,458749
2.3412,0.1662,40.1000,74,97,458754
2.5367,0.1760,39.8600,74,97,458757
2.6197,0.1662,40.0600,74,97,458760
2.6833,0.1711,40.1000,74,97,458764
2.6100,0.1711,40.0600,74,97,458767
2.3851,0.1711,40.1000,74,97,458770
2.1750,0.1808,39.8300,74,97,458773
1.8524,0.1711,40.0300,74,97,458777
1.6667,0.1662,40.0600,74,97,458780
1.5836,0.1711,40.1300,74,97,458783
1.5689,0.1711,40.1300,74,97,458787
1.6373,0.1906,39.9600,74,97,458790
1.6276,0.1760,40.0600,74,97,458793
1.6667,0.1711,40.0300,74,97,458798
1.6716,0.1760,40.1000,74,97,458801
1.6813,0.1711,40.2300,74,97,458804
1.7400,0.1760,39.9300,74,97,458808
1.6764,0.1711,40.1000,74,97,458811
1.7009,0.1808,39.9600,74,97,458814
1.6813,0.1711,40.1300,74,97,458818
1.6862,0.1711,39.7300,74,97,458821
1.7155,0.1760,40.0300,74,97,458824
1.7009,0.1711,40.1000,74,97,458827
1.7302,0.1662,39.9300,74,97,458831
1.7058,0.1711,40.1000,74,97,458834
1.7107,0.1857,40.1600,74,97,458838
1.7204,0.1711,40.0300,74,97,458842
1.7155,0.1711,39.3800,74,97,458845
1.7498,0.1760,39.8900,74,97,458848
1.7204,0.1711,40.0600,74,97,458852
1.7302,0.1711,40.2300,74,97,458855
1.7449,0.1760,40.1000,74,97,458858
1.7400,0.1613,40.1000,74,97,458862
1.7986,0.1808,39.8300,74,97,458865
1.7742,0.1760,40.0000,74,97,458868
1.7693,0.1760,40.1600,74,97,458871
1.7742,0.1711,40.1000,74,97,458875
1.7791,0.1662,40.1000,74,97,458878
1.8377,0.1906,39.9600,74,97,458882
1.8133,0.1760,40.0600,74,97,458886
1.7986,0.1662,40.0300,74,97,458889
1.8084,0.1711,40.2000,74,97,458892
1.8133,0.2053,40.1000,74,97,458896
1.8475,0.1808,39.9600,74,97,458899
1.8231,0.1711,40.0300,74,97,458902
1.8719,0.1711,39.9600,74,97,458906
1.8280,0.1711,40.1000,74,97,458909
1.8475,0.1760,40.1000,74,97,458912
1.8524,0.1760,40.0600,74,97,458915
1.8475,0.1711,40.0600,74,97,458919
1.8866,0.1857,40.0300,74,97,458923
1.8622,0.1711,40.0600,74,97,458926
1.8817,0.1711,40.1000,74,97,458930
1.9062,0.1808,39.9300,74,97,458933
1.8866,0.1711,40.1000,74,97,458936
1.9208,0.1711,39.9300,74,97,458940
1.9453,0.1711,40.0000,74,97,458943
1.9110,0.1711,40.1000,74,97,458946
1.9355,0.1760,40.0600,74,97,458950
1.9257,0.1515,40.1000,74,97,458953
1.9795,0.1857,39.8300,74,97,458956
1.9550,0.1515,40.0600,74,97,458960
1.9501,0.1711,40.1000,74,97,458963
1.9648,0.1711,40.0600,74,97,458967
1.9599,0.1711,40.1000,74,97,458970
2.0235,0.1857,39.8600,74,97,458974
1.9746,0.1711,40.0300,74,97,458977
1.9746,0.1662,39.4100,74,97,458980
1.9697,0.1760,40.1000,74,97,458984
1.9746,0.1711,40.1300,74,97,458987
2.0235,0.1857,39.9600,74,97,458990
1.9844,0.1760,40.1300,74,97,458994
1.9892,0.1760,40.0000,74,97,458997
1.9648,0.1662,40.0300,74,97,459000
1.9648,0.1760,40.0600,74,97,459004
1.9941,0.1808,39.9600,74,97,459008
1.9208,0.1760,40.0000,74,97,459013
1.8915,0.1711,40.1600,74,97,459016
1.9110,0.1760,39.9300,74,97,459019
1.8622,0.2004,39.9600,74,97,459022
1.8426,0.1613,40.1000,74,97,459026
1.8426,0.1760,39.9600,74,97,459029
1.8133,0.1711,40.1000,74,97,459032
1.8475,0.1760,39.8600,74,97,459036
1.7840,0.1760,40.0600,74,97,459039
1.7742,0.1711,40.1300,74,97,459042
1.7644,0.1662,40.1000,74,97,459046
1.7351,0.1711,40.1000,74,97,459049
1.7742,0.1906,39.8900,74,97,459053
1.7595,0.1808,40.0300,74,97,459057
1.7058,0.1662,40.0300,74,97,459060
1.6911,0.1760,40.1000,74,97,459063
1.6813,0.1662,40.1000,74,97,459066
1.7155,0.1808,40.0000,74,97,459070
1.6960,0.1760,40.1000,74,97,459073
1.6960,0.1711,40.0000,74,97,459076
1.6911,0.1711,40.2000,74,97,459080
1.6911,0.1613,40.1000,74,97,459083
1.7155,0.1760,40.0600,74,97,459086
1.6911,0.1808,40.1600,74,97,459090
1.7400,0.1711,39.9600,74,97,459094
1.6813,0.1711,40.1300,74,97,459097
1.6862,0.1662,40.1000,74,97,459101
1.6960,0.1760,40.1600,74,97,459104
1.6960,0.1711,40.1300,74,97,459107
1.7155,0.1760,39.9600,74,97,459110
1.7009,0.1711,40.1300,74,97,459114
1.7107,0.1760,40.1000,74,97,459117
1.7351,0.1760,40.0000,74,97,459120
1.7204,0.1760,40.0600,74,97,459124
1.7644,0.1711,39.8900,74,97,459127
1.7400,0.1760,40.0300,74,97,459130
1.7351,0.1711,40.1600,74,97,459134
1.7498,0.1711,40.1000,74,97,459138
1.7644,0.1711,40.1300,74,97,459141
1.7937,0.1808,39.8000,74,97,459145
1.7791,0.1760,40.0300,74,97,459148
1.7595,0.1662,40.1000,74,97,459151
1.7644,0.1711,40.1300,74,97,459154
1.7693,0.1760,40.1000,74,97,459158
1.8231,0.1906,40.0000,74,97,459161
1.7791,0.2102,40.1000,74,97,459164
1.7791,0.1711,40.0300,74,97,459168
1.7791,0.1760,40.0600,74,97,459171
1.7742,0.1711,40.1000,74,97,459174
1.8035,0.1808,40.0300,74,97,459179
1.7889,0.1760,40.0600,74,97,459182
1.8084,0.1711,40.0000,74,97,459185
1.7840,0.1808,40.1000,74,97,459189
1.7889,0.1711,40.1300,74,97,459192
1.8231,0.1857,39.9300,74,97,459195
1.7937,0.1711,40.1000,74,97,459198
1.8182,0.2004,40.0300,74,97,459202
1.8133,0.1662,40.0600,74,97,459205
1.7840,0.1711,40.1000,74,97,459208
1.8084,0.1711,40.0300,74,97,459212
1.7937,0.1711,40.1000,74,97,459215
1.8182,0.1760,39.9300,74,97,459218
1.7937,0.1711,40.0300,74,97,459223
1.7889,0.1711,40.1000,74,97,459226
1.7986,0.1711,40.1000,74,97,459229
1.7889,0.1711,40.1300,74,97,459233
1.8280,0.1808,39.8600,74,97,459236
1.7840,0.1711,40.0600,74,97,459239
1.7840,0.1711,40.2300,74,97,459243
1.7840,0.1760,40.1600,74,97,459246
1.7791,0.1760,40.1000,74,97,459249
1.8328,0.1906,39.9600,74,97,459252
1.7889,0.1760,40.0000,74,97,459256
1.7791,0.1662,40.0600,74,97,459259
1.7791,0.1711,40.0000,74,97,459262
1.7791,0.1955,40.1000,74,97,459267
1.8182,0.1808,39.9300,74,97,459270
1.7791,0.2004,40.1600,74,97,459273
1.7889,0.1711,40.0000,74,97,459277
1.7742,0.1711,40.1000,74,97,459280
1.7742,0.1808,40.1000,74,97,459283
1.7986,0.1808,39.9600,74,97,459287
1.7742,0.1711,40.1000,74,97,459290
1.7986,0.1857,39.9600,74,97,459293
1.7693,0.1711,40.1300,74,97,459296
1.7693,0.1662,40.1000,74,97,459300
1.7840,0.1760,40.0600,74,97,459303
1.7791,0.1711,40.1000,74,97,459307
1.7986,0.1711,40.0000,74,97,459311
1.7693,0.1515,40.1300,74,97,459314
1.7693,0.1711,40.1000,74,97,459317
1.7840,0.1808,40.0000,74,97,459321
1.7644,0.1711,39.9300,74,97,459324
1.8084,0.1711,39.8900,74,97,459327
1.7791,0.1515,40.0000,74,97,459330
1.7644,0.2004,40.1600,74,97,459334
1.7742,0.1760,40.0600,74,97,459337
1.7644,0.1711,40.0600,74,97,459340
1.8524,0.1857,39.8000,74,97,459344
1.7742,0.1760,40.0600,74,97,459347
1.7791,0.1613,40.1000,74,97,459351
1.7742,0.1711,40.1300,74,97,459355
1.7791,0.1711,40.1300,74,97,459358
1.8231,0.1857,39.9300,74,97,459361
1.7840,0.1711,40.0600,74,97,459365
1.7889,0.1711,40.0300,74,97,459368
1.7791,0.1955,40.1000,74,97,459371
1.7840,0.1711,40.1300,74,97,459375
1.8377,0.1857,40.0300,74,97,459378
1.7986,0.1711,40.0300,74,97,459381
1.8280,0.1760,39.8900,74,97,459384
1.8133,0.1711,40.1000,74,97,459388
1.8280,0.1711,40.1600,74,97,459392
1.8671,0.1808,39.9600,74,97,459395
1.8377,0.1760,39.8300,74,97,459399
1.8671,0.1711,39.9600,74,97,459402
1.8573,0.1711,40.0300,74,97,459405
1.8622,0.1711,40.1000,74,97,459409
1.8817,0.1760,40.1000,74,97,459412
1.8671,0.1760,40.1000,74,97,459415
1.9062,0.1760,39.8900,74,97,459419
1.8964,0.1711,40.0300,74,97,459422
1.8719,0.1711,40.1300,74,97,459425
1.8719,0.1760,40.0600,74,97,459429
1.8573,0.1711,40.1300,74,97,459432
1.8964,0.2151,39.8300,74,97,459436
1.8426,0.1711,40.0300,74,97,459439
1.8426,0.1711,40.1600,74,97,459443
1.8426,0.1760,40.1000,74,97,459446
1.8622,0.1760,40.1000,74,97,459449
1.8768,0.1906,39.9600,74,97,459453
1.8328,0.1760,40.1000,74,97,459456
1.8133,0.1711,40.0000,74,97,459459
1.7889,0.1808,40.1000,74,97,459463
1.7791,0.1711,40.0600,74,97,459466
1.7986,0.1808,39.9300,74,97,459469
1.7693,0.1711,40.0600,74,97,459473
1.7840,0.1711,40.0000,74,97,459476
1.7595,0.1711,40.1000,74,97,459480
1.7644,0.1711,40.0600,74,97,459483
1.7840,0.1808,40.0600,74,97,459487
1.7546,0.1711,40.1300,74,97,459490
1.7937,0.1760,40.0000,74,97,459493
1.7546,0.1515,40.1000,74,97,459497
1.7546,0.1711,40.1300,74,97,459500
1.7644,0.1760,40.0300,74,97,459503
1.7546,0.1711,40.1000,74,97,459507
1.8133,0.1760,39.9300,74,97,459510
1.7595,0.1906,40.1000,74,97,459513
1.7693,0.1662,40.1300,74,97,459517
1.7889,0.1515,40.0300,74,97,459521
1.7742,0.1808,40.1300,74,97,459524
1.8182,0.1760,39.8900,74,97,459527
1.7937,0.1760,40.1300,74,97,459531
1.7840,0.1808,40.1000,74,97,459534
1.7937,0.1760,40.1300,74,97,459537
1.8084,0.1857,40.1000,74,97,459541
1.9355,0.1906,39.8300,74,97,459544
1.9257,0.1711,39.9300,74,97,459547
2.0088,0.1613,40.0600,74,97,459551
2.1114,0.1711,40.0600,74,97,459554
2.2043,0.1711,40.0600,74,97,459557
2.3656,0.1808,39.9300,74,97,459561
2.4487,0.1760,40.0600,74,97,459565
2.5904,0.1711,39.9600,74,97,459568
2.6833,0.1711,40.1000,74,97,459571
2.6833,0.1711,40.1300,74,97,459575
2.5709,0.1711,40.0300,74,97,459578
2.2923,0.1711,40.1600,74,97,459581
2.0381,0.1760,39.9600,74,97,459585
1.7840,0.1711,40.1300,74,97,459588
1.6618,0.1760,40.1000,74,97,459591
1.6569,0.1808,39.9600,74,97,459595
1.6325,0.1808,40.0600,74,97,459598
1.7155,0.1808,40.0000,74,97,459601
1.6862,0.1662,40.0300,74,97,459606
1.7107,0.1711,40.1300,74,97,459609
1.7351,0.1760,40.0300,74,97,459612
1.7155,0.1711,40.1300,74,97,459615
1.7595,0.1760,39.8900,74,97,459619
1.7791,0.1955,39.8600,75,97,459623
1.7351,0.1711,40.0300,75,97,459627
1.7449,0.1662,40.0300,75,97,459630
1.7498,0.1711,40.3000,75,97,459633
1.7546,0.1711,40.1300,75,97,459637
1.7986,0.2004,40.1000,75,97,459640
1.7791,0.1808,40.0600,75,97,459643
1.7937,0.1711,40.0000,75,97,459648
1.7840,0.1760,40.1000,75,97,459651
1.8182,0.1613,40.1600,75,97,459654
1.8231,0.1808,40.4000,75,97,459658
1.8084,0.1760,40.1000,75,97,459661
1.8231,0.1760,39.9600,75,97,459664
1.8084,0.1711,40.2000,75,97,459667
1.8133,0.1662,40.0600,75,97,459671
1.8328,0.1760,40.0300,75,97,459674
1.8182,0.1711,40.1300,75,97,459677
1.8524,0.1711,40.0000,75,97,459681
1.8280,0.1711,40.1600,75,97,459684
1.8671,0.1613,40.1300,75,97,459687
1.8475,0.1760,39.5400,75,97,459692
1.8426,0.1662,40.1000,75,97,459695
1.8866,0.1760,39.8900,75,97,459698
1.8524,0.1711,40.1000,75,97,459702
1.8671,0.1711,40.1300,75,97,459705
1.8768,0.1662,40.1000,75,97,459708
1.8719,0.1711,40.1000,75,97,459712
1.9257,0.2199,39.8000,75,97,459715
1.9013,0.1760,40.0300,75,97,459718
1.8915,0.1662,40.1000,75,97,459721
1.8964,0.1760,40.1000,75,97,459725
1.9062,0.1711,40.1300,75,97,459728
1.9697,0.1857,39.9300,75,97,459731
1.9306,0.1760,40.1600,75,97,459736
1.9404,0.1808,40.0300,75,97,459739
1.9355,0.1711,40.1000,75,97,459742
1.9453,0.1711,40.1600,75,97,459746
1.9844,0.1808,39.9600,75,97,459749
1.9648,0.1711,40.2300,75,97,459752
1.9990,0.1711,39.9600,75,97,459756
1.9795,0.1711,40.1000,75,97,459759
1.9795,0.1760,40.1000,75,97,459762
2.0088,0.1711,40.2000,75,97,459765
1.9990,0.1711,40.0600,75,97,459769
2.0283,0.1760,40.0300,75,97,459772
1.9990,0.1711,40.1000,75,97,459776
2.0088,0.2053,40.1000,75,97,459780
2.0283,0.1711,40.0600,75,97,459783
2.0088,0.1711,40.0300,75,97,459786
2.0381,0.1760,39.9300,75,97,459790
2.0186,0.1711,39.9600,75,97,459793
2.0088,0.1711,39.9600,75,97,459796
2.0283,0.1760,40.0600,75,97,459800
2.0039,0.1711,40.1000,75,97,459803
2.0430,0.1760,40.0300,75,97,459806
1.9990,0.1760,40.0600,75,97,459809
1.9892,0.1711,40.1000,75,97,459813
1.9746,0.1760,40.0600,75,97,459816
1.9550,0.1808,40.1000,75,97,459820
1.9892,0.1808,39.8300,75,97,459824
1.9355,0.1711,40.0300,75,97,459827
1.9208,0.1662,40.1000,75,97,459830
1.9062,0.1760,40.1300,75,97,459834
1.8817,0.1711,40.1000,75,97,459837
1.9062,0.1857,39.9600,75,97,459840
1.8817,0.1760,40.0600,75,97,459843
1.8328,0.1662,40.0000,75,97,459847
1.8084,0.1808,40.1000,75,97,459850
1.7889,0.1760,40.1300,75,97,459853
1.7937,0.1808,39.0600,75,97,459857
1.7840,0.1760,40.1000,75,97,459860
1.7498,0.1711,40.0000,75,97,459864
1.7155,0.1711,39.2800,75,97,459868
1.7107,0.1760,40.1000,75,97,459871
1.7253,0.1808,40.0300,75,97,459874
1.7009,0.1711,40.1000,75,97,459878
1.7546,0.1760,39.9600,75,97,459881
1.6960,0.1662,40.0000,75,97,459884
1.7009,0.1711,40.1000,75,97,459887
1.7155,0.1760,40.0600,75,97,459891
1.7058,0.1711,40.1600,75,97,459894
1.7351,0.1760,39.9300,75,97,459897
1.7107,0.1711,40.1000,75,97,459901
1.7302,0.1711,40.1000,75,97,459905
1.7449,0.1808,40.0300,75,97,459908
1.7302,0.1711,40.1000,75,97,459912
1.7742,0.1808,39.8300,75,97,459915
1.7449,0.1857,40.0000,75,97,459918
1.7351,0.1711,40.1300,75,97,459922
1.7351,0.1760,40.1300,75,97,459925
1.7351,0.1711,40.1600,75,97,459928
1.7937,0.1906,39.8900,75,97,459931
1.7498,0.1760,40.1600,75,97,459935
1.7449,0.1662,40.0300,75,97,459938
1.7449,0.1711,40.1000,75,97,459941
1.7449,0.1711,40.1000,75,97,459945
1.7791,0.1808,39.9600,75,97,459949
1.7595,0.1760,40.0600,75,97,459952
1.7840,0.1760,40.0300,75,97,459956
1.7644,0.1711,40.1000,75,97,459959
1.7742,0.1760,40.1300,75,97,459962
1.7937,0.1760,40.0600,75,97,459966
1.7840,0.1711,40.1000,75,97,459969
1.8084,0.1711,40.0000,75,97,459972
1.7840,0.1711,40.1300,75,97,459976
1.7889,0.1760,40.1000,75,97,459979
1.8231,0.1808,39.9600,75,97,459982
1.8035,0.1760,40.1300,75,97,459985
1.8280,0.1711,39.9300,75,97,459990
1.8133,0.1711,40.0300,75,97,459993
1.8133,0.1711,40.1300,75,97,459996
1.8182,0.1808,40.0300,75,97,460000
1.8133,0.1711,40.1000,75,97,460003
1.8524,0.1808,39.8300,75,97,460006
1.8182,0.1760,40.1000,75,97,460010
1.8182,0.1711,40.1600,75,97,460013
1.8280,0.1955,40.1000,75,97,460016
1.8280,0.1711,40.1000,75,97,460020
1.8768,0.1857,40.0000,75,97,460023
1.8280,0.1760,40.0300,75,97,460026
1.8231,0.1662,40.1000,75,97,460029
1.8231,0.1760,40.1000,75,97,460034
1.8133,0.1711,40.2000,75,97,460037
1.8573,0.1857,39.9600,75,97,460040
1.8280,0.1515,40.0600,75,97,460044
1.8280,0.1857,40.1000,75,97,460047
1.8182,0.1711,40.1000,75,97,460050
1.8133,0.1760,40.1300,75,97,460054
1.8475,0.1808,39.9300,75,97,460057
1.8084,0.1808,40.1000,75,97,460060
1.8231,0.1711,40.0000,75,97,460064
1.8035,0.1711,39.8000,75,97,460067
1.8035,0.1857,40.1600,75,97,460070
1.8328,0.1760,40.0300,75,97,460073
1.8084,0.1711,40.3600,75,97,460078
1.8377,0.1662,40.0300,75,97,460081
1.8084,0.1711,40.0600,75,97,460084
1.8133,0.1760,40.0600,75,97,460088
1.8280,0.1760,40.0300,75,97,460091
1.8084,0.1711,40.1300,75,97,460094
1.8377,0.1662,39.8900,75,97,460098
1.7937,0.1711,39.2200,75,97,460101
1.7937,0.1760,40.1000,75,97,460104
1.8084,0.1808,40.0600,75,97,460108
1.7889,0.1711,40.0600,75,97,460111
1.8377,0.1808,39.8300,75,97,460114
1.8133,0.1760,40.0300,75,97,460118
1.7986,0.1711,40.1000,75,97,460122
1.7986,0.1515,40.1300,75,97,460125
1.7937,0.1760,40.1600,75,97,460128
1.8475,0.1808,39.9300,75,97,460132
1.8035,0.1760,40.2600,75,97,460135
1.8035,0.1760,40.1000,75,97,460138
1.7986,0.1760,40.1000,75,97,460142
1.8035,0.1711,40.1600,75,97,460145
1.8426,0.1808,39.9600,75,97,460148
1.8182,0.1760,40.1000,75,97,460152
1.8377,0.1711,40.0000,75,97,460155
1.8280,0.1711,40.1000,75,97,460158
1.8231,0.1662,40.1300,75,97,460162
1.8328,0.1857,40.0600,75,97,460166
1.8328,0.1711,40.1000,75,97,460169
1.8573,0.2102,40.0000,75,97,460172
1.8280,0.1711,40.1000,75,97,460176
1.8280,0.1711,40.1600,75,97,460179
1.8475,0.1760,40.0000,75,97,460182
1.8231,0.1808,40.0600,75,97,460186
1.8768,0.1760,39.9300,75,97,460189
1.8280,0.1711,40.1300,75,97,460192
1.8182,0.1760,40.1000,75,97,460196
1.8328,0.1808,40.3000,75,97,460199
1.8280,0.2053,40.1000,75,97,460203
1.8817,0.1760,39.8600,75,97,460206
1.8622,0.1760,40.1000,75,97,460210
1.8671,0.1711,40.0600,75,97,460213
1.8866,0.1711,40.1000,75,97,460216
1.8768,0.1711,40.1600,75,97,460220
1.9599,0.1808,39.8300,75,97,460223
1.8817,0.1711,39.5700,75,97,460226
1.8915,0.1613,40.0600,75,97,460230
1.9013,0.1515,40.1000,75,97,460233
1.8622,0.1711,40.1600,75,97,460238
1.8524,0.1711,40.1000,75,97,460241
1.8671,0.1808,39.9300,75,97,460244
1.8231,0.1711,40.1000,75,97,460249
1.8622,0.1760,39.9600,75,97,460252
1.8328,0.1760,40.0600,75,97,460255
1.8377,0.1711,40.1600,75,97,460259
1.8524,0.1711,40.0300,75,97,460262
1.8377,0.1711,40.2300,75,97,460265
1.8573,0.1760,39.9300,75,97,460268
1.8182,0.1711,40.2000,75,97,460272
1.8035,0.1760,40.1000,75,97,460275
1.8035,0.1760,40.0600,75,97,460278
1.7889,0.1711,40.1000,75,97,460282
1.8280,0.1808,39.8600,75,97,460285
1.7889,0.1711,40.1000,75,97,460289
1.7889,0.1760,40.1300,75,97,460293
1.7937,0.1760,40.1300,75,97,460296
1.7889,0.1662,40.1000,75,97,460299
1.8475,0.1906,39.8600,75,97,460303
1.7937,0.1760,40.0600,75,97,460306
1.7937,0.1906,40.0300,75,97,460309
1.7937,0.1760,40.1000,75,97,460312
1.7937,0.1760,40.1000,75,97,460316
1.8377,0.1857,39.9300,75,97,460319
1.7986,0.1711,40.1000,75,97,460322
1.8133,0.1711,40.0000,75,97,460326
1.7986,0.1711,40.2000,75,97,460329
1.8084,0.1760,40.1300,75,97,460333
1.8377,0.1808,39.9600,75,97,460337
1.8182,0.1711,40.1000,75,97,460340
1.8524,0.1515,40.0000,75,97,460343
1.8377,0.1760,40.1300,75,97,460347
1.8768,0.1711,40.1000,75,97,460350
1.9453,0.1760,40.1000,75,97,460353
2.0235,0.1760,40.1300,75,97,460357
2.1505,0.1760,39.9300,75,97,460360
2.2141,0.1760,40.1300,75,97,460363
2.3314,0.1711,40.1000,75,97,460366
2.4878,0.1808,39.1900,75,97,460370
2.6051,0.1711,40.1000,75,97,460374
2.7908,0.1808,39.8600,75,97,460377
2.7761,0.1955,40.0300,75,97,460381
2.6197,0.1711,40.1600,75,97,460384
2.3851,0.1857,40.1000,75,97,460387
2.0968,0.1760,40.1000,75,97,460391
1.8964,0.1808,39.8300,75,97,460394
1.6862,0.1760,40.0300,75,97,460397
1.6080,0.1662,40.1000,75,97,460401
1.6129,0.1760,40.3000,75,97,460404
1.6422,0.1760,40.1000,75,97,460407
1.7253,0.1955,39.9300,75,97,460410
1.7155,0.1808,40.1000,75,97,460414
1.7400,0.1711,40.0300,75,97,460418
1.7351,0.1760,40.0300,75,97,460421
1.7400,0.1760,40.1600,75,97,460425
1.7693,0.1857,40.0300,75,97,460428
1.7449,0.1760,40.0600,75,97,460431
1.7986,0.1760,40.0000,75,97,460435
1.7498,0.1760,40.2000,75,97,460438
1.7595,0.2004,40.1000,75,97,460441
1.8231,0.1857,39.9600,75,97,460444
1.7693,0.1760,40.1000,75,97,460448
1.8280,0.1857,40.0000,75,97,460451
1.7742,0.1662,40.1000,75,97,460454
1.7791,0.2102,40.1000,75,97,460459
1.7986,0.1808,40.1000,75,97,460462
1.7889,0.1711,39.9600,75,97,460465
1.8133,0.1760,39.9300,75,97,460469
1.7889,0.1711,40.0300,75,97,460472
1.7889,0.1760,40.1300,75,97,460475
1.8084,0.1711,40.2000,75,97,460479
1.7986,0.1711,40.1000,75,97,460482
1.8475,0.1808,39.8600,75,97,460485
1.8182,0.1760,40.0600,75,97,460488
1.8377,0.1711,40.1300,75,97,460492
1.8426,0.1760,40.1000,75,97,460495
1.8426,0.1760,40.1000,75,97,460498
1.9013,0.1906,40.0600,75,97,460503
1.8768,0.1711,40.1000,75,97,460506
1.8573,0.1662,40.0600,75,97,460509
1.8573,0.1711,40.1000,75,97,460513
1.8573,0.1760,40.1000,75,97,460516
1.9013,0.1808,39.9600,75,97,460519
1.8671,0.1808,40.1000,75,97,460523
1.8915,0.1760,40.0600,75,97,460526
1.8817,0.1662,40.1300,75,97,460529
1.8915,0.1760,40.1000,75,97,460532
1.9208,0.1808,40.0300,75,97,460536
1.9013,0.1760,40.0600,75,97,460539
1.9306,0.1760,39.9600,75,97,460542
1.9110,0.1711,40.1300,75,97,460547
1.9159,0.1760,40.1000,75,97,460550
1.9306,0.1515,40.0600,75,97,460553
1.9306,0.2004,40.0600,75,97,460557
1.9697,0.1760,40.0300,75,97,460560
1.9453,0.1711,40.2000,75,97,460563
1.9550,0.1760,40.1000,75,97,460567
1.9844,0.1711,40.0300,75,97,460570
1.9648,0.1711,40.1000,75,97,460573
2.0039,0.1760,39.8900,75,97,460576
1.9892,0.1760,40.0000,75,97,460580
1.9795,0.1711,40.1300,75,97,460583
1.9941,0.1760,40.0600,75,97,460587
1.9844,0.1711,40.2000,75,97,460591
2.0430,0.1808,39.8600,75,97,460594
1.9990,0.1760,40.1600,75,97,460597
1.9892,0.2053,40.1300,75,97,460601
2.0039,0.1760,40.0600,75,97,460604
1.9892,0.1711,40.2600,75,97,460607
2.0479,0.1906,39.8300,75,97,460610
2.0039,0.1760,40.0600,75,97,460614
1.9941,0.1711,40.0600,75,97,460617
1.9892,0.1662,40.1000,75,97,460620
1.9746,0.1711,40.2300,75,97,460624
2.0088,0.1808,39.9600,75,97,460627
1.9844,0.1760,40.0600,75,97,460631
1.9795,0.1760,40.0000,75,97,460635
1.9599,0.1711,40.1000,75,97,460638
1.9404,0.1515,40.1000,75,97,460641
1.9550,0.1906,39.9300,75,97,460645
1.9062,0.1760,40.1000,75,97,460648
1.9110,0.1808,40.0000,75,97,460651
1.8671,0.1760,40.1300,75,97,460654
1.8573,0.1711,40.1600,75,97,460658
1.8671,0.1711,40.0600,75,97,460661
1.8231,0.1760,40.2000,75,97,460664
1.8280,0.1760,40.0300,75,97,460668
1.7840,0.1760,40.0600,75,97,460672
1.7742,0.1760,40.1000,75,97,460675
1.7742,0.1760,40.0000,75,97,460679
1.7498,0.1760,40.1300,75,97,460682
1.7742,0.1808,39.8900,75,97,460685
1.7595,0.1760,40.1000,75,97,460689
1.7351,0.1711,40.1300,75,97,460692
1.7400,0.1808,40.0300,75,97,460695
1.7204,0.1711,40.1000,75,97,460698
1.7595,0.1808,40.0000,75,97,460702
1.7302,0.1808,40.0000,75,97,460705
1.7058,0.1760,40.1300,75,97,460708
1.7107,0.1760,40.0600,75,97,460712
1.7107,0.1760,40.1000,75,97,460716
1.7644,0.1906,39.9300,75,97,460719
1.7449,0.1760,40.0600,75,97,460723
1.7253,0.1711,40.1000,75,97,460726
1.7204,0.1760,40.0600,75,97,460729
1.7253,0.1760,40.1000,75,97,460732
1.7644,0.1808,39.9600,75,97,460736
1.7302,0.1760,40.0600,75,97,460739
1.7498,0.1955,40.0300,75,97,460742
1.7302,0.1711,40.1000,75,97,460746
1.7302,0.1711,40.1300,75,97,460749
1.7546,0.1808,40.1000,75,97,460752
1.7498,0.1760,40.1600,75,97,460756
1.7742,0.2151,39.9600,75,97,460760
1.7498,0.1760,40.2300,75,97,460763
1.7546,0.1760,40.1300,75,97,460767
1.7889,0.1808,39.9600,75,97,460770
1.7791,0.1760,40.1000,75,97,460773
1.7986,0.1760,40.0000,75,97,460776
1.7937,0.1760,40.0000,75,97,460780
1.8084,0.1760,40.1000,75,97,460783
1.8133,0.1808,40.1300,75,97,460786
1.8035,0.1662,40.1000,75,97,460790
1.8524,0.1808,39.8600,75,97,460793
1.8182,0.1808,40.0300,75,97,460796
1.8475,0.1711,40.1000,75,97,460801
1.8182,0.1760,40.1300,75,97,460804
1.8328,0.1760,40.1000,75,97,460807
1.8671,0.1857,39.8300,75,97,460811
1.8280,0.1760,40.0300,75,97,460814
1.8182,0.1711,40.1000,75,97,460817
1.8182,0.1760,40.0600,75,97,460820
1.8133,0.1760,40.1300,75,97,460824
1.8622,0.1906,39.9600,75,97,460827
1.8328,0.1857,40.0300,75,97,460830
1.8280,0.1711,40.0600,75,97,460834
1.8182,0.1955,40.1000,75,97,460837
1.8231,0.1760,40.1000,75,97,460840
1.8573,0.1808,39.9600,75,97,460845
1.8280,0.1808,40.0600,75,97,460849
1.8084,0.1711,40.1600,75,97,460853
1.8426,0.1760,39.9300,75,97,460856
1.8084,0.1760,40.0300,75,97,460859
1.8084,0.1808,40.0600,75,97,460863
1.8280,0.1808,40.0600,75,97,460866
1.8084,0.1760,40.1000,75,97,460869
1.8475,0.1808,39.8900,75,97,460872
1.8084,0.1808,40.1000,75,97,460876
1.8084,0.1711,40.1000,75,97,460879
1.8182,0.1808,40.0600,75,97,460882
1.8035,0.1808,40.1000,75,97,460887
1.8573,0.1711,39.8300,75,97,460890
1.8182,0.1808,40.1000,75,97,460893
1.8035,0.1711,40.1600,75,97,460897
1.8035,0.1515,40.1300,75,97,460900
1.8035,0.1760,40.1000,75,97,460903
1.8573,0.1955,39.8900,75,97,460906
1.8133,0.1808,40.1300,75,97,460910
1.8133,0.1711,40.1000,75,97,460913
1.8084,0.1760,40.1000,75,97,460916
1.8084,0.1760,40.2000,75,97,460920
1.8426,0.1857,39.9600,75,97,460923
1.8133,0.1515,40.2000,75,97,460926
1.8328,0.1760,39.9600,75,97,460931
1.8231,0.1711,40.1000,75,97,460934
1.8084,0.1857,40.1000,75,97,460937
1.8622,0.1857,40.0600,75,97,460940
1.8084,0.1760,40.1000,75,97,460944
1.8377,0.1808,39.9600,75,97,460947
1.8133,0.1760,40.1000,75,97,460950
1.8133,0.1711,40.1000,75,97,460954
1.8377,0.1808,39.9300,75,97,460957
1.8035,0.1760,40.1000,75,97,460960
1.8377,0.1760,39.9600,75,97,460964
1.8133,0.1857,40.0600,75,97,460967
1.8133,0.1760,40.2300,75,97,460971
1.8182,0.2004,40.0300,75,97,460975
1.8035,0.1955,40.1000,75,97,460978
1.8426,0.1711,39.8900,75,97,460981
1.8231,0.1808,39.9300,75,97,460984
1.8328,0.1760,40.1300,75,97,460988
1.8573,0.1711,40.0600,75,97,460991
1.8524,0.1760,40.1300,75,97,460994
1.8964,0.1711,39.8300,75,97,460998
1.8524,0.1760,40.0300,75,97,461001
1.8671,0.1760,40.1000,75,97,461004
1.8719,0.1808,40.1000,75,97,461008
1.8719,0.1760,40.1000,75,97,461011
1.9404,0.1906,39.9300,75,97,461015
1.9062,0.1808,40.0300,75,97,461018
1.8964,0.1711,40.1300,75,97,461022
1.8817,0.1760,40.1000,75,97,461025
1.8671,0.1760,40.1600,75,97,461028
1.8768,0.1711,39.9300,75,97,461032
1.8475,0.2053,40.0600,75,97,461035
1.8573,0.1808,40.0300,75,97,461038
1.8426,0.1760,40.1600,75,97,461042
1.8475,0.1711,40.1300,75,97,461045
1.8622,0.1857,40.0000,75,97,461048
1.8426,0.1760,39.7700,75,97,461052
1.8622,0.1857,40.0000,75,97,461056
1.8280,0.1711,40.1300,75,97,461059
1.8182,0.1711,40.0600,75,97,461062
1.8231,0.1760,40.0300,75,97,461066
1.8035,0.1760,40.2300,75,97,461069
1.8182,0.2004,39.9300,75,97,461072
1.7889,0.1760,40.1000,75,97,461076
1.7889,0.2004,40.1000,75,97,461079
1.8084,0.1711,40.1000,75,97,461082
1.7889,0.1857,40.1000,75,97,461086
1.8328,0.1711,39.8600,75,97,461089
1.8035,0.1808,40.1000,75,97,461092
1.7937,0.1711,40.1300,75,97,461096
1.7986,0.1808,40.3300,75,97,461100
1.7937,0.1906,40.1300,75,97,461103
1.8475,0.1711,39.8300,75,97,461106
1.8084,0.1808,40.0300,75,97,461110
1.8035,0.1662,40.1000,75,97,461113
1.8084,0.1760,40.1000,75,97,461116
1.8084,0.1760,40.0300,75,97,461120
1.8622,0.1955,39.9300,75,97,461123
1.8182,0.1760,40.0600,75,97,461126
1.8280,0.1711,39.4100,75,97,461130
1.8231,0.1760,40.1300,75,97,461133
1.8377,0.2248,40.1300,75,97,461136
1.9062,0.1711,40.0300,75,97,461140
1.9550,0.1760,40.1000,75,97,461144
2.0674,0.1760,40.1600,75,97,461147
2.1408,0.1760,40.1000,75,97,461150
2.2434,0.1515,40.1300,75,97,461154
2.3998,0.1955,39.9600,75,97,461157
2.5024,0.1760,40.1000,75,97,461160
2.6833,0.1808,40.1000,75,97,461164
2.7419,0.1760,40.0600,75,97,461167
2.7077,0.1760,40.2300,75,97,461170
2.5464,0.1808,40.0300,75,97,461174
2.2630,0.1760,40.1600,75,97,461177
2.0137,0.1760,39.9600,75,97,461180
1.7498,0.1760,40.0600,75,97,461184
1.6178,0.1760,40.0600,75,97,461188
1.5738,0.1808,40.0600,75,97,461191
1.5934,0.1760,40.1000,75,97,461194
1.6667,0.1808,39.8300,75,97,461198
1.6618,0.1711,40.1000,75,97,461201
1.6911,0.1760,40.1600,75,97,461204
1.7107,0.1711,40.1000,75,97,461208
1.7155,0.1760,40.1000,75,97,461211
1.7840,0.1808,39.8300,75,97,461214
1.7351,0.1808,40.0300,75,97,461217
1.7302,0.1711,40.1600,75,97,461221
1.7351,0.1760,40.1000,75,97,461224
1.7351,0.1760,40.1000,75,97,461228
1.7840,0.2004,39.9300,75,97,461232
1.7498,0.1808,40.0600,75,97,461235
1.7498,0.1711,40.0600,75,97,461238
1.7449,0.1808,40.1000,75,97,461242
1.7498,0.1711,40.1300,75,97,461245
1.7889,0.1857,40.0300,75,97,461248
1.7644,0.1760,40.1000,75,97,461252
1.7937,0.1760,40.0000,75,97,461255
1.7595,0.1760,40.0300,75,97,461258
1.7644,0.1711,40.1300,75,97,461261
1.7840,0.1808,40.0600,75,97,461265
1.7742,0.1808,40.1600,75,97,461268
1.8426,0.1857,40.0000,75,97,461272
1.7889,0.2102,40.1000,75,97,461276
1.8231,0.1711,40.1300,75,97,461279
1.8231,0.1808,40.0000,75,97,461282
1.8182,0.1760,40.1000,75,97,461286
1.8377,0.1760,39.9300,75,97,461289
1.8182,0.1760,40.0000,75,97,461292
1.8133,0.1760,40.1300,75,97,461296
1.8328,0.1808,40.0300,75,97,461299
1.8231,0.1857,40.1000,75,97,461302
1.8768,0.1808,39.8600,75,97,461305
1.8426,0.1760,40.0600,75,97,461309
1.8377,0.1808,40.1000,75,97,461313
1.8524,0.1760,40.1000,75,97,461316
1.8524,0.1760,40.1300,75,97,461320
1.9110,0.1808,39.8600,75,97,461323
1.8719,0.1760,40.3600,75,97,461326
1.8768,0.1662,40.1000,75,97,461330
1.8817,0.1760,40.1000,75,97,461333
1.8817,0.1662,40.1300,75,97,461336
1.9306,0.1906,40.0000,75,97,461340
1.9062,0.1760,40.0600,75,97,461343
1.9208,0.1760,40.0300,75,97,461346
1.9159,0.1760,40.1300,75,97,461349
1.9257,0.1760,40.1300,75,97,461353
1.9941,0.1808,39.9300,75,97,461357
1.9404,0.1760,40.1000,75,97,461360
1.9648,0.1760,40.0300,75,97,461364
1.9795,0.1857,40.1000,75,97,461367
1.9599,0.1515,40.1000,75,97,461370
1.9892,0.1906,40.0000,75,97,461374
1.9697,0.1760,40.1000,75,97,461377
2.0039,0.1808,40.0000,75,97,461380
1.9697,0.1515,40.0600,75,97,461383
1.9697,0.1760,40.1300,75,97,461387
1.9844,0.1760,40.1000,75,97,461390
1.9697,0.1760,40.1000,75,97,461393
1.9990,0.1857,39.8900,75,97,461398
1.9697,0.1760,40.0000,75,97,461401
1.9697,0.1955,40.1000,75,97,461404
1.9892,0.1857,40.0300,75,97,461408
1.9599,0.1760,40.1000,75,97,461411
2.0332,0.1857,39.8600,75,97,461414
1.9648,0.1760,40.0000,75,97,461417
1.9355,0.1760,40.1600,75,97,461421
1.9355,0.1808,40.1000,75,97,461424
1.9110,0.1760,40.1600,75,97,461427
1.9550,0.1955,39.8300,75,97,461431
1.9013,0.1760,40.3300,75,97,461434
1.8817,0.1711,40.1000,75,97,461437
1.8719,0.1760,40.1000,75,97,461442
1.8524,0.1760,40.1300,75,97,461445
1.8768,0.1906,39.9600,75,97,461448
1.8231,0.1760,40.0600,75,97,461452
1.8133,0.1662,40.0300,75,97,461455
1.7840,0.1760,40.1000,75,97,461458
1.7058,0.1760,40.0000,75,97,461463
1.7058,0.2004,40.0600,75,97,461466
1.7253,0.1857,39.9600,75,97,461469
1.7009,0.1808,40.0300,75,97,461473
1.7253,0.1760,39.9300,75,97,461476
1.7107,0.1711,40.0300,75,97,461479
1.7009,0.1760,40.0600,75,97,461484
1.7302,0.1711,40.0600,75,97,461487
1.7058,0.1760,40.0600,75,97,461490
1.7449,0.1808,39.9600,75,97,461494
1.7155,0.1808,40.0600,75,97,461497
1.7400,0.1711,40.1600,75,97,461500
1.7155,0.1808,40.1000,75,97,461503
1.7107,0.1760,40.1300,75,97,461507
1.7889,0.1711,39.8300,75,97,461510
1.7204,0.1760,40.0600,75,97,461513
1.7595,0.1760,40.0600,75,97,461517
1.7351,0.1808,40.1300,75,97,461520
1.7302,0.1906,40.1000,75,97,461523
1.7937,0.1711,39.9300,75,97,461528
1.7595,0.1808,39.8300,75,97,461531
1.7546,0.1760,40.0000,75,97,461534
1.7546,0.1760,40.1600,75,97,461538
1.7595,0.1760,40.1600,75,97,461541
1.7937,0.1857,39.9300,75,97,461544
1.7644,0.1857,40.0600,75,97,461547
1.7986,0.1711,39.9600,75,97,461551
1.7742,0.1760,39.4800,75,97,461554
1.7889,0.1711,40.1300,75,97,461557
1.8035,0.1906,40.0000,75,97,461561
1.7791,0.1760,40.1000,75,97,461564
1.8182,0.1711,40.0000,75,97,461568
1.7840,0.1711,40.1600,75,97,461572
1.7889,0.1760,40.1000,75,97,461575
1.7986,0.1808,40.1000,75,97,461578
1.7889,0.1760,40.0000,75,97,461582
1.8377,0.1760,39.9300,75,97,461585
1.7937,0.1760,40.2300,75,97,461588
1.7986,0.1760,40.1600,75,97,461591
1.8182,0.1857,40.0300,75,97,461595
1.7937,0.1760,40.1000,75,97,461598
1.8377,0.1857,39.8600,75,97,461601
1.8133,0.1857,40.0300,75,97,461605
1.7986,0.1711,40.1300,75,97,461608
1.8035,0.1808,40.1600,75,97,461612
1.7937,0.1760,40.1000,75,97,461616
1.8426,0.1906,39.8600,75,97,461619
1.7986,0.1760,40.1000,75,97,461622
1.7889,0.1711,40.0600,75,97,461626
1.7889,0.1760,40.0600,75,97,461629
1.7840,0.1760,40.1000,75,97,461632
1.8231,0.1857,39.9600,75,97,461635
1.7937,0.1760,40.2300,75,97,461639
1.8280,0.1711,40.0000,75,97,461642
1.7791,0.1515,40.0600,75,97,461645
1.7742,0.1760,40.1300,75,97,461649
1.7986,0.1857,39.9600,75,97,461652
1.7840,0.1760,40.0600,75,97,461656
1.7986,0.1760,40.0000,75,97,461660
1.7742,0.1760,40.1000,75,97,461663
1.7742,0.1760,40.0600,75,97,461666
1.8035,0.1857,40.0000,75,97,461669
1.7742,0.1760,40.1000,75,97,461673
1.7986,0.1760,39.9300,75,97,461676
1.7742,0.1760,40.0300,75,97,461679
1.7791,0.1760,40.1000,75,97,461683
1.7937,0.1711,40.0300,75,97,461686
1.7840,0.1515,40.1300,75,97,461689
1.8182,0.1808,39.8900,75,97,461693
1.7840,0.1760,40.0600,75,97,461697
1.7840,0.1760,40.1600,75,97,461700
1.7937,0.1906,40.0600,75,97,461704
1.7889,0.1808,40.1000,75,97,461707
1.8377,0.1857,39.8600,75,97,461710
1.7889,0.2004,40.0600,75,97,461713
1.8133,0.1808,40.1300,75,97,461717
1.8035,0.1515,40.3300,75,97,461720
1.8035,0.1711,40.1000,75,97,461723
1.8475,0.1906,39.8600,75,97,461727
1.8084,0.1808,39.9600,75,97,461730
1.7986,0.1760,40.1000,75,97,461733
1.7986,0.1760,40.1600,75,97,461737
1.7937,0.1760,40.1000,75,97,461741
1.8377,0.1857,39.9300,75,97,461744
1.7986,0.1760,40.0600,75,97,461748
1.8426,0.1760,40.0300,75,97,461751
1.7986,0.1760,40.1000,75,97,461754
1.7986,0.1760,40.1600,75,97,461757
1.8231,0.1857,39.9600,75,97,461761
1.8035,0.1760,40.0600,75,97,461764
1.8328,0.1760,39.9600,75,97,461767
1.8084,0.1711,40.1000,75,97,461771
1.8035,0.1760,40.1600,75,97,461774
1.8084,0.1808,40.0300,75,97,461777
1.8035,0.1760,40.1000,75,97,461782
1.8328,0.1760,39.9300,75,97,461785
1.8084,0.1760,40.1000,75,97,461788
1.8133,0.1711,40.1000,75,97,461791
1.8328,0.1906,40.0000,75,97,461795
1.8084,0.1760,40.1300,75,97,461798
1.8377,0.1808,39.8900,75,97,461801
1.8133,0.1760,40.0300,75,97,461805
1.8133,0.1711,40.1000,75,97,461808
1.8524,0.1711,40.0600,75,97,461811
1.8328,0.1760,40.1300,75,97,461815
1.8915,0.1808,39.8600,75,97,461818
1.8524,0.1760,40.0600,75,97,461821
1.8573,0.1760,40.0600,75,97,461826
1.8768,0.1760,40.0600,75,97,461829
1.8817,0.1760,40.1300,75,97,461832
1.9062,0.1906,40.3600,75,97,461835
1.8622,0.1760,40.0600,75,97,461839
1.8622,0.1515,40.0600,75,97,461842
1.8622,0.1760,40.1300,75,97,461845
1.8573,0.1711,40.1300,75,97,461849
1.8866,0.2004,40.0300,75,97,461852
1.8622,0.1857,40.1000,75,97,461855
1.8524,0.1760,40.0000,75,97,461859
1.8280,0.1808,40.1000,75,97,461862
1.8377,0.1760,40.1000,75,97,461865
1.8671,0.1857,39.9600,75,97,461869
1.8573,0.1711,40.1600,75,97,461873
1.8719,0.1857,40.1000,75,97,461876
1.8426,0.1760,40.1600,75,97,461879
1.8475,0.1760,40.1000,75,97,461883
1.8573,0.1857,40.0000,75,97,461886
1.8377,0.1711,40.0600,75,97,461889
1.8524,0.1760,39.9600,75,97,461893
1.8182,0.1857,40.1000,75,97,461896
1.8182,0.1760,40.1000,75,97,461899
1.8182,0.1808,40.0600,75,97,461903
1.8035,0.1808,40.1000,75,97,461906
1.8377,0.1808,39.8900,75,97,461910
1.7986,0.2004,40.1000,75,97,461913
1.8035,0.1808,40.1300,75,97,461917
1.8133,0.1808,40.0600,75,97,461920
1.8035,0.1760,40.0600,75,97,461923
1.8671,0.1857,39.8300,75,97,461927
1.8280,0.1808,40.0300,75,97,461930
1.8182,0.1760,40.1600,75,97,461933
1.8231,0.1711,40.1000,75,97,461937
1.8182,0.1760,40.1000,75,97,461940
1.8719,0.2004,39.9300,75,97,461943
1.8280,0.1808,40.0600,75,97,461946
1.8280,0.1760,40.0300,75,97,461950
1.8280,0.1808,40.1000,75,97,461954
1.8231,0.1711,40.1000,75,97,461957
1.8719,0.1760,40.1000,75,97,461961
1.8719,0.1808,40.1000,75,97,461964
1.9404,0.1760,40.0000,75,97,461967
1.9990,0.1760,40.1300,75,97,461971
2.1017,0.1711,40.1300,75,97,461974
2.2141,0.1808,40.0600,75,97,461977
2.2923,0.1711,40.1000,75,97,461981
2.4389,0.1808,40.0000,75,97,461984
2.5318,0.2248,40.0300,75,97,461987
2.6637,0.1760,40.1000,75,97,461990
2.7761,0.1857,40.0300,75,97,461995
2.6588,0.1760,40.1300,75,97,461998
2.4927,0.1760,39.9300,75,97,462001
2.1994,0.1760,39.1600,75,97,462005
1.9550,0.1760,40.1000,75,97,462008
1.7742,0.1808,40.1300,75,97,462011
1.6764,0.2004,40.1000,75,97,462015
1.6960,0.1808,39.8900,75,97,462018
1.6813,0.1808,40.0000,75,97,462021
1.7009,0.2248,40.1600,75,97,462024
1.7449,0.1711,40.1000,75,97,462028
1.7351,0.1760,40.2000,75,97,462031
1.7889,0.1857,39.8900,75,97,462034
1.7351,0.1760,40.0600,75,97,462039
1.7449,0.1760,40.1000,75,97,462042
1.7449,0.1808,40.1000,75,97,462045
1.7449,0.1760,40.1600,75,97,462049
1.7986,0.1955,39.8900,75,97,462052
1.7693,0.1808,40.0600,75,97,462055
1.7498,0.1711,40.0600,75,97,462058
1.7546,0.1760,40.1000,75,97,462062
1.7546,0.1711,40.1300,75,97,462065
1.7937,0.2151,39.9300,75,97,462068
1.7986,0.1808,40.0000,75,97,462073
1.7791,0.1760,40.1000,75,97,462076
1.8133,0.1760,40.1000,75,97,462081
1.7889,0.1760,40.0600,75,97,462084
1.7986,0.1711,40.1000,75,97,462087
1.8182,0.1808,40.1600,75,97,462091
1.8084,0.1711,40.1000,75,97,462094
1.8475,0.1808,39.8900,75,97,462097
1.8182,0.1955,40.1000,75,97,462101
1.8280,0.1711,40.1000,75,97,462104
1.8426,0.1808,40.1300,75,97,462107
1.8377,0.1711,40.1300,75,97,462111
1.8964,0.1857,39.9300,75,97,462114
1.8866,0.1857,40.0300,75,97,462117
1.8671,0.1515,40.1300,75,97,462120
1.9013,0.1760,40.1000,75,97,462125
1.8622,0.1760,40.1000,75,97,462128
1.9306,0.1906,39.8900,75,97,462131
1.8866,0.1808,40.0600,75,97,462135
1.8866,0.1711,40.0600,75,97,462138
1.8866,0.1760,40.0600,75,97,462141
1.8915,0.2102,40.1000,75,97,462145
1.9453,0.1857,40.0000,75,97,462148
1.9159,0.1808,40.0000,75,97,462151
1.9453,0.1760,40.0000,75,97,462154
1.9306,0.1808,40.1000,75,97,462158
1.9404,0.1760,40.1000,75,97,462161
1.9697,0.1906,40.0300,75,97,462164
1.9697,0.1808,40.1000,75,97,462169
1.9941,0.1808,39.9600,75,97,462172
1.9697,0.1662,40.1000,75,97,462175
1.9795,0.1760,40.1000,75,97,462179
2.0137,0.1857,39.9600,75,97,462182
1.9941,0.1760,40.1000,75,97,462185
2.0186,0.1760,40.0000,75,97,462188
1.9941,0.1760,40.0600,75,97,462192
1.9990,0.1857,40.1000,75,97,462195
2.0088,0.1808,40.0300,75,97,462198
1.9941,0.1760,40.1300,75,97,462202
2.0332,0.1808,39.9300,75,97,462205
2.0039,0.1711,40.0300,75,97,462209
1.9941,0.1760,40.1000,75,97,462213
2.0039,0.1808,40.0600,75,97,462216
1.9892,0.1955,40.1600,75,97,462219
2.0332,0.1808,39.8900,75,97,462222
1.9844,0.1760,40.1600,75,97,462226
1.9892,0.1760,40.1300,75,97,462229
1.9892,0.1808,40.1000,75,97,462232
1.9697,0.1857,40.1000,75,97,462236
2.0186,0.1906,39.8600,75,97,462239
1.9599,0.1808,40.0000,75,97,462242
1.9355,0.1711,40.0300,75,97,462246
1.9208,0.1760,40.1300,75,97,462249
1.9013,0.1760,40.1600,75,97,462253
1.9697,0.1906,39.8900,75,97,462256
1.8719,0.1808,40.1300,75,97,462260
1.8573,0.2102,40.0000,75,97,462263
1.8231,0.1760,40.1600,75,97,462266
1.8133,0.1760,40.1600,75,97,462270
1.8231,0.1857,39.9600,75,97,462273
1.7791,0.1760,40.3300,75,97,462276
1.7840,0.1857,39.9600,75,97,462280
1.7449,0.1515,40.1300,75,97,462283
1.7644,0.1760,40.1000,75,97,462286
1.7351,0.1760,40.0600,75,97,462290
1.7155,0.1808,40.0600,75,97,462294
1.7351,0.1760,40.0300,75,97,462297
1.7058,0.1760,40.1000,75,97,462300
1.7058,0.1760,40.2600,75,97,462304
1.7253,0.1808,39.9600,75,97,462307
1.7009,0.1760,40.0600,75,97,462310
1.7351,0.2102,39.9300,75,97,462314
1.7107,0.1760,40.0000,75,97,462317
1.7107,0.1760,40.2300,75,97,462320
1.7204,0.1711,40.0600,75,97,462324
1.7058,0.1760,40.1300,75,97,462327
1.7498,0.1857,39.8900,75,97,462330
1.7204,0.1808,40.1300,75,97,462334
1.7155,0.1760,40.1300,75,97,462338
1.7351,0.1711,40.1000,75,97,462341
1.7351,0.1760,39.1900,75,97,462344
1.7937,0.2004,39.8600,75,97,462348
1.7595,0.1808,40.2000,75,97,462351
1.7595,0.1711,40.0300,75,97,462354
1.7742,0.1711,40.1000,75,97,462358
1.7742,0.1808,40.1000,75,97,462361
1.8182,0.1711,40.0000,75,97,462364
1.7937,0.1808,40.0600,75,97,462368
1.7986,0.1760,40.0000,75,97,462371
1.7840,0.1760,40.1300,75,97,462374
1.7937,0.1760,39.3200,75,97,462379
1.8524,0.1808,39.9600,75,97,462382
1.7937,0.1808,40.1600,75,97,462385
1.8231,0.1955,39.9600,75,97,462388
1.7986,0.1760,40.1000,75,97,462392
1.7986,0.1760,40.0300,75,97,462395
1.8133,0.1808,40.0300,75,97,462398
1.7986,0.1760,40.0600,75,97,462402
1.8280,0.1760,39.9300,75,97,462405
1.8035,0.1711,40.1000,75,97,462408
1.8084,0.1760,40.1300,75,97,462412
1.8182,0.1808,40.0600,75,97,462415
1.8182,0.1760,40.1600,75,97,462418
1.8524,0.1808,39.8900,75,97,462422
1.8377,0.1760,40.1000,75,97,462426
1.8182,0.1760,40.1600,75,97,462429
1.8328,0.2199,40.0600,75,97,462432
1.8133,0.1760,40.1300,75,97,462436
1.8719,0.1857,39.8300,75,97,462439
1.8377,0.1711,39.9600,75,97,462442
1.8231,0.1760,40.3300,75,97,462446
1.8231,0.1808,40.1000,75,97,462449
1.8182,0.1760,40.1000,75,97,462452
1.9013,0.1955,39.9300,75,97,462456
1.8182,0.1808,40.3000,75,97,462459
1.8182,0.1808,40.1000,75,97,462462
1.8084,0.1760,40.1000,75,97,462467
1.8084,0.1760,40.2300,75,97,462470
1.8377,0.1857,39.9600,75,97,462473
1.8133,0.1808,40.1300,75,97,462476
1.8280,0.1808,40.0000,75,97,462480
1.8084,0.1711,40.1000,75,97,462483
1.8035,0.1760,40.1300,75,97,462486
1.8377,0.1857,40.0600,75,97,462490
1.8084,0.1808,40.1300,75,97,462493
1.8280,0.1857,39.9600,75,97,462496
1.8035,0.1760,40.1600,75,97,462500
1.7986,0.1760,40.1300,75,97,462503
1.8182,0.1808,40.0300,75,97,462507
1.7986,0.1760,40.1600,75,97,462510
1.8182,0.2053,39.9600,75,97,462514
1.7986,0.1808,40.0300,75,97,462517
1.7986,0.1760,40.1000,75,97,462520
1.8133,0.1857,40.0600,75,97,462524
1.7986,0.1711,40.1000,75,97,462527
1.8377,0.1857,39.8600,75,97,462530
1.8084,0.1857,40.0600,75,97,462534
1.8035,0.1711,40.1000,75,97,462537
1.8035,0.1808,40.2600,75,97,462540
1.7986,0.1760,40.1000,75,97,462543
1.8475,0.1760,39.8300,75,97,462547
1.7986,0.1760,40.0600,75,97,462551
1.8035,0.1662,40.1300,75,97,462554
1.8084,0.1808,40.1000,75,97,462558
1.8035,0.1760,40.0600,75,97,462561
1.8573,0.2053,39.8900,75,97,462564
1.8231,0.1857,40.0600,75,97,462568
1.8133,0.1760,40.0300,75,97,462571
1.8084,0.1760,40.1000,75,97,462574
1.8133,0.1711,40.1300,75,97,462578
1.8475,0.1857,39.9300,75,97,462581
1.8133,0.1808,40.1000,75,97,462584
1.8328,0.1808,39.9600,75,97,462587
1.8182,0.1808,40.1000,75,97,462592
1.8182,0.1760,40.1000,75,97,462595
1.8426,0.1906,40.1000,75,97,462598
1.8328,0.1760,40.1000,75,97,462602
1.8671,0.1857,40.0300,75,97,462605
1.8426,0.1857,40.1300,75,97,462608
1.8622,0.1760,40.1300,75,97,462612
1.8817,0.1857,40.0300,75,97,462615
1.8817,0.1760,40.1000,75,97,462618
1.9110,0.1808,39.9300,75,97,462621
1.8817,0.1808,40.1600,75,97,462625
1.8964,0.1760,40.1000,75,97,462628
1.9110,0.1857,39.3800,75,97,462631
1.9013,0.1711,40.1300,75,97,462636
1.9501,0.1857,39.8300,75,97,462639
1.9208,0.1808,40.0000,75,97,462642
1.8964,0.1760,40.1000,75,97,462646
1.8817,0.2102,40.0300,75,97,462649
1.8768,0.1760,40.1300,75,97,462652
1.9013,0.1906,39.8300,75,97,462656
1.8573,0.1808,40.0600,75,97,462659
1.8524,0.1711,40.1000,75,97,462662
1.8622,0.1808,40.1000,75,97,462665
1.8573,0.1760,40.1000,75,97,462669
1.9110,0.1906,39.9300,75,97,462672
1.8573,0.1808,40.0300,75,97,462675
1.8524,0.1808,40.0300,75,97,462680
1.8328,0.1808,39.2500,75,97,462683
1.7937,0.1906,40.1000,75,97,462688
1.8084,0.1760,40.1000,75,97,462691
1.8133,0.1857,40.0000,75,97,462694
1.7840,0.1662,40.1000,75,97,462698
1.7986,0.1711,39.9300,75,97,462701
1.7937,0.1808,40.0000,75,97,462704
1.7889,0.1857,40.1000,75,97,462708
1.7937,0.1857,40.0600,75,97,462711
1.7840,0.1808,40.1000,75,97,462714
1.8280,0.1857,39.8900,75,97,462717
1.8035,0.1808,40.0600,75,97,462722
1.8035,0.1760,40.2300,75,97,462725
1.8133,0.2199,40.0600,75,97,462728
1.8035,0.1808,40.1000,75,97,462732
1.8573,0.1857,39.8300,75,97,462735
1.8280,0.1711,40.0600,75,97,462738
1.8426,0.1760,40.2000,75,97,462742
1.8719,0.1760,40.0600,75,97,462745
1.9208,0.1760,40.1000,75,97,462748
2.0577,0.1955,39.9600,75,97,462751
2.1017,0.1857,40.1300,75,97,462755
2.1896,0.1711,40.0300,75,97,462758
2.2874,0.1808,39.2200,75,97,462761
2.4145,0.1955,40.1000,75,97,462766
2.6344,0.1906,40.0000,75,97,462769
2.6882,0.1808,40.1300,75,97,462772
2.7566,0.1808,39.9600,75,97,462776
2.6246,0.1808,40.1000,75,97,462779
2.3998,0.1760,40.1300,75,97,462782
2.1652,0.2053,40.0300,75,97,462785
1.8817,0.1808,40.1000,75,97,462789
1.7302,0.1808,40.0300,75,97,462792
1.6325,0.1711,40.1300,75,97,462795
1.6276,0.1711,40.1000,75,97,462799
1.6569,0.1808,40.1000,75,97,462802
1.6813,0.1955,40.1000,75,97,462806
1.7400,0.1808,39.9600,75,97,462810
1.7204,0.1808,40.1300,75,97,462813
1.7302,0.2004,40.1000,75,97,462816
1.7498,0.1808,40.0000,75,97,462819
1.7302,0.1760,40.1000,75,97,462823
1.7595,0.1857,39.8900,75,97,462826
1.7400,0.1808,40.0300,75,97,462829
1.7253,0.1760,40.1000,75,97,462833
1.7449,0.1857,40.0600,75,97,462836
1.7400,0.1711,40.1000,75,97,462839
1.7840,0.1857,39.8600,75,97,462843
1.7498,0.1808,40.0600,75,97,462846
1.7498,0.1760,40.1300,75,97,462850
1.7595,0.1808,40.1300,75,97,462854
1.7889,0.1808,40.1000,75,97,462857
1.8035,0.1906,39.8600,75,97,462860
1.7742,0.1808,40.1000,75,97,462863
1.7742,0.1808,40.1300,75,97,462867
1.7791,0.1808,40.1000,75,97,462870
1.7742,0.1955,40.1000,75,97,462873
1.8573,0.1906,39.9600,75,97,462877
1.7986,0.1808,40.1000,75,97,462880
1.8084,0.1808,40.0000,75,97,462883
1.8280,0.1711,40.1600,75,97,462887
1.8133,0.1808,40.2000,75,97,462891
1.8426,0.1808,39.9300,75,97,462894
1.8182,0.1808,40.1000,75,97,462897
1.8426,0.1808,39.9600,75,97,462901
1.8328,0.1711,40.1300,75,97,462904
1.8328,0.1808,40.1000,75,97,462907
1.8622,0.1857,40.0000,75,97,462911
1.8328,0.1515,40.1300,75,97,462914
1.8671,0.1808,40.0000,75,97,462917
1.8475,0.1711,40.0600,75,97,462921
1.8524,0.1760,40.1300,75,97,462924
1.8719,0.1760,40.0300,75,97,462927
1.8671,0.1711,40.1300,75,97,462931
1.9110,0.1808,39.8900,75,97,462935
1.8866,0.1760,40.1000,75,97,462938
1.8915,0.1760,40.1600,75,97,462941
1.9062,0.1760,40.0600,75,97,462945
1.9013,0.1760,40.1300,75,97,462948
1.9550,0.1906,39.8600,75,97,462951
1.9550,0.1808,40.0300,75,97,462955
1.9257,0.1760,40.1300,75,97,462958
1.9355,0.1760,40.1000,75,97,462961
1.9404,0.1760,40.1000,75,97,462965
1.9990,0.2004,39.8300,75,97,462968
1.9795,0.1857,40.0600,75,97,462971
1.9599,0.1760,40.0300,75,97,462974
1.9648,0.1808,40.0600,75,97,462979
1.9697,0.1808,40.1300,75,97,462982
2.0137,0.1955,39.9600,75,97,462985
1.9795,0.1857,40.0600,75,97,462989
1.9941,0.1760,40.0000,75,97,462992
1.9746,0.1515,40.1000,75,97,462995
1.9746,0.2053,40.1000,75,97,462999
2.0039,0.1857,40.0300,75,97,463002
1.9795,0.1808,40.1000,75,97,463005
1.9990,0.1808,40.0300,75,97,463008
1.9795,0.1808,40.1000,75,97,463012
1.9599,0.1515,40.1300,75,97,463015
1.9892,0.1906,40.1000,75,97,463019
1.9501,0.1808,40.1000,75,97,463023
1.9746,0.1808,40.1300,75,97,463026
1.9355,0.1808,40.0300,75,97,463029
1.9306,0.1760,40.1300,75,97,463033
1.9355,0.1808,40.0300,75,97,463036
1.9062,0.1808,40.1000,75,97,463039
1.9306,0.1808,40.0600,75,97,463043
1.8817,0.1857,40.0600,75,97,463046
1.8573,0.1711,40.1000,75,97,463049
1.8475,0.1808,40.0300,75,97,463052
1.8133,0.2102,40.1000,75,97,463056
1.8426,0.1857,39.8600,75,97,463059
1.7791,0.1808,40.0600,75,97,463063
1.7644,0.1808,40.1300,75,97,463067
1.7595,0.1808,40.1000,75,97,463070
1.7302,0.1760,40.1600,75,97,463073
1.7595,0.1955,39.8600,75,97,463077
1.7204,0.1857,39.9300,75,97,463080
1.7009,0.1906,40.1000,75,97,463083
1.6862,0.1808,40.1000,75,97,463086
1.6911,0.1760,40.1600,75,97,463090
1.7253,0.2248,39.9300,75,97,463093
1.6911,0.1515,40.0600,75,97,463096
1.6960,0.2151,40.0000,75,97,463100
1.6813,0.1711,40.0600,75,97,463104
1.6862,0.1515,40.1300,75,97,463107
1.7449,0.1906,39.9600,75,97,463111
1.6911,0.1515,40.0600,75,97,463114
1.7155,0.1808,39.9300,75,97,463117
1.6960,0.1711,40.1000,75,97,463121
1.7009,0.1808,40.0600,75,97,463124
1.7155,0.1808,40.0600,75,97,463127
1.7155,0.1808,40.1000,75,97,463130
1.7351,0.1515,39.9600,75,97,463134
1.7204,0.1711,40.0600,75,97,463137
1.7302,0.1515,40.1000,75,97,463140
1.7498,0.1906,39.9600,75,97,463144
1.7253,0.1808,40.1000,75,97,463148
1.7693,0.1857,39.8600,75,97,463151
1.7498,0.1857,40.0300,75,97,463155
1.7449,0.1760,40.0600,75,97,463158
1.7595,0.1857,40.0600,75,97,463161
1.7546,0.1760,40.2300,75,97,463165
1.8182,0.1808,39.8900,75,97,463168
1.7742,0.1808,40.1300,75,97,463171
1.7742,0.1760,40.1600,75,97,463174
1.7791,0.1808,40.1000,75,97,463178
1.7742,0.1808,40.0600,75,97,463181
1.8328,0.2102,39.8600,75,97,463184
1.7889,0.1808,40.1300,75,97,463188
1.7986,0.1857,40.0300,75,97,463192
1.7986,0.1808,40.1300,75,97,463195
1.7937,0.1760,39.9600,75,97,463199
1.8280,0.1906,40.0000,75,97,463202
1.8084,0.1808,40.1000,75,97,463205
1.8133,0.1808,40.0600,75,97,463208
1.7986,0.1760,40.1600,75,97,463212
1.8035,0.1760,40.1300,75,97,463215
1.8328,0.1906,39.8300,75,97,463218
1.8084,0.1711,40.1000,75,97,463222
1.8280,0.1857,40.0000,75,97,463225
1.7986,0.1857,40.0600,75,97,463228
1.8328,0.1711,40.1300,75,97,463233
1.8182,0.1955,40.0000,75,97,463236
1.8231,0.1711,40.1000,75,97,463239
1.8231,0.1808,39.9600,75,97,463243
1.7937,0.1857,40.1000,75,97,463246
1.7937,0.1760,40.1300,75,97,463249
1.7986,0.1857,40.0300,75,97,463252
1.7889,0.1808,40.1000,75,97,463256
1.8231,0.1857,39.8900,75,97,463259
1.7840,0.1808,40.1000,75,97,463262
1.7889,0.1760,40.1000,75,97,463266
1.7986,0.1857,40.2000,75,97,463269
1.7840,0.1711,40.1600,75,97,463272
1.8377,0.1906,38.9600,75,97,463277
1.8035,0.1906,40.0000,75,97,463280
1.7937,0.1711,40.1000,75,97,463283
1.7889,0.2053,40.1000,75,97,463287
1.8035,0.1760,40.1300,75,97,463290
1.8377,0.1906,39.9300,75,97,463293
1.8377,0.1808,40.0300,75,97,463298
1.7791,0.1808,40.1300,75,97,463301
1.8035,0.1857,40.0300,75,97,463305
1.7693,0.1760,40.1000,75,97,463308
1.7742,0.1808,40.1300,75,97,463311
1.7840,0.1760,40.0600,75,97,463314
1.8084,0.1760,40.0600,75,97,463319
1.7986,0.1808,39.9300,75,97,463322
1.7693,0.1857,40.0300,75,97,463325
1.7742,0.1760,40.1000,75,97,463329
1.7986,0.1906,40.0300,75,97,463332
1.7791,0.1760,40.1600,75,97,463335
1.8377,0.1857,39.8900,75,97,463339
1.8182,0.1857,40.0300,75,97,463342
1.8182,0.1760,40.0600,75,97,463345
1.8377,0.1808,40.0300,75,97,463349
1.8328,0.1760,40.1600,75,97,463352
1.8915,0.1906,39.8600,75,97,463355
1.8426,0.1711,40.0000,75,97,463358
1.8524,0.1760,40.0600,75,97,463363
1.8671,0.1906,40.1600,75,97,463366
1.9110,0.1711,40.1300,75,97,463369
1.9306,0.1906,39.9600,75,97,463373
1.8915,0.1760,40.1600,75,97,463376
1.9013,0.1711,40.0000,75,97,463379
1.8817,0.1808,40.2000,75,97,463383
1.8768,0.1760,40.1300,75,97,463386
1.8915,0.1906,40.0000,75,97,463389
1.8573,0.1808,40.1300,75,97,463392
1.8622,0.1906,39.9600,75,97,463396
1.8328,0.1808,40.0600,75,97,463399
1.8328,0.1711,40.1300,75,97,463403
1.8524,0.1906,39.9600,75,97,463407
1.8231,0.1760,40.1000,75,97,463410
1.8426,0.1808,40.0000,75,97,463413
1.7986,0.1760,40.2300,75,97,463417
1.7889,0.1955,40.1000,75,97,463420
1.7937,0.1857,40.0300,75,97,463423
1.7693,0.1662,40.1600,75,97,463427
1.7986,0.1857,39.9300,75,97,463430
1.7693,0.1955,40.0300,75,97,463433
1.7644,0.1808,40.1000,75,97,463436
1.7693,0.1857,40.0600,75,97,463440
1.7546,0.1808,40.1000,75,97,463443
1.7986,0.1857,39.9300,75,97,463447
1.7595,0.1808,40.1000,75,97,463451
1.7546,0.1760,40.1300,75,97,463454
1.7693,0.2199,40.1000,75,97,463457
1.7595,0.1760,40.1600,75,97,463461
1.8084,0.1955,39.8300,75,97,463464
1.7742,0.1857,40.0000,75,97,463467
1.7595,0.1760,40.0600,75,97,463470
1.7595,0.1857,40.1000,75,97,463474
1.7595,0.1808,40.1600,75,97,463477
1.8084,0.1906,40.2300,75,97,463480
1.7889,0.1711,40.0600,75,97,463484
1.7840,0.1760,40.0300,75,97,463488
1.7791,0.2151,40.0600,75,97,463491
1.8084,0.1857,40.1000,75,97,463495
1.8671,0.1857,40.0600,75,97,463498
1.9306,0.1808,40.1000,75,97,463501
2.0186,0.1808,39.9600,75,97,463505
2.0968,0.1808,40.1300,75,97,463508
2.1994,0.1760,40.1000,75,97,463511
2.3216,0.1808,40.0300,75,97,463514
2.4438,0.1808,40.4000,75,97,463518
2.6149,0.1857,40.0000,75,97,463521
2.6882,0.1808,40.1300,75,97,463524
2.6882,0.1760,39.7300,75,97,463528
2.5611,0.1857,40.0000,75,97,463532
2.2776,0.1808,40.1000,75,97,463535
2.0332,0.1857,39.9300,75,97,463539
1.7986,0.1808,40.0300,75,97,463542
1.6031,0.1515,40.1300,75,97,463545
1.5591,0.1857,40.0600,75,97,463548
1.5640,0.1515,40.1000,75,97,463552
1.6422,0.1857,39.9600,75,97,463555
1.6569,0.1808,40.0600,75,97,463558
1.6764,0.1808,40.1000,75,97,463562
1.7107,0.1808,40.1600,75,97,463565
1.7155,0.1808,40.1300,75,97,463568
1.7693,0.1906,39.9600,75,97,463572
1.7204,0.1857,40.0600,75,97,463576
1.7302,0.1760,40.1000,75,97,463579
1.7253,0.1808,40.1300,75,97,463582
1.7253,0.1808,40.0600,75,97,463586
1.7791,0.1906,40.0000,75,97,463589
1.7498,0.1857,40.0600,75,97,463592
1.7546,0.1760,40.0300,75,97,463596
1.7546,0.1808,40.1000,75,97,463599
1.7595,0.1760,40.3600,75,97,463602
1.7986,0.1857,39.9600,75,97,463606
1.7742,0.1808,39.9300,75,97,463609
1.7986,0.2102,40.0000,75,97,463612
1.7840,0.1808,40.1300,75,97,463617
1.7889,0.1760,40.2300,75,97,463620
1.8377,0.1857,40.0600,75,97,463623
1.7937,0.1808,40.1600,75,97,463626
1.8231,0.1857,40.0000,75,97,463630
1.7889,0.1760,40.1300,75,97,463633
1.7986,0.1808,40.2000,75,97,463636
1.8182,0.1808,40.0600,75,97,463640
1.8280,0.1760,40.1300,75,97,463643
1.8426,0.1808,39.9600,75,97,463646
1.8231,0.1857,40.1000,75,97,463650
1.8231,0.1760,40.1000,75,97,463653
1.8426,0.2053,40.0600,75,97,463656
1.8328,0.1808,40.1000,75,97,463661
1.8817,0.1857,39.8900,75,97,463664
1.8622,0.2053,40.0300,75,97,463667
1.8573,0.1808,40.1000,75,97,463670
1.8671,0.1906,40.1000,75,97,463674
1.8964,0.1808,40.1000,75,97,463677
1.9208,0.1906,39.8600,75,97,463680
1.8768,0.2004,40.0000,75,97,463684
1.8768,0.1857,40.1000,75,97,463687
1.8866,0.1808,40.1000,75,97,463690
1.8964,0.1808,40.1300,75,97,463694
1.9550,0.2248,39.9300,75,97,463697
1.9208,0.1808,40.1000,75,97,463700
1.9355,0.1760,40.1000,75,97,463704
1.9355,0.1857,40.0600,75,97,463708
1.9453,0.1760,40.1600,75,97,463711
1.9892,0.2053,40.1000,75,97,463714
1.9844,0.1760,40.1000,75,97,463718
1.9990,0.1515,40.0000,75,97,463721
1.9795,0.1711,40.1600,75,97,463724
1.9892,0.1760,40.1000,75,97,463728
2.0283,0.1906,40.0000,75,97,463731
2.0186,0.1711,40.1300,75,97,463734
2.0283,0.1857,40.0000,75,97,463737
1.9941,0.1760,40.0600,75,97,463741
2.0137,0.1760,40.1300,75,97,463745
2.0186,0.1857,39.9600,75,97,463748
2.0039,0.1808,40.1000,75,97,463752
2.0528,0.1711,39.9300,75,97,463755
1.9990,0.1808,40.0300,75,97,463758
1.9990,0.1760,40.1000,75,97,463762
2.0137,0.1711,40.0300,75,97,463765
1.9892,0.1808,40.1000,75,97,463768
2.0283,0.1857,39.8300,75,97,463771
1.9746,0.1760,40.1000,75,97,463775
1.9648,0.1760,40.1000,75,97,463778
1.9648,0.1857,40.1000,75,97,463781
1.9404,0.1808,40.1300,75,97,463785
1.9795,0.1857,39.8000,75,97,463789
1.9355,0.1808,39.9600,75,97,463792
1.9013,0.1760,40.1300,75,97,463796
1.9013,0.1711,40.1000,75,97,463799
1.8671,0.1760,40.2000,75,97,463802
1.8964,0.2053,39.8900,75,97,463806
1.8328,0.1808,40.1000,75,97,463809
1.8182,0.1760,40.1000,75,97,463812
1.7937,0.1857,40.2300,75,97,463815
1.7791,0.1760,40.1300,75,97,463819
1.7937,0.1906,40.1000,75,97,463822
1.7498,0.1808,40.0600,75,97,463825
1.7546,0.1808,40.0000,75,97,463830
1.7302,0.1808,40.1000,75,97,463833
1.7155,0.1711,40.1000,75,97,463836
1.7155,0.1808,40.0600,75,97,463840
1.7107,0.1857,40.1000,75,97,463843
1.7400,0.1857,40.0000,75,97,463846
1.7009,0.1808,40.1300,75,97,463849
1.7009,0.1808,40.1000,75,97,463853
1.7204,0.1857,39.9600,75,97,463856
1.6911,0.1808,40.1000,75,97,463859
1.7155,0.1760,39.9300,75,97,463863
1.7009,0.1760,40.0300,75,97,463866
1.7009,0.1760,40.1000,75,97,463869
1.7155,0.1857,40.0300,75,97,463874
1.7058,0.1808,40.2300,75,97,463877
1.7546,0.1857,39.8600,75,97,463880
1.7302,0.1808,40.0300,75,97,463884
1.7253,0.1808,40.2300,75,97,463887
1.7351,0.1857,40.0600,75,97,463890
1.7400,0.1808,40.1000,75,97,463893
1.7937,0.1906,39.8300,75,97,463897
1.7546,0.1760,40.1300,75,97,463900
1.7595,0.1760,40.1000,75,97,463903
1.7644,0.1808,40.1000,75,97,463907
1.7791,0.1760,40.1000,75,97,463911
1.7840,0.1711,40.1000,75,97,463916
1.8182,0.1857,40.0600,75,97,463919
1.7937,0.1711,40.1000,75,97,463922
1.8182,0.1857,40.1000,75,97,463926
1.7937,0.1808,40.0600,75,97,463929
1.7937,0.1857,40.0600,75,97,463932
1.8133,0.1857,40.0000,75,97,463936
1.7937,0.1760,40.1000,75,97,463939
1.8231,0.1808,39.9300,75,97,463942
1.7986,0.1808,40.0600,75,97,463945
1.8035,0.1857,40.1000,75,97,463949
1.8133,0.1808,40.0300,75,97,463952
1.8084,0.1808,40.1600,75,97,463955
1.8426,0.1857,39.8900,75,97,463960
1.8035,0.1760,40.1000,75,97,463963
1.8084,0.1760,40.1300,75,97,463966
1.8182,0.1857,40.0600,75,97,463970
1.7986,0.1760,40.1000,75,97,463973
1.8524,0.1711,39.8000,75,97,463976
1.8133,0.1808,40.2600,75,97,463979
1.8035,0.2004,40.1300,75,97,463983
1.8035,0.1808,40.1000,75,97,463986
1.8035,0.1760,40.1000,75,97,463989
1.8524,0.2102,39.9600,75,97,463993
1.8084,0.1808,40.0600,75,97,463996
1.8035,0.1760,39.1600,75,97,464000
1.7986,0.1906,40.1300,75,97,464004
1.7986,0.1808,40.1000,75,97,464007
1.8328,0.1906,39.9600,75,97,464010
1.7986,0.2053,40.0600,75,97,464013
1.8133,0.1857,40.0000,75,97,464017
1.7937,0.1808,40.1300,75,97,464020
1.7889,0.2053,40.1000,75,97,464023
1.8182,0.1857,40.0600,75,97,464027
1.7937,0.1808,40.1000,75,97,464030
1.8133,0.1808,40.0300,75,97,464033
1.7840,0.1711,40.1300,75,97,464037
1.7840,0.1760,40.2300,75,97,464040
1.8133,0.2102,40.0300,75,97,464044
1.7840,0.1808,40.1000,75,97,464047
1.8182,0.1808,40.0300,75,97,464051
1.8133,0.1760,40.0000,75,97,464054
1.8231,0.1760,40.1300,75,97,464057
1.8475,0.1857,40.0300,75,97,464061
1.8280,0.1808,40.1000,75,97,464064
1.8671,0.1857,39.8600,75,97,464067
1.8426,0.1857,40.0300,75,97,464071
1.8426,0.1760,39.8900,75,97,464074
1.8524,0.2053,40.0600,75,97,464077
1.8524,0.1808,40.1300,75,97,464081
1.9110,0.1857,39.9600,75,97,464084
1.8671,0.1857,40.0600,75,97,464088
1.8768,0.1760,40.1000,75,97,464091
1.8719,0.1808,40.1300,75,97,464095
1.8573,0.1808,40.1300,75,97,464098
1.9062,0.1955,40.0000,75,97,464101
1.8573,0.1857,40.0300,75,97,464105
1.8475,0.1760,40.0600,75,97,464108
1.8377,0.1808,40.0600,75,97,464111
1.8377,0.2004,40.1300,75,97,464115
1.8671,0.1906,39.9300,75,97,464118
1.8280,0.2346,40.0600,75,97,464121
1.8280,0.1857,40.0000,75,97,464124
1.7937,0.1857,40.1300,75,97,464129
1.7791,0.1808,40.0000,75,97,464132
1.8035,0.1808,39.9600,75,97,464135
1.7595,0.1808,40.1000,75,97,464139
1.7742,0.1808,40.0000,75,97,464142
1.7449,0.1857,40.1600,75,97,464145
1.7449,0.1808,40.1300,75,97,464149
1.7546,0.1808,40.0600,75,97,464152
1.7498,0.1760,40.1000,75,97,464155
1.7840,0.1711,40.0000,75,97,464158
1.7498,0.1808,40.0600,75,97,464162
1.7546,0.1711,40.1000,75,97,464165
1.7742,0.1857,40.0300,75,97,464168
1.7498,0.1857,40.1000,75,97,464173
1.7791,0.1857,39.8900,75,97,464176
1.7644,0.1808,40.0000,75,97,464179
1.7546,0.1808,40.1300,75,97,464183
1.7693,0.1857,39.6000,75,97,464186
1.7546,0.2102,40.1600,75,97,464189
1.7986,0.1906,39.8300,75,97,464193
1.7693,0.1808,40.0600,75,97,464196
1.7644,0.1760,40.1000,75,97,464199
1.7791,0.1808,40.0600,75,97,464202
1.7937,0.1760,40.2300,75,97,464206
1.8866,0.2004,39.8900,75,97,464209
1.9062,0.1808,40.0600,75,97,464212
1.9941,0.1760,40.1000,75,97,464217
2.0968,0.1857,40.1000,75,97,464220
2.1848,0.1808,39.4100,75,97,464223
2.3314,0.2004,40.0000,75,97,464227
2.4291,0.1857,40.0600,75,97,464230
2.5709,0.1808,40.0000,75,97,464233
2.6637,0.1760,40.1300,75,97,464236
2.6784,0.1760,40.1000,75,97,464240
2.5904,0.1857,39.9300,75,97,464243
2.2972,0.1808,40.0600,75,97,464246
2.0430,0.1857,39.9600,75,97,464250
1.7840,0.1808,40.2000,75,97,464253
1.6471,0.1808,40.2600,75,97,464257
1.6227,0.1906,40.0300,75,97,464261
1.6080,0.1808,40.1000,75,97,464264
1.6667,0.1808,40.0300,75,97,464267
1.6667,0.1760,40.0600,75,97,464270
1.7155,0.1808,40.1300,75,97,464274
1.6960,0.1515,40.0300,75,97,464277
1.7058,0.2053,40.1000,75,97,464280
1.7498,0.1857,39.9300,75,97,464284
1.7058,0.2004,40.1300,75,97,464287
1.7107,0.1711,40.1300,75,97,464290
1.7253,0.1857,40.0000,75,97,464294
1.7155,0.1808,40.1000,75,97,464297
1.7595,0.1857,39.9600,75,97,464301
1.7302,0.1857,40.1000,75,97,464305
1.7253,0.1760,40.1300,75,97,464308
1.7253,0.1857,40.1300,75,97,464311
1.7253,0.1711,40.1000,75,97,464314
1.7742,0.2004,40.2000,75,97,464318
1.7400,0.1857,40.0600,75,97,464321
1.7351,0.1760,40.0600,75,97,464324
1.7400,0.1808,40.0300,75,97,464328
1.7595,0.1808,40.0600,75,97,464331
1.8035,0.1906,40.0000,75,97,464334
1.7791,0.1808,40.1000,75,97,464338
1.7937,0.1760,39.6000,75,97,464342
1.7840,0.1760,40.1000,75,97,464345
1.7889,0.1760,40.1000,75,97,464348
1.8231,0.1906,40.0000,75,97,464352
1.8426,0.1711,40.1000,75,97,464355
1.8280,0.1808,39.9600,75,97,464358
1.8035,0.1760,40.1300,75,97,464362
1.8133,0.1808,40.1000,75,97,464365
1.8475,0.1808,40.0000,75,97,464368
1.8231,0.1808,40.1000,75,97,464372
1.8622,0.1808,39.9300,75,97,464375
1.8328,0.1760,40.0600,75,97,464378
1.8426,0.1808,40.1000,75,97,464382
1.8622,0.1857,40.0000,75,97,464386
1.8475,0.1808,40.1000,75,97,464389
1.8866,0.1808,39.9600,75,97,464392
1.8671,0.1808,40.0300,75,97,464396
1.8768,0.1711,40.1300,75,97,464399
1.8915,0.1857,40.1000,75,97,464402
1.8866,0.1760,40.1600,75,97,464406
1.9355,0.1857,39.8600,75,97,464409
1.8964,0.1760,40.1600,75,97,464412
1.9159,0.1808,40.1300,75,97,464416
1.9257,0.1808,40.3000,75,97,464419
1.9306,0.1711,40.1300,75,97,464422
1.9844,0.2004,39.8600,75,97,464425
1.9453,0.1808,40.1300,75,97,464430
1.9404,0.1808,40.1000,75,97,464433
1.9453,0.1808,40.1600,75,97,464436
1.9501,0.1808,40.0600,75,97,464440
2.0088,0.1808,39.9300,75,97,464443
1.9746,0.1808,40.1000,75,97,464446
1.9844,0.1808,40.0000,75,97,464450
1.9746,0.1808,40.1300,75,97,464453
1.9746,0.1711,40.1300,75,97,464456
2.0088,0.1955,39.9600,75,97,464460
1.9795,0.1808,40.1000,75,97,464463
2.0088,0.1808,39.9600,75,97,464466
1.9795,0.1808,40.1300,75,97,464470
1.9746,0.1808,40.0600,75,97,464474
1.9892,0.1808,40.0600,75,97,464477
1.9746,0.1808,40.1600,75,97,464480
1.9990,0.1857,40.0000,75,97,464484
1.9599,0.1515,40.1000,75,97,464487
1.9501,0.1808,40.1000,75,97,464490
1.9648,0.1857,39.9600,75,97,464493
1.9208,0.1808,40.1000,75,97,464497
1.9306,0.1808,40.0300,75,97,464500
1.8964,0.2053,40.0300,75,97,464503
1.8719,0.1808,40.1000,75,97,464507
1.8671,0.1857,40.0300,75,97,464510
1.8328,0.1711,40.0600,75,97,464514
1.8475,0.1857,39.8900,75,97,464518
1.7791,0.1955,39.9300,76,97,464522
1.7204,0.1857,40.1000,76,97,464526
1.7107,0.1760,40.0600,76,97,464529
1.6862,0.1808,40.1300,76,97,464532
1.6764,0.1808,40.1300,76,97,464536
1.7009,0.1906,40.0300,76,97,464539
1.6764,0.1808,40.0600,76,97,464542
1.7058,0.1711,40.0300,76,97,464545
1.6618,0.1808,40.2300,76,97,464549
1.6667,0.1808,40.1000,76,97,464552
1.7009,0.1906,39.9600,76,97,464556
1.6764,0.1808,40.1300,76,97,464560
1.7058,0.1857,40.0300,76,97,464563
1.6764,0.1515,40.1300,76,97,464566
1.6911,0.1857,40.1000,76,97,464570
1.7058,0.1857,39.1600,76,97,464573
1.6911,0.1857,40.1000,76,97,464576
1.7449,0.1711,39.9300,76,97,464580
1.6911,0.1808,40.0300,76,97,464583
1.6911,0.1808,40.1300,76,97,464586
1.7058,0.1857,39.3800,76,97,464589
1.7009,0.1808,40.1000,76,97,464593
1.7449,0.1808,39.8600,76,97,464596
1.7107,0.1760,40.2000,76,97,464600
1.7204,0.1857,40.1300,76,97,464604
1.7351,0.1857,40.0600,76,97,464607
1.7204,0.1760,40.2300,76,97,464610
1.7791,0.1906,39.8300,76,97,464614
1.7498,0.1808,40.0000,76,97,464617
1.7546,0.1808,40.1000,76,97,464620
1.7498,0.1808,40.1600,76,97,464624
1.7449,0.1808,40.1000,76,97,464627
1.7986,0.1906,39.9300,76,97,464630
1.7595,0.2102,40.1300,76,97,464633
1.7693,0.1857,40.0000,76,97,464637
1.7546,0.1808,40.2000,76,97,464641
1.7546,0.1760,40.1300,76,97,464644
1.7840,0.1857,40.0000,76,97,464648
1.7644,0.1808,40.1600,76,97,464651
1.7840,0.1808,39.9600,76,97,464654
1.7742,0.1808,40.1000,76,97,464658
1.7644,0.1760,40.0600,76,97,464661
1.7791,0.1906,40.0600,76,97,464664
1.7693,0.1711,40.1000,76,97,464667
1.7937,0.1857,40.0600,76,97,464671
1.7644,0.1711,40.1000,76,97,464674
1.7693,0.1760,40.0600,76,97,464677
1.7986,0.1857,39.9600,76,97,464681
1.7644,0.1808,40.1000,76,97,464685
1.7937,0.1711,39.8900,76,97,464688
1.7742,0.1515,40.0000,76,97,464692
1.7595,0.1760,40.1000,76,97,464695
1.7595,0.1857,40.0600,76,97,464698
1.7546,0.1760,40.2000,76,97,464702
1.7986,0.1857,39.8300,76,97,464705
1.7595,0.1515,40.1000,76,97,464708
1.7546,0.1760,39.4100,76,97,464711
1.7595,0.1760,40.1300,76,97,464715
1.7595,0.1808,40.1600,76,97,464718
1.8084,0.1955,39.8000,76,97,464721
1.7595,0.1808,40.0600,76,97,464726
1.7644,0.1760,40.0600,76,97,464729
1.7595,0.1808,40.0600,76,97,464732
1.7498,0.1711,40.1000,76,97,464736
1.7937,0.1906,40.1000,76,97,464739
1.7595,0.1906,40.0600,76,97,464742
1.7840,0.1760,40.0000,76,97,464745
1.7400,0.1808,40.1000,76,97,464749
1.7400,0.1760,40.2300,76,97,464752
1.7742,0.1808,39.9300,76,97,464755
1.7449,0.1808,40.1600,76,97,464759
1.7644,0.1808,40.1000,76,97,464762
1.7595,0.1711,40.1000,76,97,464765
1.7400,0.1760,40.2000,76,97,464770
1.7546,0.1906,40.0300,76,97,464773
1.7400,0.1808,40.1000,76,97,464776
1.7644,0.1857,40.0000,76,97,464779
1.7400,0.1760,40.3600,76,97,464783
1.7546,0.1808,40.1000,76,97,464786
1.7889,0.1857,40.0600,76,97,464789
1.7742,0.1808,40.1000,76,97,464793
1.7986,0.1808,39.7300,76,97,464796
1.7693,0.1760,40.1300,76,97,464799
1.7791,0.1760,40.1300,76,97,464803
1.7986,0.1906,40.0300,76,97,464806
1.7889,0.1760,40.1000,76,97,464809
1.8426,0.1906,39.8900,76,97,464813
1.8475,0.1857,40.0300,76,97,464817
1.8280,0.1711,40.1300,76,97,464820
1.8328,0.1857,40.1000,76,97,464823
1.8231,0.1760,40.1000,76,97,464827
1.8622,0.1906,39.8300,76,97,464830
1.7986,0.1808,40.0300,76,97,464833
1.7889,0.1760,40.1000,76,97,464837
1.7791,0.1808,40.2000,76,97,464840
1.7742,0.1808,40.1000,76,97,464843
1.8280,0.1955,39.8900,76,97,464846
1.7791,0.1808,40.0300,76,97,464850
1.7791,0.1857,39.9600,76,97,464854
1.7546,0.1760,40.1000,76,97,464857
1.7351,0.1760,40.1300,76,97,464861
1.7644,0.1906,39.9600,76,97,464864
1.7253,0.1760,40.1000,76,97,464867
1.7204,0.1808,40.0300,76,97,464871
1.6911,0.1808,40.1000,76,97,464874
1.7155,0.1711,40.1300,76,97,464877
1.7107,0.1906,40.3300,76,97,464881
1.6813,0.1808,40.1600,76,97,464884
1.7107,0.1808,40.0000,76,97,464887
1.6764,0.1760,40.0600,76,97,464891
1.6764,0.1760,40.1600,76,97,464894
1.6862,0.1857,40.0000,76,97,464898
1.6813,0.1808,40.1300,76,97,464901
1.7058,0.1808,39.8900,76,97,464905
1.6862,0.1857,40.0600,76,97,464908
1.6862,0.1760,40.1300,76,97,464911
1.6960,0.1808,40.1000,76,97,464915
1.6862,0.1760,40.0600,76,97,464918
1.7253,0.1808,39.8900,76,97,464921
1.6862,0.1760,40.0300,76,97,464925
1.7058,0.1808,40.2300,76,97,464928
1.7058,0.1808,40.1000,76,97,464931
1.7009,0.1760,40.1300,76,97,464934
1.7595,0.1906,39.8600,76,97,464939
1.7351,0.1808,40.0300,76,97,464942
1.7791,0.1711,40.2600,76,97,464945
1.8524,0.1808,40.1300,76,97,464949
1.9453,0.1760,40.2000,76,97,464952
2.1065,0.1906,39.9300,76,97,464955
2.1408,0.1808,40.1000,76,97,464959
2.2581,0.1760,39.2800,76,97,464962
2.3705,0.1760,40.0600,76,97,464965
2.5024,0.1760,40.1300,76,97,464969
2.6295,0.1857,40.2600,76,97,464972
2.5562,0.1760,40.1000,76,97,464975
2.3998,0.1808,40.0000,76,97,464978
2.1114,0.1760,40.1300,76,97,464983
1.8328,0.1760,40.1000,76,97,464986
1.6422,0.1515,40.1600,76,97,464989
1.5298,0.1906,40.1000,76,97,464993
1.5396,0.1711,40.0000,76,97,464996
1.5200,0.1760,40.0000,76,97,464999
1.5591,0.1955,40.1000,76,97,465003
1.6031,0.1857,40.0300,76,97,465006
1.5982,0.1760,40.1000,76,97,465009
1.6325,0.1857,39.9300,76,97,465012
1.6178,0.1760,40.0000,76,97,465016
1.6080,0.1760,40.1600,76,97,465019
1.6178,0.1808,40.0600,76,97,465022
1.5982,0.1760,40.1300,76,97,465027
1.6373,0.1857,39.8600,76,97,465030
1.6129,0.1711,40.1000,76,97,465033
1.6080,0.1760,40.1300,76,97,465037
1.6178,0.1906,40.1000,76,97,465040
1.6129,0.1760,40.1000,76,97,465043
1.6618,0.1906,39.8300,76,97,465046
1.6227,0.2004,40.1000,76,97,465050
1.6227,0.1760,40.1000,76,97,465053
1.6325,0.1808,39.2800,76,97,465056
1.6325,0.1711,40.1000,76,97,465060
1.6764,0.1906,40.2600,76,97,465063
1.6520,0.1808,40.0600,76,97,465067
1.6520,0.1711,40.0300,76,97,465071
1.6471,0.1760,40.1000,76,97,465074
1.6618,0.1760,40.1300,76,97,465077
1.6862,0.1857,39.9600,76,97,465081
1.6764,0.1760,40.1000,76,97,465084
1.6862,0.1808,39.9600,76,97,465087
1.6716,0.1760,40.2600,76,97,465090
1.6764,0.1808,40.1300,76,97,465094
1.7009,0.1808,39.4400,76,97,465097
1.6862,0.2102,40.0600,76,97,465100
1.7204,0.1760,40.0000,76,97,465104
1.6960,0.1711,40.0600,76,97,465107
1.7058,0.1906,40.1000,76,97,465111
1.7302,0.1760,40.0600,76,97,465115
1.7058,0.1760,40.1600,76,97,465118
1.7498,0.1760,40.0300,76,97,465121
1.7302,0.1711,40.1000,76,97,465125
1.7400,0.1760,40.1300,76,97,465128
1.7546,0.1808,40.0300,77,97,465131
1.7644,0.1857,40.1000,77,97,465136
1.7742,0.1711,40.1000,77,97,465139
1.8280,0.1906,39.8600,77,97,465142
1.7889,0.1711,40.0600,77,97,465146
1.7986,0.1711,40.0600,77,97,465149
1.7986,0.1760,40.0300,77,97,465153
1.8084,0.1760,40.1000,77,97,465157
1.8426,0.1857,40.0000,77,97,465160
1.8280,0.1760,40.1600,77,97,465163
1.8817,0.1760,40.0000,77,97,465167
1.8280,0.1760,40.2000,77,97,465170
1.8328,0.1760,40.1000,77,97,465173
1.8475,0.1808,40.0600,77,97,465176
1.8377,0.1760,40.0600,77,97,465180
1.8622,0.1808,40.0600,77,97,465183
1.8328,0.1760,40.1300,77,97,465186
1.8377,0.1711,40.2000,77,97,465190
1.8671,0.1711,40.0300,77,97,465193
1.8377,0.1955,40.1000,77,97,465197
1.8622,0.1760,39.9300,77,97,465201
1.8328,0.1760,40.0300,77,97,465204
1.8231,0.1808,40.1600,77,97,465207
1.8231,0.1808,40.0600,77,97,465211
1.8035,0.1808,40.2600,77,97,465214
1.8328,0.1857,39.8900,77,97,465217
1.7791,0.1760,40.4000,77,97,465220
1.7644,0.1662,40.1600,77,97,465224
1.7449,0.1760,40.1000,77,97,465227
1.7302,0.1711,40.1600,77,97,465230
1.7693,0.1808,39.8300,77,97,465234
1.6960,0.1711,39.9600,77,97,465238
1.6764,0.1613,40.1000,77,97,465241
1.6618,0.1760,40.1000,77,97,465245
1.6373,0.1760,40.1300,77,97,465248
1.6667,0.1906,39.9600,77,97,465251
1.6178,0.1711,40.0300,77,97,465255
1.6080,0.1711,40.0000,77,97,465258
1.5836,0.1760,40.1300,77,97,465261
1.5982,0.1760,40.1000,77,97,465264
1.5934,0.1808,39.9600,77,97,465268
1.5787,0.1760,40.1000,77,97,465271
1.5689,0.1515,39.9600,77,97,465274
1.5396,0.2004,40.1300,77,97,465278
1.5640,0.1711,40.1000,77,97,465282
1.5543,0.1760,40.0600,77,97,465285
1.5445,0.2004,40.1300,77,97,465289
1.5689,0.1808,40.0000,77,97,465292
1.5445,0.1711,40.1300,77,97,465295
1.5445,0.1711,40.1000,77,97,465299
1.5543,0.1711,40.0300,77,97,465302
1.5445,0.1711,40.1300,77,97,465305
1.5787,0.1808,39.8900,77,97,465308
1.5494,0.1711,40.1300,77,97,465312
1.5591,0.1711,40.1300,77,97,465315
1.5787,0.1808,40.1300,77,97,465318
1.5689,0.1760,40.1300,77,97,465323
1.6129,0.1808,40.0300,77,97,465326
1.5934,0.1760,40.0000,77,97,465329
1.5885,0.1711,40.1000,77,97,465333
1.5982,0.2248,40.1300,77,97,465336
1.6031,0.1711,40.1300,77,97,465339
1.6569,0.1906,39.9300,77,97,465343
1.6129,0.1760,40.0600,77,97,465346
1.6178,0.1711,40.0600,77,97,465349
1.6129,0.1711,40.1600,77,97,465352
1.6227,0.1711,40.1300,77,97,465356
1.6471,0.1808,40.0000,77,97,465359
1.6276,0.1711,40.1000,77,97,465362
1.6373,0.1760,40.0600,77,97,465367
1.6227,0.1857,40.1000,77,97,465370
1.6227,0.1711,40.1600,77,97,465373
1.6422,0.1760,40.1000,77,97,465377
1.6276,0.1760,40.0300,77,97,465380
1.6471,0.1808,40.1000,77,97,465383
1.6227,0.1613,40.1000,77,97,465387
1.6276,0.1711,40.1000,77,97,465390
1.6471,0.1906,40.1000,77,97,465393
1.6276,0.1711,40.1300,77,97,465396
1.6520,0.1662,39.9300,77,97,465400
1.6471,0.1760,40.0300,77,97,465403
1.6422,0.1515,40.1000,77,97,465406
1.6520,0.1808,40.1000,77,97,465411
1.6471,0.1711,40.1000,77,97,465414
1.6862,0.1808,40.0600,77,97,465417
1.6471,0.1711,40.1000,77,97,465421
1.6471,0.1711,39.6000,77,97,465424
1.6471,0.1760,40.1000,77,97,465427
1.6422,0.1711,40.1000,77,97,465431
1.6862,0.1808,39.8300,77,97,465434
1.6422,0.1711,40.0600,77,97,465437
1.6422,0.1662,40.0600,77,97,465441
1.6422,0.1760,40.0600,77,97,465444
1.6325,0.1711,40.2300,77,97,465447
1.6764,0.1906,39.9600,77,97,465451
1.6422,0.1760,40.0600,77,97,465455
1.6422,0.1808,39.9300,77,97,465458
1.6276,0.1711,40.1300,77,97,465461
1.6276,0.1662,40.1000,77,97,465465
1.6618,0.1808,39.9600,77,97,465468
1.6227,0.1711,40.0600,77,97,465471
1.6422,0.1760,39.9600,77,97,465475
1.6178,0.1515,40.1300,77,97,465478
1.6276,0.1711,40.1300,77,97,465481
1.6422,0.1515,40.0600,77,97,465485
1.6276,0.1857,39.9600,77,97,465488
1.6716,0.1760,39.9600,77,97,465491
1.6276,0.1711,40.1600,77,97,465495
1.6373,0.1711,40.1000,77,97,465499
1.6373,0.1760,40.2600,77,97,465502
1.6276,0.1760,40.1300,77,97,465505
1.6569,0.1760,39.8900,77,97,465509
1.6471,0.1808,40.1000,77,97,465512
1.6178,0.1711,40.1300,77,97,465515
1.6276,0.1808,40.1000,77,97,465519
1.6178,0.1515,40.1000,77,97,465522
1.6618,0.1808,39.8900,77,97,465525
1.6325,0.1711,40.0300,77,97,465529
1.6227,0.1662,40.0600,77,97,465532
1.6325,0.1760,40.1000,77,97,465536
1.6227,0.1711,40.1300,77,97,465539
1.6716,0.1857,39.9300,77,97,465543
1.6325,0.1760,39.8600,77,97,465546
1.6373,0.1760,40.0600,77,97,465549
1.6373,0.1711,40.1300,77,97,465553
1.6422,0.1711,40.1000,77,97,465556
1.6813,0.1808,39.9600,77,97,465559
1.6716,0.1711,40.1300,77,97,465563
1.7155,0.1711,39.9600,77,97,465566
1.6862,0.1711,39.9600,77,97,465569
1.6960,0.1711,40.1000,77,97,465573
1.7155,0.1760,40.0600,77,97,465576
1.7155,0.1760,40.2300,77,97,465580
1.7546,0.1711,40.0000,77,97,465584
1.7253,0.1760,40.1000,77,97,465587
1.7400,0.1711,40.1000,77,97,465590
1.7644,0.1760,40.4000,77,97,465593
1.7498,0.1760,40.1000,77,97,465597
1.7742,0.1760,40.0300,77,97,465600
1.7498,0.1808,40.0000,77,97,465603
1.7546,0.1711,40.1300,77,97,465607
1.7400,0.1711,40.0300,77,97,465610
1.7595,0.1711,40.1300,77,97,465613
1.7644,0.1808,39.8600,77,97,465617
1.7155,0.1711,40.0600,77,97,465620
1.7107,0.1711,40.1300,77,97,465624
1.7058,0.1857,40.1000,77,97,465628
1.7009,0.1711,40.1300,77,97,465631
1.7400,0.1857,39.8600,77,97,465634
1.7058,0.1760,40.0600,77,97,465637
1.6813,0.1662,40.0600,77,97,465641
1.6569,0.1711,40.1000,77,97,465644
1.6471,0.1711,40.1000,77,97,465647
1.6716,0.1857,39.9600,77,97,465651
1.6667,0.1760,40.1300,77,97,465654
1.6471,0.1711,40.0000,77,97,465657
1.6227,0.1760,40.1300,77,97,465661
1.6276,0.1711,40.1300,77,97,465665
1.6569,0.1711,39.9600,77,97,465668
1.6276,0.1906,40.1000,77,97,465672
1.6520,0.1711,40.0300,77,97,465675
1.6276,0.1515,40.0600,77,97,465678
1.6325,0.1711,40.1000,77,97,465682
1.6471,0.1711,40.1000,77,97,465685
1.6422,0.2053,40.1000,77,97,465688
1.6960,0.1760,39.9300,77,97,465691
1.6373,0.1515,40.1000,77,97,465695
1.6520,0.1760,40.1300,77,97,465698
1.6618,0.1760,40.0600,77,97,465701
1.6471,0.1711,40.2000,77,97,465705
1.7107,0.1760,39.8600,77,97,465709
1.6569,0.1711,40.0600,77,97,465712
1.6764,0.1711,40.1600,77,97,465716
1.7107,0.1711,40.0000,77,97,465719
1.7644,0.1711,40.1600,77,97,465722
1.8915,0.1857,39.9600,77,97,465726
1.9453,0.1760,40.0000,77,97,465729
2.0332,0.1515,40.1000,77,97,465732
2.1261,0.1711,40.0600,77,97,465735
2.2483,0.1760,40.1000,77,97,465739
2.4242,0.1808,39.9600,77,97,465742
2.0235,0.1760,40.0600,77,97,465747
1.7498,0.1711,40.1300,77,97,465751
1.5836,0.2004,40.0300,77,97,465754
1.4663,0.1613,40.1000,77,97,465758
1.4663,0.1711,40.2300,77,97,465761
1.5005,0.1760,40.0600,77,97,465764
1.5249,0.1711,40.1000,77,97,465768
1.5738,0.1711,39.9300,77,97,465771
1.5689,0.1711,40.1600,77,97,465774
1.5787,0.1711,40.1600,77,97,465778
1.5885,0.1515,40.1000,77,97,465781
1.5787,0.1613,40.2300,77,97,465784
1.6276,0.1808,39.8600,77,97,465788
1.5982,0.1760,40.0300,77,97,465792
1.5982,0.1711,40.1300,77,97,465795
1.5982,0.1711,40.1000,77,97,465799
1.6031,0.1760,40.1300,77,97,465802
1.6520,0.1857,40.0000,77,97,465805
1.6129,0.1760,40.0600,77,97,465808
1.6178,0.1662,40.0600,77,97,465812
1.6129,0.1711,40.1000,77,97,465815
1.6129,0.1760,40.1300,77,97,465818
1.6569,0.1808,39.9300,77,97,465822
1.6373,0.1760,40.0600,77,97,465825
1.6618,0.1711,40.0000,77,97,465828
1.6520,0.1760,40.1000,77,97,465832
1.6667,0.1515,40.1300,77,97,465836
1.6911,0.1760,40.1000,77,97,465839
1.6813,0.1711,40.1000,77,97,465843
1.7107,0.1808,40.5300,77,97,465846
1.6911,0.1711,40.1000,77,97,465849
1.6960,0.1711,40.1000,77,97,465852
1.7204,0.1906,40.0000,77,97,465856
1.6960,0.1515,40.1000,77,97,465859
1.7302,0.1711,39.9300,77,97,465862
1.7204,0.1711,40.0300,77,97,465866
1.7155,0.1711,40.1300,77,97,465869
1.7351,0.1711,40.0600,77,97,465872
1.7302,0.1662,40.1000,77,97,465876
1.7742,0.1808,39.9300,77,97,465880
1.7449,0.1515,40.1000,77,97,465883
1.7449,0.1760,40.1000,77,97,465887
1.7644,0.1711,40.0600,77,97,465890
1.7595,0.1711,39.9600,77,97,465893
1.8231,0.1857,39.8300,77,97,465896
1.7791,0.1760,40.0600,77,97,465900
1.7937,0.1613,40.0600,77,97,465903
1.7937,0.1711,40.1000,77,97,465906
1.8377,0.1613,40.1300,77,97,465910
1.8524,0.1857,40.0600,77,97,465913
1.8280,0.1662,40.1000,77,97,465916
1.8573,0.1760,40.0300,77,97,465921
1.8426,0.1857,40.1000,77,97,465924
1.8524,0.1711,40.1300,77,97,465927
1.8866,0.1760,39.9300,77,97,465931
1.8622,0.1711,40.1000,77,97,465934
1.8866,0.1760,39.9600,77,97,465937
1.8719,0.1662,40.1000,77,97,465941
1.8719,0.1711,40.1000,77,97,465944
1.8915,0.1760,40.0600,77,97,465947
1.8817,0.1662,40.1300,77,97,465950
1.9110,0.1711,39.9300,77,97,465954
1.8915,0.1711,40.1000,77,97,465957
1.8866,0.1711,40.0600,77,97,465960
1.9013,0.1711,40.1000,77,97,465965
1.8817,0.1711,40.1000,77,97,465968
1.9159,0.1760,39.6400,77,97,465971
1.8768,0.1662,40.1600,77,97,465975
1.8719,0.1906,40.1300,77,97,465978
1.8866,0.1711,40.1000,77,97,465981
1.8622,0.1711,40.0600,77,97,465985
1.9110,0.1711,39.8300,77,97,465988
1.8671,0.1711,40.1000,77,97,465991
1.8377,0.1662,40.1000,77,97,465994
1.8280,0.1711,40.1000,77,97,465998
1.8084,0.1662,40.1600,77,97,466001
1.8426,0.1857,39.9300,77,97,466004
1.7840,0.1711,40.0600,77,97,466009
1.7791,0.1662,40.0300,77,97,466012
1.7449,0.1711,40.2300,77,97,466015
1.7302,0.1711,40.1000,77,97,466019
1.7302,0.1808,40.0300,77,97,466022
1.6862,0.1711,40.0600,77,97,466025
1.6862,0.1760,40.0000,77,97,466029
1.6471,0.1711,40.1600,77,97,466032
1.6373,0.1711,40.1000,77,97,466035
1.6422,0.1711,40.0600,77,97,466038
1.6227,0.1711,40.1000,77,97,466042
1.6373,0.1760,40.0000,77,97,466045
1.5982,0.1711,40.1300,77,97,466049
1.6031,0.1760,40.1300,77,97,466053
1.6178,0.1760,39.9600,77,97,466056
1.5836,0.1760,40.1300,77,97,466059
1.6178,0.1711,40.3300,77,97,466063
1.5982,0.1760,39.8900,77,97,466066
1.5934,0.1662,40.1000,77,97,466069
1.5982,0.1760,40.1000,77,97,466073
1.5885,0.1662,40.1300,77,97,466076
1.6325,0.1857,39.8900,77,97,466079
1.5982,0.1711,40.0600,77,97,466083
1.6031,0.1711,40.1000,77,97,466086
1.6031,0.1760,40.1000,77,97,466089
1.6129,0.1515,40.1300,77,97,466093
1.6716,0.1906,39.8900,77,97,466097
1.6325,0.1711,40.1000,77,97,466100
1.6422,0.1662,39.2500,77,97,466103
1.6471,0.1760,40.1000,77,97,466107
1.6471,0.1711,40.1600,77,97,466110
1.6911,0.1808,40.0300,77,97,466113
1.6667,0.1711,40.0000,77,97,466117
1.6764,0.1808,40.0000,77,97,466120
1.6667,0.1711,40.1300,77,97,466123
1.6764,0.1662,40.1000,77,97,466127
1.7058,0.1711,39.9600,77,97,466130
1.6862,0.1711,40.0600,77,97,466134
1.7204,0.1711,40.0300,77,97,466137
1.7009,0.1662,40.2000,77,97,466141
1.7058,0.1711,40.1300,77,97,466144
1.7253,0.1711,40.0600,77,97,466147
1.7155,0.1711,40.1300,77,97,466151
1.7595,0.1711,39.9300,77,97,466154
1.7253,0.1906,40.1000,77,97,466157
1.7302,0.1711,40.1300,77,97,466161
1.7449,0.1760,40.0600,77,97,466164
1.7546,0.1760,40.1000,77,97,466167
1.7791,0.1760,39.8600,77,97,466171
1.7449,0.1662,40.0600,77,97,466174
1.7449,0.1662,40.1300,77,97,466178
1.7644,0.1711,40.1600,77,97,466181
1.7595,0.1711,40.1300,77,97,466185
1.8035,0.1857,39.8900,77,97,466188
1.7644,0.1711,40.0000,77,97,466191
1.7498,0.1662,40.1300,77,97,466195
1.7400,0.1711,40.1000,77,97,466198
1.7449,0.1613,40.1600,77,97,466201
1.7840,0.1808,39.9300,77,97,466205
1.7449,0.1711,40.1000,77,97,466208
1.7546,0.1808,40.0000,77,97,466211
1.7400,0.1760,40.1000,77,97,466215
1.7302,0.1515,40.1300,77,97,466219
1.7498,0.1857,40.1000,77,97,466222
1.7253,0.1711,40.1000,77,97,466226
1.7498,0.1711,40.1000,77,97,466229
1.7155,0.1662,40.1000,77,97,466232
1.7204,0.1662,40.1600,77,97,466235
1.7253,0.1760,40.0300,77,97,466239
1.7253,0.1662,40.1300,77,97,466242
1.7449,0.1662,40.0000,77,97,466245
1.7204,0.1662,40.1000,77,97,466249
1.7204,0.1662,40.2000,77,97,466252
1.7351,0.1808,40.0000,77,97,466255
1.7107,0.1662,40.1000,77,97,466259
1.7449,0.1711,39.9300,77,97,466263
1.7302,0.1711,40.0300,77,97,466266
1.7107,0.1711,40.1300,77,97,466270
1.7204,0.1760,40.1000,77,97,466273
1.7058,0.1662,40.1300,77,97,466276
1.7644,0.1760,39.8600,77,97,466279
1.7204,0.1662,40.0600,77,97,466283
1.7253,0.1662,40.1300,77,97,466286
1.7351,0.1711,40.1000,77,97,466289
1.7302,0.1662,40.2000,77,97,466293
1.7840,0.2395,39.9300,77,97,466296
1.7351,0.1711,40.1000,77,97,466299
1.7351,0.1564,40.0300,77,97,466304
1.7253,0.1711,40.1000,77,97,466307
1.7302,0.1662,40.1600,77,97,466310
1.7693,0.1808,40.0000,77,97,466314
1.7449,0.1711,40.1000,77,97,466317
1.7595,0.1711,40.0000,77,97,466320
1.7351,0.1711,40.1600,77,97,466323
1.7351,0.1711,40.1300,77,97,466327
1.7644,0.1808,40.0000,77,97,466330
1.7449,0.1857,40.0600,77,97,466333
1.7742,0.1760,40.0000,77,97,466337
1.7498,0.1613,40.1000,77,97,466340
1.7644,0.1808,40.1300,77,97,466343
1.7937,0.1711,40.2300,77,97,466348
1.7840,0.1711,40.1000,77,97,466351
1.8280,0.1515,39.9300,77,97,466354
1.8866,0.1760,39.8600,77,97,466358
1.8426,0.1808,40.0600,77,97,466361
1.8573,0.1662,40.1300,77,97,466365
1.8573,0.1711,39.2200,77,97,466368
1.8475,0.1662,40.1300,77,97,466371
1.8915,0.1906,39.9600,77,97,466375
1.8524,0.1760,40.0600,77,97,466378
1.8377,0.1662,40.0600,77,97,466381
1.8524,0.1711,40.1000,77,97,466384
1.8133,0.1662,40.1300,77,97,466388
1.8426,0.1955,40.0300,77,97,466392
1.8035,0.1711,40.2000,77,97,466395
1.8182,0.1808,39.9600,77,97,466399
1.7840,0.1662,40.1300,77,97,466402
1.7742,0.1662,40.2000,77,97,466405
1.7791,0.1711,40.0600,77,97,466409
1.7498,0.1711,40.3300,77,97,466412
1.7840,0.1613,40.0300,77,97,466415
1.7253,0.1515,40.1000,77,97,466419
1.7302,0.1613,40.1000,77,97,466422
1.7400,0.1711,40.0600,77,97,466425
1.7253,0.1711,40.1000,77,97,466428
1.7498,0.1711,39.9300,77,97,466433
1.7155,0.1662,40.2000,77,97,466436
1.7302,0.1662,40.1300,77,97,466439
1.7546,0.1760,40.0300,77,97,466443
1.7351,0.1711,40.1000,77,97,466446
1.7889,0.1760,39.8600,77,97,466449
1.7546,0.1808,40.0000,77,97,466453
1.7400,0.1711,40.1600,77,97,466456
1.7449,0.1711,40.1300,77,97,466459
1.7400,0.1662,40.1000,77,97,466463
1.7986,0.1857,39.8600,77,97,466466
1.7546,0.1711,40.1000,77,97,466469
1.7840,0.1662,40.0600,77,97,466472
1.7644,0.1711,40.1600,77,97,466477
1.7644,0.1662,40.0300,77,97,466480
1.8133,0.1760,39.9600,77,97,466483
1.7937,0.1711,40.1600,77,97,466487
1.8377,0.1955,40.0000,77,97,466490
1.8817,0.1711,40.1600,77,97,466493
1.9648,0.1955,40.1300,77,97,466497
2.0919,0.1760,40.0600,77,97,466500
2.1750,0.1711,40.0300,77,97,466503
2.3167,0.1760,39.9600,77,97,466507
2.4194,0.1711,40.0600,77,97,466510
2.5611,0.1662,40.1000,77,97,466513
2.7175,0.1760,40.0000,77,97,466516
2.6784,0.1564,40.1300,77,97,466521
2.5611,0.1711,39.9300,77,97,466524
2.2776,0.1711,40.0300,77,97,466527
1.9941,0.1711,40.1000,77,97,466531
1.7546,0.1760,40.0600,77,97,466534
1.5836,0.1662,40.1300,77,97,466537
1.5591,0.1760,39.9600,77,97,466541
1.5347,0.1613,40.1000,77,97,466544
1.5787,0.1662,40.1300,77,97,466547
1.6373,0.1808,40.0600,77,97,466551
1.6960,0.1711,40.1000,77,97,466554
1.7351,0.1808,39.9600,77,97,466557
1.7302,0.1711,40.0600,77,97,466562
1.7107,0.1662,40.1000,77,97,466565
1.7155,0.2004,40.2000,77,97,466568
1.7204,0.1711,40.1000,77,97,466571
1.7693,0.1857,40.2300,77,97,466575
1.7351,0.1662,40.0600,77,97,466578
1.7400,0.1613,40.0300,77,97,466581
1.7400,0.1711,40.1600,77,97,466585
1.7449,0.1613,40.1600,77,97,466588
1.7791,0.1808,39.9600,77,97,466591
1.7595,0.1711,40.1000,77,97,466595
1.7791,0.1711,40.0000,77,97,466598
1.7595,0.1808,40.2300,77,97,466601
1.7742,0.1760,40.1000,77,97,466605
1.7889,0.1760,40.0600,77,97,466609
1.7742,0.1808,40.1000,77,97,466612
1.8377,0.1711,40.0000,77,97,466615
1.7742,0.1662,40.1300,77,97,466619
1.7986,0.1613,40.1000,77,97,466622
1.8035,0.1711,40.0600,77,97,466625
1.8035,0.1760,40.1000,77,97,466629
1.8377,0.1613,39.9300,77,97,466632
1.8182,0.1711,40.1300,77,97,466635
1.8280,0.1711,40.1300,77,97,466639
1.8426,0.1808,40.0600,77,97,466642
1.8524,0.1711,40.1000,77,97,466646
1.8768,0.1760,39.8900,77,97,466649
1.8524,0.1711,40.0300,77,97,466653
1.8426,0.1711,40.1300,77,97,466656
1.8475,0.1906,40.1000,77,97,466659
1.8475,0.1613,40.1300,77,97,466663
1.9110,0.1906,39.8600,77,97,466666
1.8671,0.1760,40.0600,77,97,466669
1.8671,0.1662,40.0600,77,97,466673
1.8768,0.1711,40.1000,77,97,466676
1.8768,0.1711,40.1300,77,97,466679
1.9208,0.1808,39.9300,77,97,466683
1.8915,0.1760,40.1000,77,97,466686
1.9159,0.1711,40.0000,77,97,466690
1.9013,0.1711,40.0600,77,97,466693
1.9110,0.1711,40.1000,77,97,466697
1.9404,0.1760,40.3300,77,97,466700
1.9306,0.1760,40.1000,77,97,466703
1.9648,0.1760,39.9600,77,97,466707
1.9404,0.1955,40.1600,77,97,466710
1.9501,0.1711,40.1000,77,97,466713
1.9892,0.1760,40.0000,77,97,466717
1.9795,0.1760,40.1000,77,97,466720
1.9990,0.1711,39.9300,77,97,466723
1.9795,0.1711,40.1000,77,97,466727
1.9795,0.1711,40.1000,77,97,466731
2.0332,0.1760,40.0600,77,97,466734
1.9844,0.1760,40.1300,77,97,466737
2.0235,0.1760,40.0300,77,97,466741
1.9795,0.1760,40.0600,77,97,466744
1.9795,0.1711,40.1000,77,97,466747
1.9795,0.1760,40.0600,77,97,466751
1.9648,0.1760,40.1000,77,97,466754
2.0137,0.1808,39.8300,77,97,466757
1.9648,0.1711,40.1000,77,97,466761
1.9599,0.1662,40.1000,77,97,466764
1.9599,0.1808,40.0600,77,97,466767
1.9453,0.1711,40.1300,77,97,466771
1.9941,0.1906,40.4300,77,97,466775
1.9453,0.1711,40.0600,77,97,466778
1.9306,0.1711,40.0300,77,97,466781
1.9062,0.1760,40.1000,77,97,466785
1.8915,0.1760,40.1300,77,97,466788
1.9110,0.1808,39.9300,77,97,466791
1.8573,0.1711,40.1000,77,97,466795
1.8622,0.1711,40.4300,77,97,466798
1.8182,0.1711,40.1000,77,97,466801
1.8084,0.1711,39.2200,77,97,466805
1.8182,0.1760,40.0300,77,97,466808
1.7791,0.1711,40.1300,77,97,466811
1.7937,0.2248,40.0000,77,97,466816
1.7449,0.1760,40.1000,77,97,466819
1.7400,0.1711,40.0000,77,97,466822
1.7400,0.1955,40.0300,77,97,466825
1.7204,0.1808,40.1300,77,97,466829
1.7498,0.1711,39.9300,77,97,466832
1.7107,0.1760,40.1300,77,97,466835
1.7107,0.1515,40.1300,77,97,466839
1.7253,0.1808,40.0300,77,97,466842
1.7107,0.1711,40.1000,77,97,466845
1.7546,0.1857,39.8600,77,97,466849
1.7351,0.1760,40.0000,77,97,466852
1.7204,0.1711,40.1300,77,97,466855
1.7302,0.1760,40.1000,77,97,466860
1.7253,0.1515,40.2000,77,97,466863
1.7742,0.1857,39.8900,77,97,466866
1.7302,0.1760,40.0000,77,97,466870
1.7302,0.1662,40.0600,77,97,466873
1.7302,0.1711,40.1000,77,97,466876
1.7351,0.1711,40.1000,77,97,466879
1.7840,0.1808,39.9600,77,97,466883
1.7595,0.1711,40.1000,77,97,466886
1.7742,0.1711,40.0000,77,97,466889
1.7546,0.1711,40.1000,77,97,466893
1.7595,0.1711,40.0300,77,97,466896
1.7840,0.1857,40.0600,77,97,466899
1.7693,0.1711,40.1000,77,97,466904
1.7889,0.1760,39.8900,77,97,466907
1.7693,0.1711,40.1300,77,97,466910
1.7742,0.1613,40.1600,77,97,466914
1.8035,0.1808,40.0000,77,97,466917
1.7791,0.1711,40.0000,77,97,466920
1.8084,0.1711,39.9600,77,97,466923
1.7840,0.1711,40.0600,77,97,466927
1.7889,0.1711,39.2500,77,97,466930
1.7986,0.1711,40.0300,77,97,466933
1.7937,0.1711,40.0600,77,97,466937
1.8671,0.1808,39.8900,77,97,466940
1.7986,0.1711,40.3300,77,97,466944
1.7937,0.1613,40.1300,77,97,466948
1.8035,0.1760,40.1000,77,97,466951
1.7986,0.1711,40.1000,77,97,466954
1.8475,0.1808,39.8300,77,97,466958
1.7986,0.1906,40.1000,77,97,466961
1.8035,0.1613,40.1000,77,97,466964
1.8035,0.1760,40.1600,77,97,466967
1.7840,0.1711,39.9300,77,97,466971
1.7840,0.1760,40.1300,77,97,466974
1.8133,0.1808,39.9600,77,97,466978
1.7840,0.1711,40.1000,77,97,466981
1.8133,0.1808,40.0000,77,97,466984
1.7791,0.1662,40.1000,77,97,466989
1.7791,0.2053,40.1300,77,97,466992
1.7889,0.1760,39.1900,77,97,466995
1.7791,0.1662,40.1600,77,97,466999
1.8084,0.1711,39.9600,77,97,467002
1.7791,0.1711,40.1000,77,97,467005
1.7840,0.1711,40.1600,77,97,467009
1.7937,0.1760,40.1300,77,97,467012
1.7889,0.1711,40.1300,77,97,467015
1.8182,0.1808,40.0000,77,97,467018
1.7791,0.1808,40.0300,77,97,467022
1.7840,0.1711,40.1300,77,97,467025
1.7889,0.2004,40.1000,77,97,467028
1.7791,0.1711,40.1000,77,97,467033
1.8280,0.1857,39.8900,77,97,467036
1.7889,0.1711,40.0300,77,97,467039
1.7791,0.1662,40.1000,77,97,467043
1.7840,0.1760,40.1000,77,97,467046
1.7840,0.1711,40.1000,77,97,467049
1.8280,0.1808,40.0600,77,97,467053
1.7986,0.1760,40.0300,77,97,467056
1.7986,0.1711,40.0300,77,97,467059
1.7840,0.1711,40.1600,77,97,467062
1.8084,0.1760,40.1300,77,97,467066
1.8182,0.1808,40.0000,77,97,467069
1.7937,0.1711,40.1000,77,97,467073
1.8133,0.1760,40.0000,77,97,467077
1.7840,0.1662,40.1600,77,97,467080
1.7840,0.1711,40.1300,77,97,467083
1.7937,0.2004,40.1000,77,97,467087
1.7791,0.1760,40.1000,77,97,467090
1.8035,0.1760,40.0000,77,97,467093
1.7742,0.1857,40.1000,77,97,467097
1.8035,0.1711,40.1000,77,97,467100
1.8084,0.1515,40.0300,77,97,467103
1.7840,0.1662,40.1600,77,97,467106
1.8231,0.1711,39.8900,77,97,467110
1.8035,0.1711,40.0300,77,97,467113
1.8182,0.1760,40.1000,77,97,467117
1.8084,0.1760,40.0600,77,97,467121
1.7986,0.1711,40.1000,77,97,467124
1.8426,0.1711,39.8900,77,97,467127
1.7986,0.1808,40.1000,77,97,467131
1.8182,0.1711,40.1300,77,97,467134
1.8280,0.1760,40.1000,77,97,467137
1.8328,0.1760,40.1300,77,97,467141
1.8964,0.1906,39.8600,77,97,467144
1.8524,0.1760,40.1000,77,97,467147
1.8671,0.1662,40.1000,77,97,467150
1.8671,0.1760,40.1300,77,97,467154
1.8768,0.1711,40.1000,77,97,467158
1.9257,0.1857,40.0300,77,97,467161
1.8964,0.1711,40.0600,77,97,467165
1.9159,0.1711,40.0300,77,97,467168
1.9306,0.1711,40.1600,77,97,467171
1.9110,0.1515,40.2000,77,97,467175
1.9355,0.2004,39.9300,77,97,467178
1.8915,0.1711,40.0300,77,97,467181
1.9013,0.1760,40.0000,77,97,467185
1.8524,0.1515,40.1000,77,97,467188
1.8573,0.1711,40.1300,77,97,467191
1.8622,0.1760,40.0300,77,97,467195
1.8426,0.1711,40.1300,77,97,467198
1.8622,0.1711,39.9300,77,97,467202
1.8377,0.1662,40.1000,77,97,467205
1.8280,0.1711,40.1300,77,97,467209
1.8280,0.1808,40.0600,77,97,467212
1.8035,0.1760,40.1000,77,97,467215
1.8280,0.1808,39.8900,77,97,467219
1.7742,0.1711,40.0600,77,97,467222
1.7986,0.1711,40.1300,77,97,467225
1.7693,0.1808,40.0600,77,97,467229
1.7644,0.1711,40.1000,77,97,467232
1.8182,0.1857,39.8600,77,97,467235
1.8182,0.1857,40.0300,77,97,467239
1.7791,0.1662,40.1000,77,97,467243
1.7840,0.1760,40.1000,77,97,467246
1.8035,0.1760,40.1000,77,97,467249
1.8231,0.1857,39.9300,77,97,467253
1.7889,0.1808,40.1000,77,97,467256
1.7937,0.1711,40.0300,77,97,467259
1.7889,0.1711,40.2300,77,97,467263
1.7889,0.1760,40.1600,77,97,467266
1.8182,0.1808,40.0600,77,97,467269
1.7937,0.1711,40.1000,77,97,467273
1.8182,0.1760,39.9600,77,97,467276
1.7937,0.1711,40.0600,77,97,467279
1.7986,0.1711,40.1000,77,97,467283
1.8133,0.1760,40.0300,77,97,467287
1.8231,0.1760,40.1600,77,97,467290
1.8768,0.1760,40.0000,77,97,467293
1.9013,0.1760,40.1000,77,97,467297
1.9892,0.1515,40.1300,77,97,467300
2.1017,0.1808,40.0300,77,97,467303
2.1701,0.1760,40.1300,77,97,467307
2.3069,0.1760,39.9300,77,97,467310
2.3998,0.1760,40.0300,77,97,467313
2.5269,0.1760,40.1300,77,97,467317
2.6686,0.1760,39.8900,77,97,467320
2.7224,0.1711,40.1000,77,97,467323
2.7077,0.1808,39.8600,77,97,467328
2.4242,0.1760,40.0600,77,97,467331
2.1505,0.1711,40.1600,77,97,467334
1.9013,0.1760,40.1000,77,97,467337
1.7302,0.1760,40.1000,77,97,467341
1.7058,0.1906,39.9600,77,97,467344
1.6618,0.1808,40.0600,77,97,467347
1.6862,0.1711,40.0600,77,97,467351
1.7107,0.1760,40.0300,77,97,467354
1.7546,0.1760,40.1000,77,97,467357
1.7742,0.1857,40.1000,77,97,467361
1.7449,0.1760,40.1000,77,97,467364
1.7498,0.1711,40.0300,77,97,467367
1.7351,0.1662,40.1300,77,97,467372
1.7400,0.1711,40.1300,77,97,467375
1.7693,0.1808,39.9300,77,97,467378
1.7400,0.1760,40.1000,77,97,467381
1.7644,0.1808,39.9600,77,97,467385
1.7400,0.1760,40.1000,77,97,467388
1.7449,0.1711,40.1300,77,97,467391
1.7644,0.1808,40.0300,77,97,467395
1.7595,0.1760,40.1000,77,97,467398
1.7840,0.1711,39.9600,77,97,467401
1.7644,0.1857,40.1000,77,97,467405
1.7791,0.1711,40.1600,77,97,467408
1.7889,0.1760,40.0000,77,97,467411
1.7840,0.1662,40.1300,77,97,467416
1.8280,0.1711,39.8900,77,97,467419
1.7937,0.1808,40.1000,77,97,467422
1.8084,0.1711,40.1300,77,97,467425
1.8182,0.1808,40.2600,77,97,467429
1.8182,0.1760,40.1300,77,97,467432
1.8719,0.1857,39.9300,77,97,467435
1.8768,0.1760,40.0300,77,97,467439
1.8426,0.1662,40.1000,77,97,467442
1.8573,0.1760,40.1000,77,97,467445
1.8524,0.1711,40.1000,77,97,467449
1.9062,0.1906,39.9300,77,97,467452
1.8622,0.1515,40.1300,77,97,467456
1.8719,0.1711,40.0000,77,97,467460
1.8622,0.1711,40.1000,77,97,467463
1.8719,0.1711,39.3200,77,97,467466
1.9110,0.1808,40.0000,77,97,467469
1.8915,0.1760,40.1000,77,97,467473
1.9208,0.1760,40.0000,77,97,467476
1.9208,0.1760,40.1600,77,97,467479
1.9062,0.1711,40.3000,77,97,467483
1.9208,0.1857,40.1000,77,97,467486
1.9159,0.1760,40.1000,77,97,467489
1.9550,0.1808,39.9300,77,97,467493
1.9306,0.1711,40.1000,77,97,467496
1.9453,0.1711,40.1300,77,97,467500
1.9746,0.1857,39.8900,77,97,467504
1.9599,0.1711,40.1000,77,97,467507
2.0283,0.1808,39.8900,77,97,467510
1.9844,0.1711,40.0000,77,97,467513
1.9795,0.1711,40.0300,77,97,467517
1.9990,0.1808,40.0600,77,97,467520
1.9941,0.1711,40.1300,77,97,467523
2.0528,0.1808,39.8300,77,97,467527
2.0137,0.1711,40.0300,77,97,467530
2.0186,0.1711,40.1600,77,97,467533
2.0235,0.1808,40.1000,77,97,467537
2.0283,0.1808,40.0600,77,97,467540
2.0870,0.1906,39.8300,77,97,467544
2.0283,0.1760,40.1600,77,97,467547
2.0235,0.1662,40.0600,77,97,467551
2.0235,0.1808,40.0600,77,97,467554
2.0186,0.1711,40.1300,77,97,467557
2.0674,0.1906,39.9300,77,97,467561
2.0235,0.1760,40.0600,77,97,467564
2.0186,0.1711,40.0300,77,97,467567
1.9990,0.1857,40.1000,77,97,467571
2.0039,0.1760,40.1300,77,97,467574
2.0235,0.1857,39.9600,77,97,467577
1.9159,0.1760,40.0300,77,97,467581
1.8915,0.1760,40.1000,77,97,467585
1.8964,0.1808,39.9600,77,97,467588
1.8524,0.1711,40.1000,77,97,467592
1.8328,0.1711,40.1600,77,97,467595
1.8231,0.1808,40.0600,77,97,467598
1.7986,0.1760,40.2000,77,97,467602
1.8231,0.1760,39.8900,77,97,467605
1.7742,0.1711,40.0600,77,97,467608
1.7693,0.1711,40.1300,77,97,467612
1.7595,0.1808,40.0600,77,97,467615
1.7302,0.1711,40.1300,77,97,467618
1.7742,0.1857,39.8600,77,97,467622
1.7351,0.1808,40.0000,77,97,467625
1.7204,0.1711,40.1000,77,97,467629
1.7449,0.1760,40.1000,77,97,467633
1.7155,0.1711,40.1600,77,97,467636
1.7595,0.1906,39.9300,77,97,467639
1.7204,0.1760,40.0600,77,97,467642
1.7302,0.1760,39.9600,77,97,467646
1.7155,0.1808,40.1000,77,97,467649
1.7204,0.1711,40.1300,77,97,467652
1.7449,0.1857,40.0300,77,97,467656
1.7253,0.1760,40.1000,77,97,467659
1.7449,0.1808,40.0000,77,97,467662
1.7204,0.1857,40.1000,77,97,467666
1.7351,0.1515,40.0600,77,97,467670
1.7498,0.1955,40.0600,77,97,467673
1.7498,0.1711,40.1000,77,97,467677
1.7742,0.1760,39.1600,77,97,467680
1.7449,0.1711,40.1300,77,97,467683
1.7546,0.2004,40.1600,77,97,467686
1.7791,0.1808,40.0000,77,97,467690
1.7595,0.1760,40.1300,77,97,467693
1.8035,0.1760,39.8900,77,97,467696
1.7840,0.1711,40.0300,77,97,467700
1.7840,0.1711,40.3300,77,97,467703
1.7937,0.1808,40.1000,77,97,467706
1.7889,0.1711,40.1300,77,97,467710
1.8377,0.2102,39.8600,77,97,467714
1.7937,0.1760,40.0600,77,97,467717
1.7986,0.1711,40.1300,77,97,467721
1.8084,0.1760,40.1000,77,97,467724
1.8035,0.1760,40.2300,77,97,467727
1.8573,0.2004,39.8600,77,97,467730
1.8133,0.1808,40.1000,77,97,467734
1.8182,0.1711,40.0600,77,97,467737
1.8182,0.1808,40.1000,77,97,467740
1.8133,0.1760,40.1300,77,97,467744
1.8426,0.1906,40.0000,77,97,467747
1.8328,0.1808,40.0600,77,97,467750
1.8328,0.1760,40.0000,77,97,467755
1.8133,0.1711,40.1000,77,97,467758
1.8182,0.1515,40.1000,77,97,467761
1.8475,0.1906,39.8900,77,97,467765
1.8133,0.1760,40.1300,77,97,467768
1.8475,0.1808,40.0300,77,97,467771
1.8182,0.1760,40.1300,77,97,467774
1.8231,0.1711,40.1000,77,97,467778
1.8328,0.1906,40.0300,77,97,467781
1.8280,0.1711,40.1300,77,97,467784
1.8475,0.1760,39.7300,77,97,467788
1.8475,0.1760,40.1000,77,97,467791
1.8133,0.1760,40.1300,77,97,467794
1.8280,0.1808,40.0300,77,97,467799
1.8182,0.1760,40.1000,77,97,467802
1.8573,0.1808,39.8900,77,97,467805
1.8182,0.1662,40.1000,77,97,467808
1.8231,0.1711,40.1000,77,97,467812
1.8280,0.1808,40.1000,77,97,467815
1.8084,0.1760,40.1300,77,97,467818
1.8573,0.1857,39.8300,77,97,467822
1.8182,0.1857,40.0300,77,97,467825
1.7986,0.1711,40.0600,77,97,467828
1.8035,0.1857,40.0600,77,97,467832
1.8035,0.1760,40.1000,77,97,467835
1.8622,0.1906,39.9300,77,97,467838
1.8084,0.1955,40.0600,77,97,467843
1.8133,0.1760,40.0600,77,97,467846
1.8084,0.1760,40.1300,77,97,467849
1.8035,0.1760,40.1000,77,97,467852
1.8426,0.2102,39.9600,77,97,467856
1.8133,0.1808,40.1000,77,97,467859
1.8328,0.1760,39.9600,77,97,467862
1.8035,0.1711,40.1300,77,97,467866
1.8035,0.1760,40.0600,77,97,467869
1.8231,0.1857,40.0300,77,97,467872
1.8084,0.1760,40.1000,77,97,467876
1.8328,0.1808,40.0300,77,97,467879
1.8084,0.1760,40.1000,77,97,467883
1.8133,0.1711,40.1000,77,97,467886
1.8377,0.1857,39.9600,77,97,467890
1.8182,0.1760,40.1000,77,97,467893
1.8377,0.1760,40.0000,77,97,467896
1.8133,0.2102,40.1000,77,97,467900
1.8133,0.1760,40.1300,77,97,467903
1.8231,0.2151,40.0300,77,97,467906
1.8182,0.1711,40.1000,77,97,467910
1.8524,0.1808,39.8300,77,97,467913
1.8182,0.1760,40.2300,77,97,467916
1.8231,0.1760,40.1000,77,97,467920
1.8280,0.1808,40.0600,77,97,467923
1.8231,0.1711,40.1300,77,97,467927
1.8719,0.1857,40.2000,77,97,467930
1.8280,0.1760,40.0600,77,97,467934
1.8328,0.1711,40.1000,77,97,467937
1.8328,0.1711,40.1000,77,97,467940
1.8231,0.1760,40.1300,77,97,467944
1.8719,0.1955,39.9600,77,97,467947
1.8280,0.1808,40.0600,77,97,467950
1.8280,0.1760,40.0600,77,97,467954
1.8231,0.1760,40.1000,77,97,467957
1.8328,0.1760,40.1300,77,97,467960
1.8866,0.1906,39.9300,77,97,467964
1.8671,0.1760,40.1000,77,97,467968
1.8915,0.1760,40.1300,77,97,467971
1.8817,0.1760,40.1300,77,97,467974
1.8671,0.1760,40.1000,77,97,467978
1.8964,0.1857,40.0300,77,97,467981
1.8768,0.1515,40.1300,77,97,467984
1.9110,0.1955,40.0000,77,97,467988
1.8964,0.1711,40.1000,77,97,467991
1.8817,0.1760,40.1000,77,97,467994
1.8915,0.1857,40.1000,77,97,467998
1.8768,0.1711,40.1600,77,97,468001
1.8866,0.1711,39.8900,77,97,468004
1.8475,0.1760,40.1000,77,97,468008
1.8475,0.1760,40.1600,77,97,468012
1.8573,0.1808,40.1000,77,97,468015
1.8426,0.1760,40.2000,77,97,468018
1.8964,0.1857,39.8600,77,97,468022
1.8719,0.1808,40.0300,77,97,468025
1.8622,0.2004,40.1300,77,97,468028
1.8719,0.1760,40.0600,77,97,468032
1.8622,0.1760,39.7000,77,97,468035
1.9013,0.2151,39.8600,77,97,468038
1.8377,0.1808,40.0300,77,97,468042
1.8231,0.1808,40.0600,77,97,468045
1.8377,0.1711,40.1000,77,97,468048
1.8035,0.1760,40.2000,77,97,468052
1.8475,0.1857,39.9600,77,97,468056
1.8133,0.1515,40.1000,77,97,468059
1.8231,0.1808,40.0000,77,97,468062
1.8084,0.1760,40.1000,77,97,468066
1.8084,0.1711,40.0000,77,97,468069
1.8377,0.1857,40.0600,77,97,468072
1.8133,0.1760,40.1000,77,97,468076
1.8377,0.1808,40.0300,77,97,468079
1.8182,0.1760,40.1300,77,97,468082
1.8231,0.1760,40.1300,77,97,468086
1.8524,0.1808,40.0000,77,97,468089
1.8231,0.1760,40.1300,77,97,468092
1.8475,0.1760,39.9600,77,97,468097
1.8280,0.1711,40.0300,77,97,468100
1.8280,0.1760,40.0000,77,97,468103
1.8426,0.1760,40.0300,77,97,468106
1.8377,0.1515,40.1300,77,97,468110
1.8915,0.1906,39.8900,77,97,468113
1.8964,0.1711,40.1000,77,97,468116
1.9550,0.1760,40.0300,77,97,468120
2.0479,0.1857,40.1000,77,97,468123
2.1457,0.1760,40.1300,77,97,468126
2.2825,0.1857,39.9600,77,97,468130
2.3460,0.1711,40.0600,77,97,468133
2.4585,0.1711,40.1000,77,97,468136
2.5953,0.1906,40.1000,77,97,468141
2.7077,0.1760,40.1300,77,97,468144
2.8006,0.1906,39.9300,77,97,468147
2.6002,0.1906,40.1000,77,97,468150
2.3460,0.1711,40.1000,77,97,468154
2.0723,0.1760,40.0600,77,97,468157
1.8377,0.1760,40.1300,77,97,468160
1.7400,0.1857,39.9300,77,97,468164
1.6569,0.1906,40.0600,77,97,468167
1.6764,0.1857,40.0300,77,97,468170
1.6862,0.1760,40.1000,77,97,468174
1.7155,0.1760,40.3300,77,97,468177
1.7498,0.1808,40.0000,77,97,468180
1.7449,0.1760,40.1300,77,97,468184
1.7693,0.1808,39.9600,77,97,468188
1.7449,0.1711,40.1000,77,97,468191
1.7791,0.1711,40.1300,77,97,468195
1.7546,0.1760,40.2600,77,97,468198
1.7644,0.1857,40.0600,77,97,468201
1.7498,0.1760,40.1300,77,97,468205
1.7986,0.1857,39.8600,77,97,468208
1.7644,0.1808,40.0600,77,97,468211
1.7644,0.1760,40.1300,77,97,468215
1.7986,0.1760,40.1000,77,97,468218
1.7840,0.1711,40.1300,77,97,468221
1.8426,0.1906,39.8600,77,97,468226
1.7986,0.1515,40.1000,77,97,468229
1.8035,0.1711,40.0600,77,97,468232
1.8035,0.1760,40.0600,77,97,468235
1.8182,0.1711,40.1000,77,97,468239
1.8524,0.1906,40.0300,77,97,468242
1.8231,0.1808,40.1000,77,97,468245
1.8475,0.1760,40.0300,77,97,468249
1.8328,0.2053,40.1600,77,97,468252
1.8377,0.1711,40.1300,77,97,468255
1.8671,0.2151,40.0600,77,97,468259
1.8573,0.1711,40.1000,77,97,468262
1.8866,0.1808,40.0000,77,97,468265
1.8817,0.1857,40.1000,77,97,468270
1.8768,0.1760,40.1300,77,97,468273
1.9013,0.1857,40.1000,77,97,468276
1.8768,0.1760,40.1600,77,97,468279
1.9013,0.1760,39.9300,77,97,468283
1.9013,0.1760,40.0600,77,97,468286
1.8915,0.1760,40.1000,77,97,468289
1.9110,0.1857,40.1000,77,97,468293
1.9062,0.1711,40.1300,77,97,468296
1.9501,0.1808,39.8300,77,97,468299
1.9404,0.1711,40.1000,77,97,468303
1.9208,0.1760,40.1000,77,97,468306
1.9453,0.1808,40.1000,77,97,468310
1.9404,0.1760,40.0600,77,97,468313
1.9990,0.1857,39.8600,77,97,468317
1.9599,0.1760,40.0000,77,97,468320
1.9648,0.1760,40.1000,77,97,468323
1.9697,0.1808,40.1000,77,97,468327
1.9746,0.2151,40.1600,77,97,468330
2.0430,0.1955,39.9600,77,97,468333
1.9990,0.1857,40.1000,77,97,468337
1.9990,0.1760,40.0600,77,97,468340
1.9990,0.1760,39.3800,77,97,468343
2.0039,0.1906,40.1000,77,97,468347
2.0528,0.1808,39.9300,77,97,468350
2.0088,0.1808,40.1000,77,97,468354
2.0283,0.1760,40.0000,77,97,468357
2.0088,0.1760,40.2000,77,97,468361
2.0039,0.1760,40.1300,77,97,468364
2.0235,0.1808,40.0000,77,97,468367
2.0039,0.1760,40.1000,77,97,468371
2.0235,0.1808,39.9600,77,97,468374
1.9892,0.1760,40.0300,77,97,468377
1.9941,0.1711,40.1300,77,97,468380
1.9892,0.1857,40.0600,77,97,468384
1.9648,0.1711,40.1000,77,97,468387
1.9892,0.1760,40.0000,77,97,468390
1.9404,0.1760,40.1000,77,97,468395
1.9306,0.1760,40.1300,77,97,468398
1.9355,0.1857,40.0000,77,97,468401
1.8866,0.1711,40.1000,77,97,468405
1.9159,0.1808,39.8900,77,97,468408
1.8719,0.1760,40.0300,77,97,468411
1.8426,0.1760,40.1300,77,97,468415
1.8377,0.1857,40.0600,77,97,468418
1.8035,0.1760,40.1000,77,97,468421
1.8328,0.1857,39.8900,77,97,468424
1.8035,0.1808,40.0300,77,97,468428
1.7595,0.1760,40.1000,77,97,468431
1.7498,0.1808,40.1000,77,97,468434
1.7351,0.1760,40.1000,77,97,468439
1.7791,0.1906,39.8900,77,97,468442
1.7253,0.1955,40.0600,77,97,468445
1.7253,0.1760,40.1000,77,97,468449
1.7155,0.1808,40.2000,77,97,468452
1.7155,0.1760,40.1300,77,97,468455
1.7400,0.1906,40.0000,77,97,468459
1.7204,0.1808,40.1300,77,97,468462
1.7204,0.1760,40.1000,77,97,468465
1.7107,0.1760,40.1300,77,97,468468
1.7107,0.1760,40.2000,77,97,468472
1.7449,0.1955,39.9600,77,97,468475
1.7204,0.1760,40.0000,77,97,468478
1.7449,0.2004,39.9600,77,97,468483
1.7546,0.1857,40.1600,77,97,468486
1.7253,0.1760,40.1300,77,97,468489
1.7449,0.1857,40.1000,77,97,468493
1.7449,0.1760,40.1000,77,97,468496
1.7742,0.1760,40.0000,77,97,468499
1.7449,0.2053,40.1000,77,97,468502
1.7498,0.1711,40.1300,77,97,468506
1.7644,0.1808,40.0600,77,97,468509
1.7546,0.1808,40.1600,77,97,468512
1.7889,0.1808,39.9300,77,97,468516
1.7644,0.1760,40.1600,77,97,468519
1.7791,0.1711,40.1300,77,97,468523
1.8035,0.2053,40.0600,77,97,468527
1.7791,0.1760,40.1300,77,97,468530
1.8328,0.1857,39.9600,77,97,468533
1.8084,0.1906,40.0000,77,97,468536
1.8182,0.1808,40.2300,77,97,468540
1.8035,0.1760,40.2000,77,97,468543
1.8084,0.1760,40.1300,77,97,468546
1.8671,0.2004,39.8900,77,97,468550
1.8231,0.1808,40.2600,77,97,468553
1.8182,0.1760,40.1000,77,97,468556
1.8182,0.1808,40.1000,77,97,468560
1.8231,0.1760,40.1000,77,97,468563
1.8622,0.2297,39.9300,77,97,468567
1.8280,0.1808,40.1000,77,97,468571
1.8475,0.1760,40.0300,77,97,468574
1.8280,0.1760,40.1600,77,97,468577
1.8280,0.1760,40.1000,77,97,468580
1.8524,0.1857,40.1000,77,97,468584
1.8377,0.2199,40.1600,77,97,468587
1.8475,0.1808,39.9600,77,97,468590
1.8231,0.1760,40.1300,77,97,468594
1.8280,0.1808,40.1300,77,97,468597
1.8524,0.1857,40.0300,77,97,468600
1.8182,0.1857,40.1000,77,97,468604
1.8426,0.1711,39.9600,77,97,468608
1.8133,0.1760,40.0600,77,97,468611
1.8133,0.1760,40.1000,77,97,468614
1.8231,0.1808,40.0300,77,97,468618
1.8133,0.2004,40.1600,77,97,468621
1.8817,0.1808,39.8900,77,97,468624
1.8182,0.1760,40.4700,77,97,468628
1.8231,0.1808,40.1600,77,97,468631
1.8231,0.1808,40.1000,77,97,468634
1.8084,0.1760,40.1300,77,97,468638
1.8524,0.1808,39.8600,77,97,468641
1.8084,0.1760,40.2300,77,97,468644
1.8084,0.1760,40.1300,77,97,468648
1.8133,0.1808,40.0300,77,97,468652
1.8035,0.1760,40.1300,77,97,468655
1.8573,0.1955,39.8600,77,97,468658
1.8231,0.1808,40.1300,77,97,468662
1.8084,0.1955,40.1000,77,97,468665
1.8084,0.1515,40.1000,77,97,468668
1.8133,0.1760,40.1000,77,97,468672
1.8719,0.1711,39.9300,77,97,468675
1.8133,0.1808,40.1300,77,97,468678
1.8475,0.1760,40.0000,77,97,468682
1.8084,0.1760,40.1000,77,97,468685
1.8035,0.1760,40.1000,77,97,468688
1.8280,0.1711,40.0000,77,97,468692
1.8035,0.1760,40.1000,77,97,468696
1.8280,0.1808,40.0300,77,97,468699
1.7986,0.1906,40.1000,77,97,468702
1.8035,0.1760,40.1300,77,97,468706
1.8084,0.1808,40.0000,77,97,468709
1.8035,0.2053,40.1600,77,97,468712
1.8328,0.1857,39.9600,77,97,468716
1.7937,0.1760,39.9600,77,97,468719
1.7986,0.1760,40.2300,77,97,468722
1.8182,0.1857,40.0300,77,97,468726
1.7986,0.1711,40.1600,77,97,468729
1.8426,0.1808,39.9600,77,97,468732
1.8182,0.1808,40.0000,77,97,468736
1.8084,0.1760,40.1300,77,97,468740
1.8133,0.1808,40.1300,77,97,468743
1.8133,0.1760,40.1300,77,97,468746
1.8426,0.1857,39.8600,77,97,468750
1.7889,0.1760,40.0600,77,97,468753
1.7840,0.1515,40.1300,77,97,468756
1.7840,0.1808,40.1000,77,97,468760
1.7937,0.1760,40.1300,77,97,468763
1.8475,0.1906,39.9600,77,97,468766
1.8280,0.1857,40.1000,77,97,468770
1.8280,0.1711,40.0300,77,97,468773
1.8231,0.1808,40.1600,77,97,468776
1.8231,0.1760,40.1300,77,97,468780
1.8573,0.1906,40.0000,77,97,468784
1.8377,0.1857,40.1000,77,97,468787
1.8475,0.1808,40.0300,77,97,468790
1.8280,0.1857,40.1000,77,97,468794
1.8573,0.1760,40.1300,77,97,468797
1.8719,0.1906,40.0000,77,97,468800
1.8133,0.1808,40.1600,77,97,468804
1.8328,0.1760,40.1000,77,97,468807
1.8524,0.1808,39.8900,77,97,468811
1.8231,0.1760,40.1000,77,97,468814
1.8280,0.1760,40.1300,77,97,468817
1.8280,0.1808,39.9600,77,97,468822
1.8133,0.1760,40.0600,77,97,468825
1.8817,0.1808,39.8600,77,97,468828
1.8084,0.1760,40.1000,77,97,468831
1.7986,0.1760,40.1000,77,97,468835
1.8133,0.1857,40.1000,77,97,468838
1.7791,0.1760,40.1000,77,97,468841
1.8280,0.1955,39.8900,77,97,468845
1.7937,0.1857,40.0600,77,97,468848
1.7840,0.1760,40.0600,77,97,468851
1.7742,0.1711,40.1600,77,97,468855
1.7791,0.1760,39.9300,77,97,468858
1.8133,0.1955,39.9300,77,97,468861
1.7791,0.1808,40.3300,77,97,468866
1.8035,0.1760,40.0000,77,97,468869
1.7791,0.1760,40.1000,77,97,468872
1.7840,0.1760,40.2000,77,97,468875
1.8084,0.1857,40.0300,77,97,468879
1.7937,0.1760,40.1300,77,97,468882
1.8182,0.1808,40.0000,77,97,468885
1.7889,0.2004,40.1000,77,97,468889
1.7986,0.1857,40.1000,77,97,468892
1.8084,0.1808,40.0600,77,97,468895
1.8035,0.1760,40.1300,77,97,468899
1.8328,0.1955,39.9300,77,97,468902
1.8231,0.1515,40.1000,77,97,468905
1.8622,0.1760,40.1600,77,97,468909
1.9501,0.1857,40.0300,77,97,468913
2.0186,0.1808,40.1300,77,97,468916
2.1848,0.1857,39.8900,77,97,468919
2.2287,0.1857,39.9600,77,97,468923
2.3314,0.1760,40.1600,77,97,468926
2.4780,0.1808,39.3500,77,97,468929
2.6002,0.1760,40.1600,77,97,468933
2.7566,0.1906,39.8600,77,97,468936
2.6442,0.1760,40.2600,77,97,468939
2.4438,0.1808,40.1000,77,97,468943
2.1799,0.1808,40.1000,77,97,468946
1.9013,0.1760,40.0300,77,97,468950
1.7204,0.2053,39.8900,77,97,468953
1.5445,0.1808,40.1000,77,97,468957
1.5103,0.1711,40.2600,77,97,468960
1.5396,0.1760,40.1000,77,97,468963
1.5836,0.1760,40.0600,77,97,468967
1.6618,0.1711,40.0300,77,97,468970
1.6764,0.1808,40.0600,77,97,468973
1.7155,0.1808,39.9300,77,97,468977
1.7058,0.1808,40.1000,77,97,468980
1.7204,0.1760,39.3200,77,97,468983
1.7498,0.1906,39.9600,77,97,468986
1.7155,0.1808,40.1600,77,97,468990
1.7400,0.1906,40.1000,77,97,468994
1.7546,0.1711,40.1000,77,97,468997
1.7253,0.1760,40.2300,77,97,469001
1.7400,0.1808,40.0600,77,97,469004
1.7351,0.1760,40.1600,77,97,469007
1.7644,0.1955,39.9300,77,97,469011
1.7400,0.1760,40.1000,77,97,469014
1.7449,0.1760,40.0000,77,97,469017
1.7546,0.1906,40.1000,77,97,469021
1.7498,0.1711,40.1000,77,97,469024
1.7986,0.1857,39.9600,77,97,469027
1.7791,0.1711,40.1000,77,97,469030
1.7742,0.1760,40.2300,77,97,469035
1.7889,0.1760,40.1000,77,97,469038
1.7840,0.1760,40.1000,77,97,469041
1.8377,0.2151,39.8600,77,97,469045
1.8084,0.1711,40.0300,77,97,469048
1.8035,0.1711,40.1000,77,97,469051
1.8084,0.1760,40.1000,77,97,469055
1.8084,0.1711,40.1300,77,97,469058
1.8719,0.1906,40.0000,77,97,469061
1.8280,0.1760,40.0600,77,97,469065
1.8426,0.1711,40.0000,77,97,469068
1.8328,0.1808,40.2300,77,97,469071
1.8328,0.1857,40.1000,77,97,469074
1.8671,0.1857,40.0600,77,97,469079
1.8475,0.1808,40.1000,77,97,469082
1.8768,0.1857,40.0000,77,97,469085
1.8524,0.1808,40.1300,77,97,469089
1.8671,0.1808,40.1000,77,97,469092
1.8964,0.1808,40.0600,77,97,469095
1.8866,0.1760,40.1600,77,97,469099
1.9208,0.1857,40.1000,77,97,469102
1.8964,0.1760,40.1000,77,97,469105
1.9062,0.1760,39.3800,77,97,469108
1.9404,0.1857,40.0000,77,97,469112
1.9257,0.1760,40.1000,77,97,469115
1.9550,0.1808,39.9300,77,97,469118
1.9550,0.1808,40.0600,77,97,469123
1.9453,0.1711,40.0300,77,97,469126
1.9941,0.1808,40.0300,77,97,469129
1.9599,0.1760,40.1300,77,97,469133
2.0088,0.1857,39.8600,77,97,469136
1.9844,0.1760,40.1000,77,97,469139
1.9795,0.1711,40.1000,77,97,469142
1.9892,0.1808,40.0600,77,97,469146
2.0137,0.1711,40.1000,77,97,469149
2.0381,0.1857,39.8300,77,97,469152
1.9892,0.1857,40.1000,77,97,469156
2.0088,0.1760,40.1000,77,97,469159
1.9892,0.1515,40.1000,77,97,469163
1.9795,0.1808,40.1000,77,97,469167
2.0381,0.1906,39.9600,77,97,469170
1.9844,0.1808,40.1300,77,97,469173
1.9795,0.1760,40.0300,77,97,469177
1.9648,0.1808,40.1000,77,97,469180
1.9550,0.1760,40.2300,77,97,469183
1.9892,0.1808,39.9600,77,97,469186
1.9355,0.1808,40.1000,77,97,469190
1.9453,0.2053,40.0000,77,97,469193
1.9110,0.1760,40.1000,77,97,469196
1.8964,0.1760,40.2000,77,97,469200
1.9013,0.1906,40.0600,77,97,469203
1.8671,0.1808,40.1000,77,97,469207
1.8768,0.1857,40.3000,77,97,469211
1.8231,0.1808,40.1000,77,97,469214
1.8084,0.1760,40.1300,77,97,469217
1.7937,0.1808,40.3300,77,97,469220
1.7693,0.1808,40.1000,77,97,469224
1.7693,0.1711,39.9300,77,97,469227
1.7302,0.1760,40.1000,77,97,469230
1.7204,0.1760,40.1000,77,97,469234
1.7155,0.1857,40.3000,77,97,469237
1.6960,0.1857,40.1300,77,97,469240
1.7155,0.1857,39.8900,77,97,469244
1.6813,0.2053,40.0300,77,97,469248
1.6618,0.1760,40.1300,77,97,469251
1.6764,0.1857,40.1000,77,97,469255
1.6667,0.1760,40.1000,77,97,469258
1.7058,0.1906,39.9600,77,97,469261
1.6862,0.1711,40.0300,77,97,469264
1.6618,0.1711,40.1000,77,97,469268
1.6667,0.1857,40.1000,77,97,469271
1.6667,0.1760,40.1300,77,97,469274
1.7155,0.1906,40.2600,77,97,469278
1.6764,0.1760,40.1300,77,97,469281
1.6911,0.1760,40.0600,77,97,469284
1.6764,0.1906,40.1000,77,97,469288
1.6813,0.1760,40.1300,77,97,469292
1.7058,0.1857,39.9300,77,97,469295
1.6911,0.1808,40.1000,77,97,469299
1.7107,0.1808,40.0000,77,97,469302
1.6911,0.1711,40.1000,77,97,469305
1.7009,0.1711,40.1000,77,97,469308
1.7400,0.1857,40.4000,77,97,469312
1.7400,0.1760,40.1000,77,97,469315
1.7449,0.1760,40.0000,77,97,469318
1.7253,0.1760,40.0300,77,97,469322
1.7351,0.1760,40.1300,77,97,469325
1.7498,0.1808,39.9600,77,97,469328
1.7400,0.1857,40.1300,77,97,469332
1.7791,0.1808,39.8900,77,97,469336
1.7498,0.1760,40.0600,77,97,469339
1.7546,0.1808,40.1300,77,97,469343
1.7742,0.1808,40.0600,77,97,469346
1.7644,0.1760,40.2300,77,97,469349
1.8084,0.1857,39.9300,77,97,469352
1.7693,0.1760,40.2000,77,97,469356
1.7791,0.1711,40.1300,77,97,469359
1.7889,0.1808,40.1000,77,97,469362
1.7840,0.1711,40.1000,77,97,469366
1.8475,0.1955,39.8600,77,97,469369
1.8133,0.1808,40.0000,77,97,469372
1.7937,0.1760,40.0600,77,97,469377
1.7937,0.1808,40.1300,77,97,469380
1.7937,0.1760,40.2000,77,97,469383
1.8377,0.1857,39.9300,77,97,469386
1.7986,0.1808,40.1000,77,97,469390
1.8084,0.1760,40.1300,77,97,469393
1.7937,0.1760,40.1300,77,97,469396
1.7986,0.1760,40.1300,77,97,469400
1.8280,0.1857,40.0300,77,97,469403
1.8084,0.1760,40.1000,77,97,469406
1.8377,0.1808,39.9600,77,97,469410
1.8133,0.1760,40.0600,77,97,469413
1.9355,0.1711,40.1000,77,97,469417
2.0137,0.1711,40.1300,77,97,469421
2.1408,0.1857,40.1300,77,97,469424
2.2532,0.1760,40.1300,77,97,469428
2.4291,0.1857,39.8600,77,97,469431
2.5269,0.1808,40.0000,77,97,469434
2.6344,0.1857,40.1000,77,97,469437
2.7224,0.1808,40.0000,77,97,469441
2.7761,0.1760,40.1600,77,97,469444
2.8983,0.1711,39.8600,77,97,469447
2.8495,0.1808,40.0300,77,97,469451
2.8592,0.1760,40.0600,77,97,469454
2.8886,0.1808,40.1300,77,97,469457
2.9277,0.1760,40.1300,77,97,469462
3.0499,0.2053,39.9300,77,97,469465
3.0938,0.1711,40.1000,77,97,469468
3.1378,0.1760,40.0300,77,97,469471
3.1867,0.1808,40.0600,77,97,469475
3.2551,0.1711,40.1600,77,97,469478
3.3920,0.1857,40.0000,77,97,469481
3.4653,0.1857,40.1000,77,97,469485
3.6657,0.1711,40.0000,77,97,469488
3.7292,0.2199,40.1600,77,97,469491
3.8563,0.1808,40.1300,77,97,469495
3.9785,0.1906,40.0000,77,97,469498
3.8661,0.1760,40.1000,77,97,469501
3.7292,0.1711,40.0000,77,97,469506
3.3578,0.1760,40.1000,77,97,469509
2.9814,0.1760,40.1300,77,97,469512
2.6246,0.1808,40.0300,77,97,469515
2.2190,0.1760,40.1300,77,97,469519
1.8377,0.1711,39.9300,77,97,469522
1.4272,0.1760,40.0000,77,97,469525
1.1584,0.1760,40.1300,77,97,469529
0.9580,0.1808,40.0600,77,97,469532
0.8211,0.1760,40.1300,77,97,469535
0.7527,0.1857,39.0300,77,97,469539
0.6940,0.1711,40.1300,77,97,469542
0.6745,0.1760,40.1300,77,97,469545
0.6598,0.1857,40.0000,77,97,469549
0.6598,0.1760,40.1000,77,97,469553
0.6940,0.1857,39.8600,77,97,469556
0.6940,0.1808,40.0300,77,97,469559
0.7136,0.1711,40.1000,77,97,469563
0.7429,0.1808,40.0600,77,97,469566
0.7625,0.1760,40.1000,77,97,469569
0.8211,0.2493,39.8900,77,97,469573
0.8162,0.1808,40.1000,77,97,469576
0.8162,0.1760,40.0600,77,97,469579
0.8504,0.1808,40.1000,77,97,469582
0.8749,0.1857,40.1300,77,97,469586
0.9140,0.1906,40.0600,77,97,469590
0.9286,0.1808,40.1300,77,97,469593
0.9629,0.1808,40.0000,77,97,469597
0.9873,0.1760,40.1000,77,97,469600
0.9922,0.1760,40.0300,77,97,469603
1.0215,0.1906,40.1000,77,97,469607
1.0215,0.1662,40.2300,77,97,469610
1.0459,0.1808,39.9600,77,97,469613
1.0313,0.1760,40.1300,77,97,469616
1.0362,0.1857,40.1300,77,97,469620
1.0557,0.1906,40.0000,77,97,469623
1.0264,0.1906,40.1000,77,97,469626
1.0411,0.2053,40.0000,77,97,469630
1.0068,0.1808,40.0300,77,97,469634
1.0166,0.1760,40.1300,77,97,469637
1.0215,0.1808,40.0000,77,97,469640
1.0117,0.1906,40.1600,77,97,469644
1.0264,0.1857,39.9300,77,97,469647
1.0068,0.1760,40.1000,77,97,469650
1.0068,0.1760,40.0600,77,97,469654
1.0068,0.1857,40.1000,77,97,469657
0.9922,0.1857,40.1000,77,97,469660
1.0166,0.1808,39.8900,77,97,469664
0.9971,0.1760,40.0300,77,97,469667
1.0068,0.1711,40.1000,77,97,469670
1.0166,0.1808,40.1000,77,97,469673
1.0117,0.1808,40.2000,77,97,469678
1.0606,0.1906,39.8300,77,97,469681
1.0508,0.1906,40.0300,77,97,469684
1.0606,0.1808,40.1300,77,97,469688
1.0802,0.1808,40.2000,77,97,469691
1.0997,0.1760,40.2300,77,97,469694
1.1632,0.2102,39.8900,77,97,469697
1.1632,0.1857,40.1600,77,97,469701
1.1975,0.2004,40.0600,77,97,469704
1.2708,0.1808,40.1300,77,97,469707
1.2854,0.1760,40.2000,77,97,469711
1.3636,0.1906,40.0000,77,97,469714
1.3978,0.1711,40.1000,77,97,469718
1.4565,0.1808,40.2300,77,97,469722
1.4956,0.1711,40.1000,77,97,469725
1.5543,0.1760,40.1600,77,97,469728
1.6276,0.1711,40.0600,77,97,469732
1.6764,0.1906,40.3300,77,97,469735
1.7595,0.1857,40.0000,77,97,469738
1.7937,0.1808,40.4000,77,97,469742
1.8573,0.1760,40.1300,77,97,469745
1.9453,0.1857,40.0000,77,97,469748
1.9648,0.1808,40.1600,77,97,469751
2.0479,0.1760,39.9300,77,97,469755
2.0772,0.1808,40.0300,77,97,469758
2.1163,0.1808,40.1300,77,97,469762
2.1652,0.1857,40.0600,77,97,469766
2.1848,0.1808,40.1300,77,97,469769
2.2581,0.1857,39.8900,77,97,469772
2.2336,0.1760,40.1000,77,97,469776
2.2434,0.1760,40.1300,77,97,469779
2.2727,0.1857,40.1300,77,97,469782
2.2581,0.1808,40.2600,77,97,469785
2.3216,0.1955,39.8300,77,97,469789
2.2630,0.1808,40.1600,77,97,469792
2.2581,0.1760,40.1000,77,97,469795
2.2581,0.1711,40.1000,77,97,469799
2.2385,0.1857,40.1600,77,97,469803
2.3265,0.1955,39.9600,77,97,469806
2.2385,0.1857,40.0600,77,97,469810
2.2190,0.2004,40.1000,77,97,469813
2.1994,0.1808,40.1300,77,97,469816
2.1848,0.1760,40.2300,77,97,469820
2.2092,0.1808,39.9600,77,97,469823
2.1603,0.1808,40.1300,77,97,469826
2.1750,0.1808,40.0000,77,97,469829
2.1359,0.1857,40.1300,77,97,469833
2.1359,0.1711,40.1600,77,97,469836
2.1408,0.1906,40.0300,77,97,469839
2.1163,0.1808,40.1000,77,97,469843
2.1408,0.1857,40.0000,77,97,469847
2.0919,0.1808,39.4100,77,97,469850
2.0821,0.1662,40.1000,77,97,469854
2.0870,0.1808,40.0600,77,97,469857
2.0723,0.1808,40.1300,77,97,469860
2.0870,0.1808,40.0600,77,97,469863
2.0528,0.1711,40.1000,77,97,469867
2.0870,0.1857,40.1000,77,97,469870
2.0723,0.1857,40.0300,77,97,469873
2.0381,0.2004,40.1000,77,97,469877
2.0772,0.1955,39.8900,77,97,469880
2.0381,0.1857,40.0300,77,97,469883
2.0186,0.1760,40.2300,77,97,469886
2.0235,0.1857,40.0600,77,97,469891
2.0137,0.1808,40.1000,77,97,469894
2.0479,0.1857,39.8600,77,97,469897
1.9941,0.1808,40.1000,77,97,469901
1.9795,0.1760,40.1300,77,97,469904
1.9795,0.1857,40.1300,77,97,469907
1.9648,0.1711,40.1000,77,97,469911
2.0186,0.1906,40.4000,77,97,469914
1.9599,0.1857,40.0600,77,97,469917
1.9648,0.1711,40.0600,77,97,469921
1.9550,0.1808,40.1000,77,97,469924
1.9501,0.1711,40.1300,77,97,469927
1.9892,0.1906,40.1300,77,97,469931
1.9599,0.1760,40.1000,77,97,469935
1.9599,0.1808,40.0000,77,97,469938
1.9404,0.1857,40.1000,77,97,469941
1.9355,0.1857,40.1300,77,97,469945
1.9648,0.1906,40.0000,77,97,469948
1.9306,0.1808,40.1000,77,97,469951
1.9501,0.1857,40.1300,77,97,469955
1.9306,0.1760,40.1000,77,97,469958
1.9159,0.1711,40.1000,77,97,469961
1.9208,0.2199,40.0600,77,97,469965
1.9159,0.1711,40.1000,77,97,469968
1.9306,0.1808,39.9300,77,97,469971
1.8964,0.1662,40.1000,77,97,469975
1.8964,0.1808,40.1000,77,97,469979
1.9062,0.1857,40.2000,77,97,469982
1.8915,0.1808,40.2300,77,97,469985
1.9306,0.1857,39.8900,77,97,469989
1.8817,0.1760,40.1000,77,97,469992
1.8817,0.1808,40.1000,77,97,469995
1.8964,0.1906,40.1000,77,97,469999
1.8768,0.1808,40.1000,77,97,470002
1.9257,0.1906,39.8900,77,97,470005
1.8866,0.2102,40.0300,77,97,470009
1.8671,0.1711,40.1000,77,97,470012
1.8671,0.1808,40.1000,77,97,470016
1.8573,0.1711,40.1000,77,97,470019
1.9110,0.1906,39.9300,77,97,470023
1.8768,0.1711,40.0600,77,97,470027
1.8573,0.1808,40.1000,77,97,470030
1.8817,0.1857,40.2600,77,97,470033
1.8719,0.1808,40.1300,77,97,470036
1.8573,0.1711,40.3000,77,97,470040
1.8671,0.1808,40.0600,77,97,470043
1.8524,0.1808,40.1300,77,97,470046
1.8866,0.1808,39.9300,77,97,470050
1.8622,0.1808,40.1000,77,97,470053
1.8622,0.1808,40.1000,77,97,470056
1.8768,0.1906,40.0600,77,97,470061
1.8573,0.1808,40.1300,77,97,470064
1.9355,0.1711,39.8600,77,97,470067
1.8817,0.1857,40.1600,77,97,470071
1.8622,0.1808,40.1000,77,97,470074
1.8719,0.1808,40.1600,77,97,470077
1.8622,0.1808,40.1000,77,97,470080
1.9110,0.2053,39.8300,77,97,470084
1.8671,0.1906,40.0600,77,97,470087
1.8573,0.1857,40.0600,77,97,470090
1.8524,0.1808,40.1300,77,97,470094
1.8475,0.1808,40.0600,77,97,470097
1.9013,0.2004,39.9600,77,97,470100
1.8524,0.1760,40.1000,77,97,470105
1.8671,0.1857,40.0000,77,97,470108
1.8524,0.1808,40.1300,77,97,470111
1.8475,0.1857,40.1300,77,97,470115
1.8768,0.1906,40.0600,77,97,470118
1.8573,0.1808,40.1000,77,97,470121
1.8768,0.1857,39.9600,77,97,470124
1.8524,0.1808,40.2300,77,97,470128
1.8524,0.1760,40.1300,77,97,470131
1.8817,0.1906,40.0000,77,97,470134
1.8524,0.1808,40.1300,77,97,470138
1.8964,0.1857,40.0000,77,97,470141
1.8475,0.1760,40.0600,77,97,470145
1.8475,0.1760,40.1600,77,97,470149
1.8573,0.1515,40.0300,77,97,470152
1.8426,0.1857,40.1000,77,97,470155
1.8817,0.1711,39.8900,77,97,470159
1.8475,0.1808,40.1000,77,97,470162
1.8475,0.2102,40.1300,77,97,470165
1.8573,0.1808,40.1000,77,97,470168
1.8475,0.1808,40.1000,77,97,470172
1.8964,0.2053,39.8600,77,97,470175
1.8524,0.1808,40.1600,77,97,470178
1.8573,0.1808,40.1300,77,97,470182
1.8671,0.1808,40.1000,77,97,470185
1.8475,0.1711,40.1000,77,97,470189
1.9013,0.2004,39.9300,77,97,470193
1.8622,0.1857,40.2000,77,97,470196
1.8524,0.1857,40.1000,77,97,470199
1.8426,0.1808,40.1600,77,97,470203
1.8426,0.2004,40.1600,77,97,470206
1.8817,0.1906,39.9600,77,97,470209
1.8426,0.1857,40.1300,77,97,470212
1.8915,0.1808,40.0600,77,97,470216
1.8426,0.1808,40.1000,77,97,470219
1.8475,0.1808,40.0000,77,97,470222
1.8671,0.1711,40.0300,77,97,470226
1.8426,0.1808,40.2300,77,97,470230
1.8671,0.1906,40.0000,77,97,470233
1.8377,0.1711,40.1300,77,97,470237
1.8377,0.1808,40.1600,77,97,470240
1.8475,0.1808,40.0600,77,97,470243
1.8377,0.1808,40.1300,77,97,470246
1.8622,0.1808,40.0000,77,97,470250
1.8719,0.1711,40.1300,77,97,470253
1.8475,0.1808,40.2300,77,97,470256
1.8573,0.2395,40.0300,77,97,470260
1.8377,0.1808,40.1300,77,97,470263
1.8817,0.1857,39.8900,77,97,470266
1.8573,0.1857,40.0000,77,97,470270
1.8426,0.1808,40.2300,77,97,470274
1.8475,0.1857,40.1000,77,97,470277
1.8475,0.1808,40.1300,77,97,470281
1.8915,0.1906,39.8600,77,97,470284
1.8475,0.1808,40.1000,77,97,470287
1.8475,0.1760,40.2300,77,97,470290
1.8524,0.1857,40.1000,77,97,470294
1.8573,0.1808,40.1000,77,97,470297
1.9062,0.1955,40.4000,77,97,470300
1.8573,0.1857,40.1000,77,97,470304
1.8622,0.1808,40.0300,77,97,470307
1.8475,0.1808,40.1000,77,97,470310
1.8475,0.1711,40.1000,77,97,470315
1.8817,0.1906,39.8900,77,97,470318
1.8524,0.1857,40.1000,77,97,470321
1.8768,0.1808,40.0000,77,97,470325
1.8475,0.1808,40.1600,77,97,470328
1.8866,0.1760,40.1300,77,97,470331
1.8817,0.1906,40.0600,77,97,470334
1.8475,0.1711,40.1000,77,97,470338
1.8768,0.1857,40.0000,77,97,470341
1.8426,0.1808,40.0600,77,97,470344
1.8426,0.1808,40.1000,77,97,470348
1.8475,0.1857,40.0300,77,97,470351
1.8328,0.1808,40.0600,77,97,470354
1.8622,0.2004,39.9300,77,97,470359
1.8328,0.1808,40.1000,77,97,470362
1.8377,0.1808,40.0300,77,97,470365
1.8622,0.1857,40.1000,77,97,470368
1.8573,0.1857,40.1300,77,97,470372
1.9110,0.1857,39.8900,77,97,470375
1.8768,0.1808,40.1300,77,97,470378
1.8866,0.1857,40.1300,77,97,470382
1.8866,0.1857,40.1000,77,97,470385
1.8768,0.1808,40.1000,77,97,470388
1.9306,0.1955,39.8300,77,97,470392
1.8915,0.1808,40.0300,77,97,470395
1.8768,0.1760,40.0600,77,97,470398
1.8768,0.1808,40.1000,77,97,470403
1.8719,0.1808,40.1000,77,97,470406
1.9159,0.1906,39.8900,77,97,470409
1.8671,0.1857,40.0600,77,97,470412
1.8622,0.1808,40.0600,77,97,470416
1.8524,0.1808,40.1000,77,97,470419
1.8573,0.1857,40.1000,77,97,470422
1.8915,0.1906,40.0000,77,97,470426
1.8671,0.1808,40.2000,77,97,470429
1.8817,0.2053,40.0000,77,97,470432
1.8622,0.1808,40.1300,77,97,470436
1.8622,0.1808,40.1000,77,97,470439
1.8768,0.1857,40.0300,77,97,470443
1.8622,0.1808,40.1000,77,97,470446
1.8768,0.2395,40.1000,77,97,470450
1.8377,0.1808,40.1300,77,97,470453
1.8328,0.1808,40.1600,77,97,470456
1.8475,0.1906,40.0600,77,97,470460
1.8231,0.1808,40.0600,77,97,470463
1.8475,0.1808,39.9300,77,97,470466
1.8328,0.1808,40.0000,77,97,470470
1.8280,0.1808,39.8000,77,97,470473
1.8475,0.1711,40.0600,77,97,470476
1.8231,0.1808,40.1300,77,97,470480
1.8671,0.1857,39.8900,77,97,470483
1.8280,0.1808,40.1300,77,97,470487
1.8280,0.1808,40.1600,77,97,470490
1.8475,0.1808,40.1000,77,97,470494
1.8377,0.1808,40.1000,77,97,470497
1.8866,0.1906,39.8900,77,97,470500
1.8426,0.1808,40.0600,77,97,470504
1.8475,0.1760,40.2000,77,97,470507
1.8573,0.1857,40.1000,77,97,470510
1.8768,0.1808,40.1000,77,97,470514
1.9844,0.2004,39.9600,77,97,470517
2.0235,0.1808,40.1000,77,97,470520
2.1408,0.1857,40.0600,77,97,470523
2.1994,0.1808,40.0600,77,97,470528
2.3021,0.1857,40.1000,77,97,470531
2.4731,0.1955,39.9600,77,97,470534
2.5660,0.1857,40.1000,77,97,470538
2.7175,0.1760,40.0000,77,97,470541
2.7468,0.1808,40.1000,77,97,470544
2.6540,0.1808,40.2000,77,97,470548
2.4487,0.1808,40.0300,77,97,470551
2.1505,0.1808,40.1000,77,97,470554
1.9159,0.1906,40.0300,77,97,470557
1.7204,0.1808,40.1300,77,97,470561
1.6520,0.1857,40.1000,77,97,470564
1.6569,0.1857,40.0600,77,97,470567
1.6716,0.1808,40.1300,77,97,470572
1.7155,0.1808,39.9300,77,97,470575
1.7204,0.1808,40.0300,77,97,470578
1.7351,0.1711,40.1000,77,97,470582
1.7546,0.1906,40.0600,77,97,470585
1.7302,0.1857,40.0600,77,97,470588
1.7693,0.1857,39.8900,77,97,470592
1.7449,0.1857,40.4700,77,97,470595
1.7351,0.1808,40.1000,77,97,470598
1.7449,0.1857,40.1000,77,97,470601
1.7449,0.1857,40.1000,77,97,470605
1.8035,0.1955,39.7700,77,97,470608
1.7595,0.1955,40.0600,77,97,470611
1.7742,0.1760,40.1000,77,97,470616
1.7644,0.1808,39.2800,77,97,470619
1.7644,0.2102,40.1300,77,97,470622
1.8231,0.1906,39.9600,77,97,470626
1.7937,0.1857,39.9600,77,97,470629
1.8231,0.1711,40.0000,77,97,470632
1.7986,0.1808,40.2300,77,97,470636
1.8133,0.1808,40.1300,77,97,470639
1.8524,0.1857,40.1300,77,97,470643
1.8475,0.1906,40.0300,77,97,470646
1.8182,0.1760,40.2300,77,97,470649
1.8524,0.1808,39.9300,77,97,470652
1.8328,0.1808,40.0300,77,97,470657
1.8377,0.1711,40.1300,77,97,470660
1.8573,0.1906,40.0300,77,97,470663
1.8524,0.1711,40.1300,77,97,470667
1.9013,0.1857,39.8900,77,97,470670
1.8622,0.1808,40.1000,77,97,470673
1.8719,0.1808,40.1300,77,97,470677
1.8866,0.1857,40.1600,77,97,470680
1.8817,0.1711,40.1000,77,97,470683
1.9404,0.1955,39.8000,77,97,470687
1.9013,0.1857,40.1300,77,97,470690
1.9013,0.1760,40.1000,77,97,470693
1.9062,0.1808,40.1300,77,97,470696
1.9110,0.1808,40.1300,77,97,470701
1.9648,0.1955,39.5400,77,97,470704
1.9306,0.1760,40.1000,77,97,470707
1.9404,0.1808,40.0300,77,97,470711
1.9306,0.1857,40.1000,77,97,470714
1.9355,0.1760,40.1000,77,97,470717
1.9795,0.1906,40.0600,77,97,470721
1.9844,0.1857,40.1000,77,97,470724
1.9795,0.1857,40.0000,77,97,470727
1.9550,0.1857,40.1600,77,97,470731
1.9648,0.2102,40.1300,77,97,470734
1.9892,0.1857,40.1300,77,97,470737
1.9844,0.1711,40.1000,77,97,470740
2.0186,0.1808,39.9600,77,97,470745
1.9844,0.1808,40.1600,77,97,470748
2.0088,0.1711,40.1000,77,97,470751
2.0039,0.1857,40.0600,77,97,470755
1.9941,0.1808,40.1000,77,97,470758
2.0235,0.1857,39.9300,77,97,470761
1.9892,0.1808,40.1300,77,97,470765
1.9990,0.1808,40.1300,77,97,470768
2.0235,0.1906,40.0600,77,97,470771
1.9941,0.1808,40.2300,77,97,470775
2.0430,0.2199,39.8600,77,97,470778
2.0137,0.1857,40.0300,77,97,470781
1.9941,0.1808,40.1300,77,97,470785
1.9941,0.1808,40.1000,77,97,470789
1.9746,0.1808,40.2000,77,97,470792
2.0186,0.2199,39.8600,77,97,470795
1.9550,0.1808,40.0600,77,97,470799
1.9355,0.1760,40.3000,77,97,470802
1.9257,0.1808,40.1000,77,97,470805
1.9062,0.1808,40.1300,77,97,470809
1.9355,0.1955,40.0000,77,97,470812
1.8817,0.1857,40.1000,77,97,470815
1.8622,0.1808,40.0600,77,97,470818
1.8280,0.1808,40.2300,77,97,470822
1.8084,0.1857,40.0300,77,97,470825
1.8133,0.1906,40.0600,77,97,470829
1.7791,0.1857,40.0600,77,97,470833
1.7791,0.1808,39.9600,77,97,470836
1.7400,0.1808,40.1600,77,97,470839
1.7302,0.1857,40.1300,77,97,470843
1.7449,0.1906,40.0000,77,97,470846
1.7107,0.1808,40.1300,77,97,470849
1.7351,0.1857,40.1000,77,97,470852
1.7009,0.1760,40.0600,77,97,470856
1.7058,0.1808,40.2300,77,97,470859
1.7155,0.1711,40.0300,77,97,470862
1.7058,0.1808,40.1300,77,97,470866
1.7351,0.1857,39.9300,77,97,470870
1.6960,0.1906,40.1000,77,97,470873
1.7107,0.1808,40.1300,77,97,470877
1.7204,0.1857,40.1000,77,97,470880
1.7155,0.1808,40.1300,77,97,470883
1.7546,0.1906,39.8600,77,97,470887
1.7155,0.1711,40.1000,77,97,470890
1.7253,0.1808,40.1000,77,97,470893
1.7400,0.1808,40.1000,77,97,470896
1.7351,0.1808,40.1000,77,97,470900
1.7889,0.2004,39.8900,77,97,470903
1.7644,0.1711,40.1000,77,97,470906
1.7498,0.1760,40.0600,77,97,470910
1.7546,0.1808,40.1000,77,97,470914
1.7595,0.1808,40.1300,77,97,470917
1.8035,0.1906,39.8900,77,97,470921
1.7693,0.1857,40.1000,77,97,470924
1.7840,0.1808,40.0000,77,97,470927
1.7742,0.1808,40.1000,77,97,470930
1.7791,0.1808,40.1300,77,97,470934
1.8084,0.1906,40.0300,77,97,470937
1.7840,0.1808,40.2000,77,97,470940
1.8133,0.1857,39.9600,77,97,470944
1.7840,0.1808,40.1300,77,97,470947
1.7840,0.1808,40.1300,77,97,470950
1.7986,0.1808,40.0600,77,97,470955
1.7840,0.1808,40.1000,77,97,470958
1.8182,0.1808,40.1000,77,97,470961
1.7840,0.1808,40.1000,77,97,470965
1.7986,0.1808,40.1300,77,97,470968
1.8182,0.1906,40.0000,77,97,470971
1.7889,0.1808,40.1000,77,97,470974
1.8231,0.1515,39.9600,77,97,470978
1.7986,0.2102,40.0000,77,97,470981
1.7889,0.1808,40.1000,77,97,470984
1.8035,0.1857,40.0600,77,97,470988
1.7986,0.1906,40.1300,77,97,470991
1.8377,0.1906,39.8600,77,97,470994
1.7986,0.1808,40.0600,77,97,470999
1.7986,0.1857,40.1600,77,97,471002
1.8035,0.1857,40.1000,77,97,471005
1.7986,0.1808,40.2300,77,97,471008
1.8475,0.1906,39.8600,77,97,471012
1.8035,0.1808,40.4000,77,97,471015
1.7986,0.1857,40.1000,77,97,471018
1.8035,0.1857,40.1000,77,97,471022
1.7937,0.1808,40.2000,77,97,471025
1.8377,0.1955,39.9600,77,97,471028
1.8035,0.1857,40.0600,77,97,471032
1.8035,0.1808,40.0600,77,97,471035
1.7840,0.1760,40.1000,77,97,471038
1.7937,0.1711,40.1000,77,97,471042
1.8133,0.1906,39.9300,77,97,471046
1.7840,0.1808,40.1000,77,97,471049
1.7986,0.1808,39.9600,77,97,471052
1.7742,0.1808,40.1000,77,97,471056
1.7742,0.1808,40.0600,77,97,471059
1.7889,0.1711,40.0600,77,97,471062
1.7742,0.1808,40.1300,77,97,471066
1.8133,0.1857,40.0000,77,97,471069
1.8133,0.1857,40.1300,77,97,471072
1.7937,0.1808,40.1600,77,97,471076
1.7986,0.1760,40.1000,77,97,471079
1.7889,0.1808,40.1300,77,97,471083
1.8182,0.1808,39.9300,77,97,471086
1.7840,0.1808,39.8600,77,97,471090
1.7889,0.1808,39.6000,77,97,471093
1.7986,0.2004,40.0600,77,97,471096
1.7791,0.1808,40.1000,77,97,471100
1.8182,0.1857,39.8900,77,97,471103
1.7889,0.1857,40.0600,77,97,471106
1.7840,0.1808,40.2300,77,97,471110
1.7889,0.1808,40.1000,77,97,471113
1.7937,0.1760,40.1000,77,97,471116
1.8377,0.1906,39.9600,77,97,471119
1.7889,0.1857,40.1000,77,97,471123
1.7889,0.1711,40.0600,77,97,471127
1.7889,0.1808,40.0600,77,97,471130
1.7840,0.1711,40.1300,77,97,471134
1.8377,0.1955,39.9600,77,97,471137
1.7937,0.1808,40.0600,77,97,471140
1.8035,0.1857,40.1000,77,97,471144
1.7889,0.1808,40.1300,77,97,471147
1.7840,0.1906,40.1600,77,97,471150
1.8084,0.1906,40.0600,77,97,471154
1.7840,0.1808,40.1000,77,97,471157
1.8084,0.1808,40.0600,77,97,471160
1.8231,0.1711,40.1300,77,97,471163
1.8084,0.1808,40.1600,77,97,471168
1.8475,0.1906,39.9600,77,97,471171
1.8280,0.1808,40.1000,77,97,471174
1.8524,0.1857,40.0300,77,97,471178
1.8182,0.1662,40.0600,77,97,471181
1.8280,0.1857,40.1000,77,97,471184
1.8328,0.1857,40.0600,77,97,471188
1.8280,0.1857,40.1000,77,97,471191
1.8573,0.1808,39.9300,77,97,471194
1.8328,0.1808,40.1000,77,97,471197
1.8328,0.1711,40.1300,77,97,471201
1.8377,0.1857,39.9300,77,97,471204
1.8377,0.1808,40.1300,77,97,471207
1.8573,0.1906,39.8600,77,97,471212
1.8328,0.1760,40.1000,77,97,471215
1.8133,0.1808,40.1600,77,97,471218
1.8231,0.1906,40.2000,77,97,471222
1.8133,0.1808,40.1300,77,97,471225
1.8768,0.2004,39.8600,77,97,471228
1.8377,0.1857,40.0300,77,97,471232
1.8231,0.1760,40.1000,77,97,471235
1.8133,0.1760,40.1000,77,97,471238
1.8084,0.1808,40.1000,77,97,471241
1.8328,0.1906,39.9600,77,97,471245
1.7840,0.2053,40.0600,77,97,471249
1.7644,0.1955,40.1000,77,97,471252
1.7986,0.1711,40.0000,77,97,471256
1.7693,0.1808,40.1000,77,97,471259
1.7693,0.1711,40.1600,77,97,471263
1.7840,0.1808,40.1000,77,97,471266
1.7742,0.1808,40.1000,77,97,471269
1.8035,0.1808,39.9300,77,97,471273
1.7742,0.2346,40.1600,77,97,471276
1.7840,0.1808,40.1300,77,97,471279
1.8035,0.1906,40.2000,77,97,471283
1.7791,0.1857,40.2300,77,97,471286
1.8231,0.1857,39.9300,77,97,471289
1.8035,0.2053,40.0000,77,97,471292
1.7986,0.1857,40.2300,77,97,471297
1.8182,0.1857,40.1000,77,97,471300
1.8377,0.1760,40.1000,77,97,471303
1.9453,0.1906,39.8600,77,97,471307
1.9697,0.1857,40.0600,77,97,471310
2.0626,0.1760,40.0600,77,97,471313
2.1505,0.1808,40.1000,77,97,471317
2.2434,0.1808,40.0300,77,97,471320
2.4194,0.2102,40.1000,77,97,471323
2.5513,0.1808,40.1000,77,97,471326
2.6588,0.1808,40.0600,77,97,471330
2.7273,0.1808,40.0600,77,97,471333
2.6686,0.1711,40.1000,77,97,471336
2.5024,0.1906,40.0300,77,97,471341
2.2092,0.1857,40.0300,77,97,471344
1.9550,0.1808,40.2600,77,97,471347
1.7351,0.1808,40.1300,77,97,471351
1.6325,0.1808,40.1600,77,97,471354
1.6373,0.1955,39.9600,77,97,471357
1.6276,0.1808,40.1000,77,97,471360
1.6862,0.1906,40.0300,77,97,471364
1.6862,0.1760,40.0600,77,97,471367
1.6960,0.1808,40.1300,77,97,471370
1.7204,0.1808,40.0300,77,97,471374
1.7155,0.1808,40.1300,77,97,471377
1.7400,0.1808,40.0600,77,97,471380
1.7155,0.1760,40.0600,77,97,471385
1.7204,0.1711,40.1000,77,97,471388
1.7253,0.1857,40.1300,77,97,471391
1.7204,0.2102,40.2300,77,97,471395
1.7644,0.1857,39.8900,77,97,471398
1.7253,0.1808,40.1000,77,97,471401
1.7400,0.1760,40.1300,77,97,471404
1.7449,0.1857,40.1300,77,97,471408
1.7400,0.1760,40.1300,77,97,471411
1.7986,0.1906,39.8900,77,97,471414
1.7644,0.1857,40.1000,77,97,471418
1.7644,0.1760,40.1600,77,97,471421
1.7644,0.1808,40.0600,77,97,471425
1.7693,0.1808,40.1300,77,97,471429
1.8280,0.1955,39.9600,77,97,471432
1.7840,0.1857,40.0600,77,97,471435
1.7937,0.1857,40.0000,77,97,471438
1.7840,0.1808,40.1000,77,97,471442
1.7889,0.1808,40.1300,77,97,471445
1.8231,0.2004,40.0000,77,97,471448
1.8035,0.1808,40.1000,77,97,471452
1.8231,0.1808,40.0300,77,97,471455
1.8035,0.2199,40.1300,77,97,471458
1.8084,0.1808,40.1300,77,97,471462
1.8231,0.1857,40.0600,77,97,471465
1.8182,0.1808,40.2300,77,97,471469
1.8524,0.1906,40.0300,77,97,471472
1.8280,0.1760,40.1000,77,97,471476
1.8768,0.1857,40.1300,77,97,471479
1.8719,0.1906,40.1000,77,97,471482
1.8475,0.1808,40.1000,77,97,471486
1.8866,0.1808,39.9300,77,97,471489
1.8671,0.1808,40.0600,77,97,471492
1.8671,0.1711,40.2300,77,97,471496
1.8817,0.1857,40.0600,77,97,471499
1.8817,0.1857,40.1000,77,97,471502
1.9208,0.1857,39.8900,77,97,471506
1.8915,0.1857,40.0600,77,97,471510
1.8964,0.1808,40.1300,77,97,471513
1.9110,0.1857,40.1000,77,97,471516
1.9110,0.1808,40.2000,77,97,471520
1.9746,0.1955,39.8600,77,97,471523
1.9355,0.1808,40.0600,77,97,471526
1.9453,0.1760,40.1300,77,97,471530
1.9550,0.1760,40.1000,77,97,471533
1.9550,0.1808,40.1000,77,97,471536
2.0186,0.2004,39.9600,77,97,471540
1.9795,0.2004,40.0600,77,97,471543
2.0088,0.1711,40.0300,77,97,471546
1.9746,0.1808,40.3300,77,97,471549
1.9746,0.1955,40.1300,77,97,471554
2.0186,0.1906,39.9600,77,97,471557
1.9795,0.1857,40.1000,77,97,471560
1.9941,0.1808,40.0000,77,97,471564
1.9697,0.1808,40.1300,77,97,471567
1.9648,0.1760,40.1000,77,97,471570
1.9892,0.1906,40.0600,77,97,471574
1.9648,0.1808,40.1000,77,97,471577
1.9941,0.1906,39.9600,77,97,471580
1.9550,0.1760,40.1600,77,97,471583
1.9501,0.1808,40.1000,77,97,471587
1.9501,0.1857,40.1300,77,97,471590
1.9257,0.1857,40.1000,77,97,471593
1.9404,0.1808,40.0000,77,97,471598
1.8915,0.1906,40.1600,77,97,471601
1.8768,0.1760,40.1300,77,97,471604
1.8768,0.1906,40.0300,77,97,471608
1.8328,0.1857,40.1300,77,97,471611
1.8622,0.1857,39.9300,77,97,471614
1.8182,0.1857,39.9600,77,97,471618
1.7889,0.1760,40.1300,77,97,471621
1.7791,0.1857,40.1600,77,97,471624
1.7546,0.1808,40.1000,77,97,471627
1.7986,0.1906,39.8300,77,97,471631
1.7302,0.1906,40.0600,77,97,471634
1.7351,0.1760,40.1000,77,97,471638
1.7107,0.1808,40.1000,77,97,471642
1.6960,0.1808,40.0300,77,97,471645
1.7400,0.2004,39.8900,77,97,471648
1.6960,0.1808,40.1000,77,97,471652
1.6960,0.1760,40.0600,77,97,471655
1.6862,0.1906,40.0600,77,97,471658
1.6813,0.1808,40.1300,77,97,471661
1.7107,0.1906,40.0000,77,97,471665
1.6911,0.1857,40.0600,77,97,471668
1.7009,0.1808,40.0000,77,97,471671
1.6862,0.1808,40.2300,77,97,471675
1.6911,0.1808,40.1000,77,97,471678
1.7204,0.1906,39.9300,77,97,471682
1.6960,0.1857,40.1600,77,97,471686
1.7498,0.1711,40.0000,77,97,471689
1.7107,0.1760,40.1000,77,97,471692
1.7155,0.1808,40.1000,77,97,471695
1.7351,0.1857,40.0300,77,97,471699
1.7253,0.1808,40.0600,77,97,471702
1.7546,0.1955,39.9600,77,97,471705
1.7204,0.1808,40.1000,77,97,471709
1.7449,0.1808,40.1300,77,97,471712
1.7546,0.1808,40.0600,77,97,471715
1.7498,0.1857,40.1000,77,97,471719
1.7889,0.1857,39.9300,77,97,471723
1.7546,0.1711,40.1300,77,97,471726
1.7546,0.1808,40.0300,77,97,471730
1.7840,0.1955,39.9600,77,97,471733
1.7693,0.1808,40.1300,77,97,471736
1.8182,0.1906,39.8600,77,97,471739
1.7986,0.1808,40.0300,77,97,471743
1.7889,0.1760,40.1600,77,97,471746
1.7937,0.1857,40.1000,77,97,471749
1.8280,0.1760,40.1000,77,97,471753
1.8524,0.2004,39.9600,77,97,471756
1.8035,0.1808,40.1000,77,97,471759
1.8084,0.1711,40.0600,77,97,471763
1.8035,0.1808,40.2300,77,97,471767
1.8035,0.1906,40.1300,77,97,471770
1.8622,0.1906,40.0000,77,97,471773
1.8133,0.1808,40.1300,77,97,471777
1.8328,0.1857,40.0000,77,97,471780
1.8035,0.1711,40.1300,77,97,471783
1.8133,0.1857,40.1300,77,97,471787
1.8426,0.1857,40.0600,77,97,471790
1.8182,0.1808,40.2000,77,97,471793
1.8377,0.2248,40.0300,77,97,471797
1.8084,0.1808,40.2000,77,97,471800
1.8133,0.1808,40.1600,77,97,471803
1.8377,0.1857,40.0000,77,97,471808
1.8035,0.2004,40.1300,77,97,471811
1.8280,0.1760,39.9300,77,97,471814
1.8035,0.1808,40.0000,77,97,471817
1.7937,0.1808,40.2300,77,97,471821
1.8084,0.1711,40.0300,77,97,471824
1.7840,0.1808,40.1600,77,97,471827
1.8182,0.1857,39.9600,77,97,471831
1.7840,0.1808,40.1000,77,97,471834
1.7889,0.1808,40.1000,77,97,471837
1.7937,0.1857,40.0600,77,97,471841
1.7889,0.2151,40.1300,77,97,471844
1.8377,0.1906,39.8300,77,97,471847
1.7937,0.1760,40.1000,77,97,471851
1.8084,0.1760,40.1300,77,97,471855
1.8084,0.1857,40.2000,77,97,471858
1.7986,0.1808,40.2000,77,97,471862
1.8035,0.1808,40.1600,77,97,471865
1.8475,0.1711,39.9600,77,97,471868
1.8035,0.1808,40.1300,77,97,471872
1.8328,0.1857,39.9600,77,97,471875
1.7986,0.1808,40.1300,77,97,471878
1.7986,0.1808,40.1300,77,97,471882
1.8231,0.1711,40.0600,77,97,471885
1.7986,0.1808,40.1600,77,97,471888
1.8280,0.1808,39.9300,77,97,471892
1.8182,0.1760,40.1000,77,97,471896
1.7986,0.1808,40.1300,77,97,471899
1.8133,0.2199,40.0300,77,97,471902
1.8182,0.1760,40.1000,77,97,471906
1.8426,0.1857,39.9600,77,97,471909
1.8084,0.1857,40.1000,77,97,471912
1.8133,0.1808,40.1600,77,97,471916
1.8182,0.1857,40.0600,77,97,471919
1.7986,0.1808,40.1000,77,97,471922
1.8426,0.1906,39.9600,77,97,471926
1.8182,0.1808,40.1000,77,97,471929
1.8182,0.1808,40.1600,77,97,471932
1.8328,0.1857,40.1000,77,97,471937
1.8475,0.1808,40.1300,77,97,471940
1.9013,0.2004,39.9600,77,97,471943
1.8524,0.1857,40.1000,77,97,471946
1.8524,0.1760,40.0600,77,97,471950
1.8475,0.1808,40.1000,77,97,471953
1.8524,0.2053,40.1600,77,97,471956
1.9062,0.1955,39.9600,77,97,471960
1.8719,0.1808,40.3000,77,97,471963
1.8866,0.1808,40.0000,77,97,471966
1.8671,0.1711,40.1300,77,97,471970
1.8573,0.1857,40.1000,77,97,471973
1.8719,0.1906,40.0600,77,97,471976
1.8475,0.1808,40.2300,77,97,471980
1.8671,0.2102,39.9600,77,97,471984
1.8426,0.1808,40.3600,77,97,471987
1.8524,0.1711,40.1000,77,97,471990
1.8866,0.1857,39.9600,77,97,471994
1.8573,0.1808,40.1000,77,97,471997
1.8817,0.1808,39.9600,77,97,472000
1.8573,0.1808,40.0300,77,97,472004
1.8475,0.1857,40.1300,77,97,472007
1.8524,0.1857,40.0600,77,97,472010
1.8377,0.1808,40.1300,77,97,472014
1.8622,0.1857,40.0000,77,97,472017
1.8182,0.1857,40.0600,77,97,472020
1.8133,0.1808,40.1300,77,97,472024
1.8133,0.1857,40.0600,77,97,472028
1.8084,0.1857,40.1000,77,97,472031
1.8671,0.1711,39.8300,77,97,472034
1.8182,0.1760,40.0600,77,97,472038
1.8231,0.1760,40.1300,77,97,472041
1.8231,0.1857,40.0000,77,97,472044
1.8182,0.1808,40.1000,77,97,472048
1.8622,0.2004,39.9600,77,97,472051
1.8280,0.1857,40.2000,77,97,472054
1.8231,0.1760,40.0300,77,97,472058
1.8182,0.1808,39.9300,77,97,472061
1.8231,0.1857,40.1000,77,97,472065
1.8524,0.1906,39.9300,77,97,472068
1.8280,0.1760,40.1000,77,97,472072
1.8622,0.1711,40.0000,77,97,472075
1.8280,0.1808,40.1300,77,97,472078
1.8426,0.1857,40.1600,77,97,472082
1.8964,0.1906,40.0300,77,97,472085
1.9355,0.1808,40.0600,77,97,472088
2.0528,0.1906,40.0000,77,97,472092
2.1163,0.1760,40.1300,77,97,472095
2.2141,0.1808,40.1300,77,97,472098
2.3363,0.1857,40.1300,77,97,472101
2.4536,0.1857,40.2300,77,97,472105
2.6295,0.1808,39.9300,77,97,472109
2.7077,0.1857,40.1300,77,97,472112
2.7566,0.1808,40.1300,77,97,472116
2.6002,0.1906,40.0600,77,97,472119
2.3265,0.1808,40.1000,77,97,472122
2.0919,0.1857,39.8900,77,97,472126
1.8182,0.1955,40.0300,77,97,472129
1.6325,0.1808,40.4000,77,97,472132
1.6031,0.1808,40.1000,77,97,472135
1.5787,0.1808,40.1000,77,97,472139
1.6618,0.1906,39.8900,77,97,472142
1.6911,0.1857,40.0600,77,97,472145
1.7009,0.1760,40.1300,77,97,472150
1.7253,0.1857,40.0000,77,97,472153
1.7351,0.1760,40.1000,77,97,472156
1.7986,0.2004,39.8900,77,97,472160
1.7595,0.1857,40.1000,77,97,472163
1.7937,0.1760,40.0600,77,97,472166
1.7546,0.1808,40.3300,77,97,472170
1.7595,0.1857,40.1300,77,97,472173
1.7986,0.1906,40.0000,77,97,472176
1.7742,0.1808,40.4000,77,97,472179
1.7937,0.2102,40.1000,77,97,472183
1.7791,0.1808,39.4100,77,97,472186
1.7889,0.1955,40.1600,77,97,472189
1.8182,0.1906,39.9600,77,97,472194
1.7937,0.1857,40.1000,77,97,472197
1.8182,0.1711,40.0300,77,97,472200
1.7986,0.1760,40.1000,77,97,472204
1.8035,0.2053,40.0600,77,97,472207
1.8231,0.1857,40.0600,77,97,472210
1.8133,0.1808,40.2600,77,97,472213
1.8377,0.1808,40.0300,77,97,472217
1.8133,0.1808,40.1300,77,97,472220
1.8231,0.1808,40.1300,77,97,472223
1.8426,0.1857,40.0600,77,97,472227
1.8328,0.1515,40.1300,77,97,472230
1.8768,0.1857,39.8900,77,97,472233
1.8328,0.1808,40.1000,77,97,472238
1.8475,0.1808,40.2000,77,97,472241
1.8573,0.1857,40.0600,77,97,472244
1.8524,0.1808,40.1000,77,97,472248
1.9062,0.1906,39.9600,77,97,472251
1.8719,0.2199,40.0300,77,97,472254
1.9013,0.1760,40.1300,77,97,472257
1.8817,0.1857,40.2000,77,97,472261
1.8866,0.1857,40.1000,77,97,472264
1.9501,0.2004,39.9300,77,97,472267
1.9062,0.2004,40.0600,77,97,472271
1.9110,0.2053,40.0600,77,97,472274
1.9257,0.1857,40.1000,77,97,472278
1.9159,0.1808,40.1300,77,97,472282
1.9599,0.1906,39.9600,77,97,472285
1.9257,0.1808,40.1300,77,97,472288
1.9453,0.1808,40.0000,77,97,472291
1.9257,0.1955,40.1300,77,97,472295
1.9355,0.1808,40.1300,77,97,472298
1.9648,0.1857,40.1000,77,97,472301
1.9599,0.1711,40.1300,77,97,472305
1.9844,0.1857,40.2000,77,97,472308
1.9599,0.1711,40.1000,77,97,472311
1.9648,0.1808,40.4000,77,97,472315
1.9990,0.1955,40.0000,77,97,472318
1.9844,0.1808,40.1000,77,97,472322
2.0137,0.1808,39.9300,77,97,472325
1.9941,0.1857,40.0300,77,97,472329
1.9941,0.1808,40.1300,77,97,472332
2.0088,0.2053,40.1000,77,97,472335
1.9941,0.2102,40.1300,77,97,472339
2.0381,0.1857,39.9300,77,97,472342
1.9941,0.1857,40.1300,77,97,472345
1.9892,0.1857,40.2300,77,97,472349
1.9892,0.1857,40.0600,77,97,472352
1.9795,0.1808,40.1600,77,97,472355
2.0235,0.1955,39.8300,77,97,472359
1.9697,0.1808,40.0300,77,97,472363
1.9648,0.2102,40.1600,77,97,472366
1.9550,0.1808,40.1000,77,97,472369
1.9355,0.1808,39.9600,77,97,472373
2.0039,0.1955,39.8900,77,97,472376
1.9306,0.1906,40.0600,77,97,472379
1.9062,0.1808,40.0000,77,97,472383
1.8866,0.1808,40.1300,77,97,472386
1.8622,0.1808,40.1300,77,97,472389
1.8817,0.1955,39.9600,77,97,472393
1.8280,0.1808,40.1600,77,97,472396
1.8280,0.1808,39.9300,77,97,472399
1.7937,0.1906,40.0600,77,97,472402
1.7791,0.1808,40.1300,77,97,472407
1.7889,0.1906,40.0600,77,97,472410
1.7546,0.2053,40.1600,77,97,472413
1.7693,0.1808,39.9600,77,97,472417
1.7302,0.1808,40.2300,77,97,472420
1.7204,0.1857,40.1300,77,97,472423
1.7204,0.1857,40.1000,77,97,472427
1.7107,0.1808,40.1300,77,97,472430
1.7253,0.1808,39.9600,77,97,472433
1.6960,0.1808,40.1600,77,97,472437
1.7009,0.1857,40.1300,77,97,472440
1.7204,0.1857,40.0000,77,97,472443
1.6960,0.2102,40.0600,77,97,472446
1.7351,0.1857,39.8900,77,97,472451
1.7204,0.1857,40.0300,77,97,472454
1.7107,0.1808,40.1600,77,97,472457
1.7204,0.1857,40.1000,77,97,472461
1.7155,0.1808,40.1300,77,97,472464
1.7644,0.1906,39.8600,77,97,472467
1.7644,0.1955,40.0000,77,97,472472
1.7400,0.1857,40.1000,77,97,472475
1.7546,0.1808,40.0000,77,97,472479
1.7449,0.1808,40.2300,77,97,472482
1.7498,0.1808,40.1300,77,97,472485
1.7742,0.1955,40.1000,77,97,472489
1.7644,0.1857,40.1000,77,97,472493
1.7889,0.1857,40.0300,77,97,472496
1.7742,0.1808,40.1300,77,97,472499
1.7791,0.1515,40.1300,77,97,472503
1.8035,0.1906,39.9600,77,97,472506
1.7742,0.1857,40.1600,77,97,472509
1.7986,0.1808,39.9300,77,97,472513
1.7791,0.1808,40.0300,77,97,472516
1.7840,0.1808,40.1600,77,97,472519
1.7986,0.1857,40.0300,77,97,472523
1.7889,0.1808,40.1300,77,97,472526
1.8231,0.1857,39.9300,77,97,472529
1.7937,0.1808,40.1000,77,97,472534
