1.9404,0.2346,38.65,95,93,3
1.9355,0.2346,38.65,95,93,6
1.9648,0.2444,38.52,95,93,8
1.9453,0.2444,38.65,95,93,11
1.9453,0.2297,38.46,95,93,14
1.9257,0.2395,38.55,95,93,17
1.9208,0.2346,38.55,95,93,20
1.9550,0.2444,38.33,95,93,23
1.9062,0.2346,38.77,95,93,26
1.8964,0.2346,38.55,95,93,29
1.9110,0.2493,38.33,95,93,32
1.8768,0.2395,38.46,95,93,35
1.8671,0.2395,38.58,95,93,38
1.8524,0.2395,38.55,95,93,41
1.8426,0.2297,38.62,95,93,45
1.8280,0.2395,38.40,95,93,48
1.7937,0.2395,38.52,95,93,51
1.7693,0.2346,38.55,95,93,54
1.7986,0.2444,38.27,95,93,57
1.7644,0.2297,38.52,95,93,60
1.7742,0.2395,38.55,95,93,63
1.8084,0.2444,38.62,95,93,66
1.7937,0.2395,38.49,95,93,69
1.7595,0.2346,38.65,95,93,72
1.7644,0.2444,38.55,95,93,75
1.7302,0.2346,38.58,95,93,78
1.7400,0.2444,37.96,95,93,81
1.7204,0.2444,38.58,95,93,84
1.7204,0.2590,38.58,95,93,88
1.7742,0.2297,38.27,95,93,91
1.7449,0.2835,38.55,95,93,94
1.7400,0.2346,38.74,95,93,97
1.8035,0.2444,38.49,95,93,100
1.7742,0.2395,38.55,95,93,103
1.7791,0.2297,38.52,95,93,106
1.7840,0.2395,38.58,95,93,109
1.7791,0.2395,38.62,95,93,112
1.8182,0.2395,38.33,95,93,115
1.7840,0.2395,38.52,95,93,118
1.7791,0.2346,38.62,95,93,121
1.7889,0.2444,38.43,95,93,124
1.7498,0.2395,38.52,95,93,128
1.7204,0.2297,38.55,95,93,131
1.7204,0.2444,38.52,95,93,134
1.7058,0.2395,38.55,95,93,137
1.7400,0.2395,38.43,95,93,140
1.7253,0.2346,38.58,95,93,143
1.7351,0.2346,38.65,95,93,146
1.7840,0.2493,38.40,95,93,149
1.7595,0.2444,38.49,95,93,152
1.7595,0.2346,38.68,95,93,155
1.7742,0.2444,38.43,95,93,158
1.7546,0.2493,38.62,95,93,161
1.7791,0.2493,38.46,95,93,164
1.7644,0.2346,38.58,95,93,167
1.7644,0.2297,38.58,95,93,171
1.8328,0.2542,38.36,95,93,174
1.8035,0.2395,38.55,95,93,177
1.8133,0.2395,38.58,95,93,180
1.8475,0.2297,38.43,95,93,183
1.8182,0.2395,38.55,95,93,186
1.8280,0.2493,38.40,95,93,189
1.7986,0.2395,38.55,95,93,192
1.7986,0.2346,38.62,95,93,195
1.8622,0.2493,38.30,95,93,198
1.8426,0.2297,38.52,95,93,201
1.8671,0.2493,38.62,95,93,205
1.9013,0.2444,38.43,95,93,208
1.8719,0.2395,38.58,95,93,211
1.8817,0.2346,38.46,95,93,215
1.8915,0.2346,38.68,95,93,218
1.8475,0.2346,38.55,95,93,221
1.8866,0.2444,38.30,95,93,224
1.8231,0.2346,38.58,95,93,227
1.8084,0.2395,38.58,95,93,230
1.8280,0.2493,38.46,95,93,233
1.7937,0.2395,38.55,95,93,236
1.7889,0.2346,38.46,95,93,239
1.7693,0.2444,38.58,95,93,242
1.7693,0.2395,38.58,95,93,245
1.7791,0.2395,38.33,95,93,248
1.7253,0.2395,38.68,95,93,251
1.7253,0.2444,38.62,95,93,254
1.7595,0.2395,38.40,95,93,258
1.7449,0.2395,38.52,95,93,261
1.7302,0.2346,38.24,95,93,264
1.7204,0.2493,38.55,95,93,267
1.6960,0.2346,38.68,95,93,270
1.7107,0.2395,38.43,95,93,273
1.6813,0.2346,38.77,95,93,276
1.6862,0.2346,38.65,95,93,279
1.7253,0.2493,38.49,95,93,282
1.7253,0.2297,38.49,95,93,285
1.7253,0.2297,38.58,95,93,288
1.7449,0.2444,38.74,95,93,291
1.7400,0.2346,38.58,95,93,294
1.7644,0.2346,38.49,95,93,297
1.7204,0.2395,38.58,95,93,301
1.7204,0.2346,38.58,95,93,304
1.7693,0.2493,38.40,95,93,307
1.7400,0.2395,38.49,95,93,310
1.7644,0.2395,38.55,95,93,313
1.8328,0.2444,38.49,95,93,316
1.9013,0.2395,38.58,95,93,320
2.0430,0.2395,38.43,95,93,323
2.1652,0.2639,38.62,95,93,326
2.3314,0.2346,38.58,95,93,329
2.6100,0.2493,38.30,95,93,332
2.7859,0.2346,38.52,95,93,335
2.9961,0.2297,38.58,95,93,338
3.1916,0.2395,37.77,95,93,342
3.2405,0.2395,38.58,95,93,345
3.1867,0.2395,38.46,95,93,348
2.9374,0.2395,38.58,95,93,351
2.6295,0.2346,38.58,95,93,354
2.3900,0.2493,38.30,95,93,357
2.0674,0.2395,38.71,95,93,360
1.8377,0.2346,38.58,95,93,363
1.6667,0.2444,38.49,95,93,366
1.5054,0.2346,38.55,95,93,369
1.3978,0.2346,38.49,95,93,372
1.3294,0.2395,38.55,95,93,375
1.2952,0.2688,38.58,95,93,378
1.3001,0.2444,38.33,95,93,381
1.2854,0.2346,38.55,95,93,385
1.2903,0.2297,38.58,95,93,388
1.3148,0.2444,38.58,95,93,391
1.3099,0.2395,38.46,95,93,394
1.3196,0.2346,38.52,95,93,397
1.3343,0.2395,38.52,95,93,400
1.3294,0.2346,38.58,95,93,403
1.3587,0.2395,38.43,95,93,406
1.3539,0.2493,38.58,95,93,409
1.3978,0.2444,38.55,95,93,412
1.4174,0.2493,38.43,95,93,415
1.4125,0.2444,38.52,95,93,418
1.4272,0.2346,38.71,95,93,421
1.4565,0.2444,38.49,95,93,424
1.4663,0.2395,38.58,95,93,428
1.5103,0.2346,38.49,95,93,431
1.5054,0.2395,38.71,95,93,434
1.5152,0.2346,38.58,95,93,438
1.5689,0.2542,38.40,95,93,441
1.5445,0.2395,38.52,95,93,444
1.5494,0.2346,38.58,95,93,447
1.5836,0.2444,38.46,95,93,450
1.5738,0.2395,38.58,95,93,453
1.6031,0.2444,38.43,95,93,456
1.5836,0.2395,38.84,95,93,459
1.5836,0.2346,38.58,95,93,462
1.6422,0.2590,38.30,95,93,465
1.6227,0.2444,38.52,95,93,468
1.6178,0.2346,38.71,95,93,472
1.6422,0.2395,38.46,95,93,475
1.6178,0.2297,38.55,95,93,478
1.6227,0.2395,38.52,95,93,481
1.5836,0.2395,38.62,95,93,484
1.5640,0.2444,38.58,95,93,487
1.6129,0.2493,38.30,95,93,490
1.5787,0.2444,38.49,95,93,493
1.5885,0.2346,38.77,95,93,496
1.6227,0.2444,38.46,95,93,499
1.6227,0.2444,38.55,95,93,502
1.6422,0.2346,38.49,95,93,505
1.6373,0.2395,38.65,95,93,508
1.6325,0.2346,38.58,95,93,512
1.6667,0.2395,38.30,95,93,515
1.6276,0.2297,38.46,95,93,518
1.6227,0.2346,38.58,95,93,521
1.6520,0.2444,38.46,95,93,524
1.6520,0.2346,38.55,95,93,527
1.6618,0.2395,38.52,95,93,530
1.6764,0.2395,38.55,95,93,533
1.6764,0.2346,38.58,95,93,536
1.7253,0.2395,38.43,95,93,539
1.7009,0.2639,38.55,95,93,542
1.7107,0.2395,38.58,95,93,545
1.7351,0.2444,38.43,95,93,548
1.7107,0.2297,38.52,95,93,552
1.6960,0.2346,38.55,95,93,556
1.7009,0.2395,38.68,95,93,559
1.6911,0.2346,38.58,95,93,562
1.7302,0.2346,38.43,95,93,565
1.7107,0.2395,38.58,95,93,568
1.7253,0.2346,38.58,95,93,571
1.7791,0.2493,38.40,95,93,574
1.7742,0.2395,38.49,95,93,577
1.7644,0.2297,38.58,95,93,580
1.7986,0.2444,38.52,95,93,583
1.7937,0.2346,38.55,95,93,586
1.8231,0.2395,38.49,95,93,589
1.7986,0.2395,38.58,95,93,592
1.7986,0.2346,38.58,95,93,595
1.8622,0.2590,38.36,95,93,599
1.8231,0.2346,38.52,95,93,602
1.8328,0.2297,38.58,95,93,605
1.8622,0.2444,38.43,95,93,608
1.8671,0.2444,38.52,95,93,613
1.8524,0.2346,38.55,95,93,616
1.8768,0.2395,38.36,95,93,619
1.8475,0.2346,38.55,95,93,622
1.8573,0.2346,38.62,95,93,625
1.8817,0.2297,38.49,95,93,628
1.8719,0.2395,38.68,95,93,631
1.8768,0.2444,38.43,95,93,635
1.8475,0.2395,38.55,95,93,638
1.8475,0.2346,38.58,95,93,642
1.8915,0.2493,37.62,95,93,645
1.8524,0.2444,38.49,95,93,648
1.8231,0.2346,38.52,95,93,651
1.8182,0.2395,38.55,95,93,654
1.7840,0.2395,38.62,95,93,658
1.8182,0.2444,38.33,95,93,661
1.7742,0.2444,38.68,95,93,664
1.7791,0.2297,38.58,95,93,667
1.8084,0.2542,38.40,95,93,670
1.7840,0.2395,38.58,95,93,673
1.8035,0.2444,38.46,95,93,676
1.7791,0.2395,38.58,95,93,680
1.7693,0.2346,38.62,95,93,684
1.7986,0.2493,38.43,95,93,687
1.7840,0.2395,38.52,95,93,690
1.7937,0.2395,38.52,95,93,693
1.7937,0.2395,38.62,95,93,696
1.7840,0.2395,38.58,95,93,699
1.8280,0.2444,37.53,95,93,703
1.8231,0.2444,38.46,95,93,706
1.7937,0.2346,38.65,95,93,709
1.8182,0.2297,38.43,95,93,712
1.7986,0.2395,38.49,95,93,715
1.8671,0.2346,38.46,95,93,718
1.7986,0.2395,38.58,95,93,721
1.8231,0.2444,38.58,95,93,724
1.8328,0.2444,38.46,95,93,729
1.8280,0.2444,38.55,95,93,732
1.8328,0.2346,38.49,95,93,735
1.8328,0.2395,38.55,95,93,738
1.8328,0.2346,38.55,95,93,741
1.9013,0.2493,38.27,95,93,744
1.8426,0.2590,38.46,95,93,747
1.8524,0.2346,38.58,95,93,751
1.8622,0.2444,38.52,95,93,754
1.8475,0.2444,38.55,95,93,757
1.8768,0.2395,38.21,95,93,760
1.8622,0.2395,38.58,95,93,763
1.8866,0.2346,38.49,95,93,766
1.9355,0.2395,38.43,95,93,770
1.9110,0.2395,38.62,95,93,774
1.9355,0.2395,38.46,95,93,777
1.8475,0.2395,38.55,95,93,780
1.8035,0.2346,38.58,95,93,783
1.8377,0.2590,38.49,95,93,786
1.7791,0.2346,38.49,95,93,789
1.7840,0.2395,38.58,95,93,792
1.8084,0.2395,38.52,95,93,796
1.8035,0.2395,38.55,95,93,799
1.8475,0.2444,38.36,95,93,802
1.8426,0.2346,38.46,95,93,805
1.8573,0.2346,38.58,95,93,808
1.8817,0.2395,38.46,95,93,812
1.8817,0.2297,38.55,95,93,815
1.9110,0.2395,38.43,95,93,819
1.8964,0.2395,38.58,95,93,822
1.8964,0.2395,38.58,95,93,825
1.9550,0.2493,38.46,95,93,828
1.9404,0.2493,38.46,95,93,831
1.9355,0.2297,38.55,95,93,834
1.9501,0.2444,38.52,95,93,837
1.9355,0.2346,38.58,95,93,841
1.9599,0.2444,38.33,95,93,844
1.9062,0.2395,38.52,95,93,847
1.8817,0.2346,38.52,95,93,850
1.8671,0.2395,38.49,95,93,854
1.8377,0.2395,38.43,95,93,857
1.8426,0.2395,38.46,95,93,860
1.8084,0.2395,38.58,95,93,864
1.7986,0.2395,38.58,95,93,867
1.8328,0.2493,38.40,95,93,870
1.8084,0.2395,38.49,95,93,873
1.7889,0.2346,38.15,95,93,876
1.7889,0.2395,38.55,95,93,879
1.7742,0.2346,38.58,95,93,882
1.8133,0.2444,38.27,95,93,885
1.7546,0.2346,38.55,95,93,889
1.7498,0.2444,38.58,95,93,892
1.7693,0.2444,38.49,95,93,896
1.7546,0.2395,38.58,95,93,899
1.7840,0.2395,38.49,95,93,902
1.7546,0.2248,38.55,95,93,905
1.7595,0.2346,38.55,95,93,908
1.7840,0.2493,38.43,95,93,912
1.7546,0.2395,38.55,95,93,915
1.7742,0.2395,38.46,95,93,918
1.7693,0.2395,38.58,95,93,921
1.7791,0.2395,38.55,95,93,924
1.8475,0.2590,38.33,95,93,927
1.8328,0.2346,38.46,95,93,930
1.8377,0.2346,38.58,95,93,934
1.8817,0.2493,38.52,95,93,937
1.8915,0.2395,38.58,95,93,941
1.9648,0.2346,38.40,95,93,944
1.9941,0.2395,38.55,95,93,947
2.1114,0.2444,38.58,95,93,950
2.2727,0.2395,38.49,95,93,953
2.4438,0.2395,38.58,95,93,957
2.6735,0.2395,38.46,95,93,960
2.8788,0.2395,38.55,95,93,963
3.0743,0.2395,38.62,95,93,966
3.2796,0.2542,38.36,95,93,969
3.2160,0.2346,38.46,95,93,972
2.9863,0.2395,38.58,95,93,975
2.7273,0.2737,38.55,95,93,978
2.4194,0.2395,38.58,95,93,983
2.1945,0.2688,38.36,95,93,986
1.9306,0.2346,38.62,95,93,989
1.7546,0.2297,38.55,95,93,992
1.6422,0.2493,38.46,95,93,995
1.5152,0.2395,38.58,95,93,998
1.4516,0.2395,38.55,95,93,1001
1.3978,0.2395,38.58,95,93,1005
1.3783,0.2639,38.62,95,93,1008
1.3881,0.2493,38.43,95,93,1011
1.3832,0.2395,38.55,95,93,1014
1.4174,0.2395,38.49,95,93,1017
1.4076,0.2395,38.58,95,93,1021
1.4223,0.2395,38.71,95,93,1025
1.4858,0.2542,38.36,95,93,1028
1.4712,0.2444,38.52,95,93,1031
1.4761,0.2346,38.52,95,93,1034
1.4956,0.2395,38.58,95,93,1038
1.5396,0.2346,38.58,95,93,1041
1.5738,0.2493,38.30,95,93,1044
1.5640,0.2395,38.62,95,93,1047
1.5787,0.2346,38.58,95,93,1050
1.6129,0.2444,38.52,95,93,1054
1.6080,0.2395,38.62,95,93,1057
1.6471,0.2444,38.30,95,93,1060
1.6276,0.2297,38.55,95,93,1063
1.6422,0.2395,38.58,95,93,1067
1.6618,0.2542,38.55,95,93,1071
1.6422,0.2395,38.58,95,93,1074
1.6569,0.2395,38.43,95,93,1077
1.6276,0.2297,38.52,95,93,1080
1.6325,0.2346,38.58,95,93,1083
1.6667,0.2493,38.43,95,93,1087
1.6618,0.2395,38.62,95,93,1090
1.7009,0.2395,38.46,95,93,1093
1.6960,0.2395,38.58,95,93,1096
1.7204,0.2346,38.58,95,93,1099
1.7644,0.2493,38.49,95,93,1103
1.7400,0.2395,38.55,95,93,1106
1.7498,0.2346,38.49,95,93,1110
1.7253,0.2395,38.58,95,93,1113
1.7058,0.2346,38.65,95,93,1116
1.7351,0.2590,38.08,95,93,1119
1.6764,0.2444,38.46,95,93,1123
1.6618,0.2346,38.58,95,93,1126
1.6764,0.2346,38.55,95,93,1129
1.6813,0.2346,38.58,95,93,1132
1.7302,0.2493,38.30,95,93,1135
1.6813,0.2346,38.52,95,93,1139
1.7009,0.2297,38.58,95,93,1142
1.7204,0.2395,38.52,95,93,1145
1.7058,0.2395,38.58,95,93,1148
1.7351,0.2297,38.36,95,93,1152
1.7204,0.2395,38.49,95,93,1156
1.7204,0.2395,38.62,95,93,1159
1.7400,0.2444,38.55,95,93,1162
1.7302,0.2444,38.62,95,93,1165
1.7644,0.2444,38.49,95,93,1168
1.7498,0.2395,38.58,95,93,1172
1.7595,0.2395,38.62,95,93,1175
1.7889,0.2444,38.52,95,93,1178
1.7791,0.2395,38.58,95,93,1181
1.8035,0.2395,38.46,95,93,1184
1.7791,0.2395,38.58,95,93,1188
1.7742,0.2395,38.55,95,93,1191
1.8035,0.2542,38.40,95,93,1195
1.7840,0.2444,38.55,95,93,1198
1.7840,0.2297,38.49,95,93,1201
1.7791,0.2297,38.55,95,93,1205
1.7889,0.2297,38.58,95,93,1208
1.8573,0.2590,38.36,95,93,1211
1.8133,0.2395,38.71,95,93,1214
1.8133,0.2346,38.55,95,93,1217
1.8231,0.2639,38.55,95,93,1220
1.8524,0.2639,38.62,95,93,1225
1.8475,0.2395,38.68,95,93,1228
1.8964,0.2590,38.30,95,93,1231
1.8524,0.2444,38.43,95,93,1235
1.8426,0.2346,38.58,95,93,1239
1.8671,0.2395,38.55,95,93,1242
1.8719,0.2395,38.58,95,93,1245
1.9208,0.2493,38.30,95,93,1248
1.8622,0.2346,38.52,95,93,1252
1.8573,0.2346,38.24,95,93,1255
1.8671,0.2493,38.49,95,93,1258
1.8671,0.2395,38.58,95,93,1261
1.9110,0.2395,38.36,95,93,1264
1.8573,0.2395,38.46,95,93,1268
1.8573,0.2297,38.58,95,93,1271
1.8719,0.2444,38.43,95,93,1274
1.8573,0.2395,38.62,95,93,1277
1.8866,0.2395,38.46,95,93,1281
1.8524,0.2248,38.55,95,93,1285
1.8622,0.2444,38.58,95,93,1288
1.8524,0.2395,38.49,95,93,1291
1.8231,0.2297,38.52,95,93,1294
1.8328,0.2395,38.43,95,93,1297
1.7840,0.2395,38.62,95,93,1301
1.7693,0.2346,38.52,95,93,1304
1.7986,0.2444,38.40,95,93,1307
1.7693,0.2444,38.55,95,93,1310
1.7742,0.2395,38.49,95,93,1313
1.7840,0.2395,38.55,95,93,1317
1.7742,0.2346,38.52,95,93,1320
1.8231,0.2639,38.36,95,93,1324
1.7742,0.2395,38.49,95,93,1327
1.7595,0.2297,38.58,95,93,1330
1.7546,0.2444,38.55,95,93,1334
1.7498,0.2542,38.55,95,93,1337
1.8035,0.2493,38.27,95,93,1340
1.7840,0.2444,38.40,95,93,1343
1.7742,0.2395,38.55,95,93,1346
1.7986,0.2444,38.52,95,93,1350
1.7889,0.2297,38.58,95,93,1353
1.8231,0.2444,38.36,95,93,1356
1.7937,0.2395,38.46,95,93,1359
1.7986,0.2346,38.58,95,93,1362
1.8133,0.2395,38.46,95,93,1366
1.7986,0.2395,38.62,95,93,1370
1.8231,0.2346,38.43,95,93,1373
1.7937,0.2346,38.58,95,93,1376
1.7986,0.2444,38.58,95,93,1379
1.8377,0.2444,38.43,95,93,1382
1.8133,0.2395,38.55,95,93,1386
1.8426,0.2395,38.52,95,93,1389
1.8231,0.2395,38.55,95,93,1392
1.8231,0.2542,38.55,95,93,1395
1.8573,0.2493,38.55,95,93,1398
1.8475,0.2395,38.55,95,93,1402
1.8524,0.2395,38.46,95,93,1405
1.8475,0.2395,38.58,95,93,1409
1.8475,0.2395,38.58,95,93,1412
1.9110,0.2542,38.46,95,93,1415
1.9013,0.2688,38.49,95,93,1419
1.9013,0.2346,38.52,95,93,1422
1.9208,0.2346,38.58,95,93,1425
1.8866,0.2346,38.52,95,93,1428
1.9159,0.2395,38.27,95,93,1431
1.8622,0.2346,38.52,95,93,1435
1.8377,0.2346,38.58,95,93,1438
1.8524,0.2444,38.52,95,93,1441
1.8426,0.2297,38.55,95,93,1444
1.8866,0.2297,38.36,95,93,1447
1.8671,0.2395,38.55,95,93,1452
1.8915,0.2297,38.55,95,93,1455
1.9404,0.2444,38.46,95,93,1458
1.9355,0.2395,38.58,95,93,1461
1.9795,0.2395,38.43,95,93,1464
1.9453,0.2346,38.55,95,93,1468
1.9355,0.2395,38.55,95,93,1471
1.9404,0.2444,38.46,95,93,1474
1.8964,0.2444,38.55,95,93,1477
1.8964,0.2688,38.40,95,93,1480
1.8524,0.2395,38.62,95,93,1483
1.8377,0.2395,38.55,95,93,1487
1.8573,0.2542,38.49,95,93,1490
1.8377,0.2297,38.55,95,93,1494
1.8475,0.2346,38.49,95,93,1497
1.8426,0.2395,38.55,95,93,1500
1.8377,0.2346,38.71,95,93,1504
1.8719,0.2493,38.40,95,93,1507
1.8280,0.2444,38.49,95,93,1510
1.7986,0.2346,38.55,95,93,1513
1.8035,0.2395,38.55,95,93,1516
1.7889,0.2395,38.58,95,93,1520
1.8426,0.2297,38.27,95,93,1523
1.7937,0.2346,38.46,95,93,1526
1.8084,0.2395,38.49,95,93,1529
1.8280,0.2444,38.62,95,93,1532
1.8133,0.2444,38.55,95,93,1537
1.8524,0.2346,38.36,95,93,1540
1.8426,0.2444,38.43,95,93,1543
1.8231,0.2395,38.58,95,93,1546
1.8573,0.2444,38.43,95,93,1549
1.8426,0.2395,38.58,95,93,1553
1.8719,0.2395,37.71,95,93,1556
1.8426,0.2542,38.58,95,93,1559
1.8573,0.2444,38.58,95,93,1562
1.8866,0.2444,38.55,95,93,1565
1.9013,0.2395,38.55,95,93,1569
1.9648,0.2395,38.40,95,93,1572
2.0088,0.2395,38.55,95,93,1575
2.0968,0.2297,38.62,95,93,1579
2.2434,0.2297,38.40,95,93,1582
2.3509,0.2444,38.55,95,93,1586
2.5171,0.2297,38.46,95,93,1589
2.7077,0.2395,38.74,95,93,1592
2.9277,0.2346,38.55,95,93,1595
3.2258,0.2542,38.33,95,93,1598
3.2942,0.2395,38.49,95,93,1601
3.2747,0.2346,38.52,95,93,1605
3.1183,0.2395,38.52,95,93,1608
2.8104,0.2395,38.58,95,93,1611
2.5660,0.2444,38.30,95,93,1614
2.2483,0.2444,38.49,95,93,1617
2.0039,0.2395,38.58,95,93,1622
1.8328,0.2444,38.49,95,93,1625
1.6667,0.2346,38.21,95,93,1628
1.5836,0.2444,38.33,95,93,1631
1.4761,0.2542,38.55,95,93,1634
1.4272,0.2346,38.58,95,93,1638
1.4174,0.2444,38.46,95,93,1641
1.3685,0.2395,38.55,95,93,1644
1.3783,0.2444,38.46,95,93,1647
1.3636,0.2395,37.87,95,93,1650
1.3930,0.2395,38.62,95,93,1654
1.4370,0.2493,38.46,95,93,1657
1.4418,0.2395,38.58,95,93,1660
1.4761,0.2395,38.46,95,93,1664
1.4565,0.2395,38.58,95,93,1667
1.4761,0.2395,38.58,95,93,1671
1.5347,0.2493,38.49,95,93,1674
1.5494,0.2395,38.55,95,93,1677
1.5787,0.2395,38.46,95,93,1680
1.5836,0.2444,38.62,95,93,1683
1.5738,0.2395,38.58,95,93,1687
1.6325,0.2590,38.36,95,93,1690
1.5934,0.2395,38.52,95,93,1693
1.5934,0.2297,38.55,95,93,1696
1.6129,0.2444,38.55,95,93,1699
1.6080,0.2395,38.55,95,93,1703
1.6569,0.2542,38.36,95,93,1707
1.6373,0.2346,38.52,95,93,1710
1.6325,0.2444,38.58,95,93,1713
1.6520,0.2444,38.52,95,93,1716
1.6471,0.2346,38.55,95,93,1720
1.6911,0.2297,38.36,95,93,1723
1.6667,0.2395,38.58,95,93,1726
1.6764,0.2346,38.43,95,93,1729
1.7009,0.2346,38.49,95,93,1732
1.7253,0.2444,38.55,95,93,1736
1.7889,0.2395,38.43,95,93,1739
1.7791,0.2346,38.52,95,93,1742
1.7840,0.2346,38.58,95,93,1745
1.7889,0.2493,38.49,95,93,1748
1.7351,0.2395,38.58,95,93,1752
1.7253,0.2395,38.43,95,93,1756
1.6862,0.2395,38.49,95,93,1759
1.6764,0.2444,38.58,95,93,1762
1.7107,0.2493,38.49,95,93,1765
1.6862,0.2395,38.55,95,93,1768
1.7253,0.2346,38.46,95,93,1772
1.7009,0.2395,38.68,95,93,1775
1.7107,0.2346,38.58,95,93,1778
1.7693,0.2590,38.36,95,93,1781
1.7400,0.2395,38.46,95,93,1784
1.7449,0.2346,38.65,95,93,1788
1.7644,0.2444,38.52,95,93,1792
1.7595,0.2493,38.55,95,93,1795
1.7937,0.2542,38.27,95,93,1798
1.7546,0.2346,38.52,95,93,1801
1.7498,0.2346,38.55,95,93,1805
1.7644,0.2444,38.55,95,93,1808
1.7449,0.2395,38.65,95,93,1811
1.7644,0.2444,38.33,95,93,1814
1.7400,0.2395,38.36,95,93,1817
1.7400,0.2395,38.62,95,93,1821
1.7644,0.2493,38.43,95,93,1824
1.7498,0.2346,38.62,95,93,1827
1.7840,0.2395,38.43,95,93,1830
1.7644,0.2395,38.68,95,93,1833
1.8475,0.2346,38.58,95,93,1839
1.8524,0.2395,38.58,95,93,1842
1.8964,0.2297,38.49,95,93,1845
1.8768,0.2395,38.55,95,93,1848
1.9013,0.2444,38.43,95,93,1852
1.8671,0.2346,38.87,95,93,1855
1.8768,0.2395,38.65,95,93,1858
1.9159,0.2395,38.49,95,93,1861
1.9159,0.2346,38.55,95,93,1864
1.9453,0.2444,38.43,95,93,1868
1.9208,0.2395,38.58,95,93,1871
1.9110,0.2395,38.58,95,93,1874
1.9404,0.2493,38.46,95,93,1878
1.9257,0.2444,38.55,95,93,1881
1.9306,0.2297,38.49,95,93,1885
1.9404,0.2395,38.58,95,93,1888
1.9453,0.2444,38.58,95,93,1891
1.9990,0.2542,38.33,95,93,1894
1.9453,0.2395,38.43,95,93,1897
1.9110,0.2297,38.55,95,93,1901
1.9013,0.2444,38.52,95,93,1904
1.8719,0.2297,38.58,95,93,1907
1.8915,0.2493,38.36,95,93,1910
1.8280,0.2395,38.52,95,93,1913
1.8328,0.2395,38.62,95,93,1917
1.8671,0.2493,38.49,95,93,1921
1.8524,0.2395,38.55,95,93,1924
1.9013,0.2444,38.36,95,93,1927
1.8768,0.2395,38.49,95,93,1930
1.8475,0.2346,38.58,95,93,1934
1.8426,0.2346,38.43,95,93,1937
1.8084,0.2444,38.55,95,93,1940
1.8328,0.2444,38.46,95,93,1943
1.8084,0.2346,38.58,95,93,1946
1.7889,0.2395,38.58,95,93,1949
1.7889,0.2444,38.52,95,93,1953
1.7498,0.2444,38.58,95,93,1956
1.7644,0.2395,38.43,95,93,1959
1.7498,0.2395,38.62,95,93,1963
1.7595,0.2395,38.52,95,93,1966
1.7986,0.2493,38.40,95,93,1970
1.7937,0.2395,38.55,95,93,1973
1.7644,0.2346,38.49,95,93,1976
1.7595,0.2346,38.55,95,93,1979
1.7644,0.2346,38.58,95,93,1982
1.8719,0.2542,38.33,95,93,1986
1.8035,0.2395,38.49,95,93,1989
1.8035,0.2346,38.58,95,93,1992
1.8084,0.2444,38.74,95,93,1995
1.7937,0.2395,38.58,95,93,1998
1.8280,0.2493,38.33,95,93,2002
1.7937,0.2688,38.49,95,93,2006
1.7840,0.2639,38.55,95,93,2009
1.8182,0.2493,38.46,95,93,2012
1.8084,0.2395,38.55,95,93,2015
1.8475,0.2395,38.36,95,93,2019
1.8231,0.2395,38.55,95,93,2022
1.8328,0.2346,38.58,95,93,2025
1.8524,0.2493,38.49,95,93,2028
1.8475,0.2493,38.58,95,93,2031
1.8719,0.2444,38.46,95,93,2035
1.8475,0.2395,38.55,95,93,2038
1.8524,0.2395,38.58,95,93,2041
1.8817,0.2493,38.43,95,93,2044
1.8573,0.2395,38.52,95,93,2048
1.8866,0.2395,38.43,95,93,2052
1.8915,0.2444,38.58,95,93,2055
1.9355,0.2395,38.68,95,93,2058
1.9648,0.2444,38.43,95,93,2061
1.9306,0.2395,38.52,95,93,2064
1.9159,0.2395,38.49,95,93,2068
1.9013,0.2297,38.58,95,93,2071
1.9110,0.2395,38.65,95,93,2074
1.9990,0.2590,38.33,95,93,2077
1.9941,0.2395,38.30,95,93,2080
1.9892,0.2346,38.65,95,93,2083
2.0088,0.2395,38.52,95,93,2087
1.9795,0.2346,38.52,95,93,2091
1.9892,0.2493,38.46,95,93,2094
1.9355,0.2444,38.52,95,93,2097
1.8719,0.2395,38.62,95,93,2100
1.8719,0.2493,38.55,95,93,2104
1.8231,0.2395,38.55,95,93,2107
1.8377,0.2444,38.36,95,93,2110
1.7986,0.2395,38.58,95,93,2113
1.8182,0.2395,38.46,95,93,2116
1.8622,0.2444,38.46,95,93,2120
1.8377,0.2297,38.55,95,93,2123
1.8377,0.2297,38.46,95,93,2126
1.7840,0.2346,38.58,95,93,2129
1.7693,0.2297,38.58,95,93,2132
1.7742,0.2493,38.49,95,93,2137
1.7595,0.2395,38.55,95,93,2140
1.7937,0.2395,38.52,95,93,2143
1.7840,0.2395,38.52,95,93,2146
1.7791,0.2444,38.58,95,93,2149
1.8328,0.2542,38.46,95,93,2153
1.7742,0.2395,38.52,95,93,2156
1.7693,0.2346,38.49,95,93,2159
1.7791,0.2395,38.68,95,93,2162
1.8035,0.2395,38.62,95,93,2165
1.8671,0.2590,38.21,95,93,2169
1.8182,0.2444,38.46,95,93,2172
1.7986,0.2346,38.58,95,93,2176
1.7840,0.2395,38.55,95,93,2179
1.7791,0.2395,38.55,95,93,2182
1.8280,0.2493,38.33,95,93,2186
1.8133,0.2346,38.08,95,93,2189
1.8671,0.2395,38.58,95,93,2192
1.9306,0.2444,38.52,95,93,2195
1.9795,0.2346,38.55,95,93,2198
2.1114,0.2346,38.40,95,93,2201
2.2190,0.2346,38.49,95,93,2205
2.3900,0.2444,38.58,95,93,2208
2.6344,0.2444,38.46,95,93,2211
2.8543,0.2395,38.58,95,93,2214
3.1574,0.2542,38.49,95,93,2217
3.2747,0.2297,38.55,95,93,2222
3.3236,0.2395,37.80,95,93,2225
3.2307,0.2444,38.55,95,93,2228
2.9472,0.2395,37.90,95,93,2231
2.6637,0.2395,38.46,95,93,2234
2.3460,0.2493,38.55,95,93,2238
2.0870,0.2590,38.55,95,93,2241
1.9110,0.2493,38.33,95,93,2244
1.7107,0.2395,38.52,95,93,2247
1.5689,0.2346,38.52,95,93,2250
1.5200,0.2444,38.55,95,93,2254
1.4956,0.2346,38.58,95,93,2257
1.5054,0.2493,38.27,95,93,2260
1.4712,0.2346,38.52,95,93,2264
1.4663,0.2395,38.58,95,93,2267
1.4516,0.2444,38.62,95,93,2271
1.4565,0.2395,38.58,95,93,2274
1.4467,0.2444,38.33,95,93,2277
1.4272,0.2444,38.46,95,93,2280
1.4321,0.2297,38.58,95,93,2283
1.4712,0.2493,38.36,95,93,2287
1.4809,0.2395,38.62,95,93,2290
1.5347,0.2395,38.40,95,93,2293
1.5347,0.2346,38.49,95,93,2296
1.5591,0.2395,38.58,95,93,2299
1.5885,0.2395,38.49,95,93,2302
1.5787,0.2346,38.58,95,93,2307
1.6031,0.2395,38.55,95,93,2310
1.5982,0.2395,38.58,95,93,2313
1.6325,0.2346,38.58,95,93,2316
1.6764,0.2493,38.43,95,93,2319
1.6569,0.2346,38.55,95,93,2323
1.6569,0.2493,38.55,95,93,2326
1.6667,0.2444,38.55,95,93,2329
1.6618,0.2395,38.58,95,93,2332
1.7351,0.2493,38.43,95,93,2335
1.6911,0.2444,38.55,95,93,2339
1.6911,0.2346,38.52,95,93,2342
1.7009,0.2395,38.65,95,93,2345
1.6911,0.2395,38.62,95,93,2349
1.7253,0.2590,38.33,95,93,2352
1.6862,0.2493,38.52,95,93,2356
1.6716,0.2346,38.58,95,93,2359
1.6911,0.2444,38.52,95,93,2362
1.7058,0.2395,38.58,95,93,2365
1.7742,0.2444,38.30,95,93,2368
1.7595,0.2444,38.52,95,93,2372
1.7595,0.2395,38.55,95,93,2375
1.7742,0.2493,38.77,95,93,2378
1.7449,0.2346,38.68,95,93,2381
1.7498,0.2395,38.33,95,93,2384
1.7009,0.2395,38.58,95,93,2388
1.7155,0.2346,38.58,95,93,2392
1.7498,0.2493,38.46,95,93,2395
1.7449,0.2395,38.62,95,93,2398
1.7693,0.2493,38.46,95,93,2401
1.7400,0.2395,38.58,95,93,2405
1.7400,0.2346,38.65,95,93,2408
1.7498,0.2444,38.46,95,93,2411
1.7107,0.2493,38.55,95,93,2414
1.7155,0.2444,38.43,95,93,2417
1.6911,0.2444,38.55,95,93,2420
1.6911,0.2395,38.58,95,93,2424
1.7351,0.2542,38.43,95,93,2427
1.7155,0.2395,38.52,95,93,2430
1.7351,0.2346,38.52,95,93,2434
1.7546,0.2444,38.58,95,93,2437
1.7546,0.2395,38.58,95,93,2441
1.7937,0.2590,38.30,95,93,2444
1.8475,0.2493,38.40,95,93,2448
1.8280,0.2639,38.55,95,93,2452
1.8377,0.2395,38.49,95,93,2455
1.8377,0.2395,38.58,95,93,2458
1.8426,0.2395,38.62,95,93,2461
1.8866,0.2590,38.33,95,93,2464
1.8573,0.2444,38.52,95,93,2468
1.8622,0.2297,38.58,95,93,2471
1.8915,0.2639,38.49,95,93,2475
1.8817,0.2395,38.55,95,93,2478
1.9257,0.2493,38.30,95,93,2481
1.8768,0.2444,38.49,95,93,2485
1.8622,0.2444,38.58,95,93,2488
1.8817,0.2493,38.55,95,93,2491
1.8866,0.2395,38.58,95,93,2494
1.9355,0.2395,38.40,95,93,2497
1.9013,0.2395,38.58,95,93,2501
1.9062,0.2395,38.58,95,93,2504
1.9257,0.2493,38.46,95,93,2507
1.9013,0.2444,38.55,95,93,2510
1.9208,0.2493,38.49,95,93,2513
1.9062,0.2346,38.68,95,93,2518
1.9208,0.2248,38.55,95,93,2521
1.9453,0.2444,38.46,95,93,2524
1.9013,0.2395,38.55,95,93,2527
1.8964,0.2297,38.46,95,93,2530
1.8719,0.2395,38.58,95,93,2534
1.8768,0.2395,38.58,95,93,2537
1.9208,0.2590,38.43,95,93,2540
1.8964,0.2542,38.55,95,93,2543
1.8768,0.2346,38.49,95,93,2546
1.8719,0.2444,38.55,95,93,2549
1.8524,0.2297,38.55,95,93,2553
1.9062,0.2590,38.30,95,93,2556
1.8719,0.2395,38.65,95,93,2560
1.8719,0.2346,38.58,95,93,2563
1.8915,0.2444,38.62,95,93,2566
1.8768,0.2395,38.49,95,93,2570
1.9159,0.2444,38.62,95,93,2573
1.8719,0.2346,38.55,95,93,2576
1.8573,0.2346,38.55,95,93,2579
1.8671,0.2493,38.49,95,93,2582
1.8426,0.2395,38.58,95,93,2586
1.8622,0.2444,38.33,95,93,2589
1.8280,0.2639,38.52,95,93,2592
1.8084,0.2590,38.55,95,93,2595
1.8133,0.2444,38.46,95,93,2598
1.7986,0.2395,38.55,95,93,2603
1.8671,0.2444,38.49,95,93,2606
1.8133,0.2395,38.58,95,93,2609
1.8231,0.2346,38.58,95,93,2612
1.8475,0.2444,38.55,95,93,2615
1.8328,0.2395,38.52,95,93,2619
1.8377,0.2395,38.46,95,93,2622
1.8328,0.2346,38.58,95,93,2625
1.8182,0.2346,38.58,95,93,2628
1.8328,0.2395,38.40,95,93,2631
1.8035,0.2444,38.52,95,93,2635
1.7889,0.2346,38.49,95,93,2638
1.7937,0.2444,38.55,95,93,2641
1.8035,0.2395,38.58,95,93,2644
1.8719,0.2590,38.33,95,93,2648
1.8426,0.2395,38.49,95,93,2652
1.8573,0.2395,38.52,95,93,2655
1.8768,0.2395,38.55,95,93,2658
1.8524,0.2395,38.58,95,93,2661
1.8817,0.2493,38.33,95,93,2664
1.8426,0.2395,38.49,95,93,2668
1.8328,0.2346,38.55,95,93,2671
1.8671,0.2444,38.43,95,93,2674
1.8475,0.2395,38.58,95,93,2677
1.8915,0.2346,38.33,95,93,2680
1.8475,0.2297,38.52,95,93,2684
1.8475,0.2395,38.62,95,93,2688
1.8671,0.2395,38.87,95,93,2691
1.8719,0.2395,38.52,95,93,2694
1.9062,0.2444,38.43,95,93,2697
1.8817,0.2395,38.58,95,93,2701
1.9306,0.2346,38.55,95,93,2704
1.9550,0.2493,38.40,95,93,2707
1.9355,0.2395,38.55,95,93,2710
1.9550,0.2395,38.46,95,93,2713
1.9306,0.2395,38.58,95,93,2716
1.9159,0.2395,38.62,95,93,2720
1.9306,0.2493,38.49,95,93,2723
1.8866,0.2444,38.52,95,93,2726
1.8671,0.2346,38.49,95,93,2729
1.8524,0.2786,38.55,95,93,2733
1.8573,0.2395,38.58,95,93,2737
1.8671,0.2493,38.33,95,93,2740
1.8280,0.2444,38.49,95,93,2743
1.8035,0.2297,38.58,95,93,2746
1.8084,0.2444,38.55,95,93,2749
1.7840,0.2395,38.68,95,93,2753
1.8182,0.2493,38.27,95,93,2756
1.7644,0.2688,38.52,95,93,2759
1.7449,0.2395,38.62,95,93,2762
1.7498,0.2444,38.49,95,93,2765
1.7253,0.2395,38.55,95,93,2769
1.7498,0.2395,38.40,95,93,2772
1.7058,0.2395,38.55,95,93,2776
1.7058,0.2395,38.58,95,93,2779
1.7253,0.2493,38.49,95,93,2782
1.7155,0.2395,38.55,95,93,2786
1.7595,0.2542,38.52,95,93,2789
1.7400,0.2444,38.58,95,93,2792
1.7546,0.2395,38.68,95,93,2795
1.7840,0.2297,38.46,95,93,2798
1.7693,0.2297,38.55,95,93,2802
1.7986,0.2395,38.43,95,93,2805
1.8084,0.2395,38.58,95,93,2808
1.8328,0.2395,38.71,95,93,2811
1.8964,0.2542,38.49,95,93,2814
1.9062,0.2444,38.40,95,93,2818
1.9453,0.2346,38.49,95,93,2822
2.0430,0.2395,38.55,95,93,2825
2.1994,0.2395,38.55,95,93,2828
2.4389,0.2639,38.33,95,93,2831
2.6295,0.2297,38.46,95,93,2834
2.8495,0.2297,38.58,95,93,2838
3.1036,0.2444,38.55,95,93,2841
3.2551,0.2395,38.62,95,93,2844
3.3822,0.2444,38.33,95,93,2847
3.1867,0.2346,38.46,95,93,2850
2.9179,0.2542,38.55,95,93,2854
2.6100,0.2688,38.49,95,93,2857
2.2825,0.2346,38.55,95,93,2861
2.0381,0.2346,38.40,95,93,2864
1.7986,0.2346,38.49,95,93,2867
1.6325,0.2444,38.58,95,93,2871
1.5152,0.2444,38.49,95,93,2874
1.4125,0.2395,37.83,95,93,2877
1.3783,0.2493,38.43,95,93,2880
1.3245,0.2395,38.52,95,93,2883
1.3343,0.2395,38.58,95,93,2887
1.3392,0.2444,38.52,95,93,2890
1.3343,0.2395,38.55,95,93,2893
1.3734,0.2395,38.46,95,93,2896
1.3832,0.2395,38.52,95,93,2899
1.4027,0.2493,38.58,95,93,2904
1.4614,0.2786,38.36,95,93,2907
1.4712,0.2444,38.52,95,93,2910
1.4858,0.2297,38.52,95,93,2913
1.5103,0.2297,38.58,95,93,2916
1.5200,0.2297,38.58,95,93,2920
1.5738,0.2493,38.33,95,93,2923
1.5640,0.2395,38.55,95,93,2926
1.5689,0.2395,38.58,95,93,2929
1.5787,0.2395,38.43,95,93,2932
1.5689,0.2444,38.55,95,93,2935
1.5982,0.2542,38.30,95,93,2939
1.5640,0.2395,38.52,95,93,2942
1.5738,0.2346,38.55,95,93,2946
1.5836,0.2493,38.46,95,93,2949
1.5689,0.2297,38.58,95,93,2952
1.5982,0.2395,38.40,95,93,2956
1.5738,0.2395,38.52,95,93,2959
1.5738,0.2395,38.68,95,93,2962
1.5885,0.2493,38.43,95,93,2965
1.5885,0.2395,38.58,95,93,2968
1.6276,0.2590,38.46,95,93,2972
1.6373,0.2395,38.58,95,93,2975
1.6373,0.2395,38.58,95,93,2978
1.6716,0.2493,38.40,95,93,2981
1.6520,0.2444,38.58,95,93,2984
1.6667,0.2395,38.46,95,93,2989
1.6520,0.2395,38.58,95,93,2992
1.6618,0.2395,38.49,95,93,2995
1.7058,0.2542,38.43,95,93,2998
1.6813,0.2395,38.49,95,93,3001
1.6716,0.2542,38.55,95,93,3005
1.6667,0.2444,38.55,95,93,3008
1.6716,0.2395,38.62,95,93,3011
1.7302,0.2590,38.33,95,93,3014
1.7009,0.2444,38.43,95,93,3017
1.6960,0.2395,38.65,95,93,3021
1.7058,0.2493,38.55,95,93,3024
1.7009,0.2444,38.55,95,93,3027
1.7400,0.2835,38.30,95,93,3031
1.7107,0.2590,38.52,95,93,3034
1.7107,0.2737,38.62,95,93,3037
1.7253,0.2444,38.46,95,93,3041
1.7253,0.2395,38.58,95,93,3044
1.7302,0.2395,38.40,95,93,3047
1.7009,0.2297,38.58,95,93,3050
1.7009,0.2444,38.58,95,93,3053
1.7253,0.2542,38.46,94,93,3057
1.7595,0.2395,38.49,94,93,3060
1.7302,0.2346,38.58,94,93,3063
1.7644,0.2444,38.36,94,93,3067
1.7351,0.2395,38.55,94,93,3070
1.7302,0.2395,38.58,94,93,3074
1.7351,0.2395,37.99,94,93,3077
1.7302,0.2395,38.68,94,93,3080
1.7546,0.2493,38.46,94,93,3084
1.7449,0.2395,38.58,94,93,3087
1.7693,0.2444,38.58,94,93,3090
1.8182,0.2493,38.40,94,93,3093
1.8035,0.2395,38.52,94,93,3096
1.8231,0.2395,38.46,94,93,3100
1.8182,0.2395,38.55,94,93,3103
1.8182,0.2395,38.68,94,93,3106
1.8622,0.2493,38.46,94,93,3109
1.8328,0.2542,38.52,94,93,3112
1.8280,0.2297,38.49,94,93,3117
1.8328,0.2395,38.52,94,93,3120
1.8328,0.2395,38.62,94,93,3123
1.8915,0.2590,38.33,94,93,3126
1.8524,0.2444,38.49,94,93,3129
1.8377,0.2395,38.55,94,93,3133
1.8475,0.2444,38.52,94,93,3136
1.8377,0.2346,38.58,94,93,3139
1.8866,0.2542,38.30,94,93,3142
1.8524,0.2395,38.52,94,93,3145
1.8328,0.2346,38.58,94,93,3149
1.8328,0.2493,38.49,94,93,3152
1.8084,0.2297,38.62,94,93,3155
1.8280,0.2395,38.40,94,93,3159
1.8035,0.2395,38.58,94,93,3162
1.8084,0.2395,38.58,94,93,3165
1.8426,0.2493,38.43,94,93,3169
1.8133,0.2444,38.55,94,93,3172
1.8377,0.2493,38.46,94,93,3175
1.8133,0.2395,38.58,94,93,3178
1.8182,0.2346,38.58,94,93,3181
1.8280,0.2493,38.46,94,93,3185
1.8035,0.2395,38.58,94,93,3188
1.8084,0.2395,38.43,94,93,3191
1.7889,0.2395,38.55,94,93,3194
1.7840,0.2395,38.55,94,93,3197
1.8328,0.2688,38.49,94,93,3202
1.8084,0.2835,38.46,94,93,3205
1.7840,0.2297,38.52,94,93,3208
1.7742,0.2395,38.55,94,93,3211
1.7986,0.2395,38.58,94,93,3214
1.8084,0.2542,38.30,94,93,3218
1.7644,0.2297,38.49,94,93,3221
1.7546,0.2297,38.58,94,93,3224
1.7742,0.2444,38.55,94,93,3227
1.7693,0.2395,38.68,94,93,3230
1.8231,0.2444,38.33,94,93,3234
1.7937,0.2346,38.55,94,93,3237
1.8182,0.2395,38.58,94,93,3240
1.8475,0.2493,38.46,94,93,3244
1.8133,0.2395,38.65,94,93,3247
1.8280,0.2444,38.46,94,93,3251
1.7986,0.2346,38.49,94,93,3254
1.7986,0.2395,38.15,94,93,3257
1.8182,0.2444,38.49,94,93,3260
1.8280,0.2395,38.55,94,93,3263
1.8475,0.2493,38.46,94,93,3267
1.8035,0.2395,38.58,94,93,3270
1.8133,0.2395,38.27,94,93,3273
1.8377,0.2444,38.52,94,93,3276
1.8280,0.2444,38.84,94,93,3279
1.8328,0.2395,38.46,94,93,3282
1.8280,0.2493,38.55,94,93,3287
1.8622,0.2346,38.58,94,93,3290
1.8964,0.2493,38.40,94,93,3293
1.8866,0.2444,38.49,94,93,3296
1.8915,0.2346,38.52,94,93,3299
1.9062,0.2395,38.68,94,93,3303
1.9062,0.2395,37.90,94,93,3306
1.9648,0.2590,38.36,94,93,3309
1.9159,0.2444,38.52,94,93,3312
1.9159,0.2395,38.58,94,93,3315
1.9257,0.2542,38.52,94,93,3319
1.9110,0.2346,38.55,94,93,3322
1.9550,0.2493,38.33,94,93,3325
1.9257,0.2297,38.46,94,93,3329
1.9159,0.2395,38.58,94,93,3332
1.9453,0.2493,38.68,94,93,3336
1.9355,0.2395,38.52,94,93,3339
1.9648,0.2395,38.36,94,93,3342
1.9355,0.2346,38.52,94,93,3345
1.9501,0.2346,38.62,94,93,3348
1.8964,0.2395,38.49,94,93,3352
1.8671,0.2395,38.58,94,93,3355
1.8817,0.2493,38.46,94,93,3358
1.8328,0.2395,38.55,94,93,3361
1.8280,0.2395,37.83,94,93,3364
1.8475,0.2493,38.65,94,93,3368
1.8182,0.2395,38.55,94,93,3372
1.7986,0.2444,38.46,94,93,3375
1.7791,0.2395,38.58,94,93,3378
1.7644,0.2395,38.58,94,93,3381
1.7889,0.2493,38.43,94,93,3385
1.7546,0.2444,38.81,94,93,3388
1.7351,0.2346,38.46,94,93,3391
1.7400,0.2444,38.55,94,93,3394
1.7351,0.2395,38.62,94,93,3397
1.8280,0.2493,38.30,94,93,3401
1.7937,0.2395,38.49,94,93,3404
1.7937,0.2395,38.58,94,93,3407
1.8084,0.2444,38.77,94,93,3410
1.7889,0.2395,38.58,94,93,3414
1.8133,0.2444,38.33,94,93,3417
1.7791,0.2444,38.52,94,93,3421
1.7693,0.2395,38.55,94,93,3424
1.7791,0.2444,38.49,94,93,3427
1.7742,0.2444,38.58,94,93,3430
1.8182,0.2444,38.43,94,93,3433
1.8280,0.2395,38.58,94,93,3437
1.8768,0.2395,38.58,94,93,3440
1.9697,0.2493,38.43,94,93,3443
2.0137,0.2493,38.58,94,93,3446
2.1310,0.2493,38.58,94,93,3449
2.2092,0.2395,38.55,94,93,3453
2.3509,0.2346,38.58,94,93,3457
2.5758,0.2884,38.43,94,93,3460
2.7713,0.2444,38.55,94,93,3463
3.0205,0.2395,38.49,94,93,3466
3.1720,0.2590,38.55,94,93,3470
3.2405,0.2346,38.58,94,93,3473
3.2307,0.2542,38.43,94,93,3476
2.9521,0.2493,38.49,94,93,3479
2.6344,0.2346,38.52,94,93,3482
2.3509,0.2444,38.55,94,93,3486
2.0870,0.2297,38.58,94,93,3489
1.9208,0.2297,38.27,94,93,3492
1.7058,0.2395,38.55,94,93,3495
1.5640,0.2395,38.68,94,93,3499
1.4761,0.2444,38.52,94,93,3502
1.3978,0.2395,38.74,94,93,3506
1.3978,0.2444,38.33,94,93,3509
1.3587,0.2346,38.58,94,93,3512
1.3881,0.2395,38.58,94,93,3515
1.3930,0.2493,38.49,94,93,3518
1.3734,0.2395,38.55,94,93,3522
1.4076,0.2395,38.46,94,93,3525
1.3881,0.2346,38.55,94,93,3528
1.4027,0.2395,38.65,94,93,3531
1.4321,0.2444,38.49,94,93,3534
1.4370,0.2737,38.55,94,93,3538
1.4761,0.2444,38.40,94,93,3542
1.4761,0.2395,38.62,94,93,3545
1.4956,0.2395,38.58,94,93,3548
1.5298,0.2493,38.49,94,93,3551
1.5347,0.2395,38.52,94,93,3555
1.5640,0.2395,37.90,94,93,3558
1.5738,0.2493,38.62,94,93,3561
1.5934,0.2346,38.68,94,93,3564
1.6325,0.2542,38.36,94,93,3567
1.5982,0.2493,38.49,94,93,3571
1.5982,0.2346,38.55,94,93,3574
1.6129,0.2395,38.58,94,93,3577
1.6178,0.2395,38.52,94,93,3580
1.6618,0.2493,38.24,94,93,3584
1.6373,0.2346,38.52,94,93,3588
1.6373,0.2444,38.58,94,93,3591
1.6471,0.2444,38.55,94,93,3594
1.6520,0.2395,37.87,94,93,3597
1.6911,0.2444,37.62,94,93,3600
1.6716,0.2444,38.46,94,93,3604
1.6667,0.2395,38.62,94,93,3607
1.7009,0.2493,38.46,94,93,3610
1.7009,0.2297,38.58,94,93,3613
1.7400,0.2395,38.43,94,93,3616
1.7058,0.2297,38.55,94,93,3620
1.7058,0.2346,38.55,94,93,3623
1.7058,0.2395,38.49,94,93,3627
1.7009,0.2395,38.58,94,93,3630
1.7351,0.2444,38.43,94,93,3633
1.7204,0.2395,38.58,94,93,3636
1.7351,0.2395,38.58,94,93,3640
1.7693,0.2542,38.40,94,93,3643
1.7498,0.2395,38.52,94,93,3646
1.7546,0.2395,38.49,94,93,3649
1.7546,0.2346,38.55,94,93,3652
1.7302,0.2346,38.58,94,93,3656
1.7889,0.2590,38.36,94,93,3659
1.7449,0.2297,38.55,94,93,3662
1.7498,0.2346,38.58,94,93,3665
1.7546,0.2395,38.58,94,93,3668
1.7693,0.2297,38.58,94,93,3673
1.7840,0.2297,38.65,94,93,3676
1.8573,0.2493,38.40,94,93,3679
1.8280,0.2493,38.55,94,93,3683
1.8084,0.2346,38.55,94,93,3686
1.8035,0.2395,38.43,94,93,3689
1.7937,0.2395,38.65,94,93,3692
1.8328,0.2493,38.27,94,93,3695
1.7889,0.2395,38.52,94,93,3699
1.7986,0.2444,38.62,94,93,3702
1.8182,0.2542,38.55,94,93,3705
1.8182,0.2395,38.68,94,93,3708
1.8719,0.2493,37.71,94,93,3712
1.8524,0.2444,38.46,94,93,3716
1.8475,0.2444,38.62,94,93,3719
1.8817,0.2493,38.46,94,93,3722
1.8817,0.2297,38.58,94,93,3725
1.9257,0.2395,38.40,94,93,3728
1.9062,0.2395,38.55,94,93,3732
1.9062,0.2395,38.58,94,93,3735
1.9062,0.2395,38.49,94,93,3738
1.8964,0.2395,38.52,94,93,3741
1.9257,0.2444,38.46,94,93,3744
1.9062,0.2395,38.58,94,93,3748
1.9404,0.2395,38.58,94,93,3751
1.9501,0.2493,38.40,94,93,3755
1.9110,0.2444,38.55,94,93,3758
1.9208,0.2395,38.46,94,93,3761
1.9110,0.2395,38.58,94,93,3764
1.9110,0.2346,38.55,94,93,3768
1.9599,0.2542,38.43,94,93,3771
1.9257,0.2444,38.52,94,93,3774
1.9159,0.2346,37.90,94,93,3777
1.9257,0.2444,38.52,94,93,3780
1.9257,0.2444,38.58,94,93,3784
1.9844,0.2493,38.30,94,93,3787
1.9501,0.2297,38.46,94,93,3790
1.9208,0.2395,38.58,94,93,3793
1.9159,0.2493,38.65,94,93,3796
1.8817,0.2395,38.58,94,93,3801
1.9159,0.2444,38.43,94,93,3804
1.8817,0.2346,38.55,94,93,3807
1.8866,0.2346,38.58,94,93,3810
1.9062,0.2444,38.43,94,93,3813
1.8964,0.2395,38.58,94,93,3817
1.9159,0.2444,38.36,94,93,3820
1.8866,0.2395,38.58,94,93,3823
1.8817,0.2297,38.62,94,93,3826
1.9062,0.2493,38.43,94,93,3829
1.9013,0.2395,38.55,94,93,3833
1.8768,0.2444,38.46,94,93,3836
1.8475,0.2395,38.58,94,93,3840
1.8475,0.2395,38.58,94,93,3843
1.8817,0.2493,38.49,94,93,3846
1.8719,0.2444,38.55,94,93,3850
1.8866,0.2395,38.49,94,93,3853
1.8817,0.2395,38.58,94,93,3856
1.8915,0.2346,38.55,94,93,3859
1.9550,0.2542,38.43,94,93,3862
1.9355,0.2444,38.49,94,93,3865
1.9208,0.2346,38.52,94,93,3869
1.9257,0.2444,38.52,94,93,3872
1.9110,0.2395,38.62,94,93,3875
1.9599,0.2493,38.33,94,93,3878
1.9110,0.2395,38.46,94,93,3881
1.9404,0.2346,38.58,94,93,3886
1.9306,0.2444,38.55,94,93,3889
1.9404,0.2395,38.58,94,93,3892
2.0039,0.2395,38.33,94,93,3895
1.9453,0.2395,38.62,94,93,3898
1.9599,0.2346,38.58,94,93,3902
1.9941,0.2444,38.46,94,93,3905
1.9697,0.2395,38.58,94,93,3908
1.9941,0.2493,38.40,94,93,3911
1.9599,0.2346,38.52,94,93,3914
1.9648,0.2542,38.62,94,93,3918
1.9990,0.2395,38.49,94,93,3921
1.9941,0.2444,38.55,94,93,3924
2.0235,0.2395,38.43,94,93,3928
2.0283,0.2395,38.58,94,93,3931
1.9990,0.2395,38.55,94,93,3935
2.0332,0.2493,38.49,94,93,3938
2.0186,0.2444,38.52,94,93,3941
2.0283,0.2297,38.46,94,93,3944
2.0283,0.2395,38.65,94,93,3947
2.0430,0.2395,38.65,94,93,3951
2.1163,0.2590,38.40,94,93,3954
2.0919,0.2444,38.46,94,93,3957
2.0870,0.2346,38.58,94,93,3960
2.0919,0.2444,38.58,94,93,3963
2.0821,0.2395,38.55,94,93,3966
2.1212,0.2493,38.36,94,93,3971
2.0626,0.2346,38.49,94,93,3974
2.0381,0.2346,38.58,94,93,3977
2.0332,0.2493,38.49,94,93,3980
2.0235,0.2395,38.58,94,93,3983
2.0235,0.2395,38.43,94,93,3987
1.9453,0.2395,38.49,94,93,3990
1.9306,0.2395,38.58,94,93,3993
1.9355,0.2444,38.52,94,93,3996
1.9062,0.2395,38.58,94,93,3999
1.9306,0.2444,38.43,94,93,4003
1.8964,0.2395,38.08,94,93,4006
1.8817,0.2395,38.58,94,93,4009
1.8817,0.2493,38.46,94,93,4013
1.8475,0.2688,38.58,94,93,4016
1.8426,0.2395,38.49,94,93,4019
1.8231,0.2395,38.55,94,93,4023
1.8377,0.2444,38.58,94,93,4026
1.8866,0.2493,38.40,94,93,4029
1.8671,0.2444,38.52,94,93,4032
1.8671,0.2346,38.52,94,93,4035
1.8622,0.2395,38.65,94,93,4039
1.8573,0.2395,38.52,94,93,4042
1.9013,0.2590,38.40,94,93,4045
1.8475,0.2395,38.46,94,93,4048
1.8328,0.2395,38.55,94,93,4051
1.8328,0.2395,38.55,94,93,4056
1.8377,0.2346,38.55,94,93,4059
1.9062,0.2493,38.30,94,93,4062
1.9159,0.2444,38.49,94,93,4065
1.9453,0.2297,38.55,94,93,4068
2.0186,0.2493,38.46,94,93,4072
2.0626,0.2493,38.55,94,93,4075
2.1896,0.2444,38.36,94,93,4078
2.2825,0.2297,38.52,94,93,4081
2.4536,0.2737,38.62,94,93,4084
2.6784,0.2444,38.43,94,93,4088
2.8886,0.2395,38.58,94,93,4091
3.1525,0.2493,38.46,94,93,4094
3.2747,0.2395,38.58,94,93,4098
3.3333,0.2395,38.62,94,93,4101
3.2942,0.2493,38.43,94,93,4105
3.0156,0.2395,38.52,94,93,4108
2.7370,0.2395,38.40,94,93,4111
2.4242,0.2395,38.52,94,93,4114
2.1750,0.2395,37.80,94,93,4117
2.0283,0.2493,38.46,94,93,4120
1.8426,0.2444,38.43,94,93,4124
1.7058,0.2444,38.52,94,93,4127
1.6031,0.2786,38.55,94,93,4130
1.5347,0.2395,38.55,94,93,4133
1.5249,0.2542,38.30,94,93,4136
1.4761,0.2395,38.49,94,93,4141
1.4516,0.2395,38.58,94,93,4144
1.4614,0.2444,38.18,94,93,4147
1.4516,0.2395,38.62,94,93,4150
1.4858,0.2444,38.30,94,93,4153
1.4614,0.2395,38.52,94,93,4157
1.4663,0.2444,38.58,94,93,4160
1.5152,0.2444,38.49,94,93,4163
1.5298,0.2395,38.58,94,93,4166
1.5738,0.2395,38.40,94,93,4169
1.5640,0.2395,38.55,94,93,4173
1.5836,0.2346,38.55,94,93,4176
1.6276,0.2493,38.46,94,93,4179
1.6276,0.2395,38.55,94,93,4183
1.6764,0.2590,38.46,94,93,4186
1.6716,0.2444,38.58,94,93,4190
1.6862,0.2346,38.58,94,93,4193
1.7058,0.2444,38.43,94,93,4196
1.6960,0.2395,38.58,94,93,4199
1.7107,0.2395,38.46,94,93,4202
1.7009,0.2395,38.55,94,93,4206
1.7107,0.2395,38.71,94,93,4209
1.7498,0.2542,38.46,94,93,4212
1.7253,0.2786,38.55,94,93,4215
1.7107,0.2395,38.49,94,93,4218
1.7155,0.2395,38.52,94,93,4222
1.7204,0.2346,38.58,94,93,4226
1.7889,0.2590,38.33,94,93,4229
1.7595,0.2395,38.43,94,93,4232
1.7595,0.2395,38.81,94,93,4235
1.7693,0.2444,38.52,94,93,4238
1.7644,0.2346,38.58,94,93,4242
1.8133,0.2590,38.30,94,93,4245
1.7889,0.2346,38.62,94,93,4248
1.8084,0.2346,38.58,94,93,4251
1.8573,0.2444,38.49,94,93,4254
1.8084,0.2395,38.58,94,93,4258
1.8377,0.2395,38.40,94,93,4261
1.8133,0.2346,38.49,94,93,4264
1.8133,0.2346,38.58,94,93,4268
1.8182,0.2395,38.40,94,93,4271
1.7986,0.2395,38.52,94,93,4275
1.8328,0.2395,38.46,94,93,4278
1.8182,0.2444,38.58,94,93,4281
1.8573,0.2493,38.55,94,93,4285
1.8475,0.2346,38.58,94,93,4288
1.8671,0.2493,38.46,94,93,4291
1.8377,0.2395,38.55,94,93,4294
1.8524,0.2297,38.46,94,93,4297
1.8231,0.2395,38.49,94,93,4301
1.8328,0.2346,38.58,94,93,4304
1.8817,0.2444,38.46,94,93,4307
1.8768,0.2395,38.52,94,93,4311
1.9257,0.2395,38.43,94,93,4314
1.8915,0.2395,38.55,94,93,4318
1.8964,0.2346,38.55,94,93,4321
1.9257,0.2493,38.52,94,93,4324
1.8964,0.2395,38.55,94,93,4327
1.8866,0.2297,38.55,94,93,4330
1.8915,0.2395,38.55,94,93,4334
1.8719,0.2346,38.62,94,93,4337
1.9355,0.2493,38.33,94,93,4340
1.8964,0.2395,38.43,94,93,4343
1.9013,0.2346,38.58,94,93,4346
1.9306,0.2395,38.62,94,93,4350
1.9355,0.2346,38.52,94,93,4354
1.9892,0.2542,38.33,94,93,4357
1.9453,0.2346,38.55,94,93,4360
1.9453,0.2346,38.55,94,93,4363
1.9746,0.2444,38.49,94,93,4367
1.9648,0.2395,38.58,94,93,4370
1.9990,0.2395,38.33,94,93,4373
1.9844,0.2346,38.49,94,93,4376
1.9892,0.2346,38.55,94,93,4379
2.0186,0.2297,38.46,94,93,4383
2.0039,0.2395,38.58,94,93,4386
2.0235,0.2395,38.46,94,93,4389
1.9990,0.2346,38.58,94,93,4392
1.9941,0.2346,38.58,94,93,4396
1.9941,0.2444,38.52,94,93,4399
1.9648,0.2395,38.55,94,93,4403
1.9746,0.2395,38.46,94,93,4406
1.9697,0.2395,38.58,94,93,4409
1.9844,0.2297,38.58,94,93,4412
2.0235,0.2639,38.40,94,93,4415
2.0137,0.2493,38.49,94,93,4419
1.9355,0.2346,38.52,94,93,4422
1.9257,0.2346,38.55,94,93,4425
1.9159,0.2346,38.58,94,93,4428
1.9697,0.2493,38.30,94,93,4431
1.9257,0.2395,38.49,94,93,4435
1.9159,0.2346,38.62,94,93,4439
1.9306,0.2395,38.55,94,93,4442
1.9355,0.2346,38.55,94,93,4445
1.9599,0.2444,38.30,94,93,4448
1.9110,0.2395,38.46,94,93,4452
1.9110,0.2395,38.58,94,93,4455
1.8964,0.2493,38.49,94,93,4458
1.8622,0.2297,38.58,94,93,4461
1.8915,0.2395,38.40,94,93,4464
1.8671,0.2346,38.62,94,93,4468
1.8768,0.2346,38.62,94,93,4471
1.9013,0.2884,38.46,94,93,4474
1.8964,0.2297,38.55,94,93,4477
1.9062,0.2444,38.49,94,93,4481
1.8622,0.2346,38.58,94,93,4485
1.8573,0.2346,38.58,94,93,4488
1.8866,0.2444,38.36,94,93,4491
1.8768,0.2395,38.52,94,93,4494
1.8915,0.2395,38.40,94,93,4497
1.8817,0.2395,38.65,94,93,4500
1.8915,0.2346,38.52,94,93,4504
1.9453,0.2493,38.36,94,93,4507
1.9208,0.2444,38.52,94,93,4510
1.9208,0.2346,38.52,94,93,4513
1.9159,0.2444,38.55,94,93,4516
1.9062,0.2346,38.58,94,93,4520
1.9599,0.2542,38.33,94,93,4524
1.9306,0.2395,38.52,94,93,4527
1.9306,0.2346,38.62,94,93,4530
1.9648,0.2444,38.52,94,93,4533
1.9404,0.2590,38.52,94,93,4537
1.9746,0.2444,38.33,94,93,4540
1.9355,0.2493,38.52,94,93,4543
1.9599,0.2346,38.58,94,93,4546
1.9990,0.2493,38.49,94,93,4549
2.0088,0.2395,38.55,94,93,4553
2.0479,0.2444,38.36,94,93,4556
1.9990,0.2297,38.58,94,93,4559
1.9697,0.2346,38.55,94,93,4562
1.9844,0.2444,38.46,94,93,4566
1.9501,0.2395,38.62,94,93,4570
1.9990,0.2444,38.46,94,93,4573
2.0039,0.2688,38.62,94,93,4576
2.0283,0.2346,38.65,94,93,4579
2.0577,0.2493,38.49,94,93,4582
2.0430,0.2395,38.52,94,93,4585
2.0626,0.2346,38.52,94,93,4589
2.0577,0.2297,38.62,94,93,4592
2.0381,0.2346,38.55,94,93,4595
2.0528,0.2590,38.33,94,93,4598
1.9941,0.2395,38.46,94,93,4601
1.9599,0.2297,38.58,94,93,4605
1.9501,0.2395,38.58,94,93,4609
1.9208,0.2444,38.58,94,93,4612
1.9599,0.2493,38.27,94,93,4615
1.9013,0.2346,38.49,94,93,4618
1.8964,0.2346,38.58,94,93,4622
1.9208,0.2444,38.68,94,93,4625
1.9013,0.2346,38.55,94,93,4628
1.9306,0.2395,38.33,94,93,4631
1.9159,0.2346,38.58,94,93,4634
1.8622,0.2346,38.55,94,93,4638
1.8475,0.2444,38.46,94,93,4641
1.7986,0.2444,38.33,94,93,4644
1.7937,0.2346,38.49,94,93,4647
1.7644,0.2297,38.52,94,93,4651
1.7840,0.2346,37.93,94,93,4654
1.8328,0.2444,38.49,94,93,4658
1.8280,0.2444,38.62,94,93,4661
1.8426,0.2444,38.46,94,93,4664
1.8231,0.2346,38.58,94,93,4667
1.8084,0.2346,38.58,94,93,4670
1.8426,0.2444,38.49,94,93,4674
1.8377,0.2395,38.52,94,93,4677
1.8426,0.2346,38.52,94,93,4680
1.8719,0.2395,38.65,94,93,4683
1.9110,0.2346,38.65,94,93,4686
2.0186,0.2493,38.40,94,93,4690
2.0332,0.2395,38.49,94,93,4694
2.1114,0.2248,38.55,94,93,4697
2.2630,0.2346,38.52,94,93,4700
2.4389,0.2346,38.52,94,93,4703
2.7273,0.2444,38.30,94,93,4707
2.9130,0.2346,38.49,94,93,4710
3.2014,0.2346,38.58,94,93,4713
3.4115,0.2444,38.52,94,93,4716
3.4604,0.2346,38.58,94,93,4719
3.4164,0.2395,38.36,94,93,4723
3.0987,0.2395,38.49,94,93,4726
2.7468,0.2346,38.55,94,93,4729
2.4438,0.2395,38.46,94,93,4732
2.1359,0.2346,38.55,94,93,4736
1.9404,0.2346,38.46,94,93,4740
1.7400,0.2444,38.58,94,93,4743
1.5885,0.2297,38.58,94,93,4746
1.5298,0.2395,38.52,94,93,4749
1.4858,0.2346,38.55,94,93,4752
1.4907,0.2395,38.46,94,93,4755
1.4907,0.2395,38.36,94,93,4759
1.4663,0.2346,38.55,94,93,4762
1.4614,0.2786,38.40,94,93,4765
1.4370,0.2395,38.52,94,93,4768
1.4516,0.2346,38.49,94,93,4771
1.4712,0.2346,38.58,94,93,4775
1.4761,0.2297,38.58,94,93,4779
1.5298,0.2493,38.43,94,93,4782
1.5152,0.2346,38.55,94,93,4785
1.5494,0.2346,38.55,94,93,4788
1.5885,0.2395,38.55,94,93,4792
1.5982,0.2346,38.58,94,93,4795
1.6618,0.2444,38.33,94,93,4798
1.6520,0.2395,38.40,94,93,4801
1.6471,0.2395,38.62,94,93,4804
1.6618,0.2444,38.49,94,93,4808
1.6373,0.2395,38.55,94,93,4811
1.6813,0.2395,38.36,94,93,4814
1.6764,0.2297,38.52,94,93,4817
1.7107,0.2346,38.58,94,93,4820
1.7351,0.2395,38.49,94,93,4825
1.7498,0.2346,38.55,94,93,4828
1.7937,0.2346,38.65,94,93,4831
1.7840,0.2395,38.55,94,93,4834
1.7742,0.2395,38.58,94,93,4837
1.8377,0.2395,38.43,94,93,4841
1.8231,0.2346,38.52,94,93,4844
1.8426,0.2395,38.43,94,93,4847
1.7937,0.2346,38.68,94,93,4850
1.7498,0.2297,38.65,94,93,4853
1.7449,0.2444,38.49,94,93,4857
1.7107,0.2395,38.52,94,93,4860
1.7253,0.2395,38.55,94,93,4864
1.7351,0.2346,38.58,94,93,4867
1.7449,0.2297,38.58,94,93,4870
1.8035,0.2542,38.40,94,93,4874
1.7693,0.2395,38.52,94,93,4877
1.7595,0.2297,38.58,94,93,4880
1.7595,0.2395,38.62,94,93,4883
1.7546,0.2444,38.55,94,93,4886
1.8133,0.2444,38.27,94,93,4889
1.8524,0.2493,38.40,94,93,4893
1.8280,0.2346,38.49,94,93,4896
1.8328,0.2346,38.55,94,93,4899
1.8475,0.2395,38.65,94,93,4903
1.8524,0.2297,38.49,94,93,4907
1.9062,0.2493,38.30,94,93,4910
1.8866,0.2395,38.52,94,93,4913
1.8866,0.2346,38.58,94,93,4916
1.9159,0.2395,38.49,94,93,4920
1.8915,0.2346,38.62,94,93,4923
1.9062,0.2395,38.33,94,93,4926
1.8328,0.2346,38.52,94,93,4929
1.8133,0.2346,38.58,94,93,4932
1.8231,0.2395,38.46,94,93,4936
1.8231,0.2346,38.77,94,93,4939
1.8671,0.2444,38.40,94,93,4942
1.8426,0.2346,38.58,94,93,4945
1.8377,0.2346,38.55,94,93,4948
1.8573,0.2444,38.43,94,93,4953
1.8328,0.2346,38.55,94,93,4956
1.8671,0.2297,38.40,94,93,4959
1.8573,0.2346,38.52,94,93,4962
1.8719,0.2346,38.65,94,93,4965
1.9013,0.2444,38.46,94,93,4969
1.8817,0.2395,38.52,94,93,4972
1.8915,0.2444,38.49,94,93,4975
1.8964,0.2444,38.55,94,93,4978
1.9159,0.2346,38.58,94,93,4981
1.9844,0.2493,38.40,94,93,4985
1.9550,0.2395,38.49,94,93,4988
1.9501,0.2297,38.55,94,93,4992
1.9697,0.2297,38.55,94,93,4995
1.9501,0.2297,38.62,94,93,4998
1.9990,0.2590,38.30,94,93,5001
1.9501,0.2346,38.46,94,93,5005
1.9453,0.2444,38.55,94,93,5008
1.9892,0.2444,38.52,94,93,5011
1.9550,0.2346,38.62,94,93,5014
1.9746,0.2395,38.43,94,93,5017
1.9355,0.2346,38.58,94,93,5021
1.9257,0.2346,38.58,94,93,5024
1.9404,0.2395,38.46,94,93,5027
1.9208,0.2395,38.58,94,93,5030
1.9453,0.2346,38.49,94,93,5033
1.9013,0.2248,38.55,94,93,5038
1.8915,0.2346,38.58,94,93,5041
1.8964,0.2444,38.52,94,93,5044
1.8817,0.2346,38.55,94,93,5047
1.8768,0.2346,38.46,94,93,5050
1.8573,0.2346,38.58,94,93,5054
1.8573,0.2297,38.58,94,93,5057
1.9013,0.2542,38.43,94,93,5060
1.8964,0.2395,38.46,94,93,5063
1.9110,0.2688,38.52,94,93,5066
1.9062,0.2346,38.58,94,93,5070
1.9013,0.2346,38.62,94,93,5073
1.9453,0.2542,38.36,94,93,5076
1.9013,0.2346,38.40,94,93,5080
1.8573,0.2297,38.58,94,93,5083
1.8280,0.2395,38.62,94,93,5087
1.7840,0.2346,38.58,94,93,5090
1.8035,0.2444,38.33,94,93,5093
1.7498,0.2346,38.55,94,93,5096
1.7546,0.2395,38.58,94,93,5099
1.7889,0.2444,38.49,94,93,5102
1.7889,0.2297,38.55,94,93,5106
1.8377,0.2395,38.36,94,93,5109
1.8231,0.2346,38.46,94,93,5112
1.8182,0.2297,38.58,94,93,5115
1.8377,0.2444,38.46,94,93,5120
1.8426,0.2346,38.55,94,93,5123
1.8817,0.2346,38.43,94,93,5126
1.8475,0.2297,38.55,94,93,5129
1.8328,0.2297,38.58,94,93,5132
1.8524,0.2297,38.52,94,93,5135
1.8377,0.2346,38.55,94,93,5139
1.8524,0.2346,38.52,94,93,5142
1.8377,0.2444,38.62,94,93,5145
1.8524,0.2346,38.58,94,93,5148
1.9013,0.2395,38.43,94,93,5151
1.9013,0.2395,38.52,94,93,5155
1.9062,0.2346,38.49,94,93,5158
1.9062,0.2297,38.55,94,93,5161
1.8915,0.2297,38.55,94,93,5165
1.9355,0.2493,38.33,94,93,5168
1.8768,0.2346,38.46,94,93,5172
1.8671,0.2297,38.49,94,93,5175
1.8719,0.2346,38.52,94,93,5178
1.8768,0.2346,38.58,94,93,5181
1.9453,0.2395,38.30,94,93,5184
1.9355,0.2297,38.52,94,93,5188
1.9159,0.2346,38.55,94,93,5191
1.9208,0.2395,38.49,94,93,5194
1.8817,0.2297,38.71,94,93,5197
1.9062,0.2395,38.36,94,93,5200
1.8622,0.2346,38.52,94,93,5204
1.8622,0.2346,38.58,94,93,5208
1.8573,0.2346,38.49,94,93,5211
1.8328,0.2346,38.55,94,93,5214
1.8426,0.2346,38.46,94,93,5217
1.7791,0.2346,38.55,94,93,5221
1.7644,0.2297,38.52,94,93,5224
1.7840,0.2444,38.40,94,93,5227
1.7546,0.2346,38.55,94,93,5230
1.7644,0.2346,38.46,94,93,5233
1.7498,0.2346,38.58,94,93,5237
1.7351,0.2346,38.58,94,93,5240
1.7644,0.2444,38.43,94,93,5243
1.7351,0.2395,38.52,94,93,5246
1.7253,0.2346,38.55,94,93,5250
1.7058,0.2346,38.62,94,93,5253
1.6960,0.2444,38.58,94,93,5257
1.7546,0.2639,38.33,94,93,5260
1.7302,0.2346,38.46,94,93,5263
1.7253,0.2248,38.55,94,93,5266
1.7351,0.2297,38.58,94,93,5269
1.7253,0.2297,38.55,94,93,5273
1.7546,0.2444,38.33,94,93,5276
1.6960,0.2297,38.58,94,93,5279
1.6667,0.2297,38.58,94,93,5282
1.6618,0.2395,38.52,94,93,5285
1.6373,0.2297,37.96,94,93,5289
1.6618,0.2346,38.33,94,93,5293
1.6422,0.2346,38.62,94,93,5296
1.6960,0.2346,38.55,94,93,5299
1.7400,0.2395,38.46,94,93,5302
1.7204,0.2346,38.55,94,93,5306
1.7840,0.2395,38.46,94,93,5309
1.8035,0.2297,38.58,94,93,5312
1.8768,0.2297,38.55,94,93,5315
2.0088,0.2395,38.52,94,93,5318
2.1310,0.2346,38.55,94,93,5322
2.3314,0.2297,38.49,94,93,5325
2.5269,0.2346,38.62,94,93,5328
2.7664,0.2297,38.55,94,93,5331
3.0596,0.2444,38.46,94,93,5335
3.2014,0.2395,38.55,94,93,5338
3.2356,0.2297,38.46,94,93,5342
3.1329,0.2395,38.55,94,93,5345
2.8543,0.2346,38.58,94,93,5348
2.6051,0.2297,38.33,94,93,5351
2.2532,0.2346,38.43,94,93,5354
1.9697,0.2297,38.58,94,93,5358
1.7546,0.2395,38.55,94,93,5361
1.5885,0.2346,38.52,94,93,5364
1.4956,0.2444,38.27,94,93,5367
1.3734,0.2297,38.55,94,93,5370
1.3294,0.2248,38.52,94,93,5374
1.3343,0.2395,38.49,94,93,5378
1.3001,0.2297,38.58,94,93,5381
1.3196,0.2395,38.36,94,93,5384
1.3050,0.2346,38.49,94,93,5387
1.3294,0.2297,38.58,94,93,5391
1.3636,0.2346,38.46,94,93,5394
1.3832,0.2346,38.58,94,93,5397
1.4272,0.2493,38.49,94,93,5400
1.4321,0.2395,38.58,94,93,5403
1.4467,0.2346,38.55,94,93,5407
1.4809,0.2395,38.55,94,93,5410
1.4761,0.2346,38.55,94,93,5413
1.5005,0.2346,38.46,94,93,5416
1.4956,0.2346,38.58,94,93,5420
1.5054,0.2395,38.55,94,93,5424
1.5445,0.2444,38.40,94,93,5427
1.5347,0.2395,38.52,94,93,5430
1.5298,0.2346,38.49,94,93,5433
1.5396,0.2346,38.55,94,93,5436
1.5543,0.2297,37.99,94,93,5440
1.6080,0.2542,38.43,94,93,5443
1.5738,0.2346,38.49,94,93,5446
1.5787,0.2297,38.58,94,93,5449
1.5885,0.2297,38.52,94,93,5452
1.5934,0.2346,38.68,94,93,5456
1.6276,0.2395,38.30,94,93,5459
1.6227,0.2395,38.49,94,93,5463
1.6129,0.2297,38.58,94,93,5466
1.6373,0.2493,38.49,94,93,5469
1.6276,0.2688,38.58,94,93,5473
1.6667,0.2542,38.40,94,93,5476
1.6569,0.2395,38.52,94,93,5479
1.6716,0.2346,38.58,94,93,5482
1.6813,0.2346,38.49,94,93,5485
1.6667,0.2346,38.58,94,93,5488
1.6911,0.2444,38.49,94,93,5492
1.6618,0.2297,38.62,94,93,5495
1.6667,0.2835,38.62,94,93,5498
1.6960,0.2444,38.46,94,94,5501
1.6667,0.2346,38.43,94,94,5506
1.6569,0.2346,38.55,94,94,5509
1.7009,0.2297,38.43,94,94,5512
1.6911,0.2688,38.62,94,94,5515
1.7058,0.2395,38.58,94,94,5519
1.7204,0.2395,38.52,94,94,5522
1.7302,0.2346,38.55,94,94,5525
1.7107,0.2346,38.46,94,94,5528
1.6813,0.2297,38.62,94,94,5531
1.6813,0.2346,38.65,94,94,5535
1.7155,0.2444,38.40,94,94,5538
1.7009,0.2395,38.52,94,94,5541
1.7009,0.2346,38.05,94,94,5544
1.7009,0.2346,38.58,94,94,5548
1.7009,0.2297,38.58,94,94,5552
1.7449,0.2297,38.30,94,94,5555
1.7107,0.2297,38.71,94,94,5558
1.7058,0.2297,38.62,94,94,5561
1.7107,0.2395,38.62,94,94,5564
1.7449,0.2346,38.55,94,94,5567
1.7595,0.2395,38.33,94,94,5571
1.7449,0.2297,38.49,94,94,5574
1.7302,0.2297,38.55,94,94,5577
1.7449,0.2444,38.49,94,94,5580
1.7204,0.2297,38.58,94,94,5583
1.7449,0.2346,38.40,94,94,5587
1.7253,0.2297,38.52,94,94,5591
1.7400,0.2639,38.58,94,94,5594
1.7693,0.2395,38.46,94,94,5597
1.7791,0.2248,38.55,94,94,5600
1.8231,0.2395,38.49,94,94,5604
1.8182,0.2346,38.58,94,94,5607
1.8328,0.2297,38.58,94,94,5610
1.8671,0.2444,38.68,94,94,5613
1.8280,0.2590,38.58,94,94,5616
1.8280,0.2346,38.43,94,94,5620
1.7986,0.2248,38.55,94,94,5623
1.7889,0.2395,38.62,94,94,5626
1.8280,0.2395,38.43,94,94,5629
1.8182,0.2395,38.49,94,94,5633
1.7986,0.2346,38.52,94,94,5637
1.7986,0.2346,38.55,94,94,5640
1.7840,0.2297,38.68,94,94,5643
1.8328,0.2493,38.24,94,94,5646
1.7986,0.2395,38.33,94,94,5649
1.7840,0.2297,38.08,94,94,5653
1.7986,0.2346,38.55,94,94,5656
1.7889,0.2346,38.55,94,94,5659
1.8524,0.2444,38.27,94,94,5662
1.7986,0.2395,38.55,94,94,5665
1.7986,0.2346,38.65,94,94,5668
1.8182,0.2395,38.46,94,94,5672
1.8084,0.2297,38.58,94,94,5676
1.8231,0.2346,38.36,94,94,5679
1.7937,0.2297,38.62,94,94,5682
1.7937,0.2248,38.58,94,94,5685
1.8133,0.2444,38.46,94,94,5689
1.7889,0.2297,38.55,94,94,5692
1.8231,0.2297,38.49,94,94,5695
1.7937,0.2346,38.74,94,94,5698
1.7889,0.2297,38.68,94,94,5701
1.8084,0.2395,38.43,94,94,5705
1.7889,0.2493,38.62,94,94,5708
1.8035,0.2346,38.49,94,94,5711
1.7937,0.2444,38.55,94,94,5714
1.7986,0.2346,38.58,94,94,5718
1.8328,0.2493,38.46,94,94,5722
1.7986,0.2395,38.49,94,94,5725
1.7693,0.2297,38.52,94,94,5728
1.7644,0.2346,38.49,94,94,5731
1.7595,0.2297,38.49,94,94,5734
1.8182,0.2493,38.33,94,94,5738
1.7937,0.2346,38.49,94,94,5741
1.7986,0.2395,38.65,94,94,5744
1.8084,0.2395,38.55,94,94,5747
1.7986,0.2346,38.58,94,94,5750
1.8377,0.2346,38.30,94,94,5754
1.7937,0.2297,38.55,94,94,5757
1.8035,0.2297,38.58,94,94,5761
1.8231,0.2444,38.46,94,94,5764
1.7986,0.2346,38.58,94,94,5767
1.8231,0.2346,38.40,94,94,5771
1.7937,0.2346,38.49,94,94,5774
1.8231,0.2346,38.58,94,94,5777
1.8133,0.2395,38.52,94,94,5780
1.8035,0.2297,38.55,94,94,5783
1.8328,0.2395,38.43,94,94,5787
1.8084,0.2346,38.62,94,94,5790
1.8182,0.2297,38.58,94,94,5793
1.8475,0.2395,38.58,94,94,5796
1.8426,0.2297,38.55,94,94,5799
1.8573,0.2346,38.46,94,94,5803
1.8573,0.2297,38.58,94,94,5807
1.8719,0.2297,38.58,94,94,5810
1.9306,0.2444,38.36,94,94,5813
1.9110,0.2395,38.49,94,94,5816
1.9110,0.2297,38.46,94,94,5819
1.9306,0.2346,38.58,94,94,5823
1.9453,0.2297,38.49,94,94,5826
2.0137,0.2590,38.30,94,94,5829
1.9697,0.2346,38.49,94,94,5832
1.9648,0.2346,38.55,94,94,5835
2.0088,0.2346,38.49,94,94,5839
1.9453,0.2297,38.55,94,94,5842
1.9746,0.2395,38.33,94,94,5846
1.9110,0.2395,38.46,94,94,5849
1.8768,0.2346,38.58,94,94,5852
1.8671,0.2395,38.43,94,94,5856
1.8377,0.2346,38.62,94,94,5859
1.8622,0.2590,38.40,94,94,5862
1.8475,0.2297,38.55,94,94,5865
1.8573,0.2346,38.58,94,94,5868
1.8622,0.2395,38.52,94,94,5872
1.8328,0.2346,38.58,94,94,5875
1.8231,0.2395,38.43,94,94,5878
1.7644,0.2346,38.58,94,94,5881
1.7449,0.2297,38.40,94,94,5884
1.7644,0.2542,38.36,94,94,5889
1.7400,0.2395,38.52,94,94,5892
1.7546,0.2346,38.40,94,94,5895
1.7693,0.2346,38.62,94,94,5898
1.7498,0.2346,38.58,94,94,5901
1.8035,0.2493,38.43,94,94,5904
1.7644,0.2297,38.52,94,94,5908
1.7546,0.2297,38.55,94,94,5911
1.7693,0.2395,38.55,94,94,5914
1.7791,0.2493,38.58,94,94,5917
1.8524,0.2493,38.30,94,94,5920
1.8328,0.2346,38.49,94,94,5924
1.8231,0.2346,38.58,94,94,5927
1.8426,0.2395,38.52,94,94,5931
1.8377,0.2346,38.58,94,94,5934
1.9062,0.2395,38.33,94,94,5937
1.9062,0.2346,38.52,94,94,5941
1.9648,0.2493,38.77,94,94,5944
2.0674,0.2346,38.49,94,94,5947
2.1799,0.2346,38.58,94,94,5950
2.3851,0.2346,38.43,94,94,5953
2.5709,0.2395,38.58,94,94,5957
2.8152,0.2346,38.55,94,94,5960
3.0890,0.2395,38.43,94,94,5963
3.2063,0.2297,38.55,94,94,5966
3.2796,0.2346,38.43,94,94,5969
3.1134,0.2297,38.58,94,94,5974
2.8690,0.2297,38.55,94,94,5977
2.6100,0.2444,38.46,94,94,5980
2.2972,0.2346,38.62,94,94,5983
2.0577,0.2346,38.55,94,94,5986
1.8426,0.2346,38.55,94,94,5989
1.6716,0.2395,38.55,94,94,5993
1.5934,0.2542,38.43,94,94,5996
1.4712,0.2395,38.52,94,94,5999
1.4125,0.2297,38.55,94,94,6002
1.3881,0.2395,38.52,94,94,6005
1.3636,0.2297,38.65,94,94,6009
1.3930,0.2444,38.27,94,94,6012
1.3930,0.2395,38.49,94,94,6016
1.3685,0.2346,38.58,94,94,6019
1.4125,0.2395,38.55,94,94,6022
1.4223,0.2346,38.62,94,94,6026
1.4712,0.2395,38.33,94,94,6029
1.4761,0.2346,38.62,94,94,6032
1.5152,0.2639,38.58,94,94,6035
1.5689,0.2444,38.55,94,94,6038
1.5738,0.2346,38.55,94,94,6042
1.6129,0.2346,38.40,94,94,6045
1.6129,0.2346,38.52,94,94,6048
1.6276,0.2346,38.58,94,94,6051
1.6373,0.2346,38.52,94,94,6054
1.5934,0.2297,38.58,94,94,6059
1.5885,0.2395,38.43,94,94,6062
1.5543,0.2346,38.81,94,94,6065
1.5543,0.2346,38.55,94,94,6068
1.5934,0.2444,38.49,94,94,6071
1.5640,0.2346,38.55,94,94,6075
1.5836,0.2346,38.49,94,94,6078
1.5934,0.2346,38.43,94,94,6081
1.6080,0.2395,38.55,94,94,6084
1.6618,0.2444,38.43,94,94,6087
1.6422,0.2395,38.49,94,94,6091
1.6325,0.2346,38.58,94,94,6094
1.6667,0.2346,38.62,94,94,6097
1.6813,0.2297,38.58,94,94,6100
1.7351,0.2297,38.27,94,94,6104
1.7058,0.2297,38.62,94,94,6108
1.7107,0.2346,38.68,94,94,6111
1.7155,0.2639,38.52,94,94,6114
1.7155,0.2395,38.58,94,94,6118
1.7204,0.2346,38.49,94,94,6121
1.7742,0.2493,38.36,94,94,6124
1.7644,0.2346,38.49,94,94,6127
1.7449,0.2346,38.58,94,94,6130
1.7644,0.2395,38.55,94,94,6134
1.7693,0.2297,38.58,94,94,6137
1.8182,0.2395,38.33,94,94,6140
1.7791,0.2590,38.52,94,94,6144
1.7791,0.2297,38.55,94,94,6147
1.7742,0.2444,38.52,94,94,6151
1.7498,0.2346,38.62,94,94,6154
1.7595,0.2297,38.40,94,94,6157
1.7351,0.2297,38.49,94,94,6160
1.7400,0.2297,38.58,94,94,6163
1.7693,0.2395,38.40,94,94,6167
1.7644,0.2346,38.33,94,94,6170
1.7937,0.2395,38.46,94,94,6173
1.7644,0.2835,38.55,94,94,6176
1.7595,0.2346,38.58,94,94,6179
1.7937,0.2395,38.52,94,94,6182
1.7889,0.2346,38.55,94,94,6187
1.8035,0.2297,38.46,94,94,6190
1.8035,0.2346,38.62,94,94,6193
1.8328,0.2346,38.58,94,94,6196
1.8915,0.2395,38.40,94,94,6199
1.8817,0.2346,38.49,94,94,6203
1.8622,0.2346,38.52,94,94,6206
1.8475,0.2346,38.58,94,94,6209
1.8328,0.2346,38.58,94,94,6212
1.8817,0.2542,38.30,94,94,6215
1.8377,0.2346,38.52,94,94,6219
1.8426,0.2346,38.58,94,94,6222
1.8671,0.2395,38.55,94,94,6225
1.8622,0.2444,38.55,94,94,6228
1.9110,0.2786,38.30,94,94,6232
1.8817,0.2346,38.46,94,94,6236
1.8719,0.2395,38.55,94,94,6239
1.8719,0.2444,38.55,94,94,6242
1.8475,0.2346,38.52,94,94,6245
1.8768,0.2346,38.40,94,94,6248
1.8475,0.2297,38.68,94,94,6252
1.8622,0.2395,38.55,94,94,6255
1.8866,0.2395,38.49,94,94,6258
1.8768,0.2444,38.58,94,94,6261
1.9355,0.2395,38.46,94,94,6264
1.8817,0.2346,38.52,94,94,6268
1.8768,0.2297,38.62,94,94,6272
1.9013,0.2444,38.43,94,94,6275
1.8622,0.2297,38.55,94,94,6278
1.8573,0.2590,38.49,94,94,6281
1.8280,0.2346,38.62,94,94,6285
1.8182,0.2395,38.55,94,94,6288
1.8573,0.2395,38.43,94,94,6291
1.8231,0.2297,38.55,94,94,6294
1.8133,0.2297,38.49,94,94,6297
1.8084,0.2346,38.58,94,94,6301
1.8035,0.2297,38.52,94,94,6304
1.8573,0.2493,38.36,94,94,6307
1.8280,0.2346,38.49,94,94,6310
1.8182,0.2346,38.58,94,94,6313
1.8328,0.2395,38.55,94,94,6318
1.8133,0.2346,38.58,94,94,6321
1.8573,0.2444,38.30,94,94,6324
1.8182,0.2346,38.55,94,94,6327
1.8133,0.2248,38.58,94,94,6330
1.8231,0.2493,38.49,94,94,6333
1.8035,0.2346,38.58,94,94,6337
1.8524,0.2346,38.36,94,94,6340
1.7840,0.2297,38.58,94,94,6343
1.7791,0.2346,38.58,94,94,6346
1.7986,0.2444,38.46,94,94,6349
1.7742,0.2395,38.62,94,94,6353
1.8035,0.2444,38.46,94,94,6356
1.7840,0.2444,38.55,94,94,6360
1.7937,0.2346,38.58,94,94,6363
1.8182,0.2444,38.46,94,94,6366
1.8133,0.2346,38.55,94,94,6370
1.8328,0.2297,38.46,94,94,6373
1.8182,0.2346,37.87,94,94,6376
1.8426,0.2346,38.58,94,94,6379
1.9062,0.2786,38.46,94,94,6382
1.8964,0.2444,38.49,94,94,6386
1.8768,0.2346,38.52,94,94,6389
1.8524,0.2297,38.55,94,94,6392
1.8280,0.2346,38.62,94,94,6395
1.8817,0.2542,38.33,94,94,6398
1.8475,0.2346,38.49,94,94,6403
1.8524,0.2248,38.55,94,94,6406
1.8768,0.2395,38.55,94,94,6409
1.8964,0.2346,38.55,94,94,6412
1.9306,0.2542,38.30,94,94,6415
1.8964,0.2346,38.55,94,94,6419
1.9159,0.2346,38.55,94,94,6422
1.9501,0.2444,38.49,94,94,6425
1.9404,0.2346,38.58,94,94,6428
1.9795,0.2395,38.52,94,94,6431
1.9501,0.2346,38.49,94,94,6435
1.9306,0.2346,38.62,94,94,6438
1.9501,0.2395,38.43,94,94,6441
1.9110,0.2346,38.58,94,94,6445
1.9501,0.2395,38.49,94,94,6448
1.9306,0.2297,38.58,94,94,6452
1.9453,0.2297,38.62,94,94,6455
1.9746,0.2395,38.52,94,94,6458
1.9648,0.2346,38.55,94,94,6461
1.9795,0.2346,38.55,94,94,6464
1.9550,0.2248,38.55,94,94,6467
1.9404,0.2395,38.58,94,94,6471
1.9501,0.2395,38.40,94,94,6474
1.9062,0.2395,38.52,94,94,6477
1.8622,0.2346,38.49,94,94,6480
1.8426,0.2346,38.55,94,94,6483
1.8377,0.2297,38.62,94,94,6488
1.8817,0.2542,38.33,94,94,6491
1.8280,0.2346,38.58,94,94,6494
1.8231,0.2346,38.65,94,94,6497
1.8280,0.2639,38.52,94,94,6500
1.8328,0.2346,38.58,94,94,6504
1.8475,0.2444,38.30,94,94,6507
1.8280,0.2395,38.46,94,94,6510
1.7840,0.2395,38.58,94,94,6513
1.7840,0.2493,38.49,94,94,6516
1.7400,0.2346,38.68,94,94,6520
1.7595,0.2346,38.40,94,94,6523
1.7400,0.2297,38.52,94,94,6526
1.7498,0.2297,38.68,94,94,6530
1.7693,0.2346,38.49,94,94,6533
1.7742,0.2639,38.58,94,94,6537
1.8035,0.2444,38.43,94,94,6540
1.7840,0.2346,38.58,94,94,6543
1.8231,0.2346,38.58,94,94,6546
1.8377,0.2395,38.40,94,94,6549
1.8182,0.2395,38.55,94,94,6553
1.8377,0.2346,38.49,94,94,6556
1.8426,0.2346,38.71,94,94,6559
1.8768,0.2346,38.52,94,94,6562
1.9599,0.2590,38.40,94,94,6565
1.9941,0.2395,38.52,94,94,6568
2.0723,0.2297,38.52,94,94,6573
2.1994,0.2444,38.55,94,94,6576
2.3412,0.2395,38.58,94,94,6579
2.6197,0.2493,38.30,94,94,6582
2.8201,0.2346,38.46,94,94,6585
3.0352,0.2395,38.58,94,94,6589
3.2698,0.2297,38.49,94,94,6592
3.3382,0.2297,38.58,94,94,6595
3.3382,0.2395,38.30,94,94,6598
3.0645,0.2297,38.49,94,94,6601
2.7566,0.2346,38.58,94,94,6605
2.4731,0.2395,38.46,94,94,6608
2.1848,0.2346,38.58,94,94,6611
1.9795,0.2346,38.62,94,94,6615
1.7644,0.2346,38.58,94,94,6618
1.6178,0.2444,38.55,94,94,6622
1.5787,0.2493,38.46,94,94,6625
1.4712,0.2346,38.55,94,94,6628
1.4516,0.2395,38.46,94,94,6631
1.4027,0.2346,38.58,94,94,6634
1.3978,0.2346,38.58,94,94,6638
1.4174,0.2590,38.46,94,94,6641
1.4174,0.2395,38.55,94,94,6644
1.4467,0.2395,38.43,94,94,6647
1.4809,0.2346,38.55,94,94,6650
1.4663,0.2346,38.58,94,94,6653
1.5200,0.2493,38.40,94,94,6658
1.5103,0.2395,38.49,94,94,6661
1.5298,0.2297,38.58,94,94,6664
1.5640,0.2395,38.52,94,94,6667
1.5738,0.2346,38.55,94,94,6670
1.6325,0.2444,38.40,94,94,6674
1.6031,0.2395,38.49,94,94,6677
1.6031,0.2346,38.58,94,94,6680
1.6178,0.2346,38.52,94,94,6683
1.5982,0.2395,38.62,94,94,6686
1.6471,0.2444,38.36,94,94,6690
1.6129,0.2297,38.84,94,94,6693
1.6325,0.2346,38.68,94,94,6696
1.6569,0.2688,38.55,94,94,6700
1.6569,0.2346,38.55,94,94,6703
1.6960,0.2346,38.43,94,94,6707
1.6862,0.2346,38.52,94,94,6710
1.7107,0.2346,38.55,94,94,6713
1.7400,0.2346,38.46,94,94,6716
1.7302,0.2297,38.58,94,94,6719
1.7595,0.2395,38.40,94,94,6723
1.7400,0.2297,38.58,94,94,6726
1.7009,0.2346,38.58,94,94,6729
1.7351,0.2346,38.58,94,94,6733
1.7595,0.2395,38.46,94,94,6736
1.7400,0.2395,38.55,94,94,6739
1.7546,0.2395,38.43,94,94,6743
1.7253,0.2346,38.62,94,94,6746
1.7155,0.2346,38.65,94,94,6749
1.7351,0.2444,38.49,94,94,6753
1.7155,0.2346,38.55,94,94,6756
1.7693,0.2346,38.46,94,94,6759
1.7302,0.2395,38.58,94,94,6762
1.7253,0.2346,38.55,94,94,6765
1.7840,0.2493,38.43,94,94,6769
1.7546,0.2395,38.36,94,94,6772
1.7498,0.2297,38.74,94,94,6775
1.7889,0.2346,38.55,94,94,6778
1.7644,0.2444,38.55,94,94,6781
1.8084,0.2493,38.24,94,94,6786
1.7644,0.2346,38.71,94,94,6789
1.7595,0.2297,38.68,94,94,6792
1.7742,0.2395,38.68,94,94,6795
1.7693,0.2346,38.58,94,94,6798
1.8182,0.2444,38.33,94,94,6802
1.8182,0.2346,38.62,94,94,6805
1.7986,0.2346,38.58,94,94,6808
1.8231,0.2297,38.46,94,94,6811
1.8231,0.2346,38.55,94,94,6814
1.8524,0.2346,38.43,94,94,6818
1.8280,0.2346,38.62,94,94,6821
1.8328,0.2297,38.58,94,94,6824
1.8524,0.2542,38.46,94,94,6828
1.8377,0.2395,38.58,94,94,6831
1.8719,0.2346,38.43,94,94,6835
1.8622,0.2395,38.55,94,94,6838
1.8866,0.2297,38.58,94,94,6841
1.9306,0.2444,38.62,94,94,6844
1.9306,0.2346,38.55,94,94,6847
1.9550,0.2346,38.46,94,94,6851
1.9550,0.2444,38.55,94,94,6854
1.9648,0.2639,38.62,94,94,6857
2.0332,0.2493,38.40,94,94,6860
1.9844,0.2395,38.52,94,94,6863
1.9648,0.2346,38.55,94,94,6867
1.9648,0.2297,38.55,94,94,6871
1.9550,0.2297,38.65,94,94,6874
1.9990,0.2493,38.24,94,94,6877
1.9355,0.2542,38.49,94,94,6880
1.9257,0.2346,38.55,94,94,6884
1.9306,0.2395,38.55,94,94,6887
1.9208,0.2297,38.58,94,94,6890
1.9795,0.2395,38.33,94,94,6893
1.9648,0.2395,38.49,94,94,6896
1.9550,0.2297,38.55,94,94,6899
1.9746,0.2444,38.46,94,94,6903
1.9599,0.2346,38.58,94,94,6906
1.9844,0.2297,38.36,94,94,6909
1.9599,0.2346,38.52,94,94,6913
1.9062,0.2395,38.58,94,94,6916
1.8866,0.2346,38.46,94,94,6920
1.8866,0.2346,38.55,94,94,6923
1.9062,0.2297,38.46,94,94,6926
1.8817,0.2346,38.71,94,94,6929
1.8915,0.2297,37.83,94,94,6932
1.9257,0.2933,38.36,94,94,6936
1.9159,0.2395,38.55,94,94,6939
1.8964,0.2444,38.46,94,94,6942
1.8964,0.2346,38.58,94,94,6945
1.8964,0.2346,38.58,94,94,6948
1.9501,0.2297,38.43,94,94,6952
1.9110,0.2395,38.52,94,94,6956
1.8915,0.2346,38.52,94,94,6959
1.8915,0.2395,38.58,94,94,6962
1.8768,0.2395,38.58,94,94,6965
1.9159,0.2493,38.30,94,94,6969
1.8768,0.2395,38.55,94,94,6972
1.8671,0.2590,38.55,94,94,6975
1.8817,0.2395,38.52,94,94,6978
1.8475,0.2346,38.55,94,94,6981
1.8768,0.2395,38.30,94,94,6985
1.8377,0.2346,38.52,94,94,6988
1.8377,0.2346,38.55,94,94,6991
1.8524,0.2395,37.74,94,94,6994
1.8426,0.2346,38.65,94,94,6998
1.8817,0.2346,38.40,94,94,7002
1.8671,0.2346,38.55,94,94,7005
1.8671,0.2346,38.55,94,94,7008
1.8964,0.2395,38.43,94,94,7011
1.8719,0.2346,38.58,94,94,7014
1.9110,0.2395,38.52,94,94,7018
1.9013,0.2346,38.65,94,94,7021
1.9062,0.2297,38.71,94,94,7024
1.9355,0.2444,38.46,94,94,7027
1.9159,0.2395,38.52,94,94,7030
1.9257,0.2395,38.46,94,94,7033
1.9257,0.2346,38.52,94,94,7037
1.9550,0.2297,38.58,94,94,7041
2.0186,0.2493,38.43,94,94,7044
1.9892,0.2444,38.52,94,94,7047
1.9697,0.2346,38.52,94,94,7050
1.9746,0.2346,38.49,94,94,7054
1.9795,0.2297,38.71,94,94,7057
2.0430,0.2444,38.24,94,94,7060
1.9941,0.2346,38.49,94,94,7063
2.0137,0.2395,38.58,94,94,7066
2.0186,0.2395,38.55,94,94,7070
2.0039,0.2346,38.58,94,94,7073
2.0528,0.2444,38.36,94,94,7076
2.0283,0.2346,38.58,94,94,7079
2.0088,0.2346,38.58,94,94,7083
2.0088,0.2395,38.46,94,94,7087
1.9648,0.2346,38.55,94,94,7090
1.9746,0.2346,38.40,94,94,7093
1.9306,0.2297,38.52,94,94,7096
1.8964,0.2346,38.58,94,94,7099
1.8915,0.2444,38.55,94,94,7102
1.8524,0.2346,38.65,94,94,7106
1.8622,0.2346,38.68,94,94,7109
1.8328,0.2346,38.62,94,94,7112
1.8768,0.2346,38.55,94,94,7115
1.8768,0.2395,38.49,94,94,7118
1.8671,0.2395,38.52,94,94,7122
1.8231,0.2346,38.46,94,94,7126
1.7937,0.2346,38.49,94,94,7129
1.7840,0.2297,38.43,94,94,7132
1.8377,0.2493,38.36,94,94,7135
1.8280,0.2395,38.46,94,94,7139
1.8573,0.2346,38.52,94,94,7142
1.8426,0.2297,38.55,94,94,7145
1.8328,0.2346,38.58,94,94,7148
1.8719,0.2444,38.30,94,94,7151
1.8133,0.2297,38.52,94,94,7155
1.8133,0.2297,38.43,94,94,7158
1.8133,0.2884,38.49,94,94,7161
1.7937,0.2346,38.58,94,94,7164
1.8377,0.2346,38.36,94,94,7168
1.8671,0.2346,38.43,94,94,7172
1.8573,0.2297,38.55,94,94,7175
1.9208,0.2395,38.43,94,94,7178
1.9453,0.2444,38.62,94,94,7181
2.0235,0.2346,38.43,94,94,7184
2.0772,0.2542,38.55,94,94,7188
2.2043,0.2346,38.55,94,94,7191
2.3851,0.2395,38.49,94,94,7194
2.6051,0.2346,38.55,94,94,7197
2.8837,0.2346,38.43,94,94,7200
3.0743,0.2297,38.55,94,94,7204
3.2893,0.2297,38.58,94,94,7207
3.4506,0.2395,38.40,94,94,7211
3.3431,0.2395,38.46,94,94,7214
3.1232,0.2297,38.49,94,94,7217
2.8104,0.2346,38.65,94,94,7220
2.4780,0.2297,38.65,94,94,7224
2.2434,0.2493,38.30,94,94,7227
1.9501,0.2297,38.49,94,94,7230
1.7742,0.2346,38.55,94,94,7233
1.6325,0.2248,38.55,94,94,7236
1.5200,0.2297,38.58,94,94,7240
1.4956,0.2395,38.27,94,94,7243
1.4370,0.2395,38.52,94,94,7246
1.3978,0.2346,38.68,94,94,7249
1.3881,0.2395,38.49,94,94,7252
1.3539,0.2297,38.58,94,94,7257
1.3734,0.2542,38.36,94,94,7260
1.3685,0.2346,38.52,94,94,7263
1.4370,0.2346,38.58,94,94,7266
1.4761,0.2346,38.49,94,94,7269
1.5152,0.2297,38.58,94,94,7273
1.5738,0.2346,38.43,94,94,7276
1.5934,0.2297,38.58,94,94,7279
1.6227,0.2297,38.65,94,94,7282
1.6569,0.2688,38.43,94,94,7285
1.6325,0.2346,38.55,94,94,7289
1.6422,0.2346,38.46,94,94,7292
1.6129,0.2297,38.58,94,94,7296
1.6178,0.2297,38.58,94,94,7299
1.6569,0.2395,38.46,94,94,7302
1.6520,0.2346,38.58,94,94,7306
1.6618,0.2297,38.33,94,94,7309
1.6764,0.2346,38.58,94,94,7312
1.7351,0.2346,38.62,94,94,7315
1.7986,0.2493,38.36,94,94,7318
1.7595,0.2297,38.52,94,94,7322
1.7204,0.2248,38.58,94,94,7325
1.7155,0.2346,38.68,94,94,7328
1.7302,0.2297,38.46,94,94,7331
1.8035,0.2493,38.30,94,94,7334
1.8035,0.2297,38.43,94,94,7339
1.7840,0.2346,38.55,94,94,7342
1.7889,0.2346,38.68,94,94,7345
1.7840,0.2297,38.55,94,94,7348
1.7693,0.2297,38.65,94,94,7352
1.7986,0.2493,38.27,94,94,7355
1.7791,0.2346,38.49,94,94,7358
1.7840,0.2297,38.55,94,94,7361
1.8182,0.2395,38.49,94,94,7364
1.8182,0.2346,38.62,94,94,7368
1.8573,0.2395,38.36,94,94,7371
1.7986,0.2297,38.49,94,94,7374
1.8280,0.2297,38.55,94,94,7377
1.8622,0.2346,38.49,94,94,7380
1.8426,0.2297,38.58,94,94,7385
1.8475,0.2346,38.46,94,94,7388
1.7986,0.2395,38.55,94,94,7391
1.8035,0.2346,38.58,94,94,7394
1.8573,0.2737,38.43,94,94,7397
1.8622,0.2297,38.55,94,94,7401
1.9062,0.2346,38.43,94,94,7404
1.8866,0.2346,38.55,94,94,7407
1.8719,0.2297,38.62,94,94,7410
1.8719,0.2395,38.49,94,94,7413
1.8377,0.2346,38.62,94,94,7417
1.8280,0.2248,38.55,94,94,7420
1.7937,0.2346,38.55,94,94,7424
1.7693,0.2297,38.55,94,94,7427
1.8377,0.2493,38.36,94,94,7430
1.8231,0.2346,38.52,94,94,7434
1.8280,0.2248,38.62,94,94,7437
1.8524,0.2297,38.55,94,94,7440
1.8719,0.2395,38.55,94,94,7443
1.9599,0.2444,38.30,94,94,7446
1.9110,0.2297,38.49,94,94,7450
1.8915,0.2346,38.58,94,94,7453
1.8915,0.2346,38.55,94,94,7456
1.8622,0.2297,38.55,94,94,7459
1.9159,0.2346,38.33,94,94,7462
1.9453,0.2395,38.68,94,94,7467
1.9550,0.2297,38.58,94,94,7470
2.0088,0.2395,38.46,94,94,7473
1.9990,0.2346,38.58,94,94,7476
2.0186,0.2346,38.43,94,94,7479
1.9599,0.2248,38.52,94,94,7482
1.9306,0.2297,38.55,94,94,7486
1.9257,0.2395,38.52,94,94,7489
1.8915,0.2297,38.58,94,94,7492
1.9208,0.2346,38.46,94,94,7495
1.9306,0.2297,38.55,94,94,7498
1.9599,0.2297,38.58,94,94,7502
1.9941,0.2786,38.49,94,94,7505
1.9599,0.2346,38.55,94,94,7508
1.9404,0.2346,38.49,94,94,7512
1.9110,0.2346,38.55,94,94,7515
1.8964,0.2297,38.58,94,94,7519
1.9404,0.2297,38.40,94,94,7522
1.9062,0.2346,38.49,94,94,7525
1.9013,0.2248,38.55,94,94,7528
1.9110,0.2346,38.55,94,94,7531
1.9013,0.2297,38.58,94,94,7535
1.9355,0.2395,38.27,94,94,7538
1.8768,0.2346,38.55,94,94,7541
1.8719,0.2297,38.58,94,94,7544
1.9013,0.2395,38.49,94,94,7547
1.8915,0.2395,38.58,94,94,7552
1.9355,0.2346,38.33,94,94,7555
1.9159,0.2297,38.46,94,94,7558
1.9110,0.2297,38.49,94,94,7561
1.9208,0.2346,38.46,94,94,7564
1.9208,0.2346,38.62,94,94,7568
1.9257,0.2346,38.46,94,94,7571
1.8915,0.2346,38.55,94,94,7574
1.9013,0.2297,38.58,94,94,7577
1.9062,0.2346,38.55,94,94,7580
1.8817,0.2297,38.55,94,94,7583
1.8915,0.2346,38.43,94,94,7587
1.8622,0.2297,38.65,94,94,7590
1.8524,0.2297,38.62,94,94,7593
1.8866,0.2444,38.36,94,94,7597
1.8768,0.2346,38.55,94,94,7600
1.8866,0.2346,38.49,94,94,7604
1.8817,0.2297,38.58,94,94,7607
1.8719,0.2297,38.58,94,94,7610
1.9208,0.2493,38.46,94,94,7613
1.8768,0.2297,38.62,94,94,7616
1.8768,0.2248,38.52,94,94,7620
1.9013,0.2346,38.52,94,94,7623
1.9355,0.2346,38.58,94,94,7626
1.9941,0.2493,38.30,94,94,7629
1.9306,0.2346,38.46,94,94,7632
1.9208,0.2102,38.58,94,94,7636
1.9110,0.2346,38.46,94,94,7640
1.8866,0.2297,38.62,94,94,7643
1.9208,0.2346,38.36,94,94,7646
1.8866,0.2297,38.49,94,94,7649
1.8915,0.2297,38.52,94,94,7653
1.9208,0.2444,38.55,94,94,7656
1.9257,0.2493,38.55,94,94,7659
1.9599,0.2346,38.40,94,94,7662
1.9208,0.2297,38.55,94,94,7665
1.9159,0.2297,38.58,94,94,7669
1.9404,0.2297,38.46,94,94,7672
1.9110,0.2297,38.65,94,94,7675
1.9453,0.2346,38.46,94,94,7678
1.9404,0.2297,38.55,94,94,7682
1.9648,0.2297,38.62,94,94,7686
2.0186,0.2444,38.46,94,94,7689
2.0186,0.2346,38.55,94,94,7692
1.9892,0.2248,38.49,94,94,7695
1.9844,0.2346,38.58,94,94,7698
1.9795,0.2297,38.58,94,94,7701
2.0186,0.2493,38.40,94,94,7705
1.9453,0.2346,38.46,94,94,7708
1.9062,0.2248,38.62,94,94,7711
1.9062,0.2346,38.55,94,94,7714
1.9013,0.2297,38.55,94,94,7717
1.9404,0.2444,38.30,94,94,7721
1.9110,0.2346,38.52,94,94,7725
1.8475,0.2297,38.58,94,94,7728
1.8475,0.2346,38.49,94,94,7731
1.8035,0.2199,38.55,94,94,7734
1.8524,0.2346,38.43,94,94,7738
1.7937,0.2297,38.58,94,94,7741
1.7937,0.2297,38.58,94,94,7744
1.8182,0.2395,37.77,94,94,7747
1.7937,0.2297,38.58,94,94,7750
1.8084,0.2395,38.46,94,94,7754
1.7693,0.2248,38.58,94,94,7757
1.7644,0.2297,38.55,94,94,7760
1.7791,0.2395,38.46,94,94,7763
1.7498,0.2297,38.55,94,94,7767
1.7498,0.2297,38.43,94,94,7771
1.7155,0.2297,38.62,94,94,7774
1.7058,0.2444,38.58,94,94,7777
1.7400,0.2444,38.46,94,94,7780
1.7155,0.2346,38.52,94,94,7783
1.7155,0.2297,38.49,94,94,7787
1.7351,0.2297,38.58,94,94,7790
1.7546,0.2297,38.58,94,94,7793
1.8475,0.2493,38.36,94,94,7796
1.8622,0.2395,38.43,94,94,7799
1.9257,0.2151,38.58,94,94,7803
2.0674,0.2346,38.55,94,94,7806
2.1945,0.2346,38.55,94,94,7810
2.4682,0.2395,38.30,94,94,7813
2.6197,0.2346,38.55,94,94,7816
2.8788,0.2248,38.58,94,94,7819
3.1427,0.2395,38.52,94,94,7823
3.2649,0.2297,38.65,94,94,7826
3.3284,0.2346,38.40,94,94,7829
3.1378,0.2297,38.55,94,94,7832
2.8495,0.2248,38.65,94,94,7835
2.5415,0.2395,38.46,94,94,7839
2.2043,0.2346,38.55,94,94,7842
1.9550,0.2346,38.46,94,94,7845
1.7204,0.2346,38.58,94,94,7848
1.5640,0.2297,38.58,94,94,7852
1.4467,0.2346,38.52,94,94,7856
1.3490,0.2346,38.52,94,94,7859
1.3099,0.2346,38.46,94,94,7862
1.2610,0.2297,38.62,94,94,7865
1.2512,0.2297,38.62,94,94,7868
1.2805,0.2395,38.33,94,94,7872
1.2805,0.2395,38.52,94,94,7875
1.2952,0.2346,38.46,94,94,7878
1.3245,0.2346,38.58,94,94,7881
1.3685,0.2102,38.58,94,94,7884
1.4370,0.2542,38.30,94,94,7888
1.4272,0.2297,38.52,94,94,7891
1.4418,0.2297,38.43,94,94,7895
1.4614,0.2444,38.62,94,94,7898
1.4614,0.2297,38.58,94,94,7901
1.5298,0.2395,38.27,94,94,7905
1.4858,0.2346,38.49,94,94,7908
1.4858,0.2297,38.55,94,94,7911
1.5200,0.2395,38.49,94,94,7914
1.5298,0.2297,38.52,94,94,7917
1.5738,0.2542,38.33,94,94,7921
1.5640,0.2639,38.52,94,94,7924
1.5738,0.2199,38.58,94,94,7927
1.6129,0.2346,38.49,94,94,7930
1.5689,0.2346,38.58,94,94,7933
1.6031,0.2444,38.49,94,94,7937
1.5836,0.2297,38.55,94,94,7941
1.5982,0.2297,38.58,94,94,7944
1.6471,0.2395,38.49,94,94,7947
1.6325,0.2297,38.52,94,94,7951
1.6178,0.2297,38.77,94,94,7954
1.6422,0.2297,38.46,94,94,7957
1.6325,0.2248,38.49,94,94,7960
1.6471,0.2297,38.58,94,94,7963
1.6764,0.2346,38.49,94,94,7967
1.6813,0.2102,38.55,94,94,7970
1.7009,0.2346,38.40,94,94,7973
1.6813,0.2297,38.58,94,94,7976
1.6862,0.2102,38.55,94,94,7980
1.7253,0.2395,38.43,94,94,7984
1.7107,0.2395,38.46,94,94,7987
1.7107,0.2248,38.49,94,94,7990
1.7009,0.2395,38.55,94,94,7993
1.6960,0.2297,38.55,94,94,7996
1.7400,0.2835,38.36,94,94,8000
1.6960,0.2346,38.49,94,94,8003
1.6960,0.2199,38.58,94,94,8006
1.6960,0.2346,38.55,94,94,8009
1.6667,0.2297,38.62,94,94,8012
1.7058,0.2395,38.30,94,94,8016
1.6667,0.2297,38.49,94,94,8019
1.6569,0.2297,38.52,94,94,8023
1.6960,0.2884,38.40,94,94,8026
1.6862,0.2248,38.58,94,94,8029
1.7253,0.2346,38.33,94,94,8032
1.7058,0.2346,38.55,94,94,8036
1.7155,0.2248,38.55,94,94,8039
1.7791,0.2346,38.52,94,94,8042
1.7498,0.2297,38.58,94,94,8045
1.7840,0.2395,38.46,94,94,8048
1.7546,0.2297,38.62,94,94,8052
1.7595,0.2297,38.68,94,94,8055
1.7889,0.2395,38.33,94,94,8058
1.7546,0.2297,38.55,94,94,8061
1.7595,0.2444,38.52,94,94,8065
1.7400,0.2346,38.62,94,94,8069
1.7351,0.2199,38.55,94,94,8072
1.7889,0.2395,38.40,94,94,8075
1.7644,0.2297,38.55,94,94,8078
1.7693,0.2248,38.49,94,94,8081
1.7742,0.2297,38.55,94,94,8085
1.7644,0.2444,38.58,94,94,8088
1.8133,0.2444,38.30,94,94,8091
1.7791,0.2444,38.49,94,94,8094
1.7742,0.2248,38.58,94,94,8097
1.8035,0.2297,38.52,94,94,8101
1.8084,0.2297,38.55,94,94,8104
1.8573,0.2346,38.33,94,94,8108
1.8133,0.2346,38.52,94,94,8111
1.8231,0.2297,38.65,94,94,8114
1.8377,0.2395,38.52,94,94,8118
1.8280,0.2297,38.52,94,94,8121
1.8475,0.2248,38.36,94,94,8124
1.8084,0.2297,38.55,94,94,8127
1.8084,0.2297,38.58,94,94,8130
1.8231,0.2346,38.43,94,94,8133
1.7889,0.2297,38.55,94,94,8137
1.8035,0.2346,38.46,94,94,8140
1.7693,0.2297,38.65,94,94,8143
1.7546,0.2297,38.55,94,94,8146
1.7937,0.2395,38.30,94,94,8150
1.7742,0.2297,38.77,94,94,8154
1.7937,0.2297,38.40,94,94,8157
1.7791,0.2297,38.58,94,94,8160
1.7840,0.2199,38.68,94,94,8163
1.8328,0.2639,38.43,94,94,8166
1.8133,0.2346,38.49,94,94,8170
1.8084,0.2199,38.58,94,94,8173
1.8182,0.2346,38.55,94,94,8176
1.8035,0.2297,38.58,94,94,8179
1.8524,0.2444,38.30,94,94,8182
1.8084,0.2297,38.46,94,94,8186
1.7986,0.2297,38.55,94,94,8189
1.8084,0.2346,38.43,94,94,8193
1.7986,0.2297,38.49,94,94,8196
1.8377,0.2346,38.27,94,94,8199
1.7986,0.2248,38.62,94,94,8203
1.7986,0.2199,38.58,94,94,8206
1.8280,0.2346,38.46,94,94,8209
1.8084,0.2297,38.58,94,94,8212
1.8328,0.2297,38.40,94,94,8215
1.8133,0.2248,38.52,94,94,8218
1.8182,0.2297,38.58,94,94,8222
1.8475,0.2297,38.52,94,94,8225
1.8377,0.2493,38.55,94,94,8228
1.8866,0.2493,38.43,94,94,8231
1.8817,0.2248,38.58,94,94,8235
1.9013,0.2102,38.58,94,94,8239
1.9306,0.2297,38.52,94,94,8242
1.8964,0.2346,38.49,94,94,8245
1.8622,0.2297,38.46,94,94,8248
1.8133,0.2297,38.62,94,94,8251
1.7840,0.2297,38.55,94,94,8255
1.8231,0.2444,38.36,94,94,8258
1.7937,0.2395,38.49,94,94,8261
1.7840,0.2248,38.62,94,94,8264
1.8084,0.2346,38.55,94,94,8267
1.8084,0.2297,38.58,94,94,8271
1.8671,0.2395,38.27,94,94,8274
1.8328,0.2297,38.49,94,94,8278
1.8524,0.2248,38.46,94,94,8281
1.8817,0.2346,38.74,94,94,8284
1.8719,0.2346,38.55,94,94,8288
1.9208,0.2395,38.33,94,94,8291
1.8964,0.2346,38.43,94,94,8294
1.8964,0.2297,38.58,94,94,8297
1.9208,0.2346,38.43,94,94,8300
1.9208,0.2297,38.62,94,94,8304
1.9697,0.2297,38.43,94,94,8307
1.9599,0.2248,38.55,94,94,8310
1.9648,0.2248,38.58,94,94,8313
1.9599,0.2297,38.46,94,94,8316
1.9306,0.2395,38.62,94,94,8321
1.9355,0.2493,38.40,94,94,8324
1.9013,0.2102,38.58,94,94,8327
1.9062,0.2248,38.58,94,94,8330
1.9208,0.2395,38.43,94,94,8333
1.8817,0.2297,38.55,94,94,8336
1.8622,0.2297,38.46,94,94,8340
1.8377,0.2297,38.62,94,94,8343
1.8280,0.2248,38.58,94,94,8346
1.8719,0.2444,38.36,94,94,8349
1.8231,0.2493,38.49,94,94,8352
1.8084,0.2346,38.55,94,94,8356
1.8035,0.2346,38.55,94,94,8359
1.7840,0.2297,38.58,94,94,8363
1.8377,0.2297,38.30,94,94,8366
1.8035,0.2346,38.49,94,94,8369
1.7791,0.2102,38.62,94,94,8373
1.7937,0.2395,38.46,94,94,8376
1.7742,0.2297,38.74,94,94,8379
1.8182,0.2346,38.33,94,94,8382
1.7937,0.2346,38.49,94,94,8385
1.7986,0.2346,38.58,94,94,8389
1.8084,0.2346,38.49,94,94,8392
1.7986,0.2248,38.58,94,94,8395
1.8377,0.2248,38.40,94,94,8398
1.8231,0.2297,38.58,94,94,8401
1.8524,0.2248,38.58,94,94,8406
1.8768,0.2395,38.46,94,94,8409
1.8231,0.2297,38.52,94,94,8412
1.8133,0.2346,38.40,94,94,8415
1.7840,0.2248,38.58,94,94,8418
1.8035,0.2297,38.62,94,94,8421
1.8719,0.2493,38.40,94,94,8425
1.9453,0.2346,38.49,94,94,8428
1.9941,0.2199,38.46,94,94,8431
2.1065,0.2297,38.62,94,94,8434
2.2581,0.2297,38.62,94,94,8437
2.5318,0.2444,38.58,94,94,8441
2.7175,0.2297,38.68,94,94,8444
2.9374,0.2248,38.58,94,94,8448
3.1476,0.2639,38.55,94,94,8451
3.2356,0.2395,38.58,94,94,8454
3.2698,0.2346,38.27,94,94,8458
3.0205,0.2102,38.55,94,94,8461
2.7028,0.2248,38.62,94,94,8464
2.4242,0.2346,38.55,94,94,8467
2.1310,0.2346,38.62,94,94,8470
1.9355,0.2346,38.36,94,94,8474
1.7058,0.2297,38.58,94,94,8477
1.5738,0.2297,38.58,94,94,8480
1.4907,0.2346,38.46,94,94,8483
1.4027,0.2297,38.71,94,94,8486
1.3930,0.2346,38.52,94,94,8491
1.3441,0.2297,38.55,94,94,8494
1.3392,0.2297,38.55,94,94,8497
1.3636,0.2395,38.49,94,94,8500
1.3881,0.2199,38.55,94,94,8503
1.4076,0.2346,38.43,94,94,8506
1.3978,0.2346,38.58,94,94,8510
1.4125,0.2297,38.58,94,94,8513
1.4614,0.2395,38.49,94,94,8516
1.4614,0.2297,38.81,94,94,8519
1.4761,0.2248,38.49,94,94,8522
1.4907,0.2346,38.55,94,94,8526
1.5005,0.2297,38.58,94,94,8529
1.5543,0.2493,38.36,94,94,8532
1.5298,0.2297,38.40,94,94,8536
1.5298,0.2248,38.55,94,94,8539
1.5445,0.2297,38.55,94,94,8543
1.5494,0.2248,38.55,94,94,8546
1.5982,0.2737,38.30,94,94,8549
1.5982,0.2102,38.55,94,94,8552
1.5836,0.2248,38.58,94,94,8555
1.6129,0.2346,38.52,95,94,8559
1.6862,0.2346,38.55,95,94,8563
1.6569,0.2346,38.58,95,94,8566
1.7058,0.2346,38.30,95,94,8570
1.6813,0.2297,38.49,95,94,8573
1.6862,0.2199,38.58,95,94,8577
1.7058,0.2297,38.52,95,94,8580
1.6862,0.2102,38.58,95,94,8583
1.7351,0.2346,38.36,95,94,8587
1.6813,0.2297,38.58,95,94,8590
1.6862,0.2297,38.65,95,94,8593
1.7058,0.2395,38.46,95,94,8596
1.6813,0.2199,38.58,95,94,8599
1.7058,0.2346,38.49,95,94,8603
1.6813,0.2248,38.55,95,94,8606
1.6911,0.2297,38.58,95,94,8609
1.7204,0.2395,38.55,95,94,8612
1.7107,0.2297,38.55,95,94,8615
1.7351,0.2297,38.77,95,94,8620
1.7107,0.2297,38.58,95,94,8623
1.7058,0.2297,38.55,95,94,8626
1.7644,0.2395,38.46,95,94,8629
1.7155,0.2346,38.55,95,94,8632
1.7400,0.2102,38.49,95,94,8635
1.7302,0.2297,38.55,95,94,8639
1.7400,0.2297,38.58,95,94,8642
1.7937,0.2493,38.36,95,94,8645
1.7546,0.2346,38.46,95,94,8648
1.7400,0.2444,38.62,95,94,8651
1.7400,0.2346,38.55,95,94,8655
1.7253,0.2346,38.62,95,94,8658
1.7742,0.2444,38.30,95,94,8662
1.7400,0.2248,38.55,95,94,8665
1.7498,0.2297,38.58,95,94,8668
1.7791,0.2346,38.49,95,94,8672
1.7742,0.2297,38.58,95,94,8675
1.8133,0.2346,38.33,95,94,8678
1.7889,0.2297,38.55,95,94,8681
1.7840,0.2248,38.58,95,94,8684
1.8133,0.2297,38.43,95,94,8688
1.7937,0.2297,38.58,95,94,8691
1.8377,0.2297,38.46,95,94,8694
1.8133,0.2297,38.58,95,94,8697
1.8231,0.2297,38.58,95,94,8700
1.8475,0.2346,38.49,95,94,8705
1.8426,0.2297,38.55,95,94,8708
1.8719,0.2346,38.49,95,94,8711
1.8671,0.2297,38.58,95,94,8714
1.8866,0.2248,38.58,95,94,8717
1.9257,0.2297,38.36,95,94,8721
1.8964,0.2346,38.58,95,94,8724
1.8817,0.2297,38.65,95,94,8727
1.8719,0.2297,38.58,95,94,8730
1.8719,0.2297,38.77,95,94,8733
1.9355,0.2542,38.36,95,94,8737
1.8866,0.2346,38.49,95,94,8740
1.8622,0.2248,38.58,95,94,8743
1.8475,0.2297,38.55,95,94,8747
1.8231,0.2297,37.87,95,94,8750
1.8671,0.2395,38.30,95,94,8754
1.8377,0.2297,38.49,95,94,8757
1.8182,0.2346,38.55,95,94,8760
1.8377,0.2297,38.49,95,94,8763
1.8182,0.2297,38.58,95,94,8766
1.8573,0.2346,38.36,95,94,8770
1.8280,0.2297,38.52,95,94,8773
1.8280,0.2395,38.62,95,94,8776
1.8328,0.2346,38.49,95,94,8779
1.8133,0.2346,38.55,95,94,8782
1.8280,0.2346,38.40,95,94,8785
1.7937,0.2297,38.55,95,94,8790
1.7986,0.2297,38.58,95,94,8793
1.8280,0.2395,38.43,95,94,8796
1.7937,0.2542,38.55,95,94,8799
1.8035,0.2346,38.40,95,94,8802
1.7742,0.2297,38.58,95,94,8806
1.7742,0.2297,38.58,95,94,8809
1.8133,0.2395,38.40,95,94,8812
1.7937,0.2395,38.55,95,94,8815
1.8035,0.2199,38.49,95,94,8818
1.7840,0.2346,38.58,95,94,8822
1.7840,0.2297,38.58,95,94,8825
1.8377,0.2297,38.36,95,94,8828
1.7986,0.2297,38.46,95,94,8832
1.7889,0.2248,38.55,95,94,8835
1.7986,0.2297,38.52,95,94,8839
1.7889,0.2248,38.58,95,94,8842
1.8377,0.2737,38.27,95,94,8845
1.8328,0.2248,38.49,95,94,8848
1.8182,0.2199,38.58,95,94,8851
1.8328,0.2297,38.49,95,94,8855
1.8182,0.2297,38.58,95,94,8858
1.8524,0.2346,38.36,95,94,8861
1.8280,0.2444,38.58,95,94,8864
1.8426,0.2297,38.52,95,94,8867
1.8768,0.2346,38.49,95,94,8871
1.8671,0.2346,38.62,95,94,8875
1.9013,0.2346,38.46,95,94,8878
1.8768,0.2248,38.55,95,94,8881
1.8817,0.2297,38.58,95,94,8884
1.9062,0.2395,38.68,95,94,8888
1.8866,0.2297,38.62,95,94,8891
1.9062,0.2297,38.46,95,94,8894
1.8866,0.2297,38.58,95,94,8897
1.8964,0.2297,38.62,95,94,8900
1.9404,0.2395,38.43,95,94,8903
1.9306,0.2346,38.52,95,94,8907
1.9110,0.2297,38.49,95,94,8910
1.8915,0.2297,38.55,95,94,8913
1.8768,0.2297,38.58,95,94,8916
1.9257,0.2493,38.33,95,94,8920
1.8817,0.2542,38.46,95,94,8924
1.8719,0.2248,38.62,95,94,8927
1.8768,0.2346,38.55,95,94,8930
1.8915,0.2102,38.55,95,94,8933
1.9501,0.2346,38.30,95,94,8936
1.9257,0.2248,38.52,95,94,8940
1.9501,0.2297,38.55,95,94,8943
1.9697,0.2395,38.55,95,94,8946
1.9404,0.2542,38.58,95,94,8949
1.9550,0.2346,38.40,95,94,8952
1.9159,0.2444,38.49,95,94,8956
1.8866,0.2346,38.58,95,94,8960
1.8915,0.2346,38.46,95,94,8963
1.8573,0.2297,38.58,95,94,8966
1.8866,0.2346,38.46,95,94,8969
1.8524,0.2297,38.58,95,94,8973
1.8328,0.2297,38.62,95,94,8976
1.8328,0.2346,38.84,95,94,8979
1.7986,0.2346,38.52,95,94,8982
1.7986,0.2297,38.43,95,94,8985
1.7986,0.2346,38.58,95,94,8989
1.7889,0.2297,38.58,95,94,8992
1.8084,0.2395,38.40,95,94,8995
1.7742,0.2346,38.52,95,94,8998
1.7595,0.2346,38.49,95,94,9001
1.7546,0.2297,38.58,95,94,9005
1.7546,0.2297,38.58,95,94,9009
1.8084,0.2493,38.33,95,94,9012
1.7742,0.2248,38.43,95,94,9015
1.7742,0.2248,38.58,95,94,9018
1.7889,0.2395,38.52,95,94,9021
1.8035,0.2346,38.58,95,94,9025
1.8231,0.2395,38.30,95,94,9028
1.8084,0.2346,38.49,95,94,9031
1.7840,0.2297,38.58,95,94,9034
1.7986,0.2395,38.49,95,94,9037
1.7791,0.2297,38.58,95,94,9041
1.8182,0.2346,38.36,95,94,9044
1.8182,0.2297,38.52,95,94,9048
1.8719,0.2297,38.52,95,94,9051
1.9550,0.2346,38.55,95,94,9054
2.0381,0.2199,38.55,95,94,9058
2.1848,0.2590,38.49,95,94,9061
2.3118,0.2199,38.58,95,94,9064
2.4976,0.2297,38.55,95,94,9067
2.7566,0.2395,38.43,95,94,9070
2.9423,0.2346,38.58,95,94,9074
3.1525,0.2346,38.58,95,94,9077
3.2258,0.2297,38.52,95,94,9080
3.1916,0.2297,38.62,95,94,9083
3.0645,0.2542,38.43,95,94,9086
2.7468,0.2542,38.52,95,94,9090
2.4438,0.2248,38.52,95,94,9094
2.2043,0.2346,38.55,95,94,9097
1.9257,0.2297,38.55,95,94,9100
1.7889,0.2493,38.30,95,94,9103
1.6129,0.2297,38.49,95,94,9106
1.4956,0.2297,38.58,95,94,9110
1.4370,0.2688,38.52,95,94,9113
1.3881,0.2297,38.58,95,94,9116
1.3978,0.2444,38.30,95,94,9119
1.3587,0.2395,38.55,95,94,9122
1.3587,0.2395,38.58,95,94,9126
1.3832,0.2346,38.49,95,94,9129
1.3978,0.2297,38.58,95,94,9133
1.4223,0.2346,38.40,95,94,9136
1.4076,0.2297,38.46,95,94,9139
1.4174,0.2297,38.68,95,94,9143
1.4516,0.2395,38.46,95,94,9146
1.4565,0.2346,38.58,95,94,9149
1.4956,0.2395,38.46,95,94,9152
1.5103,0.2102,38.58,95,94,9155
1.5249,0.2297,38.58,95,94,9159
1.5689,0.2395,38.46,95,94,9162
1.5738,0.2297,38.62,95,94,9165
1.6031,0.2297,38.46,95,94,9168
1.5982,0.2297,38.52,95,94,9171
1.6373,0.2297,38.58,95,94,9177
1.6618,0.2297,38.58,95,94,9180
1.7107,0.2395,38.52,95,94,9183
1.6960,0.2395,38.52,95,94,9187
1.7107,0.2835,38.49,95,94,9190
1.6960,0.2346,38.55,95,94,9193
1.6960,0.2346,38.55,95,94,9196
1.7351,0.2346,38.43,95,94,9199
1.7155,0.2346,38.52,95,94,9202
1.7009,0.2248,38.49,95,94,9206
1.7058,0.2346,38.58,95,94,9209
1.7155,0.2297,38.62,95,94,9212
1.7840,0.2493,38.58,95,94,9216
1.7644,0.2297,38.52,95,94,9219
1.7742,0.2297,38.62,95,94,9223
1.8084,0.2395,38.55,95,94,9226
1.8133,0.2248,38.58,95,94,9229
1.8622,0.2395,38.30,95,94,9232
1.8328,0.2346,38.52,95,94,9235
1.8377,0.2297,38.62,95,94,9239
1.8573,0.2395,38.49,95,94,9242
1.8377,0.2297,38.58,95,94,9245
1.8524,0.2346,38.40,95,94,9248
1.8182,0.2297,38.65,95,94,9251
1.8084,0.2297,38.49,95,94,9255
1.8133,0.2395,38.46,95,94,9259
1.7693,0.2346,38.55,95,94,9262
1.7791,0.2395,38.46,95,94,9265
1.7498,0.2102,38.58,95,94,9268
1.7449,0.2297,38.55,95,94,9272
1.7644,0.2395,37.68,95,94,9275
1.7449,0.2297,38.68,95,94,9278
1.7595,0.2297,38.52,95,94,9281
1.7449,0.2297,38.55,95,94,9284
1.7595,0.2199,38.58,95,94,9288
1.7889,0.2395,38.43,95,94,9291
1.7693,0.2346,38.52,95,94,9294
1.7742,0.2102,38.52,95,94,9297
1.7889,0.2297,38.65,95,94,9300
1.7889,0.2297,38.49,95,94,9305
1.8475,0.2444,38.30,95,94,9308
1.8133,0.2346,38.46,95,94,9311
1.8231,0.2297,38.58,95,94,9314
1.8377,0.2346,38.55,95,94,9317
1.8426,0.2297,38.58,95,94,9320
1.9013,0.2395,38.33,95,94,9324
1.8719,0.2248,38.58,95,94,9327
1.8817,0.2297,38.52,95,94,9330
1.9062,0.2444,38.52,95,94,9333
1.8866,0.2102,38.58,95,94,9336
1.9159,0.2346,38.40,95,94,9340
1.9062,0.2297,38.52,95,94,9344
1.9159,0.2297,38.58,95,94,9347
1.9404,0.2346,38.52,95,94,9350
1.9257,0.2297,38.55,95,94,9353
1.9550,0.2395,38.49,95,94,9357
1.9208,0.2297,38.49,95,94,9360
1.9159,0.2346,38.58,95,94,9363
1.9355,0.2444,38.49,95,94,9366
1.9208,0.2346,38.55,95,94,9369
1.9599,0.2346,38.40,95,94,9373
1.9013,0.2297,38.58,95,94,9376
1.9013,0.2297,38.58,95,94,9379
1.9501,0.2395,38.43,95,94,9382
1.9208,0.2395,38.46,95,94,9385
1.9110,0.2248,38.52,95,94,9390
1.9159,0.2346,38.55,95,94,9393
1.9208,0.2248,38.58,95,94,9396
1.9844,0.2444,38.27,95,94,9399
1.9404,0.2297,38.55,95,94,9402
1.9355,0.2297,38.58,95,94,9406
1.9306,0.2346,38.58,95,94,9409
1.8915,0.2297,38.55,95,94,9412
1.9110,0.2395,38.30,95,94,9415
1.8622,0.2297,38.55,95,94,9418
1.8328,0.2199,38.58,95,94,9422
1.8426,0.2395,38.46,95,94,9425
1.7986,0.2346,38.58,95,94,9428
1.8084,0.2346,38.40,95,94,9432
1.7693,0.2346,38.55,95,94,9435
1.7693,0.2297,38.68,95,94,9439
1.7791,0.2346,38.49,95,94,9442
1.7742,0.2297,38.55,95,94,9445
1.7986,0.2542,38.40,95,94,9448
1.7791,0.2297,38.58,95,94,9451
1.7791,0.2297,38.62,95,94,9454
1.8280,0.2297,38.43,95,94,9458
1.8133,0.2297,38.68,95,94,9461
1.8328,0.2297,37.87,95,94,9464
1.8280,0.2395,38.52,95,94,9467
1.8328,0.2297,38.77,95,94,9470
1.8866,0.2444,38.40,95,94,9475
1.8475,0.2395,38.52,95,94,9478
1.8377,0.2102,38.49,95,94,9481
1.8475,0.2297,38.55,95,94,9484
1.8328,0.2297,38.55,95,94,9487
1.8817,0.2493,38.30,95,94,9491
1.8524,0.2346,38.52,95,94,9494
1.8524,0.2297,38.62,95,94,9497
1.9062,0.2346,38.52,95,94,9500
1.8768,0.2199,38.62,95,94,9503
1.9257,0.2346,38.33,95,94,9507
1.8768,0.2297,38.52,95,94,9510
1.8573,0.2346,38.58,95,94,9513
1.8671,0.2297,38.49,95,94,9517
1.8622,0.2297,38.62,95,94,9520
1.8964,0.2297,38.40,95,94,9524
1.8768,0.2199,38.62,95,94,9527
1.8768,0.2297,38.58,95,94,9530
1.9159,0.2346,38.43,95,94,9533
1.8866,0.2297,38.55,95,94,9536
1.9306,0.2395,37.68,95,94,9540
1.9208,0.2297,38.58,95,94,9543
1.9404,0.2297,38.65,95,94,9546
1.9795,0.2395,38.40,95,94,9549
1.9599,0.2297,38.52,95,94,9552
1.9746,0.2346,38.46,95,94,9555
1.9648,0.2297,38.55,95,94,9560
1.9795,0.2297,38.58,95,94,9563
2.0626,0.2297,38.46,95,94,9566
2.0577,0.2346,38.49,95,94,9569
2.0528,0.2248,38.52,95,94,9572
2.0430,0.2297,38.55,95,94,9576
2.0137,0.2297,38.58,95,94,9579
2.0430,0.2297,38.30,95,94,9582
1.9795,0.2297,38.49,95,94,9585
1.9550,0.2248,38.58,95,94,9588
1.9355,0.2346,38.52,95,94,9592
1.8817,0.2297,38.58,95,94,9595
1.8817,0.2346,38.33,95,94,9598
1.8231,0.2346,38.58,95,94,9602
1.8280,0.2297,38.55,95,94,9605
1.8622,0.2346,38.43,95,94,9609
1.8524,0.2297,38.58,95,94,9612
1.8768,0.2297,38.43,95,94,9615
1.8475,0.2248,38.52,95,94,9618
1.8426,0.2297,38.58,95,94,9621
1.8573,0.2346,38.43,95,94,9625
1.8280,0.2297,38.58,95,94,9628
1.8475,0.2297,38.21,95,94,9631
1.8231,0.2297,38.55,95,94,9634
1.8328,0.2297,38.58,95,94,9637
1.8573,0.2395,38.49,95,94,9641
1.8475,0.2346,38.55,95,94,9645
1.8573,0.2248,38.46,95,94,9648
1.8524,0.2297,38.52,95,94,9651
1.8573,0.2590,38.55,95,94,9654
1.9110,0.2444,38.33,95,94,9657
1.8768,0.2444,38.49,95,94,9661
1.8671,0.2102,38.55,95,94,9664
1.8866,0.2346,38.55,95,94,9667
1.8915,0.2297,38.55,95,94,9670
1.9648,0.2297,38.30,95,94,9673
1.9501,0.2297,38.58,95,94,9677
1.9892,0.2297,38.68,95,94,9680
2.0577,0.2395,38.52,95,94,9683
2.1065,0.2297,38.62,95,94,9687
2.2434,0.2395,38.33,95,94,9690
2.3558,0.2395,38.46,95,94,9694
2.5611,0.2297,38.58,95,94,9697
2.7859,0.2297,38.43,95,94,9700
2.9961,0.2297,38.58,95,94,9703
3.2649,0.2297,38.43,95,94,9706
3.3773,0.2248,38.58,95,94,9710
3.3871,0.2297,38.49,95,94,9713
3.2600,0.2297,38.49,95,94,9716
2.9717,0.2297,38.62,95,94,9719
2.6882,0.2297,38.40,95,94,9722
2.3705,0.2248,38.58,95,94,9726
2.1212,0.2346,38.58,95,94,9730
1.9453,0.2444,38.36,95,94,9733
1.7498,0.2297,38.58,95,94,9736
1.6129,0.2248,38.46,95,94,9739
1.5200,0.2297,38.62,95,94,9743
1.4809,0.2297,38.62,95,94,9746
1.5249,0.2493,38.40,95,94,9749
1.4956,0.2297,38.43,95,94,9752
1.5152,0.2248,38.52,95,94,9755
1.5249,0.2248,38.55,95,94,9758
1.5200,0.2297,38.58,95,94,9762
1.5836,0.2346,38.33,95,94,9765
1.5689,0.2346,38.49,95,94,9768
1.5494,0.2102,38.58,95,94,9772
1.5640,0.2395,38.49,95,94,9775
1.5494,0.2297,38.58,95,94,9779
1.5787,0.2297,38.33,95,94,9782
1.6813,0.2346,38.30,95,94,9786
1.6569,0.2248,38.52,95,94,9790
1.6764,0.2248,38.58,95,94,9793
1.7058,0.2346,38.52,95,94,9796
1.7009,0.2297,38.62,95,94,9799
1.7204,0.2444,38.49,95,94,9802
1.6862,0.2297,38.49,95,94,9806
1.6764,0.2444,38.55,95,94,9809
1.7107,0.2297,38.46,95,94,9812
1.7155,0.2297,38.58,95,94,9816
1.7595,0.2346,38.43,95,94,9819
1.7449,0.2297,38.58,95,94,9823
1.7693,0.2248,38.62,95,94,9826
1.7937,0.2297,38.46,95,94,9829
1.7840,0.2297,38.62,95,94,9832
1.8035,0.2297,38.36,95,94,9835
1.7937,0.2297,38.55,95,94,9839
1.8084,0.2248,38.58,95,94,9842
1.8280,0.2395,38.43,95,94,9845
1.7986,0.2297,38.52,95,94,9848
1.7840,0.2297,38.49,95,94,9851
1.7742,0.2102,38.58,95,94,9854
1.7742,0.2297,38.58,95,94,9859
1.8280,0.2493,38.36,95,94,9862
1.7840,0.2248,38.52,95,94,9865
1.7986,0.2248,38.52,95,94,9868
1.8182,0.2297,38.55,95,94,9871
1.8035,0.2297,38.58,95,94,9875
1.8768,0.2395,38.30,95,94,9878
1.8328,0.2346,38.52,95,94,9881
1.8280,0.2297,38.58,95,94,9884
1.8426,0.2346,38.49,95,94,9887
1.8084,0.2297,38.58,95,94,9891
1.8573,0.2346,38.40,95,94,9894
1.8426,0.2248,38.55,95,94,9897
1.8475,0.2297,38.58,95,94,9901
1.8524,0.2297,38.52,95,94,9904
1.8280,0.2297,38.58,95,94,9908
1.8426,0.2444,38.43,95,94,9911
1.7986,0.2102,38.55,95,94,9914
1.8133,0.2102,38.58,95,94,9917
1.8573,0.2395,38.43,95,94,9920
1.8475,0.2297,38.62,95,94,9924
1.8671,0.2297,38.55,95,94,9927
1.8231,0.2297,38.58,95,94,9930
1.8133,0.2248,38.58,95,94,9933
1.8475,0.2395,38.43,95,94,9936
1.8280,0.2297,38.52,95,94,9940
1.8328,0.2297,38.49,95,94,9944
1.8182,0.2297,38.55,95,94,9947
1.8328,0.2297,38.55,95,94,9950
1.9013,0.2444,37.62,95,94,9953
1.8573,0.2297,38.46,95,94,9957
1.8573,0.2199,38.55,95,94,9960
1.8866,0.2346,38.55,95,94,9963
1.9062,0.2199,38.58,95,94,9966
1.9746,0.2346,38.27,95,94,9969
1.9501,0.2248,38.49,95,94,9972
1.9453,0.2297,38.58,95,94,9976
1.9501,0.2346,38.52,95,94,9979
1.9208,0.2346,38.58,95,94,9982
1.9355,0.2297,38.36,95,94,9986
1.8964,0.2297,38.68,95,94,9989
1.9110,0.2248,38.52,95,94,9993
1.9550,0.2444,38.49,95,94,9996
1.9355,0.2248,38.55,95,94,9999
1.9746,0.2346,38.46,95,94,10002
1.8964,0.2199,38.52,95,94,10005
1.8866,0.2248,38.55,95,94,10009
1.9159,0.2346,38.49,95,94,10012
1.9257,0.2786,38.62,95,94,10015
1.9795,0.2346,38.84,95,94,10018
1.9453,0.2297,38.62,95,94,10022
1.9501,0.2199,38.55,95,94,10025
1.9306,0.2590,38.49,95,94,10029
1.9355,0.2297,38.55,95,94,10032
1.9648,0.2346,38.46,95,94,10036
1.9159,0.2297,38.62,95,94,10039
1.8964,0.2248,38.58,95,94,10042
1.9062,0.2395,38.43,95,94,10045
1.8866,0.2297,38.55,95,94,10049
1.9404,0.2297,38.46,95,94,10052
1.9159,0.2297,38.65,95,94,10055
1.9355,0.2199,38.58,95,94,10058
1.9599,0.2346,38.46,95,94,10062
1.9501,0.2248,38.65,95,94,10065
1.9892,0.2346,38.46,95,94,10068
1.9599,0.2297,38.55,95,94,10072
1.9599,0.2248,38.58,95,94,10076
1.9697,0.2297,38.49,95,94,10079
1.9599,0.2297,38.55,95,94,10082
1.9795,0.2639,38.43,95,94,10085
1.9355,0.2199,38.58,95,94,10089
1.9110,0.2248,38.58,95,94,10092
1.9208,0.2346,38.43,95,94,10095
1.8768,0.2248,38.55,95,94,10098
1.8866,0.2297,38.43,95,94,10102
1.8671,0.2297,38.58,95,94,10105
1.8671,0.2248,38.62,95,94,10108
1.9062,0.2346,38.71,95,94,10112
1.9013,0.2297,38.62,95,94,10116
1.9355,0.2590,38.43,95,94,10119
1.9159,0.2297,38.62,95,94,10122
1.9159,0.2248,38.58,95,94,10125
1.9355,0.2346,38.52,95,94,10129
1.9404,0.2248,38.55,95,94,10132
1.9746,0.2297,38.49,95,94,10135
1.9501,0.2297,38.58,95,94,10138
1.9648,0.2248,38.58,95,94,10142
2.0283,0.2346,38.36,95,94,10145
1.9990,0.2297,38.62,95,94,10148
1.9941,0.2297,38.43,95,94,10151
1.9746,0.2102,38.58,95,94,10156
1.9746,0.2199,38.55,95,94,10159
1.9990,0.2639,38.49,95,94,10162
1.9746,0.2297,38.58,95,94,10165
1.9844,0.2346,38.43,95,94,10169
1.9453,0.2493,38.58,95,94,10172
1.9404,0.2346,38.46,95,94,10175
1.9550,0.2297,38.55,95,94,10178
1.9501,0.2199,38.55,95,94,10182
2.0137,0.2297,37.71,95,94,10185
2.0430,0.2297,38.58,95,94,10188
2.0674,0.2248,38.58,95,94,10191
2.1114,0.2346,38.33,95,94,10195
2.0626,0.2297,38.55,95,94,10199
2.0577,0.2395,38.43,95,94,10202
2.0283,0.2297,38.58,95,94,10205
2.0283,0.2248,38.55,95,94,10209
2.0430,0.2346,38.43,95,94,10212
1.9648,0.2297,38.65,95,94,10215
1.9599,0.2297,38.46,95,94,10218
1.9648,0.2102,38.58,95,94,10222
1.9257,0.2297,38.58,95,94,10225
1.9355,0.2346,38.52,95,94,10228
1.9062,0.2297,38.58,95,94,10231
1.9013,0.2248,38.46,95,94,10235
1.8719,0.2297,38.55,95,94,10238
1.8866,0.2248,38.62,95,94,10242
1.9404,0.2346,38.40,95,94,10245
1.9501,0.2297,38.52,95,94,10249
1.8964,0.2297,38.55,95,94,10252
1.8524,0.2297,38.58,95,94,10255
1.8377,0.2248,38.58,95,94,10258
1.8768,0.2346,38.43,95,94,10262
1.8524,0.2297,38.65,95,94,10265
1.8719,0.2102,38.40,95,94,10268
1.8328,0.2297,38.62,95,94,10271
1.8182,0.2493,38.58,95,94,10275
1.8328,0.2395,38.52,95,94,10278
1.8231,0.2102,38.55,95,94,10281
1.8133,0.2248,38.43,95,94,10285
1.7986,0.2248,38.58,95,94,10289
1.8084,0.2248,38.58,95,94,10292
1.8719,0.2346,38.43,95,94,10295
1.8719,0.2346,38.52,95,94,10298
1.9110,0.2199,38.46,95,94,10302
1.9648,0.2248,38.58,95,94,10305
2.0674,0.2248,38.58,95,94,10308
2.2776,0.2395,38.43,95,94,10311
2.4633,0.2297,38.18,95,94,10315
2.7224,0.2248,38.46,95,94,10318
2.9814,0.2297,38.62,95,94,10321
3.2405,0.2151,38.55,95,94,10324
3.4653,0.2395,38.55,95,94,10329
3.4457,0.2346,38.52,95,94,10332
3.2649,0.2248,38.46,95,94,10335
2.9277,0.2297,38.65,95,94,10338
2.5562,0.2248,38.58,95,94,10342
2.2581,0.2444,38.36,95,94,10345
1.9453,0.2395,38.52,95,94,10348
1.7302,0.2248,38.49,95,94,10351
1.5738,0.2297,38.62,95,94,10355
1.4565,0.2297,38.62,95,94,10358
1.4370,0.2346,38.46,95,94,10361
1.3881,0.2346,38.55,95,94,10364
1.3832,0.2297,38.46,95,94,10369
1.3685,0.2297,38.52,95,94,10372
1.3734,0.2248,38.62,95,94,10375
1.4076,0.2395,38.43,95,94,10378
1.4174,0.2346,38.52,95,94,10381
1.4125,0.2248,38.62,95,94,10385
1.4418,0.2297,38.58,95,94,10388
1.4663,0.2248,38.58,95,94,10391
1.5298,0.2346,38.43,95,94,10395
1.6178,0.2346,37.71,95,94,10399
1.6422,0.2199,38.55,95,94,10402
1.6520,0.2297,38.46,95,94,10406
1.6520,0.2248,38.58,95,94,10409
1.6618,0.2248,38.58,95,94,10413
1.6960,0.2248,38.55,95,94,10416
1.6764,0.2297,38.55,95,94,10420
1.6911,0.2346,38.43,95,94,10423
1.6520,0.2199,38.58,95,94,10426
1.6373,0.2248,38.77,95,94,10429
1.6569,0.2297,38.40,95,94,10433
1.6764,0.2297,38.52,95,94,10436
1.6960,0.2444,38.43,95,94,10439
1.7009,0.2248,38.58,95,94,10442
1.7400,0.2248,38.62,95,94,10446
1.7595,0.2346,38.43,95,94,10449
1.7253,0.2297,38.74,95,94,10452
1.7302,0.2297,38.43,95,94,10456
1.6813,0.2248,38.62,95,94,10460
1.6764,0.2346,38.62,95,94,10463
1.7009,0.2297,37.74,95,94,10466
1.7009,0.2297,38.55,95,94,10469
1.7302,0.2297,38.49,95,94,10473
1.7155,0.2297,38.58,95,94,10476
1.7155,0.2248,38.58,95,94,10479
1.7400,0.2444,38.40,95,94,10482
1.7155,0.2297,38.58,95,94,10486
1.7400,0.2248,38.43,95,94,10489
1.7302,0.2199,38.55,95,94,10492
1.7351,0.2248,38.74,95,94,10496
1.7644,0.2297,38.49,95,94,10500
1.7449,0.2297,38.55,95,94,10503
1.7644,0.2248,38.49,95,94,10506
1.7595,0.2248,38.62,95,94,10509
1.7742,0.2248,38.58,95,94,10513
1.8280,0.2346,38.49,95,94,10516
1.7791,0.2297,38.52,95,94,10519
1.7840,0.2248,38.46,95,94,10522
1.7595,0.2248,38.58,95,94,10526
1.7546,0.2248,38.55,95,94,10529
1.7889,0.2346,38.36,95,94,10532
1.7644,0.2297,38.15,95,94,10535
1.7791,0.2248,38.46,95,94,10540
1.7889,0.2199,38.52,95,94,10543
1.7742,0.2248,37.90,95,94,10546
1.8084,0.2346,38.43,95,94,10549
1.8084,0.2395,38.55,95,94,10553
1.7889,0.2248,38.49,95,94,10556
1.7791,0.2248,38.62,95,94,10559
1.7889,0.2248,38.58,95,94,10562
1.8475,0.2395,38.49,95,94,10566
1.8426,0.2297,38.55,95,94,10569
1.8573,0.2248,38.49,95,94,10572
1.8426,0.2248,38.58,95,94,10575
1.8573,0.2395,38.55,95,94,10579
1.9062,0.2346,38.40,95,94,10583
1.9013,0.2297,38.62,95,94,10586
1.9159,0.2248,38.46,95,94,10589
1.9208,0.2346,38.62,95,94,10593
1.9355,0.2248,38.58,95,94,10596
1.9892,0.2346,38.43,95,94,10599
1.9648,0.2199,38.55,95,94,10602
1.9697,0.2248,38.52,95,94,10606
1.9355,0.2346,38.55,95,94,10609
1.9013,0.2248,38.55,95,94,10612
1.9013,0.2346,38.46,95,94,10615
1.8426,0.2297,38.49,95,94,10619
1.8280,0.2248,38.49,95,94,10622
1.8035,0.2297,38.55,95,94,10626
1.8035,0.2542,38.62,95,94,10629
1.8475,0.2346,38.46,95,94,10633
1.8231,0.2297,38.52,95,94,10636
1.8280,0.2248,38.49,95,94,10639
1.8231,0.2248,38.58,95,94,10642
1.8182,0.2248,38.58,95,94,10646
1.8622,0.2395,38.40,95,94,10649
1.8182,0.2248,38.49,95,94,10652
1.8133,0.2248,38.40,95,94,10655
1.7986,0.2297,38.55,95,94,10659
1.8035,0.2199,38.55,95,94,10662
1.8524,0.2444,38.43,95,94,10665
1.8328,0.2297,38.52,95,94,10669
1.8377,0.2248,38.49,95,94,10673
1.8084,0.2297,38.55,95,94,10676
1.8035,0.2248,38.68,95,94,10679
1.8328,0.2297,38.36,95,94,10682
1.7937,0.2346,38.49,95,94,10686
1.7742,0.2346,38.46,95,94,10689
1.7742,0.2248,38.65,95,94,10692
1.7791,0.2248,38.58,95,94,10695
1.8280,0.2444,38.40,95,94,10698
1.7937,0.2297,38.52,95,94,10702
1.7889,0.2248,38.52,95,94,10705
1.7986,0.2248,38.55,95,94,10708
1.7889,0.2248,38.52,95,94,10712
1.8426,0.2444,38.40,95,94,10716
1.8035,0.2346,38.52,95,94,10719
1.7889,0.2199,38.49,95,94,10722
1.7889,0.2297,38.55,95,94,10725
1.7791,0.2102,38.55,95,94,10729
1.8524,0.2444,38.40,95,94,10732
1.8231,0.2297,38.55,95,94,10735
1.8280,0.2199,38.52,95,94,10738
1.8328,0.2248,38.62,95,94,10742
1.8377,0.2248,38.58,95,94,10745
1.9159,0.2297,38.36,95,94,10748
1.8817,0.2297,38.49,95,94,10752
1.8817,0.2346,38.62,95,94,10756
1.8866,0.2297,37.93,95,94,10759
1.8719,0.2297,38.58,95,94,10762
1.9257,0.2395,38.36,95,94,10765
1.8866,0.2297,38.46,95,94,10769
1.8671,0.2199,38.55,95,94,10772
1.8622,0.2297,38.55,95,94,10775
1.8768,0.2199,38.58,95,94,10778
1.9062,0.2444,38.40,95,94,10782
1.8719,0.2297,38.84,95,94,10785
1.8671,0.2199,38.55,95,94,10788
1.8622,0.2248,38.55,95,94,10791
1.8426,0.2248,38.52,95,94,10796
1.8964,0.2444,38.30,95,94,10799
1.8475,0.2248,38.49,95,94,10802
1.8328,0.2199,38.52,95,94,10805
1.8377,0.2297,38.55,95,94,10809
1.8377,0.2248,38.58,95,94,10812
1.9013,0.2395,38.33,95,94,10815
1.8866,0.2297,37.80,95,94,10818
1.8817,0.2102,38.55,95,94,10822
1.9062,0.2297,38.55,95,94,10825
1.8964,0.2248,38.58,95,94,10828
1.9404,0.2297,38.30,95,94,10831
1.8817,0.2297,38.49,95,94,10835
1.8524,0.2395,38.55,95,94,10839
1.8426,0.2297,38.62,95,94,10842
1.8280,0.2248,38.58,95,94,10845
1.8622,0.2395,38.27,95,94,10849
1.8133,0.2297,38.52,95,94,10852
1.8084,0.2199,38.58,95,94,10855
1.8084,0.2199,38.65,95,94,10858
1.7986,0.2248,38.55,95,94,10862
1.8328,0.2395,38.33,95,94,10865
1.7840,0.2297,38.49,95,94,10868
1.7546,0.2297,38.62,95,94,10871
1.7498,0.2297,38.62,95,94,10875
1.7302,0.2248,38.55,95,94,10878
1.7791,0.2346,38.27,95,94,10882
1.7742,0.2248,38.49,95,94,10885
1.7351,0.2199,38.62,95,94,10889
1.7449,0.2297,38.58,95,94,10892
1.7400,0.2248,38.58,95,94,10895
1.7937,0.2444,38.30,95,94,10898
1.7595,0.2248,38.46,95,94,10902
1.7644,0.2248,38.58,95,94,10905
1.7693,0.2297,38.52,95,94,10908
1.7693,0.2102,38.58,95,94,10911
1.8182,0.2590,38.52,95,94,10915
1.8035,0.2297,38.49,95,94,10918
1.8182,0.2297,38.62,95,94,10921
1.8671,0.2395,38.52,95,94,10925
1.8964,0.2248,38.58,95,94,10929
1.9892,0.2444,38.33,95,94,10932
2.0332,0.2199,38.46,95,94,10935
2.1359,0.2248,38.52,95,94,10938
2.2972,0.2346,38.55,95,94,10942
2.4731,0.2199,38.55,95,94,10945
2.7761,0.2346,38.33,95,94,10948
2.9668,0.2248,38.46,95,94,10951
3.1916,0.2248,38.62,95,94,10955
3.3480,0.2297,38.55,95,94,10958
3.2649,0.2297,38.58,95,94,10961
3.1281,0.2346,38.36,95,94,10964
2.7615,0.2297,38.46,95,94,10969
2.4145,0.2199,38.62,95,94,10972
2.1457,0.2248,38.52,95,94,10975
1.8964,0.2248,38.62,95,94,10978
1.7595,0.2346,38.30,95,94,10982
1.5689,0.2297,38.49,95,94,10985
1.4614,0.2248,38.58,95,94,10988
1.4076,0.2297,38.52,95,94,10991
1.3587,0.2639,38.58,95,94,10995
1.3636,0.2346,38.33,95,94,10998
1.3294,0.2248,38.55,95,94,11001
1.3343,0.2248,38.58,95,94,11004
1.3636,0.2590,38.52,94,94,11009
1.4956,0.2248,38.58,94,94,11013
1.5200,0.2248,38.52,94,94,11016
1.5787,0.2297,38.40,94,94,11020
1.5934,0.2346,38.49,94,94,11023
1.5591,0.2199,38.52,94,94,11026
1.5689,0.2297,38.55,94,94,11029
1.5640,0.2248,38.68,94,94,11033
1.6129,0.2444,37.59,94,94,11036
1.5787,0.2297,38.49,94,94,11039
1.5836,0.2297,38.52,94,94,11042
1.6031,0.2444,38.55,94,94,11046
1.6129,0.2297,38.62,94,94,11049
1.6813,0.2444,38.18,94,94,11053
1.6471,0.2297,38.52,94,94,11056
1.6569,0.2151,38.58,94,94,11060
1.6618,0.2346,38.55,94,94,11063
1.6618,0.2248,38.55,94,94,11066
1.7058,0.2444,38.33,94,94,11069
1.6764,0.2199,38.49,94,94,11073
1.6764,0.2199,38.52,94,94,11076
1.6862,0.2297,38.55,94,94,11079
1.6813,0.2248,38.58,94,94,11082
1.7302,0.2444,38.33,94,94,11086
1.6960,0.2297,38.52,94,94,11089
1.7009,0.2248,38.52,94,94,11092
1.7107,0.2297,38.55,94,94,11096
1.7155,0.2248,38.58,94,94,11100
1.7693,0.2444,38.33,94,94,11103
1.7351,0.2346,38.49,94,94,11106
1.7253,0.2199,38.62,94,94,11109
1.7351,0.2297,38.55,94,94,11113
1.7302,0.2248,38.58,94,94,11116
1.7937,0.2395,38.30,94,94,11119
1.7693,0.2297,38.43,94,94,11122
1.7693,0.2199,38.55,94,94,11126
1.8084,0.2297,38.58,94,94,11129
1.7644,0.2297,38.46,94,94,11132
1.8035,0.2297,38.30,94,94,11136
1.7742,0.2248,38.52,94,94,11140
1.7400,0.2248,38.62,94,94,11143
1.7400,0.2297,38.55,94,94,11146
1.7400,0.2248,38.58,94,94,11149
1.7986,0.2493,38.33,94,94,11153
1.7791,0.2297,38.43,94,94,11156
1.7840,0.2248,38.58,94,94,11159
1.7937,0.2297,38.52,94,94,11162
1.7937,0.2248,38.52,94,94,11166
1.8475,0.2346,38.30,94,94,11169
1.8035,0.2248,38.46,94,94,11172
1.7986,0.2248,38.58,94,94,11175
1.8182,0.2493,38.62,94,94,11180
1.8280,0.2248,38.58,94,94,11183
1.9208,0.2346,38.27,94,94,11186
1.8377,0.2297,38.52,94,94,11189
1.8328,0.2248,38.65,94,94,11193
1.8328,0.2297,38.55,94,94,11196
1.8084,0.2248,38.58,94,94,11199
1.8475,0.2639,38.30,94,94,11202
1.8231,0.2297,38.49,94,94,11206
1.8280,0.2248,38.58,94,94,11209
1.8524,0.2346,38.52,94,94,11212
1.8719,0.2248,38.77,94,94,11215
1.9453,0.2297,38.30,94,94,11219
1.9159,0.2248,38.49,94,94,11223
1.9159,0.2248,38.65,94,94,11226
1.9208,0.2297,38.55,94,94,11229
1.9062,0.2297,38.58,94,94,11233
1.9501,0.2444,38.30,94,94,11236
1.9062,0.2248,38.46,94,94,11239
1.9159,0.2248,38.58,94,94,11242
1.9697,0.2346,38.55,94,94,11246
1.9257,0.2151,38.58,94,94,11249
1.9697,0.2346,38.30,94,94,11252
1.9355,0.2346,38.46,94,94,11255
1.9062,0.2199,38.58,94,94,11259
1.9159,0.2395,38.52,94,94,11262
1.8964,0.2248,38.58,94,94,11266
1.9306,0.2346,38.30,94,94,11269
1.8964,0.2542,38.49,94,94,11273
1.8915,0.2248,38.65,94,94,11276
1.9062,0.2346,38.52,94,94,11279
1.9013,0.2346,38.55,94,94,11282
1.9501,0.2346,38.33,94,94,11286
1.9062,0.2248,38.55,94,94,11289
1.9257,0.2199,38.62,94,94,11292
1.9404,0.2297,38.43,94,94,11295
1.9159,0.2248,38.58,94,94,11299
1.9501,0.2297,38.08,94,94,11302
1.8964,0.2346,38.55,94,94,11305
1.8573,0.2248,38.58,94,94,11309
1.8622,0.2297,38.49,94,94,11313
1.8426,0.2248,38.58,94,94,11316
1.8817,0.2395,38.33,94,94,11319
1.8524,0.2395,38.49,94,94,11322
1.8377,0.2248,38.55,94,94,11326
1.8426,0.2395,38.49,94,94,11329
1.8133,0.2297,38.71,94,94,11332
1.8426,0.2346,38.33,94,94,11335
1.8133,0.2248,38.55,94,94,11339
1.8328,0.2199,38.58,94,94,11342
1.8719,0.2346,38.49,94,94,11345
1.8768,0.2297,38.52,94,94,11348
1.9208,0.2346,38.33,94,94,11353
1.8768,0.2346,38.46,94,94,11356
1.8475,0.2297,38.58,94,94,11359
1.8524,0.2346,38.46,94,94,11362
1.8231,0.2297,38.55,94,94,11366
1.8915,0.2346,38.33,94,94,11369
1.8671,0.2395,38.55,94,94,11372
1.8475,0.2248,38.62,94,94,11375
1.8817,0.2346,38.49,94,94,11379
1.8768,0.2297,38.55,94,94,11382
1.9355,0.2737,38.30,94,94,11385
1.8964,0.2248,38.55,94,94,11388
1.9013,0.2248,38.58,94,94,11393
1.9208,0.2346,38.46,94,94,11396
1.9062,0.2297,38.55,94,94,11399
1.9550,0.2346,38.40,94,94,11402
1.9355,0.2346,38.46,94,94,11406
1.9257,0.2297,38.62,94,94,11409
1.9501,0.2639,38.46,94,94,11412
1.9404,0.2297,38.58,94,94,11415
2.0137,0.2346,38.33,94,94,11419
1.9648,0.2493,38.49,94,94,11422
1.9697,0.2248,38.55,94,94,11425
1.9990,0.2297,38.52,94,94,11428
1.9795,0.2542,38.65,94,94,11432
2.0283,0.2297,38.33,94,94,11436
1.9990,0.2297,38.58,94,94,11439
2.0137,0.2395,38.58,94,94,11442
2.0479,0.2395,38.49,94,94,11446
2.0381,0.2297,38.58,94,94,11449
2.0772,0.2542,38.33,94,94,11452
2.0577,0.2297,38.55,94,94,11455
2.0528,0.2248,38.55,94,94,11458
2.0577,0.2395,38.43,94,94,11462
2.0283,0.2297,38.58,94,94,11465
2.0528,0.2346,38.36,94,94,11468
2.0088,0.2346,38.52,94,94,11471
1.9892,0.2248,38.58,94,94,11475
1.9844,0.2346,38.46,94,94,11479
1.9501,0.2297,38.58,94,94,11482
1.9550,0.2346,38.40,94,94,11485
1.9159,0.2346,38.58,94,94,11489
1.9013,0.2297,38.58,94,94,11492
1.9110,0.2395,38.36,94,94,11495
1.8768,0.2297,38.58,94,94,11498
1.8915,0.2346,38.40,94,94,11502
1.8573,0.2248,38.46,94,94,11505
1.8524,0.2297,38.55,94,94,11508
1.8622,0.2346,38.46,94,94,11511
1.8426,0.2199,38.58,94,94,11515
1.8768,0.2297,38.52,94,94,11518
1.8573,0.2248,38.55,94,94,11522
1.8719,0.2102,38.58,94,94,11525
1.8768,0.2444,38.49,94,94,11529
1.8719,0.2297,38.55,94,94,11532
1.9208,0.2346,38.43,94,94,11535
1.8817,0.2248,38.55,94,94,11538
1.8964,0.2248,38.65,94,94,11542
1.9208,0.2346,38.46,94,94,11545
1.9013,0.2297,38.55,94,94,11548
1.9159,0.2346,38.40,94,94,11551
1.8915,0.2248,38.49,94,94,11555
1.9453,0.2297,38.58,94,94,11558
2.0137,0.2346,38.46,94,94,11561
2.0235,0.2346,38.55,94,94,11565
2.1505,0.2346,38.46,94,94,11569
2.2532,0.2395,38.52,94,94,11572
2.4242,0.2248,38.58,94,94,11575
2.6540,0.2346,38.49,94,94,11578
2.8690,0.2297,38.49,94,94,11582
3.1427,0.2346,38.46,94,94,11585
3.2747,0.2297,38.55,94,94,11588
3.3382,0.2248,38.58,94,94,11591
3.2893,0.2395,38.52,94,94,11595
3.0059,0.2297,37.96,94,94,11598
2.7322,0.2346,38.46,94,94,11601
2.3998,0.2346,38.62,94,94,11604
2.1408,0.2297,38.58,94,94,11609
1.9550,0.2346,38.46,94,94,11612
1.7742,0.2297,38.58,94,94,11615
1.6667,0.2395,38.49,94,94,11618
1.5689,0.2297,38.58,94,94,11622
1.4272,0.2297,38.62,94,94,11626
1.4565,0.2297,38.55,94,94,11629
1.5005,0.2346,38.49,94,94,11633
1.5103,0.2297,38.58,94,94,11636
1.5591,0.2346,38.36,94,94,11639
1.5591,0.2297,38.46,94,94,11642
1.5689,0.2297,38.58,94,94,11646
1.6031,0.2346,38.46,94,94,11650
1.5885,0.2346,38.58,94,94,11653
1.6227,0.2297,38.36,94,94,11656
1.6080,0.2297,38.52,94,94,11660
1.6276,0.2199,38.58,94,94,11663
1.6569,0.2297,38.52,94,94,11666
1.6520,0.2297,38.58,94,94,11669
1.6813,0.2346,38.36,94,94,11673
1.6618,0.2248,38.58,94,94,11676
1.6716,0.2248,38.49,94,94,11679
1.7009,0.2297,38.46,94,94,11682
1.6813,0.2297,38.58,94,94,11686
1.7009,0.2248,38.40,94,94,11689
1.6764,0.2297,38.49,94,94,11693
1.6764,0.2346,38.58,94,94,11696
1.7009,0.2346,38.43,94,94,11700
1.7058,0.2297,37.80,94,94,11703
1.7400,0.2346,38.36,94,94,11706
1.7351,0.2297,38.55,94,94,11709
1.7498,0.2297,38.55,94,94,11713
1.7595,0.2297,38.49,94,94,11716
1.7351,0.2297,38.62,94,94,11719
1.7449,0.2297,38.40,94,94,11722
1.7107,0.2297,38.58,94,94,11726
1.7107,0.2102,38.58,94,94,11729
1.7253,0.2444,38.55,94,94,11732
1.7107,0.2542,38.62,94,94,11736
1.7302,0.2297,38.71,94,94,11740
1.7204,0.2248,38.52,94,94,11743
1.7302,0.2346,38.55,94,94,11746
1.7595,0.2346,38.49,94,94,11749
1.7595,0.2297,38.55,94,94,11753
1.7937,0.2395,38.43,94,94,11756
1.7742,0.2248,38.58,94,94,11759
1.7889,0.2297,38.55,94,94,11762
1.8084,0.2346,38.46,94,94,11766
1.8084,0.2297,38.55,94,94,11769
1.8426,0.2297,38.46,94,94,11772
1.8084,0.2297,38.58,94,94,11776
1.8084,0.2248,38.58,94,94,11780
1.8328,0.2395,37.68,94,94,11783
1.8084,0.2346,38.55,94,94,11786
1.8377,0.2346,38.46,94,94,11789
1.8035,0.2248,38.52,94,94,11793
1.8035,0.2297,38.62,94,94,11796
1.8280,0.2346,38.46,94,94,11799
1.8182,0.2297,38.55,94,94,11802
1.8573,0.2346,38.46,94,94,11806
1.8280,0.2297,38.58,94,94,11809
1.8231,0.2444,38.58,94,94,11812
1.8280,0.2297,38.40,94,94,11815
1.8231,0.2297,38.58,94,94,11820
1.8524,0.2493,38.46,94,94,11823
1.8280,0.2297,38.55,94,94,11826
1.8426,0.2297,38.55,94,94,11829
1.8866,0.2395,38.43,94,94,11833
1.8768,0.2346,38.58,94,94,11836
1.8915,0.2395,38.46,94,94,11839
1.8622,0.2248,38.55,94,94,11842
1.9110,0.2199,38.58,94,94,11846
1.9110,0.2248,38.49,94,94,11849
1.9013,0.2297,38.58,94,94,11852
1.9306,0.2346,38.46,94,94,11855
1.8964,0.2297,38.74,94,94,11859
1.9013,0.2297,38.58,94,94,11863
1.9062,0.2346,38.52,94,94,11866
1.8964,0.2444,38.65,94,94,11869
1.9159,0.2297,38.43,94,94,11872
1.8768,0.2297,38.55,94,94,11876
1.8866,0.2346,38.58,94,94,11879
1.9306,0.2395,38.46,94,94,11882
1.9062,0.2297,38.55,94,94,11885
1.9355,0.2444,38.43,94,94,11889
1.9110,0.2297,38.58,94,94,11892
1.9062,0.2346,38.58,94,94,11895
1.9306,0.2395,38.49,94,94,11898
1.8866,0.2297,38.58,94,94,11902
1.8964,0.2346,38.40,94,94,11906
1.8622,0.2297,38.58,94,94,11909
1.8573,0.2297,38.58,94,94,11912
1.8719,0.2297,38.52,94,94,11916
1.8524,0.2346,38.52,94,94,11919
1.8671,0.2346,38.40,94,94,11922
1.8328,0.2297,38.68,94,94,11925
1.8280,0.2297,38.62,94,94,11929
1.8622,0.2688,38.40,94,94,11932
1.8328,0.2297,38.52,94,94,11935
1.8622,0.2346,38.43,94,94,11938
1.8475,0.2346,38.58,94,94,11942
1.8524,0.2297,38.84,94,94,11945
1.8817,0.2395,38.46,94,94,11949
1.8573,0.2346,38.55,94,94,11952
1.8719,0.2395,38.49,94,94,11956
1.8426,0.2297,38.58,94,94,11959
1.8475,0.2297,38.55,94,94,11962
1.8768,0.2346,38.49,94,94,11965
1.8671,0.2493,38.58,94,94,11969
1.8768,0.2297,38.58,94,94,11972
1.8524,0.2297,38.58,94,94,11975
1.8719,0.2395,38.58,94,94,11978
1.8866,0.2395,38.40,94,94,11982
1.8671,0.2297,38.24,94,94,11985
1.8817,0.2346,38.46,94,94,11988
1.8671,0.2395,38.55,94,94,11992
1.8866,0.2248,38.58,94,94,11996
1.9306,0.2395,38.46,94,94,11999
1.9208,0.2297,38.58,94,94,12002
1.9355,0.2297,38.46,94,94,12005
1.9110,0.2297,38.58,94,94,12009
1.9013,0.2297,38.58,94,94,12012
1.9110,0.2444,38.49,94,94,12015
1.8768,0.2297,38.74,94,94,12018
1.8671,0.2346,38.49,94,94,12022
1.8328,0.2297,38.55,94,94,12025
1.8280,0.2248,38.55,94,94,12028
1.8671,0.2395,38.65,94,94,12032
1.8524,0.2346,38.55,94,94,12036
1.8866,0.2346,38.43,94,94,12039
1.8622,0.2395,38.52,94,94,12042
1.8719,0.2297,38.58,94,94,12045
1.9110,0.2297,38.43,94,94,12049
1.8866,0.2346,38.52,94,94,12052
1.9013,0.2297,38.46,94,94,12055
1.8964,0.2346,38.58,94,94,12058
1.9062,0.2297,38.55,94,94,12062
1.9501,0.2346,38.46,94,94,12065
1.9306,0.2297,38.43,94,94,12068
1.9453,0.2346,38.46,94,94,12071
1.9208,0.2297,38.55,94,94,12076
1.9257,0.2297,38.55,94,94,12079
1.9648,0.2395,38.40,94,94,12082
1.9453,0.2346,38.55,94,94,12085
1.9550,0.2346,38.46,94,94,12089
1.9257,0.2297,38.46,94,94,12092
1.9257,0.2297,38.55,94,94,12095
1.9697,0.2346,38.43,94,94,12098
1.9062,0.2590,38.52,94,94,12102
1.8964,0.2297,38.46,94,94,12105
1.8573,0.2346,38.55,94,94,12108
1.8426,0.2199,38.58,94,94,12111
1.8573,0.2493,38.49,94,94,12115
1.8182,0.2346,38.21,94,94,12119
1.8133,0.2346,38.46,94,94,12122
1.7791,0.2346,38.55,94,94,12125
1.7742,0.2346,38.62,94,94,12129
1.7986,0.2395,37.77,94,94,12132
1.7693,0.2346,38.52,94,94,12135
1.7644,0.2346,38.46,94,94,12138
1.7498,0.2297,38.58,94,94,12142
1.7498,0.2297,38.55,94,94,12145
1.7986,0.2395,38.43,94,94,12148
1.7742,0.2346,38.55,94,94,12151
1.7937,0.2297,38.49,94,94,12155
1.8084,0.2346,38.58,94,94,12158
1.8182,0.2199,38.55,94,94,12162
1.8671,0.2444,38.43,94,94,12165
1.8328,0.2297,38.52,94,94,12169
1.8280,0.2346,38.49,94,94,12172
1.8035,0.2346,38.55,94,94,12175
1.8035,0.2297,38.55,94,94,12178
1.8426,0.2395,38.40,94,94,12182
1.8377,0.2346,38.49,94,94,12185
1.8671,0.2297,38.46,94,94,12188
1.8964,0.2297,38.68,94,94,12191
1.9306,0.2297,38.58,94,94,12195
2.0430,0.2493,38.40,94,94,12198
2.1017,0.2346,38.55,94,94,12201
2.2434,0.2199,38.49,94,94,12205
2.3998,0.2395,38.52,94,94,12209
2.6197,0.2297,38.68,94,94,12212
2.9228,0.2493,38.40,94,94,12215
3.0890,0.2884,38.49,94,94,12218
3.2258,0.2102,38.52,94,94,12222
3.2356,0.2346,38.58,94,94,12225
3.0890,0.2297,38.52,94,94,12228
2.9032,0.2493,38.33,94,94,12231
1.6520,0.2395,38.49,94,94,12236
1.5298,0.2346,38.55,94,94,12239
1.4565,0.2688,38.43,94,94,12242
1.4027,0.2297,38.49,94,94,12247
1.3783,0.2297,38.55,94,94,12250
1.3832,0.2395,38.49,94,94,12253
1.3636,0.2297,38.58,94,94,12256
1.3783,0.2346,38.46,94,94,12260
1.3734,0.2297,38.58,94,94,12263
1.3832,0.2199,38.55,94,94,12266
1.4370,0.2346,38.40,94,94,12269
1.4467,0.2297,38.52,94,94,12273
1.4858,0.2297,38.43,94,94,12276
1.4907,0.2346,38.55,94,94,12279
1.5103,0.2297,38.58,94,94,12282
1.5543,0.2395,38.46,94,94,12286
1.5543,0.2346,38.58,94,94,12290
1.5836,0.2639,38.43,94,94,12293
1.5787,0.2297,38.49,94,94,12296
1.5934,0.2297,38.65,94,94,12300
1.6276,0.2395,38.49,94,94,12303
1.6178,0.2395,38.55,94,94,12306
1.6373,0.2297,38.62,94,94,12309
1.6276,0.2297,38.77,94,94,12313
1.6276,0.2297,38.55,94,94,12316
1.6960,0.2444,38.40,94,94,12319
1.6618,0.2395,38.52,94,94,12322
1.6764,0.2297,38.36,94,94,12326
1.6520,0.2346,38.55,94,94,12329
1.6471,0.2346,38.58,94,94,12333
1.6764,0.2590,38.46,94,94,12336
1.6618,0.2297,38.58,94,94,12340
1.6813,0.2346,38.46,94,94,12343
1.6618,0.2493,38.58,94,94,12346
1.6569,0.2346,38.52,94,94,12349
1.6813,0.2395,38.49,94,94,12353
1.6569,0.2346,38.55,94,94,12356
1.6813,0.2395,38.49,94,94,12359
1.6862,0.2297,38.68,94,94,12362
1.6960,0.2297,38.58,94,94,12366
1.7302,0.2444,38.36,94,94,12369
1.6960,0.2346,38.52,94,94,12372
1.6911,0.2297,38.46,94,94,12376
1.7009,0.2346,38.55,94,94,12380
1.6813,0.2297,38.65,94,94,12383
1.7302,0.2395,38.46,94,94,12386
1.7155,0.2346,38.55,94,94,12389
1.7351,0.2346,38.49,94,94,12393
1.7204,0.2297,38.65,94,94,12396
1.7204,0.2297,38.62,94,94,12399
1.7595,0.2444,38.49,94,94,12402
1.7302,0.2346,38.52,94,94,12406
1.7351,0.2297,38.46,94,94,12409
1.7253,0.2297,38.58,94,94,12412
1.7302,0.2346,38.55,94,94,12416
1.7791,0.2395,37.83,94,94,12420
1.7644,0.2346,37.80,94,94,12423
1.7644,0.2346,38.46,94,94,12426
1.7449,0.2688,38.55,94,94,12429
1.7449,0.2297,38.27,94,94,12433
1.7937,0.2395,38.43,94,94,12436
1.7986,0.2346,38.55,94,94,12439
1.7889,0.2297,38.46,94,94,12442
1.7937,0.2297,38.55,94,94,12446
1.7986,0.2297,38.58,94,94,12449
1.8426,0.2493,38.43,94,94,12452
1.8231,0.2297,38.62,94,94,12455
1.8328,0.2297,38.49,94,94,12460
1.8231,0.2297,38.55,94,94,12463
1.8182,0.2199,38.58,94,94,12466
1.8671,0.2395,38.40,94,94,12469
1.8524,0.2493,38.52,94,94,12473
1.8573,0.2346,38.52,94,94,12476
1.8475,0.2346,38.55,94,94,12479
1.8426,0.2493,38.55,94,94,12482
1.8866,0.2444,38.40,94,94,12486
1.8719,0.2297,38.55,94,94,12489
1.8964,0.2248,38.55,94,94,12492
1.9159,0.2346,38.65,94,94,12495
1.9208,0.2297,38.62,94,94,12499
1.9648,0.2493,38.43,94,94,12503
1.9257,0.2395,38.52,94,94,12506
1.9159,0.2297,38.49,94,94,12509
1.8964,0.2297,38.55,94,94,12513
1.8915,0.2102,38.62,94,94,12516
1.9208,0.2590,38.40,94,94,12519
1.8719,0.2395,38.52,94,94,12522
1.8573,0.2346,38.49,94,94,12526
1.8280,0.2346,38.55,94,94,12529
1.8133,0.2297,38.65,94,94,12532
1.8475,0.2444,38.43,94,94,12535
1.8377,0.2346,38.52,94,94,12539
1.8035,0.2297,38.52,94,94,12542
1.7986,0.2346,38.52,94,94,12546
1.7937,0.2297,38.58,94,94,12549
1.8426,0.2395,38.40,94,94,12553
1.8231,0.2395,38.49,94,94,12556
1.8280,0.2297,38.49,94,94,12559
1.8328,0.2346,38.62,94,94,12562
1.8280,0.2297,38.58,94,94,12566
1.8817,0.2493,38.40,94,94,12569
1.8475,0.2395,38.46,94,94,12572
1.8280,0.2297,38.52,94,94,12575
1.8133,0.2346,38.55,94,94,12579
1.7937,0.2297,38.49,94,94,12582
1.8377,0.2493,38.40,94,94,12585
1.8280,0.2346,38.52,94,94,12589
1.7986,0.2444,38.52,94,94,12593
1.7937,0.2346,38.55,94,94,12596
1.7889,0.2346,38.58,94,94,12599
1.8475,0.2542,38.40,94,94,12602
1.7986,0.2688,38.49,94,94,12606
1.7840,0.2297,38.52,94,94,12609
1.7840,0.2297,38.55,94,94,12612
1.7840,0.2346,38.58,94,94,12615
1.8475,0.2493,38.46,94,94,12619
1.8182,0.2395,38.46,94,94,12622
1.8231,0.2199,38.52,94,94,12625
1.8182,0.2346,38.58,94,94,12628
1.8133,0.2297,38.58,94,94,12633
1.8622,0.2542,38.43,94,94,12636
1.8182,0.2346,38.49,94,94,12639
1.8182,0.2346,38.52,94,94,12642
1.8328,0.2346,38.55,94,94,12646
1.8328,0.2297,38.58,94,94,12649
1.9110,0.2493,38.33,94,94,12652
1.8719,0.2444,38.49,94,94,12655
1.8573,0.2248,38.52,94,94,12659
1.8524,0.2297,38.55,94,94,12662
1.8377,0.2346,38.58,94,94,12665
1.8915,0.2493,38.40,94,94,12668
1.8475,0.2395,38.43,94,94,12673
1.8280,0.2248,38.52,94,94,12676
1.8426,0.2395,38.55,94,94,12679
1.8573,0.2297,38.55,94,94,12682
1.9257,0.2493,38.40,94,94,12686
1.8964,0.2297,38.52,94,94,12689
1.9013,0.2297,38.52,94,94,12692
1.8964,0.2590,38.58,94,94,12695
1.8768,0.2297,38.62,94,94,12699
1.9208,0.2493,38.33,94,94,12702
1.8671,0.2346,38.55,94,94,12705
1.8573,0.2248,38.71,94,94,12708
1.8817,0.2346,38.21,94,94,12712
1.8866,0.2346,38.58,94,94,12716
1.9697,0.2639,38.33,94,94,12719
1.9355,0.2297,38.46,94,94,12722
1.9208,0.2248,38.55,94,94,12726
1.9355,0.2346,38.55,94,94,12729
1.8866,0.2248,38.55,94,94,12732
1.9306,0.2493,37.77,94,94,12735
1.8768,0.2297,38.49,94,94,12739
1.8573,0.2248,38.55,94,94,12742
1.8280,0.2346,38.46,94,94,12745
1.7791,0.2590,38.58,94,94,12748
1.7840,0.2493,38.33,94,94,12752
1.7840,0.2346,38.46,94,94,12755
1.7400,0.2248,38.52,94,94,12759
1.7546,0.2297,38.55,94,94,12762
1.7546,0.2346,38.55,94,94,12766
1.7937,0.2395,38.30,94,94,12769
1.7449,0.2346,38.43,94,94,12772
1.7351,0.2248,38.55,94,94,12775
1.7351,0.2297,38.55,94,94,12779
1.7253,0.2346,38.58,94,94,12782
1.7742,0.2493,38.36,94,94,12785
1.7302,0.2346,38.46,94,94,12788
1.7204,0.2248,38.55,94,94,12792
1.7351,0.2395,38.55,94,94,12795
1.7302,0.2395,38.55,94,94,12798
1.7840,0.2493,38.24,94,94,12802
1.7644,0.2346,38.49,94,94,12806
1.7595,0.2346,38.55,94,94,12809
1.7644,0.2346,38.52,94,94,12812
1.7595,0.2297,38.62,94,94,12815
1.8084,0.2493,38.30,94,94,12819
1.8280,0.2346,38.46,94,94,12822
1.8182,0.2297,38.58,94,94,12825
1.8573,0.2346,38.55,94,94,12828
1.8964,0.2346,38.55,94,94,12832
2.0235,0.2688,38.30,94,94,12835
2.1017,0.2346,38.74,94,94,12838
2.2678,0.2346,38.58,94,94,12841
2.4927,0.2346,38.55,94,94,12846
3.2796,0.2297,38.55,94,94,12850
3.0205,0.2346,38.58,94,94,12854
2.7419,0.2444,38.36,94,94,12857
2.3803,0.2297,38.52,94,94,12860
2.0821,0.2444,38.49,94,94,12863
1.8328,0.2346,38.55,94,94,12866
1.6373,0.2346,38.55,94,94,12870
1.5396,0.2444,38.49,94,94,12873
1.4174,0.2346,38.52,94,94,12876
1.3587,0.2199,38.49,94,94,12879
1.3294,0.2346,38.62,94,94,12883
1.3148,0.2297,37.96,94,94,12887
1.3636,0.2297,38.46,94,94,12890
1.3441,0.2297,38.52,94,94,12893
1.3587,0.2297,38.55,94,94,12897
1.3930,0.2297,38.58,94,94,12900
1.4027,0.2346,38.58,94,94,12903
1.4565,0.2493,38.40,94,94,12906
1.4467,0.2297,38.49,94,94,12910
1.4516,0.2248,38.52,94,94,12913
1.4761,0.2346,38.58,94,94,12916
1.5005,0.2297,38.58,94,94,12919
1.5885,0.2542,38.36,94,94,12923
1.5591,0.2395,38.52,94,94,12926
1.5787,0.2297,38.55,94,94,12930
1.6031,0.2346,38.62,94,94,12933
1.5982,0.2346,38.58,94,94,12937
1.6471,0.2493,38.43,94,94,12940
1.5982,0.2395,38.49,94,94,12943
1.6129,0.2346,38.55,94,94,12946
1.6373,0.2346,38.52,94,94,12950
1.6325,0.2297,38.46,94,94,12953
1.6764,0.2493,38.36,94,94,12956
1.6373,0.2395,38.49,94,94,12959
1.6276,0.2444,38.52,94,94,12963
1.6422,0.2346,38.46,94,94,12966
1.6569,0.2346,38.58,94,94,12969
1.7253,0.2395,38.43,94,94,12973
1.7058,0.2346,38.55,94,94,12977
1.7155,0.2248,38.62,94,94,12980
1.7498,0.2346,38.55,94,94,12983
1.7595,0.2346,38.58,94,94,12986
1.8035,0.2786,38.33,94,94,12990
1.7302,0.2395,38.49,94,94,12993
1.6911,0.2297,38.52,94,94,12996
1.7009,0.2346,38.58,94,94,12999
1.6764,0.2297,38.58,94,94,13003
1.7253,0.2493,38.30,94,94,13006
1.7058,0.2346,38.46,94,94,13009
1.7253,0.2493,38.55,94,94,13012
1.7498,0.2346,37.87,94,94,13017
1.7253,0.2297,38.58,94,94,13020
1.7693,0.2542,38.33,94,94,13023
1.7204,0.2346,38.46,94,94,13026
1.7155,0.2297,38.55,94,94,13030
1.7155,0.2297,38.55,94,94,13033
1.7107,0.2346,38.58,94,94,13036
1.7693,0.2884,38.33,94,94,13039
1.7302,0.2346,38.52,94,94,13043
1.7107,0.2102,38.55,94,94,13046
1.7058,0.2346,38.55,94,94,13049
1.7009,0.2297,38.49,94,94,13052
1.7742,0.2493,38.30,94,94,13057
1.7595,0.2346,38.46,94,94,13060
1.7546,0.2297,38.55,94,94,13063
1.7791,0.2346,38.58,94,94,13066
1.7986,0.2346,38.58,94,94,13070
1.8671,0.2590,38.30,94,94,13073
1.8133,0.2346,38.52,94,94,13076
1.7840,0.2248,38.55,94,94,13079
1.7742,0.2346,38.55,94,94,13083
1.7693,0.2346,38.68,94,94,13086
1.8328,0.2493,38.27,94,94,13089
1.8133,0.2346,38.52,94,94,13092
1.8426,0.2346,38.68,94,94,13096
1.8573,0.2395,38.55,94,94,13100
1.8475,0.2297,38.58,94,94,13103
1.8866,0.2493,38.30,94,94,13106
1.8475,0.2346,38.46,94,94,13110
1.8475,0.2395,38.58,94,94,13113
1.8719,0.2346,38.62,94,94,13116
1.8768,0.2297,38.62,94,94,13119
1.9453,0.2444,38.30,94,94,13123
1.9159,0.2248,38.52,94,94,13126
1.9306,0.2297,38.58,94,94,13129
1.9501,0.2346,38.55,94,94,13132
1.9453,0.2346,38.55,94,94,13136
1.9990,0.2444,38.27,94,94,13139
1.9453,0.2395,38.46,94,94,13143
1.9355,0.2346,38.58,94,94,13146
1.9355,0.2346,38.55,94,94,13150
1.9159,0.2590,38.62,94,94,13153
1.9697,0.2444,38.27,94,94,13156
1.9306,0.2346,38.46,94,94,13159
1.9257,0.2346,38.55,94,94,13163
1.9404,0.2346,38.71,94,94,13166
1.9404,0.2346,38.58,94,94,13169
1.9697,0.2444,38.30,94,94,13172
1.9062,0.2346,38.52,94,94,13176
1.9013,0.2346,38.58,94,94,13179
1.9013,0.2395,38.55,94,94,13182
1.8671,0.2346,38.58,94,94,13186
1.8817,0.2444,38.40,94,94,13190
1.8133,0.2346,38.52,94,94,13193
1.7986,0.2346,38.58,94,94,13196
1.7742,0.2346,38.52,94,94,13199
1.7742,0.2297,38.46,94,94,13203
1.8377,0.2297,38.30,94,94,13206
1.7986,0.2346,38.46,94,94,13209
1.7986,0.2542,38.62,94,94,13212
1.8084,0.2346,38.52,94,94,13216
1.8133,0.2346,38.58,94,94,13219
1.8475,0.2444,38.24,94,94,13222
1.8133,0.2346,38.71,94,94,13225
1.8182,0.2297,38.58,94,94,13230
1.8231,0.2395,38.55,94,94,13233
1.8084,0.2346,38.55,94,94,13236
1.8475,0.2444,38.27,94,94,13239
1.8280,0.2346,38.49,94,94,13243
1.8280,0.2346,38.55,94,94,13246
1.8133,0.2346,38.52,94,94,13249
1.7937,0.2297,38.68,94,94,13252
1.8426,0.2395,38.27,94,94,13256
1.7986,0.2346,38.49,94,94,13259
1.7986,0.2346,38.55,94,94,13262
1.8084,0.2395,38.58,94,94,13265
1.8182,0.2346,38.55,94,94,13270
1.8866,0.2542,38.30,94,94,13273
1.8622,0.2346,38.52,94,94,13276
1.8768,0.2346,38.58,94,94,13279
1.8866,0.2395,38.55,94,94,13283
1.8817,0.2395,38.55,94,94,13286
1.9110,0.2444,38.33,94,94,13289
1.8915,0.2395,38.46,94,94,13292
1.8719,0.2444,38.55,94,94,13296
1.8817,0.2444,38.52,94,94,13299
1.8671,0.2297,38.77,94,94,13302
1.9159,0.2444,38.27,94,94,13305
1.9110,0.2395,38.52,94,94,13309
1.8768,0.2297,38.68,94,94,13313
1.8866,0.2395,38.58,94,94,13316
1.8671,0.2346,38.58,94,94,13319
1.9062,0.2444,38.30,94,94,13323
1.8622,0.2297,38.46,94,94,13326
1.8671,0.2297,38.55,94,94,13329
1.8671,0.2395,38.52,94,94,13332
1.8719,0.2346,38.58,94,94,13336
1.9208,0.2444,38.33,94,94,13339
1.9257,0.2395,38.49,94,94,13342
1.9453,0.2346,38.55,94,94,13345
1.9892,0.2346,38.52,94,94,13349
1.9795,0.2297,38.52,94,94,13352
2.0137,0.2395,38.30,94,94,13356
1.9697,0.2395,38.52,94,94,13359
1.9501,0.2297,38.58,94,94,13363
1.9501,0.2395,38.55,94,94,13366
1.9062,0.2346,38.58,94,94,13369
1.9208,0.2395,37.56,94,94,13372
1.8524,0.2297,38.62,94,94,13376
1.8426,0.2346,38.58,94,94,13379
1.8622,0.2395,38.55,94,94,13382
1.8475,0.2346,38.55,94,94,13385
1.8768,0.2395,38.33,94,94,13389
1.8328,0.2395,38.46,94,94,13392
1.7937,0.2395,38.62,94,94,13395
1.7889,0.2737,38.49,94,94,13399
1.7546,0.2346,38.58,94,94,13403
1.7889,0.2444,38.30,94,94,13406
1.7498,0.2346,38.52,94,94,13409
1.7400,0.2346,38.58,94,94,13412
1.7449,0.2444,38.49,94,94,13416
1.7253,0.2297,38.52,94,94,13419
1.7595,0.2395,38.40,94,94,13422
1.7253,0.2346,38.58,94,94,13425
1.7351,0.2248,38.55,94,94,13429
1.7546,0.2444,38.49,94,94,13432
1.7253,0.2346,38.62,94,94,13435
1.7351,0.2395,38.33,94,94,13438
1.7107,0.2346,38.43,94,94,13443
1.6911,0.2346,38.52,94,94,13446
1.7155,0.2444,38.46,94,94,13449
1.7204,0.2346,38.58,94,94,13452
1.7840,0.2395,38.33,94,94,13456
2.3216,0.2493,38.30,94,94,13460
2.4878,0.2688,38.52,94,94,13463
2.7224,0.2297,38.58,94,94,13467
3.0108,0.2395,38.52,94,94,13470
3.1525,0.2395,38.55,94,94,13473
3.3187,0.2444,38.68,94,94,13476
3.1720,0.2395,38.49,94,94,13480
2.8983,0.2346,38.62,94,94,13484
2.5855,0.2395,38.74,94,94,13487
2.2532,0.2346,38.58,94,94,13490
1.9990,0.2444,38.30,94,94,13494
1.7058,0.2346,38.43,94,94,13497
1.5200,0.2346,38.58,94,94,13500
1.3930,0.2444,38.55,94,94,13503
1.3001,0.2297,38.58,94,94,13507
1.2903,0.2444,38.30,94,94,13510
1.2268,0.2346,38.49,94,94,13513
1.2268,0.2297,38.62,94,94,13516
1.2317,0.2395,38.52,94,94,13520
1.2414,0.2346,38.55,94,94,13523
1.3001,0.2395,38.30,94,94,13527
1.3001,0.2395,38.46,94,94,13530
1.3099,0.2248,38.55,94,94,13534
1.3392,0.2688,38.49,94,94,13537
1.3441,0.2297,38.58,94,94,13540
1.3881,0.2395,38.30,94,94,13543
1.3881,0.2395,38.55,94,94,13547
1.4027,0.2297,38.62,94,94,13550
1.4272,0.2395,38.55,94,94,13553
1.4272,0.2395,38.58,94,94,13556
1.4663,0.2444,38.40,94,94,13560
1.4370,0.2297,38.52,94,94,13563
1.4663,0.2346,38.58,94,94,13566
1.4907,0.2444,38.49,94,94,13570
1.5054,0.2346,38.58,94,94,13574
1.5591,0.2444,38.33,94,94,13577
1.5298,0.2346,38.49,94,94,13580
1.5200,0.2297,38.46,94,94,13583
1.5200,0.2395,38.49,94,94,13587
1.5054,0.2346,38.58,94,94,13590
1.5396,0.2395,38.27,94,94,13593
1.5152,0.2444,38.52,94,94,13596
1.5103,0.2297,38.58,94,94,13600
1.5494,0.2444,38.52,94,94,13603
1.5494,0.2346,38.58,94,94,13606
1.5836,0.2297,38.30,94,94,13609
1.5640,0.2346,38.58,94,94,13614
1.5689,0.2297,38.81,94,94,13617
1.5885,0.2395,38.52,94,94,13620
1.5787,0.2297,38.55,94,94,13623
1.6325,0.2493,38.33,94,94,13627
1.6129,0.2395,38.46,94,94,13630
1.6178,0.2297,38.55,94,94,13633
1.6422,0.2444,38.49,94,94,13636
1.6276,0.2346,38.55,94,94,13640
1.6667,0.2395,38.27,94,94,13643
1.6422,0.2346,38.55,94,94,13646
1.6471,0.2346,38.55,94,94,13649
1.6520,0.2395,38.49,94,94,13654
1.6422,0.2297,38.55,94,94,13657
1.6716,0.2395,38.33,94,94,13660
1.6618,0.2346,38.58,94,94,13663
1.6667,0.2297,38.58,94,94,13667
1.6764,0.2395,38.52,94,94,13670
1.6813,0.2346,38.55,94,94,13673
1.7155,0.2346,38.43,94,94,13676
1.6911,0.2346,38.36,94,94,13680
1.6911,0.2297,38.58,94,94,13683
1.7253,0.2444,38.49,94,94,13686
1.7107,0.2346,38.58,94,94,13689
1.7400,0.2639,38.36,94,94,13693
1.7009,0.2346,38.49,94,94,13697
1.7058,0.2346,38.58,94,94,13700
1.6813,0.2395,38.55,94,94,13703
1.6716,0.2346,38.55,94,94,13707
1.7107,0.2395,38.33,94,94,13710
1.7058,0.2346,38.55,94,94,13713
1.7302,0.2297,38.55,94,94,13716
1.7595,0.2395,38.49,94,94,13720
1.7449,0.2297,38.55,94,94,13723
1.7644,0.2444,38.36,94,94,13726
1.7400,0.2639,38.46,94,94,13729
1.7302,0.2297,38.58,94,94,13733
1.7595,0.2395,38.46,94,94,13736
1.7644,0.2493,38.62,94,94,13740
1.8182,0.2395,38.36,94,94,13743
1.8035,0.2346,38.52,94,94,13747
1.8035,0.2395,38.55,94,94,13750
1.8133,0.2395,38.40,94,94,13753
1.7937,0.2346,38.55,94,94,13756
1.8084,0.2395,38.33,94,94,13760
1.7791,0.2639,38.62,94,94,13763
1.7840,0.2297,38.58,94,94,13766
1.8133,0.2395,38.46,94,94,13769
1.8231,0.2346,38.55,94,94,13773
1.8377,0.2395,38.36,94,94,13776
1.8280,0.2346,38.46,94,94,13779
1.8377,0.2346,38.58,94,94,13783
1.8719,0.2444,38.43,94,94,13787
1.8280,0.2395,38.55,94,94,13790
1.8475,0.2346,38.43,94,94,13793
1.8035,0.2346,38.52,94,94,13796
1.7889,0.2346,38.62,94,94,13800
1.7937,0.2493,38.49,94,94,13803
1.7791,0.2346,38.55,94,94,13806
1.8084,0.2346,38.36,94,94,13809
1.7937,0.2346,38.55,94,94,13813
1.7889,0.2346,38.58,94,94,13816
1.8182,0.2395,38.43,94,94,13819
1.7937,0.2346,38.58,94,94,13822
1.8182,0.2346,38.36,94,94,13827
1.7889,0.2346,38.49,94,94,13830
1.7742,0.2346,38.65,94,94,13833
1.7937,0.2395,38.43,94,94,13836
1.7791,0.2346,38.58,94,94,13840
1.8084,0.2444,38.40,94,94,13843
1.7937,0.2346,38.49,94,94,13846
1.8035,0.2346,38.55,94,94,13849
1.8231,0.2346,38.49,94,94,13853
1.8231,0.2346,38.58,94,94,13856
1.8524,0.2346,38.40,94,94,13859
1.8328,0.2297,38.58,94,94,13862
1.8182,0.2395,38.58,94,94,13867
1.8231,0.2444,38.36,94,94,13870
1.7791,0.2346,38.68,94,94,13873
1.7840,0.2346,38.40,94,94,13876
1.7693,0.2346,38.49,94,94,13880
1.7693,0.2346,38.58,94,94,13883
1.7986,0.2395,38.46,94,94,13886
1.7742,0.2346,38.55,94,94,13889
1.7986,0.2395,38.40,94,94,13893
1.7693,0.2346,38.55,94,94,13896
1.7742,0.2297,38.58,94,94,13899
1.7840,0.2346,38.49,94,94,13902
1.7742,0.2346,38.65,94,94,13906
1.8133,0.2346,38.40,94,94,13910
1.7791,0.2297,38.58,94,94,13913
1.7791,0.2346,38.58,94,94,13916
1.8035,0.2444,38.36,94,94,13920
1.7889,0.2346,38.65,94,94,13923
1.8182,0.2346,38.43,94,94,13926
1.8133,0.2346,38.49,94,94,13929
1.8328,0.2346,38.43,94,94,13933
1.8671,0.2395,38.52,94,94,13936
1.8573,0.2297,38.58,94,94,13939
1.8817,0.2346,38.40,94,94,13942
1.8524,0.2346,38.55,94,94,13946
1.8524,0.2346,38.74,94,94,13949
1.8573,0.2395,38.52,94,94,13953
1.8377,0.2346,38.58,94,94,13956
1.8671,0.2346,38.46,94,94,13960
1.8377,0.2346,38.58,94,94,13963
1.8426,0.2297,38.58,94,94,13966
1.8817,0.2493,38.43,94,94,13969
1.8622,0.2346,38.55,94,94,13973
1.8964,0.2346,38.36,94,94,13976
1.8719,0.2346,38.49,94,94,13979
1.8768,0.2346,38.68,94,94,13982
1.9062,0.2346,38.46,94,94,13986
1.9062,0.2346,38.74,94,94,13989
1.9550,0.2346,38.43,94,94,13992
1.9355,0.2346,38.55,94,94,13996
1.9404,0.2346,38.58,94,94,14000
1.9453,0.2297,38.49,94,94,14003
1.9159,0.2346,38.55,94,94,14006
1.9257,0.2346,38.46,94,94,14009
1.8768,0.2346,38.62,94,94,14013
1.8671,0.2346,38.58,94,94,14016
1.8719,0.2444,38.43,94,94,14019
1.8475,0.2493,38.55,94,94,14022
1.8768,0.2346,38.43,94,94,14026
1.8377,0.2346,38.52,94,94,14029
1.8280,0.2395,38.62,94,94,14032
1.8280,0.2346,38.46,94,94,14035
1.7986,0.2346,38.58,94,94,14040
1.8133,0.2346,38.43,94,94,14043
1.7595,0.2493,38.52,94,94,14046
1.7546,0.2346,38.65,94,94,14049
1.7644,0.2297,38.49,94,94,14053
1.7546,0.2395,38.52,94,94,14056
1.7742,0.2395,38.55,94,94,14059
1.7351,0.2346,38.58,94,94,14062
1.7351,0.2297,38.58,94,94,14066
1.7595,0.2395,38.46,94,94,14069
1.7302,0.2444,38.49,94,94,14073
1.7253,0.2346,38.58,94,94,14077
1.7400,0.2395,38.36,94,94,14081
1.7302,0.2346,38.52,94,94,14084
1.7840,0.2346,38.55,94,94,14087
1.8426,0.2444,38.52,94,94,14091
1.9013,0.2346,38.58,94,94,14094
2.0381,0.2493,38.36,94,94,14097
2.1408,0.2395,38.58,94,94,14100
2.3167,0.2346,38.58,94,94,14104
2.5513,0.2297,38.46,94,94,14107
2.7468,0.2346,38.58,94,94,14110
3.0254,0.2395,37.74,94,94,14113
3.1720,0.2346,38.46,94,94,14117
3.2209,0.2346,38.62,94,94,14120
3.1720,0.2395,38.49,94,94,14124
2.9130,0.2346,38.58,94,94,14127
2.6588,0.2737,38.36,94,94,14131
2.3216,0.2346,38.58,94,94,14134
2.0577,0.2346,38.58,94,94,14137
1.8573,0.2395,38.46,94,94,14140
1.6764,0.2395,38.55,94,94,14144
1.5640,0.2395,38.33,94,94,14147
1.4467,0.2346,38.55,94,94,14150
1.3930,0.2395,38.58,94,94,14153
1.3783,0.2395,38.52,94,94,14157
1.3490,0.2346,38.65,94,94,14160
1.3685,0.2395,38.36,94,94,14163
1.3636,0.2346,38.55,94,94,14167
1.3734,0.2346,38.58,94,94,14171
1.4027,0.2395,38.40,94,94,14174
1.4027,0.2297,38.55,94,94,14177
1.4418,0.2395,38.40,94,94,14180
1.4418,0.2346,38.52,94,94,14184
1.4761,0.2346,38.55,94,94,14187
1.5005,0.2444,38.46,94,94,14190
1.5054,0.2346,38.58,94,94,14193
1.5298,0.2395,38.40,94,94,14197
1.5103,0.2248,38.55,94,94,14200
1.5249,0.2346,38.81,94,94,14203
1.5640,0.2444,38.43,94,94,14206
1.5591,0.2346,38.55,94,94,14211
1.6129,0.2395,38.40,94,94,14214
1.6276,0.2346,37.77,94,94,14217
1.6373,0.2297,38.62,94,94,14220
1.6471,0.2395,38.46,94,94,14224
1.6276,0.2346,38.58,94,94,14227
1.6080,0.2346,38.40,94,94,14230
1.5738,0.2346,38.55,94,94,14233
1.5591,0.2346,38.55,94,94,14237
1.5689,0.2395,38.84,94,94,14240
1.5640,0.2297,38.62,94,94,14243
1.5982,0.2346,38.40,94,94,14246
1.5934,0.2639,38.55,94,94,14251
1.6129,0.2297,38.62,94,94,14254
1.6520,0.2444,38.52,94,94,14257
1.6373,0.2346,38.55,94,94,14260
1.6667,0.2346,38.40,94,94,14264
1.6471,0.2297,38.52,94,94,14267
1.6569,0.2346,38.58,94,94,14270
1.6764,0.2395,38.46,94,94,14273
1.6569,0.2346,38.58,94,94,14277
1.6764,0.2346,38.43,94,94,14280
1.6569,0.2346,38.55,94,94,14283
1.6716,0.2297,38.55,94,94,14286
1.6960,0.2395,38.62,94,94,14290
1.6960,0.2346,38.58,94,94,14294
1.7253,0.2590,38.43,94,94,14297
1.7009,0.2346,38.62,94,94,14300
1.7009,0.2297,38.58,94,94,14304
1.7302,0.2493,38.49,94,94,14307
1.7058,0.2346,38.58,94,94,14310
1.7253,0.2297,38.46,94,94,14313
1.7107,0.2102,38.52,94,94,14317
1.6911,0.2346,38.58,94,94,14320
1.7009,0.2395,38.46,94,94,14323
1.6911,0.2346,38.55,94,94,14326
1.7204,0.2444,38.46,94,94,14330
1.7155,0.2542,38.62,94,94,14333
1.7351,0.2346,38.58,94,94,14337
1.7546,0.2395,38.49,94,94,14340
1.7400,0.2395,38.55,94,94,14344
1.7546,0.2444,38.46,94,94,14347
1.7253,0.2346,38.62,94,94,14350
1.7302,0.2297,38.58,94,94,14353
1.7742,0.2444,38.43,94,94,14357
1.7644,0.2444,38.55,94,94,14360
1.7937,0.2444,38.52,94,94,14363
1.7644,0.2297,38.55,94,94,14366
1.7986,0.2346,38.58,94,94,14370
1.8084,0.2395,38.46,94,94,14373
1.8035,0.2297,38.55,94,94,14376
1.8377,0.2444,38.46,94,94,14380
1.8182,0.2346,38.55,94,94,14384
1.8280,0.2346,38.58,94,94,14387
1.8426,0.2297,38.52,94,94,14390
1.8524,0.2444,38.55,94,94,14393
1.8866,0.2444,38.40,94,94,14397
1.8622,0.2346,38.58,94,94,14400
1.8719,0.2346,38.55,94,94,14403
1.9013,0.2444,38.43,94,94,14406
1.8768,0.2395,38.77,94,94,14410
1.9062,0.2444,38.49,94,94,14413
1.9013,0.2346,38.65,94,94,14416
1.8671,0.2395,38.62,94,94,14419
1.8768,0.2444,38.49,94,94,14424
1.8475,0.2297,38.58,94,94,14427
1.8573,0.2444,38.43,94,94,14430
1.8182,0.2346,38.49,94,94,14433
1.8084,0.2346,38.81,94,94,14437
1.8231,0.2395,38.52,94,94,14440
1.8084,0.2346,38.55,94,94,14443
1.8280,0.2395,38.55,94,94,14446
1.8035,0.2346,38.58,94,94,14450
1.8084,0.2346,38.62,94,94,14453
1.8475,0.2493,38.24,94,94,14456
1.8280,0.2346,38.40,94,94,14459
1.8475,0.2444,38.43,94,94,14462
1.8231,0.2346,38.58,94,94,14467
1.8133,0.2297,38.62,94,94,14470
1.8426,0.2297,38.46,94,94,14473
1.8084,0.2444,38.52,94,94,14476
1.8231,0.2395,38.46,94,94,14480
1.8133,0.2444,38.55,94,94,14483
1.8524,0.2346,38.58,94,94,14486
1.8328,0.2444,37.96,94,94,14489
1.8182,0.2297,38.55,94,94,14493
1.8231,0.2395,38.43,94,94,14496
1.8035,0.2444,38.58,94,94,14499
1.8084,0.2297,38.58,94,94,14502
1.8475,0.2444,38.43,94,94,14507
1.8280,0.2346,38.55,94,94,14510
1.8475,0.2395,38.21,94,94,14513
1.8231,0.2297,38.58,94,94,14516
1.8182,0.2493,38.58,94,94,14520
1.8377,0.2444,38.46,94,94,14523
1.8133,0.2395,38.55,94,94,14526
1.8622,0.2346,38.49,94,94,14529
1.8084,0.2297,38.55,94,94,14533
1.8133,0.2346,38.62,94,94,14536
1.8524,0.2444,38.49,94,94,14539
1.8524,0.2395,38.52,94,94,14542
1.8622,0.2395,38.49,94,94,14546
1.8524,0.2346,38.52,94,94,14550
1.8573,0.2297,38.58,94,94,14553
1.9013,0.2444,38.40,94,94,14556
1.8671,0.2542,38.52,94,94,14560
1.8817,0.2395,38.49,94,94,14563
1.8573,0.2346,38.58,94,94,14566
1.8768,0.2346,38.58,94,94,14569
1.9159,0.2444,38.46,94,94,14573
1.9013,0.2297,38.58,94,94,14576
1.9110,0.2590,38.46,94,94,14579
1.8915,0.2395,38.68,94,94,14582
1.8915,0.2346,38.55,94,94,14586
1.9257,0.2297,38.49,94,94,14589
1.9013,0.2542,38.55,94,94,14593
1.9110,0.2346,38.46,94,94,14596
1.8915,0.2395,38.55,94,94,14600
1.8964,0.2346,38.55,94,94,14603
1.9306,0.2590,38.36,94,94,14606
1.9159,0.2395,38.43,94,94,14609
1.9306,0.2297,38.49,94,94,14613
1.9208,0.2444,38.58,94,94,14616
1.9062,0.2346,38.77,94,94,14619
1.9355,0.2297,38.43,94,94,14622
1.9208,0.2395,38.55,94,94,14626
1.9257,0.2297,38.43,94,94,14629
1.9306,0.2395,38.58,94,94,14632
1.9404,0.2346,38.55,94,94,14636
1.9697,0.2542,38.43,94,94,14640
1.9355,0.2395,38.52,94,94,14643
1.9159,0.2297,38.49,94,94,14646
1.8768,0.2395,38.55,94,94,14649
1.8524,0.2493,38.58,94,94,14653
1.8817,0.2444,38.30,94,94,14656
1.8524,0.2395,38.52,94,94,14659
1.8817,0.2444,38.46,94,94,14662
1.8328,0.2395,38.55,94,94,14666
1.8280,0.2346,38.58,94,94,14669
1.8573,0.2493,38.46,94,94,14672
1.8182,0.2444,38.49,94,94,14675
1.8084,0.2346,38.49,94,94,14680
1.7889,0.2346,38.55,93,94,14683
1.7986,0.2395,38.55,93,94,14687
1.7986,0.2346,38.58,93,94,14691
1.8182,0.2786,38.40,93,94,14694
1.7937,0.2395,38.52,93,94,14697
1.8182,0.2395,38.43,93,94,14700
1.8035,0.2346,38.55,93,94,14704
1.8182,0.2395,38.68,93,94,14707
1.8524,0.2444,38.46,93,94,14710
1.8426,0.2395,38.55,93,94,14713
1.8719,0.2395,38.46,93,94,14717
1.8573,0.2346,38.55,93,94,14721
1.8719,0.2346,38.58,93,94,14724
1.9208,0.2493,38.55,93,94,14727
1.9599,0.2395,38.55,93,94,14731
2.0528,0.2395,38.43,93,94,14734
2.1408,0.2395,38.55,93,94,14737
2.2874,0.2444,38.58,93,94,14740
2.5220,0.2444,38.40,93,94,14744
2.7224,0.2395,38.55,93,94,14747
2.9863,0.2395,38.40,93,94,14750
3.1623,0.2346,38.58,93,94,14753
3.2796,0.2444,38.58,93,94,14757
3.2942,0.2444,38.36,93,94,14760
3.0743,0.2395,38.55,93,94,14764
2.8152,0.2688,38.40,93,94,14767
2.5024,0.2346,38.65,93,94,14771
2.2385,0.2346,38.58,93,94,14774
2.0381,0.2493,38.49,93,94,14777
1.8231,0.2395,38.55,93,94,14780
1.6716,0.2395,38.46,93,94,14784
1.5347,0.2297,38.55,93,94,14787
1.4565,0.2346,38.55,93,94,14790
1.4418,0.2444,38.36,93,94,14793
1.4027,0.2395,38.58,93,94,14797
1.4272,0.2346,38.43,93,94,14800
1.4076,0.2395,38.62,93,94,14803
1.4370,0.2346,38.58,93,94,14807
1.4809,0.2444,38.43,93,94,14811
1.4907,0.2395,38.55,93,94,14814
1.5152,0.2346,38.46,93,94,14817
1.5494,0.2346,38.58,93,94,14820
1.5396,0.2346,38.55,93,94,14824
1.5836,0.2493,38.46,93,94,14827
1.5787,0.2395,38.55,93,94,14830
1.5885,0.2395,38.46,93,94,14833
1.5787,0.2346,38.58,93,94,14837
1.5787,0.2346,38.58,93,94,14840
1.6178,0.2444,38.43,93,94,14843
1.6080,0.2395,38.52,93,94,14846
1.6227,0.2395,38.46,93,94,14851
1.6227,0.2395,38.58,93,94,14854
1.6373,0.2346,38.58,93,94,14857
1.6764,0.2444,38.43,93,94,14860
1.6618,0.2444,38.55,93,94,14864
1.6716,0.2395,38.52,93,94,14867
1.6667,0.2297,38.55,93,94,14870
1.6618,0.2346,38.58,93,94,14873
1.7058,0.2542,38.46,93,94,14877
1.6911,0.2395,38.62,93,94,14880
1.7107,0.2346,38.49,93,94,14883
1.7107,0.2297,38.55,93,94,14886
1.7253,0.2444,38.55,93,94,14891
1.7742,0.2493,38.40,93,94,14894
1.7595,0.2395,38.24,93,94,14897
1.7595,0.2346,38.46,93,94,14900
1.7400,0.2346,38.55,93,94,14904
1.7351,0.2346,38.08,93,94,14907
1.7693,0.2444,38.40,93,94,14910
1.7595,0.2444,38.49,93,94,14913
1.7742,0.2346,38.40,93,94,14917
1.7840,0.2395,38.55,93,94,14920
1.7986,0.2346,38.55,93,94,14923
1.8426,0.2493,38.43,93,94,14926
1.8084,0.2395,38.71,93,94,14930
1.8035,0.2346,38.49,93,94,14934
1.8084,0.2346,38.55,93,94,14937
1.7742,0.2346,38.52,93,94,14940
1.8133,0.2444,38.40,93,94,14944
1.7986,0.2444,38.52,93,94,14947
1.7840,0.2493,38.46,93,94,14950
1.7742,0.2395,38.46,93,94,14953
1.7693,0.2346,38.55,93,94,14957
1.8133,0.2542,38.40,93,94,14960
1.7889,0.2395,38.71,93,94,14963
1.7791,0.2346,38.52,93,94,14966
1.7693,0.2444,38.55,93,94,14970
1.7693,0.2542,38.55,93,94,14973
1.8328,0.2493,38.08,93,94,14977
1.8133,0.2395,38.52,93,94,14980
1.8182,0.2346,38.49,93,94,14984
1.8231,0.2395,38.52,93,94,14987
1.8328,0.2346,38.55,93,94,14990
1.8964,0.2493,38.36,93,94,14993
1.8866,0.2395,38.49,93,94,14997
1.8817,0.2493,38.55,93,94,15000
1.8915,0.2395,38.71,93,94,15003
1.8915,0.2346,38.58,93,94,15006
1.9306,0.2590,38.40,93,94,15010
1.8768,0.2395,38.52,93,94,15013
1.8719,0.2346,38.49,93,94,15016
1.9013,0.2444,38.55,93,94,15020
1.8915,0.2346,38.58,93,94,15024
1.9648,0.2542,38.40,93,94,15027
1.9404,0.2444,38.52,93,94,15030
1.9257,0.2346,38.52,93,94,15033
1.9208,0.2346,38.52,93,94,15037
1.9208,0.2346,38.58,93,94,15040
2.0137,0.2542,38.36,93,94,15043
1.9648,0.2346,38.49,93,94,15046
1.9599,0.2346,38.68,93,94,15050
1.9599,0.2395,38.55,93,94,15053
1.9501,0.2444,38.58,93,94,15056
2.0039,0.2542,38.33,93,94,15059
1.9599,0.2395,38.52,93,94,15064
1.9599,0.2346,38.52,93,94,15067
1.9795,0.2493,38.55,93,94,15070
1.9844,0.2346,38.55,93,94,15073
2.0381,0.2542,37.68,93,94,15077
1.9892,0.2444,38.49,93,94,15080
1.9599,0.2297,38.52,93,94,15083
1.9550,0.2688,38.62,93,94,15086
1.9501,0.2297,38.62,93,94,15090
2.0137,0.2590,38.36,93,94,15093
1.9844,0.2444,38.46,93,94,15096
1.9697,0.2297,38.62,93,94,15099
1.9599,0.2395,38.55,93,94,15104
1.9306,0.2346,38.36,93,94,15107
1.9697,0.2542,37.59,93,94,15110
1.9159,0.2395,38.49,93,94,15113
1.9355,0.2346,38.52,93,94,15117
1.8915,0.2590,38.55,93,94,15120
1.8768,0.2346,38.77,93,94,15123
1.9257,0.2297,38.33,93,94,15126
1.8915,0.2395,38.46,93,94,15130
1.8671,0.2297,38.52,93,94,15133
1.8719,0.2395,38.55,93,94,15136
1.8768,0.2297,38.58,93,94,15139
1.9453,0.2542,38.30,93,94,15143
1.9208,0.2444,38.43,93,94,15147
1.9159,0.2297,38.55,93,94,15150
1.9355,0.2395,38.55,93,94,15153
1.9501,0.2346,38.55,93,94,15157
2.0039,0.2590,38.27,93,94,15160
1.9550,0.2297,38.49,93,94,15163
1.9404,0.2297,38.52,93,94,15166
1.9453,0.2395,38.65,93,94,15169
1.9355,0.2346,38.58,93,94,15173
1.9892,0.2493,38.30,93,94,15176
1.9501,0.2639,38.43,93,94,15179
1.9404,0.2297,38.55,93,94,15182
1.9599,0.2395,38.55,93,94,15186
1.9599,0.2395,38.65,93,94,15190
2.0186,0.2493,38.30,93,94,15193
1.9697,0.2395,38.46,93,94,15197
1.9453,0.2346,38.55,93,94,15200
1.9599,0.2444,38.52,93,94,15203
1.9550,0.2346,38.58,93,94,15206
2.0479,0.2493,38.27,93,94,15209
1.9697,0.2346,38.52,93,94,15213
1.9844,0.2297,38.58,93,94,15216
1.9941,0.2395,38.55,93,94,15219
1.9697,0.2297,38.58,93,94,15222
2.0186,0.2493,38.27,93,94,15226
1.9746,0.2395,38.49,93,94,15229
1.9648,0.2346,38.58,93,94,15233
1.9795,0.2395,38.55,93,94,15236
1.9795,0.2395,38.55,93,94,15240
2.0430,0.2444,38.21,93,94,15243
2.0088,0.2346,38.46,93,94,15246
2.0039,0.2444,38.58,93,94,15249
2.0137,0.2346,38.55,93,94,15253
2.0137,0.2346,38.55,93,94,15256
2.0772,0.2542,38.24,93,94,15259
2.0381,0.2346,38.52,93,94,15262
2.0479,0.2346,38.58,93,94,15266
2.0577,0.2346,38.52,93,94,15269
2.0528,0.2444,38.68,93,94,15272
2.1554,0.2395,38.30,93,94,15276
2.1163,0.2395,38.43,93,94,15280
2.1065,0.2346,38.58,93,94,15283
2.1017,0.2395,38.49,93,94,15286
2.0381,0.2395,38.58,93,94,15289
2.0332,0.2444,38.30,93,94,15293
1.9648,0.2542,38.43,93,94,15297
1.9062,0.2395,38.52,93,94,15301
1.9208,0.2346,38.52,93,94,15304
1.8768,0.2395,38.49,93,94,15307
1.8622,0.2346,38.55,93,94,15310
1.9159,0.2542,38.36,93,94,15314
1.8915,0.2395,38.49,93,94,15318
1.8915,0.2297,38.90,93,94,15321
1.9159,0.2395,38.27,93,94,15324
1.9453,0.2346,38.58,93,94,15328
1.9892,0.2542,38.36,93,94,15331
1.9404,0.2444,38.46,93,94,15334
1.9110,0.2297,38.49,93,94,15337
1.8915,0.2395,38.55,93,94,15341
1.9110,0.2346,38.55,93,94,15344
1.9257,0.2639,38.36,93,94,15347
1.8768,0.2395,38.49,93,94,15350
1.8768,0.2297,38.52,93,94,15354
1.8817,0.2395,38.55,93,94,15357
1.8866,0.2346,38.58,93,94,15361
1.9697,0.2639,38.33,93,94,15364
1.9599,0.2395,38.58,93,94,15368
1.9746,0.2346,38.52,93,94,15371
2.0186,0.2395,38.55,93,94,15374
2.0870,0.2346,38.58,93,94,15377
2.2727,0.2542,38.33,93,94,15381
2.4047,0.2395,38.46,93,94,15384
2.6197,0.2297,38.52,93,94,15387
2.8837,0.2395,38.55,93,94,15390
3.1183,0.2346,38.58,93,94,15394
3.4115,0.2933,38.33,93,94,15397
3.4164,0.2395,38.46,93,94,15400
3.3236,0.2297,38.55,93,94,15404
3.1036,0.2395,38.55,93,94,15408
2.7859,0.2297,38.55,93,94,15411
2.5513,0.2542,38.36,93,94,15414
2.2190,0.2395,38.55,93,94,15417
1.9746,0.2346,38.55,93,94,15421
1.8280,0.2395,38.55,93,94,15424
1.7107,0.2346,38.81,93,94,15427
1.6862,0.2542,38.33,93,94,15430
1.5836,0.2297,38.46,93,94,15434
1.5005,0.2346,38.55,93,94,15437
1.4712,0.2395,38.58,93,94,15440
1.4712,0.2297,38.58,93,94,15443
1.5445,0.2542,38.30,93,94,15448
1.5298,0.2346,38.68,93,94,15451
1.5396,0.2346,38.55,93,94,15454
1.5543,0.2444,38.55,93,94,15457
1.5347,0.2346,38.58,93,94,15461
1.5885,0.2542,38.30,93,94,15464
1.5689,0.2395,38.49,93,94,15467
1.5640,0.2346,38.55,93,94,15470
1.5689,0.2444,38.52,93,94,15474
1.5640,0.2346,38.62,93,94,15477
1.6227,0.2493,38.30,93,94,15480
1.6031,0.2395,38.46,93,94,15483
1.6373,0.2395,38.52,93,94,15488
1.6862,0.2395,38.65,93,94,15491
1.7107,0.2346,38.55,93,94,15494
1.7742,0.2688,38.30,93,94,15497
1.7351,0.2346,38.43,93,94,15501
1.7449,0.2297,38.58,93,94,15504
1.7498,0.2395,38.62,93,94,15507
1.7449,0.2346,38.55,93,94,15510
1.7742,0.2542,38.30,93,94,15514
1.7351,0.2395,38.49,93,94,15517
1.7302,0.2346,38.58,93,94,15520
1.7400,0.2346,38.55,93,94,15523
1.7449,0.2346,38.52,93,94,15527
1.8280,0.2444,38.27,93,94,15531
1.8035,0.2395,38.46,93,94,15534
1.7889,0.2346,38.55,93,94,15537
1.7889,0.2395,38.62,93,94,15541
1.7742,0.2346,38.58,93,94,15544
1.8133,0.2835,38.30,93,94,15547
1.7595,0.2688,38.55,93,94,15550
1.7546,0.2346,38.65,93,94,15554
1.7693,0.2395,38.55,93,94,15557
1.7742,0.2297,38.55,93,94,15560
1.8182,0.2395,38.27,93,94,15563
1.7937,0.2395,38.71,93,94,15567
1.7986,0.2297,38.58,93,94,15570
1.8231,0.2395,38.55,93,94,15574
1.8280,0.2346,38.55,93,94,15577
1.8915,0.2444,38.27,93,94,15581
1.8426,0.2395,38.58,93,94,15584
1.8328,0.2346,38.65,93,94,15587
1.8035,0.2395,38.55,93,94,15590
1.7693,0.2346,38.46,93,94,15594
1.7986,0.2297,38.27,93,94,15597
1.7595,0.2346,38.49,93,94,15600
1.7693,0.2346,38.58,93,94,15603
1.7937,0.2395,38.58,93,94,15607
1.8182,0.2346,38.55,93,94,15610
1.8964,0.2444,38.24,93,94,15613
1.8866,0.2346,38.49,93,94,15617
1.8768,0.2346,38.55,93,94,15621
1.8866,0.2395,38.43,93,94,15624
1.8817,0.2346,38.62,93,94,15627
1.9306,0.2444,38.30,93,94,15630
1.8280,0.2346,38.46,93,94,15634
1.7986,0.2346,38.65,93,94,15637
1.7840,0.2395,38.55,93,94,15640
1.7937,0.2297,38.55,93,94,15643
1.8622,0.2444,38.27,93,94,15647
1.8377,0.2346,38.52,93,94,15650
1.8573,0.2346,38.58,93,94,15653
1.8377,0.2395,38.52,93,94,15656
1.8328,0.2395,38.58,93,94,15661
1.9110,0.2493,38.33,93,94,15664
1.9159,0.2395,38.49,93,94,15667
1.9306,0.2590,38.62,93,94,15670
1.9648,0.2395,38.52,93,94,15674
1.9648,0.2346,38.58,93,94,15677
2.0186,0.2542,38.30,93,94,15680
1.9795,0.2395,38.55,93,94,15683
1.9746,0.2346,37.87,93,94,15687
1.9990,0.2297,38.55,93,94,15690
1.9990,0.2395,38.58,93,94,15693
2.0528,0.2444,38.30,93,94,15696
1.9795,0.2297,38.52,93,94,15700
1.9453,0.2346,38.55,93,94,15704
1.9159,0.2395,38.55,93,94,15707
1.8817,0.2346,38.58,93,94,15710
1.9208,0.2297,38.30,93,94,15714
1.9062,0.2444,38.46,93,94,15717
1.8915,0.2346,38.77,93,94,15720
1.9013,0.2395,38.43,93,94,15723
1.8817,0.2346,38.58,93,94,15727
1.9257,0.2493,38.30,93,94,15730
1.8964,0.2346,37.71,93,94,15733
1.8768,0.2297,38.58,93,94,15736
1.8964,0.2395,38.49,93,94,15740
1.8768,0.2346,38.81,93,94,15744
1.9306,0.2297,38.33,93,94,15747
1.8817,0.2297,38.52,93,94,15750
1.8866,0.2346,38.58,93,94,15754
1.9062,0.2444,38.52,93,94,15757
1.8817,0.2346,37.80,93,94,15760
1.9257,0.2444,38.30,93,94,15763
1.8817,0.2346,38.46,93,94,15767
1.8671,0.2346,38.62,93,94,15770
1.8866,0.2444,38.36,93,94,15773
1.8817,0.2297,38.58,93,94,15776
1.9453,0.2542,38.33,93,94,15780
1.9159,0.2395,38.52,93,94,15783
1.9013,0.2346,38.58,93,94,15787
1.8915,0.2395,38.55,93,94,15790
1.8524,0.2395,38.62,93,94,15794
1.8768,0.2444,38.43,93,94,15797
1.8328,0.2297,38.55,93,94,15800
1.8573,0.2346,38.55,93,94,15803
1.9062,0.2444,38.55,93,94,15807
1.9062,0.2346,38.58,93,94,15810
1.9599,0.2444,38.30,93,94,15813
1.9501,0.2395,38.46,93,94,15816
1.9062,0.2346,38.58,93,94,15820
1.9159,0.2444,38.58,93,94,15823
1.8768,0.2346,38.58,93,94,15826
1.9013,0.2639,38.43,93,94,15830
1.8671,0.2395,38.24,93,94,15834
1.8671,0.2297,38.58,93,94,15837
1.8817,0.2444,38.55,93,94,15840
1.8671,0.2346,38.58,93,94,15843
1.9062,0.2395,38.33,93,94,15846
1.8768,0.2346,38.58,93,94,15850
1.8915,0.2639,38.55,93,94,15853
1.9159,0.2395,38.43,93,94,15856
1.8915,0.2297,38.55,93,94,15860
1.9159,0.2395,38.33,93,94,15863
1.8866,0.2346,38.49,93,94,15866
1.8768,0.2297,38.58,93,94,15869
1.9013,0.2444,38.49,93,94,15874
1.8817,0.2346,38.58,93,94,15877
1.9208,0.2346,38.33,93,94,15880
1.8915,0.2346,38.68,93,94,15883
1.8964,0.2346,38.58,93,94,15887
1.9306,0.2444,38.55,93,94,15890
1.9306,0.2346,38.49,93,94,15893
1.9697,0.2395,38.33,93,94,15896
1.9404,0.2297,38.58,93,94,15900
1.9501,0.2346,38.52,93,94,15903
1.9795,0.2444,38.52,93,94,15906
1.9599,0.2395,38.55,93,94,15910
1.9159,0.2297,38.58,93,94,15913
1.9453,0.2493,38.27,93,94,15917
1.8768,0.2346,38.46,93,94,15920
1.8524,0.2346,38.55,93,94,15924
1.8475,0.2395,38.52,93,94,15927
1.8328,0.2346,38.55,93,94,15930
1.8866,0.2444,38.27,93,94,15933
1.8231,0.2346,38.52,93,94,15937
1.8133,0.2346,38.58,93,94,15940
1.8133,0.2395,38.52,93,94,15943
1.8035,0.2297,38.58,93,94,15946
1.8524,0.2639,38.24,93,94,15950
1.8133,0.2395,38.46,93,94,15953
1.7937,0.2297,38.58,93,94,15956
1.7889,0.2395,38.52,93,94,15960
1.7644,0.2346,38.55,93,94,15964
1.7937,0.2444,38.30,93,94,15967
1.7546,0.2346,38.49,93,94,15970
1.7449,0.2395,38.68,93,94,15973
1.7546,0.2395,38.40,93,94,15977
1.7498,0.2297,38.55,93,94,15980
1.7889,0.2395,38.27,93,94,15983
1.7400,0.2346,38.55,93,94,15986
1.7400,0.2297,38.58,93,94,15990
1.7644,0.2444,38.55,93,94,15993
1.7644,0.2346,38.58,93,94,15996
1.8328,0.2444,38.49,93,94,16000
1.8377,0.2395,38.46,93,94,16004
1.8768,0.2346,38.55,93,94,16007
1.9746,0.2395,38.52,93,94,16010
2.0626,0.2346,38.55,93,94,16013
2.2483,0.2395,38.27,93,94,16017
2.3656,0.2346,38.49,93,94,16020
2.5562,0.2297,38.52,93,94,16023
2.8006,0.2395,38.55,93,94,16026
3.0254,0.2395,38.55,93,94,16030
3.2747,0.2444,38.40,93,94,16033
3.2502,0.2346,38.52,93,94,16036
3.1281,0.2346,38.58,93,94,16039
2.8788,0.2395,38.49,93,94,16044
2.5318,0.2297,38.55,93,94,16047
2.3021,0.2395,38.30,93,94,16050
1.9844,0.2395,38.46,93,94,16053
1.7644,0.2297,38.58,93,94,16057
1.6276,0.2395,38.52,93,94,16060
1.5005,0.2346,38.58,93,94,16063
1.4565,0.2395,38.43,93,94,16066
1.3832,0.2297,38.52,93,94,16070
1.3881,0.2346,38.58,93,94,16073
1.3441,0.2395,38.55,93,94,16076
1.3343,0.2297,38.58,93,94,16079
1.3832,0.2346,38.30,93,94,16083
1.3734,0.2248,38.55,93,94,16087
1.4027,0.2297,37.90,93,94,16090
1.4467,0.2395,38.52,93,94,16093
1.4858,0.2346,38.55,93,94,16097
1.5249,0.2395,38.36,93,94,16100
1.5298,0.2395,38.49,93,94,16103
1.5689,0.2346,38.55,93,94,16106
1.5738,0.2444,38.49,93,94,16110
1.5591,0.2297,38.58,93,94,16113
1.6031,0.2395,38.33,93,94,16116
1.5836,0.2395,38.52,93,94,16119
1.5836,0.2346,38.58,93,94,16123
1.6080,0.2395,38.52,93,94,16126
1.6031,0.2297,38.55,93,94,16130
1.6422,0.2395,38.33,93,94,16133
1.6178,0.2395,38.52,93,94,16137
1.6178,0.2297,38.62,93,94,16140
1.6227,0.2395,38.52,93,94,16143
1.6080,0.2346,38.58,93,94,16146
1.6422,0.2395,38.36,93,94,16150
1.6227,0.2395,38.46,93,94,16153
1.6178,0.2346,38.55,93,94,16156
1.6520,0.2444,38.49,93,94,16159
1.6422,0.2639,38.52,93,94,16163
1.6862,0.2395,38.43,93,94,16166
1.6716,0.2346,38.49,93,94,16169
1.6618,0.2346,38.55,93,94,16173
1.6716,0.2395,38.77,93,94,16177
1.6569,0.2297,38.55,93,94,16180
1.6862,0.2346,38.43,93,94,16183
1.6618,0.2346,38.58,93,94,16186
1.6618,0.2297,38.71,93,94,16190
1.6764,0.2395,38.49,93,94,16193
1.6667,0.2346,38.58,93,94,16196
1.7009,0.2395,38.33,93,94,16199
1.6813,0.2346,38.43,93,94,16203
1.6862,0.2346,38.58,93,94,16206
1.7107,0.2395,38.46,93,94,16209
1.6764,0.2297,38.58,93,94,16212
1.7155,0.2395,38.30,93,94,16217
1.6960,0.2346,38.49,93,94,16220
1.6960,0.2297,38.62,93,94,16223
1.7204,0.2395,38.49,93,94,16226
1.7253,0.2395,38.55,93,94,16229
1.7498,0.2346,38.40,93,94,16233
1.7302,0.2346,38.62,93,94,16236
1.7400,0.2346,38.58,93,94,16239
1.7546,0.2395,38.49,93,94,16242
1.7351,0.2346,38.62,93,94,16246
1.7595,0.2297,38.36,93,94,16249
1.7351,0.2395,38.46,93,94,16252
1.7253,0.2297,38.46,93,94,16256
1.7449,0.2395,38.46,93,94,16260
1.7302,0.2346,38.58,93,94,16263
1.7595,0.2297,38.40,93,94,16266
1.7449,0.2297,38.52,93,94,16269
1.7595,0.2297,38.58,93,94,16273
1.7840,0.2444,38.46,93,94,16276
1.7840,0.2346,38.62,93,94,16279
1.8133,0.2346,38.36,93,94,16282
1.7791,0.2346,38.58,93,94,16286
1.7742,0.2444,38.62,93,94,16289
1.7889,0.2395,38.43,93,94,16292
1.7644,0.2297,38.58,93,94,16295
1.8133,0.2444,38.36,93,94,16300
1.7889,0.2248,38.46,93,94,16303
1.8035,0.2297,38.58,93,94,16306
1.8426,0.2297,38.46,93,94,16309
1.8328,0.2346,38.58,93,94,16313
1.8622,0.2346,38.58,93,94,16316
1.8377,0.2346,38.52,93,94,16319
1.8426,0.2346,38.58,93,94,16322
1.8475,0.2346,38.52,93,94,16326
1.8328,0.2346,38.58,93,94,16329
1.8475,0.2346,38.43,93,94,16332
1.8133,0.2346,38.55,93,94,16335
1.8182,0.2395,38.58,93,94,16339
1.8426,0.2395,38.43,93,94,16343
1.8182,0.2346,38.55,93,94,16346
1.8328,0.2346,38.40,93,94,16349
1.7986,0.2297,38.05,93,94,16353
1.8084,0.2346,38.58,93,94,16356
1.8280,0.2346,38.43,93,94,16359
1.7937,0.2346,37.87,93,94,16362
1.8182,0.2346,38.49,93,94,16366
1.7742,0.2346,38.55,93,94,16369
1.7742,0.2297,38.62,93,94,16372
1.7791,0.2346,38.49,93,94,16375
1.7840,0.2346,38.58,93,94,16379
1.7986,0.2346,38.08,93,94,16382
1.7742,0.2346,38.58,93,94,16386
1.7791,0.2346,38.55,93,94,16389
1.8084,0.2688,38.43,93,94,16393
1.7791,0.2542,38.52,93,94,16396
1.8084,0.2395,38.40,93,94,16399
1.7693,0.2199,38.52,93,94,16402
1.7595,0.2346,38.68,93,94,16406
1.7742,0.2297,38.46,93,94,16409
1.7498,0.2346,38.55,93,94,16412
1.7742,0.2395,38.49,93,94,16415
1.7449,0.2297,38.55,93,94,16419
1.7498,0.2297,38.55,93,94,16422
1.7644,0.2346,38.49,93,94,16425
1.7546,0.2346,38.77,93,94,16429
1.7840,0.2297,38.49,93,94,16433
1.7791,0.2346,38.55,93,94,16436
1.7889,0.2297,38.77,93,94,16439
1.8280,0.2444,38.40,93,94,16442
1.8035,0.2346,38.55,93,94,16446
1.8182,0.2590,38.49,93,94,16449
1.7840,0.2297,38.46,93,94,16452
1.7791,0.2346,38.55,93,94,16455
1.7937,0.2444,38.55,93,94,16459
1.7742,0.2297,38.02,93,94,16462
1.8426,0.2395,38.40,93,94,16465
1.7937,0.2395,38.55,93,94,16468
1.8084,0.2297,38.62,93,94,16473
1.8328,0.2346,38.55,93,94,16476
1.8622,0.2346,38.55,93,94,16479
1.8426,0.2395,38.40,93,94,16482
1.8035,0.2346,38.58,93,94,16486
1.8280,0.2346,38.55,93,94,16489
1.8133,0.2493,38.40,93,94,16492
1.7840,0.2542,38.62,93,94,16495
1.8133,0.2346,38.43,93,94,16499
1.8035,0.2346,38.55,93,94,16502
1.8035,0.2444,38.46,93,94,16505
1.8328,0.2395,38.65,93,94,16508
1.8133,0.2297,38.55,93,94,16513
1.8377,0.2346,38.43,93,94,16516
1.8133,0.2346,38.52,93,94,16519
1.8719,0.2297,38.58,93,94,16523
1.8622,0.2346,38.58,93,94,16526
1.8768,0.2395,38.36,93,94,16529
1.8622,0.2346,38.55,93,94,16532
1.9062,0.2346,38.36,93,94,16536
1.9062,0.2346,38.55,93,94,16539
1.9110,0.2297,38.58,93,94,16542
1.9306,0.2395,38.43,93,94,16545
1.8915,0.2346,38.55,93,94,16549
1.8964,0.2346,38.40,93,94,16552
1.8426,0.2297,38.52,93,94,16556
1.8133,0.2395,38.55,93,94,16559
1.8084,0.2346,38.46,93,94,16563
1.7937,0.2346,38.55,93,94,16566
1.8133,0.2346,38.40,93,94,16569
1.7840,0.2248,38.62,93,94,16572
1.7889,0.2297,38.58,93,94,16576
1.8084,0.2395,38.46,93,94,16579
1.7791,0.2346,38.55,93,94,16582
1.7791,0.2542,38.40,93,94,16585
1.7351,0.2346,38.49,93,94,16589
1.7302,0.2346,38.58,93,94,16592
1.7351,0.2444,38.43,93,94,16595
1.7155,0.2346,38.77,93,94,16599
1.7498,0.2297,38.43,93,94,16603
1.7498,0.2346,38.55,93,94,16606
1.7400,0.2346,38.55,93,94,16609
1.7546,0.2395,38.77,93,94,16612
1.7498,0.2346,38.55,93,94,16616
1.7644,0.2395,38.46,93,94,16619
1.7302,0.2248,38.55,93,94,16622
1.7449,0.2297,38.58,93,94,16625
1.7840,0.2395,38.49,93,94,16629
1.7840,0.2346,38.55,93,94,16632
1.8231,0.2346,38.43,93,94,16635
1.7986,0.2297,38.52,93,94,16638
1.7889,0.2346,38.55,93,94,16643
1.8573,0.2395,38.46,93,94,16646
1.8524,0.2346,38.74,93,94,16649
1.9550,0.2346,38.43,93,94,16652
2.0186,0.2346,38.52,93,94,16656
2.1603,0.2297,38.58,93,94,16659
2.3509,0.2346,38.52,93,94,16662
2.5660,0.2444,38.58,93,94,16665
2.8348,0.2395,38.46,93,94,16669
3.0156,0.2297,38.52,93,94,16672
3.1476,0.2346,38.58,93,94,16675
3.1965,0.2444,38.43,93,94,16678
2.9912,0.2346,38.68,93,94,16683
2.7517,0.2444,38.43,93,94,16686
2.4194,0.2248,38.55,93,94,16689
2.1554,0.2297,38.15,93,94,16692
1.9550,0.2395,38.46,93,94,16696
1.7449,0.2346,38.55,93,94,16699
1.6276,0.2395,38.46,93,94,16702
1.4956,0.2346,38.55,93,94,16705
1.4272,0.2346,38.55,93,94,16709
1.3783,0.2395,38.46,93,94,16712
1.3392,0.2346,38.55,93,94,16715
1.3343,0.2395,38.43,93,94,16718
1.3099,0.2297,38.58,93,94,16722
1.3196,0.2493,38.55,93,94,16726
1.3636,0.2444,38.33,93,94,16729
1.3587,0.2346,38.49,93,94,16732
1.4027,0.2444,38.46,93,94,16736
1.4027,0.2346,38.55,93,94,16739
1.4321,0.2297,38.62,93,94,16742
1.4761,0.2444,38.52,93,94,16745
1.4761,0.2346,38.52,93,94,16749
1.5054,0.2297,38.46,93,94,16752
1.4907,0.2346,38.58,93,94,16755
1.5054,0.2297,38.58,93,94,16758
1.5347,0.2346,38.49,93,94,16762
1.5396,0.2346,38.62,93,94,16765
1.5738,0.2395,38.46,93,94,16769
1.5543,0.2346,38.58,93,94,16772
1.5591,0.2542,38.58,93,94,16776
1.5934,0.2444,37.83,93,94,16779
1.5836,0.2346,38.55,93,94,16782
1.6227,0.2444,38.40,93,94,16785
1.6080,0.2346,38.55,93,94,16789
1.6325,0.2346,38.58,93,94,16792
1.6716,0.2297,38.46,93,94,16795
1.6618,0.2444,38.55,93,94,16798
1.6960,0.2346,38.46,93,94,16802
1.6813,0.2297,38.58,93,94,16805
1.7009,0.2346,38.58,93,94,16808
1.7302,0.2346,38.49,93,94,16812
1.7155,0.2346,38.62,93,94,16816
1.7302,0.2297,38.43,93,94,16819
1.6911,0.2297,38.58,93,94,16822
1.6764,0.2297,38.55,93,94,16825
1.7009,0.2444,38.40,93,94,16829
1.6813,0.2297,38.55,93,94,16832
1.6960,0.2444,38.43,93,94,16835
1.6764,0.2346,38.68,93,94,16838
1.6764,0.2346,38.58,93,94,16842
1.7009,0.2444,38.43,93,94,16845
1.6813,0.2346,38.58,93,94,16848
1.6911,0.2346,38.43,93,94,16851
1.6716,0.2395,38.55,93,94,16856
1.6569,0.2346,38.58,93,94,16859
1.6764,0.2395,38.36,93,94,16862
1.6667,0.2297,38.55,93,94,16865
1.7058,0.2444,38.40,93,94,16869
1.7009,0.2395,38.58,93,94,16872
1.7107,0.2346,38.55,93,94,16875
1.7400,0.2395,38.40,93,94,16878
1.7107,0.2639,38.52,93,94,16882
1.7253,0.2346,38.46,93,94,16885
1.7204,0.2346,38.58,93,94,16888
1.7204,0.2493,38.62,93,94,16891
1.7498,0.2395,38.46,93,94,16894
1.7351,0.2297,38.55,93,94,16899
1.7498,0.2346,38.43,93,94,16902
1.7449,0.2297,38.58,93,94,16905
1.7546,0.2297,38.71,93,94,16909
1.7840,0.2444,38.49,93,94,16912
1.7595,0.2346,38.55,93,94,16915
1.7742,0.2346,38.46,93,94,16918
1.7546,0.2346,38.43,93,94,16922
1.7546,0.2297,38.62,93,94,16925
1.7937,0.2444,38.40,93,94,16928
1.7742,0.2737,38.52,93,94,16931
1.7937,0.2346,38.52,93,94,16935
1.7840,0.2346,38.58,93,94,16939
1.8035,0.2395,38.55,93,94,16942
1.8475,0.2444,38.46,93,94,16945
1.8328,0.2346,38.52,93,94,16948
1.8475,0.2346,38.40,93,94,16952
1.8377,0.2346,38.36,93,94,16955
1.8524,0.2297,38.55,93,94,16958
1.8964,0.2395,38.49,93,94,16961
1.8671,0.2688,38.55,93,94,16965
1.8719,0.2346,38.52,93,94,16968
1.8524,0.2346,38.62,93,94,16971
1.8573,0.2346,38.62,93,94,16974
1.8866,0.2444,38.40,93,94,16978
1.8573,0.2395,38.52,93,94,16982
1.8671,0.2297,38.46,93,94,16985
1.8524,0.2346,38.58,93,94,16988
1.8524,0.2297,38.52,93,94,16992
1.8817,0.2493,37.65,93,94,16995
1.8377,0.2297,38.49,93,94,16998
1.8231,0.2395,38.43,93,94,17001
1.7986,0.2346,38.62,93,94,17005
1.7840,0.2346,38.55,93,94,17008
1.8133,0.2493,38.43,93,94,17011
1.7840,0.2395,38.49,93,94,17014
1.7840,0.2346,38.52,93,94,17018
1.7742,0.2346,38.55,93,94,17021
1.7644,0.2346,38.58,93,94,17025
1.7986,0.2444,38.36,93,94,17028
1.7742,0.2297,38.49,93,94,17032
1.7644,0.2248,38.55,93,94,17035
1.7546,0.2297,38.58,93,94,17038
1.7449,0.2346,38.58,93,94,17041
1.7937,0.2444,38.40,93,94,17045
1.7644,0.2395,38.58,93,94,17048
1.7498,0.2346,38.49,93,94,17051
1.7449,0.2444,38.55,93,94,17054
1.7400,0.2297,38.58,93,94,17058
1.7840,0.2493,38.43,93,94,17061
1.7644,0.2395,38.49,93,94,17064
1.7498,0.2297,38.49,93,94,17068
1.7498,0.2346,38.49,93,94,17072
1.7498,0.2346,38.58,93,94,17075
1.7986,0.2444,38.33,93,94,17078
1.7693,0.2444,38.46,93,94,17081
1.7546,0.2297,38.49,93,94,17085
1.7595,0.2346,38.55,93,94,17088
1.7546,0.2297,38.68,93,94,17091
1.8084,0.2493,38.36,93,94,17094
1.7742,0.2395,38.55,93,94,17098
1.7791,0.2346,38.49,93,94,17101
1.7791,0.2346,38.52,93,94,17104
1.7791,0.2346,38.81,93,94,17107
1.8377,0.2493,38.36,93,94,17112
1.8084,0.2395,38.49,93,94,17115
1.8084,0.2297,38.46,93,94,17118
1.8182,0.2395,38.74,93,94,17121
1.8231,0.2346,38.58,93,94,17125
1.8768,0.2835,38.36,93,94,17128
1.9062,0.2395,38.46,93,94,17132
1.8719,0.2346,38.58,93,94,17135
1.8915,0.2346,38.46,93,94,17138
1.8671,0.2346,38.62,93,94,17141
1.8573,0.2297,38.58,93,94,17145
1.8768,0.2444,38.55,93,94,17148
1.8426,0.2346,38.58,93,94,17152
1.8426,0.2346,38.46,93,94,17155
1.8280,0.2297,38.58,93,94,17159
1.8280,0.2346,38.55,93,94,17162
1.8622,0.2444,38.36,93,94,17165
1.8328,0.2493,38.55,93,94,17168
1.8573,0.2346,38.43,93,94,17172
1.8475,0.2297,38.62,93,94,17175
1.8719,0.2395,38.58,93,94,17178
1.9257,0.2688,38.49,93,94,17181
1.9257,0.2346,38.55,93,94,17185
1.9648,0.2444,38.43,93,94,17188
1.9306,0.2542,38.55,93,94,17191
1.9257,0.2346,38.62,93,94,17195
1.9404,0.2444,38.49,93,94,17199
1.8964,0.2346,38.55,93,94,17202
1.8915,0.2346,38.49,93,94,17205
1.8524,0.2688,38.62,93,94,17208
1.8426,0.2346,38.77,93,94,17212
1.8671,0.2444,38.40,93,94,17215
1.8475,0.2346,38.52,93,94,17218
1.8475,0.2542,38.49,93,94,17221
1.8133,0.2346,38.55,93,94,17225
1.8035,0.2346,38.58,93,94,17228
1.8377,0.2444,38.43,93,94,17231
1.7644,0.2346,38.58,93,94,17234
1.7644,0.2346,38.43,93,94,17239
1.7302,0.2346,38.55,93,94,17242
1.7595,0.2346,38.58,93,94,17245
1.7595,0.2395,38.46,93,94,17248
1.7351,0.2297,38.55,93,94,17252
1.7889,0.2346,38.49,93,94,17255
1.7302,0.2346,38.58,93,94,17258
1.7302,0.2297,38.55,93,94,17261
1.7644,0.2444,38.40,93,94,17265
1.7449,0.2395,38.55,93,94,17268
1.7644,0.2346,38.49,93,94,17271
1.7449,0.2444,38.55,93,94,17274
1.7449,0.2346,38.58,93,94,17278
1.7791,0.2444,38.46,93,94,17282
1.7791,0.2297,38.55,93,94,17285
1.8133,0.2395,38.46,93,94,17288
1.8280,0.2542,38.55,93,94,17292
1.8866,0.2395,38.58,93,94,17295
1.9990,0.2444,38.68,93,94,17298
2.0772,0.2346,38.55,93,94,17301
2.2239,0.2346,38.40,93,94,17305
2.3754,0.2346,38.55,93,94,17308
2.5806,0.2346,38.58,93,94,17311
2.8299,0.2444,38.36,93,94,17314
3.0059,0.2493,38.55,93,94,17318
3.1965,0.2346,38.46,93,94,17321
3.2307,0.2346,38.55,93,94,17325
3.1134,0.2297,38.74,93,94,17328
2.9032,0.2444,38.46,93,94,17332
2.5709,0.2346,38.55,93,94,17335
2.2776,0.2346,38.40,93,94,17338
2.0088,0.2346,38.55,93,94,17341
1.8182,0.2346,38.55,93,94,17345
1.6618,0.2395,38.46,93,94,17348
1.5200,0.2346,38.55,93,94,17351
1.4370,0.2346,38.49,93,94,17354
1.3734,0.2346,38.58,93,94,17358
1.3441,0.2346,38.55,93,94,17361
1.3539,0.2444,38.36,93,94,17364
1.3392,0.2395,38.55,93,94,17368
1.3539,0.2395,38.43,93,94,17372
1.3685,0.2639,38.55,93,94,17375
1.3978,0.2346,38.55,93,94,17378
1.4858,0.2395,38.40,93,94,17381
1.4467,0.2297,38.55,93,94,17385
1.4614,0.2346,38.55,93,94,17388
1.4663,0.2346,38.55,93,94,17391
1.4858,0.2346,38.58,93,94,17394
1.5347,0.2444,38.43,93,94,17398
1.5200,0.2395,38.55,93,94,17401
1.5298,0.2346,38.46,93,94,17404
1.5543,0.2346,38.52,93,94,17408
1.5347,0.2297,38.52,93,94,17412
1.5836,0.2444,38.36,93,94,17415
1.5738,0.2297,38.52,93,94,17418
1.5787,0.2395,38.46,93,94,17421
1.5836,0.2346,38.52,93,94,17425
1.6031,0.2297,38.58,93,94,17428
1.6422,0.2395,38.43,93,94,17431
1.6325,0.2346,38.55,93,94,17434
1.6373,0.2346,38.46,93,94,17438
1.6422,0.2297,38.55,93,94,17441
1.6667,0.2297,38.55,93,94,17444
1.7302,0.2444,38.43,93,94,17447
1.7351,0.2395,38.40,93,94,17452
1.7498,0.2297,38.49,93,94,17455
1.7302,0.2346,38.58,93,94,17458
1.7058,0.2542,38.62,93,94,17461
1.7351,0.2444,38.33,93,94,17465
1.7058,0.2395,38.58,93,94,17468
1.7449,0.2346,38.46,93,94,17471
1.7204,0.2346,38.49,93,94,17474
1.7204,0.2297,38.58,93,94,17478
1.7449,0.2590,38.43,93,94,17481
1.7009,0.2395,38.52,93,94,17484
1.6911,0.2346,38.46,93,94,17487
1.7009,0.2346,38.55,93,94,17491
1.6716,0.2297,38.55,93,94,17495
1.7155,0.2493,38.46,93,94,17498
1.6960,0.2395,38.55,93,94,17501
1.7058,0.2346,38.49,93,94,17505
1.7107,0.2395,38.55,93,94,17508
1.7155,0.2297,38.55,93,94,17511
1.7791,0.2444,38.36,93,94,17514
1.7644,0.2395,38.49,93,94,17518
1.7595,0.2590,38.52,93,94,17521
1.7595,0.2346,38.55,93,94,17524
1.7644,0.2346,38.55,93,94,17527
1.8035,0.2542,38.36,93,94,17531
1.7498,0.2395,38.68,93,94,17534
1.7400,0.2346,38.49,93,94,17538
1.7351,0.2395,38.55,93,94,17541
1.7253,0.2297,38.55,93,94,17545
1.7644,0.2493,38.33,93,94,17548
1.7253,0.2395,38.55,93,94,17551
1.7498,0.2346,38.49,93,94,17554
1.7449,0.2346,38.52,93,94,17558
1.7204,0.2346,38.46,93,94,17561
1.7791,0.2493,38.36,93,94,17564
1.7546,0.2297,38.49,93,94,17567
1.7498,0.2346,38.49,93,94,17571
1.7498,0.2346,38.46,93,94,17574
1.7498,0.2346,38.68,93,94,17577
1.7986,0.2493,38.36,93,94,17581
1.7791,0.2444,38.52,93,94,17585
1.7937,0.2297,38.43,93,94,17588
1.8182,0.2346,38.55,93,94,17591
1.8328,0.2297,38.58,93,94,17594
1.8964,0.2542,38.36,93,94,17598
1.8573,0.2395,38.49,93,94,17601
1.8524,0.2297,38.52,93,94,17604
1.8622,0.2346,38.55,93,94,17607
1.8768,0.2346,38.58,93,94,17611
1.9404,0.2493,38.36,93,94,17614
1.9110,0.2444,38.52,93,94,17617
1.8964,0.2346,38.55,93,94,17620
1.8964,0.2346,38.58,93,94,17625
1.8964,0.2346,38.55,93,94,17628
1.9550,0.2297,38.36,93,94,17631
1.8964,0.2395,38.52,93,94,17634
1.8964,0.2542,38.49,93,94,17638
1.9013,0.2346,38.55,93,94,17641
1.9013,0.2346,38.58,93,94,17644
1.9648,0.2542,38.36,93,94,17647
1.8915,0.2395,38.46,93,94,17651
1.8475,0.2297,38.52,93,94,17654
1.8280,0.2395,38.55,93,94,17657
1.8035,0.2346,38.58,93,94,17660
1.8426,0.2493,38.55,93,94,17665
1.7937,0.2444,38.46,93,94,17668
1.7986,0.2346,38.52,93,94,17671
1.7889,0.2639,38.55,93,94,17674
1.8035,0.2297,38.55,93,94,17678
1.8768,0.2493,38.33,93,94,17681
1.8035,0.2346,38.49,93,94,17684
1.8035,0.2297,38.55,93,94,17687
1.8084,0.2297,38.55,93,94,17691
1.8280,0.2346,38.55,93,94,17694
1.8671,0.2444,38.33,93,94,17697
1.8328,0.2395,38.93,93,94,17700
1.8182,0.2346,38.55,93,94,17704
1.8182,0.2297,38.55,93,94,17708
1.8035,0.2297,38.58,93,94,17711
1.8573,0.2493,38.46,93,94,17714
1.8133,0.2395,38.49,93,94,17718
1.7986,0.2346,38.55,93,94,17721
1.8035,0.2444,38.55,93,94,17724
1.7889,0.2346,38.58,93,94,17727
1.8280,0.2542,38.30,93,94,17731
1.8182,0.2444,38.46,93,94,17734
1.7840,0.2297,38.52,93,94,17737
1.8035,0.2297,38.55,93,94,17740
1.8622,0.2346,38.52,93,94,17744
1.8768,0.2346,38.65,93,94,17747
1.9110,0.2444,38.43,93,94,17751
1.8817,0.2590,38.58,93,94,17755
1.8915,0.2346,38.43,93,94,17758
1.8719,0.2444,38.55,93,94,17761
1.8573,0.2346,38.71,93,94,17764
1.8768,0.2297,38.43,93,94,17768
1.8377,0.2395,38.52,93,94,17771
1.8426,0.2346,38.46,93,94,17774
1.8426,0.2346,38.52,93,94,17777
1.8573,0.2346,38.62,93,94,17781
1.9208,0.2493,38.43,93,94,17784
1.9159,0.2395,38.52,93,94,17787
1.9159,0.2297,38.46,93,94,17790
1.8915,0.2395,38.55,93,94,17795
1.8671,0.2346,38.58,93,94,17798
1.8964,0.2444,37.59,93,94,17801
1.8524,0.2395,38.52,93,94,17804
1.8426,0.2346,38.46,93,94,17808
1.8524,0.2346,38.55,93,94,17811
1.8768,0.2346,38.58,93,94,17814
1.9501,0.2395,38.40,93,94,17817
1.9355,0.2395,38.52,93,94,17821
1.9404,0.2297,38.49,93,94,17824
1.9306,0.2346,38.55,93,94,17827
1.9257,0.2346,38.55,93,94,17830
1.9648,0.2493,38.40,93,94,17835
1.9306,0.2395,38.55,93,94,17838
1.9208,0.2248,38.55,93,94,17841
1.9062,0.2346,38.58,93,94,17844
1.8768,0.2297,38.65,93,94,17848
1.8915,0.2542,38.36,93,94,17851
1.8280,0.2395,38.49,93,94,17854
1.8133,0.2297,38.49,93,94,17857
1.8035,0.2346,38.55,93,94,17861
1.8035,0.2346,38.58,93,94,17864
1.8182,0.2493,38.40,93,94,17867
1.7644,0.2395,38.52,93,94,17870
1.7498,0.2346,38.49,93,94,17874
1.7595,0.2346,38.55,93,94,17878
1.7742,0.2346,38.58,93,94,17881
1.8328,0.2493,38.43,93,94,17884
1.7937,0.2297,38.52,93,94,17888
1.7742,0.2737,38.52,93,94,17891
1.7791,0.2493,38.52,93,94,17894
1.7693,0.2297,38.65,93,94,17897
1.8133,0.2493,38.36,93,94,17901
1.7742,0.2395,38.49,93,94,17904
1.7840,0.2346,38.46,93,94,17907
1.7546,0.2346,38.52,93,94,17910
1.7498,0.2346,38.58,93,94,17914
1.8084,0.2542,38.36,93,94,17917
1.7498,0.2444,38.52,93,94,17921
1.7449,0.2297,38.52,93,94,17924
1.7595,0.2346,38.55,93,94,17928
1.7986,0.2346,38.58,93,94,17931
1.9110,0.2835,38.40,93,94,17934
1.9501,0.2395,38.49,93,94,17937
2.0577,0.2346,38.52,93,94,17941
2.2092,0.2444,38.52,93,94,17944
2.3998,0.2297,38.55,93,94,17947
2.7077,0.2542,38.43,93,94,17950
2.9081,0.2444,38.46,93,94,17954
3.1378,0.2297,38.52,93,94,17957
3.3236,0.2395,38.52,93,94,17960
3.3675,0.2786,38.55,93,94,17964
3.3333,0.2493,38.33,93,94,17968
2.9814,0.2346,38.55,93,94,17971
2.6295,0.2346,38.52,93,94,17974
2.2874,0.2444,38.55,93,94,17977
1.9844,0.2346,38.49,93,94,17981
1.8035,0.2542,38.33,93,94,17984
1.5836,0.2346,38.49,93,94,17987
1.4418,0.2297,38.65,93,94,17990
1.3587,0.2395,38.62,93,94,17994
1.3050,0.2297,38.58,93,94,17997
1.3196,0.2542,38.30,93,94,18000
1.2952,0.2737,38.43,93,94,18003
1.3196,0.2297,38.52,93,94,18008
1.3685,0.2346,38.55,93,94,18011
1.4027,0.2395,38.55,93,94,18014
1.4761,0.2542,38.33,93,94,18017
1.4516,0.2346,38.55,93,94,18021
1.4663,0.2346,38.52,93,94,18024
1.4761,0.2444,38.55,93,94,18027
1.4907,0.2346,38.55,93,94,18030
1.5543,0.2542,38.30,93,94,18034
1.5396,0.2395,38.49,93,94,18037
1.5445,0.2297,38.55,93,94,18040
1.5591,0.2346,38.55,93,94,18043
1.5689,0.2493,38.77,93,94,18048
1.6373,0.2542,38.30,93,94,18051
1.6080,0.2297,38.43,93,94,18054
1.5885,0.2248,38.55,93,94,18057
1.5787,0.2395,38.62,93,94,18061
1.5738,0.2297,38.58,93,94,18064
1.6178,0.2542,38.30,93,94,18067
1.5934,0.2395,38.46,93,94,18070
1.6178,0.2297,38.52,93,94,18074
1.6520,0.2395,38.55,93,94,18077
1.6716,0.2297,38.58,93,94,18080
1.7204,0.2542,38.30,93,94,18083
1.6764,0.2395,38.49,93,94,18087
1.6618,0.2346,38.55,93,94,18091
1.6911,0.2395,38.55,93,94,18094
1.7058,0.2542,38.58,93,94,18097
1.7889,0.2542,38.30,93,94,18101
1.7791,0.2395,38.43,93,94,18104
1.8035,0.2346,38.55,93,94,18107
1.7840,0.2395,38.52,93,94,18110
1.7693,0.2346,38.58,93,94,18114
1.7889,0.2493,38.33,93,94,18117
1.7253,0.2395,38.46,93,94,18120
1.7107,0.2297,38.77,93,94,18123
1.6960,0.2395,38.55,93,94,18127
1.6862,0.2346,38.55,93,94,18130
1.7302,0.2639,38.30,93,94,18134
1.7107,0.2395,38.49,93,94,18137
1.7058,0.2395,38.58,93,94,18141
1.7155,0.2395,38.52,93,94,18144
1.7107,0.2346,38.55,93,94,18147
1.7546,0.2444,38.27,93,94,18150
1.7302,0.2346,38.46,93,94,18154
1.7155,0.2346,38.58,93,94,18157
1.7253,0.2395,38.62,93,94,18160
1.7253,0.2346,38.55,93,94,18163
1.7742,0.2542,38.18,93,94,18167
1.7400,0.2297,38.49,93,94,18170
1.7498,0.2297,38.58,93,94,18173
1.7498,0.2395,38.55,93,94,18177
1.7449,0.2346,38.58,93,94,18181
1.7986,0.2688,38.30,93,94,18184
1.7644,0.2395,38.49,93,94,18187
1.7449,0.2346,38.55,93,94,18190
1.7546,0.2493,38.52,93,94,18194
1.7302,0.2346,38.55,93,94,18197
1.7644,0.2444,38.27,93,94,18200
1.7302,0.2346,38.46,93,94,18203
1.7253,0.2346,38.58,93,94,18207
1.7449,0.2395,38.58,93,94,18210
1.7498,0.2346,38.58,93,94,18213
1.8182,0.2395,38.27,93,94,18216
1.7937,0.2395,38.55,93,94,18221
1.8084,0.2297,38.62,93,94,18224
1.8231,0.2395,38.52,93,94,18227
1.8182,0.2346,38.58,93,94,18230
1.8768,0.2444,38.30,93,94,18234
1.8524,0.2395,38.52,93,94,18237
1.8475,0.2346,38.58,93,94,18240
1.8671,0.2395,38.52,93,94,18243
1.8573,0.2297,38.55,93,94,18247
1.9110,0.2444,38.30,93,94,18250
1.8817,0.2297,38.49,93,94,18253
1.8866,0.2346,38.58,93,94,18256
1.8964,0.2688,38.52,93,94,18260
1.8866,0.2346,38.58,93,94,18264
1.9501,0.2444,38.30,93,94,18267
1.8719,0.2346,38.52,93,94,18270
1.8719,0.2297,38.65,93,94,18274
1.8817,0.2395,38.52,93,94,18277
1.8671,0.2297,38.58,93,94,18280
1.9159,0.2542,38.30,93,94,18283
1.8817,0.2395,38.58,93,94,18287
1.8573,0.2297,38.58,93,94,18290
1.8622,0.2395,38.52,93,94,18293
1.8377,0.2248,38.55,93,94,18296
1.8671,0.2493,38.40,93,94,18300
1.8084,0.2346,38.52,93,94,18304
1.7742,0.2346,38.55,93,94,18307
1.7693,0.2395,38.58,93,94,18310
1.7595,0.2297,38.58,93,94,18314
1.7889,0.2444,38.30,93,94,18317
1.7449,0.2297,38.52,93,94,18320
1.7498,0.2395,38.62,93,94,18323
1.7693,0.2444,38.52,93,94,18327
1.7595,0.2346,38.58,93,94,18330
1.8084,0.2444,38.27,93,94,18333
1.7937,0.2395,38.49,93,94,18336
1.7840,0.2346,38.55,93,94,18340
1.8035,0.2444,38.49,93,94,18343
1.7840,0.2346,38.58,93,94,18347
1.8280,0.2395,38.30,93,94,18350
1.8035,0.2493,38.33,93,94,18354
1.7595,0.2346,38.49,93,94,18357
1.7693,0.2297,38.49,93,94,18360
1.7889,0.2395,38.55,93,94,18364
1.7986,0.2346,38.55,93,94,18367
1.8622,0.2493,38.33,93,94,18370
1.8377,0.2444,38.43,93,94,18373
1.8280,0.2297,38.52,93,94,18377
1.8475,0.2395,38.55,93,94,18380
1.8573,0.2346,38.55,93,94,18383
1.9062,0.2542,38.33,93,94,18386
1.8622,0.2395,38.43,93,94,18391
1.8524,0.2297,38.55,93,94,18394
1.8573,0.2346,38.55,93,94,18397
1.8524,0.2395,38.55,93,94,18400
1.9013,0.2542,38.30,93,94,18404
1.8475,0.2346,38.49,93,94,18407
1.8328,0.2346,38.52,93,94,18410
1.8377,0.2395,38.55,93,94,18413
1.8328,0.2297,38.55,93,94,18417
1.8866,0.2542,38.30,93,94,18420
1.8524,0.2395,38.43,93,94,18423
1.8231,0.2346,38.55,93,94,18426
1.8377,0.2297,38.52,93,94,18430
1.8280,0.2395,38.55,93,94,18434
1.8866,0.2542,38.27,93,94,18437
1.8622,0.2346,38.46,93,94,18440
1.8719,0.2346,38.55,93,94,18444
1.8817,0.2493,38.55,93,94,18447
1.8768,0.2346,38.65,93,94,18450
1.9257,0.2493,38.27,93,94,18453
1.8915,0.2346,38.52,93,94,18457
1.8915,0.2248,38.58,93,94,18460
1.9062,0.2395,38.62,93,94,18463
1.9062,0.2297,38.58,93,94,18466
1.9550,0.2493,38.30,93,94,18470
1.9013,0.2395,38.55,93,94,18473
1.8719,0.2346,38.55,93,94,18477
1.8573,0.2395,38.55,93,94,18480
1.8182,0.2395,38.55,93,94,18484
1.8573,0.2395,38.27,93,94,18487
1.8084,0.2395,38.49,93,94,18490
1.8182,0.2346,38.58,93,94,18493
1.7840,0.2444,38.58,93,94,18497
1.7644,0.2297,38.55,93,94,18500
1.8182,0.2395,38.27,93,94,18503
1.7253,0.2297,38.46,93,94,18506
1.7155,0.2346,38.71,93,94,18510
1.7107,0.2297,38.52,93,94,18513
1.6862,0.2346,38.55,93,94,18516
1.7351,0.2493,38.27,93,94,18520
1.7107,0.2395,38.43,93,94,18524
1.7009,0.2297,38.58,93,94,18527
1.7107,0.2395,38.52,93,94,18530
1.7107,0.2346,38.52,93,94,18533
1.7644,0.2444,38.27,93,94,18537
1.7351,0.2346,38.49,93,94,18540
1.7449,0.2346,38.58,93,94,18543
1.7546,0.2395,38.55,93,94,18546
1.7400,0.2346,38.58,93,94,18550
1.7791,0.2639,38.27,93,94,18553
1.7351,0.2346,38.52,93,94,18556
1.7546,0.2346,38.58,93,94,18560
1.7742,0.2395,38.52,93,94,18564
1.7791,0.2346,38.58,93,94,18567
1.8573,0.2444,38.27,93,94,18570
1.8671,0.2395,38.46,93,94,18573
1.9355,0.2346,38.55,93,94,18577
2.0039,0.2395,38.52,93,94,18580
2.0968,0.2346,38.55,93,94,18583
2.3265,0.2395,38.30,93,94,18586
2.4682,0.2395,38.46,93,94,18590
2.6882,0.2346,38.52,93,94,18593
2.9472,0.2297,38.55,93,94,18596
3.1378,0.2346,38.68,93,94,18599
3.3333,0.2444,38.24,93,94,18604
3.1965,0.2346,38.49,93,94,18607
2.9765,0.2346,38.58,93,94,18610
2.6979,0.2346,38.52,93,94,18613
2.3460,0.2346,38.55,93,94,18617
2.1163,0.2444,38.30,93,94,18620
1.8622,0.2395,38.46,93,94,18623
1.6520,0.2248,38.55,93,94,18626
1.5298,0.2395,38.46,93,94,18630
1.4174,0.2346,38.58,93,94,18633
1.4223,0.2395,38.30,93,94,18636
1.3392,0.2395,38.49,93,94,18639
1.3245,0.2346,38.55,93,94,18643
1.3392,0.2395,38.55,93,94,18647
1.3441,0.2346,38.55,93,94,18650
1.4027,0.2444,38.30,93,94,18653
1.4076,0.2297,38.58,93,94,18657
1.4614,0.2346,38.55,93,94,18660
1.4467,0.2493,38.55,93,94,18663
1.4370,0.2395,38.52,93,94,18666
1.4858,0.2444,38.33,93,94,18670
1.4809,0.2444,38.46,93,94,18673
1.4956,0.2346,38.58,93,94,18676
1.5396,0.2444,38.62,93,94,18679
1.5396,0.2346,38.58,93,94,18683
1.5836,0.2395,38.30,93,94,18686
1.5543,0.2688,38.49,93,94,18690
1.5396,0.2346,38.68,93,94,18693
1.5738,0.2297,38.49,93,94,18697
1.5640,0.2346,38.58,93,94,18700
1.6129,0.2395,38.43,93,94,18703
1.5885,0.2297,38.55,93,94,18706
1.6031,0.2346,38.58,93,94,18710
1.6227,0.2395,38.52,93,94,18713
1.6227,0.2346,38.58,93,94,18716
1.6667,0.2395,38.33,93,94,18719
1.6618,0.2444,38.46,93,94,18723
1.6618,0.2395,38.65,93,94,18726
1.6960,0.2444,38.49,93,94,18729
1.6813,0.2346,38.55,93,94,18733
1.7302,0.2444,38.33,93,94,18737
1.7107,0.2346,38.52,93,94,18740
1.6960,0.2346,38.55,93,94,18743
1.7107,0.2395,38.52,93,94,18746
1.7204,0.2346,38.55,93,94,18750
1.7302,0.2395,38.30,93,94,18753
1.6960,0.2346,38.49,93,94,18756
1.7107,0.2297,38.58,93,94,18759
1.7302,0.2346,38.49,93,94,18763
1.7302,0.2346,38.62,93,94,18766
1.7840,0.2395,38.36,93,94,18769
1.7693,0.2395,38.46,93,94,18772
1.7791,0.2297,38.62,93,94,18777
1.8182,0.2493,38.49,93,94,18780
1.8035,0.2346,38.49,93,94,18783
1.8426,0.2444,38.33,93,94,18786
1.7840,0.2395,38.52,93,94,18790
1.7546,0.2346,38.65,93,94,18793
1.7498,0.2444,38.49,93,94,18796
1.7155,0.2346,38.55,93,94,18799
1.7253,0.2444,38.36,93,94,18803
1.6813,0.2737,38.62,93,94,18806
1.6862,0.2346,38.62,93,94,18809
1.7058,0.2444,38.52,93,94,18812
1.7351,0.2346,38.55,93,94,18817
1.7546,0.2395,38.36,93,94,18820
1.7351,0.2395,38.40,93,94,18823
1.7302,0.2346,38.58,93,94,18826
1.7449,0.2395,38.49,93,94,18830
1.7253,0.2346,38.77,93,94,18833
1.7693,0.2395,38.33,93,94,18836
1.7546,0.2346,38.49,93,94,18839
1.7546,0.2346,38.55,93,94,18843
1.7742,0.2444,38.46,93,94,18846
1.7595,0.2346,38.55,93,94,18849
1.7889,0.2395,38.33,93,94,18852
1.7595,0.2444,38.58,93,94,18856
1.7742,0.2346,38.02,93,94,18860
1.8084,0.2444,38.46,93,94,18863
1.8328,0.2346,38.55,93,94,18866
1.8475,0.2395,38.36,93,94,18870
1.8328,0.2346,38.24,93,94,18873
1.8377,0.2395,38.58,93,94,18876
1.8573,0.2444,38.46,93,94,18879
1.8475,0.2346,38.55,93,94,18883
1.8915,0.2395,38.33,93,94,18886
1.8719,0.2297,38.49,93,94,18889
1.8915,0.2346,38.55,93,94,18892
1.8915,0.2395,38.46,93,94,18896
1.8768,0.2346,38.55,93,94,18899
1.9013,0.2346,38.33,93,94,18903
1.8671,0.2395,38.68,93,94,18906
1.8719,0.2346,38.77,93,94,18910
1.8915,0.2444,38.49,93,94,18913
1.8768,0.2297,38.55,93,94,18916
1.9159,0.2639,38.36,93,94,18919
1.9013,0.2395,38.46,93,94,18923
1.8915,0.2346,38.55,93,94,18926
1.8915,0.2395,38.46,93,94,18929
1.8817,0.2493,38.55,93,94,18932
1.8768,0.2395,38.40,93,94,18936
1.8426,0.2346,38.49,93,94,18939
1.8426,0.2346,38.58,93,94,18942
1.8524,0.2444,38.46,93,94,18946
1.8280,0.2395,38.77,93,94,18950
1.8377,0.2395,38.36,93,94,18953
1.7889,0.2346,38.58,93,94,18956
1.7742,0.2639,38.62,93,94,18959
1.7889,0.2444,38.46,93,94,18963
1.7693,0.2444,38.55,93,94,18966
1.7644,0.2346,38.65,93,94,18970
1.8280,0.2444,38.30,93,94,18973
1.7840,0.2346,38.49,93,94,18976
1.7791,0.2346,38.58,93,94,18979
1.7889,0.2395,38.52,93,94,18983
1.7742,0.2346,38.55,93,94,18987
1.8231,0.2444,38.40,93,94,18990
1.7791,0.2395,38.52,93,94,18993
1.7889,0.2346,38.58,93,94,18997
1.7937,0.2395,38.52,93,94,19000
1.8133,0.2346,38.55,93,94,19003
1.8231,0.2542,38.27,93,94,19006
1.7937,0.2395,38.46,93,94,19010
1.7840,0.2346,38.58,93,94,19013
1.8328,0.2493,38.49,93,94,19016
1.8133,0.2346,38.52,93,94,19019
1.8671,0.2444,38.30,93,94,19023
1.8426,0.2346,38.49,93,94,19026
1.8328,0.2346,38.62,93,94,19030
1.8524,0.2395,38.74,93,94,19033
1.8426,0.2346,38.58,93,94,19037
1.8915,0.2542,38.30,93,94,19040
1.8524,0.2346,38.52,93,94,19043
1.8622,0.2346,38.49,93,94,19046
1.8817,0.2395,38.49,93,94,19050
1.8719,0.2346,38.58,93,94,19053
1.9159,0.2493,38.27,93,94,19056
1.8964,0.2395,38.43,93,94,19059
1.8817,0.2346,38.58,93,94,19063
1.9013,0.2297,38.52,93,94,19066
1.8817,0.2346,38.58,93,94,19069
1.9306,0.2444,38.33,93,94,19073
1.8915,0.2297,38.49,93,94,19077
1.8915,0.2248,38.58,93,94,19080
1.9159,0.2395,38.74,93,94,19083
1.9257,0.2297,38.58,93,94,19086
1.9844,0.2444,38.30,93,94,19090
1.9550,0.2346,38.58,93,94,19093
1.9746,0.2346,38.52,93,94,19096
1.9990,0.2444,38.52,93,94,19099
1.9795,0.2297,38.55,93,94,19103
2.0381,0.2395,38.30,93,94,19106
1.9550,0.2395,38.46,93,94,19109
1.9110,0.2297,38.58,93,94,19112
1.9110,0.2444,38.49,93,94,19117
1.8719,0.2346,38.58,93,94,19120
1.9013,0.2444,38.30,93,94,19123
1.8475,0.2395,38.52,93,94,19126
1.8328,0.2346,38.55,93,94,19130
1.8377,0.2395,38.58,93,94,19133
1.8231,0.2297,38.55,93,94,19136
1.8475,0.2395,38.30,93,94,19139
1.8084,0.2395,38.58,93,94,19143
1.8035,0.2346,38.58,93,94,19146
1.8035,0.2395,38.49,93,94,19149
1.7742,0.2395,38.62,93,94,19152
1.7937,0.2395,38.33,93,94,19156
1.7693,0.2395,38.46,93,94,19160
1.7595,0.2346,38.55,93,94,19163
1.8182,0.2444,38.49,93,94,19166
1.7693,0.2346,38.58,93,94,19170
1.8182,0.2444,38.33,93,94,19173
1.7791,0.2395,38.52,93,94,19176
1.7889,0.2346,38.62,93,94,19179
1.8133,0.2444,38.49,93,94,19183
1.8084,0.2346,38.55,93,94,19186
1.8426,0.2786,38.33,93,94,19189
1.8084,0.2346,38.62,93,94,19192
1.8182,0.2297,38.55,93,94,19196
1.8426,0.2395,38.49,93,94,19200
1.8426,0.2346,38.58,93,94,19203
1.8768,0.2395,38.33,93,94,19206
1.8817,0.2395,38.46,93,94,19210
1.9404,0.2346,38.58,93,94,19213
1.9746,0.2493,38.49,93,94,19216
2.0088,0.2346,38.58,93,94,19219
2.1408,0.2395,38.33,93,94,19223
2.2385,0.2444,38.46,93,94,19226
2.3998,0.2346,38.58,93,94,19229
2.6491,0.2395,38.49,93,94,19232
2.8348,0.2346,38.55,93,94,19235
3.1232,0.2395,38.36,93,94,19239
3.2600,0.2346,38.55,93,94,19243
3.3040,0.2346,38.58,93,94,19246
3.2258,0.2444,38.46,93,94,19249
2.9374,0.2346,38.58,93,94,19253
2.6735,0.2395,38.36,93,94,19256
2.3509,0.2346,38.33,93,94,19259
2.1065,0.2346,38.55,93,94,19262
1.8768,0.2493,38.40,93,94,19266
1.6813,0.2346,38.58,93,94,19269
1.5640,0.2346,38.36,93,94,19272
1.4418,0.2346,38.46,93,94,19275
1.3881,0.2346,38.58,93,94,19279
1.3685,0.2395,38.46,93,94,19282
1.3392,0.2542,38.52,93,94,19286
1.3587,0.2346,38.43,93,94,19289
1.3539,0.2346,38.62,93,94,19293
1.3881,0.2346,38.58,93,94,19296
1.4272,0.2444,38.49,93,94,19299
1.4370,0.2737,38.52,93,94,19302
1.4761,0.2346,38.40,93,94,19306
1.4858,0.2346,38.49,93,94,19309
1.5005,0.2395,38.62,93,94,19312
1.5347,0.2395,38.52,93,94,19315
1.5396,0.2346,38.55,93,94,19319
1.5787,0.2346,38.40,93,94,19322
1.5738,0.2346,38.52,93,94,19325
1.5885,0.2346,38.55,93,94,19329
1.6178,0.2395,38.49,93,94,19333
1.6227,0.2395,38.55,93,94,19336
1.6520,0.2346,38.43,93,94,19339
1.6276,0.2297,38.55,93,94,19342
1.6325,0.2395,38.55,93,94,19346
1.6569,0.2933,38.49,93,94,19349
1.6471,0.2346,38.62,93,94,19352
1.6764,0.2395,38.43,93,94,19355
1.6716,0.2395,38.49,93,94,19359
1.6716,0.2444,38.58,93,94,19362
1.6960,0.2688,38.43,93,94,19365
1.6764,0.2346,38.55,93,94,19368
1.7155,0.2395,38.40,93,94,19373
1.7009,0.2297,38.49,93,94,19376
1.7058,0.2297,38.55,93,94,19379
1.7302,0.2346,38.49,93,94,19382
1.7351,0.2346,38.71,93,94,19386
1.7742,0.2346,38.40,93,94,19389
1.7644,0.2346,38.55,93,94,19392
1.7693,0.2346,38.55,93,94,19395
1.8035,0.2444,38.52,93,94,19399
1.7742,0.2395,38.55,93,94,19402
1.8231,0.2395,38.40,93,94,19405
1.7791,0.2346,38.49,93,94,19408
1.7742,0.2297,38.58,93,94,19412
1.7840,0.2395,38.46,93,94,19416
1.7595,0.2346,38.55,93,94,19419
1.7889,0.2444,38.40,93,94,19422
1.7595,0.2346,38.55,93,94,19426
1.7693,0.2346,38.58,93,94,19429
1.7693,0.2444,38.46,93,94,19432
1.7595,0.2346,38.58,93,94,19435
1.7889,0.2444,38.46,93,94,19439
1.7595,0.2346,38.55,93,94,19442
1.7644,0.2395,38.55,93,94,19445
1.7986,0.2444,38.46,93,94,19448
1.7742,0.2395,38.55,93,94,19452
1.8035,0.2444,38.46,93,94,19456
1.7693,0.2346,38.58,93,94,19459
1.7693,0.2297,38.58,93,94,19462
1.7986,0.2297,38.46,93,94,19466
1.7791,0.2395,38.58,93,94,19469
1.8133,0.2444,38.52,93,94,19472
1.7937,0.2297,38.55,93,94,19475
1.8084,0.2346,38.55,93,94,19479
1.8133,0.2346,38.52,93,94,19482
1.8133,0.2297,38.55,93,94,19485
1.8475,0.2444,38.43,93,94,19488
1.8573,0.2346,38.55,93,94,19492
1.8377,0.2395,38.62,93,94,19495
1.8719,0.2493,38.46,93,94,19499
1.8524,0.2346,38.55,93,94,19502
1.9110,0.2395,38.46,93,94,19506
1.8622,0.2444,38.62,93,94,19509
1.8671,0.2346,38.62,93,94,19512
1.8915,0.2444,38.46,93,94,19515
1.8719,0.2346,38.58,93,94,19519
1.9110,0.2444,38.43,93,94,19522
1.8866,0.2346,38.58,93,94,19525
1.8915,0.2297,38.58,93,94,19528
1.9110,0.2395,38.52,93,94,19532
1.9062,0.2395,38.65,93,94,19535
1.9306,0.2444,38.43,93,94,19538
1.9013,0.2395,38.58,93,94,19542
1.9013,0.2248,38.55,93,94,19546
1.9306,0.2493,38.46,93,94,19549
1.9062,0.2395,38.68,93,94,19552
1.9306,0.2444,38.43,93,94,19555
1.9110,0.2346,38.58,93,94,19559
1.8866,0.2346,38.65,93,94,19562
1.9110,0.2493,38.49,93,94,19565
1.9159,0.2395,38.55,93,94,19568
1.9257,0.2395,38.49,93,94,19572
1.9208,0.2346,38.58,92,94,19575
1.8377,0.2590,38.55,92,94,19579
1.8231,0.2346,38.58,92,94,19582
1.8475,0.2444,38.43,92,94,19586
1.8328,0.2395,38.55,92,94,19589
1.8426,0.2395,38.40,92,94,19592
1.8182,0.2297,38.49,92,94,19596
1.8182,0.2395,38.58,92,94,19599
1.8035,0.2493,38.46,92,94,19602
1.7840,0.2346,38.55,92,94,19605
1.8182,0.2444,38.43,92,94,19609
1.7889,0.2639,38.49,92,94,19612
1.7937,0.2346,38.62,92,94,19615
1.8133,0.2297,38.46,92,94,19618
1.8231,0.2346,38.55,92,94,19622
1.8377,0.2590,38.40,92,94,19625
1.8133,0.2346,38.55,92,94,19629
1.8231,0.2297,38.58,92,94,19632
1.8915,0.2444,38.46,92,94,19636
1.8377,0.2395,38.58,92,94,19639
1.8671,0.2444,38.40,92,94,19642
1.8524,0.2297,38.49,92,94,19645
1.8573,0.2248,38.58,92,94,19649
1.8768,0.2444,38.43,92,94,19652
1.8719,0.2346,38.58,92,94,19655
1.9013,0.2444,38.43,92,94,19658
1.8817,0.2639,38.55,92,94,19662
1.8866,0.2346,38.52,92,94,19665
1.8964,0.2395,38.46,92,94,19668
1.9355,0.2346,38.55,92,94,19672
1.9355,0.2346,38.40,92,94,19676
1.9208,0.2444,38.46,92,94,19679
1.9306,0.2346,38.58,92,94,19682
1.9550,0.2444,38.46,92,94,19685
1.9159,0.2493,38.55,92,94,19689
1.9404,0.2395,38.43,92,94,19692
1.9159,0.2346,38.49,92,94,19695
1.9208,0.2346,38.77,92,94,19698
1.9404,0.2395,38.40,92,94,19702
1.9453,0.2395,38.55,92,94,19705
1.9892,0.2444,38.40,92,94,19708
1.9844,0.2346,38.55,92,94,19712
1.9941,0.2346,38.55,92,94,19716
2.0039,0.2444,38.46,92,94,19719
1.9746,0.2395,38.18,92,94,19722
1.9941,0.2395,38.46,92,94,19725
1.9550,0.2346,38.55,92,94,19729
1.9453,0.2590,38.58,92,94,19732
1.9697,0.2444,38.43,92,94,19735
1.9404,0.2395,38.55,92,94,19738
1.9795,0.2395,38.49,92,94,19742
1.9550,0.2346,38.52,92,94,19745
1.9795,0.2297,38.58,92,94,19748
2.0137,0.2395,38.52,92,94,19751
1.9795,0.2639,38.62,92,94,19756
1.9844,0.2444,38.46,92,94,19759
1.9355,0.2395,38.55,92,94,19762
1.9257,0.2395,38.55,92,94,19765
1.9208,0.2639,38.49,92,94,19769
1.9013,0.2297,38.55,92,94,19772
1.9159,0.2395,38.46,92,94,19775
1.8817,0.2346,38.55,92,94,19778
1.8719,0.2346,38.46,92,94,19782
1.8866,0.2444,38.49,92,94,19785
1.8377,0.2395,38.55,92,94,19788
1.8524,0.2444,38.49,92,94,19791
1.8133,0.2346,38.90,92,94,19795
1.8035,0.2346,38.58,92,94,19799
1.8280,0.2493,38.46,92,94,19802
1.8133,0.2395,38.55,92,94,19805
1.8475,0.2444,38.49,92,94,19809
1.8280,0.2346,38.55,92,94,19812
1.8231,0.2346,38.55,92,94,19815
1.8182,0.2395,38.49,92,94,19818
1.7840,0.2395,38.55,92,94,19822
1.8035,0.2395,38.40,92,94,19825
1.7840,0.2444,38.55,92,94,19828
1.8035,0.2346,38.55,92,94,19831
1.8573,0.2493,38.43,92,94,19835
1.8475,0.2395,38.55,92,94,19838
1.8622,0.2444,38.43,92,94,19842
1.8524,0.2346,38.62,92,94,19845
1.8768,0.2346,38.55,92,94,19849
1.9648,0.2395,38.46,92,94,19852
1.9306,0.2395,38.58,92,94,19855
1.9844,0.2395,38.43,92,94,19858
2.0283,0.2346,38.55,92,94,19862
2.1065,0.2737,38.55,92,94,19865
2.2630,0.2444,38.58,92,94,19868
2.4291,0.2444,38.55,92,94,19871
2.6833,0.2395,38.36,92,94,19875
2.8935,0.2395,38.74,92,94,19878
3.1281,0.2297,38.58,92,94,19881
3.3284,0.2444,38.43,92,94,19885
3.2942,0.2395,38.52,92,94,19889
3.1769,0.2395,38.43,92,94,19892
2.8935,0.2346,38.55,92,94,19895
2.5513,0.2297,38.55,92,94,19898
2.2972,0.2444,38.43,92,94,19902
2.0283,0.2395,38.55,92,94,19905
1.8524,0.2395,38.49,92,94,19908
1.6862,0.2346,38.58,92,94,19911
1.5787,0.2297,38.55,92,94,19915
1.5298,0.2444,38.49,92,94,19918
1.4712,0.2346,38.55,92,94,19921
1.4516,0.2395,38.46,92,94,19924
1.4027,0.2346,38.58,92,94,19929
1.4174,0.2346,38.55,92,94,19932
1.4467,0.2395,38.40,92,94,19935
1.4370,0.2395,38.49,92,94,19938
1.4614,0.2395,38.46,92,94,19942
1.4614,0.2395,38.58,92,94,19945
1.4614,0.2542,38.55,92,94,19948
1.4956,0.2444,38.52,92,94,19951
1.4907,0.2297,38.55,92,94,19955
1.5396,0.2493,38.43,92,94,19958
1.5543,0.2346,38.55,92,94,19961
1.5836,0.2346,38.49,92,94,19964
1.6178,0.2444,38.49,92,94,19969
1.6178,0.2395,38.55,92,94,19972
1.6325,0.2395,38.43,92,94,19975
1.6178,0.2346,38.52,92,94,19978
1.6178,0.2346,38.62,92,94,19982
1.6520,0.2444,38.40,92,94,19985
1.6569,0.2444,38.55,92,94,19988
1.6764,0.2444,38.58,92,94,19991
1.6667,0.2346,38.55,92,94,19995
1.6911,0.2395,38.58,92,94,19998
1.7155,0.2395,38.43,92,94,20001
1.7058,0.2395,38.46,92,94,20004
1.7302,0.2395,38.43,92,94,20008
1.7351,0.2346,38.55,92,94,20012
1.7058,0.2346,38.55,92,94,20015
1.7449,0.2444,38.49,92,94,20018
1.7302,0.2395,38.52,92,94,20022
1.7351,0.2395,38.43,92,94,20025
1.7155,0.2395,38.58,92,94,20028
1.7204,0.2346,38.55,92,94,20031
1.7693,0.2444,38.36,92,94,20035
1.7693,0.2444,38.55,92,94,20038
1.7644,0.2395,38.40,92,94,20041
1.7644,0.2395,38.52,92,94,20044
1.7693,0.2444,38.58,92,94,20048
1.7937,0.2493,38.40,92,94,20051
1.7791,0.2395,38.55,92,94,20055
1.8231,0.2395,38.43,92,94,20058
1.7791,0.2395,38.55,92,94,20062
1.7644,0.2346,38.55,92,94,20065
1.7840,0.2493,38.46,92,94,20068
1.7546,0.2395,38.52,92,94,20071
1.7937,0.2395,38.43,92,94,20075
1.8035,0.2395,38.52,92,94,20078
1.8231,0.2297,38.58,92,94,20081
1.8622,0.2395,38.36,92,94,20084
1.8084,0.2444,38.58,92,94,20088
1.7986,0.2395,38.62,92,94,20091
1.7791,0.2395,38.55,92,94,20094
1.7693,0.2346,38.58,92,94,20098
1.8084,0.2639,38.40,92,94,20102
1.7889,0.2395,38.52,92,94,20105
1.7937,0.2395,38.46,92,94,20108
1.7791,0.2395,38.55,92,94,20111
1.7693,0.2346,38.52,92,94,20115
1.7986,0.2493,38.43,92,94,20118
1.7937,0.2395,38.55,92,94,20121
1.7937,0.2493,38.43,92,94,20124
1.7937,0.2688,38.55,92,94,20128
1.8035,0.2346,38.58,92,94,20131
1.8573,0.2395,38.36,92,94,20134
1.8524,0.2444,38.55,92,94,20137
1.8524,0.2639,38.46,92,94,20142
1.8622,0.2395,38.58,92,94,20145
1.8915,0.2346,38.55,92,94,20148
1.9208,0.2395,38.36,92,94,20151
1.8866,0.2395,38.65,92,94,20155
1.8964,0.2444,38.46,92,94,20158
1.8915,0.2444,38.58,92,94,20161
1.9013,0.2444,38.55,92,94,20164
1.9306,0.2493,38.52,92,94,20168
1.8964,0.2395,38.49,92,94,20171
1.8915,0.2297,38.46,92,94,20174
1.8915,0.2444,38.58,92,94,20177
1.9062,0.2346,38.52,92,94,20182
1.9697,0.2297,38.43,92,94,20185
1.9110,0.2493,38.68,92,94,20188
1.8964,0.2297,38.55,92,94,20192
1.9159,0.2395,38.43,92,94,20195
1.8817,0.2444,38.58,92,94,20198
1.8817,0.2346,38.55,92,94,20201
1.9013,0.2395,38.49,92,94,20205
1.9062,0.2444,38.55,92,94,20208
1.9208,0.2444,37.93,92,94,20211
1.8915,0.2395,38.55,92,94,20214
1.9013,0.2346,38.55,92,94,20218
1.9501,0.2542,38.46,92,94,20221
1.9208,0.2395,38.46,92,94,20225
1.9355,0.2395,38.43,92,94,20228
1.9062,0.2444,38.58,92,94,20232
1.8915,0.2346,38.71,92,94,20235
1.9208,0.2444,38.58,92,94,20238
1.8915,0.2395,38.55,92,94,20241
1.9159,0.2395,38.40,92,94,20245
1.8719,0.2395,38.55,92,94,20248
1.8475,0.2346,38.55,92,94,20251
1.8426,0.2493,38.55,92,94,20254
1.8182,0.2395,38.71,92,94,20258
1.8377,0.2395,38.43,92,94,20261
1.8182,0.2395,38.55,92,94,20264
1.8133,0.2346,38.55,92,94,20268
1.8377,0.2444,38.40,92,94,20272
1.8231,0.2395,38.74,92,94,20275
1.8573,0.2444,38.43,92,94,20278
1.8328,0.2346,38.52,92,94,20281
1.8475,0.2493,38.58,92,94,20285
1.8915,0.2444,38.40,92,94,20288
1.8768,0.2395,38.52,92,94,20291
1.8817,0.2395,38.40,92,94,20294
1.8328,0.2395,38.71,92,94,20298
1.8524,0.2346,38.55,92,94,20301
1.8964,0.2395,38.49,92,94,20304
1.8719,0.2395,38.58,92,94,20307
1.8817,0.2395,38.43,92,94,20312
1.8817,0.2297,38.55,92,94,20315
1.9062,0.2688,38.55,92,94,20318
1.9306,0.2444,38.52,92,94,20321
1.8964,0.2297,38.55,92,94,20325
1.9013,0.2395,38.49,92,94,20328
1.8915,0.2395,38.52,92,94,20331
1.9013,0.2297,38.58,92,94,20334
1.9355,0.2444,38.43,92,94,20338
1.8915,0.2444,38.55,92,94,20341
1.8964,0.2395,38.40,92,94,20344
1.8768,0.2395,38.55,92,94,20347
1.8915,0.2346,38.52,92,94,20352
1.9404,0.2444,38.46,92,94,20355
1.9355,0.2395,38.77,92,94,20358
1.9453,0.2395,38.43,92,94,20361
1.8964,0.2395,38.55,92,94,20365
1.8866,0.2590,38.62,92,94,20368
1.9404,0.2297,38.43,92,94,20371
1.9746,0.2297,38.52,92,94,20374
2.0235,0.2590,38.43,92,94,20378
2.0186,0.2395,38.55,92,94,20381
2.0186,0.2395,38.55,92,94,20384
2.0479,0.2493,38.40,92,94,20387
2.0235,0.2297,38.55,92,94,20391
2.0186,0.2346,38.43,92,94,20395
1.9648,0.2395,38.55,92,94,20398
1.9159,0.2346,38.58,92,94,20401
1.9208,0.2493,38.46,92,94,20405
1.8817,0.2395,38.49,92,94,20408
1.8866,0.2346,38.49,92,94,20411
1.8817,0.2395,38.58,92,94,20414
1.8719,0.2395,38.58,92,94,20418
1.8866,0.2542,38.40,92,94,20421
1.8475,0.2444,38.36,92,94,20424
1.8377,0.2297,38.46,92,94,20427
1.8231,0.2346,38.55,92,94,20431
1.8231,0.2297,38.49,92,94,20434
1.8524,0.2444,38.49,92,94,20438
1.8084,0.2297,38.52,92,94,20441
1.7889,0.2346,38.49,92,94,20445
1.7693,0.2395,38.58,92,94,20448
1.7742,0.2346,38.49,92,94,20451
1.8231,0.2493,38.43,92,94,20454
1.8377,0.2444,38.52,92,94,20458
1.7986,0.2639,38.46,92,94,20461
1.7889,0.2395,38.52,92,94,20464
1.7840,0.2346,38.58,92,94,20467
1.8426,0.2395,38.36,92,94,20471
1.8377,0.2493,38.52,92,94,20474
1.8231,0.2346,38.49,92,94,20477
1.8280,0.2395,38.68,92,94,20481
1.8328,0.2346,38.55,92,94,20485
1.8964,0.2688,38.40,92,94,20488
1.9208,0.2395,38.52,92,94,20491
2.0137,0.2395,38.46,92,94,20494
2.0772,0.2395,38.30,92,94,20498
2.2141,0.2297,38.55,92,94,20501
2.4780,0.2542,38.43,92,94,20504
2.6344,0.2444,38.74,92,94,20507
2.8690,0.2346,38.49,92,94,20511
3.1036,0.2395,38.55,92,94,20514
3.2942,0.2395,38.55,92,94,20517
3.4506,0.2493,38.33,92,94,20520
3.2893,0.2444,38.49,92,94,20525
2.9863,0.2346,38.49,92,94,20528
2.6393,0.2395,38.55,92,94,20531
2.3069,0.2346,38.58,92,94,20534
2.0772,0.2542,38.40,92,94,20538
1.7986,0.2395,38.43,92,94,20541
1.6129,0.2346,38.49,92,94,20544
1.4956,0.2444,38.52,92,94,20547
1.4125,0.2297,38.52,92,94,20551
1.4027,0.2542,38.43,92,94,20554
1.3392,0.2444,38.52,92,94,20557
1.3099,0.2346,38.49,92,94,20560
1.3148,0.2395,38.46,92,94,20563
1.3392,0.2297,38.55,92,94,20568
1.4418,0.2590,38.36,92,94,20571
1.4370,0.2493,38.49,92,94,20574
1.4516,0.2346,38.46,92,94,20577
1.4663,0.2297,38.55,92,94,20581
1.4858,0.2346,38.58,92,94,20584
1.5543,0.2590,38.36,92,94,20587
1.5347,0.2395,38.49,92,94,20590
1.5396,0.2346,38.55,92,94,20594
1.5396,0.2688,38.52,92,94,20597
1.5298,0.2395,38.58,92,94,20600
1.5738,0.2590,38.33,92,94,20603
1.5396,0.2346,38.46,92,94,20608
1.5445,0.2297,38.52,92,94,20611
1.5640,0.2395,38.55,92,94,20614
1.5689,0.2346,38.58,92,94,20617
1.6276,0.2542,38.27,92,94,20621
1.6129,0.2395,38.68,92,94,20624
1.6276,0.2346,38.52,92,94,20627
1.6422,0.2395,38.55,92,94,20630
1.6422,0.2346,38.58,92,94,20634
1.7009,0.2542,38.27,92,94,20637
1.6764,0.2444,38.49,92,94,20640
1.6618,0.2297,38.65,92,94,20643
1.6667,0.2395,38.55,92,94,20647
1.6716,0.2395,38.55,92,94,20651
1.7058,0.2542,38.30,92,94,20654
1.6716,0.2395,38.49,92,94,20657
1.6618,0.2346,38.55,92,94,20661
1.6764,0.2395,38.55,92,94,20664
1.6667,0.2346,38.58,92,94,20667
1.7155,0.2493,38.30,92,94,20670
1.6716,0.2297,38.46,92,94,20674
1.6569,0.2346,38.55,92,94,20677
1.6667,0.2395,38.52,92,94,20680
1.6667,0.2346,38.55,92,94,20683
1.7204,0.2542,38.30,92,94,20687
1.6813,0.2395,38.52,92,94,20690
1.6813,0.2346,38.55,92,94,20694
1.6911,0.2395,38.52,92,94,20697
1.7253,0.2346,38.55,92,94,20701
1.7449,0.2884,38.30,92,94,20704
1.7204,0.2395,38.15,92,94,20707
1.7204,0.2297,38.55,92,94,20710
1.7351,0.2395,38.55,92,94,20714
1.7253,0.2346,38.55,92,94,20717
1.7644,0.2493,38.27,92,94,20720
1.7204,0.2395,38.36,92,94,20723
1.7107,0.2346,38.58,92,94,20727
1.7107,0.2444,38.55,92,94,20730
1.7058,0.2346,38.62,92,94,20733
1.7546,0.2493,38.24,92,94,20737
1.7107,0.2395,38.49,92,94,20741
1.7107,0.2346,38.58,92,94,20744
1.7253,0.2395,38.77,92,94,20747
1.7302,0.2346,38.55,92,94,20750
1.7889,0.2444,38.24,92,94,20754
1.7742,0.2444,38.52,92,94,20757
1.7693,0.2297,38.87,92,94,20760
1.7742,0.2395,38.52,92,94,20763
1.7400,0.2395,38.55,92,94,20767
1.7791,0.2493,38.24,92,94,20770
1.7302,0.2395,38.46,92,94,20773
1.7204,0.2346,38.58,92,94,20776
1.7253,0.2346,38.49,92,94,20781
1.7204,0.2346,38.55,92,94,20784
1.7986,0.2493,38.27,92,94,20787
1.7498,0.2444,38.52,92,94,20790
1.7449,0.2346,38.52,92,94,20794
1.7693,0.2444,38.52,92,94,20797
1.8475,0.2395,38.55,92,94,20801
1.8475,0.2346,38.55,92,94,20804
1.8719,0.2493,38.36,92,94,20807
1.8328,0.2395,38.49,92,94,20810
1.7986,0.2346,38.49,92,94,20814
1.7889,0.2395,38.55,92,94,20817
1.8133,0.2444,38.55,92,94,20820
1.8280,0.2639,38.40,92,94,20824
1.7937,0.2444,38.65,92,94,20828
1.7937,0.2346,38.49,92,94,20831
1.7937,0.2444,38.55,92,94,20834
1.7840,0.2346,38.68,92,94,20837
1.8328,0.2542,38.74,92,94,20841
1.8084,0.2542,38.46,92,94,20844
1.7937,0.2297,38.49,92,94,20847
1.7986,0.2346,38.55,92,94,20850
1.7986,0.2297,38.62,92,94,20854
1.8573,0.2590,38.40,92,94,20857
1.7986,0.2493,38.55,92,94,20860
1.7840,0.2346,38.46,92,94,20864
1.7840,0.2395,38.55,92,94,20868
1.7840,0.2590,38.62,92,94,20871
1.8377,0.2590,38.36,92,94,20874
1.7937,0.2395,38.49,92,94,20877
1.7889,0.2346,38.52,92,94,20881
1.7937,0.2444,38.55,92,94,20884
1.7937,0.2737,38.58,92,94,20887
1.8524,0.2590,38.36,92,94,20890
1.8182,0.2444,38.46,92,94,20894
1.7986,0.2346,38.52,92,94,20897
1.8035,0.2395,38.77,92,94,20900
1.7986,0.2346,38.58,92,94,20903
1.8524,0.2542,38.33,92,94,20908
1.8280,0.2493,38.49,92,94,20911
1.8328,0.2346,38.55,92,94,20914
1.8524,0.2395,38.52,92,94,20917
1.8377,0.2444,38.55,92,94,20921
1.8719,0.2590,38.21,92,94,20924
1.8084,0.2395,38.49,92,94,20927
1.7889,0.2395,38.55,92,94,20930
1.7889,0.2395,38.49,92,94,20934
1.7791,0.2346,38.74,92,94,20937
1.8280,0.2542,38.30,92,94,20940
1.7937,0.2444,38.46,92,94,20943
1.7742,0.2346,38.55,92,94,20946
1.7986,0.2395,38.55,92,94,20951
1.7986,0.2248,38.58,92,94,20954
1.8622,0.2590,38.43,92,94,20957
1.8328,0.2395,38.43,92,94,20960
1.8377,0.2346,38.55,92,94,20964
1.8426,0.2688,38.55,92,94,20967
1.8377,0.2346,38.65,92,94,20970
1.8817,0.2590,38.27,92,94,20973
1.8280,0.2444,38.49,92,94,20977
1.8231,0.2346,38.58,92,94,20980
1.8377,0.2395,38.52,92,94,20983
1.8280,0.2395,38.55,92,94,20986
1.8817,0.2493,38.46,92,94,20990
1.8475,0.2444,38.43,92,94,20994
1.8231,0.2346,38.58,92,94,20997
1.8280,0.2444,38.52,92,94,21000
1.8231,0.2395,38.55,92,94,21004
1.8866,0.2493,38.27,92,94,21007
1.8475,0.2395,38.43,92,94,21010
1.8622,0.2346,38.52,92,94,21013
1.8817,0.2395,38.52,92,94,21017
1.8719,0.2395,38.58,92,94,21020
1.9257,0.2493,38.21,92,94,21023
1.8768,0.2346,38.49,92,94,21026
1.8671,0.2346,38.58,92,94,21030
1.8866,0.2395,38.52,92,94,21033
1.8377,0.2444,38.62,92,94,21037
1.8671,0.2493,38.30,92,94,21040
1.8231,0.2444,38.46,92,94,21044
1.8084,0.2346,38.58,92,94,21047
1.8133,0.2444,38.52,92,94,21050
1.7937,0.2346,38.55,92,94,21053
1.8280,0.2542,38.24,92,94,21057
1.7693,0.2444,38.46,92,94,21060
1.7546,0.2346,38.52,92,94,21063
1.7644,0.2395,38.55,92,94,21066
1.7449,0.2395,38.55,92,94,21070
1.7937,0.2493,38.43,92,94,21073
1.7595,0.2346,38.55,92,94,21076
1.7644,0.2346,38.58,92,94,21080
1.7742,0.2444,38.58,92,94,21084
1.7595,0.2346,38.46,92,94,21087
1.8182,0.2297,38.30,92,94,21090
1.7791,0.2493,38.49,92,94,21093
1.7595,0.2297,38.49,92,94,21097
1.7546,0.2444,38.58,92,94,21100
1.7204,0.2444,38.58,92,94,21103
1.7595,0.2737,38.27,92,94,21106
1.7155,0.2395,38.90,92,94,21110
1.7107,0.2297,38.55,92,94,21113
1.7204,0.2542,38.49,92,94,21116
1.7155,0.2395,38.74,92,94,21120
1.7889,0.2493,38.27,92,94,21124
1.7791,0.2297,38.52,92,94,21127
1.8280,0.2346,38.58,92,94,21130
1.9110,0.2444,38.36,92,94,21133
1.9941,0.2395,38.65,92,94,21137
2.1799,0.2444,38.30,92,94,21140
2.3265,0.2542,38.55,92,94,21143
2.5171,0.2346,38.58,92,94,21146
2.7810,0.2444,38.52,92,94,21150
2.9863,0.2346,38.68,92,94,21153
3.2356,0.2444,38.18,92,94,21156
3.2405,0.2395,38.52,92,94,21159
3.1085,0.2346,38.58,92,94,21164
2.8837,0.2444,38.49,92,94,21167
2.5513,0.2297,38.62,92,94,21170
2.3069,0.2346,38.30,92,94,21173
1.9990,0.2346,38.52,92,94,21177
1.8035,0.2346,38.55,92,94,21180
1.6471,0.2542,38.55,92,94,21183
1.5005,0.2395,38.58,92,94,21186
1.4467,0.2444,38.36,92,94,21190
1.3734,0.2395,38.49,92,94,21193
1.3343,0.2395,38.62,92,94,21196
1.3343,0.2542,38.49,92,94,21199
1.3148,0.2395,38.55,92,94,21203
1.3636,0.2444,38.33,92,94,21207
1.3587,0.2395,38.49,92,94,21210
1.3881,0.2346,38.52,92,94,21213
1.4272,0.2444,38.52,92,94,21217
1.4467,0.2444,38.58,92,94,21220
1.4761,0.2444,38.33,92,94,21223
1.4663,0.2346,38.62,92,94,21226
1.4907,0.2346,38.55,92,94,21230
1.5152,0.2444,38.49,92,94,21233
1.5396,0.2395,38.55,92,94,21236
1.5738,0.2444,38.36,92,94,21239
1.5738,0.2395,38.58,92,94,21243
1.5982,0.2297,38.58,92,94,21246
1.6227,0.2542,38.46,92,94,21250
1.6031,0.2493,38.55,92,94,21253
1.6373,0.2444,38.30,92,94,21257
1.6080,0.2395,38.52,92,94,21260
1.6031,0.2395,38.55,92,94,21263
1.6178,0.2444,38.49,92,94,21266
1.6325,0.2346,38.55,92,94,21270
1.6373,0.2493,38.36,92,94,21273
1.6080,0.2346,38.58,92,94,21276
1.6178,0.2297,38.55,92,94,21279
1.6667,0.2395,38.49,92,94,21283
1.6569,0.2395,38.58,92,94,21286
1.6911,0.2444,38.30,92,94,21289
1.6813,0.2297,38.46,92,94,21293
1.6862,0.2346,38.55,92,94,21297
1.7107,0.2590,38.46,92,94,21300
1.6911,0.2395,38.55,92,94,21303
1.7155,0.2444,38.33,92,94,21306
1.6764,0.2444,38.49,92,94,21310
1.6764,0.2346,38.58,92,94,21313
1.6862,0.2444,38.49,92,94,21316
1.6716,0.2346,38.58,92,94,21319
1.7009,0.2444,38.40,92,94,21323
1.6667,0.2395,38.55,92,94,21326
1.6716,0.2297,38.55,92,94,21329
1.6862,0.2395,38.49,92,94,21332
1.6764,0.2395,38.55,92,94,21337
1.7155,0.2444,38.27,92,94,21340
1.6960,0.2395,38.46,92,94,21343
1.7351,0.2346,38.55,92,94,21346
1.7302,0.2493,38.46,92,94,21350
1.7204,0.2493,38.49,92,94,21353
1.7546,0.2395,38.33,92,94,21356
1.7302,0.2297,38.49,92,94,21359
1.7400,0.2346,38.58,92,94,21363
1.7546,0.2395,38.43,92,94,21366
1.7449,0.2297,38.58,92,94,21369
1.7791,0.2346,38.36,92,94,21372
1.7595,0.2395,38.55,92,94,21377
1.7742,0.2346,38.43,92,94,21380
1.7986,0.2444,38.52,92,94,21383
1.7889,0.2395,38.58,92,94,21386
1.8133,0.2493,38.40,92,94,21390
1.7937,0.2395,38.58,92,94,21393
1.7937,0.2346,38.58,92,94,21396
1.8133,0.2395,38.43,92,94,21399
1.7986,0.2346,38.55,92,94,21403
1.8328,0.2395,38.43,92,94,21406
1.9453,0.2542,38.30,92,94,21411
1.9257,0.2590,38.49,92,94,21414
1.9355,0.2297,38.58,92,94,21417
1.9306,0.2395,38.52,92,94,21421
1.8768,0.2346,38.55,92,94,21425
1.9013,0.2493,38.33,92,94,21428
1.8622,0.2444,38.46,92,94,21431
1.8475,0.2444,38.55,92,94,21434
1.8671,0.2542,38.49,92,94,21438
1.8524,0.2395,38.58,92,94,21441
1.8915,0.2493,38.30,92,94,21444
1.8377,0.2395,38.49,92,94,21447
1.8231,0.2444,38.55,92,94,21451
1.8280,0.2639,38.52,92,94,21454
1.8182,0.2395,38.58,92,94,21457
1.8866,0.2493,38.30,92,94,21460
1.8377,0.2395,38.55,92,94,21465
1.8328,0.2346,38.65,92,94,21468
1.8475,0.2444,38.49,92,94,21471
1.8280,0.2395,38.58,92,94,21474
1.8671,0.2786,38.27,92,94,21478
1.8280,0.2444,38.58,92,94,21481
1.8035,0.2395,38.58,92,94,21484
1.8084,0.2444,38.49,92,94,21487
1.7840,0.2395,38.58,92,94,21491
1.8280,0.2493,38.30,92,94,21494
1.7986,0.2346,38.49,92,94,21497
1.7840,0.2395,38.58,92,94,21500
1.7986,0.2444,38.52,92,94,21504
1.7889,0.2444,38.55,92,94,21508
1.8231,0.2444,38.27,92,94,21511
1.7791,0.2346,38.52,92,94,21514
1.7889,0.2395,38.55,92,94,21517
1.8084,0.2395,38.49,92,94,21521
1.7889,0.2346,38.58,92,94,21524
1.8328,0.2444,38.33,92,94,21527
1.8035,0.2395,38.49,92,94,21530
1.7937,0.2395,38.62,92,94,21534
1.8084,0.2688,38.43,92,94,21537
1.7889,0.2395,38.58,92,94,21540
1.8280,0.2493,38.30,92,94,21543
1.7986,0.2493,38.49,92,94,21548
1.7986,0.2346,38.55,92,94,21551
1.8133,0.2395,38.52,92,94,21554
1.8035,0.2395,38.52,92,94,21557
1.8475,0.2444,38.30,92,94,21561
1.8133,0.2297,38.55,92,94,21564
1.8280,0.2444,38.68,92,94,21567
1.8524,0.2493,38.52,92,94,21570
1.8280,0.2395,38.55,92,94,21574
1.8622,0.2297,38.33,92,94,21577
1.8475,0.2493,38.46,92,94,21580
1.8475,0.2395,38.52,92,94,21583
1.8768,0.2493,38.74,92,94,21587
1.8622,0.2395,38.58,92,94,21591
1.8964,0.2444,38.30,92,94,21594
1.8573,0.2395,38.46,92,94,21597
1.8377,0.2395,38.55,92,94,21601
1.8328,0.2493,38.52,92,94,21604
1.8133,0.2395,38.43,92,94,21607
1.8524,0.2444,38.30,92,94,21610
1.8231,0.2395,38.58,92,94,21614
1.8280,0.2835,38.65,92,94,21617
1.8573,0.2493,38.49,92,94,21620
1.8328,0.2395,38.58,92,94,21623
1.8671,0.2395,38.33,92,94,21627
1.8426,0.2395,38.49,92,94,21630
1.8328,0.2395,38.55,92,94,21634
1.8524,0.2493,38.46,92,94,21637
1.8719,0.2395,38.58,92,94,21641
1.9013,0.2444,38.36,92,94,21644
1.8866,0.2395,38.52,92,94,21647
1.8964,0.2444,38.55,92,94,21650
1.9306,0.2786,38.46,92,94,21654
1.9453,0.2395,38.55,92,94,21657
1.9892,0.2444,38.36,92,94,21660
1.9648,0.2395,38.58,92,94,21663
1.9697,0.2346,38.58,92,94,21667
1.9697,0.2444,38.46,92,94,21670
1.9306,0.2395,38.55,92,94,21673
1.9501,0.2444,38.33,92,94,21677
1.8915,0.2395,38.46,92,94,21681
1.8622,0.2346,38.55,92,94,21684
1.8719,0.2444,38.43,92,94,21687
1.8426,0.2542,38.55,92,94,21690
1.8719,0.2444,38.36,92,94,21694
1.8426,0.2395,38.49,92,94,21697
1.8573,0.2395,38.52,92,94,21700
1.8377,0.2493,38.46,92,94,21703
1.8084,0.2395,38.55,92,94,21707
1.8377,0.2444,38.36,92,94,21710
1.7889,0.2395,38.58,92,94,21713
1.7840,0.2395,38.52,92,94,21716
1.8035,0.2444,38.43,92,94,21721
1.7791,0.2395,38.55,92,94,21724
1.8084,0.2444,38.36,92,94,21727
1.7840,0.2395,38.46,92,94,21730
1.7840,0.2395,38.55,92,94,21734
1.8182,0.2297,38.43,92,94,21737
1.8084,0.2737,38.65,92,94,21740
1.8524,0.2395,38.36,92,94,21743
1.8426,0.2346,38.52,92,94,21747
1.8328,0.2346,38.55,92,94,21750
1.8377,0.2395,38.49,92,94,21753
1.8182,0.2395,38.55,92,94,21756
1.8231,0.2444,38.40,92,94,21761
1.8035,0.2346,38.62,92,94,21764
1.8328,0.2395,38.62,92,94,21767
1.8915,0.2444,38.46,92,94,21770
1.9208,0.2395,38.55,92,94,21774
2.0235,0.2737,38.40,92,94,21777
2.0968,0.2346,38.49,92,94,21780
2.2239,0.2444,38.55,92,94,21783
2.4242,0.2444,38.43,92,94,21787
2.6197,0.2395,38.55,92,94,21790
2.8935,0.2395,38.40,92,94,21793
3.0645,0.2639,38.52,92,94,21796
3.1916,0.2346,38.36,92,94,21800
3.1965,0.2395,38.46,92,94,21804
2.9912,0.2493,38.55,92,94,21807
2.7468,0.2395,38.43,92,94,21810
2.4096,0.2395,38.55,92,94,21814
2.1408,0.2395,38.52,92,94,21817
1.9453,0.2493,38.65,92,94,21820
1.7351,0.2395,38.58,92,94,21823
1.6129,0.2395,38.43,92,94,21827
1.4858,0.2688,38.52,92,94,21830
1.4223,0.2395,38.55,92,94,21833
1.3832,0.2493,38.43,92,94,21836
1.3636,0.2395,38.55,92,94,21840
1.3734,0.2639,38.43,92,94,21843
1.3587,0.2346,38.40,92,94,21847
1.3881,0.2346,38.55,92,94,21850
1.4174,0.2395,38.46,92,94,21854
1.4370,0.2395,38.55,92,94,21857
1.4809,0.2444,38.43,92,94,21860
1.4712,0.2395,38.55,92,94,21863
1.5103,0.2395,38.58,92,94,21867
1.5249,0.2493,38.43,92,94,21870
1.5200,0.2395,38.52,92,94,21873
1.5543,0.2444,38.46,92,94,21876
1.5347,0.2346,38.52,92,94,21880
1.5445,0.2346,38.65,92,94,21883
1.5787,0.2444,38.46,92,94,21886
1.5836,0.2395,38.65,92,94,21890
1.6178,0.2542,38.46,92,94,21894
1.6031,0.2395,38.68,92,94,21897
1.6227,0.2297,38.55,92,94,21900
1.6520,0.2444,38.49,92,94,21903
1.6569,0.2688,38.58,92,94,21907
1.6911,0.2493,38.46,92,94,21910
1.6813,0.2395,38.62,92,94,21913
1.7009,0.2444,38.58,92,94,21916
1.7351,0.2493,38.40,92,94,21920
1.7058,0.2395,37.90,92,94,21923
1.7302,0.2444,38.46,92,94,21926
1.7058,0.2688,38.55,92,94,21929
1.7155,0.2395,38.55,92,94,21934
1.7253,0.2297,38.46,92,94,21937
1.7302,0.2346,38.52,92,94,21940
1.7058,0.2493,38.49,92,94,21943
1.6667,0.2297,38.55,92,94,21947
1.6618,0.2395,38.58,92,94,21950
1.6716,0.2346,38.49,92,94,21953
1.6667,0.2395,38.58,92,94,21956
1.6862,0.2297,38.46,92,94,21960
1.6716,0.2395,38.55,92,94,21963
1.6960,0.2346,38.58,92,94,21966
1.7058,0.2493,38.40,92,94,21969
1.6911,0.2395,38.40,92,94,21974
1.7204,0.2444,38.46,92,94,21977
1.7058,0.2493,38.55,92,94,21980
1.7107,0.2346,38.55,92,94,21983
1.7351,0.2493,38.49,92,94,21987
1.7155,0.2444,38.55,92,94,21990
1.7449,0.2737,38.40,92,94,21993
1.7253,0.2395,38.55,92,94,21996
1.7351,0.2395,38.58,92,94,22000
1.7400,0.2395,38.52,92,94,22003
1.7498,0.2737,38.55,92,94,22006
1.7791,0.2444,38.43,92,94,22009
1.7546,0.2395,38.55,92,94,22013
1.7693,0.2395,38.58,92,94,22017
1.8084,0.2542,38.43,92,94,22020
1.7937,0.2444,38.43,92,94,22025
1.7791,0.2346,38.55,92,94,22028
1.8182,0.2444,38.40,92,94,22031
1.8035,0.2395,38.46,92,94,22034
1.8133,0.2395,38.58,92,94,22038
1.8328,0.2444,38.46,92,94,22041
1.8377,0.2395,38.49,92,94,22044
1.8671,0.2395,38.36,92,94,22047
1.8866,0.2395,38.55,92,94,22051
1.8719,0.2395,38.58,92,94,22054
1.9013,0.2444,38.68,92,94,22057
1.8817,0.2395,38.55,92,94,22061
1.9062,0.2444,38.33,92,94,22065
1.8915,0.2395,38.43,92,94,22068
1.8964,0.2395,38.55,92,94,22071
1.9306,0.2444,38.40,92,94,22074
1.9208,0.2346,38.77,92,94,22078
1.9550,0.2395,38.43,92,94,22081
1.9159,0.2444,38.52,92,94,22084
1.9062,0.2395,38.58,92,94,22087
1.9062,0.2444,38.52,92,94,22091
1.8866,0.2395,38.62,92,94,22094
1.9110,0.2395,38.46,92,94,22097
1.8817,0.2395,38.62,92,94,22100
1.8964,0.2444,38.55,92,94,22105
1.9110,0.2493,38.43,92,94,22108
1.8768,0.2444,38.62,92,94,22111
1.8915,0.2395,38.40,92,94,22114
1.8524,0.2346,38.49,92,94,22118
1.8475,0.2395,38.49,92,94,22121
1.8573,0.2444,38.43,92,94,22124
1.8328,0.2395,38.55,92,94,22127
1.8524,0.2395,38.43,92,94,22131
1.8182,0.2444,38.55,92,94,22134
1.8182,0.2395,38.71,92,94,22137
1.8280,0.2395,37.71,92,94,22140
1.8182,0.2395,38.55,92,94,22145
1.8426,0.2688,38.40,92,94,22148
1.8182,0.2395,38.58,92,94,22151
1.8231,0.2346,38.58,92,94,22154
1.8719,0.2395,38.43,92,94,22158
1.8133,0.2395,38.55,92,94,22161
1.8328,0.2395,38.40,92,94,22164
1.7986,0.2346,38.49,92,94,22167
1.7986,0.2395,38.58,92,94,22171
1.8328,0.2444,38.46,92,94,22174
1.8231,0.2395,38.49,92,94,22177
1.8524,0.2395,38.40,92,94,22180
1.8133,0.2346,38.55,92,94,22184
1.8084,0.2346,38.55,92,94,22188
1.8182,0.2444,38.52,92,94,22191
1.8084,0.2395,38.55,92,94,22194
1.8328,0.2444,38.46,92,94,22198
1.8133,0.2835,38.52,92,94,22201
1.8280,0.2395,38.58,92,94,22204
1.8671,0.2493,38.43,92,94,22207
1.8377,0.2395,38.58,92,94,22211
1.8671,0.2346,38.43,92,94,22214
1.8426,0.2346,38.46,92,94,22217
1.8573,0.2395,38.55,92,94,22220
1.8817,0.2297,38.43,92,94,22224
1.8622,0.2493,38.55,92,94,22227
1.8817,0.2395,38.40,92,94,22231
1.8475,0.2346,38.55,92,94,22234
1.8573,0.2395,38.58,92,94,22238
1.8719,0.2395,38.55,92,94,22241
1.8915,0.2395,38.62,92,94,22244
1.9404,0.2444,38.43,92,94,22247
1.9306,0.2395,38.55,92,94,22251
1.9355,0.2395,38.62,92,94,22254
1.9550,0.2493,38.52,92,94,22257
1.9062,0.2395,38.55,92,94,22260
1.9013,0.2395,38.43,92,94,22264
1.8377,0.2346,38.52,92,94,22267
1.8182,0.2395,38.55,92,94,22270
1.8280,0.2395,38.46,92,94,22274
1.8133,0.2444,38.58,92,94,22278
1.8524,0.2444,38.55,92,94,22281
1.8426,0.2395,38.58,92,94,22284
1.8719,0.2395,38.55,92,94,22287
1.8768,0.2590,38.55,92,94,22291
1.8768,0.2395,38.58,92,94,22294
1.9159,0.2493,38.43,92,94,22297
1.8915,0.2346,38.62,92,94,22300
1.9110,0.2395,38.49,92,94,22304
1.9550,0.2493,38.43,92,94,22307
1.9257,0.2297,38.55,92,94,22310
1.9844,0.2395,38.46,92,94,22313
1.9159,0.2346,38.52,92,94,22318
1.9062,0.2395,38.55,92,94,22321
1.9013,0.2444,38.46,92,94,22324
1.8475,0.2346,38.55,92,94,22327
1.8524,0.2493,38.58,92,94,22331
1.8035,0.2395,38.62,92,94,22334
1.7986,0.2346,38.55,92,94,22337
1.8182,0.2395,38.49,92,94,22340
1.8084,0.2395,38.55,92,94,22344
1.8280,0.2444,38.43,92,94,22347
1.7937,0.2444,38.58,92,94,22350
1.7840,0.2395,38.65,92,94,22353
1.7986,0.2493,38.43,92,94,22358
1.7595,0.2395,38.58,92,94,22361
1.7791,0.2444,38.43,92,94,22364
1.7595,0.2395,38.58,92,94,22367
1.7693,0.2395,38.58,92,94,22371
1.7937,0.2493,38.49,92,94,22374
1.7986,0.2395,38.55,92,94,22377
1.7937,0.2444,38.43,92,94,22380
1.7595,0.2297,38.65,92,94,22384
1.7693,0.2395,38.55,92,94,22387
1.7937,0.2444,38.49,92,94,22390
1.8035,0.2395,38.62,92,94,22393
1.8377,0.2395,38.43,92,94,22397
1.8133,0.2395,38.58,92,94,22401
1.7986,0.2493,38.58,92,94,22404
1.8133,0.2493,38.40,92,94,22407
1.7986,0.2395,38.55,92,94,22411
1.8622,0.2395,38.40,92,94,22414
1.9013,0.2737,38.55,92,94,22417
1.9892,0.2395,38.58,92,94,22420
2.1457,0.2493,38.46,92,94,22424
2.2727,0.2493,38.52,92,94,22427
2.4878,0.2444,38.40,92,94,22430
2.6686,0.2395,38.58,92,94,22433
2.9130,0.2395,38.55,92,94,22437
3.1183,0.2493,38.52,92,94,22440
3.2258,0.2395,38.52,92,94,22444
3.2356,0.2444,38.40,92,94,22447
3.0205,0.2395,38.58,92,94,22451
2.7468,0.2297,38.55,92,94,22454
2.4878,0.2493,38.36,92,94,22457
2.2043,0.2444,38.52,92,94,22460
1.9648,0.2444,38.43,92,94,22464
1.7595,0.2395,38.55,92,94,22467
1.6471,0.2395,38.58,92,94,22470
1.5347,0.2444,38.49,92,94,22473
1.4467,0.2395,38.55,92,94,22477
1.4467,0.2395,38.43,92,94,22480
1.3930,0.2444,38.55,92,94,22483
1.3832,0.2688,38.58,92,94,22487
1.4076,0.2493,38.49,92,94,22491
1.4076,0.2395,38.55,92,94,22494
1.4467,0.2395,38.40,92,94,22497
1.4418,0.2395,38.65,92,94,22500
1.4516,0.2395,38.58,92,94,22504
1.5152,0.2395,38.40,92,94,22507
1.5200,0.2444,38.55,92,94,22510
1.5591,0.2395,38.46,92,94,22513
1.5738,0.2395,38.55,92,94,22517
1.5787,0.2542,38.49,92,94,22520
1.6129,0.2493,38.43,92,94,22523
1.5934,0.2395,38.55,92,94,22526
1.6129,0.2395,38.43,92,94,22531
1.5982,0.2688,38.58,92,94,22534
1.6129,0.2395,38.49,92,94,22537
1.6618,0.2297,38.46,92,94,22540
1.6422,0.2493,38.49,92,94,22544
1.6471,0.2395,38.43,92,94,22547
1.6178,0.2395,38.55,92,94,22550
1.6129,0.2395,38.55,92,94,22553
1.6618,0.2444,38.40,92,94,22557
1.6373,0.2444,38.52,92,94,22560
1.6618,0.2395,38.49,92,94,22563
1.6667,0.2395,38.55,92,94,22566
1.6764,0.2346,38.55,92,94,22571
1.7155,0.2493,38.49,92,94,22574
1.7009,0.2395,38.52,92,94,22577
1.7155,0.2444,38.43,92,94,22580
1.7058,0.2444,38.58,92,94,22584
1.7155,0.2395,38.62,92,94,22587
1.7595,0.2493,38.52,92,94,22590
1.7498,0.2444,38.55,92,94,22593
1.7889,0.2395,38.43,92,94,22597
1.7986,0.2395,38.49,92,94,22600
1.8035,0.2395,38.55,92,94,22603
1.8133,0.2542,38.36,92,94,22606
1.7449,0.2493,38.55,92,94,22610
1.7107,0.2395,38.11,92,94,22614
1.6813,0.2395,38.55,92,94,22617
1.7155,0.2346,38.58,92,94,22620
1.7253,0.2493,38.40,92,94,22624
1.7302,0.2444,38.52,92,94,22627
1.7546,0.2444,38.43,92,94,22630
1.7498,0.2590,38.62,92,93,22633
1.7400,0.2395,38.58,92,93,22638
1.7595,0.2346,38.55,92,93,22641
1.8084,0.2493,38.43,92,93,22644
1.7986,0.2395,38.55,92,93,22648
1.8280,0.2493,38.49,92,93,22651
1.7889,0.2395,38.46,92,93,22654
1.7742,0.2395,38.58,92,93,22658
1.8084,0.2444,38.49,92,93,22662
1.7840,0.2395,38.52,92,93,22665
1.8182,0.2444,38.46,92,93,22668
1.7937,0.2444,38.55,92,93,22671
1.8035,0.2395,38.62,92,93,22675
1.8280,0.2395,38.49,92,93,22678
1.8231,0.2346,38.55,92,93,22681
1.8524,0.2444,38.40,92,93,22684
1.8426,0.2395,38.55,92,93,22688
1.8671,0.2395,38.58,92,93,22691
1.8964,0.2493,38.40,92,93,22694
1.8671,0.2493,38.52,92,93,22697
1.8866,0.2444,38.52,92,93,22702
1.8671,0.2395,38.58,92,93,22705
1.8719,0.2395,38.58,92,93,22708
1.9062,0.2493,38.46,92,93,22711
1.8915,0.2395,38.55,92,93,22715
1.9159,0.2395,38.43,92,93,22718
1.9013,0.2444,38.55,92,93,22721
1.9257,0.2395,38.65,92,93,22724
1.9550,0.2444,38.52,92,93,22728
1.9355,0.2395,38.55,92,93,22731
1.9453,0.2444,38.40,92,93,22734
1.9110,0.2395,38.46,92,93,22737
1.9013,0.2297,38.55,92,93,22742
1.9159,0.2493,38.43,92,93,22745
1.9110,0.2444,38.52,92,93,22748
1.8866,0.2395,38.43,92,93,22751
1.8426,0.2297,38.55,92,93,22755
1.8524,0.2395,38.55,92,93,22758
1.8719,0.2493,38.40,92,93,22761
1.8475,0.2395,38.55,92,93,22764
1.8964,0.2346,38.43,92,93,22768
1.8426,0.2395,38.43,92,93,22771
1.8377,0.2395,38.77,92,93,22774
1.8426,0.2297,38.52,92,93,22777
1.8328,0.2297,38.52,92,93,22781
1.8231,0.2444,37.68,92,93,22785
1.8133,0.2395,38.77,92,93,22788
1.8280,0.2297,38.55,92,93,22791
1.8573,0.2493,38.36,92,93,22795
1.8328,0.2395,38.58,92,93,22798
1.8328,0.2444,38.40,92,93,22801
1.8182,0.2395,38.55,92,93,22804
1.8182,0.2395,38.58,92,93,22808
1.8280,0.2542,38.43,92,93,22811
1.8133,0.2395,38.52,92,93,22814
1.8475,0.2444,38.43,92,93,22817
1.8377,0.2395,38.55,92,93,22821
1.8426,0.2346,38.58,92,93,22824
1.8573,0.2444,38.52,92,93,22828
1.8426,0.2444,38.55,92,93,22831
1.8964,0.2444,38.43,92,93,22835
1.8671,0.2444,38.55,92,93,22838
1.8719,0.2444,38.55,92,93,22841
1.9062,0.2493,38.40,92,93,22844
1.8671,0.2444,38.52,92,93,22848
1.8524,0.2395,38.43,92,93,22851
1.8035,0.2786,38.55,92,93,22854
1.7937,0.2297,38.55,92,93,22857
1.8280,0.2493,38.43,92,93,22861
1.8426,0.2395,38.52,92,93,22864
1.8719,0.2395,38.46,92,93,22867
1.8573,0.2395,38.55,92,93,22871
1.8377,0.2444,38.58,92,93,22875
1.8768,0.2493,38.46,92,93,22878
1.8866,0.2297,38.58,92,93,22881
1.9648,0.2346,38.46,92,93,22884
1.9306,0.2395,38.55,92,93,22888
1.9257,0.2395,38.65,92,93,22891
1.9599,0.2493,38.36,92,93,22894
1.9257,0.2297,38.52,92,93,22897
1.9062,0.2444,38.40,92,93,22901
1.8768,0.2395,38.55,92,93,22904
1.8964,0.2444,38.58,92,93,22907
1.9404,0.2688,38.40,92,93,22910
1.9110,0.2444,38.58,92,93,22915
1.9013,0.2444,38.43,92,93,22918
1.8622,0.2395,38.58,92,93,22921
1.8524,0.2688,38.62,92,93,22924
1.8915,0.2493,38.49,92,93,22928
1.8768,0.2444,38.55,92,93,22931
1.8964,0.2395,38.46,92,93,22934
1.8915,0.2395,38.49,92,93,22937
1.9159,0.2395,38.58,92,93,22941
1.9697,0.2542,38.40,92,93,22944
1.9550,0.2346,38.55,92,93,22947
1.9648,0.2395,38.49,92,93,22950
1.9453,0.2297,38.55,92,93,22955
1.9404,0.2395,38.55,92,93,22958
1.9697,0.2981,38.40,92,93,22961
1.9306,0.2444,38.52,92,93,22964
1.9159,0.2395,38.46,92,93,22968
1.8768,0.2688,38.58,92,93,22971
1.8622,0.2395,38.58,92,93,22974
1.8768,0.2297,38.43,92,93,22977
1.8280,0.2444,38.55,92,93,22981
1.8182,0.2395,38.46,92,93,22984
1.8182,0.2395,38.18,92,93,22987
1.8231,0.2297,38.58,92,93,22990
1.8377,0.2542,38.40,92,93,22994
1.8084,0.2444,38.49,92,93,22998
1.8231,0.2395,38.52,92,93,23001
1.8377,0.2395,38.58,92,93,23004
1.8671,0.2346,38.58,92,93,23008
1.9404,0.2493,38.36,92,93,23011
1.9599,0.2444,38.52,92,93,23014
2.0186,0.2444,38.46,92,93,23017
2.0723,0.2395,38.46,92,93,23021
2.1310,0.2395,38.33,92,93,23024
2.2287,0.2493,38.43,92,93,23027
2.2287,0.2395,38.55,92,93,23030
2.2630,0.2395,38.49,92,93,23034
2.2874,0.2395,38.55,92,93,23037
2.3314,0.2395,38.55,92,93,23041
2.4585,0.2542,38.33,92,93,23044
2.5024,0.2444,38.55,92,93,23048
2.5855,0.2395,38.46,92,93,23051
2.6833,0.2346,38.55,92,93,23054
2.8201,0.2395,38.58,92,93,23057
3.0352,0.2590,38.40,92,93,23061
3.0547,0.2444,37.83,92,93,23064
2.9863,0.2346,38.49,92,93,23067
2.7859,0.2493,38.55,92,93,23070
2.4291,0.2444,38.62,92,93,23074
2.0479,0.2590,38.46,92,93,23077
1.5836,0.2542,38.55,92,93,23080
1.2366,0.2346,38.52,92,93,23084
1.0117,0.2395,38.62,92,93,23088
0.8895,0.2395,38.58,92,93,23091
0.8944,0.2590,38.33,92,93,23094
0.9140,0.2493,38.49,92,93,23097
1.0362,0.2395,38.52,92,93,23100
1.1828,0.2395,38.55,92,93,23104
1.3196,0.2395,38.55,92,93,23107
1.4614,0.2542,38.33,92,93,23110
1.4858,0.2493,38.49,92,93,23113
1.5152,0.2346,38.55,92,93,23117
1.5543,0.2395,38.55,92,93,23120
1.5934,0.2395,38.55,92,93,23123
1.6764,0.2639,38.33,92,93,23128
1.6569,0.2542,38.49,92,93,23131
1.6520,0.2297,38.52,92,93,23134
1.6520,0.2444,38.55,92,93,23137
1.6422,0.2346,38.58,92,93,23140
1.7009,0.2590,38.27,92,93,23144
1.6764,0.2444,38.46,92,93,23147
1.6716,0.2346,38.55,92,93,23150
1.6813,0.2395,38.55,92,93,23153
1.6862,0.2297,38.55,92,93,23157
1.7351,0.2542,38.30,92,93,23160
1.6960,0.2444,38.43,92,93,23163
1.6960,0.2297,38.55,92,93,23166
1.7058,0.2444,38.55,92,93,23171
1.6960,0.2395,38.55,92,93,23174
1.7498,0.2639,38.30,92,93,23177
1.7058,0.2297,38.52,92,93,23180
1.7058,0.2688,38.52,92,93,23184
1.7009,0.2444,38.52,92,93,23187
1.6813,0.2395,38.58,92,93,23190
1.7302,0.2542,38.30,92,93,23193
1.7155,0.2444,38.43,92,93,23197
1.7302,0.2346,38.58,92,93,23200
1.7791,0.2395,38.55,92,93,23203
1.7302,0.2395,38.58,92,93,23206
1.7546,0.2297,38.27,92,93,23211
1.6813,0.2395,38.46,92,93,23214
1.6667,0.2444,38.55,92,93,23217
1.6569,0.2444,38.46,92,93,23220
1.6373,0.2395,38.58,92,93,23224
1.6911,0.2493,38.30,92,93,23227
1.6618,0.2395,38.52,92,93,23230
1.6569,0.2395,38.58,92,93,23233
1.6667,0.2444,38.52,92,93,23237
1.6716,0.2444,38.55,92,93,23240
1.7058,0.2542,38.27,92,93,23243
1.7204,0.2297,38.43,92,93,23248
1.7204,0.2444,38.52,92,93,23251
1.7546,0.2395,38.87,92,93,23255
1.7840,0.2297,38.55,92,93,23259
1.8133,0.2395,38.55,92,93,23262
1.8671,0.2542,38.43,92,93,23265
1.8524,0.2444,38.71,92,93,23268
1.8671,0.2395,38.46,92,93,23272
1.8817,0.2395,38.58,92,93,23275
1.9013,0.2395,38.58,92,93,23278
1.9501,0.2493,38.36,92,93,23281
1.9306,0.2444,38.49,92,93,23285
1.9306,0.2395,38.49,92,93,23288
1.9355,0.2444,38.52,92,93,23291
1.9453,0.2395,37.83,92,93,23294
2.0088,0.2542,38.40,92,93,23299
1.9892,0.2493,38.49,92,93,23302
1.9844,0.2395,38.49,92,93,23305
1.9795,0.2395,38.55,92,93,23308
1.9746,0.2346,38.58,92,93,23312
2.0381,0.2786,38.40,92,93,23315
2.0039,0.2444,38.52,92,93,23318
1.9990,0.2444,38.49,92,93,23321
1.9990,0.2444,38.52,92,93,23325
1.9941,0.2395,38.58,92,93,23328
2.0528,0.2493,38.36,92,93,23331
1.9990,0.2395,38.46,92,93,23334
1.9599,0.2346,38.49,92,93,23339
1.9257,0.2395,38.58,92,93,23342
1.8964,0.2395,38.55,92,93,23345
1.9355,0.2590,38.36,92,93,23348
1.8817,0.2444,38.52,92,93,23352
1.8622,0.2346,38.49,92,93,23355
1.8524,0.2395,38.55,92,93,23358
1.8328,0.2444,38.55,92,93,23361
1.8817,0.2590,38.30,92,93,23365
1.8426,0.2493,38.52,92,93,23368
1.8231,0.2346,38.46,92,93,23371
1.8231,0.2395,38.52,92,93,23374
1.8035,0.2395,38.62,92,93,23378
1.8524,0.2590,38.36,92,93,23382
1.7791,0.2542,38.49,92,93,23385
1.7546,0.2346,38.46,92,93,23388
1.7400,0.2395,38.58,92,93,23392
1.7351,0.2444,38.55,92,93,23395
1.7840,0.2590,38.36,92,93,23398
1.7498,0.2444,38.43,92,93,23401
1.7498,0.2297,38.52,92,93,23405
1.7644,0.2493,38.55,92,93,23408
1.7644,0.2444,38.55,92,93,23411
1.8328,0.2590,38.40,92,93,23414
1.7986,0.2444,38.46,92,93,23418
1.7742,0.2395,38.52,92,93,23421
1.7644,0.2444,38.52,92,93,23425
1.7546,0.2395,38.40,92,93,23428
1.8231,0.2590,38.33,92,93,23432
1.8035,0.2444,38.46,92,93,23435
1.7986,0.2346,38.52,92,93,23438
1.8035,0.2444,38.52,92,93,23441
1.7840,0.2395,38.55,92,93,23445
1.8182,0.2590,38.30,92,93,23448
1.7742,0.2395,37.80,92,93,23451
1.7986,0.2346,38.52,92,93,23454
1.7937,0.2493,38.52,92,93,23457
1.7889,0.2395,38.62,92,93,23461
1.8426,0.2590,38.33,92,93,23464
1.7986,0.2444,38.43,92,93,23468
1.7791,0.2346,38.55,92,93,23471
1.7840,0.2395,38.74,92,93,23475
1.7791,0.2395,38.58,92,93,23478
1.8328,0.2542,38.30,92,93,23481
1.8035,0.2444,38.46,92,93,23484
1.8182,0.2297,38.55,92,93,23488
1.8817,0.2395,38.55,92,93,23491
1.8573,0.2395,38.55,92,93,23494
1.9110,0.2542,38.30,92,93,23497
1.8573,0.2395,38.46,92,93,23501
1.8328,0.2395,38.55,92,93,23504
1.8182,0.2444,38.55,92,93,23507
1.8035,0.2395,38.62,92,93,23511
1.8524,0.2493,38.30,92,93,23515
1.8133,0.2444,38.46,92,93,23518
1.8035,0.2395,38.65,92,93,23521
1.8133,0.2444,38.55,92,93,23524
1.7986,0.2395,38.58,92,93,23528
1.8426,0.2590,38.24,92,93,23531
1.7986,0.2395,38.40,92,93,23534
1.7937,0.2395,38.58,92,93,23537
1.8035,0.2542,38.55,92,93,23541
1.8084,0.2395,38.58,92,93,23544
1.8964,0.2542,38.27,92,93,23547
1.8182,0.2346,38.49,92,93,23550
1.8182,0.2395,38.58,92,93,23555
1.8231,0.2444,38.55,92,93,23558
1.8182,0.2297,38.55,92,93,23561
1.8671,0.2542,38.27,92,93,23564
1.8328,0.2493,38.40,92,93,23568
1.8182,0.2395,38.58,92,93,23571
1.8231,0.2297,38.52,92,93,23574
1.8280,0.2346,38.55,92,93,23577
1.9013,0.2493,38.27,92,93,23581
1.8866,0.2395,38.43,92,93,23584
1.9110,0.2395,38.58,92,93,23587
1.9159,0.2639,38.55,92,93,23590
1.9062,0.2395,38.55,92,93,23595
1.9599,0.2542,38.30,92,93,23598
1.9062,0.2395,38.49,92,93,23601
1.8964,0.2395,38.58,92,93,23604
1.8768,0.2542,38.33,92,93,23608
1.8231,0.2346,38.55,92,93,23611
1.8377,0.2542,38.27,92,93,23614
1.7889,0.2444,38.43,92,93,23617
1.7742,0.2444,38.58,92,93,23621
1.7595,0.2444,38.49,92,93,23624
1.7351,0.2395,38.65,92,93,23627
1.7742,0.2493,38.30,92,93,23630
1.7302,0.2395,38.46,92,93,23634
1.7204,0.2688,38.52,92,93,23638
1.7302,0.2444,38.52,92,93,23641
1.7204,0.2395,38.55,92,93,23644
1.7351,0.2444,38.27,92,93,23648
1.6862,0.2346,38.46,92,93,23651
1.6911,0.2297,38.58,92,93,23654
1.7058,0.2493,38.55,92,93,23657
1.6813,0.2395,38.58,92,93,23661
1.7253,0.2493,38.30,92,93,23664
1.7058,0.2444,38.46,92,93,23667
1.7009,0.2346,38.55,92,93,23670
1.7253,0.2835,38.49,92,93,23674
1.7204,0.2395,38.62,92,93,23677
1.7693,0.2493,38.30,92,93,23681
1.7351,0.2395,38.49,92,93,23684
1.7449,0.2395,38.58,92,93,23688
1.7791,0.2444,38.55,92,93,23691
1.8280,0.2395,38.55,92,93,23694
1.8719,0.2444,38.30,92,93,23697
1.8964,0.2346,38.52,92,93,23701
1.9941,0.2395,38.58,92,93,23704
2.1408,0.2444,38.52,92,93,23707
2.3021,0.2297,38.55,92,93,23710
2.5758,0.2493,38.30,92,93,23714
2.7810,0.2297,38.46,92,93,23717
2.9863,0.2444,38.55,92,93,23720
3.1965,0.2542,38.49,92,93,23724
3.2307,0.2395,38.58,92,93,23728
3.2014,0.2395,38.27,92,93,23731
2.9032,0.2444,38.55,92,93,23734
2.5904,0.2395,38.58,92,93,23737
2.3216,0.2493,38.49,92,93,23741
2.0479,0.2395,38.65,92,93,23744
1.8768,0.2444,38.33,92,93,23747
1.6618,0.2395,38.55,92,93,23750
1.5347,0.2444,38.58,92,93,23754
1.4516,0.2444,38.52,92,93,23757
1.3783,0.2395,38.58,92,93,23760
1.3685,0.2444,38.33,92,93,23763
1.3343,0.2542,38.43,92,93,23768
1.3294,0.2395,38.74,92,93,23771
1.3636,0.2493,38.46,92,93,23774
1.3881,0.2297,38.55,92,93,23777
1.4663,0.2444,38.33,92,93,23781
1.4565,0.2346,38.55,92,93,23784
1.4761,0.2395,38.55,92,93,23787
1.5054,0.2493,38.49,92,93,23790
1.5152,0.2444,38.52,92,93,23794
1.5543,0.2493,38.30,92,93,23797
1.5347,0.2395,38.74,92,93,23800
1.5396,0.2395,38.58,92,93,23803
1.5396,0.2493,38.49,92,93,23808
1.5249,0.2444,38.62,92,93,23811
1.5591,0.2444,38.30,92,93,23814
1.5445,0.2297,38.46,92,93,23817
1.5445,0.2395,38.55,92,93,23821
1.5689,0.2493,38.46,92,93,23824
1.5640,0.2395,38.52,92,93,23827
1.6178,0.2444,38.36,92,93,23830
1.5934,0.2395,38.49,92,93,23834
1.6080,0.2395,38.49,92,93,23837
1.6325,0.2493,38.49,92,93,23840
1.6325,0.2395,38.55,92,93,23843
1.6764,0.2688,38.33,92,93,23847
1.6520,0.2444,38.62,92,93,23851
1.6569,0.2297,38.55,92,93,23854
1.6618,0.2493,38.49,92,93,23857
1.6667,0.2395,38.52,92,93,23862
1.6569,0.2395,38.58,92,93,23865
1.7155,0.2639,38.27,92,93,23869
1.6911,0.2444,38.46,92,93,23872
1.6960,0.2346,37.96,92,93,23875
1.7204,0.2297,38.52,92,93,23878
1.7253,0.2688,38.55,92,93,23882
1.7840,0.2542,38.58,92,93,23885
1.7400,0.2395,38.49,92,93,23888
1.7351,0.2444,38.55,92,93,23891
1.7400,0.2493,38.52,92,93,23896
1.7400,0.2395,38.55,92,93,23899
1.7889,0.2493,38.24,92,93,23902
1.7498,0.2395,38.49,92,93,23905
1.7400,0.2639,38.55,92,93,23909
1.7449,0.2493,38.52,92,93,23912
1.7351,0.2395,38.58,92,93,23915
1.7889,0.2493,38.27,92,93,23918
1.7498,0.2444,38.46,92,93,23922
1.7449,0.2493,38.58,92,93,23925
1.7546,0.2444,38.58,92,93,23928
1.7546,0.2395,38.55,92,93,23931
1.8035,0.2542,38.24,92,93,23936
1.7595,0.2444,38.49,92,93,23939
1.7644,0.2395,38.58,92,93,23942
1.7791,0.2395,38.55,92,93,23945
1.7742,0.2395,38.55,92,93,23949
1.7937,0.2542,38.21,92,93,23952
1.7546,0.2444,38.49,92,93,23955
1.7742,0.2346,38.58,92,93,23958
1.7595,0.2444,38.52,92,93,23962
1.7449,0.2493,38.55,92,93,23965
1.8035,0.2493,38.36,92,93,23968
1.7742,0.2395,38.46,92,93,23971
1.7889,0.2346,38.62,92,93,23975
1.8035,0.2542,38.52,92,93,23979
1.8182,0.2395,38.62,92,93,23982
1.8768,0.2297,38.27,92,93,23985
1.8426,0.2395,38.49,92,93,23989
1.8426,0.2493,38.65,92,93,23992
1.8524,0.2444,38.62,92,93,23995
1.8426,0.2395,38.55,92,93,23998
1.8915,0.2493,38.30,92,93,24002
1.8768,0.2493,38.46,92,93,24005
1.8671,0.2395,38.74,92,93,24008
1.8817,0.2444,38.55,92,93,24011
1.8768,0.2395,38.58,92,93,24015
1.9257,0.2542,38.27,92,93,24018
1.8915,0.2542,38.46,92,93,24022
1.8915,0.2395,38.65,92,93,24025
1.8964,0.2444,38.55,92,93,24029
1.8817,0.2444,38.55,92,93,24032
1.9257,0.2493,38.30,92,93,24035
1.8768,0.2395,38.52,92,93,24038
1.8817,0.2346,38.55,92,93,24042
1.8768,0.2444,38.52,92,93,24045
1.8573,0.2395,38.49,92,93,24048
1.9062,0.2493,38.27,92,93,24051
1.8768,0.2493,38.46,92,93,24055
1.8671,0.2395,38.62,92,93,24058
1.8817,0.2444,37.96,92,93,24061
1.8671,0.2395,38.55,92,93,24065
1.9159,0.2542,38.27,92,93,24069
1.8719,0.2444,38.52,92,93,24072
1.8622,0.2395,38.58,92,93,24075
1.8719,0.2444,38.49,92,93,24078
1.8622,0.2444,38.55,92,93,24082
1.9062,0.2493,38.21,92,93,24085
1.8524,0.2395,38.43,92,93,24088
1.8573,0.2297,38.55,92,93,24091
1.8866,0.2395,38.52,92,93,24095
1.8671,0.2444,38.55,92,93,24098
1.9208,0.2493,38.27,92,93,24101
1.8964,0.2444,38.52,92,93,24104
1.8768,0.2297,38.58,92,93,24109
1.9110,0.2444,38.52,92,93,24112
1.8573,0.2395,38.52,92,93,24115
1.9013,0.2493,38.27,92,93,24118
1.8524,0.2395,38.49,92,93,24122
1.8377,0.2346,38.55,92,93,24125
1.8426,0.2444,38.58,92,93,24128
1.8280,0.2395,38.58,92,93,24131
1.8768,0.2542,38.30,92,93,24135
1.8377,0.2542,38.49,92,93,24138
1.8622,0.2395,38.65,92,93,24141
1.8964,0.2444,38.52,92,93,24144
1.9062,0.2395,38.55,92,93,24148
1.9306,0.2590,38.30,92,93,24152
1.9013,0.2444,38.46,92,93,24155
1.8768,0.2444,38.55,92,93,24158
1.9208,0.2395,38.49,92,93,24162
1.8671,0.2395,38.52,92,93,24165
1.9013,0.2493,38.30,92,93,24168
1.8671,0.2444,38.49,92,93,24171
1.8573,0.2395,38.55,92,93,24175
1.8719,0.2493,38.49,92,93,24178
1.8573,0.2395,38.55,92,93,24181
1.9062,0.2639,38.36,92,93,24184
1.8622,0.2493,38.52,92,93,24188
1.8817,0.2395,38.52,92,93,24192
1.9159,0.2493,38.52,92,93,24195
1.9013,0.2395,38.58,92,93,24198
1.9501,0.2590,38.30,92,93,24202
1.9208,0.2444,38.46,92,93,24205
1.9062,0.2395,38.55,92,93,24208
1.9306,0.2542,38.49,92,93,24211
1.9208,0.2395,38.65,92,93,24215
1.9795,0.2297,38.33,92,93,24218
1.9550,0.2444,38.49,92,93,24221
1.9746,0.2639,38.62,92,93,24224
2.0088,0.2444,38.58,92,93,24228
1.9892,0.2346,38.58,92,93,24231
2.0235,0.2493,38.27,92,93,24235
1.9648,0.2346,38.58,92,93,24238
1.9648,0.2395,38.55,92,93,24242
1.9648,0.2542,38.46,92,93,24245
1.9110,0.2444,38.55,92,93,24248
1.9257,0.2493,38.33,92,93,24251
1.8768,0.2444,38.46,92,93,24255
1.8866,0.2395,38.55,92,93,24258
1.8768,0.2493,38.49,92,93,24261
1.8524,0.2835,38.62,92,93,24264
1.8915,0.2493,38.40,92,93,24268
1.8622,0.2297,38.52,92,93,24271
1.8426,0.2493,38.58,92,93,24274
1.8377,0.2493,38.36,92,93,24278
1.7986,0.2297,38.52,92,93,24282
1.8133,0.2395,38.36,92,93,24285
1.7644,0.2395,38.55,92,93,24288
1.7595,0.2395,38.55,92,93,24291
1.7937,0.2493,38.49,92,93,24295
1.7889,0.2395,38.55,92,93,24298
1.8280,0.2395,38.30,92,93,24301
1.8035,0.2493,38.46,92,93,24304
1.7742,0.2346,38.55,92,93,24308
1.7742,0.2493,38.46,92,93,24311
1.7498,0.2395,38.62,92,93,24314
1.7840,0.2444,38.33,92,93,24317
1.7595,0.2297,38.52,92,93,24322
1.7595,0.2395,38.62,92,93,24325
1.7986,0.2493,38.49,92,93,24328
1.8182,0.2297,38.58,92,93,24331
1.8915,0.2737,38.33,92,93,24335
1.8915,0.2542,38.52,92,93,24338
1.9550,0.2395,38.58,92,93,24341
2.0528,0.2493,38.46,92,93,24344
2.1261,0.2444,38.55,92,93,24348
2.2972,0.2444,38.36,92,93,24351
2.4438,0.2395,38.46,92,93,24354
2.6393,0.2395,38.55,92,93,24357
2.9032,0.2981,38.46,92,93,24361
3.0890,0.2395,38.55,92,93,24365
3.2698,0.2493,38.36,92,93,24368
3.2160,0.2395,38.52,92,93,24371
3.0499,0.2297,38.55,92,93,24375
2.7957,0.2346,38.46,92,93,24378
2.4829,0.2395,38.62,92,93,24381
2.2483,0.2395,38.40,92,93,24384
2.0235,0.2395,38.55,92,93,24388
1.8231,0.2395,38.55,92,93,24391
1.6960,0.2493,38.46,92,93,24394
1.5640,0.2395,38.55,92,93,24397
1.5054,0.2639,38.36,92,93,24401
1.4418,0.2395,38.40,92,93,24404
1.4174,0.2395,38.55,92,93,24408
1.4125,0.2444,38.43,92,93,24411
1.3978,0.2444,38.55,92,93,24415
1.4370,0.2395,38.33,92,93,24418
1.4321,0.2395,38.52,92,93,24421
1.4467,0.2395,38.58,92,93,24424
1.4712,0.2395,38.46,92,93,24428
1.4809,0.2395,37.77,92,93,24431
1.5396,0.2395,38.40,92,93,24434
1.5298,0.2395,38.55,92,93,24437
1.5591,0.2395,38.46,92,93,24441
1.5885,0.2297,38.46,92,93,24444
1.5836,0.2297,38.55,92,93,24448
1.6129,0.2395,38.40,92,93,24451
1.5982,0.2395,38.55,92,93,24455
1.6129,0.2395,38.62,92,93,24458
1.6178,0.2444,38.43,92,93,24461
1.6178,0.2444,38.55,92,93,24464
1.6325,0.2444,38.36,92,93,24468
1.5982,0.2493,38.33,92,93,24471
1.6325,0.2346,38.62,92,93,24475
1.6618,0.2395,38.58,92,93,24479
1.6960,0.2493,38.52,92,93,24482
1.6911,0.2395,38.46,92,93,24485
1.7302,0.2493,38.30,92,93,24488
1.7009,0.2493,38.46,92,93,24493
1.6813,0.2395,38.58,92,93,24496
1.6911,0.2493,38.49,92,93,24499
1.6764,0.2395,38.55,92,93,24502
1.7204,0.2786,38.30,92,93,24506
1.7058,0.2444,38.62,92,93,24509
1.7107,0.2395,38.62,92,93,24512
1.7400,0.2542,38.49,92,93,24515
1.7302,0.2395,38.55,92,93,24519
1.7644,0.2395,38.30,92,93,24522
1.7595,0.2346,38.55,92,93,24525
1.7302,0.2395,37.93,92,93,24528
1.7351,0.2444,38.52,92,93,24532
1.7204,0.2395,38.52,92,93,24536
1.7546,0.2493,38.36,92,93,24539
1.7351,0.2444,38.46,92,93,24542
1.7302,0.2395,38.58,92,93,24546
1.7546,0.2493,38.49,92,93,24549
1.7449,0.2346,38.55,92,93,24552
1.7742,0.2444,38.43,92,93,24555
1.7449,0.2444,38.58,92,93,24559
1.7693,0.2346,38.58,92,93,24562
1.7595,0.2590,38.49,92,93,24565
1.7546,0.2395,38.58,92,93,24568
1.7937,0.2444,38.43,92,93,24572
1.7742,0.2444,38.62,92,93,24576
1.7742,0.2590,38.62,92,93,24579
1.7889,0.2493,38.58,92,93,24582
1.7742,0.2395,38.55,92,93,24586
1.8182,0.2542,38.33,92,93,24589
1.7986,0.2444,38.49,92,93,24592
1.7986,0.2395,38.46,92,93,24595
1.8280,0.2493,38.71,92,93,24599
1.8133,0.2395,38.55,92,93,24602
1.8866,0.2493,38.33,92,93,24605
1.8475,0.2248,38.52,92,93,24608
1.8524,0.2395,38.62,92,93,24612
1.8768,0.2493,38.46,92,93,24615
1.8671,0.2444,38.55,92,93,24619
1.9110,0.2444,38.40,92,93,24622
1.8866,0.2395,38.58,92,93,24626
1.9159,0.2444,38.52,92,93,24629
1.9404,0.2444,38.49,92,93,24632
1.9306,0.2395,38.52,92,93,24635
1.9795,0.2297,38.36,92,93,24639
1.9697,0.2493,38.49,92,93,24642
1.9599,0.2395,38.52,92,93,24645
1.9648,0.2493,38.43,92,93,24648
1.9110,0.2297,38.55,92,93,24652
1.9208,0.2444,38.33,92,93,24655
1.8622,0.2395,38.46,92,93,24658
1.8426,0.2395,38.68,92,93,24662
1.8573,0.2493,38.46,92,93,24666
1.8328,0.2346,38.55,92,93,24669
1.8671,0.2444,38.40,92,93,24672
1.8377,0.2395,38.58,92,93,24675
1.8475,0.2395,38.55,92,93,24679
1.8719,0.2639,38.46,92,93,24682
1.8622,0.2444,38.58,92,93,24685
1.9013,0.2444,38.33,92,93,24688
1.8768,0.2444,38.46,92,93,24692
1.8719,0.2542,38.62,92,93,24695
1.8866,0.2542,38.43,92,93,24698
1.8671,0.2395,38.55,92,93,24701
1.8964,0.2444,38.33,92,93,24706
1.8573,0.2395,38.46,92,93,24709
1.8622,0.2444,38.62,92,93,24712
1.8719,0.2493,38.49,92,93,24715
1.8573,0.2395,38.58,92,93,24719
1.8866,0.2444,38.33,92,93,24722
1.8475,0.2346,38.55,92,93,24725
1.8475,0.2395,38.55,92,93,24728
1.8671,0.2297,38.33,92,93,24732
1.8426,0.2297,38.55,92,93,24735
1.8671,0.2542,38.33,92,93,24738
1.8475,0.2395,38.40,92,93,24741
1.8426,0.2395,38.55,92,93,24745
1.8671,0.2297,38.46,92,93,24749
1.8475,0.2346,38.55,92,93,24752
1.8768,0.2444,38.40,92,93,24755
1.8475,0.2444,38.49,92,93,24759
1.8475,0.2395,38.58,92,93,24762
1.8671,0.2444,38.46,92,93,24765
1.8573,0.2395,38.55,92,93,24768
1.9013,0.2395,38.40,92,93,24772
1.8817,0.2346,38.55,92,93,24775
1.8915,0.2395,38.58,92,93,24778
1.9110,0.2493,38.43,92,93,24781
1.8817,0.2297,38.55,92,93,24785
1.9062,0.2444,38.36,92,93,24788
1.8817,0.2395,38.68,92,93,24792
1.8817,0.2395,38.58,92,93,24795
1.9013,0.2444,38.43,92,93,24799
1.9013,0.2395,38.55,92,93,24802
1.9404,0.2395,38.30,92,93,24805
1.9110,0.2444,38.49,92,93,24808
1.9208,0.2395,38.58,92,93,24812
1.9306,0.2444,38.46,92,93,24815
1.9159,0.2395,38.55,92,93,24818
1.9159,0.2444,38.40,92,93,24821
1.8768,0.2395,38.55,92,93,24825
1.8768,0.2346,38.58,92,93,24828
1.8915,0.2493,38.43,92,93,24832
1.8622,0.2444,38.55,92,93,24835
1.8915,0.2395,38.33,92,93,24839
1.8768,0.2395,38.49,92,93,24842
1.8866,0.2395,38.58,92,93,24845
1.9159,0.2444,38.43,92,93,24848
1.8915,0.2395,38.55,92,93,24852
1.9208,0.2395,38.40,92,93,24855
1.9159,0.2395,38.49,92,93,24858
1.9062,0.2542,38.62,92,93,24861
1.9453,0.2395,38.55,92,93,24865
1.9599,0.2297,38.55,92,93,24868
2.0137,0.2395,38.40,92,93,24871
2.0039,0.2639,38.62,92,93,24875
2.0039,0.2395,38.55,92,93,24879
2.0235,0.2444,38.43,92,93,24882
1.9795,0.2395,38.52,92,93,24885
1.9844,0.2395,38.40,92,93,24888
1.9306,0.2444,38.49,92,93,24892
1.9062,0.2395,38.58,92,93,24895
1.8964,0.2444,38.46,92,93,24898
1.8573,0.2395,38.58,92,93,24901
1.8719,0.2542,38.43,92,93,24905
1.8328,0.2395,38.49,92,93,24908
1.8231,0.2297,38.58,92,93,24911
1.8328,0.2493,38.46,92,93,24914
1.8182,0.2395,38.52,92,93,24919
1.8377,0.2395,38.46,92,93,24922
1.8035,0.2395,38.58,92,93,24925
1.8084,0.2395,38.62,92,93,24928
1.8328,0.2493,38.52,92,93,24932
1.8084,0.2395,38.55,92,93,24935
1.8426,0.2444,38.46,92,93,24938
1.8133,0.2346,38.52,92,93,24941
1.8133,0.2395,38.62,92,93,24945
1.8377,0.2444,38.46,92,93,24948
1.8475,0.2395,38.55,92,93,24951
1.8426,0.2444,38.46,92,93,24954
1.8231,0.2395,38.55,92,93,24958
1.8328,0.2395,38.58,92,93,24962
1.8377,0.2395,38.49,92,93,24965
1.8182,0.2395,38.58,92,93,24968
1.8377,0.2297,38.46,92,93,24972
1.8035,0.2297,38.55,92,93,24975
1.8280,0.2346,38.58,92,93,24978
1.8964,0.2493,38.52,92,93,24981
1.9257,0.2395,38.68,92,93,24985
2.0381,0.2493,38.43,92,93,24988
2.1114,0.2688,38.49,92,93,24991
2.2630,0.2395,38.55,92,93,24994
2.4927,0.2493,38.46,92,93,24998
2.7028,0.2395,38.52,92,93,25001
2.9912,0.2493,38.43,92,93,25005
3.1867,0.2395,38.55,92,93,25008
3.3187,0.2346,38.68,92,93,25012
3.3187,0.2395,38.49,92,93,25015
3.1085,0.2395,38.55,92,93,25018
2.8592,0.2395,38.43,92,93,25021
2.4731,0.2395,38.55,92,93,25025
2.1945,0.2346,38.58,92,93,25028
1.9941,0.2493,38.43,92,93,25031
1.7840,0.2297,38.55,92,93,25034
1.6618,0.2542,38.43,92,93,25038
1.5396,0.2395,38.65,92,93,25041
1.4809,0.2395,38.58,92,93,25044
1.4663,0.2493,38.49,92,93,25048
1.4174,0.2395,38.55,92,93,25052
1.4174,0.2493,38.46,92,93,25055
1.3930,0.2395,38.55,92,93,25058
1.4174,0.2395,38.58,92,93,25061
1.4516,0.2395,38.46,92,93,25065
1.4761,0.2395,38.55,92,93,25068
1.5249,0.2444,38.43,92,93,25071
1.5103,0.2395,38.55,92,93,25074
1.5249,0.2297,38.58,92,93,25078
1.5591,0.2493,38.58,93,93,25081
1.6276,0.2444,38.46,93,93,25085
1.6129,0.2493,38.55,93,93,25090
1.6373,0.2444,38.43,93,93,25093
1.6325,0.2395,38.55,93,93,25096
1.6471,0.2346,38.58,93,93,25099
1.6667,0.2395,38.46,93,93,25103
1.6569,0.2395,38.58,93,93,25106
1.6862,0.2395,38.36,93,93,25109
1.6618,0.2395,38.55,93,93,25113
1.6960,0.2346,38.58,93,93,25116
1.6960,0.2493,38.62,93,93,25119
1.6960,0.2395,38.65,93,93,25122
1.7253,0.2395,38.36,93,93,25125
1.7204,0.2346,38.49,93,93,25129
1.7058,0.2395,37.90,93,93,25133
1.7351,0.2444,38.49,93,93,25136
1.7400,0.2395,38.55,93,93,25140
1.7644,0.2395,38.33,93,93,25143
1.7400,0.2395,38.62,93,93,25146
1.7449,0.2346,38.58,93,93,25149
1.7840,0.2444,38.49,93,93,25152
1.7889,0.2395,38.08,93,93,25156
1.8182,0.2444,38.40,93,93,25159
1.8035,0.2395,38.55,93,93,25162
1.7742,0.2395,38.62,93,93,25165
1.7840,0.2297,38.49,93,93,25169
1.7546,0.2395,38.55,93,93,25172
1.7742,0.2395,38.33,93,93,25176
1.7498,0.2297,38.52,93,93,25179
1.7595,0.2346,38.55,93,93,25183
1.7791,0.2444,38.49,93,93,25186
1.7498,0.2395,38.52,93,93,25189
1.7840,0.2395,38.40,93,93,25192
1.7693,0.2346,38.49,93,93,25196
1.7840,0.2346,38.58,93,93,25199
1.7986,0.2395,38.46,93,93,25202
1.7791,0.2444,38.68,93,93,25205
1.7889,0.2395,38.43,93,93,25209
1.7546,0.2395,38.58,93,93,25212
1.7791,0.2346,38.55,93,93,25216
1.8231,0.2444,38.46,93,93,25219
1.8035,0.2395,38.55,93,93,25223
1.8280,0.2395,38.46,93,93,25226
1.8035,0.2346,38.49,93,93,25229
1.8035,0.2297,38.55,93,93,25232
1.8182,0.2444,38.49,93,93,25236
1.8084,0.2395,38.55,93,93,25239
1.8426,0.2346,38.43,93,93,25242
1.8133,0.2346,38.55,93,93,25245
1.8182,0.2346,38.68,93,93,25249
1.8377,0.2395,38.52,93,93,25252
1.8280,0.2346,38.55,93,93,25255
1.8719,0.2395,38.52,93,93,25259
1.8573,0.2395,38.55,93,93,25263
1.8719,0.2346,38.55,93,93,25266
1.9062,0.2395,38.43,93,93,25269
1.9013,0.2346,38.55,93,93,25272
1.9208,0.2395,38.46,93,93,25276
1.9013,0.2346,38.52,93,93,25279
1.9355,0.2346,38.58,93,93,25282
1.9453,0.2444,38.46,93,93,25285
1.9404,0.2395,38.58,93,93,25289
1.9844,0.2395,38.43,93,93,25292
1.9599,0.2346,38.55,93,93,25295
1.9550,0.2346,38.55,93,93,25298
1.9599,0.2395,38.49,93,93,25303
1.9355,0.2395,38.55,93,93,25306
1.9501,0.2493,38.46,93,93,25309
1.9013,0.2737,38.58,93,93,25312
1.8964,0.2346,38.55,93,93,25316
1.9159,0.2444,38.43,93,93,25319
1.9013,0.2444,38.55,93,93,25322
1.9013,0.2444,38.52,93,93,25325
1.8622,0.2346,38.52,93,93,25329
1.8671,0.2346,38.55,93,93,25332
1.8866,0.2395,38.43,93,93,25335
1.8671,0.2395,38.55,93,93,25338
1.9159,0.2493,38.46,93,93,25342
1.9013,0.2395,38.58,93,93,25346
1.8964,0.2346,38.58,93,93,25349
1.8915,0.2395,38.49,93,93,25352
1.9062,0.2395,38.55,93,93,25356
1.8671,0.2590,38.43,93,93,25359
1.8133,0.2395,38.52,93,93,25362
1.7986,0.2297,38.55,93,93,25365
1.8133,0.2444,38.43,93,93,25369
1.7791,0.2444,38.55,93,93,25372
1.8084,0.2444,38.36,93,93,25375
1.7937,0.2395,38.55,93,93,25378
1.7986,0.2346,38.55,93,93,25382
1.8280,0.2493,38.49,93,93,25385
1.8231,0.2395,38.55,93,93,25389
1.8719,0.2444,38.43,93,93,25392
1.8524,0.2346,38.52,93,93,25396
1.8377,0.2346,38.58,93,93,25399
1.8524,0.2395,38.49,93,93,25402
1.8524,0.2444,38.55,93,93,25405
1.8475,0.2444,38.43,93,93,25409
1.8035,0.2395,38.46,93,93,25412
1.8182,0.2346,38.55,93,93,25415
1.8768,0.2395,38.43,93,93,25418
1.8719,0.2395,38.55,93,93,25422
1.8915,0.2444,38.43,93,93,25425
1.8671,0.2346,38.65,93,93,25428
1.8719,0.2297,38.58,93,93,25432
1.8866,0.2444,38.49,93,93,25436
1.8817,0.2444,38.58,93,93,25439
1.9110,0.2444,38.49,93,93,25442
1.8915,0.2346,38.55,93,93,25445
1.9257,0.2346,38.55,93,93,25449
1.9208,0.2444,38.52,93,93,25452
1.9110,0.2395,38.55,93,93,25455
1.9501,0.2395,38.43,93,93,25458
1.9062,0.2346,38.55,93,93,25462
1.9110,0.2346,38.52,93,93,25465
1.9550,0.2493,38.43,93,93,25468
1.9208,0.2297,38.52,93,93,25472
1.9306,0.2346,38.40,93,93,25476
1.8964,0.2395,38.52,93,93,25479
1.9208,0.2346,38.55,93,93,25482
1.9208,0.2542,38.46,93,93,25485
1.9159,0.2395,38.62,93,93,25489
1.9501,0.2395,38.43,93,93,25492
1.9550,0.2346,38.55,93,93,25495
1.9404,0.2297,38.52,93,93,25498
1.9501,0.2444,38.62,93,93,25502
1.9355,0.2395,38.62,93,93,25505
1.9599,0.2493,38.40,93,93,25508
1.9453,0.2395,38.62,93,93,25511
1.9648,0.2346,38.62,93,93,25516
2.0137,0.2444,38.40,93,93,25519
1.9746,0.2444,38.55,93,93,25522
1.9795,0.2688,38.40,93,93,25525
1.9355,0.2346,38.62,93,93,25529
1.9208,0.2346,38.58,93,93,25532
1.9159,0.2395,38.43,93,93,25535
1.8768,0.2395,38.52,93,93,25538
1.8817,0.2297,38.43,93,93,25542
1.8475,0.2346,38.55,93,93,25545
1.8524,0.2444,38.55,93,93,25548
1.8866,0.2444,38.40,93,93,25551
1.8817,0.2395,38.55,93,93,25555
1.9159,0.2395,38.43,93,93,25559
1.8719,0.2395,38.55,93,93,25562
1.8280,0.2395,38.58,93,93,25565
1.8475,0.2444,38.40,93,93,25569
1.8182,0.2395,38.52,93,93,25572
1.8377,0.2835,38.43,93,93,25575
1.8231,0.2346,38.55,93,93,25578
1.8231,0.2346,38.55,93,93,25582
1.8719,0.2395,38.43,93,93,25585
1.8035,0.2444,38.49,93,93,25588
1.8182,0.2395,38.43,93,93,25591
1.7937,0.2297,38.55,93,93,25595
1.7889,0.2346,38.55,93,93,25598
1.7889,0.2493,38.55,93,93,25602
1.7644,0.2395,38.62,93,93,25605
1.7937,0.2395,38.43,93,93,25609
1.7937,0.2297,38.55,93,93,25612
1.8231,0.2542,38.55,93,93,25615
1.8964,0.2444,38.43,93,93,25618
1.9306,0.2395,38.55,93,93,25622
2.0235,0.2395,38.49,93,93,25625
2.0968,0.2444,38.55,93,93,25628
2.2532,0.2346,38.55,93,93,25631
2.4927,0.2297,38.43,93,93,25635
2.7077,0.2639,38.55,93,93,25638
2.9814,0.2395,38.43,93,93,25641
3.1916,0.2395,38.55,93,93,25645
3.3480,0.2346,38.55,93,93,25649
3.4164,0.2444,38.33,93,93,25652
3.2356,0.2395,38.52,93,93,25655
2.9570,0.2395,38.46,93,93,25658
2.5904,0.2346,38.55,93,93,25662
2.2825,0.2346,38.52,93,93,25665
2.0674,0.2444,38.36,93,93,25668
1.8426,0.2395,38.52,93,93,25671
1.6862,0.2346,38.43,93,93,25675
1.5494,0.2395,38.55,93,93,25678
1.4565,0.2346,38.55,93,93,25681
1.4223,0.2493,38.55,93,93,25684
1.3636,0.2395,38.65,93,93,25689
1.3441,0.2297,38.46,93,93,25692
1.3294,0.2346,38.55,93,93,25695
1.4418,0.2346,38.71,93,93,25700
1.4663,0.2297,38.55,93,93,25703
1.4956,0.2444,38.43,93,93,25706
1.5054,0.2346,38.55,93,93,25710
1.5494,0.2395,38.49,93,93,25713
1.5396,0.2297,38.52,93,93,25716
1.5640,0.2346,38.55,93,93,25719
1.5982,0.2444,38.46,93,93,25723
1.6031,0.2346,38.62,93,93,25726
1.6471,0.2444,38.46,93,93,25730
1.6227,0.2346,38.55,93,93,25733
1.6325,0.2395,38.55,93,93,25737
1.6569,0.2395,38.49,93,93,25740
1.6569,0.2346,38.58,93,93,25743
1.6813,0.2542,38.46,93,93,25746
1.6520,0.2346,38.55,93,93,25750
1.6471,0.2346,38.62,93,93,25753
1.6667,0.2444,38.43,93,93,25756
1.6373,0.2395,38.58,93,93,25759
1.6618,0.2395,38.43,93,93,25763
1.6422,0.2297,38.52,93,93,25766
1.6471,0.2297,38.58,93,93,25769
1.6716,0.2395,38.49,93,93,25773
1.6471,0.2346,38.55,93,93,25777
1.6764,0.2444,38.46,93,93,25780
1.6618,0.2346,38.55,93,93,25783
1.6667,0.2248,38.58,93,93,25786
1.6764,0.2346,38.46,93,93,25790
1.6813,0.2346,38.58,93,93,25793
1.7204,0.2493,38.46,93,93,25796
1.7155,0.2297,38.52,93,93,25799
1.7302,0.2346,38.55,93,93,25803
1.7644,0.2493,38.43,93,93,25806
1.7498,0.2346,38.55,93,93,25809
1.7693,0.2444,38.49,93,93,25812
1.7449,0.2346,38.58,93,93,25817
1.7498,0.2346,38.55,93,93,25820
1.7889,0.2493,38.46,93,93,25823
1.7644,0.2395,38.40,93,93,25826
1.7889,0.2395,38.43,93,93,25830
1.7595,0.2346,38.58,93,93,25833
1.7546,0.2395,38.62,93,93,25836
1.7595,0.2395,38.49,93,93,25839
1.7400,0.2346,38.58,93,93,25843
1.7595,0.2542,38.40,93,93,25846
1.7253,0.2346,38.71,93,93,25849
1.7204,0.2297,38.55,93,93,25852
1.7351,0.2493,38.46,93,93,25857
1.7204,0.2444,38.55,93,93,25860
1.7400,0.2590,38.40,93,93,25863
1.7155,0.2297,38.58,93,93,25866
1.7498,0.2346,38.65,93,93,25870
1.7546,0.2395,38.46,93,93,25873
1.7400,0.2346,38.68,93,93,25876
1.7791,0.2395,38.43,93,93,25879
1.7693,0.2395,38.58,93,93,25883
1.7840,0.2346,38.55,93,93,25886
1.8133,0.2444,38.49,93,93,25889
1.7986,0.2297,38.55,93,93,25892
1.8133,0.2346,38.40,93,93,25896
1.7889,0.2395,38.55,93,93,25900
1.7889,0.2346,38.46,93,93,25903
1.8231,0.2297,38.40,93,93,25906
1.8035,0.2297,38.55,93,93,25910
1.8328,0.2493,38.40,93,93,25913
1.8182,0.2346,38.58,93,93,25916
1.8328,0.2346,38.58,93,93,25919
1.8524,0.2444,38.46,93,93,25923
1.8426,0.2346,38.62,93,93,25926
1.8622,0.2395,38.40,93,93,25929
1.8231,0.2346,38.58,93,93,25932
1.8182,0.2346,38.55,93,93,25936
1.8280,0.2444,38.52,93,93,25939
1.8182,0.2395,38.55,93,93,25943
1.8328,0.2346,38.43,93,93,25946
1.8133,0.2444,38.55,93,93,25950
1.8231,0.2346,38.49,93,93,25953
1.8524,0.2297,38.40,93,93,25956
1.8377,0.2395,38.52,93,93,25959
1.8426,0.2639,38.40,93,93,25963
1.8231,0.2346,38.65,93,93,25966
1.8231,0.2346,38.55,93,93,25969
1.8377,0.2493,38.43,93,93,25972
1.8084,0.2493,38.52,93,93,25976
1.8133,0.2395,38.43,93,93,25979
1.7937,0.2346,38.55,93,93,25982
1.7840,0.2346,38.55,93,93,25986
1.8035,0.2395,38.52,93,93,25990
1.7889,0.2395,38.52,93,93,25993
1.8084,0.2444,38.43,93,93,25996
1.8084,0.2346,38.68,93,93,25999
1.8328,0.2346,38.65,93,93,26003
1.8719,0.2297,38.43,93,93,26006
1.8231,0.2395,38.55,93,93,26009
1.8133,0.2444,38.46,93,93,26012
1.7693,0.2346,38.55,93,93,26016
1.7449,0.2346,38.58,93,93,26019
1.7498,0.2395,38.40,93,93,26022
1.7107,0.2395,38.52,93,93,26025
1.7155,0.2395,38.46,93,93,26030
1.7009,0.2395,38.55,93,93,26033
1.7351,0.2346,38.55,93,93,26036
1.7400,0.2444,38.33,93,93,26039
1.7400,0.2444,38.55,93,93,26043
1.7595,0.2444,38.49,93,93,26046
1.7498,0.2395,38.58,93,93,26049
1.7595,0.2346,38.58,93,93,26052
1.7986,0.2493,38.36,93,93,26055
1.7791,0.2493,38.52,93,93,26059
1.7937,0.2395,38.43,93,93,26062
1.7840,0.2346,38.55,93,93,26065
1.7937,0.2346,38.55,93,93,26068
1.8426,0.2444,38.24,93,93,26073
1.8328,0.2395,38.55,93,93,26076
1.8426,0.2395,38.43,93,93,26079
1.8280,0.2395,38.58,93,93,26082
1.8231,0.2346,38.55,93,93,26086
1.8524,0.2493,38.49,93,93,26089
1.8231,0.2444,38.52,93,93,26092
1.8231,0.2346,38.52,93,93,26095
1.8133,0.2346,38.52,93,93,26099
1.8182,0.2346,38.58,93,93,26102
1.8622,0.2444,38.40,93,93,26105
1.8524,0.2395,38.49,93,93,26108
1.8671,0.2346,38.46,93,93,26113
1.8573,0.2346,38.55,93,93,26116
1.8671,0.2346,38.62,93,93,26119
1.9062,0.2444,38.49,93,93,26122
1.8768,0.2297,38.52,93,93,26126
1.8915,0.2444,38.46,93,93,26129
1.8573,0.2395,38.62,93,93,26132
1.8524,0.2346,38.58,93,93,26135
1.8866,0.2493,38.43,93,93,26139
1.8866,0.2395,38.52,93,93,26142
1.8671,0.2346,38.46,93,93,26145
1.8719,0.2395,38.62,93,93,26148
1.8817,0.2297,38.55,93,93,26152
1.9453,0.2444,38.36,93,93,26156
1.9208,0.2444,38.49,93,93,26159
1.9110,0.2346,38.55,93,93,26162
1.8915,0.2297,38.55,93,93,26166
1.8719,0.2444,38.55,93,93,26169
1.8866,0.2444,38.33,93,93,26172
1.8426,0.2395,38.49,93,93,26175
1.8231,0.2346,38.46,93,93,26179
1.8133,0.2444,38.55,93,93,26182
1.8133,0.2590,38.62,93,93,26185
1.8524,0.2542,38.43,93,93,26188
1.8328,0.2395,38.49,93,93,26192
1.8133,0.2346,38.46,93,93,26195
1.7742,0.2395,38.65,93,93,26199
1.7449,0.2346,38.55,93,93,26202
1.7498,0.2639,38.36,93,93,26206
1.7058,0.2493,38.46,93,93,26209
1.6911,0.2346,38.46,93,93,26212
1.6813,0.2346,38.55,93,93,26215
1.6813,0.2395,38.55,93,93,26219
1.7204,0.2493,38.49,93,93,26222
1.6960,0.2395,38.52,93,93,26225
1.6862,0.2346,38.49,93,93,26228
1.6813,0.2395,38.52,93,93,26232
1.6813,0.2346,38.55,93,93,26235
1.7400,0.2493,38.43,93,93,26238
1.7155,0.2444,38.55,93,93,26242
1.7204,0.2346,38.52,93,93,26246
1.7204,0.2395,38.62,93,93,26249
1.7253,0.2346,38.62,93,93,26252
1.7937,0.2493,38.33,93,93,26255
1.7937,0.2444,38.40,93,93,26259
1.8231,0.2346,38.43,93,93,26262
1.9062,0.2346,38.55,93,93,26265
1.9355,0.2346,38.65,93,93,26268
2.0968,0.2493,38.40,93,93,26272
2.1945,0.2395,38.52,93,93,26275
2.3656,0.2297,38.52,93,93,26278
2.5855,0.2346,38.55,93,93,26281
2.8201,0.2346,38.58,93,93,26286
3.1232,0.2590,38.36,93,93,26289
3.2160,0.2444,38.74,93,93,26292
3.2063,0.2346,38.52,93,93,26295
3.0499,0.2395,38.52,93,93,26299
2.7615,0.2297,38.58,93,93,26302
2.5220,0.2542,38.33,93,93,26305
1.4809,0.2395,38.43,93,93,26310
1.4027,0.2395,38.55,93,93,26313
1.3978,0.2346,38.43,93,93,26316
1.3539,0.2639,38.55,93,93,26320
1.3636,0.2346,38.58,93,93,26323
1.4027,0.2444,38.52,93,93,26327
1.3978,0.2395,38.52,93,93,26330
1.4321,0.2395,38.49,93,93,26334
1.4174,0.2688,38.62,93,93,26337
1.4174,0.2346,38.58,93,93,26340
1.4565,0.2395,38.43,93,93,26343
1.4565,0.2395,38.52,93,93,26347
1.4467,0.2346,38.58,93,93,26350
1.4516,0.2297,38.55,93,93,26353
1.4809,0.2346,38.58,93,93,26356
1.5103,0.2444,38.40,93,93,26360
1.5005,0.2395,38.55,93,93,26363
1.5249,0.2346,38.43,93,93,26366
1.5103,0.2346,38.58,93,93,26370
1.5152,0.2444,38.55,93,93,26374
1.5494,0.2444,38.52,93,93,26377
1.5494,0.2297,38.55,93,93,26380
1.5934,0.2395,38.46,93,93,26383
1.5836,0.2395,38.58,93,93,26387
1.5982,0.2346,38.52,93,93,26390
1.6422,0.2444,38.40,93,93,26393
1.6373,0.2395,38.52,93,93,26396
1.6373,0.2395,38.49,93,93,26400
1.6276,0.2346,38.55,93,93,26403
1.6276,0.2346,38.58,93,93,26406
1.6667,0.2444,38.43,93,93,26409
1.6471,0.2395,38.52,93,93,26414
1.6569,0.2297,38.49,93,93,26417
1.6618,0.2346,38.58,93,93,26420
1.6325,0.2346,38.58,93,93,26423
1.6618,0.2444,38.40,93,93,26427
1.6471,0.2297,38.52,93,93,26430
1.6520,0.2297,38.43,93,93,26433
1.6471,0.2542,38.58,93,93,26436
1.6471,0.2297,38.55,93,93,26440
1.6813,0.2493,38.43,93,93,26443
1.7058,0.2444,38.49,93,93,26446
1.6911,0.2346,38.52,93,93,26449
1.6862,0.2346,38.58,93,93,26454
1.6911,0.2346,38.55,93,93,26457
1.7302,0.2395,38.40,93,93,26460
1.7155,0.2395,38.49,93,93,26463
1.7302,0.2346,38.46,93,93,26467
1.7302,0.2346,38.58,93,93,26470
1.7449,0.2346,38.52,93,93,26473
1.7840,0.2444,38.40,93,93,26476
1.7595,0.2395,38.52,93,93,26480
1.7449,0.2297,38.55,93,93,26483
1.7302,0.2346,38.58,93,93,26486
1.7302,0.2346,38.55,93,93,26489
1.7840,0.2444,38.36,93,93,26493
1.7889,0.2444,38.49,93,93,26497
1.7693,0.2346,38.43,93,93,26500
1.7791,0.2346,38.55,93,93,26503
1.8035,0.2346,38.58,93,93,26507
1.8573,0.2444,38.36,93,93,26510
1.8328,0.2737,38.52,93,93,26513
1.8182,0.2346,38.46,93,93,26516
1.7693,0.2395,38.55,93,93,26520
1.7498,0.2346,38.55,93,93,26523
1.7742,0.2493,38.43,93,93,26526
1.7449,0.2395,38.58,93,93,26529
1.7449,0.2346,38.46,93,93,26533
1.7400,0.2395,38.58,93,93,26536
1.7449,0.2297,38.58,93,93,26540
1.7937,0.2444,38.40,93,93,26543
1.7889,0.2395,38.49,93,93,26547
1.7840,0.2346,38.55,93,93,26550
1.7937,0.2395,38.58,93,93,26553
1.8035,0.2297,38.58,93,93,26556
1.8573,0.2542,38.40,93,93,26560
1.8328,0.2395,38.52,93,93,26563
1.8328,0.2346,38.46,93,93,26566
1.8231,0.2346,38.55,93,93,26569
1.8280,0.2346,38.55,93,93,26573
1.8768,0.2493,38.33,93,93,26576
1.8426,0.2395,38.55,93,93,26579
1.8426,0.2835,38.49,93,93,26583
1.8426,0.2444,38.55,93,93,26587
1.8426,0.2297,38.65,93,93,26590
1.8915,0.2297,38.40,93,93,26593
1.8573,0.2444,38.49,93,93,26596
1.8524,0.2346,38.46,93,93,26600
1.8524,0.2395,38.62,93,93,26603
1.8622,0.2346,38.58,93,93,26606
1.8817,0.2542,38.36,93,93,26609
1.8426,0.2346,38.49,93,93,26613
1.8328,0.2297,38.52,93,93,26616
1.8280,0.2395,38.49,93,93,26619
1.8035,0.2346,38.55,93,93,26622
1.8475,0.2493,38.36,93,93,26626
1.8182,0.2444,38.46,93,93,26630
1.7986,0.2346,38.49,93,93,26633
1.7986,0.2444,38.55,93,93,26636
1.7986,0.2346,38.58,93,93,26639
1.8573,0.2493,38.36,93,93,26643
1.8280,0.2493,38.46,93,93,26646
1.8084,0.2346,38.49,93,93,26649
1.8182,0.2395,38.52,93,93,26652
1.8182,0.2346,38.55,93,93,26656
1.8671,0.2542,38.33,93,93,26659
1.8182,0.2395,38.49,93,93,26662
1.8084,0.2297,38.49,93,93,26665
1.8231,0.2444,38.55,93,93,26670
1.8231,0.2346,38.55,93,93,26673
1.8817,0.2542,38.33,93,93,26676
1.8328,0.2444,38.49,93,93,26679
1.8231,0.2346,38.55,93,93,26683
1.8280,0.2395,38.55,93,93,26686
1.8182,0.2346,38.65,93,93,26689
1.8573,0.2542,38.36,93,93,26692
1.7889,0.2395,38.46,93,93,26696
1.7546,0.2346,38.55,93,93,26699
1.7498,0.2395,38.52,93,93,26702
1.7449,0.2346,38.52,93,93,26705
1.7937,0.2639,38.33,93,93,26710
1.7644,0.2395,38.46,93,93,26713
1.7693,0.2297,38.55,93,93,26716
1.7840,0.2395,38.55,93,93,26719
1.8182,0.2346,38.58,93,93,26723
1.8573,0.2493,38.30,93,93,26726
1.8328,0.2395,38.46,93,93,26729
1.8182,0.2346,38.55,93,93,26732
1.8328,0.2346,38.52,93,93,26736
1.8182,0.2346,38.62,93,93,26739
1.8768,0.2297,38.30,93,93,26742
1.8671,0.2346,38.43,93,93,26745
1.8573,0.2297,38.58,93,93,26749
1.8719,0.2297,38.58,93,93,26753
1.8768,0.2346,38.55,93,93,26756
1.9257,0.2542,38.30,93,93,26759
1.8866,0.2346,38.55,93,93,26763
1.8817,0.2297,38.55,93,93,26766
1.9013,0.2395,38.52,93,93,26769
1.8768,0.2444,38.58,93,93,26772
1.9257,0.2542,38.36,93,93,26776
1.8964,0.2395,38.46,93,93,26779
1.8817,0.2346,38.55,93,93,26782
1.9013,0.2444,38.52,93,93,26785
1.9062,0.2346,38.62,93,93,26789
1.9795,0.2493,38.30,93,93,26792
1.9501,0.2395,38.43,93,93,26796
1.9453,0.2346,38.58,93,93,26799
1.9550,0.2395,38.52,93,93,26803
1.9501,0.2444,38.58,93,93,26806
2.0039,0.2493,38.46,93,93,26809
1.9453,0.2297,38.49,93,93,26812
1.9159,0.2395,38.55,93,93,26816
1.8964,0.2395,38.74,93,93,26819
1.8671,0.2346,38.77,93,93,26822
1.8964,0.2542,38.30,93,93,26825
1.8524,0.2395,38.46,93,93,26829
1.8328,0.2346,38.58,93,93,26832
1.8475,0.2395,38.55,93,93,26835
1.8524,0.2346,38.55,93,93,26839
1.9062,0.2639,38.27,93,93,26843
1.8524,0.2395,38.65,93,93,26846
1.8133,0.2297,38.58,93,93,26849
1.7889,0.2346,38.55,93,93,26852
1.7546,0.2346,38.49,93,93,26856
1.7840,0.2444,38.27,93,93,26859
1.7253,0.2297,38.55,93,93,26862
1.7204,0.2346,38.58,93,93,26865
1.7253,0.2395,38.65,93,93,26869
1.7204,0.2346,38.58,93,93,26872
1.7595,0.2444,38.27,93,93,26875
1.7400,0.2395,38.55,93,93,26878
1.7351,0.2297,38.62,93,93,26883
1.7546,0.2395,38.52,93,93,26886
1.7546,0.2346,38.58,93,93,26889
1.8084,0.2688,38.36,93,93,26892
1.7791,0.2346,38.46,93,93,26896
1.7742,0.2346,38.55,93,93,26899
1.8182,0.2444,38.52,93,93,26902
1.8133,0.2346,38.77,93,93,26905
1.8964,0.2297,38.30,93,93,26909
1.9013,0.2297,38.52,93,93,26912
1.9844,0.2590,38.62,93,93,26915
2.1114,0.2395,38.52,93,93,26918
3.1183,0.2346,38.55,93,93,26924
3.1916,0.2297,38.65,93,93,26927
3.2014,0.2297,38.36,93,93,26931
2.9179,0.2395,38.49,93,93,26934
2.6002,0.2590,38.52,93,93,26937
2.3118,0.2395,38.52,93,93,26940
2.0528,0.2346,38.58,93,93,26944
1.8964,0.2542,38.33,93,93,26947
1.6862,0.2395,38.71,93,93,26950
1.5543,0.2297,38.52,93,93,26953
1.4663,0.2346,38.55,93,93,26957
1.4174,0.2346,38.58,93,93,26960
1.4223,0.2542,38.36,93,93,26963
1.3636,0.2395,38.52,93,93,26967
1.3587,0.2346,38.52,93,93,26971
1.3685,0.2395,38.52,93,93,26974
1.3783,0.2346,38.55,93,93,26977
1.4418,0.2493,38.33,93,93,26980
1.4321,0.2444,37.77,93,93,26984
1.4370,0.2346,38.52,93,93,26987
1.4712,0.2395,38.55,93,93,26990
1.4907,0.2346,37.96,93,93,26993
1.5982,0.2542,38.30,93,93,26997
1.5494,0.2346,38.46,93,93,27000
1.5494,0.2297,38.46,93,93,27003
1.5591,0.2297,38.55,93,93,27006
1.5640,0.2297,38.58,93,93,27011
1.6276,0.2884,38.33,93,93,27014
1.6129,0.2395,38.58,93,93,27017
1.6129,0.2297,38.55,93,93,27020
1.6080,0.2395,38.55,93,93,27024
1.5885,0.2688,38.52,93,93,27027
1.6276,0.2542,38.43,93,93,27030
1.5836,0.2395,38.46,93,93,27033
1.6080,0.2346,38.49,93,93,27037
1.5934,0.2395,38.46,93,93,27040
1.5982,0.2346,38.55,93,93,27043
1.6716,0.2493,38.33,93,93,27046
1.6569,0.2346,38.46,93,93,27051
1.6373,0.2346,38.52,93,93,27054
1.6422,0.2346,38.55,93,93,27057
1.6422,0.2346,38.58,93,93,27060
1.6960,0.2542,38.30,93,93,27064
1.6764,0.2395,38.43,93,93,27067
1.6813,0.2297,38.55,93,93,27070
1.6862,0.2395,38.55,93,93,27073
1.6716,0.2444,38.52,93,93,27077
1.7107,0.2542,38.36,93,93,27080
1.6716,0.2395,38.49,93,93,27083
1.6667,0.2297,38.52,93,93,27086
1.7058,0.2395,38.55,93,93,27090
1.6813,0.2346,37.77,93,93,27094
1.7449,0.2542,38.30,93,93,27097
1.7204,0.2297,38.46,93,93,27100
1.7351,0.2346,38.52,93,93,27104
1.7400,0.2395,38.40,93,93,27107
1.7351,0.2346,38.58,93,93,27110
1.7889,0.2542,38.27,93,93,27113
1.7351,0.2395,38.43,93,93,27117
1.7155,0.2297,38.55,93,93,27120
1.7253,0.2395,38.62,93,93,27123
1.7204,0.2346,38.55,93,93,27126
1.7644,0.2590,38.30,93,93,27130
1.7302,0.2395,38.46,93,93,27133
1.7302,0.2297,38.62,93,93,27137
1.7400,0.2395,38.52,93,93,27140
1.7400,0.2346,38.58,93,93,27144
1.7986,0.2493,38.27,93,93,27147
1.7595,0.2346,38.49,93,93,27150
1.7644,0.2346,38.55,93,93,27153
1.7644,0.2395,38.58,93,93,27157
1.7595,0.2346,38.55,93,93,27160
1.8035,0.2493,38.30,93,93,27163
1.7791,0.2493,38.46,93,93,27166
1.7791,0.2346,38.52,93,93,27170
1.8035,0.2395,37.99,93,93,27173
1.8182,0.2297,38.55,93,93,27176
1.8817,0.2395,38.27,93,93,27180
1.8524,0.2444,38.46,93,93,27184
1.8524,0.2346,38.55,93,93,27187
1.8573,0.2395,38.52,93,93,27190
1.8377,0.2346,38.55,93,93,27193
1.8817,0.2493,38.27,93,93,27197
1.8280,0.2444,38.46,93,93,27200
1.8231,0.2297,38.55,93,93,27203
1.8377,0.2395,38.55,93,93,27206
1.8524,0.2346,38.55,93,93,27210
1.8622,0.2493,38.21,93,93,27213
1.8133,0.2395,38.49,93,93,27216
1.8035,0.2346,38.58,93,93,27219
1.7840,0.2444,38.52,93,93,27224
1.7742,0.2346,38.55,93,93,27227
1.8573,0.2493,38.24,93,93,27230
1.7889,0.2395,38.46,93,93,27233
1.7986,0.2346,38.77,93,93,27237
1.8231,0.2395,38.55,93,93,27240
1.8182,0.2346,38.55,93,93,27243
1.8719,0.2542,38.30,93,93,27246
1.8328,0.2395,38.55,93,93,27250
1.8377,0.2297,38.58,93,93,27253
1.8426,0.2444,38.55,93,93,27256
1.8328,0.2395,38.52,93,93,27259
1.8768,0.2444,38.24,93,93,27264
1.8377,0.2395,38.49,93,93,27267
1.8035,0.2346,38.55,93,93,27270
1.8182,0.2395,38.52,93,93,27273
1.8035,0.2346,38.62,93,93,27277
1.8573,0.2395,38.30,93,93,27280
1.8084,0.2346,38.49,93,93,27283
1.7986,0.2346,38.62,93,93,27286
1.8133,0.2395,38.62,93,93,27290
1.7937,0.2346,38.58,93,93,27293
1.8328,0.2444,38.27,93,93,27296
1.7840,0.2346,38.46,93,93,27299
1.7889,0.2346,38.55,93,93,27303
1.8133,0.2395,38.55,93,93,27307
1.7889,0.2346,38.55,93,93,27310
1.8426,0.2444,38.40,93,93,27313
1.8231,0.2395,38.46,93,93,27317
1.8035,0.2444,38.55,93,93,27320
1.8426,0.2444,38.49,93,93,27323
1.7840,0.2346,38.52,93,93,27326
1.8280,0.2444,38.27,93,93,27330
1.7986,0.2346,38.52,93,93,27333
1.7986,0.2346,38.68,93,93,27336
1.8133,0.2297,38.49,93,93,27339
1.8182,0.2346,38.55,93,93,27343
1.8671,0.2444,38.33,93,93,27346
1.8182,0.2346,38.52,93,93,27350
1.8231,0.2297,38.55,93,93,27353
1.8377,0.2444,38.52,93,93,27357
1.8280,0.2346,38.55,93,93,27360
1.8671,0.2444,38.27,93,93,27363
1.8377,0.2395,38.46,93,93,27366
1.8182,0.2346,38.55,93,93,27370
1.8328,0.2444,38.46,93,93,27373
1.8035,0.2297,38.55,93,93,27376
1.8426,0.2444,38.30,93,93,27379
1.8084,0.2297,38.49,93,93,27383
1.8035,0.2346,38.55,93,93,27386
1.8231,0.2346,38.55,93,93,27389
1.8182,0.2346,38.55,93,93,27393
1.8768,0.2444,38.27,93,93,27397
1.8328,0.2346,38.58,93,93,27400
1.8231,0.2346,38.68,93,93,27403
1.8280,0.2297,38.52,93,93,27406
1.8084,0.2346,38.55,93,93,27410
1.8377,0.2444,38.30,93,93,27413
1.8182,0.2395,38.49,93,93,27416
1.8231,0.2346,38.55,93,93,27419
1.8573,0.2444,38.49,93,93,27423
1.8573,0.2297,38.62,93,93,27426
1.9208,0.2444,38.46,93,93,27429
1.9062,0.2395,38.52,93,93,27432
1.9159,0.2346,38.55,93,93,27437
1.9404,0.2493,38.52,93,93,27440
1.9355,0.2395,38.58,93,93,27443
1.9844,0.2444,38.30,93,93,27446
1.9404,0.2346,38.52,93,93,27450
1.9404,0.2346,38.55,93,93,27453
1.9453,0.2444,38.49,93,93,27456
1.9159,0.2346,38.55,93,93,27459
1.9404,0.2346,38.27,93,93,27463
1.8915,0.2444,38.43,93,93,27466
1.8475,0.2346,38.58,93,93,27469
1.8426,0.2444,38.49,93,93,27472
1.8182,0.2346,38.55,93,93,27476
1.8524,0.2444,38.40,93,93,27480
1.8133,0.2395,38.52,93,93,27483
1.7986,0.2346,38.55,93,93,27486
1.8035,0.2444,38.49,93,93,27490
1.7742,0.2297,38.55,93,93,27493
1.8231,0.2395,38.30,93,93,27496
1.7693,0.2346,38.55,93,93,27499
1.7840,0.2346,38.55,93,93,27503
1.8084,0.2444,38.49,93,93,27506
1.7986,0.2346,38.55,93,93,27509
1.8426,0.2346,38.33,93,93,27512
1.8182,0.2395,38.55,93,93,27516
1.7986,0.2297,38.62,93,93,27520
1.8133,0.2444,38.49,93,93,27523
1.7889,0.2346,38.62,93,93,27526
1.8035,0.2444,38.33,93,93,27530
1.8280,0.2542,38.30,93,93,27534
1.8035,0.2395,38.46,93,93,27537
1.8328,0.2346,38.58,93,93,27541
1.8671,0.2395,38.52,93,93,27544
1.9062,0.2346,38.62,93,93,27547
2.0430,0.2493,38.30,93,93,27550
2.1310,0.2395,38.46,93,93,27554
2.2972,0.2346,38.52,93,93,27557
2.5415,0.2395,38.52,93,93,27560
2.7810,0.2346,38.55,93,93,27564
3.1036,0.2542,38.24,93,93,27568
3.2209,0.2395,37.68,93,93,27571
3.2649,0.2346,38.58,93,93,27574
3.1867,0.2346,38.55,93,93,27577
2.9423,0.2346,38.62,93,93,27581
2.7224,0.2297,38.27,93,93,27584
2.3656,0.2346,38.49,93,93,27587
2.1017,0.2542,38.58,93,93,27590
1.8866,0.2395,38.55,93,93,27594
1.7009,0.2346,38.55,93,93,27597
1.6080,0.2395,38.30,93,93,27600
1.4907,0.2395,38.55,93,93,27603
1.4076,0.2346,38.55,93,93,27608
1.3978,0.2395,38.52,93,93,27611
1.3441,0.2346,38.52,93,93,27614
1.3685,0.2444,38.46,93,93,27617
1.3587,0.2346,38.46,93,93,27621
1.3734,0.2395,38.52,93,93,27624
1.4125,0.2395,38.55,93,93,27627
1.4272,0.2297,38.55,93,93,27630
1.4761,0.2444,38.27,93,93,27634
1.4858,0.2346,38.49,93,93,27637
1.4761,0.2395,38.55,93,93,27640
1.5103,0.2395,38.74,93,93,27643
1.5249,0.2346,38.65,93,93,27648
1.5738,0.2395,38.27,93,93,27651
1.5689,0.2933,38.49,93,93,27654
1.5738,0.2346,38.62,93,93,27657
1.6080,0.2395,38.62,93,93,27661
1.6471,0.2395,38.55,93,93,27664
1.6667,0.2835,38.24,93,93,27667
1.6325,0.2346,38.58,93,93,27670
1.6227,0.2346,38.55,93,93,27674
1.6373,0.2444,38.52,93,93,27677
1.6471,0.2346,38.52,93,93,27680
1.7204,0.2297,38.30,93,93,27683
1.7009,0.2346,38.52,93,93,27687
1.6960,0.2346,38.62,93,93,27691
1.6764,0.2395,38.55,93,93,27694
1.6178,0.2346,38.58,93,93,27697
1.6227,0.2493,38.30,93,93,27701
1.5934,0.2444,38.40,93,93,27704
1.5982,0.2297,38.55,93,93,27707
1.6276,0.2297,38.49,93,93,27710
1.6325,0.2542,38.58,93,93,27714
1.6862,0.2444,38.33,93,93,27717
1.6716,0.2395,38.52,93,93,27720
1.6716,0.2346,38.55,93,93,27723
1.6960,0.2395,38.55,93,93,27727
1.6862,0.2346,38.49,93,93,27730
1.7351,0.2444,38.30,93,93,27734
1.6862,0.2346,38.52,93,93,27737
1.7058,0.2346,38.55,93,93,27741
1.7253,0.2395,38.40,93,93,27744
1.7204,0.2346,38.49,93,93,27747
1.7644,0.2444,38.30,93,93,27750
1.7351,0.2395,38.46,93,93,27754
1.7253,0.2346,38.52,93,93,27757
1.7498,0.2444,38.52,93,93,27760
1.7400,0.2346,38.55,93,93,27763
1.7840,0.2493,38.36,93,93,27767
1.7449,0.2395,38.52,93,93,27770
1.7253,0.2346,38.58,93,93,27773
1.7253,0.2395,38.49,93,93,27777
1.7107,0.2542,38.55,93,93,27781
1.7546,0.2444,38.43,93,93,27784
1.7253,0.2297,38.52,93,93,27787
1.7498,0.2346,38.58,93,93,27790
1.7595,0.2444,38.52,93,93,27794
1.7498,0.2346,38.49,93,93,27797
1.7840,0.2444,38.36,93,93,27800
1.7644,0.2395,38.46,93,93,27803
1.7693,0.2346,38.65,93,93,27807
1.8133,0.2444,37.74,93,93,27810
1.7986,0.2346,38.55,93,93,27813
1.8231,0.2444,38.33,93,93,27816
1.7840,0.2542,38.52,93,93,27821
1.7840,0.2346,38.62,93,93,27824
1.8280,0.2444,38.49,93,93,27827
1.8231,0.2444,38.55,93,93,27830
1.8768,0.2444,37.83,93,93,27834
1.8426,0.2346,38.58,93,93,27837
1.8573,0.2346,38.58,93,93,27840
1.8817,0.2493,38.49,93,93,27843
1.8866,0.2542,38.55,93,93,27847
1.9501,0.2444,38.30,93,93,27850
1.9501,0.2346,38.46,93,93,27853
1.9062,0.2346,38.65,93,93,27856
1.9013,0.2493,38.33,93,93,27860
1.8426,0.2297,38.55,93,93,27864
1.8524,0.2395,38.33,93,93,27867
1.8035,0.2444,38.55,93,93,27870
1.7986,0.2346,38.55,93,93,27874
1.8182,0.2297,38.46,93,93,27877
1.8182,0.2444,38.55,93,93,27880
1.8622,0.2395,37.65,93,93,27883
1.8280,0.2346,38.71,93,93,27887
1.8377,0.2297,38.55,93,93,27890
1.8866,0.2444,38.46,93,93,27893
1.8671,0.2346,38.55,93,93,27896
1.9159,0.2542,38.40,93,93,27900
1.9013,0.2395,38.49,93,93,27904
1.8866,0.2346,38.55,93,93,27907
1.9062,0.2493,38.46,93,93,27910
1.8573,0.2346,38.52,93,93,27914
1.8622,0.2395,38.33,93,93,27917
1.8084,0.2346,38.52,93,93,27920
1.7889,0.2346,38.55,93,93,27923
1.7986,0.2444,38.40,93,93,27927
1.7986,0.2346,38.55,93,93,27930
1.8475,0.2395,38.36,93,93,27933
1.8280,0.2346,38.58,93,93,27936
1.8328,0.2297,38.55,93,93,27940
1.8377,0.2493,38.43,93,93,27943
1.8426,0.2444,38.55,93,93,27947
1.8475,0.2444,38.33,93,93,27950
1.8231,0.2395,38.46,93,93,27954
1.7986,0.2346,38.58,93,93,27957
1.7986,0.2395,38.46,93,93,27960
1.7644,0.2639,38.55,93,93,27963
1.8035,0.2395,38.40,93,93,27967
1.7889,0.2346,38.49,93,93,27970
1.8035,0.2297,38.62,93,93,27973
1.8182,0.2395,38.49,93,93,27976
1.7986,0.2346,38.58,93,93,27980
1.8231,0.2395,38.36,93,93,27983
1.8182,0.2346,38.55,93,93,27986
1.8524,0.2346,38.58,93,93,27990
1.8866,0.2395,38.49,93,93,27994
1.8817,0.2395,38.55,93,93,27997
1.8622,0.2444,38.36,93,93,28000
1.8377,0.2346,38.46,93,93,28003
1.8377,0.2346,38.58,93,93,28007
1.8573,0.2395,38.43,93,93,28010
1.8280,0.2346,38.55,93,93,28013
1.8328,0.2395,38.36,93,93,28016
1.7986,0.2346,38.52,93,93,28020
1.7937,0.2346,38.58,93,93,28023
1.8231,0.2493,38.46,93,93,28026
1.8328,0.2346,38.49,93,93,28029
1.8768,0.2297,38.36,93,93,28034
1.8426,0.2297,38.55,93,93,28037
1.8280,0.2542,38.55,93,93,28040
1.8377,0.2444,38.33,93,93,28043
1.7937,0.2346,38.65,93,93,28047
1.8280,0.2395,38.36,93,93,28050
1.8084,0.2395,38.49,93,93,28053
1.8231,0.2346,38.68,93,93,28056
1.8622,0.2395,38.43,93,93,28060
1.8573,0.2346,38.58,93,93,28063
1.8964,0.2493,38.40,93,93,28066
1.8768,0.2346,38.52,93,93,28069
1.8915,0.2297,38.55,93,93,28073
1.9062,0.2395,38.46,93,93,28077
1.8915,0.2346,38.77,93,93,28080
1.9208,0.2395,38.36,93,93,28083
1.9110,0.2297,38.58,93,93,28087
1.9306,0.2248,38.55,93,93,28090
1.9648,0.2444,38.46,93,93,28093
1.9453,0.2346,38.74,93,93,28096
1.9599,0.2395,38.36,93,93,28100
1.9208,0.2346,38.49,93,93,28103
1.8866,0.2346,38.55,93,93,28106
1.8768,0.2395,38.43,93,93,28109
1.8280,0.2346,38.52,93,93,28113
1.8377,0.2590,38.40,93,93,28116
1.8035,0.2346,38.49,93,93,28120
1.7889,0.2346,38.55,93,93,28123
1.7937,0.2639,38.49,93,93,28127
1.7840,0.2346,38.55,93,93,28130
1.7937,0.2346,38.40,93,93,28133
1.7498,0.2346,38.55,93,93,28136
1.7351,0.2346,38.58,93,93,28140
1.7498,0.2444,38.46,92,93,28143
1.7351,0.2395,38.52,92,93,28148
1.7449,0.2346,38.58,92,93,28151
1.8133,0.2444,38.30,92,93,28154
1.8280,0.2346,38.49,92,93,28157
1.7937,0.2346,38.52,92,93,28162
1.8035,0.2395,38.52,92,93,28165
1.7889,0.2346,38.55,92,93,28168
1.8035,0.2444,38.40,92,93,28171
1.7644,0.2297,38.52,92,93,28174
1.7742,0.2346,38.58,92,93,28178
1.8231,0.2395,38.49,92,93,28181
1.8377,0.2297,38.55,92,93,28184
1.9159,0.2444,38.30,92,93,28187
1.9746,0.2395,38.46,92,93,28191
2.0283,0.2395,38.52,92,93,28194
2.2092,0.2444,37.93,92,93,28197
2.3851,0.2346,38.55,92,93,28200
2.6931,0.2493,38.30,92,93,28205
2.9277,0.2395,38.58,92,93,28208
3.1720,0.2297,38.55,92,93,28211
3.3431,0.2444,38.49,92,93,28214
3.3040,0.2346,38.81,92,93,28218
3.1916,0.2395,38.30,92,93,28221
2.8104,0.2346,38.55,92,93,28224
2.4780,0.2346,38.58,92,93,28227
2.2239,0.2395,38.49,92,93,28231
1.9110,0.2395,38.55,92,93,28234
1.7498,0.2395,38.27,92,93,28237
1.5836,0.2395,38.43,92,93,28240
1.4907,0.2346,38.55,92,93,28244
1.4370,0.2933,38.46,92,93,28248
1.3881,0.2542,38.58,92,93,28251
1.3832,0.2395,38.33,92,93,28254
1.3539,0.2346,38.46,92,93,28258
1.3441,0.2346,38.55,92,93,28261
1.3685,0.2493,38.49,92,93,28264
1.3783,0.2346,38.55,92,93,28267
1.4125,0.2444,38.33,92,93,28271
1.4076,0.2346,38.58,92,93,28274
1.4272,0.2346,38.58,92,93,28277
1.4663,0.2444,38.49,92,93,28280
1.4761,0.2346,38.55,92,93,28284
1.5249,0.2737,38.33,92,93,28288
1.5249,0.2395,38.46,92,93,28291
1.5445,0.2346,38.58,92,93,28294
1.5738,0.2444,38.43,92,93,28298
1.5738,0.2346,38.52,92,93,28301
1.6129,0.2297,38.36,92,93,28304
1.5885,0.2346,38.52,92,93,28307
1.5885,0.2248,38.55,92,93,28311
1.6080,0.2395,38.36,92,93,28314
1.5982,0.2297,38.55,92,93,28317
1.6276,0.2493,38.40,92,93,28320
1.6080,0.2248,38.55,92,93,28324
1.6178,0.2346,38.55,92,93,28327
1.6520,0.2395,38.49,92,93,28331
1.6520,0.2346,38.58,92,93,28334
1.6862,0.2395,38.49,92,93,28338
1.6813,0.2346,38.46,92,93,28341
1.6716,0.2297,38.55,92,93,28344
1.6813,0.2444,38.40,92,93,28347
1.6667,0.2395,38.58,92,93,28351
1.7155,0.2395,38.36,92,93,28354
1.6764,0.2395,38.52,92,93,28357
1.6862,0.2346,38.71,92,93,28360
1.6960,0.2395,38.43,92,93,28364
1.6764,0.2346,38.55,92,93,28367
1.6960,0.2395,37.65,92,93,28370
1.6716,0.2346,38.62,92,93,28374
1.6764,0.2346,38.55,92,93,28378
1.6960,0.2493,38.46,92,93,28381
1.6764,0.2395,38.55,92,93,28384
1.7009,0.2395,38.43,92,93,28387
1.6911,0.2346,38.49,92,93,28391
1.6667,0.2346,38.55,92,93,28394
1.6813,0.2395,38.46,92,93,28397
1.6569,0.2395,38.62,92,93,28400
1.6813,0.2395,38.40,92,93,28404
1.6716,0.2444,38.55,92,93,28407
1.6911,0.2346,37.96,92,93,28410
1.7155,0.2395,38.49,92,93,28413
1.7107,0.2346,38.55,92,93,28418
1.7253,0.2395,38.40,92,93,28421
1.6911,0.2346,38.55,92,93,28424
1.6911,0.2346,38.58,92,93,28427
1.7058,0.2444,38.46,92,93,28431
1.7009,0.2346,38.55,92,93,28434
1.7253,0.2346,38.36,92,93,28437
1.7107,0.2297,38.49,92,93,28440
1.7155,0.2346,38.58,92,93,28444
1.7498,0.2444,38.43,92,93,28447
1.7204,0.2297,38.58,92,93,28450
1.7449,0.2346,38.43,92,93,28453
1.7155,0.2346,38.55,92,93,28457
1.7204,0.2444,38.55,92,93,28461
1.7400,0.2395,38.46,92,93,28464
1.7400,0.2346,38.55,92,93,28467
1.7840,0.2395,38.40,92,93,28471
1.7693,0.2346,38.62,92,93,28474
1.7840,0.2346,38.58,92,93,28477
1.8133,0.2346,38.43,92,93,28480
1.7937,0.2346,38.58,92,93,28484
1.8328,0.2346,38.43,92,93,28487
1.8133,0.2297,38.49,92,93,28490
1.8280,0.2444,38.55,92,93,28493
1.8524,0.2346,38.43,92,93,28497
1.8426,0.2346,38.62,92,93,28500
1.8719,0.2444,38.43,92,93,28504
1.8426,0.2346,38.55,92,93,28507
1.8573,0.2346,38.52,92,93,28511
1.8768,0.2395,38.52,92,93,28514
1.8671,0.2395,38.62,92,93,28517
1.8719,0.2346,38.40,92,93,28520
1.8328,0.2395,38.49,92,93,28524
1.8280,0.2346,38.55,92,93,28527
1.8719,0.2493,38.46,92,93,28530
1.8182,0.2346,38.58,92,93,28533
1.8475,0.2395,38.52,92,93,28537
1.8133,0.2346,38.52,92,93,28540
1.8035,0.2346,38.55,92,93,28544
1.8035,0.2444,38.43,92,93,28547
1.7742,0.2346,38.55,92,93,28551
1.7986,0.2444,38.43,92,93,28554
1.7546,0.2395,38.55,92,93,28557
1.7546,0.2346,38.58,92,93,28560
1.7546,0.2395,38.46,92,93,28564
1.7840,0.2444,38.55,92,93,28567
1.7889,0.2444,38.46,92,93,28570
1.7546,0.2346,38.62,92,93,28573
1.7498,0.2346,38.55,92,93,28577
1.7742,0.2444,38.43,92,93,28580
1.7449,0.2395,38.55,92,93,28583
1.7742,0.2444,38.43,92,93,28587
1.7449,0.2297,38.52,92,93,28591
1.7498,0.2346,38.58,92,93,28594
1.7791,0.2444,38.46,92,93,28597
1.7449,0.2346,38.52,92,93,28600
1.7693,0.2395,38.05,92,93,28604
1.7400,0.2346,38.55,92,93,28607
1.7498,0.2346,38.55,92,93,28610
1.7693,0.2395,38.46,92,93,28613
1.7644,0.2395,38.55,92,93,28617
1.7889,0.2444,38.46,92,93,28620
1.7595,0.2395,38.55,92,93,28623
1.7644,0.2395,38.58,92,93,28626
1.7986,0.2444,38.43,92,93,28631
1.7840,0.2395,38.55,92,93,28634
1.8133,0.2639,38.46,92,93,28637
1.8035,0.2346,38.55,92,93,28640
1.8084,0.2297,38.55,92,93,28644
1.8426,0.2444,38.46,92,93,28647
1.8231,0.2395,38.46,92,93,28650
1.8475,0.2444,38.46,92,93,28653
1.8231,0.2395,38.62,92,93,28657
1.8280,0.2395,38.58,92,93,28660
1.8426,0.2395,38.55,92,93,28663
1.8280,0.2297,38.55,92,93,28666
1.8426,0.2493,38.46,92,93,28670
1.8035,0.2346,38.55,92,93,28674
1.8133,0.2346,38.52,92,93,28677
1.8475,0.2444,38.43,92,93,28680
1.8377,0.2395,38.55,92,93,28684
1.8768,0.2493,38.43,92,93,28687
1.8671,0.2346,38.21,92,93,28690
1.8817,0.2297,38.55,92,93,28693
1.9062,0.2444,38.46,92,93,28697
1.8866,0.2395,38.52,92,93,28700
1.9110,0.2444,38.36,92,93,28703
1.8768,0.2297,38.58,92,93,28706
1.8768,0.2297,38.55,92,93,28710
1.8915,0.2395,38.52,92,93,28713
1.8817,0.2395,38.52,92,93,28717
1.9013,0.2297,38.43,92,93,28720
1.8573,0.2346,38.55,92,93,28724
1.8622,0.2199,38.68,92,93,28727
1.9013,0.2493,38.40,92,93,28730
1.8768,0.2395,38.55,92,93,28733
1.9159,0.2444,38.43,92,93,28737
1.8719,0.2297,38.62,92,93,28740
1.8768,0.2346,38.55,92,93,28743
1.8964,0.2493,38.46,92,93,28746
1.8719,0.2395,38.52,92,93,28750
1.8768,0.2395,38.40,92,93,28753
1.8328,0.2395,38.55,92,93,28756
1.7889,0.2346,38.55,92,93,28762
1.7791,0.2297,38.43,92,93,28765
1.7840,0.2444,38.43,92,93,28768
1.7498,0.2297,38.55,92,93,28772
1.7595,0.2395,38.36,92,93,28775
1.7351,0.2444,38.49,92,93,28778
1.7253,0.2346,38.62,92,93,28781
1.7449,0.2444,38.43,92,93,28785
1.7302,0.2297,38.55,92,93,28788
1.7595,0.2493,38.43,92,93,28791
1.7400,0.2395,38.52,92,93,28794
1.7498,0.2346,38.62,92,93,28798
1.7693,0.2395,38.46,92,93,28802
1.7546,0.2297,38.62,92,93,28805
1.7742,0.2395,38.40,92,93,28808
1.7449,0.2297,38.55,92,93,28812
1.7498,0.2395,38.55,92,93,28815
1.7840,0.2444,38.43,92,93,28818
1.7791,0.2346,38.68,92,93,28821
1.8280,0.2395,38.40,92,93,28825
1.8280,0.2542,38.49,92,93,28828
1.8475,0.2346,38.62,92,93,28831
1.8915,0.2395,38.43,92,93,28834
1.9208,0.2346,38.55,92,93,28838
2.0235,0.2444,38.40,92,93,28841
2.1163,0.2346,37.74,92,93,28845
2.2825,0.2346,38.58,92,93,28848
2.5073,0.2493,38.46,92,93,28852
2.7224,0.2346,38.62,92,93,28855
2.9912,0.2395,38.40,92,93,28858
3.1476,0.2346,38.55,92,93,28861
3.2454,0.2346,38.58,92,93,28865
3.2160,0.2444,38.46,92,93,28868
2.9472,0.2395,38.55,92,93,28871
2.6588,0.2444,38.40,92,93,28874
2.3118,0.2346,38.49,92,93,28878
2.0381,0.2346,38.55,92,93,28881
1.8328,0.2346,38.49,92,93,28884
1.6422,0.2346,38.52,92,93,28888
1.5347,0.2346,38.58,92,93,28892
1.4321,0.2346,38.52,92,93,28895
1.3783,0.2346,38.55,92,93,28898
1.3636,0.2395,38.46,92,93,28901
1.3392,0.2395,38.55,92,93,28905
1.3587,0.2395,38.43,92,93,28908
1.3490,0.2346,38.55,92,93,28911
1.3734,0.2346,38.58,92,93,28914
1.4125,0.2444,38.46,92,93,28918
1.4125,0.2395,38.55,92,93,28921
1.4809,0.2444,38.43,92,93,28924
1.4565,0.2346,38.46,92,93,28928
1.4712,0.2297,38.55,92,93,28932
1.4907,0.2395,38.43,92,93,28935
1.4858,0.2346,38.55,92,93,28938
1.5200,0.2346,38.65,92,93,28941
1.5103,0.2346,38.55,92,93,28945
1.5249,0.2346,38.55,92,93,28948
1.5494,0.2395,38.46,92,93,28951
1.5396,0.2395,38.55,92,93,28954
1.5836,0.2395,38.43,92,93,28958
1.5689,0.2346,38.52,92,93,28961
1.5836,0.2346,38.58,92,93,28964
1.6227,0.2493,38.43,92,93,28967
1.6031,0.2346,38.55,92,93,28972
1.6422,0.2590,38.49,92,93,28975
1.6227,0.2297,38.55,92,93,28978
1.6422,0.2346,38.55,92,93,28981
1.6520,0.2444,38.46,92,93,28985
1.6373,0.2395,38.77,92,93,28988
1.6716,0.2444,38.43,92,93,28991
1.6569,0.2346,38.55,92,93,28994
1.6813,0.2346,38.55,92,93,28998
1.7058,0.2395,38.46,92,93,29001
1.6960,0.2395,38.55,92,93,29004
1.7253,0.2444,38.46,92,93,29007
1.6911,0.2346,38.55,92,93,29011
1.6960,0.2346,38.58,92,93,29015
1.7253,0.2444,38.43,92,93,29018
1.7400,0.2395,38.55,92,93,29021
1.7302,0.2688,38.46,92,93,29025
1.7009,0.2346,38.52,92,93,29028
1.7058,0.2346,38.55,92,93,29031
1.7351,0.2542,38.43,92,93,29034
1.7204,0.2297,38.55,92,93,29037
1.7546,0.2493,38.43,92,93,29041
1.7058,0.2639,38.58,92,93,29044
1.7009,0.2297,38.55,92,93,29047
1.7155,0.2346,38.49,92,93,29050
1.7155,0.2395,38.49,92,93,29054
1.7498,0.2444,38.43,92,93,29058
1.7253,0.2297,38.55,92,93,29061
1.7155,0.2346,38.55,92,93,29064
1.7400,0.2493,38.43,92,93,29068
1.7155,0.2395,38.55,92,93,29071
1.7400,0.2444,38.43,92,93,29074
1.7155,0.2395,38.55,92,93,29077
1.7204,0.2346,38.65,92,93,29081
1.7351,0.2493,38.49,92,93,29084
1.7302,0.2395,38.55,92,93,29087
1.7546,0.2395,38.62,92,93,29090
1.7302,0.2346,38.55,92,93,29094
1.7498,0.2346,38.55,92,93,29097
1.7742,0.2493,38.49,92,93,29101
1.7742,0.2395,37.77,92,93,29104
1.7986,0.2395,38.40,92,93,29108
1.7693,0.2444,38.62,92,93,29111
1.7693,0.2346,38.62,92,93,29114
1.8035,0.2444,38.40,92,93,29117
1.7840,0.2395,38.55,92,93,29121
1.8084,0.2737,38.40,92,93,29124
1.7986,0.2395,38.58,92,93,29127
1.8182,0.2346,38.55,92,93,29130
1.8622,0.2493,38.43,92,93,29134
1.8475,0.2444,38.49,92,93,29137
1.8817,0.2395,38.43,92,93,29140
1.8964,0.2346,38.55,92,93,29144
1.8719,0.2346,38.55,92,93,29148
1.8915,0.2444,38.49,92,93,29151
1.8768,0.2395,38.55,92,93,29154
1.8964,0.2444,38.40,92,93,29157
1.8719,0.2444,38.62,92,93,29161
1.8768,0.2346,38.58,92,93,29164
1.9062,0.2493,38.36,92,93,29167
1.8915,0.2395,38.55,92,93,29170
1.9110,0.2395,38.43,92,93,29174
1.8915,0.2395,38.58,92,93,29177
1.9062,0.2346,38.58,92,93,29180
1.9062,0.2542,38.40,92,93,29184
1.8719,0.2395,38.52,92,93,29188
1.9208,0.2444,38.46,92,93,29191
1.8719,0.2639,38.55,92,93,29194
1.8768,0.2346,38.68,92,93,29197
1.9110,0.2493,38.46,92,93,29201
1.8866,0.2395,38.52,92,93,29204
1.8817,0.2395,38.46,92,93,29207
1.8426,0.2395,37.83,92,93,29210
1.8573,0.2395,38.55,92,93,29214
1.8426,0.2444,38.36,92,93,29217
1.8084,0.2444,38.55,92,93,29220
1.8133,0.2395,38.43,92,93,29223
1.7889,0.2297,38.55,92,93,29228
1.7840,0.2346,38.55,92,93,29231
1.8182,0.2688,38.40,92,93,29234
1.8035,0.2395,38.74,92,93,29237
1.8231,0.2395,38.46,92,93,29241
1.7889,0.2444,38.55,92,93,29244
1.7791,0.2493,38.55,92,93,29247
1.7937,0.2493,38.33,92,93,29250
1.7693,0.2395,38.52,92,93,29254
1.7742,0.2444,38.43,92,93,29257
1.7840,0.2444,38.55,92,93,29260
1.7644,0.2346,38.49,92,93,29263
1.8035,0.2493,38.46,92,93,29267
1.7742,0.2395,38.52,92,93,29271
1.7840,0.2395,38.43,92,93,29274
1.7693,0.2346,38.49,92,93,29277
1.7644,0.2346,38.55,92,93,29281
1.7937,0.2444,38.46,92,93,29284
1.7840,0.2346,38.55,92,93,29287
1.7937,0.2395,38.49,92,93,29290
1.7791,0.2297,38.55,92,93,29294
1.7889,0.2346,38.55,92,93,29297
1.8231,0.2395,38.55,92,93,29300
1.8084,0.2395,38.62,92,93,29303
1.8182,0.2395,38.49,92,93,29307
1.8035,0.2395,38.55,92,93,29310
1.7986,0.2444,38.58,92,93,29314
1.8328,0.2395,38.43,92,93,29317
1.8182,0.2395,38.52,92,93,29321
1.8280,0.2346,38.43,92,93,29324
1.8182,0.2395,38.52,92,93,29327
1.8231,0.2297,38.55,92,93,29330
1.8671,0.2542,38.43,92,93,29334
1.8524,0.2395,38.52,92,93,29337
1.8719,0.2346,38.40,92,93,29340
1.8719,0.2395,38.55,92,93,29343
1.8915,0.2297,38.58,92,93,29347
1.9501,0.2493,38.43,92,93,29350
1.9355,0.2493,38.58,92,93,29353
1.9453,0.2346,38.46,92,93,29357
1.9306,0.2395,38.55,92,93,29361
1.9306,0.2346,38.68,92,93,29364
1.9550,0.2493,37.62,92,93,29367
1.9355,0.2395,38.46,92,93,29371
1.9355,0.2395,38.52,92,93,29374
1.9697,0.2444,38.43,92,93,29377
1.9306,0.2444,38.52,92,93,29381
1.9159,0.2346,38.52,92,93,29384
1.9110,0.2297,38.52,92,93,29387
1.8768,0.2395,38.52,92,93,29390
1.8866,0.2444,38.40,92,93,29394
1.8573,0.2395,38.62,92,93,29398
1.8622,0.2346,38.55,92,93,29401
1.8964,0.2590,38.43,92,93,29404
1.8524,0.2493,38.55,92,93,29408
1.8573,0.2444,38.46,92,93,29411
1.8182,0.2297,38.58,92,93,29414
1.7986,0.2444,38.58,92,93,29417
1.8035,0.2493,38.46,92,93,29421
1.7693,0.2395,38.55,92,93,29424
1.7840,0.2395,38.40,92,93,29427
1.7546,0.2395,38.58,92,93,29430
1.7546,0.2395,38.62,92,93,29434
1.7644,0.2444,38.52,92,93,29437
1.7546,0.2346,38.55,92,93,29441
1.7791,0.2395,38.40,92,93,29444
1.7595,0.2395,38.55,92,93,29448
1.7546,0.2346,38.58,92,93,29451
1.7986,0.2493,38.43,92,93,29454
1.7693,0.2395,38.52,92,93,29457
1.7840,0.2395,38.40,92,93,29461
1.7595,0.2297,38.55,92,93,29464
1.7644,0.2297,38.55,92,93,29467
1.8035,0.2444,38.46,92,93,29470
1.8133,0.2395,38.55,92,93,29474
1.8622,0.2395,38.40,92,93,29477
1.8768,0.2395,38.55,92,93,29480
1.9306,0.2688,38.52,92,93,29484
2.0186,0.2444,38.52,92,93,29488
2.1310,0.2346,38.52,92,93,29491
2.2532,0.2395,38.43,92,93,29494
2.4047,0.2395,38.55,92,93,29497
2.6344,0.2346,38.55,92,93,29500
2.8983,0.2444,38.40,92,93,29504
3.0890,0.2395,38.65,92,93,29507
3.2747,0.2444,38.43,92,93,29510
3.2502,0.2395,38.58,92,93,29513
3.1085,0.2297,38.62,92,93,29517
2.8837,0.2395,38.43,92,93,29520
2.5562,0.2395,38.52,92,93,29523
2.2972,0.2297,38.43,92,93,29527
2.0528,0.2346,38.55,92,93,29531
1.8328,0.2639,38.58,92,93,29534
1.7058,0.2493,38.52,92,93,29537
1.5689,0.2297,38.55,92,93,29540
1.5005,0.2493,38.43,92,93,29544
1.4418,0.2688,38.58,92,93,29547
1.4076,0.2346,38.62,92,93,29550
1.4272,0.2395,38.40,92,93,29553
1.4174,0.2444,38.52,92,93,29557
1.4027,0.2395,38.40,92,93,29560
1.4125,0.2395,38.55,92,93,29563
1.4272,0.2395,38.55,92,93,29566
1.4565,0.2493,38.40,92,93,29571
1.4467,0.2395,38.52,92,93,29574
1.4712,0.2395,38.43,92,93,29577
1.4565,0.2297,38.55,92,93,29580
1.4761,0.2835,38.62,92,93,29584
1.5249,0.2493,37.71,92,93,29587
1.5298,0.2297,38.52,92,93,29590
1.5494,0.2737,38.49,92,93,29593
1.5543,0.2346,38.55,92,93,29597
1.5640,0.2346,38.65,92,93,29600
1.6129,0.2493,38.40,92,93,29603
1.5982,0.2444,38.52,92,93,29606
1.6129,0.2395,38.49,92,93,29611
1.6080,0.2395,38.55,92,93,29614
1.6129,0.2395,38.55,92,93,29617
1.6520,0.2688,38.40,92,93,29620
1.6471,0.2395,38.55,92,93,29624
1.6569,0.2346,38.46,92,93,29627
1.6569,0.2639,38.52,92,93,29630
1.6618,0.2346,38.55,92,93,29633
1.6960,0.2493,38.43,92,93,29637
1.6764,0.2444,38.52,92,93,29640
1.6911,0.2346,38.43,92,93,29643
1.6911,0.2395,38.49,92,93,29646
1.7058,0.2346,38.55,92,93,29650
1.7449,0.2542,38.36,92,93,29654
1.7253,0.2542,38.52,92,93,29657
1.7400,0.2346,38.55,92,93,29660
1.7351,0.2346,38.55,92,93,29664
1.7302,0.2493,38.55,92,93,29667
1.7546,0.2444,38.40,92,93,29670
1.7204,0.2395,38.52,92,93,29673
1.7498,0.2346,38.46,92,93,29677
1.7302,0.2444,38.55,92,93,29680
1.7253,0.2346,38.49,92,93,29683
1.7644,0.2493,38.43,92,93,29686
1.7302,0.2346,38.52,92,93,29690
1.7253,0.2346,38.46,92,93,29693
1.7253,0.2395,38.55,92,93,29697
1.7351,0.2346,38.58,92,93,29700
1.7889,0.2395,38.40,92,93,29704
1.7693,0.2346,38.55,92,93,29707
1.7693,0.2346,38.52,92,93,29710
1.7693,0.2395,38.55,92,93,29713
1.7546,0.2444,38.55,92,93,29717
1.7937,0.2493,38.36,92,93,29720
1.7693,0.2395,38.52,92,93,29723
1.7693,0.2346,38.46,92,93,29726
1.7742,0.2639,38.52,92,93,29730
1.7742,0.2395,38.62,92,93,29733
1.8035,0.2493,38.49,92,93,29736
1.7595,0.2395,38.52,92,93,29740
1.7449,0.2346,38.46,92,93,29744
1.7449,0.2395,38.55,92,93,29747
1.7498,0.2395,38.62,92,93,29750
1.8035,0.2444,38.36,92,93,29753
1.7840,0.2444,38.49,92,93,29757
1.7791,0.2639,38.49,92,93,29760
1.7742,0.2395,38.55,92,93,29763
1.7791,0.2346,38.58,92,93,29766
1.8426,0.2639,38.40,92,93,29770
1.8133,0.2395,38.40,92,93,29773
1.8231,0.2346,38.49,92,93,29776
1.8280,0.2346,38.62,92,93,29779
1.8280,0.2346,38.55,92,93,29784
1.8866,0.2542,38.46,92,93,29787
1.8573,0.2444,38.49,92,93,29790
1.8475,0.2346,38.46,92,93,29793
1.8475,0.2395,38.55,92,93,29797
1.8524,0.2346,38.62,92,93,29800
1.9110,0.2297,38.40,92,93,29803
1.8817,0.2444,38.49,92,93,29806
1.8768,0.2542,38.49,92,93,29810
1.8768,0.2395,38.74,92,93,29813
1.8719,0.2346,38.55,92,93,29816
1.9208,0.2542,38.40,92,93,29819
1.8768,0.2444,38.43,92,93,29824
1.8768,0.2297,38.49,92,93,29827
1.8768,0.2444,38.55,92,93,29830
1.8719,0.2346,38.55,92,93,29833
1.9306,0.2542,38.36,92,93,29837
1.8964,0.2444,38.49,92,93,29840
1.8719,0.2346,38.49,92,93,29843
1.8524,0.2346,38.52,92,93,29846
1.8377,0.2346,38.74,92,93,29850
1.8964,0.2493,38.40,92,93,29853
1.8622,0.2542,38.46,92,93,29856
1.8475,0.2493,38.52,92,93,29859
1.8475,0.2395,38.68,92,93,29863
1.8426,0.2395,38.58,92,93,29867
1.9013,0.2590,38.40,92,93,29870
1.8573,0.2542,38.46,92,93,29873
1.8426,0.2346,38.49,92,93,29877
1.8426,0.2395,38.55,92,93,29880
1.8280,0.2395,38.55,92,93,29883
1.8524,0.2590,38.33,92,93,29886
1.7889,0.2444,38.46,92,93,29890
1.7546,0.2346,38.52,92,93,29893
1.7546,0.2395,38.55,92,93,29896
1.7546,0.2346,38.52,92,93,29899
1.8035,0.2542,38.33,92,93,29903
1.7742,0.2444,38.46,92,93,29906
1.7791,0.2346,38.52,92,93,29910
1.7986,0.2493,38.52,92,93,29913
1.7937,0.2395,38.55,92,93,29917
1.8280,0.2297,38.33,92,93,29920
1.7546,0.2444,38.46,92,93,29923
1.7449,0.2493,38.52,92,93,29926
1.7498,0.2395,38.55,92,93,29930
1.7644,0.2395,38.58,92,93,29933
1.8475,0.2493,38.33,92,93,29936
1.8377,0.2444,38.46,92,93,29939
1.8328,0.2346,38.52,92,93,29943
1.8377,0.2395,38.49,92,93,29946
1.8377,0.2297,38.55,92,93,29949
1.8866,0.2590,38.33,92,93,29953
1.8426,0.2786,38.49,92,93,29957
1.8231,0.2346,38.52,92,93,29960
1.8231,0.2395,38.55,92,93,29963
1.8133,0.2639,38.55,92,93,29966
1.8622,0.2542,38.30,92,93,29970
1.8182,0.2395,38.58,92,93,29973
1.8133,0.2346,38.52,92,93,29976
1.8231,0.2444,38.52,92,93,29979
1.8768,0.2297,38.58,92,93,29983
1.8817,0.2346,38.55,92,93,29986
1.9208,0.2493,38.21,92,93,29990
1.8915,0.2395,38.52,92,93,29993
1.8964,0.2395,38.46,92,93,29997
1.8866,0.2346,38.58,92,93,30000
1.9062,0.2346,38.62,92,93,30004
1.9599,0.2493,38.43,92,93,30007
1.9648,0.2346,38.52,92,93,30010
1.9941,0.2346,38.40,92,93,30013
2.0039,0.2395,38.55,92,93,30017
2.0088,0.2297,38.55,92,93,30020
2.0137,0.2688,38.46,92,93,30023
1.9550,0.2395,38.58,92,93,30026
1.9257,0.2444,38.55,92,93,30030
1.8866,0.2444,38.52,92,93,30033
1.8622,0.2346,38.77,92,93,30036
1.8622,0.2493,38.40,92,93,30040
1.8182,0.2444,38.52,92,93,30044
1.7986,0.2395,38.46,92,93,30047
1.7742,0.2395,38.52,92,93,30050
1.7791,0.2297,38.55,92,93,30053
1.8231,0.2493,38.43,92,93,30057
1.8035,0.2395,38.52,92,93,30060
1.8084,0.2395,37.90,92,93,30063
1.7840,0.2297,38.55,92,93,30066
1.7889,0.2346,38.58,92,93,30070
1.8231,0.2590,38.43,92,93,30073
1.7840,0.2444,38.43,92,93,30076
1.7644,0.2346,38.46,92,93,30080
1.7498,0.2395,38.55,92,93,30084
1.7498,0.2395,38.55,92,93,30087
1.7986,0.2493,38.36,92,93,30090
1.8133,0.2444,38.40,92,93,30093
1.8280,0.2297,38.43,92,93,30097
1.8280,0.2346,38.55,92,93,30100
1.7986,0.2395,38.52,92,93,30103
1.8475,0.2444,38.43,92,93,30106
1.8182,0.2395,38.52,92,93,30110
1.8035,0.2346,38.46,92,93,30113
1.7937,0.2395,38.55,92,93,30116
1.8182,0.2395,37.93,92,93,30119
1.8866,0.2493,38.43,92,93,30124
1.8915,0.2395,38.55,92,93,30127
1.9501,0.2346,38.46,92,93,30130
2.0626,0.2395,38.55,92,93,30133
2.2483,0.2346,38.58,92,93,30137
2.5073,0.2493,38.33,92,93,30140
2.7615,0.2444,38.46,92,93,30143
3.0352,0.2297,38.46,92,93,30146
3.2356,0.2346,38.52,92,93,30150
3.3578,0.2346,38.55,92,93,30153
3.3920,0.2542,38.40,92,93,30156
3.1281,0.2542,38.49,92,93,30159
2.7908,0.2346,38.46,92,93,30163
2.4487,0.2395,38.58,92,93,30167
2.1457,0.2346,38.55,92,93,30170
1.9599,0.2639,38.43,92,93,30173
1.7302,0.2395,38.52,92,93,30177
1.5934,0.2346,38.49,92,93,30180
1.4956,0.2395,38.65,92,93,30183
1.4370,0.2346,38.40,92,93,30186
1.4321,0.2493,38.40,92,93,30190
1.3636,0.2444,38.46,92,93,30193
1.3587,0.2346,38.49,92,93,30196
1.3490,0.2444,38.55,92,93,30199
1.3539,0.2346,38.05,92,93,30203
1.4174,0.2297,38.40,92,93,30206
1.3930,0.2395,38.52,92,93,30210
1.4076,0.2346,38.49,92,93,30213
1.4174,0.2395,38.55,92,93,30216
1.4467,0.2346,38.55,92,93,30220
1.4663,0.2542,38.36,92,93,30223
1.4516,0.2444,38.52,92,93,30226
1.4712,0.2346,38.49,92,93,30230
1.5005,0.2395,38.52,92,93,30233
1.5347,0.2395,38.52,92,93,30236
1.6080,0.2590,38.43,92,93,30239
1.5689,0.2493,38.49,92,93,30243
1.5640,0.2346,38.49,92,93,30246
1.5738,0.2395,38.77,92,93,30249
1.5836,0.2297,38.55,92,93,30253
1.6422,0.2590,38.33,92,93,30257
1.6227,0.2933,38.46,92,93,30260
1.6325,0.2346,38.49,92,93,30263
1.6422,0.2395,38.55,92,93,30266
1.6422,0.2297,38.58,92,93,30270
1.6813,0.2590,38.36,92,93,30273
1.6422,0.2395,38.65,92,93,30276
1.6373,0.2346,38.52,92,93,30279
1.6520,0.2395,38.52,92,93,30283
1.6618,0.2346,38.55,92,93,30286
1.7155,0.2542,38.40,92,93,30289
1.6862,0.2444,38.55,92,93,30292
1.6813,0.2297,38.52,92,93,30297
1.6960,0.2395,38.55,92,93,30300
1.7155,0.2346,38.43,92,93,30303
1.7840,0.2590,38.36,92,93,30306
1.7546,0.2395,38.49,92,93,30310
1.7449,0.2346,38.52,92,93,30313
1.7400,0.2395,38.46,92,93,30316
1.7253,0.2395,38.68,92,93,30319
1.7644,0.2590,38.36,92,93,30323
1.7155,0.2395,38.52,92,93,30326
1.7155,0.2346,38.58,92,93,30329
1.7302,0.2395,38.02,92,93,30332
1.7449,0.2395,38.58,92,93,30337
1.7937,0.2444,38.36,92,93,30340
1.7644,0.2688,38.46,92,93,30343
1.7595,0.2346,38.55,92,93,30346
1.7644,0.2395,38.55,92,93,30350
1.7498,0.2346,38.58,92,93,30353
1.7937,0.2590,38.33,92,93,30356
1.7595,0.2395,38.58,92,93,30359
1.7595,0.2346,38.49,92,93,30363
1.7449,0.2444,38.55,92,93,30366
1.7351,0.2444,38.55,92,93,30369
1.7840,0.2590,38.33,92,93,30372
1.7449,0.2297,38.49,92,93,30376
1.7302,0.2346,38.55,92,93,30380
1.7400,0.2346,38.55,92,93,30383
1.7498,0.2297,38.55,92,93,30386
1.8280,0.2542,38.33,92,93,30390
1.7791,0.2395,38.46,92,93,30393
1.7595,0.2248,38.55,92,93,30396
1.7595,0.2395,38.68,92,93,30399
1.7546,0.2297,38.55,92,93,30403
1.8133,0.2590,38.33,92,93,30406
1.7840,0.2346,38.46,92,93,30409
1.7937,0.2346,38.52,92,93,30412
1.8035,0.2395,38.55,92,93,30416
1.8084,0.2346,38.55,92,93,30419
1.8622,0.2688,38.30,92,93,30423
1.8280,0.2395,38.65,92,93,30426
1.8231,0.2346,38.55,92,93,30430
1.8328,0.2395,38.55,92,93,30433
1.8377,0.2346,38.52,92,93,30436
1.9062,0.2590,38.30,92,93,30439
1.8768,0.2395,38.46,92,93,30443
1.8719,0.2346,38.55,92,93,30446
1.8866,0.2395,38.52,92,93,30449
1.8866,0.2297,38.65,92,93,30452
1.9746,0.2493,38.30,92,93,30456
1.9208,0.2346,38.49,92,93,30459
1.8817,0.2297,38.62,92,93,30462
1.8866,0.2395,38.52,92,93,30466
1.8622,0.2395,38.55,92,93,30470
1.9062,0.2590,38.27,92,93,30473
1.8573,0.2444,38.58,92,93,30476
1.8377,0.2346,38.58,92,93,30479
1.8280,0.2444,38.52,92,93,30483
1.8280,0.2395,38.55,92,93,30486
1.8817,0.2542,38.33,92,93,30489
1.8426,0.2395,38.43,92,93,30492
1.8377,0.2346,38.55,92,93,30496
1.8377,0.2444,38.55,92,93,30499
1.8280,0.2395,38.58,92,93,30502
1.8817,0.2297,38.27,92,93,30505
1.8719,0.2395,38.46,92,93,30510
1.8964,0.2346,38.62,92,93,30513
1.9110,0.2395,38.52,92,93,30516
1.8817,0.2395,38.62,92,93,30519
1.9013,0.2297,38.30,92,93,30523
1.8133,0.2493,38.46,92,93,30526
1.7693,0.2346,38.68,92,93,30529
1.7546,0.2395,38.58,92,93,30532
1.7302,0.2395,38.55,92,93,30536
1.7693,0.2542,38.27,92,93,30539
1.7302,0.2444,38.46,92,93,30542
1.7302,0.2346,38.55,92,93,30545
1.7449,0.2297,38.55,92,93,30550
1.7449,0.2395,38.55,92,93,30553
1.8035,0.2493,38.30,92,93,30556
1.7595,0.2395,38.65,92,93,30559
1.7595,0.2346,38.55,92,93,30563
1.7644,0.2444,38.52,92,93,30566
1.7546,0.2346,38.62,92,93,30569
1.8084,0.2493,38.24,92,93,30572
1.7840,0.2444,38.46,92,93,30576
1.7693,0.2444,38.46,92,93,30579
1.7889,0.2444,38.49,92,93,30582
1.7937,0.2346,38.55,92,93,30585
1.8524,0.2444,38.24,92,93,30589
1.8719,0.2493,38.43,92,93,30593
1.8573,0.2444,38.52,92,93,30597
1.8475,0.2346,38.46,92,93,30600
1.8426,0.2395,38.58,92,93,30603
1.8475,0.2395,38.62,92,93,30606
1.8915,0.2542,38.36,92,93,30610
1.8622,0.2444,38.55,92,93,30613
1.8573,0.2346,38.46,92,93,30616
1.8524,0.2395,38.46,92,93,30619
1.8426,0.2297,38.55,92,93,30623
1.8817,0.2542,38.43,92,93,30626
1.8524,0.2444,38.49,92,93,30629
1.8426,0.2346,38.52,92,93,30632
1.8377,0.2395,38.55,92,93,30637
1.8475,0.2395,38.55,92,93,30640
1.8915,0.2444,38.40,92,93,30643
1.8719,0.2395,38.46,92,93,30646
1.8817,0.2346,38.46,92,93,30650
1.9257,0.2395,38.55,92,93,30653
1.9208,0.2395,38.55,92,93,30656
1.9990,0.2493,38.74,92,93,30659
1.9892,0.2297,38.52,92,93,30663
1.9795,0.2346,38.43,92,93,30666
1.9453,0.2297,38.55,92,93,30669
1.9062,0.2346,38.65,92,93,30672
1.9110,0.2493,38.43,92,93,30676
1.8426,0.2444,38.49,92,93,30680
1.8133,0.2590,38.52,92,93,30683
1.7937,0.2395,38.62,92,93,30686
1.7791,0.2395,38.58,92,93,30690
1.8035,0.2542,38.40,92,93,30693
1.7595,0.2444,38.49,92,93,30696
1.7400,0.2346,38.52,92,93,30699
1.7351,0.2395,38.55,92,93,30703
1.7253,0.2395,38.55,92,93,30706
1.7595,0.2590,38.40,92,93,30709
1.7253,0.2444,38.52,92,93,30712
1.7058,0.2346,38.49,92,93,30716
1.6960,0.2395,38.55,92,93,30720
1.6862,0.2395,38.55,92,93,30723
1.7302,0.2493,38.36,92,93,30726
1.7058,0.2297,38.49,92,93,30730
1.7009,0.2444,38.49,92,93,30733
1.7058,0.2395,38.52,92,93,30736
1.7058,0.2297,38.55,92,93,30739
1.7742,0.2590,38.36,92,93,30743
1.7449,0.2444,38.46,92,93,30746
1.7449,0.2346,38.52,92,93,30749
1.7498,0.2395,38.55,92,93,30752
1.7644,0.2493,38.55,92,93,30756
1.8328,0.2884,38.40,92,93,30759
1.8280,0.2444,38.49,92,93,30763
1.8524,0.2346,38.49,92,93,30766
1.9062,0.2395,38.55,92,93,30770
1.9648,0.2395,38.55,92,93,30773
2.1212,0.2542,38.36,92,93,30776
2.2239,0.2444,37.93,92,93,30779
2.3851,0.2346,38.46,92,93,30783
2.6002,0.2395,38.55,92,93,30786
2.8250,0.2395,38.58,92,93,30789
3.1378,0.2590,38.33,92,93,30792
3.2258,0.2444,38.49,92,93,30796
3.2356,0.2346,38.62,92,93,30799
3.0890,0.2395,38.55,92,93,30802
2.8006,0.2395,38.55,92,93,30806
2.5660,0.2590,37.59,92,93,30810
2.2532,0.2395,38.46,92,93,30813
1.9844,0.2590,38.52,92,93,30816
1.7986,0.2395,38.55,92,93,30819
1.6373,0.2346,38.55,92,93,30822
1.5494,0.2590,38.30,92,93,30826
1.4223,0.2395,38.40,92,93,30829
1.3685,0.2346,38.58,92,93,30832
1.3343,0.2786,38.55,92,93,30835
1.3050,0.2395,38.46,92,93,30839
1.3245,0.2590,38.33,92,93,30842
1.3050,0.2395,38.46,92,93,30845
1.3148,0.2346,38.55,92,93,30849
1.3343,0.2395,38.55,92,93,30853
1.3636,0.2395,38.58,92,93,30856
1.4467,0.2542,38.30,92,93,30859
1.4418,0.2395,38.55,92,93,30862
1.4614,0.2297,38.55,92,93,30866
1.4858,0.2297,38.55,92,93,30869
1.5005,0.2395,38.58,92,93,30872
1.5640,0.2493,38.30,92,93,30875
1.5347,0.2395,38.46,92,93,30879
1.5543,0.2542,38.55,92,93,30882
1.5738,0.2493,38.49,92,93,30885
1.5836,0.2395,38.58,92,93,30888
1.6422,0.2542,38.33,92,93,30893
1.6178,0.2395,38.49,92,93,30896
1.6276,0.2346,38.30,92,93,30899
1.6325,0.2395,38.52,92,93,30902
1.6373,0.2346,38.55,92,93,30906
1.6764,0.2493,38.21,92,93,30909
1.6520,0.2444,38.49,92,93,30912
1.6471,0.2346,38.65,92,93,30915
1.6520,0.2444,38.52,92,93,30919
1.6520,0.2395,38.55,92,93,30922
1.7058,0.2297,38.24,92,93,30925
1.6618,0.2346,38.46,92,93,30928
1.6764,0.2346,38.62,92,93,30932
1.6911,0.2395,38.52,92,93,30936
1.7204,0.2395,38.55,92,93,30939
1.7400,0.2542,38.27,92,93,30942
1.7107,0.2395,38.52,92,93,30946
1.7155,0.2297,38.58,92,93,30949
1.7351,0.2395,38.55,92,93,30952
1.7155,0.2346,38.55,92,93,30955
1.7644,0.2493,38.27,92,93,30959
1.7400,0.2444,38.49,92,93,30962
1.7351,0.2395,38.55,92,93,30965
1.7693,0.2395,38.55,92,93,30968
1.7400,0.2395,38.52,92,93,30972
1.7791,0.2493,38.27,92,93,30976
1.7302,0.2346,38.49,92,93,30979
1.7302,0.2297,38.62,92,93,30982
1.7449,0.2444,38.52,92,93,30986
1.7498,0.2444,38.58,92,93,30989
1.7986,0.2542,38.27,92,93,30992
1.7644,0.2346,38.52,92,93,30995
1.7840,0.2297,38.55,92,93,30999
1.8084,0.2444,38.52,92,93,31002
1.8084,0.2444,38.55,92,93,31005
1.8622,0.2493,38.36,92,93,31008
1.8377,0.2444,38.49,92,93,31012
1.8475,0.2444,38.58,92,93,31015
1.8524,0.2395,38.52,92,93,31019
1.8182,0.2395,38.58,92,93,31022
1.8573,0.2493,38.27,92,93,31026
1.7986,0.2346,38.52,92,93,31029
1.7791,0.2444,38.62,92,93,31032
1.7742,0.2444,38.49,92,93,31035
1.7449,0.2395,38.62,92,93,31039
1.7889,0.2590,38.30,92,93,31042
1.7498,0.2346,38.49,92,93,31045
1.7693,0.2297,38.55,92,93,31048
1.7986,0.2395,38.49,92,93,31052
1.8084,0.2444,38.58,92,93,31055
1.8719,0.2444,38.27,92,93,31058
1.8475,0.2444,38.46,92,93,31062
1.8377,0.2444,38.52,92,93,31066
1.8573,0.2542,38.52,92,93,31069
1.8426,0.2395,38.55,92,93,31072
1.8866,0.2444,38.30,92,93,31075
1.8719,0.2346,38.55,92,93,31079
1.8524,0.2395,38.49,92,93,31082
1.8719,0.2444,38.49,92,93,31085
1.8573,0.2444,38.58,92,93,31088
1.8866,0.2444,38.36,92,93,31092
1.8377,0.2542,38.52,92,93,31095
1.8377,0.2297,38.55,92,93,31098
1.8573,0.2444,38.49,92,93,31101
1.8426,0.2395,38.55,92,93,31106
1.8817,0.2493,38.30,92,93,31109
1.8573,0.2395,38.55,92,93,31112
1.8426,0.2346,38.55,92,93,31115
1.8622,0.2444,38.49,92,93,31119
1.8377,0.2395,38.52,92,93,31122
1.8768,0.2493,38.36,92,93,31125
1.8328,0.2346,38.52,92,93,31128
1.8573,0.2395,38.58,92,93,31132
1.8377,0.2981,38.49,92,93,31135
1.8231,0.2395,38.62,92,93,31138
1.8671,0.2444,38.27,92,93,31141
1.8328,0.2297,38.52,92,93,31145
1.8377,0.2346,38.55,92,93,31149
1.8524,0.2786,38.52,92,93,31152
1.8328,0.2395,38.68,92,93,31155
1.8768,0.2444,38.33,92,93,31159
1.8377,0.2346,38.43,92,93,31162
1.8182,0.2395,38.62,92,93,31165
1.8328,0.2444,38.49,92,93,31168
1.8280,0.2395,38.55,92,93,31172
1.8671,0.2542,38.30,92,93,31175
1.8426,0.2493,38.52,92,93,31178
1.8573,0.2346,38.55,92,93,31181
1.8915,0.2395,38.52,92,93,31185
1.8719,0.2346,38.55,92,93,31188
1.9257,0.2444,38.40,92,93,31192
1.8719,0.2346,38.52,92,93,31195
1.8866,0.2346,38.58,92,93,31199
1.8573,0.2493,38.49,91,93,31202
1.7937,0.2395,38.55,91,93,31206
1.8280,0.2395,38.52,91,93,31209
1.8573,0.2590,38.27,91,93,31212
1.8280,0.2395,38.46,91,93,31215
1.8426,0.2346,38.52,91,93,31219
1.8573,0.2444,38.52,91,93,31222
1.8671,0.2395,38.49,91,93,31225
1.9306,0.2590,38.30,91,93,31228
1.9159,0.2395,38.43,91,93,31233
1.8915,0.2297,38.52,91,93,31236
1.9013,0.2444,37.90,91,93,31239
1.8915,0.2395,38.55,91,93,31242
1.9550,0.2542,38.30,91,93,31246
1.9159,0.2444,38.43,91,93,31249
1.9110,0.2297,38.55,91,93,31252
1.9257,0.2297,38.52,91,93,31255
1.9257,0.2346,38.55,91,93,31259
1.9844,0.2590,38.36,91,93,31262
1.9404,0.2395,38.40,91,93,31265
1.9306,0.2297,38.55,91,93,31268
1.9306,0.2444,38.52,91,93,31272
1.9306,0.2395,38.55,91,93,31276
1.9892,0.2493,38.27,91,93,31279
1.9501,0.2395,38.49,91,93,31282
1.9501,0.2346,38.55,91,93,31286
1.9648,0.2444,38.52,91,93,31289
1.9648,0.2395,38.55,91,93,31292
2.0235,0.2542,38.27,91,93,31295
1.9892,0.2444,38.62,91,93,31299
1.9746,0.2297,38.55,91,93,31302
1.9697,0.2395,38.52,91,93,31305
1.9404,0.2346,38.55,91,93,31308
1.9697,0.2493,38.27,91,93,31312
1.8964,0.2395,38.49,91,93,31315
1.8817,0.2346,38.58,91,93,31319
1.8524,0.2444,38.55,91,93,31322
1.8377,0.2395,38.58,91,93,31326
1.8866,0.2493,38.27,91,93,31329
1.8377,0.2395,38.52,91,93,31332
1.8328,0.2395,38.55,91,93,31335
1.8377,0.2444,38.52,91,93,31339
1.8231,0.2395,38.55,91,93,31342
1.8768,0.2542,38.30,91,93,31345
1.8573,0.2395,38.49,91,93,31348
1.8377,0.2346,38.55,91,93,31352
1.8475,0.2395,38.52,91,93,31355
1.8328,0.2395,38.55,91,93,31358
1.8719,0.2542,38.27,91,93,31362
1.8280,0.2444,38.46,91,93,31366
1.7937,0.2346,38.52,91,93,31369
1.7889,0.2444,38.52,91,93,31372
1.7693,0.2395,38.55,91,93,31375
1.8035,0.2737,38.27,91,93,31379
1.7498,0.2346,37.93,91,93,31382
1.7400,0.2346,38.55,91,93,31385
1.7400,0.2395,38.52,91,93,31388
1.7302,0.2395,38.55,91,93,31392
1.7889,0.2493,38.27,91,93,31395
1.7986,0.2395,38.46,91,93,31398
1.7937,0.2346,38.46,91,93,31401
1.8426,0.2444,38.65,91,93,31406
1.8817,0.2395,38.55,91,93,31409
2.0039,0.2542,38.24,91,93,31412
2.0430,0.2395,38.52,91,93,31415
2.1750,0.2346,38.58,91,93,31419
2.3558,0.2444,38.52,91,93,31422
2.5464,0.2395,38.55,91,93,31425
2.8348,0.2493,38.30,91,93,31428
2.9961,0.2444,38.49,91,93,31432
3.1769,0.2395,38.55,91,93,31435
3.2551,0.2444,38.52,91,93,31438
3.1476,0.2395,38.55,91,93,31441
2.9863,0.2542,38.30,91,93,31446
2.6393,0.2444,38.46,91,93,31449
2.3265,0.2395,38.58,91,93,31452
2.0919,0.2297,38.55,91,93,31455
1.8622,0.2346,38.52,91,93,31459
1.7400,0.2493,38.30,91,93,31462
1.5836,0.2395,38.52,91,93,31465
1.4809,0.2346,38.71,91,93,31468
1.4370,0.2444,38.55,91,93,31472
1.4272,0.2395,38.58,91,93,31475
1.4125,0.2444,38.33,91,93,31478
1.3685,0.2346,38.49,91,93,31481
1.3930,0.2297,38.58,91,93,31485
1.4174,0.2444,38.52,91,93,31489
1.4272,0.2346,38.55,91,93,31492
1.4809,0.2493,38.27,91,93,31495
1.4809,0.2444,38.49,91,93,31499
1.4858,0.2444,38.55,91,93,31502
1.5103,0.2395,38.55,91,93,31505
1.5152,0.2395,38.58,91,93,31508
1.5689,0.2493,38.30,91,93,31512
1.5543,0.2346,38.52,91,93,31515
1.5689,0.2444,38.58,91,93,31518
1.5982,0.2444,38.52,91,93,31521
1.6129,0.2395,38.55,91,93,31525
1.6618,0.2346,38.30,91,93,31528
1.6373,0.2395,38.52,91,93,31532
1.6569,0.2346,38.55,91,93,31535
1.6618,0.2444,38.52,91,93,31539
1.6373,0.2346,38.58,91,93,31542
1.6618,0.2444,38.30,91,93,31545
1.6227,0.2444,38.49,91,93,31548
1.6080,0.2395,38.58,91,93,31552
1.6227,0.2542,38.49,91,93,31555
1.6129,0.2737,38.58,91,93,31558
1.6716,0.2444,38.30,91,93,31561
1.6569,0.2395,38.55,91,93,31565
1.6764,0.2346,38.68,91,93,31568
1.6960,0.2444,38.49,91,93,31571
1.6764,0.2395,38.58,91,93,31575
1.7302,0.2395,38.33,91,93,31579
1.6667,0.2346,38.52,91,93,31582
1.6716,0.2346,38.55,91,93,31585
1.6911,0.2444,38.52,91,93,31588
1.6862,0.2395,38.55,91,93,31592
1.7204,0.2493,38.30,91,93,31595
1.7155,0.2444,38.52,91,93,31598
1.7155,0.2346,38.58,91,93,31601
1.7400,0.2444,38.49,91,93,31605
1.7253,0.2346,38.58,91,93,31608
1.7595,0.2444,38.30,91,93,31611
1.7253,0.2395,38.58,91,93,31614
1.7302,0.2346,38.55,91,93,31619
1.7498,0.2444,38.49,91,93,31622
1.7400,0.2395,38.58,91,93,31625
1.8035,0.2542,38.30,91,93,31628
1.7498,0.2444,38.55,91,93,31632
1.7644,0.2395,38.55,91,93,31635
1.7889,0.2444,38.49,91,93,31638
1.7840,0.2297,38.55,91,93,31641
1.8182,0.2493,38.30,91,93,31645
1.7937,0.2395,38.46,91,93,31648
1.7986,0.2297,38.58,91,93,31651
1.8133,0.2542,38.46,91,93,31654
1.7986,0.2639,38.62,91,93,31659
1.8328,0.2444,38.30,91,93,31662
1.8035,0.2395,38.55,91,93,31665
1.7986,0.2395,38.55,91,93,31668
1.8231,0.2444,38.46,91,93,31672
1.8182,0.2297,38.58,91,93,31675
1.8622,0.2493,38.33,91,93,31678
1.8377,0.2444,38.55,91,93,31681
1.8573,0.2346,38.58,91,93,31685
1.8866,0.2493,38.46,91,93,31688
1.8768,0.2395,38.55,91,93,31691
1.9208,0.2444,38.33,91,93,31694
1.9062,0.2395,38.46,91,93,31698
1.8964,0.2297,38.55,91,93,31702
1.9110,0.2493,38.46,91,93,31705
1.8817,0.2493,38.68,91,93,31708
1.9110,0.2444,38.33,91,93,31712
1.8719,0.2395,38.52,91,93,31715
1.8866,0.2444,38.55,91,93,31718
1.8768,0.2493,38.46,91,93,31721
1.8524,0.2395,38.52,91,93,31725
1.9013,0.2395,38.33,91,93,31728
1.8524,0.2395,38.58,91,93,31731
1.8475,0.2395,38.62,91,93,31734
1.8768,0.2493,38.52,91,93,31738
1.8671,0.2395,38.55,91,93,31741
1.9159,0.2444,38.33,91,93,31745
1.8622,0.2395,38.46,91,93,31748
1.8475,0.2346,38.43,91,93,31752
1.8622,0.2493,38.49,91,93,31755
1.8475,0.2395,38.58,91,93,31758
1.9159,0.2444,38.33,91,93,31761
1.8426,0.2395,38.55,91,93,31765
1.8377,0.2395,38.55,91,93,31768
1.8426,0.2493,38.55,91,93,31771
1.8231,0.2395,38.55,91,93,31774
1.8475,0.2444,38.30,91,93,31778
1.8084,0.2590,38.55,91,93,31781
1.8133,0.2297,38.55,91,93,31784
1.8426,0.2493,38.46,91,93,31788
1.8280,0.2395,38.55,91,93,31792
1.8671,0.2493,38.36,91,93,31795
1.8475,0.2395,38.52,91,93,31798
1.8280,0.2297,38.58,91,93,31801
1.8280,0.2493,38.46,91,93,31805
1.7986,0.2444,38.55,91,93,31808
1.8182,0.2444,38.40,91,93,31811
1.8328,0.2737,38.27,91,93,31815
1.7986,0.2395,38.55,91,93,31818
1.8182,0.2346,38.55,91,93,31821
1.8573,0.2542,38.52,91,93,31825
1.8817,0.2395,38.58,91,93,31828
1.9355,0.2590,38.24,91,93,31832
1.9013,0.2444,38.46,91,93,31835
1.8719,0.2444,38.55,91,93,31839
1.8719,0.2493,38.52,91,93,31842
1.8524,0.2444,38.55,91,93,31845
1.9110,0.2493,38.43,91,93,31848
1.8768,0.2395,38.40,91,93,31852
1.8719,0.2346,38.58,91,93,31855
1.8817,0.2395,38.52,91,93,31858
1.8719,0.2395,38.68,91,93,31861
1.9159,0.2493,38.27,91,93,31865
1.8671,0.2395,38.49,91,93,31868
1.8524,0.2444,38.55,91,93,31872
1.8475,0.2444,38.49,91,93,31875
1.8231,0.2395,38.55,91,93,31879
1.8768,0.2493,38.27,91,93,31882
1.8622,0.2444,38.46,91,93,31885
1.8475,0.2297,38.62,91,93,31888
1.8622,0.2493,38.52,91,93,31892
1.8622,0.2395,38.68,91,93,31895
1.9159,0.2493,38.30,91,93,31898
1.8719,0.2395,38.46,91,93,31901
1.8719,0.2346,38.55,91,93,31905
1.8866,0.2395,38.52,91,93,31908
1.8817,0.2395,38.58,91,93,31911
1.9453,0.2297,38.30,91,93,31915
1.9355,0.2395,38.49,91,93,31919
1.9062,0.2297,38.62,91,93,31922
1.9208,0.2444,38.55,91,93,31925
1.9110,0.2346,38.58,91,93,31928
1.9795,0.2493,38.27,91,93,31932
1.9648,0.2493,38.46,91,93,31935
1.9697,0.2346,38.65,91,93,31938
1.9941,0.2444,38.30,91,93,31941
2.0039,0.2346,38.62,91,93,31945
2.0528,0.2639,38.21,91,93,31948
1.9941,0.2395,38.40,91,93,31951
1.9844,0.2395,38.58,91,93,31954
1.9795,0.2395,38.52,91,93,31959
1.9501,0.2395,38.81,91,93,31962
1.9746,0.2297,38.24,91,93,31965
1.9062,0.2395,38.49,91,93,31968
1.8915,0.2395,38.62,91,93,31972
1.8964,0.2444,38.52,91,93,31975
1.8817,0.2395,38.62,91,93,31978
1.9208,0.2542,38.24,91,93,31981
1.8866,0.2395,38.49,91,93,31985
1.8671,0.2395,38.58,91,93,31988
1.8719,0.2444,38.52,91,93,31991
1.8719,0.2346,38.58,91,93,31994
1.9208,0.2590,38.27,91,93,31998
1.8719,0.2395,38.55,91,93,32002
1.8671,0.2297,38.58,91,93,32005
1.8671,0.2444,38.52,91,93,32008
1.8475,0.2395,38.58,91,93,32012
1.8768,0.2493,38.30,91,93,32015
1.8231,0.2444,38.52,91,93,32018
1.8133,0.2346,38.52,91,93,32021
1.8280,0.2444,38.55,91,93,32025
1.8328,0.2395,38.55,91,93,32028
1.8817,0.2542,38.30,91,93,32031
1.8475,0.2444,38.52,91,93,32034
1.8231,0.2346,38.58,91,93,32038
1.8475,0.2297,38.52,91,93,32041
1.8768,0.2444,38.55,91,93,32045
1.9501,0.2493,37.53,91,93,32048
1.9404,0.2346,38.62,91,93,32052
1.9892,0.2395,38.55,91,93,32055
2.0626,0.2493,38.49,91,93,32058
2.1603,0.2395,38.58,91,93,32061
2.3754,0.2493,38.30,91,93,32065
2.5318,0.2346,38.55,91,93,32068
2.7810,0.2395,37.99,91,93,32071
3.0499,0.2493,38.49,91,93,32074
3.2307,0.2346,38.58,91,93,32078
3.4115,0.2493,38.30,91,93,32081
3.2991,0.2444,38.46,91,93,32084
3.0499,0.2395,38.55,91,93,32088
2.7713,0.2639,38.49,91,93,32092
2.4438,0.2395,38.58,91,93,32095
2.2287,0.2542,38.30,91,93,32098
1.9648,0.2346,38.52,91,93,32101
1.7937,0.2395,38.55,91,93,32105
1.6716,0.2444,38.49,91,93,32108
1.5591,0.2395,38.52,91,93,32111
1.5298,0.2444,38.30,91,93,32114
1.4516,0.2297,38.55,91,93,32118
1.4516,0.2395,38.55,91,93,32121
1.4370,0.2395,38.52,91,93,32124
1.4321,0.2395,38.58,91,93,32128
1.4907,0.2444,38.30,91,93,32132
1.4858,0.2542,38.46,91,93,32135
1.5005,0.2395,38.55,91,93,32138
1.5347,0.2444,38.49,91,93,32141
1.5689,0.2346,38.58,91,93,32145
1.6178,0.2444,38.33,91,93,32148
1.6227,0.2395,38.58,91,93,32151
1.6471,0.2346,38.55,91,93,32154
1.6813,0.2542,38.49,91,93,32158
1.6716,0.2395,38.65,91,93,32161
1.7009,0.2542,38.33,91,93,32164
1.6667,0.2346,38.55,91,93,32167
1.6618,0.2395,38.58,91,93,32172
1.6764,0.2444,38.49,91,93,32175
1.6716,0.2395,38.55,91,93,32178
1.7644,0.2297,38.33,91,93,32181
1.7351,0.2395,38.46,91,93,32185
1.7351,0.2346,38.49,91,93,32188
1.7693,0.2493,38.52,91,93,32191
1.7693,0.2395,38.58,91,93,32194
1.8133,0.2444,38.30,91,93,32198
1.7546,0.2395,38.49,91,93,32201
1.7400,0.2346,38.58,91,93,32204
1.7546,0.2493,38.49,91,93,32207
1.7449,0.2395,38.62,91,93,32211
1.7986,0.2444,38.33,91,93,32215
1.7840,0.2395,38.52,91,93,32218
1.7937,0.2346,38.55,91,93,32221
1.8133,0.2444,38.49,91,93,32225
1.7937,0.2297,38.52,91,93,32228
1.8231,0.2395,38.30,91,93,32231
1.7937,0.2395,38.46,91,93,32234
1.7742,0.2297,38.58,91,93,32238
1.7937,0.2493,38.46,91,93,32241
1.7840,0.2346,38.55,91,93,32244
1.8231,0.2444,38.49,91,93,32247
1.7937,0.2297,38.55,91,93,32251
1.7986,0.2346,38.58,91,93,32254
1.8231,0.2688,38.46,91,93,32258
1.8328,0.2395,38.55,91,93,32261
1.8719,0.2542,38.33,91,93,32265
1.8328,0.2444,38.58,91,93,32268
1.8231,0.2346,37.99,91,93,32271
1.8328,0.2444,38.46,91,93,32274
1.8182,0.2297,38.55,91,93,32278
1.8671,0.2639,38.33,91,93,32281
1.8719,0.2395,38.52,91,93,32284
1.8719,0.2346,38.58,91,93,32287
1.8866,0.2493,38.46,91,93,32291
1.8671,0.2639,38.55,91,93,32294
1.8964,0.2444,38.40,91,93,32297
1.8573,0.2395,38.55,91,93,32301
1.8671,0.2346,38.52,91,93,32305
1.8915,0.2493,38.46,91,93,32308
1.8768,0.2395,38.55,91,93,32311
1.9110,0.2395,38.33,91,93,32314
1.9208,0.2395,38.58,91,93,32318
1.9110,0.2346,38.55,91,93,32321
1.9257,0.2444,38.49,91,93,32324
1.9062,0.2395,38.55,91,93,32327
1.9453,0.2395,38.36,91,93,32331
1.9355,0.2395,38.43,91,93,32334
1.9404,0.2297,38.55,91,93,32337
1.9844,0.2297,38.43,91,93,32340
1.9990,0.2395,38.55,91,93,32345
2.0577,0.2395,38.33,91,93,32348
2.0332,0.2395,38.58,91,93,32351
2.0430,0.2346,38.55,91,93,32354
2.0479,0.2444,38.46,91,93,32358
2.0137,0.2395,38.55,91,93,32361
2.0186,0.2444,38.40,91,93,32364
1.9844,0.2395,38.46,91,93,32367
1.9795,0.2346,38.58,91,93,32371
1.9892,0.2395,38.46,91,93,32374
1.9550,0.2395,38.55,91,93,32377
1.9795,0.2395,38.71,91,93,32380
1.9697,0.2346,38.46,91,93,32385
1.9746,0.2346,38.55,91,93,32388
1.9892,0.2395,38.43,91,93,32391
1.9599,0.2395,38.52,91,93,32394
1.9697,0.2395,38.36,91,93,32398
1.9257,0.2395,38.55,91,93,32401
1.9501,0.2346,38.55,91,93,32404
1.9795,0.2395,38.46,91,93,32407
1.9599,0.2395,38.55,91,93,32411
1.9697,0.2639,38.36,91,93,32414
1.9550,0.2444,38.55,91,93,32417
1.9550,0.2395,38.55,91,93,32420
1.9599,0.2444,38.43,91,93,32424
1.9159,0.2444,38.36,91,93,32428
1.9159,0.2395,38.58,91,93,32431
1.9697,0.2542,38.30,91,93,32435
1.9355,0.2346,37.77,91,93,32438
1.9257,0.2346,38.55,91,93,32441
1.9355,0.2542,38.52,91,93,32444
1.9013,0.2835,38.52,91,93,32448
1.9355,0.2444,38.30,91,93,32451
1.8915,0.2297,38.52,91,93,32454
1.9062,0.2688,38.62,91,93,32457
1.9453,0.2444,38.62,91,93,32461
1.9404,0.2395,38.62,91,93,32464
2.0039,0.2395,38.30,91,93,32467
1.9746,0.2395,38.46,91,93,32471
1.9648,0.2346,38.55,91,93,32475
1.9990,0.2444,38.49,91,93,32478
1.9844,0.2395,38.74,91,93,32481
2.0381,0.2297,38.30,91,93,32484
1.9795,0.2395,38.55,91,93,32488
1.9795,0.2395,38.52,91,93,32491
2.0186,0.2444,38.49,91,93,32494
2.0332,0.2395,38.62,91,93,32497
2.0821,0.2444,38.36,91,93,32501
2.0430,0.2297,38.55,91,93,32504
2.0332,0.2395,38.58,91,93,32507
2.0283,0.2493,38.43,91,93,32510
1.9795,0.2395,38.58,91,93,32515
2.0039,0.2444,38.33,91,93,32518
1.9844,0.2395,38.52,91,93,32521
1.9844,0.2395,38.55,91,93,32524
2.0186,0.2542,38.46,91,93,32528
1.9990,0.2395,38.58,91,93,32531
2.0332,0.2395,38.36,91,93,32534
1.9990,0.2395,38.52,91,93,32537
2.0088,0.2395,38.62,91,93,32541
2.0283,0.2444,38.43,91,93,32544
1.9844,0.2395,38.52,91,93,32547
1.9941,0.2395,38.40,91,93,32550
1.9648,0.2395,38.55,91,93,32555
1.9892,0.2395,38.58,91,93,32558
2.0235,0.2493,38.46,91,93,32561
2.0088,0.2395,38.58,91,93,32564
2.0528,0.2444,38.36,91,93,32567
2.0577,0.2395,38.62,91,93,32571
2.0870,0.2346,38.55,91,93,32574
2.1065,0.2444,38.43,91,93,32577
2.1017,0.2395,38.58,91,93,32580
2.1359,0.2395,38.43,91,93,32584
2.1114,0.2395,38.52,91,93,32587
2.1017,0.2346,38.55,91,93,32590
2.0870,0.2346,38.46,91,93,32593
2.0479,0.2395,38.68,91,93,32598
2.0430,0.2395,38.43,91,93,32601
1.9892,0.2444,38.58,91,93,32604
1.9697,0.2395,38.52,91,93,32607
1.9795,0.2444,38.43,91,93,32611
1.9404,0.2395,38.58,91,93,32614
1.9892,0.2346,38.40,91,93,32617
1.9208,0.2346,38.49,91,93,32620
1.9257,0.2346,38.55,91,93,32624
1.9550,0.2395,38.46,91,93,32627
1.9306,0.2395,38.49,91,93,32630
1.9599,0.2395,38.43,91,93,32633
1.9208,0.2346,38.55,91,93,32637
1.9257,0.2395,38.62,91,93,32641
1.9404,0.2395,38.40,91,93,32644
1.9257,0.2297,38.52,91,93,32647
1.9501,0.2493,38.40,91,93,32651
1.9208,0.2639,38.62,91,93,32654
1.9257,0.2346,38.58,91,93,32657
1.9892,0.2395,38.43,91,93,32660
1.9208,0.2346,38.52,91,93,32664
1.9501,0.2444,38.43,91,93,32667
1.9208,0.2346,38.52,91,93,32670
1.9404,0.2346,38.58,91,93,32673
1.9746,0.2395,38.49,91,93,32677
1.9746,0.2395,38.52,91,93,32680
2.0088,0.2737,38.49,91,93,32684
1.9941,0.2297,38.58,91,93,32687
2.0381,0.2346,38.55,91,93,32691
2.1359,0.2346,38.52,91,93,32694
2.2630,0.2297,38.55,91,93,32697
2.4780,0.2346,38.40,91,93,32700
2.6784,0.2395,38.77,91,93,32704
2.9326,0.2346,38.55,91,93,32707
3.2258,0.2542,38.46,91,93,32710
3.3627,0.2444,38.52,91,93,32713
3.4555,0.2444,38.43,91,93,32717
3.2991,0.2395,38.55,91,93,32720
3.0254,0.2444,38.55,91,93,32723
2.7322,0.2444,38.68,91,93,32727
2.3998,0.2297,38.55,91,93,32730
2.1505,0.2493,38.36,91,93,32734
1.9159,0.2395,38.62,91,93,32737
1.7498,0.2346,38.58,91,93,32740
1.6422,0.2444,38.52,91,93,32743
1.5396,0.2395,38.52,91,93,32747
1.4858,0.2444,38.43,91,93,32750
1.4321,0.2346,38.55,91,93,32753
1.4076,0.2444,38.62,91,93,32756
1.4370,0.2444,38.43,91,93,32760
1.4370,0.2395,38.52,91,93,32763
1.4761,0.2395,38.43,91,93,32766
1.4809,0.2395,38.52,91,93,32770
1.5054,0.2297,38.58,91,93,32774
1.5543,0.2444,38.49,91,93,32777
1.5543,0.2346,38.52,91,93,32780
1.5885,0.2395,38.40,91,93,32783
1.5885,0.2297,38.58,91,93,32787
1.6178,0.2346,38.55,91,93,32790
1.6569,0.2444,38.55,91,93,32793
1.6569,0.2395,38.43,91,93,32796
1.6862,0.2395,38.43,91,93,32800
1.6813,0.2395,38.55,91,93,32803
1.6911,0.2346,38.55,91,93,32806
1.7351,0.2444,38.74,91,93,32809
1.7204,0.2395,38.62,91,93,32814
1.7498,0.2395,38.43,91,93,32817
1.7351,0.2395,38.55,91,93,32820
1.7351,0.2346,38.58,91,93,32823
1.7595,0.2444,38.49,91,93,32827
1.7546,0.2346,38.55,91,93,32830
1.7840,0.2395,37.68,91,93,32833
1.7791,0.2297,38.55,91,93,32836
1.7986,0.2346,38.55,91,93,32840
1.8328,0.2444,38.52,91,93,32843
1.8133,0.2395,38.55,91,93,32846
1.8231,0.2346,38.43,91,93,32849
1.7937,0.2395,38.55,91,93,32854
1.7791,0.2346,38.65,91,93,32857
1.7986,0.2444,38.40,91,93,32860
1.7742,0.2346,38.52,91,93,32863
1.7546,0.2395,38.52,91,93,32867
1.7351,0.2395,38.55,91,93,32870
1.7498,0.2346,38.55,91,93,32873
1.7840,0.2542,38.43,91,93,32876
1.7693,0.2395,38.21,91,93,32880
1.7791,0.2395,38.43,91,93,32883
1.7595,0.2395,38.55,91,93,32886
1.7595,0.2444,38.55,91,93,32889
1.7937,0.2493,38.49,91,93,32893
1.7693,0.2395,38.55,91,93,32897
1.7889,0.2346,38.40,91,93,32900
1.7742,0.2395,38.65,91,93,32903
1.7791,0.2297,38.55,91,93,32907
1.8084,0.2395,38.43,91,93,32910
1.7937,0.2395,38.52,91,93,32913
1.8084,0.2395,38.49,91,93,32916
1.7986,0.2395,38.55,91,93,32920
1.7937,0.2590,38.58,91,93,32923
1.8328,0.2493,38.43,91,93,32926
1.8035,0.2395,38.52,91,93,32929
1.8084,0.2346,38.46,91,93,32933
1.7986,0.2395,38.58,91,93,32936
1.8084,0.2346,38.58,91,93,32940
1.8524,0.2493,38.43,91,93,32943
1.8231,0.2346,38.55,91,93,32947
1.8280,0.2346,38.40,91,93,32950
1.8280,0.2346,38.55,91,93,32953
1.8280,0.2346,38.55,91,93,32956
1.8768,0.2444,38.36,91,93,32960
1.8524,0.2444,38.52,91,93,32963
1.8524,0.2346,38.52,91,93,32966
1.8475,0.2395,38.55,91,93,32969
1.8671,0.2395,38.55,91,93,32973
1.9306,0.2493,38.36,91,93,32976
1.9355,0.2395,38.55,91,93,32979
1.9648,0.2346,38.46,91,93,32983
1.9501,0.2395,38.55,91,93,32987
1.9453,0.2493,38.58,91,93,32990
1.9892,0.2493,38.46,91,93,32993
1.9697,0.2395,38.55,91,93,32996
1.9941,0.2395,38.46,91,93,33000
1.9648,0.2346,38.55,91,93,33003
1.9355,0.2346,38.77,91,93,33006
1.9550,0.2493,38.36,91,93,33009
1.8964,0.2395,38.52,91,93,33013
1.8768,0.2346,38.46,91,93,33016
1.8524,0.2346,38.68,91,93,33019
1.8475,0.2346,38.55,91,93,33022
1.8866,0.2444,38.43,91,93,33027
1.8622,0.2395,38.52,91,93,33030
1.8622,0.2346,38.46,91,93,33033
1.8524,0.2395,38.55,91,93,33036
1.8328,0.2346,38.55,91,93,33040
1.8622,0.2346,38.55,91,93,33043
1.8622,0.2493,38.36,91,93,33047
1.8328,0.2444,38.52,91,93,33050
1.8573,0.2395,38.43,91,93,33053
1.8377,0.2346,38.58,91,93,33056
1.8280,0.2786,38.52,91,93,33060
1.8475,0.2444,38.74,91,93,33063
1.8280,0.2395,38.55,91,93,33067
1.8426,0.2346,38.43,91,93,33070
1.8182,0.2346,38.46,91,93,33074
1.8182,0.2346,38.52,91,93,33077
1.8377,0.2395,38.52,91,93,33080
1.8231,0.2395,38.55,91,93,33083
1.8328,0.2444,38.40,91,93,33087
1.8035,0.2395,38.46,91,93,33090
1.8035,0.2346,38.55,91,93,33093
1.8426,0.2493,38.46,91,93,33096
1.8231,0.2297,38.55,91,93,33100
1.8475,0.2395,38.43,91,93,33103
1.8231,0.2297,38.49,91,93,33106
1.8573,0.2346,38.49,91,93,33110
1.8524,0.2444,38.49,91,93,33114
1.8426,0.2346,38.52,91,93,33117
1.9013,0.2395,38.40,91,93,33120
1.8475,0.2688,38.58,91,93,33123
1.8524,0.2346,38.52,91,93,33127
1.8768,0.2444,38.52,91,93,33130
1.8768,0.2444,38.52,91,93,33133
1.8964,0.2737,38.43,91,93,33136
1.8817,0.2346,38.46,91,93,33140
1.8964,0.2297,38.58,91,93,33143
1.9697,0.2395,38.43,91,93,33146
1.9208,0.2346,38.55,91,93,33149
1.9404,0.2395,38.40,91,93,33154
1.9208,0.2346,38.55,91,93,33157
1.9159,0.2395,38.52,91,93,33160
1.9355,0.2444,38.58,91,93,33163
1.9013,0.2395,38.55,91,93,33167
1.8964,0.2688,38.43,91,93,33170
1.8524,0.2346,38.74,91,93,33173
1.8377,0.2346,38.46,91,93,33176
1.8573,0.2444,38.46,91,93,33180
1.8426,0.2395,38.52,91,93,33183
1.8524,0.2395,38.43,91,93,33186
1.8328,0.2346,38.46,91,93,33189
1.8426,0.2346,38.58,91,93,33193
1.8866,0.2493,38.40,91,93,33197
1.8671,0.2248,38.52,91,93,33200
1.9013,0.2346,38.43,91,93,33203
1.9013,0.2297,38.55,91,93,33207
1.9306,0.2346,38.52,91,93,33210
1.9697,0.2493,38.46,91,93,33213
1.9599,0.2395,38.58,91,93,33216
1.9795,0.2346,38.43,91,93,33220
1.9599,0.2395,38.55,91,93,33223
1.9550,0.2297,38.40,91,93,33226
1.9795,0.2444,38.49,91,93,33229
1.9697,0.2346,38.52,91,93,33233
1.9599,0.2346,37.83,91,93,33236
1.9208,0.2346,37.80,91,93,33240
1.8915,0.2346,38.55,91,93,33243
1.9110,0.2639,38.33,91,93,33247
1.8671,0.2395,38.43,91,93,33250
1.8622,0.2346,38.43,91,93,33253
1.8475,0.2346,38.55,91,93,33256
1.8377,0.2346,38.55,91,93,33260
1.8671,0.2444,38.46,91,93,33263
1.8426,0.2395,38.52,91,93,33266
1.8475,0.2248,38.46,91,93,33269
1.8182,0.2493,38.58,91,93,33273
1.8133,0.2346,37.80,91,93,33276
1.8475,0.2444,38.46,91,93,33280
1.8573,0.2346,38.49,91,93,33283
1.8280,0.2346,38.40,91,93,33287
1.8084,0.2346,38.55,91,93,33290
1.8182,0.2346,38.55,91,93,33293
1.8524,0.2444,38.40,91,93,33296
1.8426,0.2395,38.52,91,93,33300
1.8768,0.2346,38.46,91,93,33303
1.8377,0.2444,38.55,91,93,33306
1.8475,0.2346,38.58,91,93,33309
1.8866,0.2444,38.43,91,93,33313
1.9062,0.2395,38.52,91,93,33316
1.9013,0.2346,38.46,91,93,33319
1.9013,0.2346,38.52,91,93,33323
1.9110,0.2297,38.55,91,93,33327
1.9501,0.2395,38.46,91,93,33330
1.9306,0.2297,38.55,91,93,33333
1.9453,0.2346,37.87,91,93,33336
1.9648,0.2346,38.55,91,93,33340
2.0381,0.2346,38.55,91,93,33343
2.1945,0.2444,38.36,91,93,33346
2.3363,0.2395,37.99,91,93,33349
2.5513,0.2346,38.52,91,93,33353
2.7859,0.2395,38.55,91,93,33356
3.0352,0.2297,38.65,91,93,33359
3.2796,0.2444,38.43,91,93,33362
3.2845,0.2346,38.52,91,93,33367
3.1623,0.2346,38.43,91,93,33370
2.8837,0.2346,38.55,91,93,33373
2.5611,0.2297,38.55,91,93,33376
2.3069,0.2542,38.43,91,93,33380
2.0332,0.2395,38.46,91,93,33383
1.8182,0.2346,38.49,91,93,33386
1.6569,0.2346,38.55,91,93,33389
1.5396,0.2297,38.08,91,93,33392
1.4956,0.2444,38.36,91,93,33396
1.4174,0.2395,38.52,91,93,33399
1.3783,0.2248,38.55,91,93,33402
1.3587,0.2346,38.49,91,93,33405
1.3636,0.2346,38.58,91,93,33410
1.4027,0.2493,38.43,91,93,33413
1.4027,0.2395,38.52,91,93,33416
1.4174,0.2346,38.46,91,93,33419
1.4272,0.2395,38.55,91,93,33423
1.4418,0.2346,38.55,91,93,33426
1.5054,0.2493,38.74,91,93,33429
1.4956,0.2395,38.52,91,93,33432
1.5103,0.2248,38.55,91,93,33436
1.5347,0.2737,38.52,91,93,33439
1.5494,0.2297,38.62,91,93,33442
1.6080,0.2493,38.36,91,93,33445
1.5787,0.2395,38.49,91,93,33449
1.5738,0.2297,38.49,91,93,33453
1.5934,0.2346,38.55,91,93,33456
1.6031,0.2346,38.55,91,93,33459
1.6618,0.2493,38.43,91,93,33463
1.6422,0.2395,38.49,91,93,33466
1.6471,0.2346,38.49,91,93,33469
1.6520,0.2346,38.55,91,93,33472
1.6667,0.2297,38.68,91,93,33476
1.7498,0.2493,38.36,91,93,33479
1.7400,0.2346,38.49,91,93,33482
1.7449,0.2297,38.62,91,93,33485
1.7449,0.2346,38.65,91,93,33489
1.7400,0.2297,38.58,91,93,33492
1.7889,0.2542,38.33,91,93,33496
1.7449,0.2444,38.55,91,93,33499
1.7351,0.2297,38.55,91,93,33503
1.7253,0.2346,38.58,91,93,33506
1.7058,0.2346,38.55,91,93,33509
1.7351,0.2542,38.40,91,93,33512
1.6813,0.2395,38.49,91,93,33516
1.6716,0.2199,38.52,91,93,33519
1.6716,0.2688,38.52,91,93,33522
1.6764,0.2297,38.74,91,93,33525
1.7253,0.2493,38.36,91,93,33529
1.7351,0.2395,38.49,91,93,33532
1.7058,0.2297,38.52,91,93,33536
1.7155,0.2346,38.58,91,93,33539
1.7204,0.2346,38.55,91,93,33543
1.7840,0.2590,38.33,91,93,33546
1.7498,0.2542,38.49,91,93,33549
1.7400,0.2297,38.52,91,93,33552
1.7546,0.2395,38.55,91,93,33556
1.7498,0.2297,38.58,91,93,33559
1.8035,0.2493,38.27,91,93,33562
1.7693,0.2346,38.46,91,93,33565
1.7693,0.2346,38.68,91,93,33569
1.7693,0.2346,38.52,91,93,33572
1.7644,0.2297,38.55,91,93,33575
1.8182,0.2493,38.30,91,93,33579
1.7791,0.2346,38.49,91,93,33583
1.7742,0.2248,38.62,91,93,33586
1.7840,0.2346,38.55,91,93,33589
1.7791,0.2346,38.55,91,93,33592
1.8328,0.2542,38.30,91,93,33596
1.7937,0.2346,38.40,91,93,33599
1.7937,0.2297,38.55,91,93,33602
1.8133,0.2346,38.55,91,93,33605
1.7937,0.2297,38.77,91,93,33609
1.8524,0.2493,38.27,91,93,33612
1.8133,0.2346,38.49,91,93,33615
1.8231,0.2444,38.62,91,93,33618
1.8426,0.2346,38.65,91,93,33623
1.8426,0.2297,38.58,91,93,33626
1.9159,0.2542,38.30,91,93,33629
1.8915,0.2639,38.49,91,93,33632
1.8964,0.2297,38.55,91,93,33636
1.9208,0.2346,38.62,91,93,33639
1.9257,0.2346,38.55,91,93,33642
1.9795,0.2493,38.27,91,93,33645
1.9062,0.2444,38.43,91,93,33649
1.8719,0.2493,38.52,91,93,33652
1.8573,0.2297,38.46,91,93,33656
1.8280,0.2346,38.55,91,93,33659
1.8084,0.2346,38.55,91,93,33662
1.8426,0.2444,38.46,91,93,33666
1.8133,0.2395,38.52,91,93,33670
1.8084,0.2346,38.43,91,93,33673
1.7986,0.2444,38.55,91,93,33676
1.7937,0.2297,38.62,91,93,33679
1.8377,0.2444,38.36,91,93,33683
1.8133,0.2395,38.52,91,93,33686
1.8133,0.2493,38.46,91,93,33689
1.8084,0.2346,38.55,91,93,33692
1.8182,0.2346,38.55,91,93,33696
1.8475,0.2493,38.49,91,93,33699
1.8182,0.2395,38.55,91,93,33702
1.8035,0.2297,38.46,91,93,33705
1.7937,0.2346,38.55,91,93,33710
1.7840,0.2297,38.55,91,93,33713
1.8280,0.2493,38.52,91,93,33716
1.7986,0.2297,38.49,91,93,33719
1.7889,0.2346,38.46,91,93,33723
1.8231,0.2346,38.55,91,93,33726
1.7937,0.2297,38.43,91,93,33729
1.8377,0.2444,38.33,91,93,33732
1.8084,0.2395,38.49,91,93,33736
1.7986,0.2346,38.46,91,93,33739
1.7889,0.2346,38.46,91,93,33742
1.7889,0.2297,38.58,91,93,33745
1.8328,0.2542,38.43,91,93,33750
1.8084,0.2444,38.55,91,93,33753
1.8035,0.2297,38.49,91,93,33756
1.7986,0.2346,38.55,91,93,33759
1.7937,0.2346,38.55,91,93,33763
1.8377,0.2786,38.36,91,93,33766
1.8182,0.2493,38.49,91,93,33769
1.8084,0.2346,38.46,91,93,33772
1.8084,0.2297,38.55,91,93,33776
1.8084,0.2542,38.62,91,93,33779
1.8671,0.2444,38.36,91,93,33782
1.8475,0.2395,38.49,91,93,33785
1.8426,0.2346,38.49,91,93,33789
1.8524,0.2248,38.55,91,93,33793
1.8719,0.2297,38.58,91,93,33796
1.9599,0.2493,38.40,91,93,33799
1.9306,0.2493,38.49,91,93,33803
1.9208,0.2297,38.55,91,93,33806
1.8915,0.2297,38.55,91,93,33809
1.8573,0.2346,38.62,91,93,33812
1.8866,0.2542,38.43,91,93,33816
1.8426,0.2884,38.55,91,93,33819
1.8182,0.2297,38.49,91,93,33822
1.8133,0.2346,38.62,91,93,33825
1.8084,0.2346,38.55,91,93,33829
1.8573,0.2444,38.36,91,93,33832
1.8182,0.2444,38.49,91,93,33836
1.8133,0.2297,38.49,91,93,33839
1.8280,0.2346,38.55,91,93,33843
1.8280,0.2688,38.52,91,93,33846
1.9013,0.2493,38.36,91,93,33849
1.8817,0.2395,38.49,91,93,33852
1.8817,0.2346,38.49,91,93,33856
1.9013,0.2346,38.55,91,93,33859
1.9159,0.2297,38.55,91,93,33862
1.9844,0.2395,38.33,91,93,33865
1.9501,0.2395,38.52,91,93,33869
1.9355,0.2346,38.52,91,93,33872
1.9257,0.2346,38.55,91,93,33875
1.9110,0.2346,38.55,91,93,33879
1.9404,0.2444,38.40,91,93,33883
1.8768,0.2444,38.46,91,93,33886
1.8426,0.2297,38.49,91,93,33889
1.8280,0.2297,38.55,91,93,33892
1.8084,0.2444,38.55,91,93,33896
1.8524,0.2493,38.43,91,93,33899
1.7986,0.2395,38.49,91,93,33902
1.7840,0.2346,38.49,91,93,33905
1.7693,0.2346,38.55,91,93,33909
1.7546,0.2297,38.49,91,93,33912
1.7986,0.2493,38.36,91,93,33915
1.7498,0.2395,38.49,91,93,33918
1.7253,0.2590,38.49,91,93,33923
1.7204,0.2346,38.52,91,93,33926
1.7058,0.2297,38.55,91,93,33929
1.7937,0.2542,38.36,91,93,33932
1.7351,0.2444,38.46,91,93,33936
1.7302,0.2297,38.52,91,93,33939
1.7351,0.2297,38.58,91,93,33942
1.7400,0.2346,38.55,91,93,33945
1.7986,0.2493,38.33,91,93,33949
1.7693,0.2395,37.71,91,93,33952
1.7791,0.2346,38.52,91,93,33955
1.8035,0.2395,38.52,91,93,33958
1.8182,0.2639,38.62,91,93,33963
1.9013,0.2493,38.36,91,93,33966
1.8768,0.2395,38.49,91,93,33969
1.8573,0.2493,38.55,91,93,33972
1.8475,0.2444,38.55,91,93,33976
1.8524,0.2297,38.55,91,93,33979
1.9453,0.2493,38.33,91,93,33982
1.9990,0.2297,38.46,91,93,33985
2.1017,0.2590,38.52,91,93,33989
2.2678,0.2297,38.55,91,93,33992
2.4731,0.2346,38.55,91,93,33995
2.7517,0.2493,38.33,91,93,33998
2.9228,0.2346,38.46,91,93,34002
3.0841,0.2248,38.52,91,93,34006
3.1525,0.2346,38.55,91,93,34009
3.0352,0.2346,38.55,91,93,34012
2.8739,0.2493,38.30,91,93,34016
2.5171,0.2346,38.46,91,93,34019
2.2141,0.2639,38.62,91,93,34022
1.9697,0.2346,38.52,91,93,34025
1.7644,0.2297,38.55,91,93,34029
1.6667,0.2395,38.30,91,93,34032
1.5005,0.2346,38.49,91,93,34035
1.4174,0.2248,38.55,91,93,34038
1.3685,0.2346,38.55,91,93,34042
1.3294,0.2297,38.55,91,93,34045
1.3441,0.2493,38.30,91,93,34049
1.3099,0.2297,38.46,91,93,34052
1.3196,0.2248,38.55,91,93,34056
1.3441,0.2346,38.55,91,93,34059
1.3636,0.2297,38.46,91,93,34062
1.4223,0.2493,38.30,91,93,34065
1.4076,0.2395,38.49,91,93,34069
1.4076,0.2297,38.58,91,93,34072
1.4223,0.2395,38.52,91,93,34075
1.4272,0.2346,38.55,91,93,34078
1.4858,0.2444,38.21,91,93,34082
1.4712,0.2346,38.46,91,93,34085
1.4907,0.2346,38.55,91,93,34088
1.5152,0.2346,38.55,91,93,34092
1.5152,0.2297,38.55,91,93,34096
1.5738,0.2493,38.27,91,93,34099
1.5445,0.2346,38.43,91,93,34102
1.5543,0.2297,38.62,91,93,34105
1.5738,0.2346,38.52,91,93,34109
1.5934,0.2346,38.55,91,93,34112
1.6373,0.2493,37.49,91,93,34115
1.6129,0.2297,38.46,91,93,34118
1.6227,0.2346,38.55,91,93,34122
1.6422,0.2346,38.52,91,93,34125
1.6471,0.2297,38.55,91,93,34128
1.6911,0.2493,38.40,91,93,34131
1.6520,0.2297,38.46,91,93,34136
1.6471,0.2199,38.55,91,93,34139
1.6422,0.2395,38.52,91,93,34142
1.6373,0.2297,38.55,91,93,34145
1.6862,0.2493,38.27,91,93,34149
1.6422,0.2346,38.43,91,93,34152
1.6569,0.2248,38.55,91,93,34155
1.6618,0.2346,38.52,91,93,34158
1.6520,0.2346,38.55,91,93,34162
1.7204,0.2395,38.27,91,93,34165
1.6422,0.2346,38.52,91,93,34168
1.6178,0.2297,38.55,91,93,34171
1.6031,0.2346,38.55,91,93,34176
1.5787,0.2346,38.55,91,93,34179
1.6276,0.2444,38.21,91,93,34182
1.6031,0.2346,38.08,91,93,34185
1.6227,0.2346,38.55,91,93,34189
1.6471,0.2248,38.52,91,93,34192
1.6520,0.2297,38.55,91,93,34195
1.7009,0.2444,38.27,91,93,34198
1.6618,0.2346,38.49,91,93,34202
1.6716,0.2297,38.52,91,93,34205
1.6960,0.2346,38.52,91,93,34208
1.7058,0.2297,38.55,91,93,34211
1.7546,0.2346,38.27,91,93,34215
1.7253,0.2395,38.55,91,93,34219
1.7155,0.2346,38.58,91,93,34222
1.7302,0.2395,38.52,91,93,34225
1.7253,0.2395,38.55,91,93,34229
1.7742,0.2444,38.30,91,93,34232
1.7302,0.2346,38.49,91,93,34235
1.7400,0.2346,38.58,91,93,34238
1.7449,0.2639,38.58,91,93,34242
1.7498,0.2297,38.58,91,93,34245
1.8084,0.2493,38.30,91,93,34248
1.7791,0.2346,38.49,91,93,34251
1.7840,0.2346,38.55,91,93,34255
1.7889,0.2346,38.52,91,93,34258
1.8426,0.2346,38.46,91,93,34264
1.8377,0.2346,38.55,91,93,34267
1.8866,0.2444,38.36,91,93,34270
1.8231,0.2346,38.49,91,93,34273
1.8035,0.2297,38.49,91,93,34277
1.7986,0.2346,38.55,91,93,34280
1.7986,0.2346,38.55,91,93,34283
1.8524,0.2493,38.36,91,93,34286
1.8182,0.2395,37.77,91,93,34290
1.8182,0.2297,38.46,91,93,34293
1.8133,0.2346,38.55,91,93,34296
1.8133,0.2590,38.55,91,93,34299
1.8622,0.2493,38.43,91,93,34304
1.8280,0.2395,38.49,91,93,34307
1.8084,0.2346,38.49,91,93,34310
1.7986,0.2444,38.55,91,93,34313
1.8035,0.2297,38.62,91,93,34317
1.8671,0.2297,38.36,91,93,34320
1.8231,0.2395,38.49,91,93,34323
1.8133,0.2346,38.49,91,93,34326
1.8035,0.2346,38.65,91,93,34330
1.7986,0.2297,38.55,91,93,34333
1.8524,0.2542,38.36,91,93,34336
1.8182,0.2395,38.55,91,93,34339
1.8084,0.2297,38.49,91,93,34343
1.7937,0.2346,38.52,91,93,34347
1.7791,0.2395,38.62,91,93,34350
1.8280,0.2590,38.24,91,93,34353
1.8035,0.2297,38.49,91,93,34357
1.7986,0.2248,38.46,91,93,34360
1.7986,0.2444,38.52,91,93,34363
1.7889,0.2297,38.55,91,93,34366
1.8280,0.2493,38.36,91,93,34370
1.7840,0.2395,38.49,91,93,34373
1.7742,0.2493,38.52,91,93,34376
1.7693,0.2346,38.62,91,93,34379
1.7595,0.2346,38.58,91,93,34383
1.7986,0.2542,38.33,91,93,34386
1.7498,0.2493,38.46,91,93,34390
1.7449,0.2297,38.52,91,93,34393
1.7693,0.2346,38.55,91,93,34397
1.7986,0.2346,38.55,91,93,34400
1.8231,0.2493,38.36,91,93,34403
1.7840,0.2395,38.36,91,93,34406
1.7791,0.2297,38.49,91,93,34410
1.7889,0.2297,38.55,91,93,34413
1.7986,0.2542,38.55,91,93,34416
1.8671,0.2493,38.46,91,93,34419
1.8328,0.2395,38.49,91,93,34423
1.8426,0.2346,38.49,91,93,34426
1.8475,0.2297,38.55,91,93,34429
1.8475,0.2297,38.55,91,93,34433
1.8964,0.2493,38.33,91,93,34437
1.8377,0.2395,38.52,91,93,34440
1.8280,0.2395,38.52,91,93,34443
1.8280,0.2346,38.62,91,93,34446
1.8133,0.2346,38.55,91,93,34450
1.8671,0.2493,38.33,91,93,34453
1.8475,0.2444,38.46,91,93,34456
1.8280,0.2297,38.49,91,93,34459
1.8280,0.2346,38.55,91,93,34463
1.8377,0.2346,38.55,91,93,34466
1.8719,0.2493,38.36,91,93,34469
1.8328,0.2395,38.49,91,93,34472
1.8231,0.2297,38.49,91,93,34477
1.8328,0.2346,38.55,91,93,34480
1.8328,0.2395,38.52,91,93,34483
1.8915,0.2493,38.36,91,93,34486
1.8328,0.2395,38.02,91,93,34490
1.8133,0.2297,38.52,91,93,34493
1.8182,0.2542,38.52,91,93,34496
1.8231,0.2346,38.55,91,93,34499
1.8866,0.2493,38.46,91,93,34503
1.8524,0.2346,38.49,91,93,34506
1.8524,0.2395,38.52,91,93,34509
1.8817,0.2346,38.55,91,93,34512
1.8524,0.2297,38.55,91,93,34516
1.9159,0.2493,38.33,91,93,34520
1.8671,0.2395,38.46,91,93,34523
1.8719,0.2346,38.49,91,93,34526
1.8475,0.2346,38.74,91,93,34530
1.8377,0.2346,38.55,91,93,34533
1.8915,0.2542,38.33,91,93,34536
1.8671,0.2395,38.46,91,93,34539
1.8182,0.2297,38.52,91,93,34543
1.8084,0.2346,38.55,91,93,34546
1.7889,0.2297,38.55,91,93,34549
1.8524,0.2542,38.33,91,93,34552
1.7595,0.2395,38.49,91,93,34556
1.7351,0.2297,38.52,91,93,34560
1.7400,0.2346,38.52,91,93,34563
1.7351,0.2346,38.62,91,93,34566
1.7937,0.2493,38.74,91,93,34570
1.7498,0.2346,38.77,91,93,34573
1.7449,0.2297,38.52,91,93,34576
1.7889,0.2346,38.55,91,93,34579
1.7644,0.2297,38.49,91,93,34583
1.8133,0.2493,38.30,91,93,34586
1.7595,0.2297,38.49,91,93,34589
1.7400,0.2639,38.55,91,93,34592
1.7253,0.2346,38.52,91,93,34596
1.7155,0.2346,38.58,91,93,34599
1.7693,0.2542,38.30,91,93,34603
1.7546,0.2835,38.46,91,93,34606
1.7644,0.2297,38.58,91,93,34610
1.7889,0.2346,38.52,91,93,34613
1.8231,0.2346,38.55,91,93,34616
1.9062,0.2542,38.27,91,93,34619
1.9355,0.2542,38.40,91,93,34623
2.0235,0.2297,38.52,91,93,34626
2.1505,0.2346,38.55,91,93,34629
2.3069,0.2297,38.52,91,93,34632
2.6051,0.2493,38.30,91,93,34636
2.8201,0.2346,38.49,91,93,34639
3.0499,0.2297,38.55,91,93,34642
3.2209,0.2346,38.52,91,93,34646
3.2747,0.2297,38.55,91,93,34650
3.2502,0.2493,38.33,91,93,34653
2.9277,0.2297,38.49,91,93,34656
2.5904,0.2346,38.55,91,93,34659
2.3021,0.2395,38.49,91,93,34663
2.0381,0.2297,38.74,91,93,34666
1.8817,0.2395,38.27,91,93,34669
1.6618,0.2346,38.49,91,93,34672
1.5152,0.2297,38.58,91,93,34676
1.4174,0.2346,38.58,91,93,34679
1.3441,0.2346,38.55,91,93,34682
1.3587,0.2395,38.24,91,93,34685
1.2854,0.2395,38.46,91,93,34690
1.2952,0.2297,38.58,91,93,34693
1.3294,0.2346,38.55,91,93,34696
1.3587,0.2346,38.58,91,93,34699
1.4076,0.2737,38.24,91,93,34703
1.4076,0.2395,38.49,91,93,34706
1.4174,0.2346,38.58,91,93,34709
1.4663,0.2444,38.52,91,93,34712
1.4907,0.2395,38.62,91,93,34716
1.5640,0.2444,38.27,91,93,34719
1.5738,0.2297,38.46,91,93,34722
1.5982,0.2248,38.62,91,93,34725
1.6129,0.2395,38.55,91,93,34729
1.5934,0.2297,38.58,91,93,34733
1.6129,0.2639,38.30,91,93,34736
1.5543,0.2248,38.55,91,93,34739
1.5396,0.2297,38.58,91,93,34743
1.5494,0.2297,38.55,91,93,34746
1.5591,0.2297,38.55,91,93,34749
1.6276,0.2444,38.30,91,93,34752
1.6227,0.2395,38.40,91,93,34756
1.6276,0.2297,38.58,91,93,34759
1.6520,0.2297,38.52,91,93,34762
1.6373,0.2297,38.58,91,93,34765
1.6911,0.2444,37.74,91,93,34769
1.6569,0.2346,38.52,91,93,34772
1.6471,0.2346,38.58,91,93,34776
1.6422,0.2493,38.52,91,93,34779
1.6471,0.2346,38.62,91,93,34783
1.7107,0.2297,38.27,91,93,34786
1.6716,0.2346,38.49,91,93,34789
1.6764,0.2346,38.58,91,93,34792
1.6667,0.2737,38.52,91,93,34796
1.6618,0.2248,38.52,91,93,34799
1.7155,0.2444,38.24,91,93,34802
1.6813,0.2297,38.49,91,93,34805
1.6716,0.2248,38.55,91,93,34809
1.6911,0.2346,38.49,91,93,34812
1.6862,0.2297,38.65,91,93,34816
1.7302,0.2444,38.27,91,93,34819
1.7253,0.2346,38.49,91,93,34823
1.6862,0.2297,38.71,91,93,34826
1.6960,0.2395,38.52,91,93,34829
1.6862,0.2346,38.55,91,93,34832
1.7302,0.2444,38.30,91,93,34836
1.6764,0.2297,38.52,91,93,34839
1.7253,0.2346,38.58,91,93,34842
1.7302,0.2395,38.55,91,93,34845
1.7449,0.2346,38.55,91,93,34849
1.7791,0.2444,38.46,91,93,34852
1.7449,0.2395,38.49,91,93,34855
1.7595,0.2346,38.58,91,93,34859
1.7644,0.2493,38.55,91,93,34863
1.7498,0.2346,38.55,91,93,34866
1.7986,0.2444,38.30,91,93,34869
1.8231,0.2493,38.36,92,93,34874
1.7937,0.2395,38.52,92,93,34877
1.8182,0.2346,38.49,92,93,34880
1.8280,0.2346,38.55,92,93,34884
1.8182,0.2444,38.55,92,93,34887
1.8524,0.2493,37.62,92,93,34890
1.7937,0.2297,38.55,92,93,34893
1.7742,0.2395,38.52,92,93,34897
1.7791,0.2590,38.62,92,93,34900
1.7889,0.2297,38.62,92,93,34904
1.8475,0.2542,38.36,92,93,34907
1.8280,0.2444,38.52,92,93,34911
1.8524,0.2297,38.49,92,93,34914
1.8915,0.2346,38.52,92,93,34917
1.9159,0.2346,38.55,92,93,34920
1.9648,0.2493,38.33,92,93,34924
1.8915,0.2395,37.83,92,93,34927
1.8573,0.2297,38.49,92,93,34930
1.8573,0.2346,38.55,92,93,34933
1.8035,0.2346,38.58,92,93,34937
1.8524,0.2493,38.36,92,93,34940
1.8231,0.2395,38.46,92,93,34944
1.8426,0.2346,38.52,92,93,34947
1.8719,0.2444,38.55,92,93,34951
1.8719,0.2297,38.71,92,93,34954
1.9110,0.2493,38.40,92,93,34957
1.8719,0.2444,38.46,92,93,34960
1.8328,0.2688,38.49,92,93,34964
1.8231,0.2346,38.55,92,93,34967
1.8084,0.2346,38.55,92,93,34970
1.8475,0.2493,38.36,92,93,34973
1.7889,0.2395,38.49,92,93,34977
1.7840,0.2297,38.52,92,93,34980
1.8035,0.2346,38.52,92,93,34983
1.7937,0.2346,38.62,92,93,34987
1.8377,0.2639,38.36,92,93,34991
1.7937,0.2395,38.49,92,93,34994
1.7840,0.2346,38.52,92,93,34997
1.8280,0.2346,38.55,92,93,35000
1.7840,0.2297,38.52,92,93,35004
1.8475,0.2493,38.33,92,93,35007
1.8084,0.2395,38.46,92,93,35010
1.7937,0.2395,38.52,92,93,35013
1.7937,0.2346,38.65,92,93,35017
1.7791,0.2346,38.55,92,93,35020
1.8084,0.2542,38.30,92,93,35023
1.7546,0.2444,38.49,92,93,35026
1.7498,0.2297,38.55,92,93,35031
1.7644,0.2297,38.52,92,93,35034
1.7840,0.2346,38.55,92,93,35037
1.8524,0.2590,38.30,92,93,35040
1.8280,0.2395,38.43,92,93,35044
1.8280,0.2346,38.52,92,93,35047
1.8231,0.2444,38.55,92,93,35050
1.8035,0.2297,38.74,92,93,35053
1.8524,0.2297,38.36,92,93,35057
1.8231,0.2346,38.43,92,93,35060
1.8084,0.2346,38.58,92,93,35063
1.8035,0.2346,38.58,92,93,35066
1.7937,0.2395,38.55,92,93,35070
1.8573,0.2542,38.30,92,93,35074
1.8328,0.2346,38.46,92,93,35077
1.8426,0.2346,38.58,92,93,35080
1.8671,0.2395,38.52,92,93,35084
1.8622,0.2346,38.55,92,93,35087
1.9110,0.2639,38.30,92,93,35090
1.8524,0.2395,38.43,92,93,35093
1.8133,0.2346,38.58,92,93,35097
1.8035,0.2395,38.52,92,93,35100
1.7937,0.2346,38.58,92,93,35103
1.8377,0.2493,38.30,92,93,35106
1.7937,0.2395,38.43,92,93,35110
1.7742,0.2346,38.55,92,93,35113
1.7791,0.2590,38.52,92,93,35117
1.7742,0.2346,38.58,92,93,35120
1.8377,0.2493,38.27,92,93,35124
1.8377,0.2395,38.49,92,93,35127
1.8133,0.2297,38.68,92,93,35130
1.8280,0.2395,38.55,92,93,35133
1.8328,0.2297,38.55,92,93,35137
1.9062,0.2542,38.30,92,93,35140
1.9013,0.2493,38.46,92,93,35143
1.9013,0.2297,38.55,92,93,35146
1.9110,0.2395,38.55,92,93,35150
1.9159,0.2346,38.55,92,93,35153
1.9404,0.2493,38.36,92,93,35156
1.8768,0.2542,38.43,92,93,35160
1.8426,0.2297,38.55,92,93,35164
1.8182,0.2297,38.52,92,93,35167
1.7889,0.2297,38.55,92,93,35170
1.8280,0.2493,38.68,92,93,35173
1.7840,0.2346,38.46,92,93,35177
1.7791,0.2346,38.55,92,93,35180
1.7889,0.2395,38.52,92,93,35183
1.7498,0.2248,38.58,92,93,35186
1.7840,0.2493,38.27,92,93,35190
1.7302,0.2395,38.46,92,93,35193
1.7204,0.2346,38.55,92,93,35196
1.7155,0.2248,38.52,92,93,35200
1.7009,0.2346,38.43,92,93,35204
1.7302,0.2395,38.24,92,93,35207
1.6960,0.2346,38.46,92,93,35210
1.6716,0.2346,38.52,92,93,35213
1.6813,0.2395,38.52,92,93,35217
1.6862,0.2346,38.58,92,93,35220
1.7302,0.2542,38.30,92,93,35223
1.7009,0.2346,38.49,92,93,35226
1.7253,0.2297,38.55,92,93,35230
1.7449,0.2395,38.52,92,93,35233
1.7498,0.2346,38.55,92,93,35236
1.8035,0.2444,38.27,92,93,35239
1.7693,0.2395,38.46,92,93,35244
1.7595,0.2395,38.55,92,93,35247
1.7693,0.2444,38.49,92,93,35250
1.7693,0.2346,38.52,92,93,35253
1.8377,0.2444,38.27,92,93,35257
1.8231,0.2297,38.46,92,93,35260
1.8915,0.2395,38.55,92,93,35263
2.0039,0.2590,38.49,92,93,35266
2.1457,0.2346,38.58,92,93,35270
2.4096,0.2444,38.40,92,93,35273
2.5953,0.2346,38.52,92,93,35276
2.8592,0.2346,38.58,92,93,35279
3.0987,0.2395,38.52,92,93,35283
3.2258,0.2346,38.62,92,93,35287
3.3089,0.2444,38.27,92,93,35290
3.0694,0.2493,38.49,92,93,35293
2.7273,0.2346,38.55,92,93,35297
2.3998,0.2297,38.55,92,93,35300
2.0821,0.2297,38.55,92,93,35303
1.8719,0.2444,38.30,92,93,35306
1.6178,0.2346,38.46,92,93,35310
1.4565,0.2395,38.55,92,93,35313
1.3490,0.2493,38.65,92,93,35316
1.2659,0.2297,38.58,92,93,35319
1.2561,0.2346,38.27,92,93,35323
1.2072,0.2346,38.52,92,93,35326
1.2072,0.2346,37.80,92,93,35330
1.2610,0.2395,38.49,92,93,35333
1.2561,0.2346,38.58,92,93,35337
1.3050,0.2444,37.53,92,93,35340
1.3148,0.2444,38.49,92,93,35343
1.3392,0.2395,38.55,92,93,35346
1.3832,0.2395,38.52,92,93,35350
1.3832,0.2346,38.74,92,93,35353
1.4418,0.2395,38.30,92,93,35356
1.4418,0.2346,38.49,92,93,35359
1.4467,0.2346,38.58,92,93,35363
1.4809,0.2395,38.49,92,93,35366
1.4907,0.2395,38.58,92,93,35369
1.5494,0.2444,38.30,92,93,35373
1.5396,0.2346,38.58,92,93,35377
1.5591,0.2346,38.55,92,93,35380
1.5787,0.2542,38.43,92,93,35383
1.5689,0.2346,38.58,92,93,35386
1.6031,0.2395,38.30,92,93,35390
1.5689,0.2493,38.49,92,93,35393
1.5445,0.2297,38.68,92,93,35396
1.5543,0.2444,38.49,92,93,35399
1.5396,0.2346,38.58,92,93,35403
1.5787,0.2444,38.30,92,93,35406
1.5640,0.2395,38.62,92,93,35409
1.5640,0.2346,38.58,92,93,35412
1.5934,0.2786,38.40,92,93,35416
1.5787,0.2297,38.52,92,93,35420
1.6129,0.2395,38.30,92,93,35423
1.5640,0.2346,38.62,92,93,35426
1.5640,0.2346,38.49,92,93,35429
1.5787,0.2395,38.49,92,93,35433
1.5982,0.2346,38.55,92,93,35436
1.6178,0.2493,38.30,92,93,35439
1.6178,0.2346,38.43,92,93,35442
1.6227,0.2346,38.55,92,93,35446
1.6618,0.2395,38.46,92,93,35449
1.6325,0.2346,38.55,92,93,35452
1.6667,0.2395,38.33,92,93,35456
1.6422,0.2346,38.52,92,93,35460
1.6422,0.2444,38.58,92,93,35463
1.6520,0.2395,38.52,92,93,35466
1.6667,0.2346,38.55,92,93,35469
1.6569,0.2590,38.36,92,93,35473
1.6227,0.2346,38.49,92,93,35476
1.6325,0.2297,38.58,92,93,35479
1.6520,0.2395,38.49,92,93,35482
1.6520,0.2395,38.52,92,93,35487
1.6618,0.2346,38.58,92,93,35490
1.7155,0.2493,38.27,92,93,35494
1.6862,0.2639,38.46,92,93,35497
1.6862,0.2297,38.58,92,93,35501
1.7009,0.2346,38.58,92,93,35504
1.6862,0.2639,38.62,92,93,35508
1.7351,0.2444,38.36,92,93,35511
1.7009,0.2346,38.49,92,93,35514
1.7107,0.2395,38.58,92,93,35517
1.7253,0.2395,38.52,92,93,35521
1.7155,0.2297,38.62,92,93,35524
1.7595,0.2444,38.27,92,93,35527
1.7302,0.2395,38.46,92,93,35530
1.7253,0.2542,38.55,92,93,35534
1.7546,0.2444,38.52,92,93,35537
1.7595,0.2346,38.62,92,93,35540
1.8182,0.2444,38.27,92,93,35544
1.7937,0.2346,38.46,92,93,35548
1.8133,0.2639,38.58,92,93,35551
1.8524,0.2395,38.52,92,93,35554
1.8426,0.2346,38.55,92,93,35557
1.8915,0.2835,38.27,92,93,35561
1.8328,0.2346,38.49,92,93,35564
1.8280,0.2297,38.68,92,93,35567
1.8377,0.2395,38.52,92,93,35570
1.8182,0.2346,38.55,92,93,35574
1.8524,0.2493,38.27,92,93,35577
1.8035,0.2444,38.46,92,93,35580
1.7742,0.2346,38.55,92,93,35584
1.7742,0.2297,38.52,92,93,35588
1.7595,0.2346,38.58,92,93,35591
1.8084,0.2444,38.27,92,93,35594
1.7742,0.2297,38.46,92,93,35597
1.7986,0.2346,38.58,92,93,35601
1.7791,0.2297,38.52,92,93,35604
1.7644,0.2346,38.58,92,93,35607
1.8377,0.2444,38.27,92,93,35610
1.7840,0.2346,38.46,92,93,35614
1.7742,0.2346,38.58,92,93,35617
1.7937,0.2395,38.52,92,93,35620
1.7742,0.2346,38.55,92,93,35623
1.8035,0.2444,38.27,92,93,35628
1.7595,0.2346,38.40,92,93,35631
1.7302,0.2297,38.55,92,93,35634
1.7351,0.2444,38.52,92,93,35637
1.7204,0.2346,38.55,92,93,35641
1.7546,0.2444,38.36,92,93,35644
1.7253,0.2346,38.46,92,93,35647
1.7204,0.2346,38.55,92,93,35650
1.7400,0.2346,38.55,92,93,35654
1.7351,0.2346,38.58,92,93,35657
1.7986,0.2395,38.30,92,93,35660
1.7253,0.2346,38.52,92,93,35663
1.7302,0.2297,38.62,92,93,35667
1.7400,0.2395,38.52,92,93,35671
1.7302,0.2346,38.58,92,93,35674
1.7742,0.2444,38.33,92,93,35677
1.7498,0.2395,38.46,92,93,35681
1.7400,0.2346,38.55,92,93,35684
1.7546,0.2444,38.49,92,93,35687
1.7449,0.2346,38.58,92,93,35690
1.7889,0.2444,38.27,92,93,35694
1.7595,0.2297,38.49,92,93,35697
1.7498,0.2297,38.52,92,93,35700
1.7742,0.2395,38.49,92,93,35703
1.7693,0.2346,38.55,92,93,35707
1.8182,0.2493,38.30,92,93,35710
1.7791,0.2346,38.52,92,93,35714
1.7840,0.2346,38.58,92,93,35717
1.8035,0.2444,38.46,92,93,35721
1.7986,0.2346,38.55,92,93,35724
1.8524,0.2395,38.30,92,93,35727
1.8328,0.2395,38.65,92,93,35730
1.8182,0.2297,38.55,92,93,35734
1.8328,0.2444,38.49,92,93,35737
1.8084,0.2395,38.55,92,93,35740
1.8573,0.2444,38.40,92,93,35743
1.8328,0.2395,38.49,92,93,35747
1.8182,0.2346,38.55,92,93,35750
1.8377,0.2444,38.49,92,93,35753
1.8084,0.2297,38.62,92,93,35757
1.8280,0.2444,38.30,92,93,35761
1.7986,0.2395,38.52,92,93,35764
1.7937,0.2297,38.58,92,93,35767
1.8133,0.2444,38.52,92,93,35770
1.8084,0.2346,38.55,92,93,35774
1.8475,0.2395,38.30,92,93,35777
1.8328,0.2737,38.43,92,93,35780
1.8231,0.2346,38.55,92,93,35783
1.8524,0.2444,38.49,92,93,35787
1.8475,0.2346,38.55,92,93,35790
1.9208,0.2444,38.33,92,93,35793
1.9062,0.2395,38.52,92,93,35796
1.9404,0.2346,38.55,92,93,35801
1.9208,0.2444,38.49,92,93,35804
1.8915,0.2346,38.55,92,93,35807
1.9453,0.2444,38.30,92,93,35810
1.8524,0.2346,38.58,92,93,35814
1.8426,0.2346,38.21,92,93,35817
1.8524,0.2444,38.49,92,93,35820
1.8231,0.2346,38.55,92,93,35823
1.8573,0.2444,38.30,92,93,35827
1.7937,0.2395,38.43,92,93,35830
1.7595,0.2346,38.55,92,93,35833
1.7644,0.2444,38.46,92,93,35836
1.7400,0.2346,38.55,92,93,35841
1.7742,0.2395,38.33,92,93,35844
1.7449,0.2297,38.49,92,93,35847
1.7791,0.2346,38.55,92,93,35850
1.7595,0.2444,38.46,92,93,35854
1.7449,0.2346,38.55,92,93,35857
1.7986,0.2395,38.33,92,93,35860
1.7889,0.2346,38.55,92,93,35863
1.7595,0.2395,38.52,92,93,35867
1.7693,0.2444,38.49,92,93,35870
1.7400,0.2297,38.55,92,93,35873
1.7644,0.2444,38.30,92,93,35876
1.7546,0.2346,38.24,92,93,35880
1.7546,0.2297,38.52,92,93,35884
1.7840,0.2444,38.46,92,93,35887
1.7644,0.2346,38.52,92,93,35890
1.8035,0.2395,38.36,92,93,35894
1.7889,0.2346,38.49,92,93,35897
1.8035,0.2297,38.58,92,93,35900
1.8671,0.2590,38.46,92,93,35903
1.9110,0.2346,38.55,92,93,35907
2.0088,0.2297,38.33,92,93,35910
2.0430,0.2346,38.55,92,93,35913
2.1457,0.2297,38.58,92,93,35916
2.3118,0.2395,38.43,92,93,35920
2.4731,0.2346,38.58,92,93,35923
2.7370,0.2542,38.36,92,93,35927
2.9423,0.2346,38.43,92,93,35930
3.1232,0.2346,38.58,92,93,35934
3.2405,0.2444,38.46,92,93,35937
3.1329,0.2493,38.62,92,93,35940
2.9619,0.2395,38.36,92,93,35943
2.6295,0.2297,38.52,92,93,35947
2.3314,0.2346,38.58,92,93,35950
2.0919,0.2493,38.43,92,93,35953
1.8622,0.2346,38.58,92,93,35956
1.7107,0.2639,38.33,92,93,35960
1.5494,0.2395,38.55,92,93,35963
1.4418,0.2346,38.58,92,93,35966
1.4076,0.2395,38.46,92,93,35970
1.3490,0.2395,38.55,92,93,35974
1.3392,0.2395,38.40,92,93,35977
1.3050,0.2346,38.46,92,93,35980
1.3148,0.2248,38.55,92,93,35983
1.3490,0.2444,38.43,92,93,35987
1.3636,0.2346,38.55,92,93,35990
1.4076,0.2395,38.40,92,93,35993
1.3978,0.2542,38.49,92,93,35996
1.4027,0.2346,38.65,92,93,36000
1.4516,0.2395,38.43,92,93,36003
1.4809,0.2346,38.55,92,93,36006
1.5005,0.2346,38.49,92,93,36009
1.5005,0.2346,38.58,92,93,36014
1.5200,0.2395,38.55,92,93,36017
1.5591,0.2444,38.49,92,93,36020
1.5640,0.2395,38.55,92,93,36023
1.6031,0.2346,38.40,92,93,36027
1.5982,0.2346,38.55,92,93,36030
1.6178,0.2297,38.55,92,93,36033
1.6422,0.2297,38.43,92,93,36036
1.6325,0.2346,38.55,92,93,36040
1.6569,0.2395,38.33,92,93,36043
1.6373,0.2297,38.52,92,93,36046
1.6422,0.2346,38.58,92,93,36049
1.6862,0.2395,38.46,92,93,36054
1.6520,0.2346,38.52,92,93,36057
1.6813,0.2297,38.46,92,93,36060
1.6618,0.2297,38.58,92,93,36063
1.6862,0.2346,38.58,92,93,36067
1.7253,0.2444,37.93,92,93,36070
1.7253,0.2346,38.55,92,93,36073
1.7595,0.2346,38.40,92,93,36076
1.7204,0.2395,38.49,92,93,36080
1.7107,0.2346,38.55,92,93,36083
1.7058,0.2395,38.46,92,93,36086
1.6813,0.2346,38.55,92,93,36089
1.7058,0.2346,38.40,92,93,36093
1.6764,0.2297,38.40,92,92,36097
1.6667,0.2346,38.55,92,92,36101
1.6764,0.2395,38.62,92,92,36105
1.6960,0.2395,38.49,92,92,36108
1.6911,0.2395,38.58,92,92,36111
1.7595,0.2395,38.33,92,92,36114
1.7107,0.2395,38.46,92,92,36118
1.7009,0.2346,38.62,92,92,36121
1.7204,0.2444,38.58,92,92,36124
1.7351,0.2346,38.58,92,92,36127
1.7449,0.2395,38.33,92,92,36131
1.7155,0.2346,38.46,92,92,36134
1.7253,0.2297,38.62,92,92,36137
1.7449,0.2444,38.43,92,92,36141
1.7351,0.2688,38.58,92,92,36145
1.7742,0.2395,38.36,92,92,36148
1.7546,0.2346,38.58,92,92,36151
1.7693,0.2346,38.58,92,92,36154
1.7840,0.2493,38.55,92,92,36158
1.7693,0.2346,38.58,92,92,36161
1.8035,0.2395,38.33,92,92,36164
1.7986,0.2346,38.46,92,92,36167
1.7889,0.2395,38.58,92,92,36171
1.8182,0.2493,38.49,92,92,36174
1.8133,0.2346,38.55,92,92,36177
1.8573,0.2395,38.33,92,92,36180
1.8475,0.2395,38.49,92,92,36185
1.8524,0.2346,38.58,92,92,36188
1.8768,0.2444,38.49,92,92,36191
1.8719,0.2346,38.55,92,92,36194
1.9062,0.2395,38.27,92,92,36198
1.8768,0.2346,38.68,92,92,36201
1.8817,0.2346,38.58,92,92,36204
1.9159,0.2395,38.46,92,92,36207
1.9062,0.2395,38.52,92,92,36211
1.9550,0.2395,38.33,92,92,36214
1.9453,0.2297,38.49,92,92,36217
1.9257,0.2346,38.55,92,92,36220
1.9306,0.2395,38.43,92,92,36225
1.8915,0.2346,38.74,92,92,36228
1.9013,0.2395,38.36,92,92,36231
1.8866,0.2346,38.49,92,92,36234
1.8377,0.2346,38.52,92,92,36238
1.8475,0.2395,38.46,92,92,36241
1.8280,0.2346,38.58,92,92,36244
1.8475,0.2444,38.36,92,92,36247
1.8133,0.2346,38.65,92,92,36251
1.8133,0.2297,38.58,92,92,36254
1.8231,0.2395,38.43,92,92,36257
1.8035,0.2395,38.55,92,92,36260
1.8328,0.2395,38.40,92,92,36264
1.8133,0.2346,38.43,92,92,36268
1.8035,0.2737,38.52,92,92,36271
1.8231,0.2395,38.40,92,92,36274
1.8035,0.2346,38.55,92,92,36278
1.8280,0.2444,38.36,92,92,36281
1.7986,0.2346,38.55,92,92,36284
1.7937,0.2346,38.08,92,92,36287
1.8035,0.2395,38.46,92,92,36291
1.7937,0.2444,38.62,92,92,36294
1.8182,0.2346,38.40,92,92,36297
1.7986,0.2297,38.55,92,92,36300
1.8035,0.2346,38.55,92,92,36304
1.8280,0.2493,38.43,92,92,36307
1.8035,0.2346,38.52,92,92,36311
1.8328,0.2297,38.40,92,92,36314
1.8035,0.2346,38.49,92,92,36318
1.8035,0.2346,38.46,92,92,36321
1.8231,0.2395,38.24,92,92,36324
1.8084,0.2297,38.55,92,92,36327
1.8328,0.2444,38.40,92,92,36331
1.8035,0.2346,38.52,92,92,36334
1.8133,0.2346,38.58,92,92,36337
1.8280,0.2395,38.46,92,92,36340
1.8182,0.2395,38.52,92,92,36344
1.8475,0.2346,38.40,92,92,36347
1.8231,0.2346,38.58,92,92,36350
1.8426,0.2395,38.55,92,92,36354
1.8817,0.2444,38.77,92,92,36358
1.8622,0.2346,38.62,92,92,36361
1.8964,0.2395,38.40,92,92,36364
1.8817,0.2346,38.49,92,92,36367
1.9013,0.2346,38.43,92,92,36371
1.9257,0.2395,38.49,92,92,36374
1.8915,0.2346,38.55,92,92,36377
1.9159,0.2346,38.40,92,92,36380
1.8817,0.2346,38.55,92,92,36384
1.8719,0.2346,38.55,92,92,36387
1.8671,0.2444,38.55,92,92,36390
1.8475,0.2395,38.52,92,92,36393
1.8719,0.2346,38.43,92,92,36398
1.8328,0.2346,38.55,92,92,36401
1.8524,0.2444,38.55,92,92,36404
1.8573,0.2542,38.43,92,92,36407
1.8328,0.2346,38.55,92,92,36411
1.8622,0.2346,38.49,92,92,36414
1.8426,0.2297,38.49,92,92,36417
1.8524,0.2346,38.58,92,92,36420
1.8817,0.2395,38.43,92,92,36424
1.8817,0.2346,38.68,92,92,36427
1.9208,0.2346,38.46,92,92,36430
1.9062,0.2346,38.52,92,92,36433
1.9257,0.2346,38.52,92,92,36438
1.9501,0.2395,38.55,92,92,36441
1.9550,0.2346,38.55,92,92,36444
1.9697,0.2395,38.40,92,92,36447
1.9306,0.2346,38.46,92,92,36451
1.9257,0.2297,38.55,92,92,36454
1.9355,0.2395,38.46,92,92,36457
1.8915,0.2346,38.55,92,92,36460
1.8915,0.2346,38.21,92,92,36464
1.8475,0.2346,38.52,92,92,36467
1.8328,0.2395,38.55,92,92,36470
1.8426,0.2346,38.43,92,92,36473
1.8231,0.2395,38.52,92,92,36477
1.8377,0.2395,38.43,92,92,36481
1.8035,0.2346,38.55,92,92,36484
1.7937,0.2493,38.55,92,92,36487
1.8035,0.2395,38.81,92,92,36491
1.7986,0.2346,38.55,92,92,36494
1.8182,0.2590,38.43,92,92,36497
1.7889,0.2590,38.58,92,92,36500
1.7986,0.2297,38.55,92,92,36504
1.8377,0.2395,38.49,92,92,36507
1.8084,0.2395,38.55,92,92,36510
1.8524,0.2395,38.40,92,92,36513
1.8524,0.2297,38.52,92,92,36517
1.9013,0.2297,38.55,92,92,36520
1.9013,0.2395,38.43,92,92,36524
1.8671,0.2395,38.58,92,92,36527
1.8719,0.2297,38.46,92,92,36531
1.8133,0.2395,38.55,92,92,36534
1.7889,0.2688,38.62,92,92,36537
1.7889,0.2395,38.52,92,92,36540
1.8182,0.2395,38.55,92,92,36544
1.8231,0.2737,38.49,92,92,36547
1.8231,0.2395,38.55,92,92,36550
1.8622,0.2346,38.58,92,92,36553
1.9550,0.2444,38.43,92,92,36557
2.0381,0.2444,38.52,92,92,36560
2.1652,0.2444,38.08,92,92,36563
2.2923,0.2346,38.55,92,92,36567
2.5024,0.2639,38.62,92,92,36571
2.7664,0.2688,38.40,92,92,36574
2.9765,0.2395,38.52,92,92,36577
3.2014,0.2444,38.55,92,92,36580
3.2356,0.2346,38.62,92,92,36584
3.1672,0.2346,38.65,92,92,36587
2.9570,0.2346,38.49,92,92,36590
2.6491,0.2688,38.52,92,92,36593
2.3949,0.2395,38.40,92,92,36597
2.1114,0.2346,38.55,92,92,36600
1.8964,0.2395,38.58,92,92,36603
1.7546,0.2493,38.36,92,92,36606
1.5982,0.2395,38.55,92,92,36611
1.5249,0.2395,38.43,92,92,36614
1.4418,0.2444,38.58,92,92,36617
1.4076,0.2346,38.62,92,92,36620
1.4076,0.2444,38.46,92,92,36624
1.3832,0.2346,38.52,92,92,36627
1.4076,0.2395,38.40,92,92,36630
1.4125,0.2297,38.55,92,92,36633
1.4370,0.2346,38.55,92,92,36637
1.4761,0.2444,38.49,92,92,36640
1.4761,0.2395,38.46,92,92,36643
1.5103,0.2395,38.43,92,92,36646
1.5103,0.2395,38.52,92,92,36651
1.5591,0.2346,38.55,92,92,36654
1.5836,0.2493,38.36,92,92,36657
1.5738,0.2395,38.52,92,92,36660
1.6031,0.2395,38.46,92,92,36664
1.6031,0.2346,38.55,92,92,36667
1.6178,0.2346,38.52,92,92,36670
1.6520,0.2444,38.71,92,92,36673
1.6471,0.2297,38.52,92,92,36677
1.6764,0.2346,38.40,92,92,36680
1.6569,0.2346,38.49,92,92,36683
1.6520,0.2346,38.62,92,92,36686
1.6716,0.2395,38.52,92,92,36690
1.6569,0.2395,38.55,92,92,36694
1.6764,0.2395,38.36,92,92,36697
1.6618,0.2395,38.55,92,92,36700
1.6667,0.2346,38.55,92,92,36704
1.6960,0.2395,38.43,92,92,36707
1.7009,0.2395,38.43,92,92,36712
1.7204,0.2395,38.55,92,92,36715
1.7155,0.2395,37.77,92,92,36718
1.6960,0.2346,38.52,92,92,36721
1.7107,0.2395,38.55,92,92,36724
1.7351,0.2395,38.43,92,92,36728
1.7302,0.2346,38.58,92,92,36731
1.7840,0.2395,38.43,92,92,36734
1.7302,0.2688,38.55,92,92,36738
1.7302,0.2346,38.68,92,92,36742
1.7546,0.2297,38.46,92,92,36745
1.7253,0.2297,38.55,92,92,36748
1.7546,0.2395,38.40,92,92,36751
1.7302,0.2346,38.46,92,92,36755
1.7400,0.2297,38.55,92,92,36758
1.7498,0.2395,38.46,92,92,36761
1.7449,0.2639,38.55,92,92,36764
1.7791,0.2346,38.40,92,92,36768
1.7595,0.2346,38.55,92,92,36771
1.7742,0.2346,38.55,92,92,36774
1.7791,0.2493,38.43,92,92,36777
1.7693,0.2346,38.65,92,92,36782
1.8182,0.2346,38.40,92,92,36785
1.7791,0.2346,38.55,92,92,36788
1.7791,0.2395,38.55,92,92,36791
1.8084,0.2444,38.27,92,92,36795
1.7937,0.2346,38.55,92,92,36798
1.8280,0.2346,38.40,92,92,36801
1.8084,0.2346,38.52,92,92,36804
1.8133,0.2444,38.55,92,92,36808
1.8475,0.2395,38.43,92,92,36811
1.8182,0.2346,38.55,92,92,36814
1.8524,0.2346,38.40,92,92,36817
1.8328,0.2346,38.55,92,92,36822
1.8622,0.2346,38.52,92,92,36825
1.9013,0.2395,38.49,92,92,36828
1.9306,0.2395,38.55,92,92,36831
1.9746,0.2444,38.40,92,92,36835
1.9404,0.2346,38.55,92,92,36838
1.9159,0.2346,38.65,92,92,36841
1.9208,0.2444,38.43,92,92,36844
1.8915,0.2395,38.52,92,92,36848
1.8719,0.2395,38.40,92,92,36851
1.8280,0.2346,37.83,92,92,36854
1.8573,0.2346,38.55,92,92,36857
1.8573,0.2346,38.43,92,92,36861
1.8475,0.2395,38.52,92,92,36865
1.8768,0.2444,38.40,92,92,36868
1.8377,0.2395,38.62,92,92,36871
1.8426,0.2395,38.68,92,92,36875
1.8671,0.2297,38.46,92,92,36878
1.8719,0.2444,38.55,92,92,36881
1.9013,0.2444,38.46,92,92,36884
1.8671,0.2346,37.87,92,92,36888
1.8622,0.2346,38.55,92,92,36891
1.9159,0.2444,38.40,92,92,36894
1.8475,0.2444,38.55,92,92,36897
1.8768,0.2444,38.52,92,92,36901
1.8524,0.2297,38.55,92,92,36904
1.8475,0.2395,38.55,92,92,36908
1.8671,0.2346,38.46,92,92,36911
1.8377,0.2395,38.58,92,92,36915
1.8377,0.2297,38.46,92,92,36918
1.8133,0.2346,38.52,92,92,36921
1.8182,0.2346,38.55,92,92,36924
1.8328,0.2395,38.49,92,92,36928
1.8328,0.2395,38.55,92,92,36931
1.8475,0.2493,38.40,92,92,36934
1.8182,0.2346,38.62,92,92,36937
1.8133,0.2297,38.55,92,92,36941
1.8573,0.2444,38.43,92,92,36944
1.8280,0.2444,38.52,92,92,36947
1.8377,0.2444,38.40,92,92,36951
1.8035,0.2346,38.58,92,92,36955
1.7937,0.2444,38.52,92,92,36958
1.8182,0.2493,38.46,92,92,36961
1.7937,0.2395,38.52,92,92,36964
1.8719,0.2444,38.40,92,92,36968
1.8231,0.2444,38.55,92,92,36971
1.8328,0.2444,38.52,92,92,36974
1.8671,0.2395,38.55,92,92,36977
1.8524,0.2297,38.55,92,92,36981
1.8817,0.2444,38.40,92,92,36984
1.8622,0.2395,38.55,92,92,36987
1.8768,0.2297,38.62,92,92,36990
1.9550,0.2395,38.43,92,92,36995
1.8915,0.2884,38.52,92,92,36998
1.8915,0.2395,37.65,92,92,37001
1.8377,0.2297,38.58,92,92,37004
1.8280,0.2346,38.55,92,92,37008
1.8475,0.2542,38.49,92,92,37011
1.8280,0.2395,38.55,92,92,37014
1.8622,0.2346,38.43,92,92,37017
1.8084,0.2639,38.52,92,92,37021
1.7937,0.2395,38.58,92,92,37024
1.8035,0.2444,38.46,92,92,37027
1.7986,0.2444,38.52,92,92,37030
1.8133,0.2395,38.52,92,92,37035
1.8035,0.2346,38.55,92,92,37038
1.8084,0.2346,38.55,92,92,37041
1.8377,0.2444,38.58,92,92,37044
1.8133,0.2395,38.52,92,92,37048
1.8328,0.2395,38.40,92,92,37051
1.8084,0.2346,38.55,92,92,37054
1.8231,0.2395,38.68,92,92,37057
1.8573,0.2346,38.49,92,92,37061
1.8524,0.2395,38.52,92,92,37064
1.8817,0.2346,38.40,92,92,37067
1.8671,0.2346,38.55,92,92,37070
1.8768,0.2346,38.58,92,92,37074
1.9062,0.2444,38.55,92,92,37078
1.9013,0.2297,38.58,92,92,37081
1.9208,0.2346,38.43,92,92,37084
1.9062,0.2395,38.52,92,92,37088
1.9257,0.2346,38.55,92,92,37091
1.9746,0.2297,38.40,92,92,37094
1.9941,0.2395,38.52,92,92,37097
1.9795,0.2395,38.58,92,92,37101
1.9501,0.2395,38.05,92,92,37104
1.9599,0.2395,38.55,92,92,37107
1.9550,0.2444,38.40,92,92,37110
1.9208,0.2297,38.55,92,92,37114
1.9550,0.2395,38.43,92,92,37117
1.8866,0.2395,38.55,92,92,37121
1.8622,0.2346,38.58,92,92,37124
1.8719,0.2297,38.49,92,92,37128
1.8622,0.2444,38.55,92,92,37131
1.8573,0.2395,38.40,92,92,37134
1.8328,0.2395,38.49,92,92,37137
1.8377,0.2346,38.58,92,92,37141
1.8817,0.2493,38.43,92,92,37144
1.8573,0.2395,38.52,92,92,37147
1.8573,0.2395,38.55,92,92,37150
1.8133,0.2395,38.55,92,92,37154
1.8133,0.2346,38.58,92,92,37157
1.8328,0.2737,38.43,92,92,37160
1.8084,0.2493,38.55,92,92,37164
1.8231,0.2395,38.43,92,92,37168
1.7840,0.2395,38.55,92,92,37171
1.7644,0.2346,38.55,92,92,37174
1.7742,0.2493,38.52,92,92,37177
1.7498,0.2395,38.65,92,92,37181
1.7595,0.2395,38.46,92,92,37184
1.7449,0.2395,38.55,92,92,37187
1.7498,0.2346,38.49,92,92,37190
1.7889,0.2444,38.36,92,92,37194
1.7791,0.2395,38.52,92,92,37197
1.8084,0.2395,38.43,92,92,37200
1.8182,0.2590,38.55,92,92,37203
1.8671,0.2346,38.58,92,92,37208
1.9648,0.2297,38.43,92,92,37211
2.0479,0.2395,38.55,92,92,37214
2.2043,0.2346,38.43,92,92,37217
2.3754,0.2395,38.58,92,92,37221
2.6002,0.2346,38.55,92,92,37224
2.8935,0.2493,38.36,92,92,37227
3.0938,0.2395,38.52,92,92,37230
3.2698,0.2444,38.43,92,92,37234
3.2747,0.2346,38.55,92,92,37237
3.1329,0.2346,38.55,92,92,37240
2.9277,0.2493,38.40,92,92,37243
2.6051,0.2395,38.49,92,92,37248
2.2972,0.2395,38.40,92,92,37251
2.0332,0.2395,38.55,92,92,37254
1.8133,0.2297,38.55,92,92,37257
1.6764,0.2444,38.36,92,92,37261
1.5298,0.2395,38.58,92,92,37264
1.4858,0.2444,38.43,92,92,37267
1.4027,0.2444,38.62,92,92,37270
1.3832,0.2346,38.49,92,92,37274
1.4076,0.2493,38.46,92,92,37277
1.3881,0.2444,38.52,92,92,37280
1.4027,0.2346,38.62,92,92,37283
1.4223,0.2395,38.46,92,92,37287
1.4467,0.2297,38.58,92,92,37291
1.5005,0.2493,38.43,92,92,37294
1.5103,0.2884,38.49,92,92,37297
1.5396,0.2346,38.52,92,92,37301
1.5543,0.2395,38.55,92,92,37304
1.5640,0.2395,38.55,92,92,37307
1.5934,0.2444,38.40,92,92,37310
1.5640,0.2297,38.52,92,92,37314
1.5689,0.2395,38.46,92,92,37317
1.5591,0.2395,38.68,92,92,37320
1.5640,0.2346,38.55,92,92,37325
1.5689,0.2346,38.55,92,92,37328
1.6129,0.2493,38.30,92,92,37331
1.6080,0.2395,38.55,92,92,37336
1.6325,0.2444,38.43,92,92,37339
1.6178,0.2346,38.62,92,92,37342
1.6276,0.2346,38.49,92,92,37345
1.6569,0.2493,37.71,92,92,37349
1.6325,0.2395,38.52,92,92,37352
1.6569,0.2493,38.46,92,92,37355
1.6373,0.2395,38.52,92,92,37358
1.6520,0.2346,38.43,92,92,37362
1.6960,0.2395,38.49,92,92,37365
1.7009,0.2395,38.52,92,92,37368
1.7253,0.2395,38.43,92,92,37371
1.6911,0.2346,38.58,92,92,37376
1.6960,0.2346,38.55,92,92,37379
1.7351,0.2493,38.36,92,92,37382
1.7204,0.2395,38.52,92,92,37385
1.7498,0.2395,38.43,92,92,37389
1.7204,0.2346,38.55,92,92,37392
1.7253,0.2444,38.55,92,92,37395
1.7546,0.2444,38.40,92,92,37398
1.7498,0.2297,38.55,92,92,37402
1.7742,0.2395,38.43,92,92,37405
1.7400,0.2346,38.52,92,92,37408
1.7302,0.2346,38.62,92,92,37411
1.7449,0.2297,38.49,92,92,37415
1.7595,0.2346,38.55,92,92,37419
1.7693,0.2395,38.43,92,92,37422
1.7546,0.2395,38.58,92,92,37425
1.7546,0.2297,38.55,92,92,37429
1.7840,0.2542,38.43,92,92,37432
1.7693,0.2395,38.52,92,92,37435
1.7986,0.2395,38.36,92,92,37438
1.7937,0.2297,38.55,92,92,37442
1.8182,0.2297,38.55,92,92,37445
1.8719,0.2444,38.52,92,92,37448
1.8622,0.2395,38.58,92,92,37451
1.9013,0.2395,38.40,92,92,37455
1.8133,0.2395,38.58,92,92,37458
1.7742,0.2346,38.65,92,92,37462
1.7742,0.2444,38.52,92,92,37465
1.7595,0.2395,38.62,92,92,37469
1.7937,0.2590,38.40,92,92,37472
1.7791,0.2346,38.77,92,92,37475
1.7937,0.2346,38.55,92,92,37478
1.8622,0.2493,38.36,92,92,37482
1.8328,0.2346,38.52,92,92,37485
1.8524,0.2395,38.40,92,92,37488
1.8328,0.2346,38.62,92,92,37491
1.8573,0.2444,38.55,92,92,37495
1.8719,0.2444,38.43,92,92,37498
1.8524,0.2395,38.74,92,92,37501
1.8622,0.2297,38.46,92,92,37505
1.8328,0.2346,38.55,92,92,37509
1.8475,0.2346,38.55,92,92,37512
1.8817,0.2444,38.49,92,92,37515
1.8622,0.2395,38.52,92,92,37518
1.8768,0.2444,38.40,92,92,37522
1.8573,0.2346,38.55,92,92,37525
1.8622,0.2297,38.58,92,92,37528
1.9062,0.2444,38.36,92,92,37531
1.8671,0.2297,38.55,92,92,37535
1.8573,0.2346,38.40,92,92,37538
1.8280,0.2395,38.55,92,92,37541
1.8328,0.2346,38.58,92,92,37544
1.8622,0.2444,38.46,92,92,37549
1.8524,0.2444,38.55,92,92,37552
1.8768,0.2346,38.40,92,92,37555
1.8573,0.2297,38.55,92,92,37558
1.8573,0.2346,38.55,92,92,37562
1.8719,0.2493,38.49,92,92,37565
1.8524,0.2395,38.52,92,92,37568
1.8524,0.2395,38.46,92,92,37571
1.8231,0.2297,38.55,92,92,37575
1.8133,0.2395,38.55,92,92,37578
1.8426,0.2444,38.40,92,92,37581
1.8133,0.2395,38.71,92,92,37584
1.8280,0.2395,38.43,92,92,37588
1.8426,0.2346,38.55,92,92,37592
1.8426,0.2346,38.55,92,92,37595
1.8866,0.2444,38.46,92,92,37598
1.8573,0.2395,38.55,92,92,37602
1.8475,0.2395,38.43,92,92,37605
1.8084,0.2346,38.55,92,92,37608
1.7889,0.2346,37.93,92,92,37611
1.7986,0.2444,38.46,92,92,37615
1.7742,0.2444,38.55,92,92,37618
1.7791,0.2395,38.36,92,92,37621
1.7546,0.2346,38.52,92,92,37624
1.7546,0.2346,38.55,92,92,37628
1.7889,0.2444,38.40,92,92,37632
1.7889,0.2395,38.52,92,92,37635
1.8280,0.2395,38.43,92,92,37638
1.8280,0.2346,38.55,92,92,37642
1.8328,0.2346,38.52,92,92,37645
1.8622,0.2444,38.52,92,92,37648
1.8377,0.2395,38.55,92,92,37651
1.8475,0.2395,38.46,92,92,37655
1.8328,0.2444,38.55,92,92,37658
1.8328,0.2346,38.55,92,92,37661
1.8768,0.2444,38.46,92,92,37664
1.8915,0.2444,38.49,92,92,37668
1.8719,0.2346,38.65,92,92,37671
1.8524,0.2395,38.62,92,92,37675
1.8475,0.2297,38.55,92,92,37678
1.8866,0.2395,38.40,92,92,37682
1.8622,0.2933,38.52,92,92,37685
1.8817,0.2395,38.43,92,92,37688
1.8671,0.2297,38.55,92,92,37691
1.8671,0.2346,38.55,92,92,37695
1.8671,0.2590,38.40,92,92,37698
1.8328,0.2395,38.55,92,92,37701
1.8280,0.2346,38.43,92,92,37704
1.8231,0.2493,38.55,92,92,37708
1.8377,0.2395,38.55,92,92,37711
1.8817,0.2493,38.74,92,92,37714
1.8768,0.2297,38.55,92,92,37718
1.8964,0.2346,38.46,92,92,37722
1.8915,0.2395,38.55,92,92,37725
1.9062,0.2346,38.58,92,92,37728
1.9599,0.2493,38.40,92,92,37731
1.9453,0.2297,38.52,92,92,37735
1.9599,0.2346,38.46,92,92,37738
1.9404,0.2346,38.65,92,92,37741
1.9306,0.2297,38.58,92,92,37744
1.9501,0.2395,38.46,92,92,37748
1.9110,0.2639,38.55,92,92,37751
1.9110,0.2346,38.43,92,92,37754
1.8768,0.2395,38.55,92,92,37757
1.8817,0.2444,38.52,92,92,37762
1.9306,0.2493,38.46,92,92,37765
1.9159,0.2395,38.52,92,92,37768
1.9159,0.2395,38.46,92,92,37771
1.8768,0.2444,38.52,92,92,37775
1.8280,0.2395,38.49,92,92,37778
1.8133,0.2297,38.40,92,92,37781
1.7498,0.2395,38.52,92,92,37784
1.7204,0.2542,38.40,92,92,37788
1.6911,0.2395,38.55,92,92,37791
1.6911,0.2346,38.55,92,92,37794
1.7302,0.2542,38.43,92,92,37797
1.7155,0.2395,38.55,92,92,37801
1.7302,0.2346,38.46,92,92,37805
1.7546,0.2395,38.55,92,92,37808
1.7351,0.2346,38.49,92,92,37811
1.7791,0.2493,38.43,92,92,37815
1.7644,0.2395,38.52,92,92,37818
1.7693,0.2346,38.46,92,92,37821
1.7742,0.2395,38.55,92,92,37824
1.7693,0.2346,38.58,92,92,37828
1.8035,0.2444,38.33,92,92,37831
1.7889,0.2395,38.71,92,92,37834
1.8035,0.2297,38.49,92,92,37837
1.8426,0.2346,38.55,92,92,37841
1.8426,0.2346,38.55,92,92,37844
1.9306,0.2493,38.40,92,92,37848
1.9795,0.2395,38.49,92,92,37851
2.1017,0.2346,38.55,92,92,37855
2.2483,0.2395,38.52,92,92,37858
2.4536,0.2346,38.58,92,92,37861
2.7468,0.2493,38.43,92,92,37864
2.9570,0.2444,38.52,92,92,37868
3.1818,0.2346,38.49,92,92,37871
3.2942,0.2395,38.55,92,92,37874
3.2649,0.2444,38.58,92,92,37877
3.1085,0.2639,38.36,92,92,37881
2.7468,0.2395,38.71,92,92,37884
2.4194,0.2297,38.46,92,92,37888
2.1065,0.2444,38.55,92,92,37891
1.8524,0.2346,38.46,92,92,37895
1.6960,0.2493,38.43,92,92,37898
1.5396,0.2395,38.49,92,92,37901
1.4272,0.2346,38.49,92,92,37904
1.3783,0.2395,38.46,92,92,37908
1.3685,0.2346,38.74,92,92,37911
1.4223,0.2493,38.43,92,92,37914
1.4321,0.2395,38.55,92,92,37917
1.4027,0.2444,38.49,92,92,37921
1.4027,0.2493,38.52,92,92,37924
1.4076,0.2297,38.62,92,92,37927
1.4370,0.2542,38.40,91,92,37931
1.4516,0.2688,38.55,91,92,37936
1.4516,0.2346,38.65,91,92,37939
1.5005,0.2493,38.40,91,92,37943
1.4956,0.2395,38.65,91,92,37946
1.5200,0.2346,38.58,91,92,37949
1.5543,0.2444,38.49,91,92,37952
1.5640,0.2395,38.58,91,92,37956
1.5982,0.2297,38.43,91,92,37959
1.5885,0.2395,38.55,91,92,37962
1.5982,0.2248,38.58,91,92,37965
1.6325,0.2444,38.27,91,92,37969
1.6178,0.2395,38.58,91,92,37972
1.6520,0.2395,38.46,91,92,37976
1.6373,0.2346,38.62,91,92,37979
1.6422,0.2346,37.77,91,92,37983
1.6618,0.2444,38.43,91,92,37986
1.6569,0.2395,38.55,91,92,37989
1.6813,0.2346,38.40,91,92,37992
1.6618,0.2346,38.58,91,92,37996
1.6667,0.2346,38.65,91,92,37999
1.6764,0.2444,38.52,91,92,38002
1.6618,0.2395,38.52,91,92,38005
1.6569,0.2395,38.49,91,92,38009
1.6325,0.2395,38.68,91,92,38012
1.6325,0.2297,38.55,91,92,38016
1.6716,0.2493,38.43,91,92,38019
1.6471,0.2346,38.55,91,92,38023
1.6764,0.2395,38.40,91,92,38026
1.6569,0.2395,38.55,91,92,38029
1.6813,0.2346,38.55,91,92,38032
1.7155,0.2444,38.49,91,92,38036
1.6960,0.2395,38.52,91,92,38039
1.7302,0.2395,38.43,91,92,38042
1.7155,0.2346,38.52,91,92,38045
1.7253,0.2346,38.55,91,92,38049
1.7546,0.2346,38.55,91,92,38052
1.7498,0.2395,38.55,91,92,38055
1.7742,0.2395,38.43,91,92,38059
1.7498,0.2395,38.55,91,92,38063
1.7400,0.2688,38.62,91,92,38066
1.7595,0.2444,38.36,91,92,38069
1.7155,0.2297,38.52,91,92,38072
1.7253,0.2346,38.40,91,92,38076
1.6960,0.2395,38.58,91,92,38079
1.6911,0.2297,38.55,91,92,38082
1.6911,0.2444,38.46,91,92,38085
1.6862,0.2444,38.55,91,92,38089
1.7009,0.2395,38.43,91,92,38092
1.6862,0.2346,38.58,91,92,38095
1.7058,0.2444,38.55,91,92,38098
1.7302,0.2444,38.55,91,92,38103
1.7253,0.2395,38.65,91,92,38106
1.7449,0.2297,38.43,91,92,38109
1.7253,0.2297,38.55,91,92,38112
1.7351,0.2395,38.55,91,92,38116
1.7693,0.2590,38.74,91,92,38119
1.7498,0.2395,38.62,91,92,38122
1.7791,0.2395,38.43,91,92,38125
1.7595,0.2395,38.55,91,92,38129
1.7791,0.2493,38.55,91,92,38132
1.8133,0.2444,38.43,91,92,38135
1.8084,0.2395,38.52,91,92,38138
1.8280,0.2444,38.43,91,92,38142
1.8084,0.2395,38.58,91,92,38146
1.8084,0.2346,37.80,91,92,38149
1.8280,0.2395,38.49,91,92,38152
1.8182,0.2395,38.62,91,92,38156
1.8328,0.2395,38.43,91,92,38159
1.8182,0.2297,38.55,91,92,38162
1.8231,0.2346,38.55,91,92,38165
1.8622,0.2444,38.40,91,92,38169
1.8328,0.2444,38.52,91,92,38172
1.8475,0.2395,37.87,91,92,38175
1.8231,0.2395,38.55,91,92,38178
1.8182,0.2444,38.55,91,92,38182
1.8377,0.2542,38.49,91,92,38185
1.8133,0.2395,38.55,91,92,38189
1.8280,0.2297,38.43,91,92,38192
1.8035,0.2444,38.55,91,92,38196
1.8084,0.2444,38.58,91,92,38199
1.8328,0.2444,38.46,91,92,38202
1.8084,0.2395,38.55,91,92,38205
1.8231,0.2346,38.49,91,92,38209
1.8084,0.2395,38.49,91,92,38212
1.8231,0.2346,38.58,91,92,38215
1.8817,0.2444,38.40,91,92,38218
1.8866,0.2395,38.52,91,92,38222
1.9110,0.2395,38.40,91,92,38225
1.8866,0.2395,38.58,91,92,38228
1.8671,0.2395,38.58,91,92,38232
1.8524,0.2493,38.43,91,92,38236
1.7889,0.2395,38.52,91,92,38239
1.7595,0.2395,38.43,91,92,38242
1.7107,0.2346,38.55,91,92,38245
1.7107,0.2346,38.55,91,92,38249
1.7400,0.2444,38.46,91,92,38252
1.7351,0.2395,38.52,91,92,38255
1.7840,0.2395,38.43,91,92,38258
1.7546,0.2444,38.52,91,92,38262
1.7644,0.2346,38.58,91,92,38265
1.8084,0.2493,38.40,91,92,38268
1.8182,0.2395,38.55,91,92,38272
1.8084,0.2395,38.43,91,92,38276
1.7986,0.2395,38.55,91,92,38279
1.7986,0.2346,38.55,91,92,38282
1.8377,0.2493,38.43,91,92,38285
1.8231,0.2395,38.58,91,92,38289
1.8377,0.2395,38.43,91,92,38292
1.8426,0.2346,38.55,91,92,38295
1.8328,0.2346,38.55,91,92,38298
1.8671,0.2493,38.49,91,92,38302
1.8426,0.2395,38.62,91,92,38305
1.8573,0.2395,38.43,91,92,38308
1.8377,0.2395,38.55,91,92,38311
1.8377,0.2346,38.55,91,92,38316
1.8817,0.2493,38.33,91,92,38319
1.8573,0.2395,38.49,91,92,38322
1.8622,0.2395,38.43,91,92,38325
1.8475,0.2395,38.55,91,92,38329
1.8475,0.2639,38.58,91,92,38332
1.8817,0.2444,38.43,91,92,38335
1.8622,0.2395,38.55,91,92,38338
1.8719,0.2444,38.43,91,92,38342
1.8573,0.2395,38.55,91,92,38345
1.8573,0.2346,38.55,91,92,38348
1.8915,0.2493,38.46,91,92,38351
1.8719,0.2395,38.55,91,92,38355
1.8964,0.2444,38.46,91,92,38359
1.8964,0.2493,38.55,91,92,38362
1.9110,0.2346,38.55,91,92,38365
1.9550,0.2493,38.40,91,92,38369
1.9648,0.2346,38.49,91,92,38372
1.9697,0.2395,38.49,91,92,38375
1.9697,0.2297,38.55,91,92,38378
1.9941,0.2346,38.58,91,92,38382
2.0332,0.2542,38.43,91,92,38385
1.9941,0.2395,38.68,91,92,38388
1.9746,0.2297,38.46,91,92,38391
1.9355,0.2444,38.55,91,92,38395
1.9110,0.2346,38.55,91,92,38398
1.8866,0.2493,38.49,91,92,38402
1.8328,0.2395,38.52,91,92,38405
1.8182,0.2444,38.43,91,92,38409
1.8035,0.2395,38.55,91,92,38412
1.8084,0.2444,38.49,91,92,38415
1.8475,0.2493,38.43,91,92,38418
1.8231,0.2297,38.49,91,92,38422
1.8133,0.2395,38.43,91,92,38425
1.7840,0.2395,38.55,91,92,38428
1.7693,0.2346,38.55,91,92,38431
1.7889,0.2444,38.36,91,92,38435
1.7546,0.2395,38.55,91,92,38438
1.7595,0.2346,38.46,91,92,38441
1.7498,0.2737,38.55,91,92,38445
1.7449,0.2346,38.58,91,92,38449
1.7791,0.2493,38.52,91,92,38452
1.7449,0.2297,38.52,91,92,38455
1.7498,0.2346,38.49,91,92,38458
1.7449,0.2395,38.52,91,92,38462
1.7449,0.2297,38.55,91,92,38465
1.8182,0.2395,38.36,91,92,38468
1.7693,0.2444,38.49,91,92,38471
1.7644,0.2346,38.46,91,92,38475
1.7546,0.2395,38.55,91,92,38478
1.7498,0.2346,38.55,91,92,38481
1.7986,0.2493,38.40,91,92,38484
1.7937,0.2395,38.52,91,92,38489
1.8280,0.2346,38.46,91,92,38492
1.8524,0.2590,38.58,91,92,38495
1.9062,0.2346,38.58,91,92,38498
2.0332,0.2493,38.43,91,92,38502
2.1163,0.2688,38.49,91,92,38505
2.2581,0.2346,38.46,91,92,38508
2.4438,0.2395,38.55,91,92,38511
2.6637,0.2346,38.58,91,92,38515
2.9717,0.2493,38.30,91,92,38518
3.1476,0.2444,38.46,91,92,38521
3.2698,0.2346,38.49,91,92,38524
3.2258,0.2444,38.55,91,92,38529
3.0499,0.2346,38.55,91,92,38532
2.8397,0.2542,38.40,91,92,38535
2.4976,0.2444,38.49,91,92,38538
2.2239,0.2346,38.49,91,92,38542
1.9941,0.2346,38.55,92,92,38545
1.3881,0.2297,38.55,92,92,38550
1.3539,0.2346,38.58,92,92,38553
1.3636,0.2395,38.36,92,92,38556
1.3490,0.2395,38.55,92,92,38559
1.3783,0.2493,38.43,92,92,38563
1.3832,0.2395,38.62,92,92,38566
1.4076,0.2297,38.55,92,92,38569
1.4321,0.2493,38.43,92,92,38573
1.4321,0.2395,38.52,92,92,38577
1.4663,0.2395,38.43,92,92,38580
1.4663,0.2346,38.55,92,92,38583
1.4907,0.2346,38.55,92,92,38586
1.5249,0.2590,38.55,92,92,38590
1.5249,0.2395,38.55,92,92,38593
1.5885,0.2444,38.43,92,92,38596
1.5543,0.2444,38.55,92,92,38599
1.5591,0.2346,38.49,92,92,38603
1.6178,0.2444,38.40,92,92,38606
1.6031,0.2395,38.55,92,92,38609
1.6227,0.2444,38.43,92,92,38612
1.6031,0.2346,38.55,92,92,38617
1.6080,0.2346,38.55,92,92,38620
1.6422,0.2444,38.43,92,92,38623
1.6227,0.2346,38.55,92,92,38626
1.6471,0.2395,38.36,92,92,38630
1.6373,0.2297,38.58,92,92,38633
1.6422,0.2297,38.55,92,92,38636
1.6716,0.2395,38.49,92,92,38639
1.6716,0.2395,38.77,92,92,38643
1.6960,0.2395,38.43,92,92,38646
1.6813,0.2395,38.55,92,92,38649
1.6862,0.2395,38.55,92,92,38652
1.7204,0.2444,38.46,92,92,38657
1.6960,0.2395,38.65,92,92,38660
1.7009,0.2395,38.43,92,92,38663
1.6960,0.2395,38.58,92,92,38666
1.7009,0.2346,38.58,92,92,38670
1.7400,0.2444,38.40,92,92,38673
1.7302,0.2395,38.65,92,92,38676
1.7595,0.2395,38.46,92,92,38679
1.7595,0.2346,38.55,92,92,38683
1.7840,0.2444,38.62,92,92,38686
1.8377,0.2493,38.49,92,92,38689
1.8182,0.2395,38.55,92,92,38692
1.8084,0.2346,38.49,92,92,38696
1.7644,0.2639,38.55,92,92,38700
1.7351,0.2346,38.58,92,92,38703
1.7400,0.2542,38.40,92,92,38706
1.7058,0.2444,38.52,92,92,38710
1.7107,0.2395,38.46,92,92,38713
1.7009,0.2297,38.55,92,92,38716
1.7058,0.2346,38.55,92,92,38719
1.7449,0.2444,38.40,92,92,38723
1.7400,0.2395,38.52,92,92,38726
1.7546,0.2395,38.40,92,92,38729
1.7449,0.2395,38.55,92,92,38732
1.7498,0.2346,38.55,92,92,38735
1.7889,0.2444,38.43,92,92,38739
1.7595,0.2395,38.02,92,92,38743
1.7742,0.2297,38.46,92,92,38746
1.7791,0.2444,38.52,92,92,38749
1.7742,0.2346,38.62,92,92,38753
1.8231,0.2493,38.36,92,92,38756
1.8084,0.2444,38.49,92,92,38759
1.7986,0.2395,38.55,92,92,38762
1.7937,0.2395,38.62,92,92,38766
1.7889,0.2297,38.55,92,92,38769
1.8377,0.2542,38.55,92,92,38772
1.8133,0.2444,38.49,92,92,38775
1.8231,0.2346,38.46,92,92,38779
1.8328,0.2395,38.55,92,92,38782
1.8377,0.2346,38.62,92,92,38786
1.8866,0.2493,38.40,92,92,38789
1.8671,0.2444,38.52,92,92,38793
1.8622,0.2346,38.46,92,92,38796
1.8768,0.2395,38.52,92,92,38799
1.8524,0.2346,38.46,92,92,38802
1.8915,0.2444,38.36,92,92,38806
1.8671,0.2444,38.49,92,92,38809
1.8475,0.2346,38.49,92,92,38812
1.8426,0.2395,38.62,92,92,38815
1.8475,0.2346,38.58,92,92,38819
1.9013,0.2590,38.36,92,92,38822
1.8866,0.2688,38.55,92,92,38825
1.8964,0.2346,38.49,92,92,38829
1.9355,0.2395,38.55,92,92,38833
1.9013,0.2346,38.55,92,92,38836
1.9550,0.2493,37.71,92,92,38839
1.9159,0.2444,38.49,92,92,38842
1.8817,0.2346,38.49,92,92,38846
1.8524,0.2688,38.52,92,92,38849
1.8231,0.2395,38.55,92,92,38852
1.8622,0.2542,38.43,92,92,38855
1.8182,0.2444,38.49,92,92,38859
1.7937,0.2493,38.49,92,92,38862
1.7840,0.2395,38.65,92,92,38865
1.7693,0.2395,38.62,92,92,38868
1.8182,0.2542,38.30,92,92,38873
1.7742,0.2444,38.49,92,92,38876
1.7840,0.2346,38.49,92,92,38879
1.7840,0.2395,38.58,92,92,38882
1.7889,0.2346,38.58,92,92,38886
1.8377,0.2590,38.36,92,92,38889
1.8035,0.2444,38.46,92,92,38892
1.7840,0.2346,38.52,92,92,38895
1.7889,0.2395,38.55,92,92,38899
1.7742,0.2346,38.62,92,92,38902
1.8377,0.2590,38.36,92,92,38905
1.7986,0.2444,38.46,92,92,38908
1.7889,0.2346,38.52,92,92,38913
1.7937,0.2395,38.55,92,92,38916
1.7986,0.2346,38.58,92,92,38919
1.8671,0.2590,38.33,92,92,38922
1.8377,0.2395,38.52,92,92,38926
1.8280,0.2346,38.52,92,92,38929
1.8280,0.2688,38.43,92,92,38932
1.8133,0.2395,38.58,92,92,38935
1.8915,0.2590,38.33,92,92,38939
1.8328,0.2493,38.43,92,92,38942
1.8231,0.2346,38.52,92,92,38945
1.8280,0.2395,38.62,92,92,38948
1.8377,0.2395,38.55,92,92,38952
1.8866,0.2835,38.30,92,92,38956
1.8475,0.2395,38.40,92,92,38959
1.8426,0.2297,38.52,92,92,38962
1.8524,0.2395,38.52,92,92,38966
1.8377,0.2639,38.58,92,92,38969
1.8915,0.2542,38.33,92,92,38972
1.8524,0.2297,38.43,92,92,38975
1.8915,0.2346,38.55,92,92,38979
1.8671,0.2444,38.52,92,92,38982
1.8768,0.2346,38.55,92,92,38985
1.9404,0.2590,38.30,92,92,38988
1.9062,0.2688,38.43,92,92,38992
1.8915,0.2346,38.55,92,92,38995
1.9013,0.2395,38.52,92,92,38999
1.9062,0.2346,38.55,92,92,39002
1.9648,0.2639,38.30,92,92,39006
1.9257,0.2395,38.36,92,92,39009
1.9257,0.2297,38.55,92,92,39012
1.9501,0.2395,38.55,92,92,39015
1.9404,0.2542,38.58,92,92,39019
2.0039,0.2493,37.96,92,92,39022
1.9648,0.2395,38.49,92,92,39025
1.9550,0.2346,38.55,92,92,39028
1.9550,0.2444,38.55,92,92,39032
1.9404,0.2346,38.21,92,92,39035
1.9941,0.2297,38.30,92,92,39038
1.9550,0.2395,38.46,92,92,39042
1.9306,0.2346,38.52,92,92,39046
1.9257,0.2395,38.62,92,92,39049
1.9062,0.2346,38.55,92,92,39052
1.9306,0.2395,38.27,92,92,39055
1.8622,0.2542,38.49,92,92,39059
1.8475,0.2346,38.65,92,92,39062
1.8377,0.2395,38.52,92,92,39065
1.8133,0.2493,38.58,92,92,39068
1.8524,0.2493,38.21,92,92,39072
1.8084,0.2395,38.58,92,92,39075
1.8035,0.2346,38.55,92,92,39078
1.8084,0.2444,38.58,92,92,39081
1.7986,0.2395,38.62,92,92,39086
1.8328,0.2493,38.27,92,92,39089
1.8231,0.2444,38.46,92,92,39092
1.7742,0.2590,38.62,92,92,39095
1.7742,0.2395,38.52,92,92,39099
1.7644,0.2297,38.62,92,92,39102
1.8133,0.2493,38.27,92,92,39105
1.7644,0.2395,38.46,92,92,39108
1.7742,0.2346,38.52,92,92,39112
1.7937,0.2395,38.55,92,92,39115
1.7937,0.2346,38.55,92,92,39118
1.8377,0.2786,38.30,92,92,39121
1.7986,0.2346,38.43,92,92,39126
1.7937,0.2297,38.55,92,92,39129
1.7937,0.2444,38.55,92,92,39132
1.7937,0.2395,38.55,92,92,39135
1.8622,0.2493,38.33,92,92,39139
1.8524,0.2297,38.49,92,92,39142
1.8817,0.2444,38.58,92,92,39145
1.9550,0.2444,38.52,92,92,39148
2.0430,0.2395,38.55,92,92,39152
2.2678,0.2395,38.27,92,92,39155
3.2942,0.2493,38.62,91,92,39160
3.3284,0.2395,38.52,91,92,39163
3.2356,0.2395,38.49,91,92,39166
2.9961,0.2395,38.58,91,92,39170
2.6931,0.2346,38.55,91,92,39174
2.4536,0.2493,38.43,91,92,39177
2.1359,0.2493,38.52,91,92,39180
1.9062,0.2346,38.18,91,92,39183
1.7253,0.2395,38.65,91,92,39187
1.5885,0.2395,38.58,91,92,39190
1.5200,0.2493,38.43,91,92,39193
1.4370,0.2444,38.52,91,92,39196
1.3978,0.2346,37.71,91,92,39200
1.3783,0.2395,38.55,91,92,39203
1.3881,0.2346,38.62,91,92,39206
1.4272,0.2688,38.40,91,92,39209
1.4174,0.2395,38.40,91,92,39214
1.4272,0.2346,38.49,91,92,39217
1.4321,0.2346,38.55,91,92,39220
1.4321,0.2346,38.52,91,92,39223
1.4907,0.2493,38.40,91,92,39227
1.4809,0.2395,38.52,91,92,39230
1.5005,0.2297,38.52,91,92,39233
1.5249,0.2395,38.62,91,92,39236
1.5543,0.2346,38.65,91,92,39240
1.6178,0.2444,38.36,91,92,39243
1.5982,0.2346,38.46,91,92,39246
1.5982,0.2346,38.55,91,92,39249
1.6031,0.2395,38.58,91,92,39254
1.5934,0.2346,38.55,91,92,39257
1.6373,0.2590,38.40,91,92,39260
1.6031,0.2444,38.49,91,92,39263
1.6129,0.2346,38.49,91,92,39267
1.6080,0.2395,38.46,91,92,39270
1.6178,0.2346,38.55,91,92,39273
1.6862,0.2297,38.36,91,92,39276
1.6618,0.2444,38.55,91,92,39280
1.6618,0.2346,38.49,91,92,39283
1.6716,0.2444,38.52,91,92,39286
1.6813,0.2346,38.55,91,92,39289
1.7302,0.2493,38.36,91,92,39293
1.6960,0.2395,38.49,91,92,39297
1.6911,0.2346,38.46,91,92,39300
1.7009,0.2395,38.55,91,92,39303
1.7449,0.2346,38.55,91,92,39307
1.7791,0.2737,38.36,91,92,39310
1.7449,0.2444,38.36,91,92,39313
1.7400,0.2297,38.52,91,92,39316
1.7302,0.2346,38.55,91,92,39320
1.7253,0.2297,38.55,91,92,39323
1.7840,0.2542,38.30,91,92,39326
1.7449,0.2395,38.49,91,92,39329
1.7107,0.2346,38.52,91,92,39333
1.6862,0.2444,38.62,91,92,39336
1.6569,0.2346,38.55,91,92,39340
1.7107,0.2493,38.33,91,92,39343
1.6618,0.2493,38.46,91,92,39347
1.6764,0.2346,38.52,91,92,39350
1.6960,0.2395,38.55,91,92,39353
1.7155,0.2395,38.55,91,92,39356
1.7693,0.2590,38.33,91,92,39360
1.7351,0.2395,38.43,91,92,39363
1.7400,0.2346,38.52,91,92,39366
1.7742,0.2395,38.55,91,92,39369
1.7351,0.2444,38.55,91,92,39373
1.7840,0.2590,38.33,91,92,39376
1.7400,0.2395,38.49,91,92,39379
1.7351,0.2590,38.52,91,92,39383
1.7400,0.2395,38.62,91,92,39387
1.7400,0.2346,38.55,91,92,39390
1.7889,0.2786,38.27,91,92,39393
1.7546,0.2395,38.43,91,92,39396
1.7595,0.2346,38.52,91,92,39400
1.7693,0.2395,38.52,91,92,39403
1.7742,0.2346,38.52,91,92,39406
1.8426,0.2542,38.30,91,92,39409
1.8084,0.2395,38.46,91,92,39413
1.7937,0.2395,38.55,91,92,39416
1.7840,0.2395,38.55,91,92,39419
1.7889,0.2395,38.65,91,92,39422
1.8524,0.2590,38.33,91,92,39427
1.8426,0.2395,38.46,91,92,39430
1.8377,0.2346,38.55,91,92,39433
1.8573,0.2395,38.55,91,92,39436
1.8622,0.2395,38.55,91,92,39440
1.9159,0.2493,38.30,91,92,39443
1.8768,0.2444,38.46,91,92,39446
1.8768,0.2346,38.49,91,92,39449
1.8817,0.2395,38.52,91,92,39453
1.8719,0.2346,38.55,91,92,39456
1.9306,0.2444,38.30,91,92,39459
1.8964,0.2346,38.46,91,92,39462
1.9013,0.2346,38.55,91,92,39467
1.9159,0.2395,38.55,91,92,39470
1.9208,0.2395,38.55,91,92,39473
1.9648,0.2835,38.27,91,92,39476
1.9110,0.2395,38.55,91,92,39480
1.8817,0.2346,38.52,91,92,39483
1.8719,0.2395,38.52,91,92,39486
1.8475,0.2297,38.58,91,92,39489
1.8866,0.2542,38.05,91,92,39493
1.8328,0.2395,38.46,91,92,39496
1.8231,0.2346,38.55,91,92,39499
1.8231,0.2639,38.55,91,92,39502
1.8084,0.2395,38.68,91,92,39506
1.8475,0.2542,38.27,91,92,39510
1.8035,0.2395,38.46,91,92,39513
1.7889,0.2346,38.52,91,92,39516
1.8084,0.2395,38.52,91,92,39520
1.8035,0.2346,38.55,91,92,39523
1.8573,0.2493,38.27,91,92,39526
1.8182,0.2395,38.43,91,92,39529
1.7889,0.2346,38.55,91,92,39533
1.7840,0.2395,38.52,91,92,39536
1.7937,0.2346,38.55,91,92,39539
1.8182,0.2493,38.27,91,92,39542
1.7693,0.2395,38.55,91,92,39546
1.7644,0.2346,38.55,91,92,39549
1.7742,0.2346,38.52,91,92,39553
1.7693,0.2346,38.58,91,92,39556
1.8280,0.2493,38.27,91,92,39560
1.8035,0.2395,38.55,91,92,39563
1.8182,0.2346,38.58,91,92,39566
1.8377,0.2395,38.52,91,92,39569
1.8280,0.2395,38.68,91,92,39573
1.8866,0.2493,38.27,91,92,39576
1.8328,0.2639,38.49,91,92,39579
1.8182,0.2346,38.58,91,92,39582
1.8280,0.2444,38.52,91,92,39586
1.8182,0.2395,38.55,91,92,39589
1.8622,0.2493,38.27,91,92,39592
1.8231,0.2395,38.46,91,92,39596
1.8377,0.2395,38.58,91,92,39600
1.8622,0.2444,38.52,91,92,39603
1.8524,0.2297,38.55,91,92,39606
1.9062,0.2493,38.33,91,92,39609
1.8719,0.2395,38.49,91,92,39613
1.8768,0.2346,38.55,91,92,39616
1.8964,0.2737,38.52,91,92,39619
1.9013,0.2444,38.52,91,92,39622
1.9648,0.2493,38.27,91,92,39626
1.9355,0.2395,38.43,91,92,39629
1.9208,0.2346,38.62,91,92,39632
1.9404,0.2590,38.52,91,92,39635
1.9355,0.2395,38.58,91,92,39640
1.9844,0.2395,38.27,91,92,39643
1.9257,0.2444,38.49,91,92,39646
1.8964,0.2346,38.62,91,92,39649
1.8768,0.2297,38.52,91,92,39653
1.8475,0.2346,38.55,91,92,39656
1.8866,0.2493,38.27,91,92,39659
1.8573,0.2346,38.49,91,92,39662
1.8768,0.2346,38.55,91,92,39666
1.9013,0.2590,38.55,91,92,39669
1.9062,0.2395,38.52,91,92,39672
1.9648,0.2493,38.27,91,92,39675
1.9404,0.2444,38.46,91,92,39680
1.9306,0.2346,38.58,91,92,39683
1.9501,0.2444,38.58,91,92,39686
1.9355,0.2346,38.58,91,92,39689
1.9648,0.2493,38.27,91,92,39693
1.8915,0.2346,38.49,91,92,39696
1.8573,0.2395,38.58,91,92,39699
1.8573,0.2395,38.52,91,92,39702
1.8328,0.2542,38.55,91,92,39706
1.8622,0.2493,38.36,91,92,39709
1.7986,0.2346,38.49,91,92,39712
1.7986,0.2297,38.55,91,92,39715
1.8035,0.2395,38.52,91,92,39719
1.7937,0.2395,38.55,91,92,39723
1.8426,0.2444,38.24,91,92,39726
1.8133,0.2444,38.49,91,92,39729
1.7937,0.2395,38.55,91,92,39733
1.7889,0.2444,38.52,91,92,39736
1.7644,0.2346,38.55,91,92,39739
1.8084,0.2444,38.30,91,92,39742
1.7840,0.2346,38.55,91,92,39746
1.7840,0.2346,38.58,91,92,39749
1.7889,0.2395,38.52,91,92,39752
1.7742,0.2395,38.58,91,92,39755
1.8231,0.2444,38.30,91,92,39759
1.7791,0.2297,38.52,91,92,39762
1.8084,0.2395,38.58,91,92,39766
1.8426,0.2444,38.71,91,92,39769
1.8573,0.2395,38.55,91,92,39774
1.8866,0.2346,38.52,91,92,39777
2.0137,0.2297,38.36,91,92,39780
2.0577,0.2297,38.49,91,92,39784
2.1505,0.2444,38.55,91,92,39787
2.2972,0.2395,38.55,91,92,39790
2.4780,0.2346,38.55,91,92,39793
2.7957,0.2590,38.36,91,92,39797
3.0059,0.2395,38.46,91,92,39800
3.2111,0.2297,38.55,91,92,39803
3.3236,0.2493,38.55,91,92,39806
3.2600,0.2297,38.55,91,92,39811
3.1329,0.2590,38.33,91,92,39814
2.7517,0.2395,38.49,91,92,39817
2.4047,0.2346,38.49,91,92,39820
2.1212,0.2395,38.55,91,92,39824
1.8915,0.2346,38.55,91,92,39827
1.7498,0.2493,38.30,91,92,39830
1.5591,0.2395,38.40,91,92,39833
1.4467,0.2297,38.62,91,92,39837
1.3978,0.2395,38.52,91,92,39840
1.3490,0.2395,38.55,91,92,39843
1.3685,0.2590,37.83,91,92,39846
1.3392,0.2395,38.49,91,92,39851
1.3490,0.2346,38.55,91,92,39854
1.3832,0.2395,38.40,91,92,39857
1.4027,0.2346,38.62,91,92,39860
1.5103,0.2542,38.30,91,92,39864
1.5103,0.2444,38.49,91,92,39867
1.4956,0.2444,38.55,91,92,39870
1.4956,0.2395,38.58,91,92,39873
1.5152,0.2395,38.55,91,92,39877
1.6031,0.2493,38.30,91,92,39880
1.5543,0.2493,38.46,91,92,39883
1.5738,0.2346,38.96,91,92,39886
1.5836,0.2395,38.55,91,92,39890
1.5934,0.2395,38.58,91,92,39894
1.6618,0.2590,38.27,91,92,39897
1.6471,0.2395,38.46,91,92,39900
1.6422,0.2346,38.55,91,92,39904
1.6422,0.2395,38.52,91,92,39907
1.6471,0.2395,38.55,91,92,39910
1.6960,0.2786,38.27,91,92,39913
1.6569,0.2444,38.49,91,92,39917
1.6716,0.2346,38.55,91,92,39920
1.6764,0.2444,38.52,91,92,39923
1.6862,0.2395,38.65,91,92,39926
1.7742,0.2493,38.30,91,92,39930
1.7644,0.2297,38.49,91,92,39933
1.7791,0.2444,38.55,91,92,39937
1.7889,0.2395,37.77,91,92,39940
1.7840,0.2395,38.55,91,92,39944
1.8280,0.2590,38.27,91,92,39947
1.7742,0.2297,38.49,91,92,39950
1.7595,0.2346,38.65,91,92,39953
1.7351,0.2395,38.55,91,92,39957
1.6911,0.2346,38.55,91,92,39960
1.7253,0.2444,38.27,91,92,39963
1.6911,0.2444,38.55,91,92,39966
1.6911,0.2297,38.58,91,92,39970
1.7107,0.2444,38.55,91,92,39973
1.7058,0.2346,38.55,91,92,39976
1.7644,0.2493,38.43,91,92,39980
1.7302,0.2395,38.49,91,92,39984
1.7400,0.2297,38.55,91,92,39987
1.7546,0.2493,38.55,91,92,39990
1.7595,0.2346,38.55,91,92,39993
1.8084,0.2493,38.27,91,92,39997
1.7889,0.2395,38.49,91,92,40000
1.7937,0.2444,38.58,91,92,40003
1.7889,0.2395,38.52,91,92,40006
1.7693,0.2346,38.55,91,92,40010
1.7986,0.2395,38.24,91,92,40013
1.7595,0.2493,38.49,91,92,40016
1.7546,0.2346,38.55,91,92,40019
1.7644,0.2444,38.49,91,92,40024
1.7546,0.2835,38.62,91,92,40027
1.8035,0.2493,38.40,91,92,40030
1.7644,0.2346,38.49,91,92,40033
1.7742,0.2346,38.55,91,92,40037
1.8035,0.2444,38.40,91,92,40040
1.7986,0.2297,38.55,91,92,40043
1.8377,0.2444,38.27,91,92,40046
1.7889,0.2297,38.52,91,92,40050
1.7889,0.2395,37.83,91,92,40053
1.7840,0.2444,38.52,91,92,40056
1.7791,0.2346,38.55,91,92,40059
1.8328,0.2493,38.27,91,92,40064
1.8133,0.2444,38.46,91,92,40067
1.8377,0.2395,38.58,91,92,40070
1.8671,0.2444,38.52,91,92,40073
1.8475,0.2493,38.52,91,92,40077
1.9159,0.2444,38.30,91,92,40080
1.8866,0.2346,38.52,91,92,40083
1.9062,0.2395,38.55,91,92,40086
1.9404,0.2444,38.33,91,92,40090
1.9550,0.2346,38.55,91,92,40093
1.9941,0.2493,38.27,91,92,40096
1.9404,0.2346,38.49,91,92,40099
1.9208,0.2395,38.55,91,92,40103
1.9501,0.2395,38.52,91,92,40107
1.9062,0.2395,38.52,91,92,40110
1.9453,0.2444,38.30,91,92,40113
1.9013,0.2444,38.46,91,92,40117
1.8719,0.2542,38.55,91,92,40120
1.8573,0.2444,38.52,91,92,40123
1.8133,0.2395,38.58,91,92,40126
1.8328,0.2395,38.27,91,92,40130
1.7840,0.2639,38.49,91,92,40133
1.7889,0.2346,38.55,91,92,40136
1.8377,0.2444,38.49,91,92,40139
1.7889,0.2395,38.55,91,92,40143
1.8182,0.2444,38.24,91,92,40146
1.7791,0.2297,38.55,91,92,40150
1.7889,0.2346,38.55,91,92,40153
1.8280,0.2444,38.46,91,92,40157
1.8231,0.2493,38.58,91,92,40160
1.8817,0.2444,38.30,91,92,40163
1.8719,0.2395,38.43,91,92,40166
1.8719,0.2346,38.58,91,92,40170
1.9306,0.2542,38.49,91,92,40173
1.9844,0.2395,38.55,91,92,40176
2.1408,0.2297,38.30,91,92,40179
2.2141,0.2395,38.55,91,92,40183
2.3412,0.2346,38.58,91,92,40186
2.5024,0.2444,38.49,91,92,40189
2.6295,0.2346,38.55,91,92,40193
2.8299,0.2444,38.40,91,92,40197
2.9081,0.2346,38.58,91,92,40200
3.0352,0.2346,38.55,91,92,40203
3.0792,0.2542,38.49,91,92,40206
2.9081,0.2395,38.52,91,92,40210
2.7273,0.2444,38.33,91,92,40213
2.4047,0.2395,38.49,91,92,40216
2.1261,0.2346,38.43,91,92,40219
1.9208,0.2493,38.33,91,92,40223
1.7204,0.2297,38.55,91,92,40226
1.6227,0.2444,38.36,91,92,40229
1.5005,0.2444,38.55,91,92,40232
1.4223,0.2346,38.36,91,92,40237
1.3392,0.2444,38.46,91,92,40240
1.2561,0.2395,38.55,91,92,40243
1.1486,0.2542,38.33,91,92,40246
1.0704,0.2688,38.62,91,92,40250
1.0655,0.2297,38.58,91,92,40253
1.1144,0.2444,38.43,91,92,40256
1.1779,0.2346,38.55,91,92,40259
1.3001,0.2444,38.30,91,92,40263
1.3734,0.2395,38.46,91,92,40266
1.4418,0.2395,38.55,91,92,40269
1.5249,0.2542,38.46,91,92,40272
1.5494,0.2395,38.65,91,92,40276
1.5934,0.2444,38.33,91,92,40280
1.5738,0.2346,38.55,91,92,40283
1.5738,0.2346,38.65,91,92,40286
1.5934,0.2444,38.46,91,92,40290
1.5836,0.2395,38.55,91,92,40293
1.6422,0.2444,38.33,91,92,40296
1.6422,0.2444,38.55,91,92,40299
1.6716,0.2395,38.71,91,92,40303
1.7058,0.2493,38.49,91,92,40306
1.6911,0.2297,38.58,91,92,40309
1.7253,0.2444,38.30,91,92,40312
1.7155,0.2395,38.84,91,92,40316
1.7155,0.2297,38.58,91,92,40320
1.7351,0.2493,38.46,91,92,40323
1.7351,0.2395,38.58,91,92,40326
1.7546,0.2444,38.33,91,92,40330
1.7155,0.2395,38.55,91,92,40333
1.7009,0.2346,38.55,91,92,40336
1.7058,0.2444,38.49,91,92,40339
1.6813,0.2297,38.55,91,92,40343
1.6960,0.2444,38.33,91,92,40346
1.6618,0.2444,38.55,91,92,40349
1.6569,0.2395,38.68,91,92,40352
1.6764,0.2444,38.46,91,92,40356
1.6471,0.2395,38.55,91,92,40359
1.6960,0.2444,38.36,91,92,40363
1.6520,0.2395,37.83,91,92,40366
1.6422,0.2395,38.55,91,92,40370
1.6373,0.2444,38.46,91,92,40373
1.6276,0.2395,38.62,91,92,40376
1.6569,0.2444,38.33,91,92,40379
1.7302,0.2639,38.30,91,92,40384
1.7107,0.2346,38.74,91,92,40387
1.7253,0.2297,38.55,91,92,40391
1.7546,0.2444,38.58,91,92,40394
1.7546,0.2346,38.58,91,92,40397
1.8280,0.2493,38.27,91,92,40400
1.8328,0.2444,38.49,91,92,40404
1.8719,0.2395,38.58,91,92,40408
1.8671,0.2444,38.52,91,92,40411
1.8622,0.2395,38.58,91,92,40414
1.9110,0.2493,38.30,91,92,40418
1.8573,0.2346,38.49,91,92,40421
1.8573,0.2639,38.55,91,92,40424
1.8671,0.2444,38.49,91,92,40427
1.8475,0.2297,38.58,91,92,40431
1.8866,0.2493,38.33,91,92,40434
1.8328,0.2346,38.49,91,92,40437
1.8280,0.2444,38.58,91,92,40440
1.8328,0.2395,38.52,91,92,40444
1.8377,0.2297,38.55,91,92,40448
1.8866,0.2542,38.27,91,92,40451
1.8622,0.2444,38.46,91,92,40454
1.8475,0.2346,38.58,91,92,40458
1.8524,0.2444,38.49,91,92,40461
1.8377,0.2395,38.58,91,92,40464
1.8866,0.2493,38.30,91,92,40467
1.8426,0.2346,38.52,91,92,40471
1.8377,0.2444,38.65,91,92,40474
1.8426,0.2444,38.49,91,92,40477
1.8133,0.2395,38.55,91,92,40480
1.8671,0.2493,38.30,91,92,40484
1.8182,0.2346,38.52,91,92,40487
1.7986,0.2542,38.58,91,92,40491
1.8035,0.2444,38.62,91,92,40494
1.7840,0.2395,38.62,91,92,40498
1.8231,0.2395,38.27,91,92,40501
1.7889,0.2884,38.46,91,92,40504
1.7742,0.2395,38.62,91,92,40507
1.7791,0.2444,38.52,91,92,40511
1.7840,0.2346,38.55,91,92,40514
1.8035,0.2493,38.24,91,92,40517
1.7595,0.2346,38.49,91,92,40520
1.7595,0.2297,38.58,91,92,40524
1.7742,0.2493,38.49,91,92,40527
1.7595,0.2395,38.46,91,92,40530
1.8084,0.2297,38.30,91,92,40534
1.7693,0.2346,38.52,91,92,40538
1.7791,0.2737,38.55,91,92,40541
1.7986,0.2444,38.52,91,92,40544
1.7937,0.2395,38.62,91,92,40547
1.8475,0.2493,38.27,91,92,40551
1.8328,0.2444,38.49,91,92,40554
1.8328,0.2395,38.58,91,92,40557
1.8622,0.2444,38.43,91,92,40560
1.8719,0.2395,38.55,91,92,40564
1.9355,0.2493,38.27,91,92,40567
1.9013,0.2542,38.62,91,92,40570
1.8915,0.2395,38.55,91,92,40573
1.8964,0.2297,38.52,91,92,40578
1.8719,0.2395,38.58,91,92,40581
1.9062,0.2444,38.33,91,92,40584
1.8426,0.2346,38.65,91,92,40587
1.8280,0.2346,38.55,91,92,40591
1.8231,0.2395,38.52,91,92,40594
1.8084,0.2346,38.55,91,92,40597
1.8768,0.2493,38.36,91,92,40600
1.8671,0.2395,38.49,91,92,40604
1.8573,0.2395,38.55,91,92,40607
1.8622,0.2444,38.49,91,92,40610
1.8328,0.2395,38.52,91,92,40613
1.8719,0.2493,38.30,91,92,40617
1.8231,0.2346,38.52,91,92,40621
1.8280,0.2542,38.55,91,92,40624
1.8426,0.2444,38.52,91,92,40627
1.8231,0.2395,38.55,91,92,40631
1.8671,0.2444,38.30,91,92,40634
1.8231,0.2444,38.49,91,92,40637
1.8280,0.2395,37.87,91,92,40640
1.8377,0.2444,38.52,91,92,40644
1.8280,0.2395,38.52,91,92,40647
1.8622,0.2786,38.36,91,92,40650
1.8328,0.2444,38.46,91,92,40653
1.8231,0.2395,38.55,91,92,40657
1.8377,0.2542,38.49,91,92,40660
1.8133,0.2248,38.55,91,92,40664
1.8475,0.2444,38.30,91,92,40667
1.8084,0.2395,38.55,91,92,40671
1.8084,0.2346,38.55,91,92,40674
1.8280,0.2444,37.87,91,92,40677
1.8231,0.2395,38.55,91,92,40680
1.8524,0.2737,38.30,91,92,40684
1.8084,0.2395,38.52,91,92,40687
1.8133,0.2297,38.58,91,92,40690
1.8573,0.2395,38.49,91,92,40693
1.8182,0.2444,38.55,91,92,40697
1.8671,0.2493,38.30,91,92,40700
1.8328,0.2444,38.46,91,92,40704
1.8280,0.2346,38.58,91,92,40707
1.8426,0.2493,38.49,91,92,40711
1.8231,0.2395,38.58,91,92,40714
1.8671,0.2444,38.40,91,92,40717
1.8377,0.2395,38.55,91,92,40720
1.8524,0.2395,38.55,91,92,40724
1.8866,0.2444,38.43,91,92,40727
1.8768,0.2395,38.55,91,92,40730
1.9062,0.2395,38.30,91,92,40733
1.8671,0.2346,38.52,91,92,40737
1.8768,0.2395,38.58,91,92,40740
1.8915,0.2444,38.49,91,92,40743
1.8768,0.2444,38.55,91,92,40747
1.9013,0.2444,38.30,91,92,40751
1.8524,0.2395,38.46,91,92,40754
1.8475,0.2395,38.55,91,92,40757
1.8133,0.2493,38.49,91,92,40760
1.7937,0.2395,38.55,91,92,40764
1.8182,0.2297,38.33,91,92,40767
1.7889,0.2297,38.55,91,92,40770
1.7889,0.2590,38.55,91,92,40773
1.8182,0.2493,38.49,91,92,40777
1.8231,0.2395,38.55,91,92,40780
1.8719,0.2395,38.33,91,92,40783
1.8475,0.2395,38.58,91,92,40786
1.8524,0.2346,38.68,91,92,40791
1.8622,0.2297,38.49,91,92,40794
1.8524,0.2395,38.55,91,92,40797
1.8622,0.2444,38.33,91,92,40800
1.8377,0.2395,38.52,91,92,40804
1.8231,0.2297,38.55,91,92,40807
1.8328,0.2493,38.58,91,92,40810
1.8280,0.2444,38.55,91,92,40813
1.8573,0.2444,38.33,91,92,40817
1.8231,0.2395,38.52,91,92,40820
1.8280,0.2346,38.55,91,92,40823
1.8377,0.2395,38.52,91,92,40826
1.8182,0.2395,38.62,91,92,40830
1.8524,0.2444,38.33,91,92,40834
1.8182,0.2395,38.58,91,92,40837
1.8231,0.2395,38.58,91,92,40840
1.8426,0.2444,38.49,91,92,40844
1.8231,0.2395,37.80,91,92,40847
1.8573,0.2444,38.33,91,92,40850
1.8377,0.2395,38.49,91,92,40853
1.8328,0.2395,38.68,91,92,40857
1.8524,0.2493,38.52,91,92,40860
1.8671,0.2346,38.55,91,92,40863
1.8768,0.2444,38.33,91,92,40866
1.8524,0.2395,38.43,91,92,40870
1.8573,0.2346,38.58,91,92,40873
1.8817,0.2395,38.43,91,92,40877
1.8768,0.2395,38.24,91,92,40880
1.9306,0.2395,38.36,91,92,40884
1.9159,0.2395,38.55,91,92,40887
1.9257,0.2346,38.55,91,92,40890
1.9404,0.2444,38.55,91,92,40893
1.9062,0.2395,38.55,91,92,40897
1.9208,0.2444,38.33,91,92,40900
1.8768,0.2346,38.46,91,92,40903
1.8475,0.2395,38.58,91,92,40906
1.8377,0.2297,38.43,91,92,40910
1.8084,0.2395,38.55,91,92,40913
1.8133,0.2444,37.74,91,92,40916
1.7791,0.2395,38.55,91,92,40920
1.7791,0.2395,38.62,91,92,40924
1.8182,0.2444,38.46,91,92,40927
1.8133,0.2395,38.55,91,92,40930
1.8524,0.2444,38.36,91,92,40933
1.8377,0.2395,38.55,91,92,40937
1.8475,0.2444,38.55,91,92,40940
1.8671,0.2493,38.55,91,92,40943
1.8524,0.2688,38.52,91,92,40946
1.8817,0.2444,38.40,91,92,40950
1.8622,0.2395,38.46,91,92,40953
1.8524,0.2395,38.55,91,92,40956
1.8866,0.2444,38.46,91,92,40960
1.8915,0.2395,38.11,91,92,40964
1.9355,0.2444,38.36,91,92,40967
1.9257,0.2395,38.55,91,92,40970
1.9306,0.2395,38.49,91,92,40973
1.9599,0.2444,38.46,91,92,40977
1.9550,0.2346,38.55,91,92,40980
1.9892,0.2395,38.33,91,92,40983
1.9550,0.2395,38.62,91,92,40986
1.9501,0.2346,38.62,91,92,40990
1.9453,0.2542,38.49,91,92,40993
1.8280,0.2444,38.52,91,92,40998
1.8035,0.2346,38.55,91,92,41001
1.8475,0.2493,37.62,91,92,41005
1.8035,0.2346,38.49,91,92,41008
1.8426,0.2346,38.55,91,92,41012
1.8182,0.2346,38.49,91,92,41015
1.7986,0.2395,38.55,91,92,41018
1.8377,0.2395,38.30,91,92,41021
1.7840,0.2346,38.52,91,92,41025
1.7986,0.2346,38.58,91,92,41028
1.8084,0.2444,38.55,91,92,41031
1.8035,0.2737,38.55,91,92,41034
1.8573,0.2493,37.53,91,92,41038
1.8475,0.2444,38.49,91,92,41041
1.8377,0.2346,38.62,91,92,41044
1.8622,0.2395,38.49,91,92,41048
1.8573,0.2395,38.46,91,92,41052
1.8964,0.2297,38.30,91,92,41055
1.8573,0.2346,38.52,91,92,41058
1.8231,0.2395,38.58,91,92,41061
1.8328,0.2444,38.49,91,92,41065
1.8328,0.2346,38.52,91,92,41068
1.9159,0.2444,38.27,91,92,41071
1.9306,0.2493,38.52,91,92,41074
2.0235,0.2346,38.58,91,92,41078
2.1554,0.2395,38.52,91,92,41081
2.3118,0.2346,38.55,91,92,41084
2.5806,0.2444,38.40,91,92,41088
2.7810,0.2395,38.46,91,92,41092
2.9961,0.2346,38.58,91,92,41095
3.2111,0.2493,38.49,91,92,41098
3.2747,0.2395,38.55,91,92,41101
3.2209,0.2444,38.33,91,92,41105
2.9179,0.2395,38.58,91,92,41108
2.6149,0.2346,38.55,91,92,41111
2.3509,0.2493,38.49,91,92,41114
2.0723,0.2444,38.62,91,92,41118
1.8964,0.2444,38.33,91,92,41121
1.6911,0.2346,38.55,91,92,41124
1.5640,0.2346,38.55,91,92,41127
1.4809,0.2493,38.46,91,92,41132
1.4174,0.2395,38.55,91,92,41135
1.4174,0.2297,38.30,91,92,41138
1.3734,0.2395,38.49,91,92,41141
1.3587,0.2395,38.62,91,92,41145
1.3783,0.2493,38.40,91,92,41148
1.3734,0.2395,38.55,91,92,41151
1.4272,0.2395,38.30,91,92,41154
1.4174,0.2493,38.55,91,92,41158
1.4418,0.2395,38.62,91,92,41161
1.4761,0.2297,38.49,91,92,41164
1.4761,0.2346,38.55,91,92,41167
1.5200,0.2444,38.33,91,92,41171
1.5103,0.2346,38.55,91,92,41175
1.5298,0.2297,38.55,91,92,41178
1.5543,0.2444,38.52,91,92,41181
1.6031,0.2444,38.55,91,92,41185
1.6325,0.2444,38.27,91,92,41188
1.6373,0.2444,38.40,91,92,41191
1.6471,0.2346,38.58,91,92,41194
1.6960,0.2493,38.49,91,92,41198
1.6960,0.2395,38.55,91,92,41201
1.7449,0.2444,38.33,91,92,41204
1.7058,0.2297,38.55,91,92,41207
1.6862,0.2346,38.55,91,92,41211
1.6764,0.2444,38.49,91,92,41214
1.6422,0.2395,38.55,91,92,41218
1.6520,0.2737,38.30,91,92,41221
1.6129,0.2346,38.46,91,92,41225
1.6178,0.2297,38.58,91,92,41228
1.6716,0.2493,38.52,91,92,41231
1.6862,0.2346,38.55,91,92,41234
1.7107,0.2444,38.36,91,92,41238
1.7107,0.2297,38.43,91,92,41241
1.7155,0.2346,38.55,91,92,41244
1.7742,0.2493,38.49,91,92,41247
1.7351,0.2346,38.65,91,92,41251
1.7644,0.2297,38.33,91,92,41254
1.7302,0.2395,38.55,91,92,41257
1.7351,0.2444,38.55,91,92,41261
1.7449,0.2493,38.43,91,92,41265
1.7253,0.2395,38.58,91,92,41268
1.7791,0.2444,38.33,91,92,41271
1.7253,0.2395,38.58,91,92,41274
1.7351,0.2346,38.58,91,92,41278
1.7546,0.2444,38.49,91,92,41281
1.7498,0.2297,38.55,91,92,41284
1.8133,0.2395,38.36,91,92,41287
1.7693,0.2395,38.43,91,92,41291
1.7595,0.2346,38.68,91,92,41294
1.7742,0.2493,38.46,91,92,41297
1.7498,0.2395,38.55,91,92,41300
1.7889,0.2395,38.33,91,92,41305
1.7546,0.2346,38.52,91,92,41308
1.7644,0.2297,38.58,91,92,41311
1.7791,0.2493,38.49,91,92,41314
1.7449,0.2248,38.55,91,92,41318
1.7693,0.2444,38.36,91,92,41321
1.7351,0.2346,38.55,91,92,41324
1.7351,0.2395,38.55,91,92,41327
1.7595,0.2395,38.49,91,92,41331
1.7449,0.2346,38.58,91,92,41334
1.7791,0.2444,38.33,91,92,41337
1.7644,0.2395,38.43,91,92,41340
1.7546,0.2346,38.58,91,92,41345
1.7889,0.2493,38.43,91,92,41348
1.7937,0.2346,38.52,91,92,41351
1.8426,0.2444,38.33,91,92,41354
1.8377,0.2395,38.55,91,92,41358
1.8426,0.2395,38.55,91,92,41361
1.8426,0.2444,38.58,91,92,41364
1.8133,0.2297,38.55,91,92,41367
1.8377,0.2444,38.33,91,92,41371
1.8084,0.2395,38.55,91,92,41374
1.8182,0.2395,38.77,91,92,41377
1.8475,0.2297,38.46,91,92,41380
1.8377,0.2297,38.55,91,92,41384
1.8719,0.2493,38.36,91,92,41388
1.8671,0.2395,38.43,91,92,41391
1.8768,0.2395,38.55,91,92,41394
1.9013,0.2493,38.46,91,92,41398
1.9013,0.2444,38.52,91,92,41401
1.9453,0.2444,38.40,91,92,41404
1.9159,0.2346,38.55,91,92,41407
1.9257,0.2346,38.55,91,92,41411
1.9404,0.2444,38.40,91,92,41414
1.9208,0.2395,38.55,91,92,41417
1.9355,0.2395,38.36,91,92,41420
1.8964,0.2639,38.55,91,92,41424
1.8915,0.2346,38.58,91,92,41427
1.9159,0.2297,38.43,91,92,41431
1.8964,0.2395,38.55,91,92,41434
1.9208,0.2395,38.33,91,92,41438
1.9013,0.2395,38.46,91,92,41441
1.9110,0.2346,38.55,91,92,41444
1.9550,0.2395,38.43,91,92,41447
1.9062,0.2395,38.46,91,92,41451
1.9355,0.2297,38.36,91,92,41454
1.9013,0.2395,38.58,91,92,41457
1.9013,0.2493,38.55,91,92,41460
1.9110,0.2395,38.52,91,92,41464
1.8915,0.2395,38.55,91,92,41467
1.9110,0.2346,38.36,91,92,41470
1.8768,0.2395,38.68,91,92,41474
1.8768,0.2395,38.65,91,92,41478
1.8915,0.2444,38.43,91,92,41481
1.8719,0.2395,38.55,91,92,41484
1.9062,0.2444,38.40,91,92,41487
1.8915,0.2346,38.58,91,92,41491
1.8915,0.2346,38.58,91,92,41494
1.9110,0.2395,38.43,91,92,41497
1.8622,0.2639,38.62,91,92,41500
1.8719,0.2395,38.40,91,92,41504
1.8377,0.2346,38.55,91,92,41507
1.8328,0.2346,38.58,91,92,41510
1.8573,0.2688,38.49,91,92,41513
1.8622,0.2395,38.58,91,92,41518
1.9013,0.2395,38.40,91,92,41521
1.8866,0.2346,38.55,91,92,41524
1.9013,0.2395,38.62,91,92,41527
1.9306,0.2297,38.43,91,92,41531
1.9013,0.2395,38.55,91,92,41534
1.9306,0.2395,38.36,91,92,41537
1.9110,0.2346,38.46,91,92,41540
1.9208,0.2395,38.55,91,92,41544
1.9746,0.2395,38.46,91,92,41547
1.9257,0.2444,38.55,91,92,41550
1.9355,0.2395,38.49,91,92,41553
1.8964,0.2297,38.55,91,92,41558
1.8817,0.2346,38.62,91,92,41561
1.8768,0.2590,38.46,91,92,41564
1.8768,0.2395,38.55,91,92,41567
1.9159,0.2395,38.40,91,92,41571
1.8915,0.2395,38.55,91,92,41574
1.9062,0.2346,38.71,91,92,41577
1.9404,0.2444,38.55,91,92,41580
1.9159,0.2395,38.55,91,92,41584
1.9453,0.2395,38.40,91,92,41587
1.9257,0.2346,38.52,91,92,41590
1.9404,0.2395,38.58,91,92,41593
1.9648,0.2395,38.49,91,92,41597
1.9648,0.2444,38.55,91,92,41601
1.9990,0.2395,38.40,91,92,41604
1.9746,0.2346,38.33,91,92,41607
1.9599,0.2395,38.71,91,92,41612
1.9550,0.2395,38.55,91,92,41615
1.9844,0.2395,38.46,91,92,41618
1.9306,0.2346,38.55,91,92,41622
1.9648,0.2444,37.53,91,92,41625
1.9355,0.2297,38.46,91,92,41628
1.9159,0.2346,38.55,91,92,41631
1.9306,0.2444,38.46,91,92,41635
1.9062,0.2346,38.58,91,92,41638
1.9306,0.2444,38.33,91,92,41641
1.8817,0.2444,38.52,91,92,41645
1.8622,0.2395,38.55,91,92,41649
1.8524,0.2493,38.49,91,92,41652
1.8182,0.2395,38.58,91,92,41655
1.8426,0.2395,38.52,91,92,41658
1.8133,0.2444,38.58,91,92,41662
1.8280,0.2346,38.55,91,92,41665
1.8573,0.2493,38.46,91,92,41668
1.8524,0.2297,38.55,91,92,41671
1.9062,0.2444,38.33,91,92,41675
1.8866,0.2395,38.46,91,92,41678
1.8573,0.2493,38.68,91,92,41681
1.8475,0.2444,38.49,91,92,41684
1.8231,0.2297,38.58,91,92,41689
1.8622,0.2444,38.33,91,92,41692
1.8182,0.2444,38.52,91,92,41695
1.8084,0.2297,38.55,91,92,41698
1.8035,0.2444,38.46,91,92,41702
1.7742,0.2346,38.58,91,92,41705
1.8133,0.2395,38.40,91,92,41708
1.8231,0.2297,38.55,91,92,41711
1.9013,0.2346,38.58,91,92,41715
1.9746,0.2444,38.49,91,92,41718
2.0479,0.2346,38.77,91,92,41721
2.2483,0.2346,38.43,91,92,41724
2.3705,0.2395,38.46,91,92,41729
2.5855,0.2346,38.58,91,92,41732
2.8592,0.2395,38.43,91,92,41735
3.0694,0.2395,38.46,91,92,41738
3.2942,0.2297,38.36,91,92,41742
3.2845,0.2444,38.55,91,92,41745
3.1623,0.2639,38.55,91,92,41748
2.9228,0.2395,38.46,91,92,41751
2.6100,0.2395,38.55,91,92,41755
2.3363,0.2395,38.40,91,92,41758
2.0626,0.2395,37.77,91,92,41761
1.8573,0.2346,38.58,91,92,41764
1.7155,0.2395,38.46,91,92,41768
1.5738,0.2444,38.52,91,92,41772
1.5152,0.2395,38.40,91,92,41775
1.4565,0.2346,38.49,91,92,41778
1.4321,0.2346,38.55,91,92,41782
1.4370,0.2346,38.46,91,92,41785
1.4418,0.2395,38.55,91,92,41788
1.4858,0.2395,38.43,91,92,41791
1.4761,0.2395,38.55,91,92,41795
1.5005,0.2346,38.52,91,92,41798
1.5152,0.2395,38.46,91,92,41801
1.5347,0.2395,38.55,91,92,41804
1.5494,0.2444,38.40,91,92,41808
1.5494,0.2395,38.55,91,92,41811
1.5836,0.2346,38.58,91,92,41815
1.6276,0.2395,38.43,91,92,41818
1.6178,0.2395,38.52,91,92,41822
1.6520,0.2395,38.36,91,92,41825
1.6373,0.2346,38.55,91,92,41828
1.6667,0.2346,38.55,91,92,41831
1.7107,0.2444,38.46,91,92,41835
1.7155,0.2346,37.80,91,92,41838
1.7546,0.2346,38.40,91,92,41841
1.7058,0.2346,38.52,91,92,41844
1.6764,0.2346,38.55,91,92,41848
1.6716,0.2395,38.46,91,92,41851
1.6569,0.2395,38.55,91,92,41854
1.6862,0.2346,37.68,91,92,41858
1.6716,0.2395,38.55,91,92,41862
1.6716,0.2346,38.55,91,92,41865
1.7058,0.2493,38.46,91,92,41868
1.6960,0.2444,38.68,91,92,41871
1.7351,0.2395,38.43,91,92,41875
1.7155,0.2346,38.52,91,92,41878
1.7302,0.2346,38.58,91,92,41881
1.7449,0.2444,38.46,91,92,41884
1.7400,0.2395,38.58,91,92,41888
1.7644,0.2297,38.43,91,92,41891
1.7400,0.2444,38.52,91,92,41894
1.7546,0.2346,38.55,91,92,41897
1.7742,0.2395,38.49,91,92,41902
1.7742,0.2688,38.58,91,92,41905
1.7937,0.2444,38.49,91,92,41908
1.7595,0.2346,38.68,91,92,41911
1.7693,0.2346,38.55,91,92,41915
1.8035,0.2444,38.43,91,92,41918
1.7840,0.2395,38.49,91,92,41921
1.8182,0.2444,38.43,91,92,41924
1.7937,0.2395,38.55,91,92,41928
1.8035,0.2346,38.68,91,92,41931
1.8280,0.2395,38.49,91,92,41934
1.8182,0.2395,38.55,91,92,41937
1.8377,0.2444,38.46,91,92,41942
1.8084,0.2297,38.52,91,92,41945
1.8328,0.2346,38.55,91,92,41948
1.8328,0.2395,38.49,91,92,41951
1.8280,0.2395,38.55,91,92,41955
1.8573,0.2444,38.46,91,92,41958
1.8671,0.2346,38.52,91,92,41961
1.8328,0.2688,38.52,91,92,41964
1.8573,0.2493,38.46,91,92,41968
1.8280,0.2297,38.55,91,92,41971
1.8915,0.2444,38.43,91,92,41974
1.8377,0.2346,38.55,91,92,41977
1.8573,0.2346,38.58,91,92,41981
1.8915,0.2444,38.52,91,92,41985
1.8866,0.2346,38.55,91,92,41988
1.9110,0.2444,38.46,91,92,41991
1.9013,0.2297,38.55,91,92,41995
1.9355,0.2346,38.55,91,92,41998
1.9746,0.2395,38.49,91,92,42001
1.9599,0.2395,38.65,91,92,42004
1.9599,0.2444,38.43,91,92,42008
1.9110,0.2346,38.55,91,92,42011
1.8915,0.2395,38.55,91,92,42014
1.9013,0.2493,38.40,91,92,42017
1.8524,0.2395,38.58,91,92,42021
1.8622,0.2444,38.43,91,92,42024
1.8328,0.2395,38.58,91,92,42028
1.8377,0.2346,38.33,91,92,42031
1.8622,0.2444,38.52,91,92,42035
1.8426,0.2395,38.58,91,92,42038
1.8671,0.2590,38.40,91,92,42041
1.8426,0.2395,38.68,91,92,42044
1.8475,0.2346,38.55,91,92,42048
1.8866,0.2444,38.49,91,92,42051
1.8817,0.2493,38.55,91,92,42054
1.9062,0.2395,37.77,91,92,42057
1.8768,0.2395,38.55,91,92,42061
1.9013,0.2346,38.55,91,92,42064
1.9062,0.2639,38.40,91,92,42067
1.8622,0.2395,38.46,91,92,42071
1.8671,0.2395,38.43,91,92,42075
1.8377,0.2346,38.58,91,92,42078
1.8328,0.2395,38.55,91,92,42081
1.8475,0.2493,38.49,91,92,42084
1.8328,0.2297,38.55,91,92,42088
1.8524,0.2395,38.43,91,92,42091
1.8328,0.2542,38.52,91,92,42094
1.8280,0.2395,38.55,91,92,42097
1.8377,0.2444,38.65,91,92,42101
1.8084,0.2297,38.55,91,92,42104
1.8280,0.2493,38.40,91,92,42107
1.8035,0.2395,38.65,91,92,42110
1.8035,0.2297,38.65,91,92,42115
1.8231,0.2395,38.40,91,92,42118
1.8084,0.2346,38.52,91,92,42121
1.8475,0.2395,38.43,91,92,42124
1.8768,0.2346,38.55,91,92,42128
1.8671,0.2493,38.62,91,92,42131
1.8964,0.2786,38.43,91,92,42134
1.8866,0.2395,38.74,91,92,42137
1.9306,0.2395,38.43,91,92,42141
1.8915,0.2395,38.55,91,92,42144
1.8915,0.2444,38.55,91,92,42147
1.9062,0.2444,38.43,91,92,42150
1.8964,0.2444,38.55,91,92,42155
1.9208,0.2639,38.40,91,92,42158
1.9159,0.2297,38.58,91,92,42161
1.9257,0.2346,38.55,91,92,42164
1.9501,0.2395,38.43,91,92,42168
1.9208,0.2395,38.52,91,92,42171
1.9355,0.2395,38.43,91,92,42174
1.9159,0.2297,38.55,91,92,42177
1.9306,0.2444,38.55,91,92,42181
1.9844,0.2444,38.40,91,92,42184
1.9599,0.2297,38.55,91,92,42187
1.9550,0.2444,38.43,91,92,42190
1.9013,0.2395,38.49,91,92,42194
1.8768,0.2346,38.58,91,92,42198
1.8915,0.2444,38.46,91,92,42201
1.8622,0.2395,38.55,91,92,42204
1.8768,0.2395,38.43,91,92,42208
1.8671,0.2395,38.46,91,92,42211
1.8719,0.2346,38.55,91,92,42214
1.9062,0.2493,38.40,91,92,42217
1.9404,0.2395,38.46,91,92,42221
1.9599,0.2346,38.55,91,92,42224
1.9892,0.2395,38.33,91,92,42227
1.9648,0.2346,38.55,91,92,42231
1.9844,0.2346,38.55,91,92,42234
2.0039,0.2493,38.55,91,92,42237
1.9990,0.2395,38.58,91,92,42241
2.0430,0.2395,38.43,91,92,42245
2.0283,0.2346,38.55,91,92,42248
2.0137,0.2297,38.55,91,92,42251
1.9990,0.2395,38.46,91,92,42254
1.9257,0.2444,38.52,91,92,42258
1.9257,0.2444,38.46,91,92,42261
1.8719,0.2297,38.52,91,92,42264
1.8719,0.2395,38.52,91,92,42267
1.9110,0.2542,38.55,91,92,42271
1.9062,0.2346,38.62,91,92,42274
1.9257,0.2444,38.46,91,92,42277
1.9013,0.2346,38.55,91,92,42280
1.9013,0.2346,38.43,91,92,42285
1.8964,0.2395,38.49,91,92,42288
1.8573,0.2346,38.55,91,92,42291
1.8524,0.2444,38.43,91,92,42294
1.8084,0.2346,38.77,91,92,42298
1.8084,0.2297,38.55,91,92,42301
1.8622,0.2493,38.43,91,92,42304
1.8524,0.2395,38.55,91,92,42307
1.8964,0.2444,38.46,91,92,42311
1.8915,0.2346,38.55,91,92,42314
1.9013,0.2346,38.55,91,92,42317
1.9257,0.2835,38.49,91,92,42320
1.9062,0.2395,38.55,91,92,42324
1.9013,0.2444,38.46,91,92,42328
1.8328,0.2346,38.52,91,92,42331
1.8133,0.2346,38.52,91,92,42334
1.8328,0.2346,38.52,91,92,42338
1.8328,0.2346,38.55,91,92,42341
1.8719,0.2444,38.40,91,92,42344
1.8719,0.2346,38.68,91,92,42347
1.9159,0.2346,38.58,91,92,42351
2.0283,0.2493,38.43,91,92,42354
2.1359,0.2444,38.52,91,92,42357
2.3607,0.2444,38.36,91,92,42360
2.5660,0.2346,38.58,91,92,42364
2.8104,0.2346,38.55,91,92,42368
3.0792,0.2444,38.62,91,92,42371
3.2698,0.2346,38.55,91,92,42374
3.4457,0.2395,38.36,91,92,42378
3.3724,0.2395,38.55,91,92,42381
3.1427,0.2297,38.62,91,92,42384
2.8299,0.2395,38.49,91,92,42387
2.4682,0.2395,37.80,91,92,42391
2.2043,0.2444,38.40,91,92,42394
1.9355,0.2444,38.55,91,92,42397
1.7449,0.2346,37.93,91,92,42400
1.6471,0.2444,38.40,91,92,42404
1.5591,0.2346,38.55,91,92,42407
1.4907,0.2493,38.46,91,92,42411
1.4321,0.2346,38.55,91,92,42414
1.4027,0.2346,38.58,91,92,42418
1.4125,0.2444,38.46,91,92,42421
1.4027,0.2395,38.52,91,92,42424
1.4370,0.2395,38.43,91,92,42427
1.4565,0.2395,38.55,91,92,42431
1.4858,0.2297,38.58,91,92,42434
1.5103,0.2444,38.58,91,92,42437
1.5200,0.2297,38.55,91,92,42440
1.5591,0.2346,38.43,91,92,42444
1.5640,0.2346,38.58,91,92,42447
1.5738,0.2297,38.52,91,92,42450
1.6178,0.2493,38.40,91,92,42454
1.5934,0.2346,38.55,91,92,42458
1.6178,0.2395,38.40,91,92,42461
1.6227,0.2297,38.58,91,92,42464
1.6471,0.2346,38.62,91,92,42467
1.6667,0.2444,38.46,91,92,42471
1.6520,0.2395,38.52,91,92,42474
1.6618,0.2395,38.43,91,92,42477
1.6471,0.2346,38.55,91,92,42480
1.6520,0.2395,38.58,91,92,42484
1.6716,0.2444,38.49,91,92,42487
1.6471,0.2395,38.55,91,92,42490
1.6618,0.2493,38.46,91,92,42493
1.6667,0.2395,38.58,91,92,42498
1.6960,0.2346,38.24,91,92,42501
1.7498,0.2444,38.40,91,92,42504
1.7302,0.2395,38.55,91,92,42507
1.7155,0.2346,38.40,91,92,42511
1.6960,0.2346,38.55,91,92,42514
1.7107,0.2444,38.62,91,92,42517
1.7107,0.2444,38.43,91,92,42520
1.6960,0.2395,38.58,91,92,42524
1.7107,0.2346,38.43,91,92,42527
1.6911,0.2346,38.55,91,92,42530
1.7107,0.2395,38.55,91,92,42533
1.7546,0.2493,38.55,91,92,42537
1.7302,0.2395,38.55,91,92,42541
1.7302,0.2395,38.43,91,92,42544
1.7155,0.2395,38.52,91,92,42547
1.7253,0.2346,38.62,91,92,42551
1.7742,0.2444,38.40,91,92,42554
1.7595,0.2395,38.55,91,92,42557
1.7742,0.2346,38.43,91,92,42560
1.7546,0.2346,38.62,91,92,42564
1.7400,0.2346,38.55,91,92,42567
1.7791,0.2444,38.46,91,92,42570
1.7644,0.2395,38.58,91,92,42573
1.7693,0.2346,38.46,91,92,42577
1.7693,0.2444,38.55,91,92,42580
1.7840,0.2688,38.62,91,92,42584
1.8231,0.2493,38.49,91,92,42587
1.7840,0.2395,38.55,91,92,42591
1.7840,0.2297,38.46,91,92,42594
1.7693,0.2395,38.46,91,92,42597
1.7889,0.2346,38.55,91,92,42600
1.8280,0.2444,38.36,91,92,42604
1.8035,0.2639,38.55,91,92,42607
1.8035,0.2346,38.46,91,92,42610
1.7889,0.2346,38.55,91,92,42613
1.7937,0.2395,38.52,91,92,42617
1.8524,0.2493,37.65,91,92,42620
1.8475,0.2297,38.52,91,92,42624
1.8573,0.2346,38.46,91,92,42627
1.8475,0.2346,38.58,91,92,42631
1.8524,0.2346,38.74,91,92,42634
1.8866,0.2493,38.46,91,92,42637
1.8768,0.2346,38.49,91,92,42640
1.8524,0.2395,37.71,91,92,42644
1.8426,0.2395,38.58,91,92,42647
1.8426,0.2346,38.58,91,92,42650
1.8915,0.2395,38.43,91,92,42653
1.8671,0.2395,38.55,91,92,42657
1.8671,0.2395,38.46,91,92,42660
1.8524,0.2297,38.55,91,92,42663
1.8377,0.2346,38.55,91,92,42667
1.8768,0.2493,38.43,91,92,42671
1.8524,0.2395,38.52,91,92,42674
1.8719,0.2346,38.46,91,92,42677
1.8475,0.2639,38.52,91,92,42680
1.8573,0.2395,38.62,91,92,42684
1.9110,0.2493,38.46,91,92,42687
1.8866,0.2297,38.49,91,92,42690
1.8768,0.2395,38.46,91,92,42693
1.8671,0.2444,38.52,91,92,42697
1.8671,0.2346,38.77,91,92,42700
1.9013,0.2297,38.40,91,92,42703
1.8573,0.2395,38.52,91,92,42706
1.8231,0.2346,38.43,91,92,42711
1.7937,0.2395,38.55,91,92,42714
1.7889,0.2346,38.55,91,92,42717
1.8475,0.2884,38.36,91,92,42720
1.8328,0.2395,38.71,91,92,42724
1.8426,0.2297,38.49,91,92,42727
1.8524,0.2346,38.55,91,92,42730
1.8280,0.2346,38.62,91,92,42733
1.8622,0.2493,38.43,91,92,42737
1.8280,0.2297,38.52,91,92,42740
1.8035,0.2346,38.49,91,92,42743
1.7889,0.2542,38.52,91,92,42746
1.7889,0.2346,38.58,91,92,42750
1.8328,0.2444,38.40,91,92,42754
1.8328,0.2395,38.49,91,92,42757
1.8035,0.2346,38.46,91,92,42760
1.8084,0.2297,38.55,91,92,42764
1.8182,0.2346,38.55,91,92,42767
1.8622,0.2542,38.40,91,92,42770
1.8231,0.2444,38.58,91,92,42773
1.8182,0.2346,38.49,91,92,42777
1.8084,0.2444,38.52,91,92,42780
1.8035,0.2346,38.58,91,92,42783
1.8524,0.2493,38.40,91,92,42786
1.8377,0.2395,38.49,91,92,42790
1.8231,0.2346,38.43,91,92,42793
1.8328,0.2346,38.49,91,92,42797
1.8426,0.2297,38.55,91,92,42800
1.9062,0.2493,38.33,91,92,42804
1.8768,0.2395,38.49,91,92,42807
1.8719,0.2297,38.52,91,92,42810
1.8768,0.2395,38.52,91,92,42813
1.8817,0.2395,38.55,91,92,42817
1.9306,0.2493,38.40,91,92,42820
1.8768,0.2444,38.49,91,92,42823
1.8719,0.2346,38.49,91,92,42826
1.8768,0.2346,38.52,91,92,42830
1.8524,0.2297,38.55,91,92,42833
1.8524,0.2346,38.55,91,92,42836
1.8964,0.2493,38.33,91,92,42841
1.8719,0.2395,38.33,91,92,42844
1.8964,0.2346,38.43,91,92,42847
1.8671,0.2346,38.46,91,92,42850
1.8719,0.2297,38.55,91,92,42854
1.8915,0.2444,38.46,91,92,42857
1.8915,0.2346,38.52,91,92,42860
1.9257,0.2346,38.36,91,92,42863
1.9306,0.2297,38.55,91,92,42867
1.9501,0.2346,38.55,91,92,42870
1.9892,0.2395,38.55,91,92,42873
1.9795,0.2395,38.46,91,92,42876
1.9892,0.2395,38.46,91,92,42881
1.9550,0.2346,38.55,91,92,42884
1.9599,0.2346,38.58,91,92,42887
1.9453,0.2444,38.43,91,92,42890
1.8866,0.2395,38.62,91,92,42894
1.9062,0.2346,38.43,91,92,42897
1.8475,0.2346,38.62,91,92,42900
1.8280,0.2346,38.62,91,92,42903
1.8426,0.2444,38.43,91,92,42907
1.8377,0.2444,38.52,91,92,42910
1.8231,0.2346,38.52,91,92,42913
1.7840,0.2346,38.55,91,92,42916
1.7791,0.2346,38.55,91,92,42920
1.7986,0.2981,38.46,91,92,42924
1.7791,0.2395,38.49,91,92,42927
1.7986,0.2346,38.46,91,92,42930
1.7986,0.2346,38.55,91,92,42934
1.8133,0.2346,38.55,91,92,42937
1.8622,0.2444,38.40,91,92,42940
1.8475,0.2395,37.90,91,92,42943
1.8524,0.2346,38.46,91,92,42947
1.8231,0.2346,38.55,91,92,42950
1.7889,0.2297,38.58,91,92,42953
1.7986,0.2444,38.46,91,92,42956
1.7400,0.2395,38.52,91,92,42960
1.7302,0.2346,38.49,91,92,42963
1.7204,0.2297,38.58,91,92,42967
1.7253,0.2346,38.58,91,92,42970
1.7889,0.2493,38.49,91,92,42974
1.8084,0.2395,38.55,91,92,42977
1.8622,0.2444,38.46,91,92,42980
1.9110,0.2346,38.55,91,92,42983
1.9892,0.2346,38.49,91,92,42987
2.1310,0.2444,38.33,91,92,42990
2.2483,0.2395,38.55,91,92,42993
2.4340,0.2346,38.46,91,92,42996
2.6393,0.2346,38.62,91,92,43000
2.9032,0.2346,38.55,91,92,43003
3.1672,0.2639,38.40,91,92,43006
3.2893,0.2395,38.49,91,92,43010
3.3187,0.2346,38.46,91,92,43014
3.1378,0.2395,38.55,91,92,43017
2.8397,0.2395,38.55,91,92,43020
2.5562,0.2493,38.36,91,92,43023
2.2141,0.2395,38.58,91,92,43027
1.9648,0.2346,38.49,91,92,43030
1.7449,0.2346,38.52,91,92,43033
1.5836,0.2395,38.58,91,92,43036
1.5103,0.2444,38.40,91,92,43040
1.4125,0.2395,38.52,91,92,43043
1.3734,0.2444,38.49,91,92,43046
1.3490,0.2346,38.46,91,92,43049
1.3441,0.2297,38.58,91,92,43054
1.3832,0.2493,38.40,91,92,43057
1.3881,0.2395,38.46,91,92,43060
1.4076,0.2297,38.49,91,92,43063
1.4614,0.2346,38.55,91,92,43067
1.4418,0.2297,38.55,91,92,43070
1.4907,0.2493,37.87,91,92,43073
1.4761,0.2395,38.52,91,92,43076
1.4809,0.2248,38.49,91,92,43080
1.4956,0.2346,38.52,91,92,43083
1.5200,0.2297,38.55,91,92,43086
1.5836,0.2444,38.36,91,92,43089
1.5885,0.2346,38.49,91,92,43094
1.6031,0.2346,38.43,91,92,43097
1.6178,0.2346,38.55,91,92,43100
1.6325,0.2346,38.58,91,92,43103
1.6764,0.2444,38.40,91,92,43107
1.6520,0.2395,37.74,91,92,43110
1.6667,0.2346,38.46,91,92,43113
1.6520,0.2493,38.55,91,92,43116
1.6569,0.2786,38.55,91,92,43120
1.7009,0.2493,37.99,91,92,43123
1.6716,0.2395,38.55,91,92,43126
1.6422,0.2639,38.46,91,92,43129
1.6520,0.2639,38.55,91,92,43133
1.6569,0.2346,38.55,91,92,43137
1.7058,0.2493,38.36,91,92,43140
1.6716,0.2395,38.49,91,92,43143
1.6667,0.2346,38.49,91,92,43147
1.6667,0.2346,38.68,91,92,43150
1.6716,0.2297,38.58,91,92,43153
1.7351,0.2493,38.40,91,92,43156
1.7009,0.2444,38.55,91,92,43160
1.7009,0.2297,38.52,91,92,43163
1.7107,0.2346,38.55,91,92,43166
1.7009,0.2346,38.58,91,92,43169
1.7546,0.2493,37.99,91,92,43173
1.7204,0.2395,38.55,91,92,43176
1.7058,0.2346,38.49,91,92,43180
1.7107,0.2346,38.52,91,92,43183
1.7204,0.2346,38.62,91,92,43187
1.7840,0.2493,38.40,91,92,43190
1.7498,0.2395,38.46,91,92,43193
1.7498,0.2297,38.52,91,92,43196
1.7546,0.2297,38.55,91,92,43200
1.7498,0.2346,38.52,91,92,43203
1.7986,0.2542,38.77,91,92,43206
1.7595,0.2395,38.49,91,92,43209
1.7546,0.2297,38.52,91,92,43213
1.7546,0.2395,38.55,91,92,43216
1.7546,0.2444,38.55,91,92,43219
1.8133,0.2493,38.36,91,92,43223
1.7791,0.2297,38.49,91,92,43227
1.7840,0.2346,38.49,91,92,43230
1.7937,0.2688,38.52,91,92,43233
1.7937,0.2346,38.55,91,92,43236
1.8524,0.2542,38.33,91,92,43240
1.8182,0.2346,38.46,91,92,43243
1.8133,0.2297,38.15,91,92,43246
1.8133,0.2346,38.55,91,92,43249
1.8231,0.2346,38.55,91,92,43253
1.8768,0.2590,38.36,91,92,43256
1.8328,0.2493,38.43,91,92,43259
1.8328,0.2297,38.58,91,92,43262
1.8475,0.2297,38.55,91,92,43267
1.8573,0.2297,38.58,91,92,43270
1.9404,0.2639,38.36,91,92,43273
1.9062,0.2395,38.40,91,92,43276
1.8768,0.2346,38.52,91,92,43280
1.8768,0.2346,38.52,91,92,43283
1.8622,0.2297,38.58,91,92,43286
1.9062,0.2493,38.27,91,92,43289
1.8524,0.2346,38.46,91,92,43293
1.8377,0.2248,38.55,91,92,43296
1.8426,0.2346,38.49,91,92,43299
1.8426,0.2297,38.62,91,92,43302
1.9306,0.2542,38.33,91,92,43307
1.8573,0.2444,38.46,91,92,43310
1.8475,0.2297,38.58,91,92,43313
1.8524,0.2395,38.52,91,92,43316
1.8377,0.2297,38.58,91,92,43320
1.8915,0.2542,38.30,91,92,43323
1.8573,0.2395,38.49,91,92,43326
1.8573,0.2346,38.55,91,92,43329
1.8573,0.2395,38.58,91,92,43333
1.8573,0.2444,38.62,91,92,43336
1.9110,0.2542,38.30,91,92,43339
1.8622,0.2297,38.49,91,92,43342
1.8573,0.2346,38.55,91,92,43346
1.8671,0.2395,38.52,91,92,43350
1.8622,0.2346,38.55,91,92,43353
1.9110,0.2493,38.30,91,92,43356
1.8524,0.2346,38.49,91,92,43360
1.8426,0.2297,38.52,91,92,43363
1.8426,0.2395,38.55,91,92,43366
1.8328,0.2346,38.52,91,92,43369
1.9013,0.2493,38.24,91,92,43373
1.8426,0.2493,38.46,91,92,43376
1.8231,0.2297,38.55,91,92,43379
1.8231,0.2395,38.55,91,92,43382
1.8133,0.2297,38.58,91,92,43386
1.8573,0.2444,38.24,91,92,43389
1.8182,0.2688,38.49,91,92,43393
1.8182,0.2297,38.55,91,92,43396
1.8377,0.2395,38.52,91,92,43400
1.8328,0.2248,38.55,91,92,43403
1.8915,0.2493,38.36,91,92,43406
1.8573,0.2346,38.43,91,92,43409
1.8719,0.2346,38.58,91,92,43413
1.8817,0.2346,38.55,91,92,43416
1.8719,0.2346,38.55,91,92,43419
1.9110,0.2493,38.30,91,92,43422
1.8671,0.2395,38.46,91,92,43426
1.8524,0.2542,38.55,91,92,43429
1.8622,0.2493,38.55,91,92,43432
1.8573,0.2346,38.68,91,92,43436
1.8964,0.2493,38.24,91,92,43440
1.8133,0.2444,38.02,91,92,43443
1.8035,0.2395,38.49,91,92,43447
1.8231,0.2395,38.49,91,92,43450
1.8280,0.2346,38.55,91,92,43453
1.8328,0.2297,38.68,91,92,43456
1.8866,0.2297,38.46,91,92,43460
1.8671,0.2444,38.49,91,92,43463
1.8671,0.2346,38.43,91,92,43466
1.8573,0.2639,38.52,91,92,43469
1.8622,0.2346,38.55,91,92,43473
1.9062,0.2444,38.40,91,92,43476
1.8964,0.2444,38.49,91,92,43480
1.8964,0.2346,38.52,91,92,43483
1.8915,0.2346,38.58,91,92,43487
1.9062,0.2346,38.62,91,92,43490
1.9599,0.2444,38.40,91,92,43493
1.9501,0.2395,38.49,91,92,43496
1.9697,0.2346,38.46,91,92,43500
1.9599,0.2395,38.55,91,92,43503
1.9648,0.2444,38.62,91,92,43506
2.0039,0.2493,38.49,91,92,43509
1.9648,0.2395,38.52,91,92,43513
1.9599,0.2346,38.43,91,92,43516
1.9404,0.2346,38.58,91,92,43520
1.9257,0.2346,38.62,91,92,43523
1.9599,0.2444,38.36,91,92,43527
1.9110,0.2542,38.52,91,92,43530
1.8817,0.2346,38.46,91,92,43533
1.8524,0.2444,38.55,91,92,43536
1.8377,0.2395,38.58,91,92,43540
1.8719,0.2493,38.43,91,92,43543
1.8328,0.2395,38.52,91,92,43546
1.8182,0.2346,38.49,91,92,43549
1.8133,0.2346,38.52,91,92,43553
1.8084,0.2688,38.58,91,92,43556
1.8475,0.2493,38.40,91,92,43559
1.8133,0.2444,38.52,91,92,43563
1.8035,0.2346,38.49,91,92,43567
1.7986,0.2346,37.80,91,92,43570
1.7986,0.2346,38.55,91,92,43573
1.8426,0.2444,38.36,91,92,43576
1.8084,0.2444,38.55,91,92,43580
1.7937,0.2297,38.40,91,92,43583
1.7840,0.2297,38.55,91,92,43586
1.7791,0.2395,38.55,91,92,43589
1.8280,0.2493,38.58,91,92,43593
1.7840,0.2395,38.49,91,92,43596
1.7840,0.2346,38.49,91,92,43599
1.7693,0.2346,38.58,91,92,43602
1.7840,0.2297,38.08,91,92,43607
1.8671,0.2493,38.36,91,92,43610
1.8524,0.2590,38.62,91,92,43613
1.8768,0.2297,38.55,91,92,43616
1.9208,0.2395,38.52,91,92,43620
1.9746,0.2346,38.55,91,92,43623
2.1359,0.2542,38.40,91,92,43626
2.2336,0.2444,38.49,91,92,43629
2.3949,0.2346,38.52,91,92,43633
2.6149,0.2444,38.49,91,92,43636
2.8543,0.2297,38.55,91,92,43639
3.1965,0.2493,38.33,91,92,43642
3.2698,0.2444,38.52,91,92,43646
3.2551,0.2297,38.46,91,92,43650
3.1036,0.2297,38.55,91,92,43653
2.8201,0.2346,38.58,91,92,43656
2.5904,0.2688,38.36,91,92,43660
2.2532,0.2395,38.58,91,92,43663
2.0235,0.2346,38.55,91,92,43666
1.7986,0.2346,38.52,91,92,43669
1.6422,0.2346,38.62,91,92,43672
1.5738,0.2493,38.30,91,92,43676
1.4565,0.2346,38.43,91,92,43679
1.4076,0.2297,38.52,91,92,43682
1.3881,0.2346,38.55,91,92,43685
1.3685,0.2346,38.55,91,92,43689
1.4027,0.2542,38.40,91,92,43693
1.3978,0.2346,38.43,91,92,43696
1.4174,0.2346,38.55,91,92,43699
1.4467,0.2346,38.52,91,92,43703
1.4614,0.2346,38.65,91,92,43706
1.5200,0.2493,38.30,91,92,43709
1.5103,0.2444,38.46,91,92,43712
1.5200,0.2297,38.58,91,92,43716
1.5689,0.2395,38.52,91,92,43719
1.5836,0.2248,38.58,91,92,43722
1.6373,0.2444,38.27,91,92,43725
1.6129,0.2297,38.46,91,92,43729
1.6178,0.2346,38.55,91,92,43732
1.6325,0.2444,38.52,91,92,43736
1.6276,0.2346,38.58,91,92,43739
1.6862,0.2444,38.30,91,92,43743
1.6569,0.2346,38.49,91,92,43746
1.6325,0.2297,38.52,91,92,43749
1.6227,0.2346,38.43,91,92,43752
1.6031,0.2346,38.55,91,92,43756
1.6520,0.2297,38.30,91,92,43759
1.6178,0.2395,38.49,91,92,43762
1.6178,0.2346,38.55,91,92,43765
1.6422,0.2395,38.52,91,92,43769
1.6618,0.2346,38.55,91,92,43772
1.7058,0.2786,38.27,91,92,43776
1.6862,0.2346,38.52,91,92,43779
1.6862,0.2297,38.55,91,92,43783
1.7009,0.2444,38.55,91,92,43786
1.6960,0.2297,38.62,91,92,43789
1.7449,0.2444,38.27,91,92,43792
1.7058,0.2346,38.49,91,92,43796
1.7155,0.2297,38.62,91,92,43799
1.7253,0.2395,38.58,91,92,43802
1.7253,0.2346,38.65,91,92,43805
1.8084,0.2444,38.24,91,92,43809
1.7498,0.2395,38.49,91,92,43812
1.7400,0.2297,38.58,91,92,43815
1.7595,0.2395,38.52,91,92,43819
1.7546,0.2346,38.55,91,92,43823
1.8035,0.2444,38.36,91,92,43826
1.7693,0.2346,38.52,91,92,43829
1.7840,0.2346,38.58,91,92,43832
1.7791,0.2395,38.46,91,92,43836
1.7742,0.2297,38.58,91,92,43839
1.8377,0.2444,38.30,91,92,43842
1.7889,0.2297,38.52,91,92,43845
1.7937,0.2297,38.62,91,92,43849
1.8133,0.2395,38.55,91,92,43852
1.8084,0.2346,38.55,91,92,43855
1.8573,0.2542,38.27,91,92,43858
1.8328,0.2590,38.46,91,92,43863
1.8280,0.2297,38.55,91,92,43866
1.8573,0.2395,38.49,91,92,43869
1.8622,0.2346,38.55,91,92,43872
1.9306,0.2444,38.30,91,92,43876
1.8915,0.2297,38.49,91,92,43879
1.8817,0.2346,38.58,91,92,43882
1.8964,0.2444,38.52,91,92,43885
1.8719,0.2297,38.58,91,92,43889
1.9013,0.2395,38.33,91,92,43892
1.8475,0.2346,38.52,91,92,43895
1.8231,0.2297,38.58,91,92,43898
1.8231,0.2395,38.52,91,92,43902
1.8035,0.2297,38.58,91,92,43906
1.8573,0.2444,38.27,91,92,43909
1.8426,0.2493,38.46,91,92,43912
1.8475,0.2297,38.58,91,92,43916
1.8866,0.2395,38.55,91,92,43919
1.8915,0.2395,38.58,91,92,43922
1.9501,0.2444,38.24,91,92,43925
1.9257,0.2346,38.52,91,92,43929
1.9501,0.2395,38.55,91,92,43932
1.9355,0.2884,38.55,91,92,43935
1.9208,0.2346,38.65,91,92,43938
1.9697,0.2395,38.30,91,92,43942
1.9208,0.2346,38.52,91,92,43945
1.9159,0.2297,38.55,91,92,43949
1.9208,0.2395,38.49,91,92,43952
1.9062,0.2346,38.55,91,92,43956
1.9110,0.2395,38.43,91,92,43959
1.8768,0.2395,38.46,91,92,43962
1.8573,0.2346,38.55,91,92,43965
1.8817,0.2346,38.49,91,92,43969
1.8622,0.2297,37.77,91,92,43972
1.9013,0.2395,38.30,91,92,43975
1.8768,0.2395,38.52,91,92,43978
1.8719,0.2590,38.55,91,92,43982
1.8915,0.2395,38.49,91,92,43985
1.8719,0.2346,38.55,91,92,43988
1.9110,0.2346,38.33,91,92,43992
1.8671,0.2346,38.55,91,92,43996
1.8671,0.2297,38.62,91,92,43999
1.8866,0.2395,38.52,91,92,44002
1.8622,0.2346,38.55,91,92,44005
1.9062,0.2395,38.33,91,92,44009
1.8817,0.2395,38.40,91,92,44012
1.8719,0.2346,38.58,91,92,44015
1.8915,0.2444,38.46,91,92,44018
1.8866,0.2346,38.55,91,92,44022
1.9110,0.2395,38.33,91,92,44025
1.8768,0.2346,38.52,91,92,44028
1.8671,0.2346,38.55,91,92,44032
1.8964,0.2395,38.49,91,92,44036
1.8817,0.2297,38.52,91,92,44039
1.9208,0.2297,38.33,91,92,44042
1.8866,0.2346,38.58,91,92,44045
1.8964,0.2395,38.55,91,92,44049
1.9208,0.2493,38.43,92,92,44052
1.8915,0.2346,38.49,92,92,44056
1.8622,0.2297,38.68,92,92,44059
1.8964,0.2297,38.33,92,92,44062
1.8573,0.2297,38.43,92,92,44065
1.8475,0.2248,38.55,92,92,44069
1.8719,0.2346,38.55,92,92,44072
1.8866,0.2297,38.55,92,92,44076
1.9648,0.2444,38.27,92,92,44079
1.9550,0.2346,38.49,92,92,44083
1.9404,0.2297,38.52,92,92,44086
1.9550,0.2395,38.52,92,92,44089
1.9404,0.2346,38.58,92,92,44092
1.9892,0.2590,38.24,92,92,44096
1.9453,0.2395,38.43,92,92,44099
1.9257,0.2297,38.55,92,92,44102
1.9355,0.2346,38.52,92,92,44105
1.9306,0.2590,38.62,92,92,44109
1.9941,0.2444,38.30,92,92,44112
1.9550,0.2297,38.46,92,92,44115
1.9746,0.2297,38.58,92,92,44119
1.9648,0.2395,38.55,92,92,44123
1.9599,0.2297,38.65,92,92,44126
2.0235,0.2444,38.24,92,92,44129
1.9844,0.2346,38.49,92,92,44132
1.9892,0.2395,38.52,92,92,44136
2.0088,0.2395,38.55,92,92,44139
2.0137,0.2346,38.55,92,92,44142
2.0919,0.2493,38.27,92,92,44145
2.0577,0.2395,38.46,92,92,44149
2.0430,0.2346,38.58,92,92,44152
2.0381,0.2395,38.55,92,92,44155
2.0088,0.2297,38.71,92,92,44158
2.0381,0.2444,38.27,92,92,44162
2.0186,0.2346,38.46,92,92,44166
1.9648,0.2297,38.58,92,92,44169
1.9648,0.2297,38.52,92,92,44172
1.9306,0.2297,38.52,92,92,44175
1.9599,0.2444,38.30,92,92,44179
1.8817,0.2297,38.52,92,92,44182
1.8768,0.2248,38.52,92,92,44185
1.8817,0.2395,37.77,92,92,44188
1.8719,0.2297,38.65,92,92,44192
1.9404,0.2395,38.30,92,92,44195
1.9306,0.2395,38.46,92,92,44198
1.9306,0.2297,38.55,92,92,44201
1.9404,0.2395,38.52,92,92,44206
1.8866,0.2297,38.52,92,92,44209
1.8964,0.2444,38.36,92,92,44212
1.8231,0.2297,38.49,92,92,44215
1.7791,0.2346,38.55,92,92,44219
1.7840,0.2395,38.52,92,92,44222
1.7546,0.2297,38.55,92,92,44225
1.7986,0.2346,38.43,92,92,44228
1.7546,0.2395,38.52,92,92,44232
1.7742,0.2346,38.49,92,92,44235
1.8084,0.2395,38.49,92,92,44238
1.8133,0.2346,38.55,92,92,44241
1.8622,0.2444,38.30,92,92,44246
1.8426,0.2395,38.46,92,92,44249
1.8377,0.2346,38.55,92,92,44252
1.8671,0.2395,38.52,92,92,44255
1.8768,0.2346,38.58,92,92,44259
1.9697,0.2395,38.36,92,92,44262
2.0088,0.2395,38.52,92,92,44265
2.0968,0.2248,38.55,92,92,44268
2.2532,0.2395,38.49,92,92,44272
2.3998,0.2297,38.55,92,92,44275
2.6735,0.2688,38.30,92,92,44278
2.8690,0.2297,38.52,92,92,44281
3.1183,0.2297,38.55,92,92,44285
3.3138,0.2444,38.46,92,92,44289
3.3187,0.2590,38.52,92,92,44292
3.2502,0.2395,38.36,92,92,44295
2.9521,0.2395,38.46,92,92,44299
2.6295,0.2297,38.65,92,92,44302
2.3656,0.2444,38.46,92,92,44305
2.1212,0.2346,38.55,92,92,44308
1.9159,0.2639,38.36,92,92,44312
1.7155,0.2346,38.65,92,92,44315
1.5885,0.2297,38.55,92,92,44318
1.5152,0.2395,38.43,92,92,44321
1.4565,0.2395,38.62,92,92,44325
1.4516,0.2346,38.49,92,92,44328
1.4076,0.2297,38.58,92,92,44332
1.4125,0.2248,38.55,92,92,44335
1.4467,0.2395,38.52,92,92,44339
1.4712,0.2297,38.58,92,92,44342
1.5396,0.2297,38.33,92,92,44345
1.5738,0.2297,38.46,92,92,44348
1.5982,0.2297,38.65,92,92,44352
1.6373,0.2444,38.49,92,92,44355
1.6227,0.2346,38.55,92,92,44358
1.6716,0.2444,38.36,92,92,44361
1.6471,0.2688,38.49,92,92,44365
1.6422,0.2297,38.58,92,92,44368
1.6471,0.2297,38.46,92,92,44371
1.6178,0.2346,38.55,92,92,44375
1.6373,0.2395,38.30,92,92,44379
1.5982,0.2346,38.55,92,92,44382
1.5982,0.2346,38.55,92,92,44385
1.6276,0.2395,38.49,92,92,44388
1.6178,0.2346,38.58,92,92,44392
1.6618,0.2884,38.36,92,92,44395
1.6569,0.2346,38.40,92,92,44398
1.6716,0.2346,38.58,92,92,44401
1.7058,0.2395,38.46,92,92,44405
1.6960,0.2346,38.52,92,92,44408
1.7400,0.2297,38.40,92,92,44411
1.7204,0.2346,38.49,92,92,44414
1.7302,0.2297,38.65,92,92,44419
1.7546,0.2346,38.46,92,92,44422
1.7351,0.2346,38.55,92,92,44425
1.7595,0.2346,38.33,92,92,44428
1.7351,0.2346,38.46,92,92,44432
1.7449,0.2346,38.55,92,92,44435
1.7693,0.2395,38.46,92,92,44438
1.7791,0.2346,38.55,92,92,44441
1.7791,0.2346,38.36,92,92,44445
1.7644,0.2346,38.46,92,92,44448
1.7595,0.2297,38.62,92,92,44451
1.7791,0.2395,38.43,92,92,44454
1.7693,0.2346,38.58,92,92,44459
1.8035,0.2346,38.43,92,92,44462
1.7742,0.2297,38.52,92,92,44465
1.7742,0.2346,38.55,92,92,44468
1.8133,0.2346,38.58,92,92,44472
1.7693,0.2346,38.43,92,92,44475
1.7986,0.2346,38.36,92,92,44478
1.7742,0.2346,38.58,92,92,44481
1.7791,0.2297,38.55,92,92,44485
1.7937,0.2395,38.46,92,92,44488
1.7791,0.2444,38.52,92,92,44491
1.8133,0.2297,38.33,92,92,44494
1.8280,0.2395,38.46,92,92,44498
1.8377,0.2297,38.58,92,92,44502
1.8817,0.2395,38.36,92,92,44505
1.8817,0.2346,38.55,92,92,44508
1.9013,0.2346,38.33,92,92,44512
1.8622,0.2639,38.52,92,92,44515
1.8573,0.2297,38.65,92,92,44518
1.8719,0.2297,38.46,92,92,44521
1.8524,0.2346,38.55,92,92,44525
1.8719,0.2346,38.40,92,92,44528
1.8328,0.2297,38.55,92,92,44531
1.8573,0.2102,38.58,92,92,44534
1.8719,0.2395,38.49,92,92,44538
1.8671,0.2542,38.55,92,92,44541
1.9062,0.2346,38.52,92,92,44545
1.8866,0.2346,38.49,92,92,44548
1.8817,0.2297,38.62,92,92,44552
1.8964,0.2395,38.43,92,92,44555
1.8768,0.2297,38.55,92,92,44558
1.9257,0.2346,38.43,92,92,44561
1.8817,0.2542,38.52,92,92,44565
1.9013,0.2297,38.81,92,92,44568
1.9257,0.2346,38.46,92,92,44571
1.9404,0.2346,38.55,92,92,44574
1.9648,0.2346,38.46,92,92,44578
1.9453,0.2346,38.52,92,92,44581
1.9501,0.2297,38.55,92,92,44584
1.9697,0.2444,38.43,92,92,44588
1.9355,0.2444,38.55,92,92,44592
1.9501,0.2346,38.40,92,92,44595
1.9257,0.2346,38.49,92,92,44598
1.9208,0.2297,38.62,92,92,44601
1.9355,0.2395,38.46,92,92,44605
1.9159,0.2248,38.55,92,92,44608
1.9453,0.2346,38.46,92,92,44611
1.9208,0.2346,38.55,92,92,44614
1.9404,0.2297,38.62,92,92,44618
1.9599,0.2346,38.49,92,92,44621
1.9355,0.2248,38.55,92,92,44624
1.9404,0.2395,38.36,92,92,44627
1.9013,0.2346,38.62,92,92,44632
1.9013,0.2346,38.55,92,92,44635
1.9257,0.2346,38.43,92,92,44638
1.8915,0.2444,38.58,92,92,44641
1.9062,0.2297,38.43,92,92,44645
1.8817,0.2346,38.49,92,92,44648
1.8671,0.2346,38.71,92,92,44651
1.8817,0.2493,38.49,92,92,44654
1.8671,0.2346,38.55,92,92,44658
1.8964,0.2346,38.43,92,92,44661
1.8768,0.2297,38.24,92,92,44664
1.8817,0.2297,38.55,92,92,44668
1.9110,0.2346,38.55,92,92,44672
1.9550,0.2444,38.46,92,92,44675
1.9404,0.2297,38.55,92,92,44678
1.9892,0.2395,38.36,92,92,44682
1.9648,0.2444,38.46,92,92,44685
1.9501,0.2297,38.68,92,92,44688
1.9697,0.2444,38.46,92,92,44691
1.9208,0.2346,38.58,92,92,44695
1.9208,0.2395,38.30,92,92,44698
1.8671,0.2346,38.49,92,92,44701
1.8426,0.2346,38.55,92,92,44704
1.8377,0.2395,38.49,92,92,44708
1.8133,0.2346,38.55,92,92,44711
1.8426,0.2346,38.33,92,92,44715
1.8377,0.2346,38.58,92,92,44718
1.8671,0.2444,38.55,92,92,44722
1.9062,0.2444,38.40,92,92,44725
1.8915,0.2297,38.55,92,92,44728
1.9501,0.2395,38.40,92,92,44731
1.9257,0.2346,38.46,92,92,44735
1.9110,0.2297,38.58,92,92,44738
1.9306,0.2297,38.43,92,92,44741
1.9110,0.2297,38.62,92,92,44744
1.9550,0.2346,38.36,92,92,44748
1.9257,0.2346,38.52,92,92,44751
1.9208,0.2346,38.55,92,92,44754
1.9355,0.2346,38.43,92,92,44758
1.9453,0.2297,38.55,92,92,44762
2.0430,0.2346,38.43,92,92,44765
2.0186,0.2346,38.52,92,92,44768
2.0381,0.2297,38.58,92,92,44771
2.0674,0.2444,38.49,92,92,44775
2.0235,0.2395,38.55,92,92,44778
2.0479,0.2346,38.40,92,92,44781
2.0088,0.2346,38.46,92,92,44784
1.9990,0.2297,38.58,92,92,44788
2.0088,0.2297,38.43,92,92,44791
1.9746,0.2297,38.52,92,92,44794
1.9746,0.2297,38.40,92,92,44797
1.9062,0.2346,38.55,92,92,44802
1.8866,0.2346,38.55,92,92,44805
1.8964,0.2346,38.49,92,92,44808
1.9013,0.2297,38.55,92,92,44811
1.9453,0.2346,38.43,92,92,44815
1.9501,0.2346,38.55,92,92,44818
1.9501,0.2297,38.55,92,92,44821
1.9648,0.2395,38.49,92,92,44824
1.9208,0.2346,38.11,92,92,44828
1.9355,0.2346,38.43,92,92,44831
1.8768,0.2297,38.49,92,92,44834
1.8573,0.2346,38.55,92,92,44837
1.8328,0.2395,38.46,92,92,44841
1.7791,0.2346,38.55,92,92,44845
1.7937,0.2346,37.68,92,92,44848
1.7644,0.2297,38.52,92,92,44851
1.7742,0.2248,38.55,92,92,44855
1.7889,0.2346,38.49,92,92,44858
1.7840,0.2346,38.55,92,92,44861
1.8231,0.2346,38.40,92,92,44864
1.8084,0.2395,38.55,92,92,44868
1.8133,0.2346,38.65,92,92,44871
1.8182,0.2395,38.43,92,92,44874
1.7791,0.2297,38.55,92,92,44877
1.8377,0.2346,38.40,92,92,44881
1.8182,0.2297,38.52,92,92,44884
1.8573,0.2297,38.55,92,92,44888
1.9257,0.2395,38.43,92,92,44891
1.9697,0.2346,38.55,92,92,44895
2.1065,0.2346,38.40,92,92,44898
2.2434,0.2346,38.52,92,92,44901
2.4585,0.2346,38.55,92,92,44904
2.7126,0.2395,38.46,92,92,44908
2.9423,0.2297,38.58,92,92,44911
3.2063,0.2346,38.43,92,92,44914
3.3236,0.2444,38.55,92,92,44917
3.3724,0.2297,38.55,92,92,44921
3.2796,0.2395,38.46,92,92,44924
2.9423,0.2346,38.55,92,92,44928
2.6344,0.2395,38.46,92,92,44931
2.2874,0.2248,38.62,92,92,44935
2.0283,0.2346,38.58,92,92,44938
1.8328,0.2444,38.43,92,92,44941
1.6520,0.2297,37.80,92,92,44944
1.5543,0.2395,38.46,92,92,44948
1.4467,0.2248,38.58,92,92,44951
1.3930,0.2297,38.55,92,92,44954
1.3734,0.2297,38.49,92,92,44957
1.3587,0.2346,38.55,92,92,44961
1.3978,0.2395,38.46,92,92,44964
1.4027,0.2395,38.58,92,92,44967
1.4663,0.2297,38.58,92,92,44971
1.5298,0.2444,38.49,92,92,44975
1.5103,0.2346,38.55,92,92,44978
1.5591,0.2395,38.36,92,92,44981
1.5982,0.2297,38.55,92,92,44984
1.6667,0.2346,38.55,92,92,44988
1.7058,0.2395,38.46,92,92,44991
1.6569,0.2297,38.55,92,92,44994
1.6422,0.2395,38.46,92,92,44997
1.5836,0.2395,38.55,92,92,45001
1.5591,0.2590,38.55,92,92,45004
1.5543,0.2346,38.49,92,92,45007
1.5494,0.2297,38.55,92,92,45010
1.5836,0.2493,38.40,92,92,45015
1.5787,0.2444,38.52,92,92,45018
1.5982,0.2395,38.55,92,92,45021
1.6422,0.2444,38.46,92,92,45024
1.6373,0.2346,38.55,92,92,45028
1.6471,0.2395,38.43,92,92,45031
1.6373,0.2297,38.58,92,92,45034
1.6471,0.2346,38.55,92,92,45037
1.7009,0.2395,38.49,92,92,45041
1.6764,0.2346,38.05,92,92,45044
1.6960,0.2346,38.46,92,92,45047
1.6569,0.2297,38.55,92,92,45050
1.6618,0.2493,38.62,92,92,45054
1.6960,0.2395,38.55,92,92,45058
1.7009,0.2346,38.55,92,92,45061
1.7107,0.2297,38.46,92,92,45064
1.6813,0.2444,38.55,92,92,45068
1.6764,0.2297,38.62,92,92,45071
1.7058,0.2444,38.43,92,92,45074
1.6813,0.2346,38.52,92,92,45077
1.7107,0.2395,38.43,92,92,45081
1.7009,0.2297,38.58,92,92,45084
1.7204,0.2346,38.62,92,92,45087
1.7644,0.2395,38.46,92,92,45090
1.7546,0.2297,38.58,92,92,45094
1.7742,0.2444,38.43,92,92,45097
1.7351,0.2395,38.55,92,92,45101
1.7253,0.2346,38.55,92,92,45104
1.7351,0.2395,38.40,92,92,45108
1.7204,0.2297,38.55,92,92,45111
1.7400,0.2444,38.40,92,92,45114
1.7204,0.2297,38.62,92,92,45117
1.7302,0.2297,38.58,92,92,45121
1.7644,0.2395,38.40,92,92,45124
1.7595,0.2346,38.68,92,92,45127
1.7693,0.2346,38.49,92,92,45130
1.7644,0.2297,38.58,92,92,45134
1.7986,0.2248,38.68,92,92,45137
1.8719,0.2395,38.40,92,92,45140
1.8719,0.2297,38.55,92,92,45144
1.8915,0.2346,38.40,92,92,45147
1.8524,0.2297,38.74,92,92,45151
1.8231,0.2248,38.65,92,92,45154
1.8231,0.2297,38.46,92,92,45157
1.7986,0.2297,38.55,92,92,45160
1.8133,0.2346,38.40,92,92,45164
1.7889,0.2297,38.74,92,92,45167
1.7889,0.2346,38.55,92,92,45170
1.8231,0.2444,38.36,92,92,45173
1.7986,0.2444,38.52,92,92,45177
1.8182,0.2346,38.43,92,92,45180
1.8035,0.2346,38.55,92,92,45184
1.8280,0.2297,38.58,92,92,45187
1.8719,0.2395,38.81,92,92,45191
1.8622,0.2346,38.55,92,92,45194
1.9159,0.2346,38.43,92,92,45197
1.8866,0.2444,38.55,92,92,45200
1.8915,0.2297,38.58,92,92,45204
1.9159,0.2395,38.49,92,92,45207
1.8866,0.2346,38.58,92,92,45210
1.8866,0.2346,38.40,92,92,45213
1.8573,0.2297,38.62,92,92,45217
1.8524,0.2346,38.55,92,92,45220
1.8866,0.2444,38.36,92,92,45223
1.8719,0.2297,38.58,92,92,45228
1.8915,0.2346,38.46,92,92,45231
1.8719,0.2346,38.58,92,92,45234
1.8817,0.2297,38.58,92,92,45237
1.9110,0.2395,38.43,92,92,45240
1.8768,0.2297,38.58,92,92,45244
1.8768,0.2346,38.43,92,92,45247
1.8426,0.2248,38.62,92,92,45250
1.8280,0.2444,38.55,92,92,45254
1.8524,0.2395,38.49,92,92,45257
1.8231,0.2346,38.52,92,92,45260
1.8377,0.2346,38.46,92,92,45263
1.8182,0.2297,38.68,92,92,45267
1.8133,0.2297,38.55,92,92,45271
1.8426,0.2444,38.40,92,91,45274
1.7742,0.2297,38.49,92,91,45278
1.7693,0.2297,38.55,92,91,45281
1.8133,0.2395,38.52,92,91,45284
1.8035,0.2346,38.55,92,91,45287
1.8133,0.2346,38.58,92,91,45291
1.8377,0.2346,38.52,92,91,45294
1.8377,0.2297,38.62,92,91,45297
1.8573,0.2444,38.43,92,91,45300
1.8231,0.2346,38.62,92,91,45304
1.8133,0.2297,38.52,92,91,45307
1.8280,0.2395,38.46,92,91,45310
1.7889,0.2297,38.58,92,91,45314
1.8084,0.2346,38.43,92,91,45318
1.7791,0.2297,38.68,92,91,45321
1.7791,0.2297,38.55,92,91,45324
1.8133,0.2444,38.43,92,91,45327
1.7644,0.2395,38.55,92,91,45331
1.8035,0.2395,38.46,92,91,45334
1.7889,0.2346,38.55,92,91,45337
1.8182,0.2346,38.55,92,91,45340
1.8377,0.2542,38.49,92,91,45344
1.8280,0.2297,38.55,92,91,45347
1.8377,0.2395,38.43,92,91,45350
1.8035,0.2346,38.58,92,91,45353
1.8035,0.2297,38.77,92,91,45358
1.8426,0.2395,38.46,92,91,45361
1.8231,0.2346,38.55,92,91,45364
1.8426,0.2346,38.43,92,91,45367
1.8231,0.2297,38.58,92,91,45371
1.8280,0.2297,38.55,92,91,45374
1.8573,0.2395,38.49,92,91,45377
1.8328,0.2297,38.52,92,91,45380
1.8622,0.2346,38.43,92,91,45384
1.8377,0.2346,38.55,92,91,45387
1.8377,0.2346,38.62,92,91,45390
1.8671,0.2297,38.55,92,91,45393
1.8671,0.2297,38.18,92,91,45398
1.9062,0.2297,38.46,92,91,45401
1.8915,0.2346,38.58,92,91,45404
1.9159,0.2248,38.55,92,91,45407
1.9648,0.2444,38.36,92,91,45411
1.9453,0.2297,38.55,92,91,45414
1.9550,0.2395,38.49,92,91,45417
1.9110,0.2346,38.58,92,91,45420
1.8915,0.2297,38.52,92,91,45424
1.8866,0.2395,38.49,92,91,45427
1.8377,0.2346,38.55,92,91,45430
1.8475,0.2346,38.43,92,91,45433
1.8182,0.2542,38.55,92,91,45437
1.8231,0.2346,38.62,92,91,45441
1.8328,0.2346,38.58,92,91,45444
1.8280,0.2346,38.55,92,91,45447
1.8426,0.2395,38.40,92,91,45451
1.8084,0.2297,38.58,92,91,45454
1.8084,0.2297,38.55,92,91,45457
1.8280,0.2493,38.40,92,91,45460
1.8035,0.2297,38.58,92,91,45464
1.8280,0.2346,38.43,92,91,45467
1.8084,0.2297,38.52,92,91,45470
1.7986,0.2346,38.58,92,91,45473
1.7937,0.2395,38.43,92,91,45477
1.7351,0.2248,38.55,92,91,45480
1.7351,0.2346,38.46,92,91,45484
1.7009,0.2346,38.58,92,91,45487
1.6960,0.2346,38.58,92,91,45491
1.7253,0.2395,38.52,92,91,45494
1.7204,0.2297,38.52,92,91,45497
1.7449,0.2444,38.43,92,91,45500
1.7204,0.2346,38.55,92,91,45504
1.7204,0.2297,38.58,92,91,45507
1.7595,0.2395,38.40,92,91,45510
1.7546,0.2346,38.55,92,91,45513
1.7937,0.2444,38.43,92,91,45517
1.8084,0.2297,38.58,92,91,45520
1.8671,0.2395,38.52,92,91,45523
1.9746,0.2444,38.43,92,91,45527
2.0577,0.2297,38.62,92,91,45531
2.2385,0.2346,38.43,92,91,45534
2.3949,0.2444,38.55,92,91,45537
2.6246,0.2346,38.58,92,91,45540
2.9081,0.2395,38.49,92,91,45544
3.1134,0.2346,38.55,92,91,45547
3.2796,0.2297,38.49,92,91,45550
3.2405,0.2297,38.55,92,91,45553
3.0645,0.2297,38.58,92,91,45557
2.8152,0.2395,38.40,92,91,45560
2.4438,0.2346,38.46,92,91,45563
2.1505,0.2346,38.43,92,91,45566
1.8768,0.2395,38.58,92,91,45571
1.6813,0.2297,38.58,92,91,45574
1.5543,0.2395,38.49,92,91,45577
1.4125,0.2346,38.52,92,91,45580
1.3490,0.2346,38.43,92,91,45584
1.2903,0.2297,38.65,92,91,45587
1.2708,0.2297,38.58,92,91,45590
1.2805,0.2346,38.46,92,91,45593
1.2708,0.2395,38.55,92,91,45597
1.3001,0.2297,38.46,92,91,45600
1.3294,0.2297,38.55,92,91,45603
1.3783,0.2297,38.55,92,91,45606
1.4321,0.2395,38.40,92,91,45611
1.4418,0.2346,38.49,92,91,45614
1.4614,0.2346,38.46,92,91,45617
1.4467,0.2297,38.58,92,91,45620
1.4321,0.2444,38.58,92,91,45624
1.4614,0.2395,38.43,92,91,45627
1.4516,0.2297,38.55,92,91,45630
1.4858,0.2346,38.43,92,91,45633
1.4809,0.2297,38.52,92,91,45637
1.4858,0.2297,38.68,92,91,45640
1.5200,0.2395,38.46,92,91,45643
1.4956,0.2493,38.52,92,91,45646
1.5005,0.2297,38.43,92,91,45650
1.4956,0.2297,38.55,92,91,45654
1.5054,0.2199,38.58,92,91,45657
1.5494,0.2395,38.33,92,91,45660
1.5396,0.2395,38.55,92,91,45664
1.5347,0.2346,38.46,92,91,45667
1.5396,0.2590,38.55,92,91,45670
1.5543,0.2297,38.55,92,91,45673
1.6031,0.2395,38.40,92,91,45677
1.5787,0.2395,38.52,92,91,45680
1.5885,0.2297,38.43,92,91,45683
1.5885,0.2297,38.55,92,91,45686
1.6031,0.2297,38.58,92,91,45690
1.6520,0.2542,38.43,92,91,45693
1.6373,0.2346,38.46,92,91,45697
1.6422,0.2346,38.46,92,91,45700
1.6422,0.2346,38.55,92,91,45704
1.6325,0.2297,38.55,92,91,45707
1.6716,0.2395,38.36,92,91,45710
1.6520,0.2395,38.43,92,91,45713
1.6471,0.2297,38.49,92,91,45717
1.6422,0.2346,38.55,92,91,45720
1.6471,0.2297,38.62,92,91,45723
1.6911,0.2444,38.43,92,91,45726
1.6618,0.2346,38.52,92,91,45730
1.6716,0.2248,38.55,92,91,45733
1.6716,0.2297,38.49,92,91,45736
1.6716,0.2297,38.58,92,91,45740
1.7155,0.2444,38.43,92,91,45744
1.6911,0.2346,38.52,92,91,45747
1.6960,0.2297,38.43,92,91,45750
1.6911,0.2297,38.55,92,91,45753
1.7009,0.2346,38.55,92,91,45757
1.7498,0.2444,38.36,92,91,45760
1.7351,0.2346,38.55,92,91,45763
1.7351,0.2297,38.49,92,91,45766
1.7351,0.2297,38.55,92,91,45770
1.7498,0.2346,38.58,92,91,45773
1.8035,0.2444,38.40,92,91,45776
1.7742,0.2297,38.55,92,91,45779
1.7840,0.2346,38.46,92,91,45784
1.7498,0.2590,38.55,92,91,45787
1.7302,0.2297,38.55,92,91,45790
1.7546,0.2444,38.43,92,91,45793
1.7155,0.2346,38.52,92,91,45797
1.7155,0.2248,38.46,92,91,45800
1.7155,0.2835,38.52,92,91,45803
1.7204,0.2297,38.58,92,91,45806
1.7693,0.2444,38.36,92,91,45810
1.7546,0.2444,38.55,92,91,45813
1.7595,0.2297,38.55,92,91,45816
1.7742,0.2346,38.55,92,91,45819
1.7889,0.2248,38.55,92,91,45824
1.8573,0.2493,38.62,92,91,45827
1.8231,0.2297,38.52,92,91,45830
1.8573,0.2297,38.49,92,91,45833
1.8231,0.2297,38.62,92,91,45837
1.8182,0.2297,38.49,92,91,45840
1.8622,0.2493,38.43,92,91,45843
1.8182,0.2395,38.49,92,91,45846
1.8084,0.2444,38.46,92,91,45850
1.8084,0.2346,38.65,92,91,45853
1.8133,0.2346,38.58,92,91,45856
1.8573,0.2444,38.36,92,91,45859
1.8182,0.2395,38.49,92,91,45863
1.7986,0.2297,38.46,92,91,45867
1.7889,0.2346,38.58,92,91,45870
1.7840,0.2346,38.55,92,91,45873
1.8280,0.2493,38.40,92,91,45877
1.7791,0.2297,38.55,92,91,45880
1.8133,0.2248,38.55,92,91,45883
1.7840,0.2297,38.52,92,91,45886
1.7693,0.2346,38.55,92,91,45890
1.7693,0.2346,38.55,92,91,45893
1.7937,0.2395,38.40,92,91,45896
1.7791,0.2346,38.55,92,91,45900
1.7937,0.2346,38.43,92,91,45903
1.7742,0.2444,38.55,92,91,45906
1.7791,0.2248,38.55,92,91,45910
1.8133,0.2297,38.43,92,91,45914
1.8182,0.2346,38.55,92,91,45917
1.8377,0.2346,38.43,92,91,45920
1.8231,0.2297,38.55,92,91,45923
1.8133,0.2297,38.65,92,91,45927
1.8671,0.2395,38.49,92,91,45930
1.8280,0.2395,38.52,92,91,45933
1.8328,0.2346,38.46,92,91,45936
1.8035,0.2346,38.55,92,91,45940
1.7742,0.2346,38.55,92,91,45943
1.7937,0.2688,38.40,92,91,45946
1.7498,0.2346,38.55,92,91,45949
1.7498,0.2346,38.43,92,91,45954
1.7595,0.2346,38.55,92,91,45957
1.7302,0.2297,38.81,92,91,45960
1.7742,0.2395,38.46,92,91,45963
1.7644,0.2346,38.55,92,91,45967
1.8084,0.2248,38.43,92,91,45970
1.8084,0.2297,38.58,92,91,45973
1.8133,0.2297,38.58,92,91,45976
1.8817,0.2346,38.46,92,91,45980
1.8280,0.2346,38.58,92,91,45983
1.8377,0.2297,38.46,92,91,45986
1.8280,0.2297,38.55,92,91,45989
1.8280,0.2395,38.55,92,91,45993
1.8719,0.2395,38.43,92,91,45997
1.8524,0.2346,38.58,92,91,46000
1.8768,0.2346,38.46,92,91,46003
1.8426,0.2444,38.62,92,91,46007
1.8426,0.2297,38.65,92,91,46010
1.8768,0.2395,38.43,92,91,46013
1.8524,0.2395,38.55,92,91,46016
1.8719,0.2346,38.40,92,91,46020
1.8671,0.2297,38.55,92,91,46023
1.8768,0.2297,38.58,92,91,46026
1.9550,0.2346,38.46,92,91,46029
1.9110,0.2346,38.58,92,91,46033
1.9208,0.2297,38.46,92,91,46036
1.9062,0.2297,38.55,92,91,46040
1.9208,0.2444,38.58,92,91,46043
1.9697,0.2297,38.40,92,91,46047
1.9648,0.2444,38.49,92,91,46050
1.9648,0.2639,38.46,92,91,46053
1.9453,0.2297,38.65,92,91,46056
1.9355,0.2346,38.58,92,91,46060
1.9550,0.2493,38.40,92,91,46063
1.8915,0.2297,38.40,92,91,46066
1.8817,0.2297,38.46,92,91,46069
1.8817,0.2346,38.62,92,91,46073
1.8866,0.2346,38.58,92,91,46076
1.9355,0.2444,38.46,92,91,46080
1.8866,0.2297,38.52,92,91,46083
1.8475,0.2346,38.46,92,91,46087
1.7986,0.2346,38.55,92,91,46090
1.7693,0.2493,38.52,92,91,46093
1.7840,0.2297,38.36,92,91,46096
1.7449,0.2395,38.55,92,91,46100
1.7351,0.2346,38.46,92,91,46103
1.7204,0.2346,38.62,92,91,46106
1.7253,0.2297,38.58,92,91,46109
1.7595,0.2444,38.40,92,91,46113
1.7204,0.2346,38.52,92,91,46116
1.7253,0.2297,38.49,92,91,46119
1.7204,0.2346,38.55,92,91,46123
1.7155,0.2346,38.55,92,91,46127
1.7595,0.2542,38.49,92,91,46130
1.7302,0.2346,38.46,92,91,46133
1.7351,0.2346,38.49,92,91,46136
1.7253,0.2346,38.55,92,91,46140
1.7253,0.2248,38.62,92,91,46143
1.7791,0.2395,38.43,92,91,46146
1.7693,0.2346,38.49,92,91,46149
1.7840,0.2199,38.49,92,91,46153
1.7986,0.2297,38.55,92,91,46156
1.8426,0.2297,38.58,92,91,46159
1.9404,0.2493,38.40,92,91,46162
1.9697,0.2346,38.52,92,91,46167
2.0870,0.2297,38.43,92,91,46170
2.2483,0.2346,38.62,92,91,46173
2.4096,0.2395,38.58,92,91,46176
2.6931,0.2493,38.36,92,91,46180
2.8935,0.2395,38.49,92,91,46183
3.1183,0.2297,38.49,92,91,46186
3.2160,0.2395,38.55,92,91,46189
3.1672,0.2297,38.62,92,91,46193
3.0596,0.2444,38.43,92,91,46196
2.7224,0.2395,38.49,92,91,46199
2.4047,0.2444,38.49,92,91,46202
2.1359,0.2297,38.58,92,91,46206
1.9159,0.2346,38.55,92,91,46210
1.7791,0.2542,38.40,92,91,46213
1.5934,0.2346,38.46,92,91,46216
1.4907,0.2346,38.49,92,91,46220
1.4370,0.2346,38.55,92,91,46223
1.3930,0.2346,38.55,92,91,46226
1.4125,0.2493,38.36,92,91,46229
1.3685,0.2346,38.52,92,91,46233
1.3734,0.2297,38.49,92,91,46236
1.4370,0.2395,38.55,92,91,46239
1.4418,0.2297,38.52,92,91,46242
1.5103,0.2493,38.36,92,91,46246
1.4858,0.2395,38.49,92,91,46249
1.4956,0.2297,38.52,92,91,46253
1.4614,0.2835,38.55,92,91,46256
1.4565,0.2297,38.58,92,91,46260
1.4956,0.2493,38.40,92,91,46263
1.4565,0.2346,38.52,92,91,46266
1.4712,0.2297,38.52,92,91,46269
1.4956,0.2346,38.58,92,91,46273
1.5249,0.2346,38.55,92,91,46276
1.5836,0.2444,38.36,92,91,46279
1.5591,0.2395,38.49,92,91,46282
1.5445,0.2248,38.52,92,91,46286
1.5543,0.2297,38.55,92,91,46289
1.5543,0.2297,38.55,92,91,46292
1.6227,0.2493,38.55,92,91,46296
1.6031,0.2395,38.52,92,91,46300
1.5885,0.2297,38.49,92,91,46303
1.5982,0.2346,38.55,92,91,46306
1.5982,0.2297,38.55,92,91,46309
1.6520,0.2493,38.40,92,91,46313
1.6178,0.2346,38.52,92,91,46316
1.6276,0.2248,38.49,92,91,46319
1.6422,0.2297,38.55,92,91,46322
1.6471,0.2297,38.62,92,91,46326
1.7400,0.2493,38.36,92,91,46329
1.6716,0.2346,38.40,92,91,46332
1.6716,0.2346,38.52,92,91,46336
1.6667,0.2346,38.55,92,91,46340
1.6716,0.2395,38.58,92,91,46343
1.7302,0.2493,38.36,92,91,46346
1.7009,0.2395,38.55,92,91,46349
1.6911,0.2248,38.55,92,91,46353
1.7009,0.2346,38.55,92,91,46356
1.6960,0.2297,38.68,92,91,46359
1.7498,0.2493,38.33,92,91,46362
1.7009,0.2346,38.52,92,91,46366
1.7009,0.2297,38.52,92,91,46369
1.7058,0.2297,38.55,92,91,46372
1.7204,0.2346,38.55,92,91,46375
1.7644,0.2884,38.30,92,91,46380
1.7302,0.2297,38.49,92,91,46383
1.7546,0.2297,38.52,92,91,46386
1.7400,0.2346,38.52,92,91,46389
1.7400,0.2297,38.62,92,91,46393
1.8084,0.2493,38.30,92,91,46396
1.8084,0.2346,38.43,92,91,46399
1.8231,0.2297,38.58,92,91,46402
1.8426,0.2346,38.55,92,91,46406
1.8328,0.2590,38.55,92,91,46409
1.8622,0.2444,38.36,92,91,46412
1.7889,0.2297,38.65,92,91,46415
1.7840,0.2297,38.55,92,91,46419
1.7400,0.2297,38.55,92,91,46423
1.7204,0.2297,38.62,92,91,46426
1.7644,0.2444,38.30,92,91,46429
1.7302,0.2346,38.49,92,91,46433
1.7204,0.2297,38.58,92,91,46436
1.7400,0.2346,38.18,92,91,46439
1.7498,0.2346,38.55,92,91,46442
1.8133,0.2395,38.27,92,91,46446
1.7986,0.2542,38.43,92,91,46449
1.8084,0.2297,38.55,92,91,46452
1.8231,0.2346,38.55,92,91,46455
1.8182,0.2346,38.55,92,91,46459
1.8671,0.2444,37.71,92,91,46462
1.8133,0.2297,38.62,92,91,46466
1.8084,0.2297,38.58,92,91,46469
1.8133,0.2346,38.52,92,91,46473
1.8084,0.2346,38.55,92,91,46476
1.8622,0.2444,38.27,92,91,46479
1.8377,0.2297,38.52,92,91,46482
1.8231,0.2248,38.58,92,91,46486
1.8280,0.2297,38.52,92,91,46489
1.8182,0.2297,38.58,92,91,46492
1.8964,0.2395,38.24,92,91,46495
1.8328,0.2395,38.43,92,91,46499
1.8133,0.2346,38.52,92,91,46502
1.8133,0.2346,38.46,92,91,46507
1.8084,0.2297,38.62,92,91,46510
1.8035,0.2297,38.49,92,91,46513
1.8475,0.2444,38.46,92,91,46516
1.8133,0.2444,38.49,92,91,46520
1.8035,0.2297,38.46,92,91,46523
1.7937,0.2346,38.68,92,91,46526
1.7791,0.2346,38.55,92,91,46529
1.8426,0.2444,38.40,92,91,46533
1.8084,0.2444,38.49,92,91,46536
1.8084,0.2297,38.49,92,91,46539
1.7937,0.2346,38.55,92,91,46542
1.7937,0.2346,38.52,92,91,46546
1.8426,0.2444,38.81,92,91,46550
1.8035,0.2346,38.55,92,91,46553
1.8182,0.2297,38.49,92,91,46556
1.8133,0.2688,38.52,92,91,46560
1.8035,0.2297,38.55,92,91,46563
1.8328,0.2493,38.40,92,91,46566
1.7937,0.2395,38.49,92,91,46569
1.7840,0.2297,38.90,92,91,46573
1.7840,0.2346,38.58,92,91,46576
1.7986,0.2346,38.55,92,91,46579
1.8182,0.2737,38.36,92,91,46582
1.7791,0.2395,38.49,92,91,46586
1.7644,0.2297,38.49,92,91,46589
1.7644,0.2346,38.55,92,91,46593
1.7693,0.2297,38.58,92,91,46596
1.8280,0.2493,38.40,92,91,46600
1.8035,0.2346,38.55,92,91,46603
1.8524,0.2346,38.52,92,91,46606
1.8280,0.2346,38.52,92,91,46609
1.8328,0.2297,38.55,92,91,46613
1.8866,0.2493,38.40,92,91,46616
1.8915,0.2395,38.49,92,91,46619
1.8426,0.2248,38.52,92,91,46622
1.8475,0.2346,38.52,92,91,46626
1.8475,0.2297,38.58,92,91,46629
1.8964,0.2297,38.36,92,91,46632
1.8622,0.2395,38.49,92,91,46636
1.8524,0.2297,38.46,92,91,46640
1.8524,0.2297,38.55,92,91,46643
1.8671,0.2346,38.55,92,91,46646
1.9257,0.2639,38.40,92,91,46649
1.8915,0.2346,38.36,92,91,46653
1.9013,0.2297,38.49,92,91,46656
1.9013,0.2346,38.55,92,91,46659
1.8866,0.2346,38.55,92,91,46662
1.9306,0.2493,38.36,92,91,46666
1.8915,0.2297,38.52,92,91,46669
1.9257,0.2346,38.49,92,91,46672
1.9159,0.2346,38.55,92,91,46675
1.9110,0.2297,38.58,92,91,46680
1.9844,0.2297,38.36,92,91,46683
1.9599,0.2395,38.46,92,91,46686
1.9550,0.2346,38.52,92,91,46689
1.9599,0.2346,37.90,92,91,46693
1.9795,0.2346,38.55,92,91,46696
2.0088,0.2542,38.36,92,91,46699
1.9501,0.2346,38.68,92,91,46702
1.9404,0.2297,38.52,92,91,46706
1.9453,0.2346,38.55,92,91,46709
1.9550,0.2346,38.58,92,91,46712
2.0381,0.2493,38.33,92,91,46715
2.0381,0.2346,38.49,92,91,46720
1.9648,0.2248,38.52,92,91,46723
1.9257,0.2346,38.40,92,91,46726
1.8719,0.2297,38.55,92,91,46729
1.9013,0.2542,38.33,92,91,46733
1.7889,0.2346,38.43,92,91,46736
1.7302,0.2297,38.58,92,91,46739
1.6960,0.2346,38.55,92,91,46742
1.6764,0.2297,38.58,92,91,46746
1.7302,0.2493,38.36,92,91,46749
1.7009,0.2297,38.46,92,91,46752
1.7204,0.2248,38.52,92,91,46755
1.7595,0.2346,38.55,92,91,46759
1.7204,0.2248,38.55,92,91,46763
1.7742,0.2493,38.11,92,91,46766
1.7498,0.2297,38.49,92,91,46769
1.7546,0.2199,38.55,92,91,46773
1.7742,0.2346,38.58,92,91,46776
1.7693,0.2297,38.58,92,91,46779
1.8182,0.2493,38.36,92,91,46782
1.7693,0.2346,38.46,92,91,46786
1.7498,0.2199,38.52,92,91,46789
1.7546,0.2346,38.68,92,91,46792
1.7693,0.2297,38.58,92,91,46795
1.8622,0.2542,38.33,92,91,46799
1.8866,0.2346,38.52,92,91,46802
1.9355,0.2297,38.77,92,91,46806
2.0186,0.2346,38.55,92,91,46809
2.1261,0.2346,38.58,92,91,46813
2.3412,0.2542,38.33,92,91,46816
2.5024,0.2395,38.49,92,91,46819
2.7224,0.2248,38.55,92,91,46822
2.9765,0.2297,38.52,92,91,46826
3.1623,0.2590,38.55,92,91,46829
3.3529,0.2493,38.05,92,91,46832
3.2258,0.2297,38.43,92,91,46835
2.9814,0.2199,38.52,92,91,46839
2.6882,0.2346,38.46,92,91,46842
2.3949,0.2346,38.55,92,91,46845
2.1945,0.2493,38.30,92,91,46849
1.9208,0.2297,38.52,92,91,46853
1.7400,0.2297,38.55,92,91,46856
1.5982,0.2444,38.55,92,91,46859
1.4956,0.2493,38.55,92,91,46862
1.4809,0.2493,38.40,92,91,46866
1.4565,0.2346,38.46,92,91,46869
1.3930,0.2346,38.52,92,91,46872
1.3832,0.2346,38.62,92,91,46875
1.3783,0.2297,38.55,92,91,46879
1.4272,0.2493,38.27,92,91,46882
1.4125,0.2346,38.49,92,91,46885
1.4223,0.2297,38.46,92,91,46888
1.4321,0.2346,38.55,92,91,46893
1.4614,0.2297,38.55,92,91,46896
1.4761,0.2493,38.27,92,91,46899
1.4418,0.2639,38.52,92,91,46902
1.4565,0.2297,38.52,92,91,46906
1.4761,0.2346,38.55,92,91,46909
1.4907,0.2297,38.58,92,91,46912
1.5494,0.2395,38.24,92,91,46915
1.5347,0.2346,38.49,92,91,46919
1.5298,0.2346,38.55,92,91,46922
1.5494,0.2297,38.52,92,91,46925
1.5543,0.2346,38.55,92,91,46928
1.6129,0.2493,38.30,92,91,46932
1.5934,0.2493,38.55,92,91,46936
1.5934,0.2297,38.55,92,91,46939
1.6080,0.2297,38.55,92,91,46942
1.6080,0.2346,38.58,92,91,46946
1.6618,0.2444,38.36,92,91,46949
1.6325,0.2346,38.52,92,91,46952
1.6422,0.2346,38.55,92,91,46955
1.6471,0.2346,38.55,92,91,46959
1.6422,0.2346,38.55,92,91,46962
1.6911,0.2493,37.65,92,91,46965
1.6569,0.2297,38.55,92,91,46968
1.6569,0.2346,38.55,92,91,46972
1.6667,0.2444,38.55,92,91,46976
1.6618,0.2297,38.62,92,91,46979
1.7107,0.2493,38.30,92,91,46982
1.6764,0.2346,38.43,92,91,46986
1.6716,0.2248,38.52,92,91,46989
1.6813,0.2346,38.58,92,91,46992
1.6862,0.2346,38.58,92,91,46995
1.7595,0.2493,38.27,92,91,46999
1.7155,0.2346,38.52,92,91,47002
1.7155,0.2297,38.52,92,91,47005
1.7204,0.2346,38.55,92,91,47008
1.7058,0.2297,38.55,92,91,47012
1.7498,0.2590,38.27,92,91,47015
1.7155,0.2395,38.58,92,91,47019
1.7302,0.2346,38.55,92,91,47022
1.7595,0.2395,38.52,92,91,47026
1.7498,0.2395,38.55,92,91,47029
1.8133,0.2444,38.30,92,91,47032
1.7937,0.2297,38.49,92,91,47035
1.7986,0.2346,38.58,92,91,47039
1.8133,0.2346,38.52,92,91,47042
1.8084,0.2297,38.58,92,91,47045
1.8524,0.2444,38.24,92,91,47048
1.7840,0.2444,38.52,92,91,47052
1.7595,0.2297,38.55,92,91,47055
1.7498,0.2346,38.55,92,91,47058
1.7400,0.2297,38.55,92,91,47062
1.7840,0.2444,38.30,92,91,47066
1.7546,0.2395,38.46,92,91,47069
1.7546,0.2346,38.58,92,91,47072
1.7986,0.2395,38.52,92,91,47075
1.7742,0.2297,38.77,92,91,47079
1.8377,0.2444,38.24,92,91,47082
1.7937,0.2346,38.46,92,91,47085
1.7889,0.2346,38.58,92,91,47088
1.8084,0.2395,38.52,92,91,47092
1.8035,0.2297,38.58,92,91,47095
1.8524,0.2786,38.27,92,91,47098
1.8133,0.2297,38.52,92,91,47101
1.8328,0.2297,38.62,92,91,47106
1.8475,0.2346,38.52,92,91,47109
1.8817,0.2346,38.55,92,91,47114
1.8866,0.2297,38.52,92,91,47117
1.9550,0.2444,38.36,92,91,47120
1.9110,0.2395,38.49,92,91,47123
1.8964,0.2297,38.55,92,91,47127
1.8817,0.2297,38.55,92,91,47130
1.8719,0.2346,38.52,92,91,47133
1.9159,0.2493,38.40,92,91,47136
1.8573,0.2297,38.55,92,91,47140
1.8475,0.2346,38.52,92,91,47143
1.8280,0.2639,38.52,92,91,47147
1.8133,0.2297,38.62,92,91,47150
1.8524,0.2493,38.40,92,91,47154
1.8084,0.2346,38.46,92,91,47157
1.7986,0.2297,38.43,92,91,47160
1.8084,0.2346,38.62,92,91,47163
1.8084,0.2297,38.58,92,91,47167
1.8573,0.2688,38.36,92,91,47170
1.8133,0.2395,38.46,92,91,47173
1.8035,0.2297,38.52,92,91,47176
1.8719,0.2346,38.55,92,91,47180
1.8671,0.2297,38.62,92,91,47183
1.9110,0.2493,38.36,92,91,47186
1.8280,0.2395,38.55,92,91,47190
1.7986,0.2346,38.49,92,91,47194
1.7742,0.2395,38.55,92,91,47197
1.7498,0.2444,38.58,92,91,47200
1.7840,0.2493,38.36,92,91,47203
1.7546,0.2444,38.52,92,91,47207
1.7253,0.2346,38.52,92,91,47210
1.7302,0.2346,38.55,92,91,47213
1.7351,0.2248,38.52,92,91,47216
1.8035,0.2493,38.36,92,91,47220
1.7791,0.2395,38.49,92,91,47223
1.7840,0.2297,38.49,92,91,47226
1.7937,0.2346,38.58,92,91,47229
1.8035,0.2297,38.55,92,91,47234
1.8524,0.2444,38.33,92,91,47237
1.8084,0.2395,38.55,92,91,47240
1.8280,0.2297,38.52,92,91,47243
1.8280,0.2346,38.55,92,91,47247
1.8133,0.2346,38.55,92,91,47250
1.8426,0.2639,38.33,92,91,47253
1.8084,0.2395,38.49,92,91,47256
1.7889,0.2346,38.52,92,91,47260
1.7986,0.2395,38.55,92,91,47263
1.7937,0.2346,38.58,92,91,47266
1.8524,0.2493,38.36,92,91,47269
1.8377,0.2444,38.46,92,91,47273
1.8280,0.2346,38.52,92,91,47277
1.8231,0.2346,38.68,92,91,47280
1.8231,0.2297,38.46,92,91,47283
1.8866,0.2493,38.36,92,91,47287
1.8524,0.2346,38.55,92,91,47290
1.8817,0.2346,38.49,92,91,47293
1.8622,0.2395,38.52,92,91,47296
1.8622,0.2395,38.58,92,91,47300
1.9208,0.2493,38.36,92,91,47303
1.8719,0.2395,38.52,92,91,47306
1.8475,0.2444,38.55,92,91,47309
1.8475,0.2395,38.62,92,91,47313
1.8573,0.2297,38.55,92,91,47316
1.9501,0.2493,38.36,92,91,47320
1.9404,0.2297,38.40,92,91,47323
1.9501,0.2444,38.46,92,91,47327
1.9501,0.2346,38.52,92,91,47330
1.9550,0.2346,38.58,92,91,47333
2.0137,0.2542,37.71,92,91,47336
1.9550,0.2346,38.52,92,91,47340
1.9355,0.2346,38.52,92,91,47343
1.9062,0.2346,38.55,92,91,47346
1.8964,0.2346,38.55,92,91,47349
1.9453,0.2493,38.27,92,91,47353
1.8768,0.2297,38.49,92,91,47356
1.8231,0.2346,38.52,92,91,47360
1.7986,0.2395,38.52,92,91,47363
1.7644,0.2297,38.62,92,91,47367
1.7937,0.2493,38.33,92,91,47370
1.7449,0.2395,38.46,92,91,47373
1.7204,0.2346,38.55,92,91,47376
1.7155,0.2346,38.46,92,91,47380
1.7107,0.2297,38.58,92,91,47383
1.7595,0.2542,38.33,92,91,47386
1.7400,0.2346,38.55,92,91,47389
1.7107,0.2248,38.52,92,91,47393
1.7204,0.2297,38.55,92,91,47396
1.7498,0.2346,38.55,92,91,47399
1.8133,0.2542,38.33,92,91,47403
1.7791,0.2395,38.49,92,91,47407
1.7595,0.2297,38.52,92,91,47410
1.7693,0.2346,38.55,92,91,47413
1.7693,0.2297,38.58,92,91,47416
1.8231,0.2493,38.15,92,91,47420
1.7840,0.2395,38.43,92,91,47423
1.7937,0.2297,38.52,92,91,47426
1.8182,0.2346,38.55,92,91,47429
1.8426,0.2297,38.55,92,91,47433
1.9404,0.2493,38.33,92,91,47436
1.9599,0.2297,38.55,92,91,47439
2.1017,0.2248,38.52,92,91,47442
2.2923,0.2346,38.68,92,91,47447
2.5220,0.2297,38.55,92,91,47450
2.8495,0.2493,38.36,92,91,47453
3.0596,0.2688,38.46,92,91,47456
3.2600,0.2248,38.52,92,91,47460
3.3871,0.2395,38.55,92,91,47463
3.3187,0.2297,38.58,92,91,47466
3.2063,0.2493,38.30,92,91,47469
2.8250,0.2297,38.43,92,91,47473
2.4731,0.2590,38.52,92,91,47476
2.1799,0.2346,38.49,92,91,47479
1.9159,0.2346,38.55,92,91,47482
1.7546,0.2493,38.24,92,91,47486
1.5787,0.2590,38.52,92,91,47490
1.5005,0.2297,38.55,92,91,47493
1.4565,0.2346,38.55,92,91,47496
1.4174,0.2346,38.55,92,91,47500
1.4223,0.2688,38.27,92,91,47503
1.3930,0.2395,38.46,92,91,47506
1.4321,0.2395,38.55,92,91,47509
1.4223,0.2395,38.52,92,91,47513
1.4272,0.2297,38.58,92,91,47516
1.4663,0.2493,38.30,92,91,47519
1.4223,0.2297,38.46,92,91,47522
1.4223,0.2346,38.55,92,91,47526
1.4467,0.2346,38.58,92,91,47529
1.4663,0.2297,38.55,92,91,47533
1.5494,0.2493,38.27,92,91,47536
1.5103,0.2346,38.52,92,91,47540
1.5152,0.2297,38.68,92,91,47543
1.5298,0.2346,38.62,92,91,47546
1.5396,0.2297,38.52,92,91,47549
1.6129,0.2542,38.30,92,91,47553
1.5982,0.2639,38.49,92,91,47556
1.5934,0.2297,38.58,92,91,47559
1.5934,0.2395,38.52,92,91,47562
1.5738,0.2346,38.55,92,91,47566
1.6276,0.2786,38.27,92,91,47569
1.6031,0.2346,38.46,92,91,47572
1.5982,0.2297,38.62,92,91,47576
1.5982,0.2346,38.55,92,91,47580
1.6031,0.2297,38.46,92,91,47583
1.6667,0.2444,38.27,92,91,47586
1.6422,0.2346,38.52,92,91,47589
1.6569,0.2248,38.55,92,91,47593
1.6764,0.2346,38.52,92,91,47596
1.6764,0.2297,38.68,92,91,47599
1.7253,0.2395,38.27,92,91,47602
1.7009,0.2737,38.49,92,91,47606
1.6960,0.2297,38.65,92,91,47609
1.7107,0.2395,38.52,92,91,47612
1.7009,0.2590,38.62,92,91,47616
1.7351,0.2444,38.30,92,91,47620
1.6716,0.2297,38.43,92,91,47623
1.6569,0.2346,38.62,92,91,47626
1.6618,0.2542,38.55,92,91,47629
1.6764,0.2248,38.55,92,91,47633
1.7400,0.2297,38.30,92,91,47636
1.7107,0.2346,38.55,92,91,47639
1.7155,0.2297,38.55,92,91,47642
1.7302,0.2346,38.58,92,91,47646
1.7204,0.2297,38.55,92,91,47649
1.7742,0.2590,38.27,92,91,47652
1.7595,0.2395,38.49,92,91,47655
1.7791,0.2297,38.58,92,91,47660
1.8084,0.2395,38.52,92,91,47663
1.7986,0.2590,38.62,92,91,47666
1.8328,0.2444,38.30,92,91,47669
1.7693,0.2297,38.49,92,91,47673
1.7351,0.2346,38.62,92,91,47676
1.7253,0.2346,38.55,92,91,47679
1.7155,0.2297,38.58,92,91,47682
1.7644,0.2444,38.27,92,91,47686
1.7546,0.2346,38.52,92,91,47689
1.7302,0.2297,38.65,92,91,47692
1.7400,0.2395,38.52,92,91,47695
1.7302,0.2346,38.55,92,91,47699
1.7742,0.2444,38.27,92,91,47703
1.7595,0.2395,38.46,92,91,47706
1.7546,0.2297,38.55,92,91,47709
1.7644,0.2395,38.52,92,91,47713
1.7595,0.2395,38.55,92,91,47716
1.8231,0.2444,38.27,92,91,47719
1.8768,0.2493,38.43,93,91,47724
1.8328,0.2248,38.52,93,91,47727
1.8377,0.2346,38.49,93,91,47730
1.8475,0.2346,38.55,93,91,47734
1.8573,0.2346,38.58,93,91,47737
1.9159,0.2542,38.40,93,91,47740
1.8915,0.2395,38.40,93,91,47744
1.8817,0.2346,38.49,93,91,47748
1.8866,0.2346,38.55,93,91,47751
1.8719,0.2346,38.55,93,91,47754
1.9110,0.2737,38.40,93,91,47757
1.8573,0.2395,38.68,93,91,47761
1.8328,0.2346,38.49,93,91,47764
1.8182,0.2346,38.58,93,91,47767
1.8133,0.2297,38.68,93,91,47770
1.8671,0.2493,38.40,93,91,47774
1.8182,0.2346,38.52,93,91,47777
1.8280,0.2297,38.55,93,91,47780
1.8280,0.2346,38.52,93,91,47783
1.8231,0.2297,38.58,93,91,47788
1.8719,0.2542,38.36,93,91,47791
1.8280,0.2444,38.49,93,91,47794
1.8133,0.2297,38.55,93,91,47797
1.8133,0.2346,38.58,93,91,47801
1.8084,0.2346,38.55,93,91,47804
1.8524,0.2444,38.36,93,91,47807
1.8035,0.2444,38.43,93,91,47810
1.7986,0.2297,38.43,93,91,47814
1.8182,0.2297,38.55,93,91,47817
1.8377,0.2395,38.55,93,91,47820
1.8866,0.2493,38.36,93,91,47823
1.8035,0.2346,38.52,93,91,47827
1.7742,0.2297,38.52,93,91,47831
1.7937,0.2346,38.49,93,91,47834
1.7595,0.2346,38.55,93,91,47837
1.8084,0.2493,38.36,93,91,47841
1.7693,0.2395,38.49,93,91,47844
1.7498,0.2346,38.52,93,91,47847
1.7400,0.2346,38.55,93,91,47850
1.7400,0.2297,38.77,93,91,47854
1.8035,0.2542,38.36,93,91,47857
1.7840,0.2395,38.46,93,91,47860
1.7840,0.2297,38.52,93,91,47863
1.7889,0.2297,38.55,93,91,47867
1.8231,0.2346,38.58,93,91,47870
1.8475,0.2493,38.33,93,91,47874
1.8035,0.2346,38.58,93,91,47877
1.8035,0.2297,38.49,93,91,47881
1.8231,0.2395,38.55,93,91,47884
1.8280,0.2395,38.55,93,91,47887
1.8915,0.2493,38.33,93,91,47890
1.8524,0.2395,38.52,93,91,47894
1.8426,0.2346,38.52,93,91,47897
1.8475,0.2444,38.55,93,91,47900
1.8426,0.2297,38.46,93,91,47903
1.8915,0.2493,38.33,93,91,47907
1.8426,0.2395,38.46,93,91,47910
1.8182,0.2297,38.52,93,91,47913
1.8280,0.2395,38.52,93,91,47917
1.8280,0.2297,38.58,93,91,47921
1.8915,0.2542,38.33,93,91,47924
1.8475,0.2346,38.55,93,91,47927
1.8524,0.2297,37.83,93,91,47930
1.8573,0.2346,38.58,93,91,47934
1.8524,0.2346,38.58,93,91,47937
1.9110,0.2590,38.33,93,91,47940
1.8817,0.2395,38.49,93,91,47943
1.8768,0.2346,38.55,93,91,47947
1.8817,0.2346,38.55,93,91,47950
1.8964,0.2444,38.55,93,91,47953
1.9648,0.2493,38.36,93,91,47956
1.9501,0.2346,38.43,93,91,47961
1.9550,0.2297,38.55,93,91,47964
2.0039,0.2346,38.52,93,91,47967
1.9697,0.2346,38.55,93,91,47970
2.0186,0.2493,38.33,93,91,47974
1.9355,0.2346,38.49,93,91,47977
1.9306,0.2297,38.52,93,91,47980
1.9062,0.2395,38.55,93,91,47983
1.8671,0.2297,38.55,93,91,47987
1.8915,0.2493,38.30,93,91,47990
1.8231,0.2688,38.43,93,91,47993
1.7889,0.2297,38.58,93,91,47996
1.7840,0.2395,38.52,93,91,48001
1.7644,0.2346,38.58,93,91,48004
1.8182,0.2786,38.30,93,91,48007
1.7742,0.2346,38.46,93,91,48010
1.7644,0.2297,38.55,93,91,48014
1.7644,0.2395,38.55,93,91,48017
1.7546,0.2297,38.68,93,91,48020
1.7986,0.2493,38.27,93,91,48023
1.7498,0.2297,38.52,93,91,48027
1.7302,0.2248,38.55,93,91,48030
1.7302,0.2346,38.62,93,91,48033
1.7204,0.2297,38.58,93,91,48036
1.7791,0.2542,38.30,93,91,48040
1.7351,0.2395,38.65,93,91,48044
1.7253,0.2297,38.58,93,91,48047
1.7351,0.2297,38.52,93,91,48050
1.7302,0.2346,38.55,93,91,48054
1.7986,0.2493,38.27,93,91,48057
1.7840,0.2346,38.40,93,91,48060
1.8084,0.2346,38.55,93,91,48063
1.8377,0.2346,38.52,93,91,48067
1.8719,0.2346,38.58,93,91,48070
1.9844,0.2444,38.27,93,91,48073
2.0088,0.2346,38.52,93,91,48076
2.1359,0.2297,38.58,93,91,48080
2.3118,0.2297,38.52,93,91,48083
2.5122,0.2346,38.55,93,91,48087
2.8201,0.2444,38.27,93,91,48090
3.0205,0.2395,38.46,93,91,48094
3.2160,0.2346,38.58,93,91,48097
3.2747,0.2639,38.52,93,91,48100
3.1818,0.2297,38.62,93,91,48103
3.0254,0.2395,38.27,93,91,48107
2.6784,0.2346,38.43,93,91,48110
2.3314,0.2297,38.58,93,91,48113
2.0821,0.2297,38.55,93,91,48116
1.8671,0.2395,38.55,93,91,48120
1.7546,0.2444,38.33,93,91,48123
1.5885,0.2297,38.62,93,91,48126
1.5054,0.2297,38.62,93,91,48130
1.4418,0.2346,38.55,93,91,48134
1.3832,0.2395,38.55,93,91,48137
1.3881,0.2444,38.27,93,91,48140
1.3392,0.2395,38.49,93,91,48143
1.3050,0.2346,38.62,93,91,48147
1.3490,0.2297,38.55,93,91,48150
1.3148,0.2297,38.68,93,91,48153
1.3832,0.2395,38.30,93,91,48156
1.3881,0.2346,38.49,93,91,48160
1.4125,0.2297,37.83,93,91,48163
1.4467,0.2297,38.55,93,91,48166
1.4614,0.2346,38.55,93,91,48169
1.5152,0.2444,38.24,93,91,48174
1.4907,0.2297,38.71,93,91,48177
1.5103,0.2346,38.55,93,91,48180
1.5347,0.2444,38.52,93,91,48183
1.5445,0.2395,38.58,93,91,48187
1.6031,0.2444,38.30,93,91,48190
1.6031,0.2395,38.49,93,91,48193
1.5982,0.2444,38.58,93,91,48196
1.6178,0.2444,38.52,93,91,48200
1.6031,0.2346,38.55,93,91,48203
1.6813,0.2395,38.33,93,91,48206
1.6325,0.2346,38.55,93,91,48209
1.6422,0.2297,38.65,93,91,48214
1.6618,0.2297,38.52,93,91,48217
1.7009,0.2346,38.55,93,91,48220
1.7155,0.2444,38.30,93,91,48223
1.6813,0.2346,38.55,93,91,48227
1.6862,0.2297,38.55,93,91,48230
1.7009,0.2444,38.52,93,91,48233
1.6764,0.2248,38.62,93,91,48236
1.7204,0.2444,38.30,93,91,48240
1.7058,0.2346,38.46,93,91,48243
1.6911,0.2297,38.55,93,91,48246
1.7107,0.2395,38.52,93,91,48249
1.6960,0.2297,38.58,93,91,48253
1.7400,0.2444,38.30,93,91,48257
1.7155,0.2346,38.55,93,91,48260
1.7253,0.2297,38.58,93,91,48263
1.7400,0.2444,38.55,93,91,48267
1.7400,0.2346,38.55,93,91,48270
1.7742,0.2346,38.33,93,91,48273
1.7644,0.2346,38.55,93,91,48276
1.7498,0.2297,38.62,93,91,48280
1.7693,0.2395,38.62,93,91,48283
1.7693,0.2346,38.62,93,91,48286
1.8524,0.2444,38.33,93,91,48289
1.8133,0.2395,38.49,93,91,48293
1.8035,0.2297,38.68,93,91,48296
1.8133,0.2444,38.49,93,91,48300
1.7693,0.2346,38.58,93,91,48303
1.7889,0.2493,38.30,93,91,48307
1.7498,0.2346,38.49,93,91,48310
1.7400,0.2346,38.58,93,91,48313
1.7449,0.2688,38.52,93,91,48316
1.7498,0.2297,38.71,93,91,48320
1.7889,0.2395,38.33,93,91,48323
1.7595,0.2346,38.55,93,91,48326
1.7742,0.2590,38.55,93,91,48329
1.7889,0.2395,38.52,93,91,48333
1.7840,0.2346,38.52,93,91,48337
1.7889,0.2297,38.58,93,91,48340
1.8573,0.2493,38.27,93,91,48345
1.8280,0.2346,38.49,93,91,48348
1.8328,0.2346,38.62,93,91,48351
1.8573,0.2346,38.55,93,91,48354
1.8671,0.2346,38.58,93,91,48358
1.9355,0.2981,38.27,93,91,48361
1.8964,0.2346,38.58,93,91,48364
1.9013,0.2297,38.58,93,91,48367
1.8964,0.2395,38.52,93,91,48371
1.8915,0.2346,38.55,93,91,48374
1.9404,0.2444,38.49,93,91,48377
1.8964,0.2395,38.49,93,91,48380
1.8817,0.2395,38.68,93,91,48385
1.8866,0.2444,38.55,93,91,48388
1.8768,0.2297,38.55,93,91,48391
1.9550,0.2395,38.27,93,91,48394
1.8768,0.2297,38.49,93,91,48398
1.8622,0.2297,38.58,93,91,48401
1.8622,0.2346,38.55,93,91,48404
1.8622,0.2395,38.55,93,91,48407
1.9110,0.2444,38.24,93,91,48411
1.8573,0.2346,38.46,93,91,48414
1.8524,0.2297,38.58,93,91,48417
1.8671,0.2395,38.55,93,91,48420
1.8524,0.2346,38.55,93,91,48424
1.9208,0.2444,38.30,93,91,48428
1.9110,0.2395,38.46,93,91,48431
1.9110,0.2297,38.52,93,91,48434
1.9159,0.2395,38.74,93,91,48438
1.8768,0.2346,38.55,93,91,48441
1.8866,0.2444,38.27,93,91,48444
1.8133,0.2444,38.46,93,91,48447
1.7937,0.2346,38.49,93,91,48451
1.7742,0.2346,38.62,93,91,48454
1.7644,0.2346,38.55,93,91,48457
1.8035,0.2688,38.24,93,91,48460
1.7595,0.2297,38.58,93,91,48464
1.7742,0.2297,38.58,93,91,48467
1.8035,0.2395,38.58,93,91,48471
1.7937,0.2395,38.55,93,91,48474
1.8475,0.2444,38.40,93,91,48478
1.8231,0.2395,38.46,93,91,48481
1.8035,0.2395,38.55,93,91,48484
1.8084,0.2395,38.49,93,91,48487
1.7937,0.2346,38.55,93,91,48491
1.8426,0.2444,38.30,93,91,48494
1.8035,0.2346,38.52,93,91,48497
1.7840,0.2297,38.52,93,91,48500
1.8182,0.2395,38.52,93,91,48504
1.7840,0.2346,38.58,93,91,48507
1.8231,0.2444,38.30,93,91,48510
1.7937,0.2346,38.55,93,91,48514
1.8133,0.2688,38.55,93,91,48518
1.8426,0.2395,38.58,93,91,48521
1.8280,0.2346,38.55,93,91,48524
1.8768,0.2297,38.27,93,91,48527
1.8622,0.2395,38.46,93,91,48531
1.8475,0.2297,38.65,93,91,48534
1.8671,0.2444,38.77,93,91,48537
1.8475,0.2297,38.55,93,91,48540
1.8964,0.2395,38.33,93,91,48544
1.8719,0.2590,38.49,93,91,48547
1.8671,0.2346,38.58,93,91,48550
1.8719,0.2346,38.55,93,91,48553
1.8671,0.2346,38.55,93,91,48558
1.9110,0.2444,38.30,93,91,48561
1.8622,0.2346,38.55,93,91,48564
1.8719,0.2395,38.58,93,91,48567
1.8866,0.2395,38.68,93,91,48571
1.8719,0.2346,38.68,93,91,48574
1.9355,0.2395,38.30,93,91,48577
1.9208,0.2444,38.46,93,91,48580
1.9257,0.2297,38.58,93,91,48584
1.9648,0.2444,38.49,93,91,48587
1.9892,0.2346,38.58,93,91,48590
2.0430,0.2542,38.30,93,91,48593
2.0283,0.2395,38.36,93,91,48598
2.0332,0.2346,38.58,93,91,48601
2.0186,0.2395,38.55,93,91,48604
1.9746,0.2346,38.55,93,91,48607
1.9795,0.2346,38.33,93,91,48611
1.9110,0.2346,38.55,93,91,48614
1.8671,0.2346,38.58,93,91,48617
1.8671,0.2395,38.49,93,91,48620
1.8182,0.2346,38.55,93,91,48624
1.8622,0.2737,38.30,93,91,48627
1.8328,0.2395,38.52,93,91,48630
1.8133,0.2346,38.58,93,91,48633
1.8280,0.2395,38.49,93,91,48637
1.7937,0.2297,38.55,93,91,48641
1.8231,0.2395,38.36,93,91,48644
1.7840,0.2297,38.52,93,91,48647
1.7791,0.2297,38.55,93,91,48651
1.7889,0.2395,38.46,93,91,48654
1.7791,0.2346,38.58,93,91,48657
1.8084,0.2737,38.33,93,91,48660
1.7742,0.2346,38.58,93,91,48664
1.7742,0.2297,38.65,93,91,48667
1.8084,0.2444,38.49,93,91,48670
1.7937,0.2444,38.58,93,91,48673
1.8328,0.2395,38.52,93,91,48677
1.8084,0.2297,38.46,93,91,48680
1.7986,0.2395,38.55,93,91,48684
1.8231,0.2444,38.43,93,91,48687
1.8084,0.2346,38.58,93,91,48691
1.8719,0.2395,38.36,93,91,48694
1.8328,0.2248,38.49,93,91,48697
1.8426,0.2297,38.62,93,91,48700
1.8719,0.2395,38.52,93,91,48704
1.9110,0.2346,38.55,93,91,48707
1.9990,0.2493,38.33,93,91,48710
2.0479,0.2346,38.58,93,91,48713
2.1750,0.2297,38.55,93,91,48717
2.3412,0.2444,38.46,93,91,48720
2.5122,0.2444,38.55,93,91,48723
2.7908,0.2395,38.71,93,91,48727
3.0108,0.2346,38.46,93,91,48731
3.1965,0.2346,38.52,93,91,48734
3.3284,0.2395,38.43,93,91,48737
3.2405,0.2297,38.58,93,91,48740
3.0841,0.2688,38.40,93,91,48744
2.7517,0.2297,38.52,93,91,48747
2.4780,0.2346,38.55,93,91,48750
2.1896,0.2493,38.46,93,91,48753
1.9404,0.2297,38.55,93,91,48756
1.7693,0.2542,38.40,93,91,48760
1.5982,0.2590,38.55,93,91,48763
1.4956,0.2346,38.55,93,91,48766
1.4467,0.2395,38.46,93,91,48770
1.3832,0.2346,38.55,93,91,48774
1.3685,0.2346,38.58,93,91,48777
1.3441,0.2346,38.52,93,91,48780
1.3539,0.2395,38.55,93,91,48783
1.4027,0.2493,38.40,93,91,48787
1.4223,0.2297,38.55,93,91,48790
1.4858,0.2346,38.43,93,91,48793
1.4516,0.2444,38.55,93,91,48796
1.4614,0.2346,38.68,93,91,48800
1.4809,0.2346,38.52,93,91,48803
1.4858,0.2248,38.62,93,91,48806
1.5298,0.2346,38.43,93,91,48809
1.5249,0.2346,38.58,93,91,48814
1.5396,0.2395,38.58,93,91,48817
1.5836,0.2444,38.46,93,91,48820
1.5787,0.2346,38.36,93,91,48823
1.6227,0.2346,38.46,93,91,48827
1.6129,0.2346,38.55,93,91,48830
1.6276,0.2346,38.68,93,91,48833
1.6422,0.2395,38.58,93,91,48836
1.6325,0.2346,38.58,93,91,48840
1.6618,0.2737,38.43,93,91,48843
1.6373,0.2346,38.58,93,91,48846
1.6471,0.2346,38.58,93,91,48849
1.6911,0.2346,38.49,93,91,48854
1.6667,0.2346,38.55,93,91,48857
1.6960,0.2395,38.46,93,91,48860
1.6618,0.2346,38.58,93,91,48863
1.6667,0.2297,38.55,93,91,48867
1.6911,0.2444,38.46,93,91,48870
1.6716,0.2346,38.55,93,91,48873
1.7155,0.2444,38.43,93,91,48876
1.6862,0.2248,38.52,93,91,48880
1.6960,0.2297,38.58,93,91,48883
1.7204,0.2297,38.46,93,91,48886
1.7009,0.2493,38.55,93,91,48889
1.7351,0.2395,38.46,93,91,48893
1.7204,0.2346,38.58,93,91,48897
1.7351,0.2248,38.58,93,91,48900
1.7595,0.2395,38.58,93,91,48903
1.7595,0.2346,38.55,93,91,48907
1.7889,0.2444,38.46,93,91,48910
1.7644,0.2346,38.62,93,91,48913
1.7742,0.2297,38.52,93,91,48916
1.8035,0.2444,38.46,93,91,48920
1.7693,0.2346,38.58,93,91,48923
1.7889,0.2835,38.46,93,91,48926
1.7693,0.2346,38.84,93,91,48929
1.7742,0.2346,38.58,93,91,48933
1.7889,0.2395,38.46,93,91,48936
1.7449,0.2444,38.55,93,91,48940
1.7546,0.2444,38.84,93,91,48943
1.7204,0.2297,38.58,93,91,48947
1.7498,0.2346,38.58,93,91,48951
1.7644,0.2346,38.55,93,91,48955
1.7791,0.2395,38.46,93,91,48958
1.7644,0.2346,38.62,93,91,48961
1.7986,0.2395,38.33,93,91,48964
1.7889,0.2346,38.46,93,91,48968
1.7889,0.2346,38.77,93,91,48971
1.8182,0.2395,38.46,93,91,48974
1.8035,0.2297,38.58,93,91,48977
1.8426,0.2395,38.40,93,91,48982
1.8231,0.2346,38.55,93,91,48985
1.8328,0.2297,38.58,93,91,48988
1.8475,0.2395,38.49,93,91,48991
1.8524,0.2395,38.55,93,91,48995
1.8915,0.2346,38.43,93,91,48998
1.8719,0.2346,38.55,93,91,49001
1.8817,0.2346,38.55,93,91,49004
1.9013,0.2395,38.46,93,91,49008
1.8866,0.2346,38.55,93,91,49011
1.9208,0.2346,38.40,93,91,49014
1.9159,0.2346,38.49,93,91,49017
1.9110,0.2639,38.58,93,91,49021
1.9306,0.2395,38.46,93,91,49025
1.9110,0.2346,38.55,93,91,49028
1.9355,0.2395,38.43,93,91,49031
1.9062,0.2346,38.58,93,91,49035
1.9159,0.2297,38.58,93,91,49038
1.9355,0.2346,38.52,93,91,49041
1.9110,0.2395,38.62,93,91,49044
1.9208,0.2346,38.40,93,91,49048
1.8817,0.2297,38.55,93,91,49051
1.8817,0.2297,38.58,93,91,49054
1.9062,0.2395,38.40,93,91,49057
1.8817,0.2346,38.55,93,91,49061
1.9208,0.2346,38.40,93,91,49064
1.8671,0.2346,38.46,93,91,49068
1.8426,0.2346,38.58,93,91,49071
1.8377,0.2395,38.43,93,91,49075
1.8035,0.2346,38.55,93,91,49078
1.8328,0.2346,38.40,93,91,49081
1.7986,0.2346,38.52,93,91,49084
1.7986,0.2297,38.58,93,91,49088
1.8084,0.2346,38.49,93,91,49091
1.8084,0.2346,38.55,93,91,49094
1.8328,0.2346,38.43,93,91,49097
1.8133,0.2395,38.55,93,91,49100
1.7986,0.2297,38.77,93,91,49104
1.8182,0.2444,38.43,93,91,49107
1.7840,0.2346,38.55,93,91,49111
1.8035,0.2493,38.40,93,91,49114
1.7693,0.2297,38.52,93,91,49118
1.7693,0.2346,38.55,93,91,49121
1.7840,0.2346,38.43,93,91,49124
1.7742,0.2346,38.62,93,91,49127
1.8133,0.2346,38.43,93,91,49131
1.7986,0.2346,38.55,93,91,49134
1.8182,0.2346,38.62,93,91,49137
1.8328,0.2395,38.58,93,91,49140
1.8377,0.2346,38.49,93,91,49144
1.8719,0.2590,38.49,93,91,49147
1.8426,0.2346,38.55,93,91,49150
1.8426,0.2346,38.55,93,91,49154
1.8622,0.2444,38.43,93,91,49158
1.8377,0.2346,38.55,93,91,49161
1.8719,0.2346,38.46,93,91,49164
1.8475,0.2297,38.55,93,91,49167
1.8573,0.2346,38.55,93,91,49171
1.8915,0.2444,38.43,93,91,49174
1.8768,0.2346,38.52,93,91,49177
1.9110,0.2395,38.46,93,91,49180
1.8719,0.2395,38.55,93,91,49184
1.8622,0.2346,38.62,93,91,49187
1.8671,0.2395,38.52,93,91,49190
1.8719,0.2346,38.55,93,91,49193
1.8915,0.2346,38.49,93,91,49198
1.8719,0.2395,38.55,93,91,49201
1.8866,0.2346,38.62,93,91,49204
1.9355,0.2444,38.43,93,91,49207
1.9208,0.2346,38.55,93,91,49211
1.9795,0.2444,38.46,93,91,49214
1.9844,0.2346,38.55,93,91,49217
2.0235,0.2346,38.55,93,91,49220
2.0430,0.2639,38.49,93,91,49224
2.0186,0.2346,38.55,93,91,49227
2.0381,0.2688,38.46,93,91,49230
1.9892,0.2346,38.58,93,91,49233
1.9697,0.2346,38.62,93,91,49238
1.9453,0.2395,38.49,93,91,49241
1.8964,0.2444,38.52,93,91,49244
1.8817,0.2444,38.43,93,91,49247
1.8133,0.2346,38.58,93,91,49251
1.7986,0.2346,38.62,93,91,49254
1.8182,0.2493,38.43,93,91,49257
1.7937,0.2395,38.55,93,91,49260
1.8133,0.2444,38.46,93,91,49264
1.8035,0.2346,38.58,93,91,49267
1.8084,0.2346,38.65,93,91,49270
1.8377,0.2444,38.33,93,91,49273
1.8280,0.2346,38.55,93,91,49277
1.8524,0.2346,38.43,93,91,49281
1.8280,0.2346,38.58,93,91,49284
1.8231,0.2346,38.58,93,91,49287
1.8475,0.2346,38.49,93,91,49291
1.8084,0.2346,38.58,93,91,49294
1.8377,0.2395,38.43,93,91,49297
1.8133,0.2346,38.55,93,91,49300
1.8084,0.2395,38.55,93,91,49304
1.8328,0.2444,38.36,93,91,49307
1.7937,0.2346,38.52,93,91,49310
1.8182,0.2395,38.43,93,91,49313
1.7840,0.2346,38.55,93,91,49317
1.7840,0.2346,38.68,93,91,49320
1.8084,0.2395,38.46,93,91,49324
1.7889,0.2395,38.55,93,91,49327
1.8231,0.2395,38.77,93,91,49331
1.8280,0.2297,38.55,93,91,49334
1.8524,0.2297,38.58,93,91,49337
1.9013,0.2395,38.49,93,91,49340
1.9306,0.2346,38.52,93,91,49344
2.0186,0.2395,38.43,93,91,49347
2.0968,0.2346,38.55,93,91,49350
2.2434,0.2444,38.58,93,91,49353
2.4731,0.2444,38.68,93,91,49357
2.6833,0.2395,38.55,93,91,49360
2.9912,0.2444,38.43,93,91,49363
3.1720,0.2444,38.58,93,91,49367
3.3236,0.2297,38.58,93,91,49371
3.3578,0.2395,38.40,93,91,49374
3.1427,0.2395,38.58,93,91,49377
2.8935,0.2297,38.43,93,91,49380
2.5562,0.2346,38.58,93,91,49384
2.2727,0.2395,38.58,93,91,49387
2.0528,0.2444,38.58,93,91,49390
1.8280,0.2346,38.55,93,91,49393
1.6764,0.2395,38.43,93,91,49397
1.5298,0.2395,38.62,93,91,49400
1.4418,0.2346,38.58,93,91,49403
1.4076,0.2444,38.40,93,91,49406
1.3490,0.2395,38.55,93,91,49411
1.3392,0.2346,38.46,93,91,49414
1.3245,0.2346,38.58,93,91,49417
1.3734,0.2346,38.55,93,91,49420
1.4125,0.2395,38.43,93,91,49424
1.4272,0.2688,38.55,93,91,49427
1.4712,0.2346,38.02,93,91,49430
1.4761,0.2346,38.58,93,91,49433
1.4956,0.2297,38.58,93,91,49437
1.5396,0.2444,38.49,93,91,49440
1.5445,0.2395,38.58,93,91,49443
1.5640,0.2346,38.43,93,91,49446
1.5689,0.2297,38.55,93,91,49451
1.5787,0.2346,38.55,93,91,49454
1.6178,0.2444,38.40,93,91,49457
1.6080,0.2395,38.52,93,91,49460
1.6325,0.2346,38.46,93,91,49464
1.6129,0.2346,38.55,93,91,49467
1.6178,0.2346,38.58,93,91,49470
1.6618,0.2444,38.43,93,91,49473
1.6569,0.2346,38.55,93,91,49477
1.6862,0.2346,38.43,93,91,49480
1.6716,0.2590,38.55,93,91,49483
1.6716,0.2346,38.62,93,91,49486
1.6862,0.2444,38.49,93,91,49490
1.6716,0.2395,38.55,93,91,49494
1.6862,0.2835,38.43,93,91,49497
1.6764,0.2444,38.55,93,91,49500
1.6813,0.2297,38.55,93,91,49504
1.7107,0.2297,38.40,93,91,49507
1.6813,0.2395,38.55,93,91,49510
1.7155,0.2346,38.49,93,91,49513
1.7155,0.2346,38.58,93,91,49517
1.7253,0.2346,38.55,93,91,49520
1.7840,0.2493,38.43,93,91,49523
1.7253,0.2395,38.58,93,91,49526
1.7449,0.2346,38.46,93,91,49530
1.7253,0.2346,38.55,93,91,49533
1.7302,0.2346,38.55,93,91,49537
1.7937,0.2444,38.49,93,91,49540
1.8182,0.2346,38.55,93,91,49544
1.8280,0.2297,38.43,93,91,49547
1.7937,0.2444,38.55,93,91,49550
1.7742,0.2346,38.62,93,91,49553
1.7791,0.2444,38.40,93,91,49557
1.7253,0.2395,38.40,93,91,49561
1.7204,0.2346,38.58,93,91,49565
1.7546,0.2737,38.43,93,91,49568
1.7302,0.2346,38.62,93,91,49571
1.7400,0.2346,38.55,93,91,49574
1.7498,0.2395,38.49,93,91,49579
1.7546,0.2346,38.55,93,91,49582
1.7986,0.2444,38.46,93,91,49585
1.7791,0.2346,38.55,93,91,49588
1.7840,0.2346,38.58,93,91,49592
1.8280,0.2444,38.33,93,91,49595
1.7937,0.2346,38.62,93,91,49598
1.7986,0.2444,38.46,93,91,49601
1.7693,0.2444,38.62,93,91,49605
1.7840,0.2297,38.62,93,91,49608
1.8231,0.2395,38.46,93,91,49611
1.8377,0.2395,38.58,93,91,49614
1.8573,0.2444,38.46,93,91,49618
1.8328,0.2346,38.58,93,91,49622
1.8426,0.2346,38.55,93,91,49625
1.8622,0.2639,38.52,93,91,49628
1.8671,0.2346,38.49,93,91,49632
1.8915,0.2444,38.46,93,91,49635
1.8719,0.2297,38.58,93,91,49638
1.8915,0.2346,38.55,93,91,49641
1.9306,0.2444,38.46,93,91,49645
1.8866,0.2346,38.62,93,91,49648
1.9159,0.2444,38.46,93,91,49651
1.8719,0.2395,38.62,93,91,49654
1.8719,0.2346,38.49,93,91,49658
1.8915,0.2444,38.68,93,91,49661
1.8622,0.2346,38.55,93,91,49665
1.9013,0.2444,38.43,93,91,49668
1.8719,0.2346,38.77,93,91,49672
1.8573,0.2346,38.55,93,91,49675
1.8573,0.2395,38.49,93,91,49678
1.8671,0.2297,38.55,93,91,49681
1.8915,0.2444,38.33,93,91,49685
1.8817,0.2346,38.65,93,91,49688
1.9062,0.2346,38.55,93,91,49691
1.9355,0.2395,38.43,93,91,49694
1.8915,0.2395,38.55,93,91,49698
1.9013,0.2444,38.58,93,91,49701
1.8622,0.2346,38.58,93,91,49704
1.8719,0.2346,38.55,93,91,49708
1.8426,0.2542,38.46,93,91,49712
1.7937,0.2346,37.87,93,91,49715
1.8035,0.2297,38.43,93,91,49718
1.7742,0.2395,38.58,93,91,49721
1.7840,0.2346,38.55,93,91,49725
1.8084,0.2395,37.80,93,91,49728
1.7986,0.2346,38.55,93,91,49731
1.8084,0.2590,38.40,93,91,49734
1.7840,0.2346,38.55,93,91,49738
1.7986,0.2346,38.58,93,91,49741
1.8280,0.2444,38.43,93,91,49744
1.7889,0.2346,38.55,93,91,49747
1.7889,0.2395,38.46,93,91,49752
1.7595,0.2346,38.55,93,91,49755
1.7693,0.2346,38.58,93,91,49758
1.8182,0.2444,38.46,93,91,49761
1.8182,0.2395,38.58,93,91,49765
1.8475,0.2346,38.40,93,91,49768
1.8280,0.2639,38.49,93,91,49771
1.8377,0.2346,38.52,93,91,49774
1.8719,0.2395,38.52,93,91,49778
1.8671,0.2346,38.55,93,91,49781
1.8622,0.2395,38.40,93,91,49784
1.8084,0.2346,38.65,93,91,49787
1.8084,0.2297,38.55,93,91,49792
1.8573,0.2493,38.40,93,91,49795
1.8524,0.2395,38.52,93,91,49798
1.8719,0.2346,38.43,93,91,49801
1.8524,0.2346,38.58,93,91,49805
1.8426,0.2346,38.55,93,91,49808
1.8671,0.2542,38.46,93,91,49811
1.8524,0.2346,38.65,93,91,49814
1.8964,0.2395,38.43,93,91,49818
1.8622,0.2297,38.55,93,91,49821
1.8524,0.2542,38.55,93,91,49824
1.8817,0.2444,38.71,93,91,49827
1.8817,0.2395,38.55,93,91,49831
1.8964,0.2346,38.43,93,91,49835
1.8866,0.2395,38.55,93,91,49838
1.8768,0.2346,38.58,93,91,49841
1.9306,0.2444,38.40,93,91,49845
1.9110,0.2297,38.55,93,91,49848
1.9453,0.2444,38.43,93,91,49851
1.9501,0.2346,38.58,93,91,49854
1.9697,0.2297,38.55,93,91,49858
2.0137,0.2444,38.43,93,91,49861
1.9892,0.2688,38.52,93,91,49864
2.0137,0.2395,38.43,93,91,49867
1.9941,0.2346,38.58,93,91,49871
1.9599,0.2395,38.55,93,91,49874
1.9306,0.2444,38.40,93,91,49878
1.8768,0.2395,38.55,93,91,49881
1.8671,0.2639,38.40,93,91,49885
1.8280,0.2346,38.55,93,91,49888
1.8035,0.2297,38.62,93,91,49891
1.8182,0.2444,38.40,93,91,49894
1.8035,0.2395,38.52,93,91,49898
1.8182,0.2395,38.49,93,91,49901
1.8133,0.2346,38.58,93,91,49904
1.8231,0.2346,38.58,93,91,49907
1.8328,0.2639,38.43,93,91,49911
1.7742,0.2346,38.52,93,91,49914
1.7693,0.2346,38.46,93,91,49917
1.7498,0.2346,38.58,93,91,49921
1.7693,0.2346,38.55,93,91,49925
1.7937,0.2444,38.46,93,91,49928
1.7791,0.2395,38.55,93,91,49931
1.8133,0.2346,38.43,93,91,49934
1.7937,0.2444,38.55,93,91,49938
1.7889,0.2346,38.58,93,91,49941
1.8231,0.2444,38.40,93,91,49944
1.8084,0.2395,38.58,93,91,49947
1.8231,0.2444,38.46,93,91,49951
1.8035,0.2346,38.74,93,91,49954
1.8084,0.2346,38.58,93,91,49957
1.8475,0.2395,38.43,93,91,49960
1.8475,0.2395,38.77,93,91,49965
1.8817,0.2346,38.46,93,91,49968
1.9110,0.2346,38.55,93,91,49971
1.9404,0.2346,38.58,93,91,49974
2.1017,0.2444,38.49,93,91,49978
2.2678,0.2395,38.55,93,91,49981
2.4780,0.2346,38.49,93,91,49984
2.7028,0.2346,38.65,93,91,49987
2.9570,0.2297,38.58,93,91,49991
3.2551,0.2542,38.40,93,91,49994
3.3724,0.2395,38.49,93,91,49997
3.4066,0.2297,38.46,93,91,50000
3.2405,0.2444,38.55,93,91,50004
2.9228,0.2346,38.55,93,91,50008
2.6442,0.2444,38.43,93,91,50011
2.2972,0.2297,38.55,93,91,50014
2.0479,0.2346,38.46,93,91,50018
1.8133,0.2346,38.58,93,91,50021
1.6373,0.2346,38.77,93,91,50024
1.5445,0.2493,38.46,93,91,50027
1.4272,0.2395,38.52,93,91,50031
1.3832,0.2444,38.46,93,91,50034
1.3441,0.2590,38.55,93,91,50037
1.3343,0.2346,38.55,93,91,50040
1.3783,0.2444,38.40,93,91,50044
1.3881,0.2444,38.52,93,91,50048
1.3881,0.2346,38.43,93,91,50051
1.3881,0.2346,38.62,93,91,50054
1.3930,0.2297,38.55,93,91,50058
1.4565,0.2395,38.43,93,91,50061
1.4516,0.2639,38.55,93,91,50064
1.4907,0.2346,38.52,93,91,50067
1.5054,0.2346,38.55,93,91,50071
1.5347,0.2346,38.58,93,91,50074
1.5738,0.2542,38.43,93,91,50077
1.5591,0.2395,38.65,93,91,50080
1.5689,0.2346,38.46,93,91,50084
1.6080,0.2346,38.55,93,91,50087
1.5982,0.2395,38.77,93,91,50091
1.6471,0.2444,38.40,93,91,50094
1.6373,0.2297,38.49,93,91,50098
1.6471,0.2346,38.43,93,91,50101
1.6373,0.2346,38.52,93,91,50104
1.6422,0.2297,38.55,93,91,50107
1.6813,0.2444,38.40,93,91,50111
1.6422,0.2493,38.52,93,91,50114
1.6520,0.2346,38.52,93,91,50117
1.6471,0.2346,38.55,93,91,50120
1.6520,0.2346,38.58,93,91,50124
1.7058,0.2542,38.49,93,91,50127
1.6862,0.2297,38.55,93,91,50130
1.6911,0.2395,38.49,93,91,50134
1.6960,0.2444,38.52,93,91,50138
1.6960,0.2346,38.62,93,91,50141
1.7351,0.2444,38.43,93,91,50144
1.7253,0.2395,38.52,93,91,50147
1.7204,0.2346,38.46,93,91,50151
1.7155,0.2346,38.55,93,91,50154
1.7302,0.2346,38.58,93,91,50157
1.8084,0.2542,38.40,93,91,50160
1.7889,0.2395,38.52,93,91,50164
1.7986,0.2297,38.49,93,91,50167
1.7889,0.2346,38.55,93,91,50170
1.7009,0.2639,38.52,93,91,50176
1.6911,0.2297,38.58,93,91,50179
1.7058,0.2395,38.43,93,91,50182
1.6862,0.2737,38.55,93,91,50185
1.7107,0.2395,38.43,93,91,50189
1.6911,0.2297,38.55,93,91,50192
1.7155,0.2346,38.55,93,91,50195
1.7546,0.2590,38.43,93,91,50198
1.7449,0.2395,38.55,93,91,50202
1.7791,0.2346,38.43,93,91,50205
1.7546,0.2786,38.58,93,91,50208
1.7498,0.2346,38.65,93,91,50211
1.7644,0.2444,38.52,93,91,50215
1.7351,0.2444,38.55,93,91,50219
1.7498,0.2395,38.46,93,91,50222
1.7302,0.2346,38.58,93,91,50225
1.7400,0.2297,38.55,93,91,50229
1.7791,0.2688,38.36,93,91,50232
1.7546,0.2444,38.55,93,91,50235
1.7742,0.2395,38.43,93,91,50238
1.7595,0.2297,38.58,93,91,50242
1.7693,0.2444,38.62,93,91,50245
1.8084,0.2444,38.40,93,91,50248
1.7986,0.2297,38.55,93,91,50251
1.8328,0.2493,38.43,93,91,50255
1.8280,0.2346,38.58,93,91,50258
1.8475,0.2346,38.58,93,91,50262
1.8768,0.2395,38.49,93,91,50265
1.8622,0.2395,38.55,93,91,50269
1.8768,0.2395,38.43,93,91,50272
1.8622,0.2297,38.58,93,91,50275
1.8573,0.2346,38.58,93,91,50278
1.8866,0.2493,38.36,93,91,50282
1.8622,0.2639,38.52,93,91,50285
1.8768,0.2395,38.46,93,91,50288
1.8524,0.2346,38.55,93,91,50291
1.8475,0.2346,38.55,93,91,50295
1.8671,0.2444,38.62,93,91,50298
1.8328,0.2395,38.55,93,91,50301
1.8866,0.2444,38.43,93,91,50305
1.8524,0.2639,38.55,93,91,50309
1.8719,0.2444,38.55,93,91,50312
1.9062,0.2444,37.74,93,91,50315
1.8719,0.2395,38.55,93,91,50318
1.8573,0.2346,38.43,93,91,50322
1.8084,0.2444,38.55,93,91,50325
1.7840,0.2346,38.33,93,91,50328
1.7986,0.2444,38.36,93,91,50331
1.7595,0.2444,38.52,93,91,50335
1.7498,0.2395,38.40,93,91,50338
1.7204,0.2297,38.58,93,91,50341
1.7107,0.2297,38.55,93,91,50344
1.7351,0.2444,38.46,93,91,50349
1.7204,0.2346,38.62,93,91,50352
1.7498,0.2346,38.46,93,91,50355
1.7351,0.2493,38.62,93,91,50358
1.7302,0.2346,38.55,93,91,50362
1.7498,0.2444,38.49,93,91,50365
1.7204,0.2395,38.55,93,91,50368
1.7155,0.2346,38.46,93,91,50371
1.7058,0.2346,38.52,93,91,50375
1.7155,0.2346,38.58,93,91,50378
1.7595,0.2444,38.36,93,91,50381
1.7546,0.2346,38.52,93,91,50384
1.7742,0.2346,38.46,93,91,50388
1.7742,0.2346,38.58,93,91,50392
1.7742,0.2346,38.58,93,91,50395
1.8084,0.2493,38.43,93,91,50398
1.7840,0.2395,38.55,93,91,50402
1.8035,0.2542,38.46,93,91,50405
1.7986,0.2346,38.55,93,91,50408
1.7937,0.2346,38.58,93,91,50411
1.8231,0.2493,38.46,93,91,50415
1.7986,0.2493,38.49,93,91,50418
1.8133,0.2346,38.55,93,91,50421
1.8133,0.2346,38.55,93,91,50424
1.8182,0.2297,38.55,93,91,50428
1.8817,0.2395,38.33,93,91,50432
1.8280,0.2395,38.52,93,91,50435
1.8231,0.2346,38.46,93,91,50438
1.8133,0.2297,38.55,93,91,50442
1.8280,0.2346,38.58,93,91,50445
1.8719,0.2542,38.40,93,91,50448
1.8377,0.2395,38.55,93,91,50451
1.8573,0.2346,38.46,93,91,50455
1.8524,0.2297,38.52,93,91,50458
1.8622,0.2493,38.55,93,91,50461
1.9110,0.2493,38.46,93,91,50464
1.9159,0.2395,38.52,93,91,50468
1.9257,0.2346,38.46,93,91,50471
1.9306,0.2493,38.55,93,91,50475
1.9404,0.2346,38.65,93,91,50478
1.9795,0.2395,38.36,93,91,50482
1.9648,0.2395,38.49,93,91,50485
1.9550,0.2346,38.46,93,91,50488
1.9306,0.2346,38.58,93,91,50491
1.9159,0.2346,38.55,93,91,50495
1.9453,0.2688,38.40,93,91,50498
1.9013,0.2395,38.58,93,91,50501
1.8964,0.2346,38.46,93,91,50504
1.8719,0.2542,38.62,93,91,50508
1.8475,0.2297,38.49,93,91,50511
1.8622,0.2493,38.49,93,91,50514
1.8084,0.2395,38.49,93,91,50518
1.7840,0.2346,38.43,93,91,50522
1.7791,0.2395,38.55,93,91,50525
1.7840,0.2346,38.55,93,91,50528
1.8622,0.2542,38.36,93,91,50531
1.8964,0.2444,38.49,93,91,50535
1.9013,0.2346,38.52,93,91,50538
1.9404,0.2346,38.58,93,91,50541
1.9990,0.2346,38.55,93,91,50544
2.1065,0.2493,38.40,93,91,50548
2.1163,0.2297,38.55,93,91,50551
2.1750,0.2346,38.49,93,91,50554
2.2092,0.2395,38.62,93,91,50557
2.2581,0.2346,38.55,93,91,50562
2.3949,0.2493,38.43,93,91,50565
2.3851,0.2346,38.49,93,91,50568
2.4438,0.2346,38.49,93,91,50571
2.5415,0.2395,38.65,93,91,50575
2.6637,0.2346,38.55,93,91,50578
2.8739,0.2542,38.36,93,91,50581
2.8983,0.2444,38.55,93,91,50584
2.8250,0.2346,38.52,93,91,50588
2.6637,0.2346,38.55,93,91,50591
2.3949,0.2346,38.55,93,91,50594
2.0821,0.2493,38.62,93,91,50597
1.6031,0.2395,38.52,93,91,50601
1.1975,0.2542,38.52,93,91,50605
0.8700,0.2395,38.55,93,91,50608
0.6158,0.2346,38.58,93,91,50611
0.4545,0.2639,38.36,93,91,50615
0.3421,0.2395,38.49,93,91,50618
0.3470,0.2346,38.49,93,91,50621
0.4643,0.2542,38.52,93,91,50624
0.6452,0.2297,38.55,93,91,50628
0.9042,0.2639,38.30,93,91,50631
1.1193,0.2395,38.46,93,91,50634
1.3148,0.2297,38.52,93,91,50637
1.5054,0.2395,38.58,93,91,50641
1.5885,0.2346,38.49,93,91,50644
1.7253,0.2542,38.30,93,91,50648
1.7253,0.2346,38.49,93,91,50651
1.7595,0.2297,38.52,93,91,50655
1.7693,0.2395,38.46,93,91,50658
1.7595,0.2346,38.58,93,91,50661
1.8084,0.2542,38.30,93,91,50664
1.7742,0.2395,38.46,93,91,50668
1.7742,0.2297,38.58,93,91,50671
1.7791,0.2395,38.58,93,91,50674
1.7546,0.2346,38.55,93,91,50677
1.7840,0.2542,38.27,93,91,50681
1.7302,0.2395,37.68,93,91,50684
1.7107,0.2346,38.55,93,91,50688
1.7058,0.2346,38.62,93,91,50691
1.6960,0.2346,38.58,93,91,50695
1.7449,0.2444,38.24,93,91,50698
1.7009,0.2297,38.52,93,91,50701
1.7009,0.2346,38.58,93,91,50704
1.7009,0.2444,38.55,93,91,50707
1.6960,0.2297,38.55,93,91,50711
1.7400,0.2493,38.27,93,91,50714
1.7107,0.2444,38.49,93,91,50717
1.6960,0.2346,38.58,93,91,50720
1.7009,0.2395,38.58,93,91,50724
1.6911,0.2346,38.58,93,91,50727
1.7351,0.2444,38.30,93,91,50731
1.6911,0.2346,38.49,93,91,50734
1.6813,0.2346,38.58,93,91,50738
1.6764,0.2395,38.58,93,91,50741
1.6813,0.2346,38.68,93,91,50744
1.7253,0.2444,38.27,93,91,50747
1.6813,0.2297,38.52,93,91,50751
1.6911,0.2346,38.55,93,91,50754
1.7009,0.2395,38.52,93,91,50757
1.6911,0.2346,38.62,93,91,50760
1.7498,0.2444,38.30,93,91,50764
1.7253,0.2737,38.46,93,91,50767
1.7204,0.2346,38.58,93,91,50770
1.7400,0.2395,38.62,93,91,50774
1.7351,0.2395,38.58,93,91,50778
1.7889,0.2444,38.46,93,91,50781
1.9110,0.2493,38.43,93,91,50786
1.9159,0.2395,38.55,93,91,50789
1.9599,0.2297,38.49,93,91,50792
1.9795,0.2297,38.55,93,91,50795
1.9941,0.2297,38.55,93,91,50799
2.0577,0.2542,38.40,93,91,50802
2.0332,0.2395,38.40,93,91,50805
2.0430,0.2346,38.52,93,91,50808
2.0870,0.2346,38.55,93,91,50812
2.0626,0.2346,38.68,93,91,50816
2.1261,0.2542,38.40,93,91,50819
2.0919,0.2395,38.49,93,91,50822
2.0674,0.2346,38.52,93,91,50826
2.0821,0.2297,38.36,93,91,50829
2.0968,0.2395,38.58,93,91,50832
2.1799,0.2542,38.24,93,91,50835
2.1261,0.2297,38.52,93,91,50839
2.1457,0.2346,38.36,93,91,50842
2.0919,0.2395,38.55,93,91,50845
2.0626,0.2346,38.55,93,91,50848
2.1017,0.2493,38.33,93,91,50852
2.0479,0.2444,38.46,93,91,50855
2.0137,0.2297,38.62,93,91,50859
1.9892,0.2395,38.58,93,91,50862
1.9746,0.2346,38.55,93,91,50866
2.0039,0.3030,38.33,93,91,50869
1.9355,0.2395,38.43,93,91,50872
1.8915,0.2346,38.55,93,91,50875
1.8817,0.2395,38.55,93,91,50879
1.8524,0.2639,38.55,93,91,50882
1.8817,0.2493,38.36,93,91,50885
1.8084,0.2346,38.65,93,91,50888
1.7937,0.2346,38.52,93,91,50892
1.7791,0.2444,38.52,93,91,50895
1.7644,0.2444,38.62,93,91,50898
1.8084,0.2542,38.08,93,91,50902
1.7693,0.2395,38.46,93,91,50906
1.7498,0.2346,38.62,93,91,50909
1.7449,0.2395,38.52,93,91,50912
1.7351,0.2346,38.58,93,91,50915
1.7840,0.2493,38.30,93,91,50919
1.7302,0.2395,38.43,93,91,50922
1.7155,0.2297,38.58,93,91,50925
1.7204,0.2297,38.58,93,91,50928
1.7204,0.2444,38.55,93,91,50932
1.7742,0.2493,38.08,93,91,50935
1.7302,0.2346,38.52,93,91,50938
1.7400,0.2346,38.55,93,91,50941
1.7595,0.2395,38.52,93,91,50946
1.7644,0.2346,38.58,93,91,50949
1.8328,0.2542,38.27,93,91,50952
1.8231,0.2444,38.49,93,91,50955
1.8231,0.2297,38.58,93,91,50959
1.8328,0.2444,38.52,93,91,50962
1.8133,0.2346,38.58,93,91,50965
1.8671,0.2542,38.27,93,91,50968
1.7937,0.2346,38.43,93,91,50972
1.7546,0.2639,38.55,93,91,50975
1.7498,0.2395,38.58,93,91,50978
1.7791,0.2346,38.58,93,91,50981
1.8133,0.2493,38.27,93,91,50985
1.7742,0.2346,38.52,93,91,50989
1.7840,0.2346,38.55,93,91,50992
1.8084,0.2297,38.52,93,91,50995
1.8133,0.2346,38.58,93,91,50999
1.8817,0.2493,38.27,93,91,51002
1.8622,0.2395,38.49,93,91,51005
1.8573,0.2346,38.55,93,91,51008
1.8573,0.2395,38.52,93,91,51012
1.8524,0.2395,38.65,93,91,51015
1.9062,0.2493,38.30,93,91,51018
1.8671,0.2395,38.43,93,91,51021
1.8622,0.2346,38.58,93,91,51025
1.8622,0.2395,38.55,93,91,51028
1.8622,0.2346,38.49,93,91,51032
1.9159,0.2493,38.30,93,91,51035
1.8622,0.2297,38.52,93,91,51039
1.8524,0.2346,38.55,93,91,51042
1.8377,0.2590,38.52,93,91,51045
1.8182,0.2346,38.62,93,91,51048
1.8622,0.2493,38.30,93,91,51052
1.8328,0.2395,38.46,93,91,51055
1.8231,0.2346,38.52,93,91,51058
1.8328,0.2395,38.58,93,91,51061
1.8280,0.2346,38.58,93,91,51065
1.8964,0.2493,38.30,93,91,51068
1.8328,0.2395,38.46,93,91,51072
1.8280,0.2395,38.52,93,91,51075
1.8328,0.2395,38.55,93,91,51079
1.8328,0.2297,38.58,93,91,51082
1.8768,0.2493,38.30,93,91,51085
1.8280,0.2346,38.52,93,91,51088
1.8280,0.2297,38.55,93,91,51092
1.8377,0.2395,38.52,93,91,51095
1.8328,0.2346,38.55,93,91,51098
1.8915,0.2590,38.30,93,91,51101
1.8719,0.2395,38.49,93,91,51105
1.8768,0.2346,38.58,93,91,51108
1.9110,0.2395,38.52,93,91,51111
1.9306,0.2297,38.52,93,91,51115
2.0039,0.2444,38.27,93,91,51119
1.9697,0.2395,38.43,93,91,51122
1.9599,0.2248,38.55,93,91,51125
1.9599,0.2346,38.62,93,91,51128
1.9404,0.2346,38.55,93,91,51132
1.9795,0.2493,38.30,93,91,51135
1.9013,0.2590,38.55,93,91,51138
1.8719,0.2297,38.68,93,91,51141
1.8475,0.2395,38.55,93,91,51145
1.7937,0.2346,38.62,93,91,51148
1.8280,0.2542,38.27,93,91,51151
1.7937,0.2444,38.52,93,91,51154
1.7986,0.2346,38.58,93,91,51159
1.8084,0.2395,38.55,93,91,51162
1.8035,0.2346,38.62,93,91,51165
1.8524,0.2493,38.27,93,91,51168
1.7986,0.2395,38.46,93,91,51172
1.7791,0.2346,38.58,93,91,51175
1.7595,0.2297,38.55,93,91,51178
1.7546,0.2346,38.55,93,91,51181
1.7986,0.2493,38.27,93,91,51185
1.7498,0.2346,38.52,93,91,51188
1.7498,0.2395,38.58,93,91,51191
1.7595,0.2395,38.43,93,91,51194
1.7595,0.2346,38.62,93,91,51198
1.8231,0.2444,38.27,93,91,51202
1.7937,0.2444,38.46,93,91,51205
1.7840,0.2346,38.58,93,91,51208
1.7889,0.2395,38.52,93,91,51212
1.7693,0.2395,38.55,93,91,51215
1.8133,0.2444,38.30,93,91,51218
1.7742,0.2346,38.49,93,91,51221
1.7791,0.2346,38.58,93,91,51225
1.7986,0.2346,38.55,93,91,51228
1.8280,0.2346,38.55,93,91,51231
1.9257,0.2444,38.30,93,91,51234
1.9599,0.2395,38.52,93,91,51238
2.0821,0.2346,38.46,93,91,51241
2.2336,0.2395,38.55,93,91,51245
2.4047,0.2346,38.55,93,91,51248
2.6833,0.2933,38.27,93,91,51252
2.8788,0.2395,38.46,93,91,51255
3.0841,0.2444,38.55,93,91,51258
3.2600,0.2395,38.55,93,91,51261
3.2551,0.2346,38.55,93,91,51265
3.1867,0.2444,38.30,93,91,51268
2.8543,0.2737,38.46,93,91,51271
2.5415,0.2395,38.71,93,91,51274
2.2678,0.2395,38.55,93,91,51278
2.0186,0.2395,38.58,93,91,51281
1.8719,0.2444,38.33,93,91,51284
1.6813,0.2346,38.55,93,91,51288
1.5689,0.2346,38.58,93,91,51292
1.5152,0.2346,38.52,93,91,51295
1.4663,0.2346,38.55,93,91,51298
1.4663,0.2444,38.30,93,91,51301
1.4418,0.2395,38.49,93,91,51305
1.4076,0.2346,38.46,93,91,51308
1.4076,0.2444,38.49,93,91,51311
1.3832,0.2346,38.55,93,91,51314
1.4174,0.2444,38.30,93,91,51318
1.4027,0.2395,38.52,93,91,51321
1.4223,0.2346,38.62,93,91,51324
1.4565,0.2395,38.55,93,91,51328
1.4761,0.2297,38.55,93,91,51332
1.5249,0.2395,38.33,93,91,51335
1.5103,0.2346,38.55,93,91,51338
1.5103,0.2590,38.55,93,91,51341
1.5298,0.2444,38.49,93,91,51345
1.5298,0.2346,38.58,93,91,51348
1.6031,0.2444,38.30,93,91,51351
1.5689,0.2444,38.40,93,91,51354
1.5738,0.2346,38.55,93,91,51358
1.6129,0.2444,38.49,93,91,51361
1.5982,0.2737,38.58,93,91,51364
1.6471,0.2444,38.43,93,91,51367
1.6325,0.2395,38.52,93,91,51372
1.6373,0.2346,38.58,93,91,51375
1.6520,0.2346,38.55,93,91,51378
1.6520,0.2346,38.62,93,91,51381
1.6960,0.2444,38.33,93,91,51385
1.6618,0.2346,38.55,93,91,51388
1.6764,0.2346,38.55,93,91,51391
1.7009,0.2297,38.52,93,91,51394
1.7253,0.2395,38.52,93,91,51399
1.7204,0.2297,38.65,93,91,51402
1.7791,0.2493,38.27,93,91,51405
1.7498,0.2444,38.43,93,91,51409
1.7498,0.2346,38.58,93,91,51412
1.7595,0.2395,38.52,93,91,51416
1.7644,0.2346,38.49,93,91,51419
1.8182,0.2493,38.30,93,91,51423
1.7791,0.2346,38.58,93,91,51426
1.7889,0.2346,38.58,93,91,51429
1.7937,0.2444,38.52,93,91,51432
1.7986,0.2346,38.58,93,91,51436
1.8524,0.2395,38.27,93,91,51439
1.8133,0.2639,38.55,93,91,51442
1.8035,0.2346,38.58,93,91,51445
1.8035,0.2297,38.55,93,91,51449
1.7742,0.2395,38.68,93,91,51452
1.8035,0.2444,38.24,93,91,51456
1.7498,0.2346,38.46,93,91,51459
1.7449,0.2346,38.58,93,91,51463
1.7400,0.2395,38.55,93,91,51466
1.7449,0.2297,38.58,93,91,51469
1.8182,0.2444,38.30,93,91,51472
1.8035,0.2346,38.52,93,91,51476
1.7791,0.2346,38.52,93,91,51479
1.7937,0.2395,38.55,93,91,51482
1.7889,0.2297,38.55,93,91,51485
1.8377,0.2493,38.27,93,91,51489
1.8133,0.2444,38.55,93,91,51492
1.8035,0.2346,38.58,93,91,51495
1.8084,0.2297,38.52,93,91,51499
1.7937,0.2346,38.55,93,91,51503
1.8328,0.2444,38.27,93,91,51506
1.7986,0.2346,38.52,93,91,51509
1.8133,0.2395,38.55,93,91,51512
1.8084,0.2395,38.52,93,91,51516
1.8182,0.2346,38.58,93,91,51519
1.8768,0.2444,38.27,93,91,51522
1.8524,0.2542,38.52,93,91,51525
1.8768,0.2346,38.55,93,91,51529
1.8964,0.2395,38.52,93,91,51532
1.9110,0.2346,38.58,93,91,51535
1.9453,0.2542,38.30,93,91,51538
1.9306,0.2395,38.49,93,91,51543
1.9306,0.2346,38.55,93,91,51546
1.9404,0.2395,38.52,93,91,51549
1.9257,0.2395,38.55,93,91,51552
1.9795,0.2444,38.30,93,91,51556
1.9404,0.2346,38.49,93,91,51559
1.9208,0.2639,38.55,93,91,51562
1.9208,0.2444,38.49,93,91,51565
1.9159,0.2346,38.58,93,91,51569
1.9453,0.2444,38.30,93,91,51572
1.8915,0.2395,38.55,93,91,51575
1.8964,0.2346,38.55,93,91,51578
1.9453,0.2444,38.49,93,91,51582
1.8915,0.2346,38.55,93,91,51586
1.9501,0.2444,38.27,93,91,51589
1.9257,0.2297,38.46,93,91,51592
1.9062,0.2444,38.52,93,91,51596
1.9355,0.2542,38.49,93,91,51599
1.9208,0.2346,38.27,93,91,51602
1.9648,0.2444,38.30,93,91,51605
1.9257,0.2395,38.49,93,91,51609
1.9062,0.2346,38.65,93,91,51612
1.9013,0.2395,38.52,93,91,51615
1.8768,0.2346,38.55,93,91,51618
1.9110,0.2395,38.33,93,91,51622
1.8573,0.2346,38.46,93,91,51625
1.8426,0.2346,38.55,93,91,51629
1.8573,0.2444,38.49,93,91,51632
1.8035,0.2395,38.62,93,91,51636
1.8280,0.2444,38.33,93,91,51639
1.8035,0.2395,38.46,93,91,51642
1.7937,0.2346,38.55,93,91,51645
1.8231,0.2444,38.52,93,91,51649
1.8182,0.2346,38.58,93,91,51652
1.8915,0.2444,38.33,93,91,51655
1.8475,0.2444,38.52,93,91,51658
1.8524,0.2346,38.58,93,91,51662
1.8622,0.2395,37.77,93,91,51665
1.8671,0.2346,38.55,93,91,51668
1.9013,0.2493,38.36,93,91,51672
1.8622,0.2395,38.58,93,91,51676
1.8671,0.2346,38.55,93,91,51679
1.8915,0.2297,38.49,93,91,51682
1.8866,0.2346,38.55,93,91,51685
1.9306,0.2346,38.30,93,91,51689
1.9062,0.2395,38.55,93,91,51692
1.8964,0.2297,38.55,93,91,51695
1.9062,0.2297,38.43,93,91,51698
1.8915,0.2346,38.55,93,91,51702
1.9257,0.2395,38.24,93,91,51705
1.8964,0.2395,38.52,93,91,51708
1.9062,0.2444,38.55,93,91,51712
1.9159,0.2493,38.52,93,91,51716
1.9159,0.2346,38.55,93,91,51719
1.9844,0.2444,38.30,93,91,51722
1.9257,0.2346,38.58,93,91,51725
1.9404,0.2346,38.58,93,91,51729
1.9697,0.2493,38.46,93,91,51732
1.9550,0.2346,38.55,93,91,51735
1.9892,0.2542,38.33,93,91,51738
1.9746,0.2346,38.46,93,91,51742
1.9892,0.2346,38.58,93,91,51745
2.0430,0.2493,38.46,93,91,51748
2.0137,0.2346,38.52,93,91,51751
2.0674,0.2395,38.36,93,91,51756
2.0381,0.2346,38.49,93,91,51759
2.0381,0.2346,38.58,93,91,51762
2.0577,0.2444,38.58,93,91,51765
2.0381,0.2346,38.49,93,91,51769
2.0381,0.2395,38.36,93,91,51772
1.9697,0.2346,38.55,93,91,51775
1.9355,0.2444,38.52,93,91,51778
1.9404,0.2444,38.52,93,91,51782
1.8915,0.2346,38.58,93,91,51785
1.8915,0.2346,38.43,93,91,51788
1.8328,0.2346,38.46,93,91,51791
1.8035,0.2297,38.62,93,91,51795
1.8035,0.2444,38.43,93,91,51799
1.8035,0.2395,38.55,93,91,51802
1.8231,0.2395,38.40,93,91,51805
1.8133,0.2346,38.52,93,91,51809
1.8133,0.2346,38.55,93,91,51812
1.8133,0.2493,38.52,93,91,51815
1.7986,0.2395,38.52,93,91,51818
1.8182,0.2395,38.36,93,91,51822
1.7986,0.2346,38.58,93,91,51825
1.8182,0.2346,38.55,93,91,51828
1.8622,0.2395,38.46,93,91,51831
1.8475,0.2444,38.52,93,91,51835
1.8768,0.2395,38.36,93,91,51838
1.8377,0.2346,38.46,93,91,51842
1.8280,0.2346,38.52,93,91,51845
1.8475,0.2444,38.36,93,91,51849
1.8231,0.2346,38.55,93,91,51852
1.8622,0.2395,38.43,93,91,51855
1.8573,0.2346,38.49,93,91,51858
1.8964,0.2346,38.58,93,91,51862
1.9550,0.2395,38.52,93,91,51865
2.0186,0.2346,38.58,93,91,51868
2.1505,0.2395,38.40,93,91,51871
2.2874,0.2395,38.55,93,91,51875
2.4389,0.2346,38.55,93,91,51878
2.6882,0.2444,38.46,93,91,51881
2.9081,0.2395,38.62,93,91,51885
3.1867,0.2346,38.40,93,91,51889
3.3236,0.2346,38.52,93,91,51892
3.3480,0.2297,38.58,93,91,51895
3.2405,0.2395,38.43,93,91,51898
2.9374,0.2590,38.55,93,91,51902
2.6686,0.2346,38.46,93,91,51905
2.3314,0.2297,38.55,93,91,51908
2.0674,0.2346,38.52,93,91,51911
1.8719,0.2395,38.52,93,91,51914
1.7009,0.2688,38.58,93,91,51918
1.6031,0.2346,38.43,93,91,51921
1.4956,0.2346,38.58,93,91,51924
1.4614,0.2444,38.55,93,91,51928
1.4761,0.2444,38.46,93,91,51932
1.4614,0.2395,38.58,93,91,51935
1.5005,0.2346,38.43,93,91,51938
1.5103,0.2346,38.52,93,91,51941
1.5396,0.2297,38.55,93,91,51945
1.5787,0.2395,38.46,93,91,51948
1.5543,0.2395,38.55,93,91,51951
1.5591,0.2444,38.40,93,91,51954
1.5054,0.2346,38.55,93,91,51958
1.5103,0.2444,38.55,93,91,51961
1.5152,0.2395,38.52,93,91,51964
1.5249,0.2297,38.55,93,91,51968
1.5787,0.2395,38.46,93,91,51972
1.5787,0.2395,38.55,93,91,51975
1.6031,0.2346,38.46,93,91,51978
1.6422,0.2493,38.46,93,91,51981
1.6227,0.2395,38.55,93,91,51985
1.6569,0.2444,38.49,93,91,51988
1.6178,0.2346,38.62,93,91,51991
1.6325,0.2297,38.55,93,91,51994
1.6667,0.2395,38.46,93,91,51998
1.6667,0.2444,38.55,93,91,52001
1.7107,0.2444,38.46,93,91,52004
1.6960,0.2297,38.55,93,91,52007
1.7253,0.2346,38.55,93,91,52013
1.7742,0.2346,38.55,93,91,52016
1.7791,0.2444,38.49,93,91,52020
1.7742,0.2395,38.55,93,91,52023
1.8035,0.2395,38.40,93,91,52026
1.7742,0.2346,38.43,93,91,52029
1.7644,0.2346,38.58,93,91,52033
1.7791,0.2444,38.33,93,91,52036
1.7595,0.2346,38.58,93,91,52039
1.8231,0.2444,38.36,93,91,52042
1.7644,0.2346,38.49,93,91,52046
1.7693,0.2346,38.55,93,91,52049
1.7742,0.2395,38.52,93,91,52052
1.7595,0.2639,38.58,93,91,52056
1.7791,0.2395,38.36,93,91,52060
1.7546,0.2395,38.55,93,91,52063
1.7986,0.2346,38.55,93,91,52066
1.8133,0.2786,38.52,93,91,52069
1.8182,0.2346,38.52,93,91,52073
1.8524,0.2395,38.40,93,91,52076
1.8280,0.2346,38.49,93,91,52079
1.8280,0.2542,38.62,93,91,52082
1.8573,0.2493,38.43,93,91,52086
1.8524,0.2346,38.65,93,91,52089
1.8719,0.2395,38.36,93,91,52092
1.8573,0.2395,38.49,93,91,52096
1.8280,0.2297,38.55,93,91,52100
1.8377,0.2444,38.77,93,91,52103
1.8328,0.2297,38.58,93,91,52106
1.8573,0.2395,38.36,93,91,52109
1.8231,0.2346,38.62,93,91,52113
1.8280,0.2346,38.55,93,91,52116
1.8328,0.2444,38.46,93,91,52119
1.8133,0.2346,38.55,93,91,52122
1.8768,0.2395,38.40,93,91,52126
1.8377,0.2395,38.62,93,91,52129
1.8426,0.2346,38.58,93,91,52132
1.8768,0.2395,38.46,93,91,52135
1.8622,0.2346,38.58,93,91,52140
1.8915,0.2395,38.33,93,91,52143
1.8671,0.2346,38.49,93,91,52146
1.8768,0.2346,38.58,93,91,52149
1.8817,0.2395,38.49,93,91,52153
1.8915,0.2346,38.58,93,91,52156
1.9306,0.2395,38.36,93,91,52159
1.9208,0.2395,38.55,93,91,52162
1.9550,0.2346,38.55,93,91,52166
1.9844,0.2639,38.49,93,91,52169
1.9550,0.2346,38.58,93,91,52172
1.9746,0.2395,38.40,93,91,52175
1.9208,0.2346,38.49,93,91,52179
1.9013,0.2346,38.68,93,91,52183
1.9159,0.2395,38.55,93,91,52186
1.8964,0.2346,38.55,93,91,52189
1.9257,0.2493,38.40,93,91,52193
1.9013,0.2346,38.49,93,91,52196
1.8964,0.2346,38.58,93,91,52199
1.8866,0.2346,38.49,93,91,52202
1.8719,0.2346,37.77,93,91,52206
1.8964,0.2297,38.40,93,91,52209
1.8866,0.2395,38.58,93,91,52212
1.8817,0.2297,38.55,93,91,52215
1.9013,0.2444,37.80,93,91,52219
1.8719,0.2395,38.58,93,91,52222
1.8866,0.2395,38.46,93,91,52226
1.8671,0.2346,38.55,93,91,52229
1.8817,0.2346,38.55,93,91,52233
1.9257,0.2395,38.49,93,91,52236
1.9159,0.2248,38.55,93,91,52239
1.9355,0.2395,38.62,93,91,52242
1.8817,0.2346,38.52,93,91,52246
1.9062,0.2346,38.58,93,91,52249
1.8768,0.2395,38.52,93,91,52252
1.8475,0.2297,38.55,93,91,52255
1.8573,0.2444,38.40,93,91,52259
1.8280,0.2297,38.55,93,91,52262
1.8475,0.2346,38.55,93,91,52265
1.8817,0.2444,38.43,93,91,52269
1.8622,0.2395,38.55,93,91,52273
1.8768,0.2395,38.40,93,91,52276
1.8328,0.2346,38.52,93,91,52279
1.8622,0.2444,38.55,93,91,52282
1.8719,0.2395,38.49,93,91,52286
1.8377,0.2395,38.52,93,91,52289
1.8768,0.2346,38.55,93,91,52292
1.8475,0.2297,38.55,93,91,52295
1.8377,0.2395,38.58,93,91,52299
1.8426,0.2444,38.49,93,91,52302
1.8426,0.2444,38.55,93,91,52305
1.8866,0.2346,38.46,93,91,52308
1.8915,0.2346,38.55,93,91,52313
1.8671,0.2346,38.52,93,91,52316
1.9013,0.2444,38.52,93,91,52319
1.8817,0.2395,38.55,93,91,52322
1.9550,0.2346,38.43,93,91,52326
1.9110,0.2346,38.52,93,91,52329
1.9355,0.2346,38.58,93,91,52332
1.9501,0.2395,38.46,93,91,52335
1.9062,0.2346,38.55,93,91,52339
1.9257,0.2395,38.40,93,91,52342
1.8964,0.2297,38.55,93,91,52345
1.9208,0.2346,38.58,93,91,52348
1.9306,0.2493,38.49,93,91,52353
1.9257,0.2346,38.55,93,91,52356
1.9550,0.2395,38.43,93,91,52359
1.9208,0.2346,38.55,93,91,52362
1.9306,0.2346,38.77,93,91,52366
1.9795,0.2297,38.46,93,91,52369
1.9697,0.2395,38.55,93,91,52372
2.0039,0.2346,38.43,93,91,52375
1.9795,0.2297,38.55,93,91,52379
2.0039,0.2346,38.55,93,91,52382
2.0283,0.2444,38.46,93,91,52385
2.0039,0.2297,38.55,93,91,52388
2.0283,0.2493,38.40,93,91,52392
1.9844,0.2395,38.58,93,91,52396
1.9795,0.2395,38.58,93,91,52399
1.9892,0.2444,38.55,93,91,52402
1.9550,0.2395,38.55,93,91,52405
1.9453,0.2297,38.43,93,91,52409
1.9159,0.2346,38.58,93,91,52412
1.9306,0.2346,38.58,93,91,52415
1.9746,0.2493,38.49,93,91,52418
1.9404,0.2395,38.55,93,91,52422
1.9306,0.2444,38.43,93,91,52425
1.8671,0.2444,38.58,93,91,52428
1.8377,0.2346,38.58,93,91,52431
1.8475,0.2297,38.55,93,91,52435
1.8182,0.2346,38.52,93,91,52439
1.8231,0.2395,38.46,93,91,52442
1.7693,0.2346,38.55,93,91,52445
1.7742,0.2346,38.58,93,91,52449
1.7889,0.2444,38.49,93,91,52452
1.7889,0.2395,38.55,93,91,52455
1.8133,0.2346,38.40,93,91,52458
1.8231,0.2346,38.58,93,91,52462
1.8475,0.2395,38.55,93,91,52465
1.8915,0.2444,38.40,93,91,52468
1.8426,0.2297,38.55,93,91,52471
1.8377,0.2346,38.43,93,91,52475
1.8182,0.2346,38.58,93,91,52478
1.8573,0.2297,38.62,93,91,52482
1.9159,0.2395,38.46,93,91,52485
1.9404,0.2444,38.52,93,91,52489
2.0088,0.2395,38.43,93,91,52492
2.0479,0.2346,38.55,93,91,52495
2.1652,0.2346,38.52,93,91,52498
2.3754,0.2444,38.55,93,91,52502
2.5953,0.2395,38.55,93,91,52505
2.8935,0.2297,38.49,93,91,52508
3.1281,0.2395,38.55,93,91,52511
3.3480,0.2297,38.55,93,91,52515
3.5142,0.2395,38.40,93,91,52518
3.4066,0.2395,38.55,93,91,52521
3.2111,0.2395,38.43,93,91,52525
2.8788,0.2346,38.55,93,91,52529
2.5073,0.2493,38.52,93,91,52532
2.2336,0.2444,38.49,93,91,52535
1.9453,0.2346,38.58,93,91,52538
1.7644,0.2346,38.43,93,91,52542
1.6031,0.2346,38.27,93,91,52545
1.5103,0.2346,38.58,93,91,52548
1.4858,0.2395,38.49,93,91,52551
1.4614,0.2542,38.55,93,91,52555
1.4712,0.2395,37.68,93,91,52558
1.4516,0.2395,38.65,93,91,52561
1.4516,0.2346,38.58,93,91,52564
1.5005,0.2444,38.36,93,91,52569
1.5103,0.2395,38.58,93,91,52572
1.5249,0.2297,38.49,93,91,52575
1.4956,0.2395,38.55,93,91,52578
1.4858,0.2346,38.68,93,91,52582
1.5054,0.2444,38.43,93,91,52585
1.4858,0.2346,38.55,93,91,52588
1.5152,0.2346,38.62,93,91,52591
1.5152,0.2395,38.71,93,91,52595
1.5347,0.2346,38.58,93,91,52598
1.5885,0.2444,38.49,93,91,52601
1.5787,0.2688,38.55,93,91,52604
1.6031,0.2395,38.55,93,91,52609
1.5982,0.2395,38.55,93,91,52612
1.6325,0.2346,38.55,93,91,52615
1.6618,0.2639,38.36,93,91,52618
1.6960,0.2395,38.49,93,91,52623
1.6764,0.2395,38.55,93,91,52626
1.7058,0.2444,38.71,93,91,52630
1.6911,0.2346,38.58,93,91,52633
1.7155,0.2395,38.55,93,91,52636
1.7400,0.2395,38.49,93,91,52639
1.7351,0.2395,38.58,93,91,52643
1.8035,0.2444,38.46,93,91,52646
1.7302,0.2346,38.55,93,91,52649
1.7155,0.2346,38.55,93,91,52653
1.7351,0.2493,38.43,93,91,52657
1.7204,0.2297,38.58,93,91,52660
1.7498,0.2395,38.46,93,91,52663
1.7253,0.2346,38.87,93,91,52666
1.7302,0.2346,38.58,93,91,52670
1.7498,0.2444,38.46,93,91,52673
1.7351,0.2590,38.55,93,91,52676
1.7693,0.2444,38.52,93,91,52679
1.7400,0.2346,38.58,93,91,52683
1.7302,0.2444,38.62,93,91,52686
1.7400,0.2395,38.52,93,91,52689
1.7302,0.2395,38.55,93,91,52692
1.7546,0.2639,38.43,93,91,52697
1.7498,0.2297,38.62,93,91,52700
1.7791,0.2346,38.65,93,91,52703
1.8231,0.2493,38.43,93,91,52706
1.7986,0.2395,38.55,93,91,52710
1.8231,0.2542,38.46,93,91,52713
1.7889,0.2346,38.49,93,91,52716
1.7840,0.2297,38.55,93,91,52719
1.7986,0.2444,38.46,93,91,52723
1.7644,0.2346,38.55,93,91,52726
1.7889,0.2444,38.43,93,91,52729
1.7546,0.2346,38.55,93,91,52732
1.7498,0.2346,38.55,93,91,52737
1.7595,0.2444,38.55,93,91,52740
1.7498,0.2395,38.68,93,91,52743
1.7840,0.2444,38.43,93,91,52746
1.7546,0.2395,38.58,93,91,52750
1.7742,0.2346,38.52,93,91,52753
1.8133,0.2493,38.46,93,91,52756
1.8035,0.2395,38.55,93,91,52759
1.8280,0.2444,38.43,93,91,52763
1.8084,0.2346,38.58,93,91,52766
1.8231,0.2346,38.58,93,91,52769
1.8622,0.2493,38.49,93,91,52772
1.8426,0.2395,38.62,93,91,52776
1.8719,0.2395,38.43,93,91,52780
1.8426,0.2444,38.62,93,91,52783
1.8671,0.2346,38.58,93,91,52786
1.8719,0.2444,38.52,93,91,52790
1.8622,0.2297,38.58,93,91,52793
1.9062,0.2395,38.43,93,91,52796
1.8817,0.2395,38.55,93,91,52799
1.8671,0.2346,38.52,93,91,52803
1.9013,0.2297,38.46,93,91,52806
1.8671,0.2395,38.55,93,91,52809
1.8817,0.2395,38.40,93,91,52812
1.8524,0.2346,38.49,93,91,52816
1.8524,0.2297,38.58,93,91,52819
1.8719,0.2444,38.46,93,91,52823
1.8475,0.2346,38.46,93,91,52826
1.8768,0.2395,38.43,93,91,52830
1.8475,0.2395,38.55,93,91,52833
1.8524,0.2395,38.58,93,91,52836
1.8768,0.2493,38.52,93,91,52839
1.8573,0.2395,38.55,93,91,52843
1.8719,0.2395,38.43,93,91,52846
1.8426,0.2346,38.55,93,91,52849
1.8524,0.2346,38.55,93,91,52852
1.8915,0.2444,38.40,93,91,52856
1.8719,0.2395,38.55,93,91,52859
1.8915,0.2346,38.43,93,91,52862
1.8817,0.2346,38.74,93,91,52866
1.8964,0.2346,38.55,93,91,52870
1.9208,0.2444,38.43,93,91,52873
1.8573,0.2346,38.58,93,91,52876
1.8377,0.2395,38.43,93,91,52879
1.8133,0.2346,38.55,93,91,52883
1.7644,0.2346,38.55,93,91,52886
1.7693,0.2444,38.46,93,91,52889
1.7644,0.2297,38.52,93,91,52892
1.7840,0.2444,38.40,93,91,52896
1.7644,0.2590,38.55,93,91,52899
1.7742,0.2346,38.58,93,91,52902
1.7986,0.2444,38.36,93,91,52905
1.8133,0.2444,38.52,93,91,52910
1.8035,0.2395,38.36,93,91,52913
1.7889,0.2346,38.58,93,91,52916
1.7937,0.2444,38.52,93,91,52919
1.8182,0.2493,38.43,93,91,52923
1.7986,0.2395,38.46,93,91,52926
1.8182,0.2395,38.46,93,91,52929
1.8133,0.2346,38.55,93,91,52932
1.8133,0.2346,38.58,93,91,52936
1.8426,0.2542,38.58,93,91,52939
1.8231,0.2395,38.52,93,91,52942
1.8475,0.2395,38.49,93,91,52945
1.8328,0.2395,38.55,93,91,52950
1.8328,0.2346,38.77,93,91,52953
1.8719,0.2297,38.43,93,91,52956
1.8573,0.2395,38.55,93,91,52959
1.8573,0.2395,38.43,93,91,52963
1.8377,0.2346,38.46,93,91,52966
1.8475,0.2346,38.58,93,91,52969
1.8768,0.2444,38.43,93,91,52972
1.8622,0.2395,38.52,93,91,52976
1.8866,0.2395,38.52,93,91,52979
1.8866,0.2395,38.55,93,91,52982
1.8915,0.2346,38.62,93,91,52985
1.9257,0.2493,38.46,93,91,52989
1.9159,0.2395,38.55,93,91,52993
1.9306,0.2395,38.49,93,91,52996
1.9306,0.2444,38.55,93,91,52999
1.9453,0.2346,38.65,93,91,53003
1.9795,0.2444,38.40,93,91,53006
1.9599,0.2395,38.52,93,91,53009
1.9501,0.2395,38.43,93,91,53012
1.9208,0.2346,38.55,93,91,53016
1.9062,0.2346,38.62,93,91,53019
1.9159,0.2444,38.40,93,91,53022
1.8719,0.2395,38.40,93,91,53025
1.8768,0.2297,38.46,93,91,53029
1.8719,0.2444,38.55,93,91,53032
1.8671,0.2346,38.55,93,91,53036
1.9257,0.2444,38.46,93,91,53039
1.9159,0.2395,38.55,93,91,53043
1.9306,0.2346,38.43,93,91,53046
1.8573,0.2346,38.55,93,91,53049
1.8084,0.2346,38.55,93,91,53052
1.7889,0.2444,38.40,93,91,53056
1.7058,0.2395,38.52,93,91,53059
1.6862,0.2297,38.49,93,91,53062
1.6667,0.2346,38.77,93,91,53065
1.6764,0.2346,38.65,93,91,53069
1.7204,0.2346,38.40,93,91,53072
1.7107,0.2395,38.62,93,91,53075
1.7644,0.2346,38.46,93,91,53079
1.7351,0.2346,38.55,93,91,53083
1.7449,0.2737,38.68,93,91,53086
1.7840,0.2493,38.43,93,91,53089
1.7595,0.2395,38.40,93,91,53092
1.7498,0.2346,38.46,93,91,53096
1.7400,0.2346,38.55,93,91,53099
1.7546,0.2346,38.58,93,91,53102
1.8182,0.2542,38.36,93,91,53105
1.8231,0.2297,38.52,93,91,53109
1.8622,0.2444,38.46,93,91,53112
1.9062,0.2395,38.55,93,91,53115
1.9844,0.2346,38.58,93,91,53118
2.1408,0.2493,38.40,93,91,53123
2.2532,0.2395,38.81,93,91,53126
2.4487,0.2346,38.49,93,91,53129
2.6686,0.2346,38.55,93,91,53132
2.8935,0.2395,38.55,93,91,53136
3.1818,0.2493,38.30,93,91,53139
3.2991,0.2395,38.58,93,91,53142
3.3040,0.2346,38.46,93,91,53145
3.1378,0.2542,38.62,93,91,53149
2.8592,0.2346,38.58,93,91,53152
2.6002,0.2493,38.40,93,91,53155
2.2776,0.2493,38.49,93,91,53158
2.0137,0.2346,38.46,93,91,53163
1.8035,0.2346,38.55,93,91,53166
1.6373,0.2297,38.58,93,91,53169
1.5640,0.2493,37.87,93,91,53172
1.4516,0.2395,38.58,93,91,53175
1.4076,0.2346,38.49,93,91,53179
1.3783,0.2395,38.55,93,91,53182
1.3587,0.2297,38.55,93,91,53185
1.3978,0.2542,38.36,93,91,53188
1.3783,0.2395,38.52,93,91,53192
1.4027,0.2346,38.52,93,91,53195
1.4272,0.2297,38.55,93,91,53198
1.4467,0.2248,38.58,93,91,53201
1.5200,0.2542,38.21,93,91,53206
1.5200,0.2444,38.65,93,91,53209
1.5494,0.2346,38.52,93,91,53212
1.5885,0.2395,38.62,93,91,53215
1.6080,0.2297,38.58,93,91,53219
1.6618,0.2884,38.33,93,91,53222
1.6129,0.2346,38.49,93,91,53225
1.5982,0.2346,38.52,93,91,53228
1.5982,0.2395,38.55,93,91,53232
1.5591,0.2346,38.68,93,91,53236
1.5640,0.2346,38.58,93,91,53240
1.6129,0.2395,38.40,93,91,53243
1.6080,0.2542,38.55,93,91,53246
1.6325,0.2395,38.43,93,91,53250
1.6276,0.2346,38.58,93,91,53254
1.6422,0.2590,38.55,93,91,53257
1.6764,0.2444,38.52,93,91,53260
1.6618,0.2297,38.55,93,91,53263
1.6813,0.2346,38.43,93,91,53267
1.6716,0.2346,38.52,93,91,53270
1.6813,0.2346,38.52,93,91,53273
1.7058,0.2444,38.49,93,91,53276
1.7107,0.2346,38.55,93,91,53280
1.7107,0.2346,38.84,93,91,53283
1.6960,0.2346,38.52,93,91,53286
1.7107,0.2346,38.55,93,91,53289
1.7400,0.2639,38.36,93,91,53294
1.7155,0.2395,38.40,93,91,53297
1.7253,0.2346,38.46,93,91,53300
1.7155,0.2346,38.55,93,91,53303
1.7204,0.2346,38.62,93,91,53307
1.7546,0.2444,38.43,93,91,53310
1.7400,0.2395,38.58,93,91,53313
1.7595,0.2346,38.43,93,91,53316
1.7498,0.2297,38.55,93,91,53320
1.7644,0.2346,38.55,93,91,53323
1.8182,0.2395,38.46,93,91,53326
1.8231,0.2395,38.52,93,91,53329
1.8573,0.2346,38.46,93,91,53334
1.8524,0.2346,38.58,93,91,53337
1.8475,0.2395,38.55,93,91,53340
1.8671,0.2444,38.24,93,91,53343
1.8231,0.2395,38.52,93,91,53347
1.7986,0.2346,38.43,93,91,53350
1.7644,0.2395,38.55,93,91,53353
1.7449,0.2346,38.43,93,91,53356
1.7742,0.2444,38.43,93,91,53360
1.7400,0.2395,38.55,93,91,53363
1.7546,0.2346,38.49,93,91,53366
1.7546,0.2346,38.55,93,91,53369
1.7644,0.2297,38.55,93,91,53373
1.8573,0.2493,38.43,93,91,53377
1.8084,0.2395,38.58,93,91,53380
1.8182,0.2297,38.46,93,91,53383
1.8182,0.2395,38.62,93,91,53387
1.8231,0.2346,38.55,93,91,53390
1.8719,0.2493,38.40,93,91,53393
1.8622,0.2395,38.65,93,91,53396
1.8622,0.2297,38.49,93,91,53400
1.8573,0.2346,38.55,93,91,53403
1.8622,0.2346,38.62,93,91,53406
1.9062,0.2493,38.43,93,91,53409
1.8768,0.2297,38.55,93,91,53413
1.8915,0.2444,38.49,93,91,53416
1.8866,0.2346,38.65,93,91,53420
1.8866,0.2346,38.68,93,91,53423
1.9208,0.2493,38.49,93,91,53427
1.8964,0.2395,38.52,93,91,53430
1.8915,0.2346,38.49,93,91,53433
1.8817,0.2395,38.58,93,91,53436
1.8768,0.2346,38.55,93,91,53440
1.9110,0.2444,38.43,93,91,53443
1.8817,0.2444,38.52,93,91,53446
1.8817,0.2346,38.46,93,91,53449
1.8768,0.2346,38.58,93,91,53453
1.8671,0.2444,38.62,93,91,53456
1.9062,0.2493,38.43,93,91,53459
1.8719,0.2395,38.55,93,91,53463
1.9159,0.2346,38.49,93,91,53467
1.8719,0.2737,38.55,93,91,53470
1.8768,0.2346,38.62,93,91,53473
1.9110,0.2297,38.43,93,91,53476
1.8719,0.2346,38.52,93,91,53480
1.8475,0.2346,38.81,93,91,53483
1.8377,0.2395,38.58,93,91,53486
1.8377,0.2297,38.58,93,91,53489
1.9013,0.2395,38.43,93,91,53493
1.9062,0.2444,38.49,93,91,53496
1.9110,0.2346,38.52,93,91,53499
1.9110,0.2346,38.58,93,91,53502
1.9013,0.2346,38.62,93,91,53507
1.9110,0.2493,38.55,93,91,53510
1.8377,0.2395,38.55,93,91,53513
1.8084,0.2346,38.49,93,91,53516
1.7986,0.2395,38.52,93,91,53520
1.7937,0.2346,38.58,93,91,53523
1.8426,0.2542,38.43,93,91,53526
1.8280,0.2444,38.52,93,91,53529
1.7986,0.2346,38.49,93,91,53533
1.7986,0.2395,38.55,93,91,53536
1.7986,0.2297,38.58,93,91,53539
1.8622,0.2493,38.40,93,91,53542
1.8280,0.2444,38.52,93,91,53547
1.8280,0.2346,38.43,93,91,53550
1.8328,0.2395,38.55,93,91,53553
1.8328,0.2590,38.62,93,91,53556
1.8866,0.2493,38.43,93,91,53560
1.8475,0.2395,38.52,93,91,53563
1.8573,0.2395,38.49,93,91,53566
1.8622,0.2395,38.58,93,91,53569
1.8671,0.2346,37.93,93,91,53573
1.9208,0.2493,38.43,93,91,53576
1.9257,0.2395,38.49,93,91,53579
1.8817,0.2346,38.46,93,91,53582
1.8817,0.2395,38.55,93,91,53586
1.8817,0.2297,38.55,93,91,53590
1.9355,0.2542,38.36,93,91,53593
1.8964,0.2395,38.49,93,91,53596
1.8866,0.2346,38.49,93,91,53600
1.8866,0.2346,38.71,93,91,53603
1.8915,0.2346,38.55,93,91,53606
1.9501,0.2590,38.43,93,91,53609
1.9159,0.2395,38.36,93,91,53613
1.9306,0.2346,38.52,93,91,53616
1.9355,0.2395,38.55,93,91,53619
1.9404,0.2444,38.55,93,91,53622
2.0137,0.2542,38.24,93,91,53626
1.9941,0.2444,38.49,93,91,53629
1.9892,0.2639,38.49,93,91,53633
1.9941,0.2444,38.58,93,91,53636
1.9892,0.2346,38.49,93,91,53640
2.0723,0.2493,38.36,93,91,53643
1.9990,0.2395,38.46,93,91,53646
1.9599,0.2346,38.58,93,91,53649
1.9550,0.2346,38.58,93,91,53653
1.9453,0.2395,38.55,93,91,53656
1.9990,0.2590,38.33,93,91,53659
1.9355,0.2395,38.58,93,91,53662
1.9257,0.2346,38.52,93,91,53666
1.9404,0.2395,38.68,93,91,53669
1.9355,0.2493,38.55,93,91,53672
1.9697,0.2542,38.36,93,91,53676
1.8866,0.2444,38.49,93,91,53680
1.8133,0.2346,38.52,93,91,53683
1.7889,0.2395,38.55,93,91,53686
1.7693,0.2346,38.58,93,91,53689
1.8231,0.2297,38.43,93,91,53693
1.7693,0.2395,38.46,93,91,53696
1.7644,0.2346,38.52,93,91,53699
1.7644,0.2395,38.65,93,91,53702
1.7937,0.2346,38.58,93,91,53706
1.8182,0.2493,38.33,93,91,53709
1.7742,0.2444,38.52,93,91,53712
1.7840,0.2297,38.58,93,91,53715
1.7937,0.2395,38.55,93,91,53720
1.7840,0.2346,38.58,93,91,53723
1.8377,0.2542,38.49,93,91,53726
1.8035,0.2395,38.49,93,91,53729
1.8182,0.2346,38.52,93,91,53733
1.8133,0.2346,38.55,93,91,53736
1.8377,0.2346,38.65,93,91,53739
1.9355,0.2542,38.36,93,91,53742
1.9453,0.2395,38.46,93,91,53746
1.9990,0.2248,38.52,93,91,53749
2.0919,0.2395,38.58,93,91,53752
2.2190,0.2346,38.58,93,91,53755
2.4438,0.2542,38.33,93,91,53760
2.6344,0.2346,38.52,93,91,53763
2.8397,0.2297,38.55,93,91,53766
3.0841,0.2444,38.55,93,91,53769
3.2600,0.2346,38.55,93,91,53773
3.4018,0.2542,38.27,93,91,53776
3.2454,0.2395,38.46,93,91,53779
2.9961,0.2346,38.62,93,91,53782
2.6735,0.2346,38.52,93,91,53786
2.3754,0.2346,38.55,93,91,53789
2.1799,0.2542,38.30,93,91,53792
1.9159,0.2444,38.43,93,91,53795
1.7351,0.2395,38.55,93,91,53799
1.6129,0.2395,38.46,93,91,53803
1.5298,0.2346,38.62,93,91,53806
1.5298,0.2542,38.30,93,91,53809
1.4761,0.2346,38.52,93,91,53813
1.4712,0.2297,37.80,93,91,53816
1.4761,0.2346,38.55,93,91,53819
1.4956,0.2297,38.58,93,91,53822
1.5640,0.2493,38.33,93,91,53826
1.5494,0.2395,38.46,93,91,53829
1.5445,0.2297,38.58,93,91,53832
1.5591,0.2297,38.55,93,91,53835
1.5885,0.2444,38.58,93,91,53839
1.5934,0.2542,38.27,93,91,53842
1.6129,0.2395,38.46,93,91,53848
1.5836,0.2297,38.62,93,91,53851
1.6178,0.2346,38.49,93,91,53854
1.6325,0.2346,38.58,93,91,53857
1.6569,0.2346,38.58,93,91,53861
1.6813,0.2542,38.46,93,91,53864
1.6716,0.2395,38.52,93,91,53867
1.6862,0.2346,38.46,93,91,53870
1.6813,0.2346,38.55,93,91,53874
1.6911,0.2346,38.55,93,91,53877
1.7253,0.2542,38.40,93,91,53880
1.7058,0.2444,38.49,93,91,53883
1.7204,0.2297,38.46,93,91,53888
1.7009,0.2346,38.55,93,91,53891
1.7107,0.2346,38.71,93,91,53894
1.7498,0.2444,38.46,93,91,53897
1.7302,0.2395,38.55,93,91,53901
1.7400,0.2346,38.49,93,91,53904
1.7351,0.2346,38.52,93,91,53907
1.7400,0.2346,38.55,93,91,53910
1.7791,0.2395,38.46,93,91,53914
1.7644,0.2542,38.52,93,91,53917
1.7742,0.2297,38.46,93,91,53920
1.7693,0.2395,38.58,93,91,53923
1.7840,0.2346,38.55,93,91,53927
1.8133,0.2395,38.40,93,91,53931
1.8035,0.2395,38.49,93,91,53934
1.8084,0.2346,38.52,93,91,53937
1.7986,0.2346,38.58,93,91,53941
1.7986,0.2346,38.52,93,91,53944
1.8377,0.2297,38.43,93,91,53947
1.8084,0.2444,38.55,93,91,53950
1.8182,0.2297,38.49,93,91,53954
1.8084,0.2346,38.55,93,91,53957
1.8133,0.2297,38.58,93,91,53960
1.8622,0.2542,38.43,93,91,53963
1.8377,0.2395,38.65,93,91,53967
1.8328,0.2297,38.46,93,91,53970
1.8231,0.2346,38.55,93,91,53974
1.8377,0.2444,38.55,93,91,53977
1.8719,0.2444,38.40,93,91,53981
1.8475,0.2444,38.77,93,91,53984
1.8328,0.2346,38.46,93,91,53987
1.8035,0.2346,38.58,93,91,53990
1.7889,0.2346,38.52,93,91,53994
1.8231,0.2493,38.40,93,91,53997
1.7693,0.2395,38.49,93,91,54000
1.7742,0.2590,38.52,93,91,54003
1.7742,0.2395,38.58,93,91,54007
1.7791,0.2297,38.58,93,91,54010
1.8280,0.2542,38.43,93,91,54013
1.8035,0.2395,38.40,93,91,54017
1.8084,0.2346,38.55,93,91,54021
1.8231,0.2395,38.52,93,91,54024
1.8328,0.2590,38.62,93,91,54027
1.9062,0.2493,38.36,93,91,54030
1.8915,0.2395,38.49,93,91,54034
1.8866,0.2346,38.49,93,91,54037
1.8866,0.2395,38.55,93,91,54040
1.8915,0.2297,38.58,93,91,54043
1.9404,0.2542,38.43,93,91,54047
1.8964,0.2542,38.49,93,91,54050
1.8964,0.2297,38.52,93,91,54053
1.8964,0.2395,38.55,93,91,54056
1.9013,0.2346,38.58,93,91,54061
1.9453,0.2493,38.36,93,91,54064
1.9013,0.2395,38.58,93,91,54067
1.8817,0.2297,38.49,93,91,54070
1.8866,0.2395,38.55,93,91,54074
1.8768,0.2346,38.58,93,91,54077
1.9306,0.2493,38.30,93,91,54080
1.9013,0.2444,38.49,93,91,54083
1.8915,0.2346,38.52,93,91,54087
1.8915,0.2248,38.52,93,91,54090
1.8817,0.2346,38.55,93,91,54093
1.9306,0.2493,38.36,93,91,54096
1.8671,0.2346,38.55,93,91,54100
1.8622,0.2297,38.52,93,91,54104
1.8671,0.2395,38.55,93,91,54107
1.8768,0.2346,38.55,93,91,54110
1.9599,0.2493,38.36,93,91,54114
1.9110,0.2542,38.55,93,91,54117
1.9013,0.2297,38.55,93,91,54120
1.9062,0.2395,38.62,93,91,54123
1.8964,0.2346,38.55,93,91,54127
1.9501,0.2542,38.36,93,91,54130
1.9013,0.2493,38.49,93,91,54133
1.8964,0.2297,38.52,93,91,54136
1.9110,0.2346,38.58,93,91,54140
1.9110,0.2346,38.46,93,91,54144
1.9697,0.2542,38.36,93,91,54147
1.9062,0.2297,38.55,93,91,54150
1.8866,0.2346,38.52,93,91,54154
1.8719,0.2395,38.58,93,91,54157
1.8475,0.2346,38.68,93,91,54160
1.8817,0.2542,38.33,93,91,54163
1.8475,0.2395,38.49,93,91,54167
1.8084,0.2297,38.74,93,91,54170
1.8231,0.2395,38.62,93,91,54173
1.8280,0.2346,38.55,93,91,54176
1.8915,0.2639,38.33,93,91,54180
1.8524,0.2493,38.55,93,91,54183
1.8475,0.2297,38.24,93,91,54187
1.8573,0.2297,38.55,93,91,54190
1.8671,0.2346,38.58,93,91,54194
1.9355,0.2542,38.55,93,91,54197
1.9013,0.2346,38.58,93,91,54200
1.9013,0.2346,38.52,93,91,54203
1.9208,0.2444,38.52,93,91,54207
1.9110,0.2395,38.52,93,91,54210
1.9648,0.2542,38.52,93,91,54213
1.9208,0.2297,38.46,93,91,54216
1.9013,0.2297,38.49,93,91,54220
1.9062,0.2297,38.55,93,91,54223
1.9159,0.2346,38.58,93,91,54226
1.9892,0.2542,38.36,93,91,54230
1.9550,0.2395,38.46,93,91,54234
1.9501,0.2493,38.62,93,91,54237
1.9550,0.2346,38.55,93,91,54240
1.9648,0.2346,38.55,93,91,54243
2.0186,0.2786,38.30,93,91,54247
1.9697,0.2346,38.55,93,91,54250
1.9746,0.2346,38.55,93,91,54253
1.9990,0.2346,38.52,93,91,54256
2.0039,0.2346,38.52,93,91,54260
2.0772,0.2297,38.33,93,91,54263
2.0381,0.2346,38.46,93,91,54266
2.0137,0.2297,38.55,93,91,54269
1.9990,0.2395,38.55,93,91,54274
1.9697,0.2444,38.58,93,91,54277
2.0088,0.2493,38.49,93,91,54280
1.9453,0.2395,38.46,93,91,54283
1.9159,0.2346,38.55,93,91,54287
1.9013,0.2493,38.55,93,91,54290
1.8915,0.2346,38.58,93,91,54293
1.9453,0.2493,38.33,93,91,54296
1.8866,0.2395,38.52,93,91,54300
1.8817,0.2395,38.55,93,91,54303
1.8768,0.2395,38.55,93,91,54306
1.8719,0.2346,38.55,93,91,54309
1.9306,0.2493,38.30,93,91,54313
1.9208,0.2395,38.49,93,91,54317
1.9159,0.2297,38.58,93,91,54320
1.9110,0.2395,38.52,93,91,54323
1.8768,0.2346,38.55,93,91,54327
1.8915,0.2444,38.27,93,91,54330
1.8182,0.2346,38.52,93,91,54333
1.7840,0.2346,38.55,93,91,54336
1.7840,0.2346,38.55,93,91,54340
1.7840,0.2346,38.58,93,91,54343
1.8426,0.2444,38.27,93,91,54346
1.7889,0.2346,38.52,93,91,54349
1.7791,0.2297,38.62,93,91,54353
1.7840,0.2395,38.58,93,91,54356
1.7937,0.2297,38.58,93,91,54360
1.8671,0.2444,38.27,93,91,54363
1.8622,0.2346,38.49,93,91,54367
1.8817,0.2346,38.62,93,91,54370
1.9306,0.2395,38.52,93,91,54373
1.9844,0.2346,38.55,93,91,54376
2.1505,0.2444,38.27,93,91,54380
2.2532,0.2395,38.43,93,91,54383
2.4438,0.2297,38.62,93,91,54386
2.6979,0.2395,38.55,93,91,54389
2.9423,0.2297,38.55,93,91,54393
3.2502,0.2444,38.30,93,91,54396
3.3040,0.2297,38.55,93,91,54400
3.2845,0.2346,38.58,93,91,54403
3.1183,0.2395,38.46,93,91,54407
2.8152,0.2346,38.68,93,91,54410
2.6051,0.2444,38.27,93,91,54413
2.2434,0.2590,38.46,93,91,54416
1.9844,0.2346,38.68,93,91,54420
1.7889,0.2395,38.52,93,91,54423
1.6129,0.2346,38.55,93,91,54426
1.5347,0.2590,38.27,93,91,54429
1.4223,0.2346,38.49,93,91,54433
1.3734,0.2346,38.55,93,91,54436
1.3490,0.2346,38.52,93,91,54439
1.3539,0.2346,38.55,93,91,54443
1.4125,0.2444,38.30,93,91,54447
1.4174,0.2297,38.55,93,91,54450
1.4809,0.2346,38.58,93,91,54453
1.5347,0.2395,38.43,93,91,54456
1.5689,0.2395,38.55,93,91,54461
1.5347,0.2346,38.58,93,91,54464
1.5836,0.2493,38.40,93,91,54467
1.5445,0.2444,38.52,93,91,54471
1.5249,0.2346,38.49,93,91,54474
1.5200,0.2346,38.52,93,91,54477
1.5347,0.2346,38.55,93,91,54480
1.5836,0.2493,38.36,93,91,54484
1.5591,0.2395,38.65,93,91,54488
1.6080,0.2346,38.52,93,91,54491
1.5836,0.2346,38.58,93,91,54494
1.5982,0.2346,38.62,93,91,54498
1.6618,0.2493,38.36,93,91,54501
1.6667,0.2395,38.49,93,91,54504
1.6569,0.2297,38.46,93,91,54507
1.6716,0.2395,38.71,93,91,54511
1.6667,0.2346,38.58,93,91,54514
1.7400,0.2542,38.36,93,91,54517
1.6764,0.2395,38.46,93,91,54520
1.6618,0.2297,38.65,93,91,54524
1.6618,0.2346,38.62,93,91,54528
1.6569,0.2395,38.58,93,91,54531
1.6911,0.2542,38.43,93,91,54534
1.6422,0.2395,38.58,93,91,54538
1.6618,0.2297,38.52,93,91,54541
1.6716,0.2346,38.68,93,91,54544
1.6764,0.2297,38.62,93,91,54547
1.7302,0.2542,38.46,93,91,54551
1.7009,0.2297,38.52,93,91,54554
1.6960,0.2297,38.52,93,91,54557
1.7058,0.2395,38.65,93,91,54560
1.6960,0.2346,38.58,93,91,54564
1.7351,0.2542,38.30,93,91,54567
1.6960,0.2395,38.46,93,91,54571
1.6911,0.2297,38.55,93,91,54574
1.7253,0.2346,38.58,93,91,54578
1.7009,0.2297,38.55,93,91,54581
1.7498,0.2493,38.30,93,91,54584
1.6911,0.2346,38.52,93,91,54587
1.7009,0.2346,38.55,93,91,54591
1.6960,0.2346,38.55,93,91,54594
1.6960,0.2346,38.58,93,91,54597
1.7351,0.2542,38.36,93,91,54600
1.7107,0.2395,38.49,93,91,54604
1.7204,0.2297,38.55,93,91,54607
1.7546,0.2395,38.55,93,91,54610
1.7449,0.2346,38.58,93,91,54614
1.8524,0.2542,38.33,93,91,54618
1.8622,0.2297,38.43,93,91,54621
1.8768,0.2346,38.55,93,91,54624
1.8671,0.2395,38.62,93,91,54627
1.8475,0.2297,38.58,93,91,54631
1.8866,0.2493,38.30,93,91,54634
1.8084,0.2395,38.52,93,91,54637
1.7889,0.2297,37.80,93,91,54640
1.7791,0.2297,38.55,93,91,54644
1.7791,0.2346,38.55,93,91,54647
1.8133,0.2542,38.27,93,91,54650
1.7937,0.2395,38.52,93,91,54653
1.8231,0.2346,38.55,93,91,54658
1.8426,0.2395,38.55,93,91,54661
1.8475,0.2395,38.58,93,91,54664
1.9062,0.2493,38.24,93,91,54667
1.8768,0.2346,38.46,93,91,54671
1.8768,0.2346,38.58,93,91,54674
1.8671,0.2346,38.55,93,91,54677
1.8622,0.2346,38.68,93,91,54680
1.9208,0.2493,38.33,93,91,54684
1.8866,0.2346,38.52,93,91,54687
1.8915,0.2346,38.52,93,91,54690
1.9062,0.2297,38.55,93,91,54693
1.9062,0.2346,38.55,93,91,54697
1.9599,0.2395,38.27,93,91,54701
1.9208,0.2395,38.49,93,91,54704
1.8915,0.2346,38.58,93,91,54707
1.9062,0.2395,38.55,93,91,54711
1.9062,0.2346,38.58,93,91,54714
1.9453,0.2444,38.27,93,91,54717
1.9013,0.2346,38.46,93,91,54720
1.8915,0.2346,38.58,93,91,54724
1.8915,0.2346,38.55,93,91,54727
1.8719,0.2297,38.55,93,91,54730
1.9306,0.2444,38.30,93,91,54733
1.9062,0.2346,38.52,93,91,54737
1.9013,0.2248,38.55,93,91,54740
1.8866,0.2395,38.74,93,91,54744
1.8768,0.2297,38.62,93,91,54747
1.9844,0.2542,38.27,93,91,54751
1.9306,0.2346,38.46,93,91,54754
1.9062,0.2297,38.62,93,91,54757
1.9013,0.2395,38.55,93,91,54760
1.8866,0.2346,38.58,93,91,54764
1.9306,0.2444,38.21,93,91,54767
1.8817,0.2346,38.40,93,91,54770
1.8671,0.2346,38.58,93,91,54773
1.8622,0.2639,38.55,93,91,54777
1.8671,0.2346,38.65,93,91,54780
1.9208,0.2444,38.27,93,91,54784
1.8866,0.2346,38.55,93,91,54787
1.8768,0.2590,38.58,93,91,54791
1.8768,0.2395,38.52,93,91,54794
1.8426,0.2346,38.55,93,91,54797
1.8573,0.2444,38.30,93,91,54800
1.7986,0.2737,38.49,93,91,54804
1.7644,0.2297,38.58,93,91,54807
1.7742,0.2395,38.52,93,91,54810
1.7595,0.2346,38.62,93,91,54813
1.8231,0.2444,38.36,93,91,54817
1.8084,0.2346,38.43,93,91,54820
1.8280,0.2346,38.58,93,91,54823
1.8475,0.2395,38.55,93,91,54827
1.8426,0.2346,38.58,93,91,54831
1.9110,0.2444,38.30,93,91,54834
1.8768,0.2346,38.55,93,91,54837
1.8671,0.2346,38.58,93,91,54840
1.8671,0.2395,38.55,93,91,54844
1.8426,0.2346,38.58,93,91,54847
1.9306,0.2444,38.30,93,91,54850
1.8817,0.2395,38.52,93,91,54853
1.8768,0.2346,38.58,93,91,54857
1.8915,0.2297,38.52,93,91,54860
1.8817,0.2346,38.58,93,91,54863
1.9306,0.2444,38.27,93,91,54866
1.8915,0.2297,38.52,93,91,54871
1.9110,0.2346,38.55,93,91,54874
1.9159,0.2297,38.55,93,91,54877
1.9257,0.2297,38.58,93,91,54880
1.9746,0.2444,38.30,93,91,54884
1.9208,0.2346,38.55,93,91,54887
1.9306,0.2248,38.58,93,91,54890
1.9453,0.2395,38.58,93,91,54893
1.9208,0.2346,38.74,93,91,54897
1.9453,0.2395,38.30,93,91,54900
1.9013,0.2639,38.49,93,91,54903
1.8622,0.2346,38.65,93,91,54906
1.8622,0.2444,38.58,93,91,54910
1.8524,0.2346,38.58,93,91,54914
1.8622,0.2444,38.27,93,91,54917
1.8231,0.2346,38.40,93,91,54920
1.8035,0.2346,38.55,93,91,54924
1.8182,0.2346,38.55,93,91,54927
1.8280,0.2346,38.71,93,91,54930
1.8817,0.2444,38.33,93,91,54933
1.8524,0.2297,38.55,93,91,54937
1.8671,0.2346,38.55,93,91,54940
1.8915,0.2590,38.52,93,91,54943
1.8719,0.2346,38.52,93,91,54946
1.8964,0.2444,38.30,93,91,54950
1.8426,0.2395,38.49,93,91,54953
1.8035,0.2346,38.58,93,91,54957
1.7986,0.2395,38.58,93,91,54960
1.7546,0.2346,38.58,93,91,54964
1.7840,0.2786,38.33,93,91,54967
1.7449,0.2395,38.52,93,91,54970
1.7253,0.2297,38.58,93,91,54973
1.7400,0.2590,38.55,93,91,54977
1.7400,0.2346,38.58,93,91,54980
1.8084,0.2444,38.33,93,91,54983
1.8035,0.2346,38.52,93,91,54986
1.8426,0.2297,38.62,93,91,54990
1.9062,0.2395,38.55,93,91,54993
1.9599,0.2346,38.58,93,91,54996
2.1114,0.2395,38.33,93,91,55000
2.2385,0.2444,38.46,93,91,55004
2.4096,0.2297,38.55,93,91,55007
2.6882,0.2297,38.49,93,91,55010
2.9130,0.2346,38.62,93,91,55013
3.2307,0.2395,38.33,93,91,55017
3.3578,0.2297,38.49,93,91,55020
3.3724,0.2346,38.55,93,91,55023
3.2405,0.2639,38.55,93,91,55026
2.9277,0.2346,38.58,93,91,55030
2.6246,0.2346,38.33,93,91,55033
2.2434,0.2346,38.55,93,91,55036
1.9648,0.2297,38.58,93,91,55040
1.7644,0.2395,38.52,93,91,55044
1.5885,0.2346,38.55,93,91,55047
1.5005,0.2346,38.33,93,91,55050
1.4125,0.2346,38.46,93,91,55053
1.3685,0.2346,38.58,93,91,55057
1.3587,0.2444,38.46,93,91,55060
1.3343,0.2346,38.62,93,91,55063
1.3587,0.2395,37.56,93,91,55066
1.5298,0.2542,38.27,93,91,55070
1.4858,0.2493,38.52,93,91,55073
1.5103,0.2297,38.58,93,91,55077
1.5445,0.2395,38.55,93,91,55080
1.5738,0.2346,38.62,93,91,55084
1.6422,0.2493,38.27,93,91,55087
1.6471,0.2395,38.49,93,91,55091
1.6422,0.2346,38.62,93,91,55094
1.6520,0.2395,38.52,93,91,55097
1.6373,0.2346,38.62,93,91,55100
1.6569,0.2493,38.30,93,91,55104
1.6031,0.2346,38.46,93,91,55107
1.5640,0.2395,38.58,93,91,55110
1.5494,0.2346,38.62,93,91,55113
1.5445,0.2346,38.62,93,91,55117
1.5885,0.2395,38.30,93,91,55120
1.5543,0.2346,38.52,93,91,55123
1.5738,0.2346,38.58,93,91,55127
1.5934,0.2297,38.52,93,91,55131
1.5836,0.2346,38.62,93,91,55134
1.6422,0.2542,38.27,93,91,55137
1.6227,0.2395,38.52,93,91,55140
1.6325,0.2297,38.58,93,91,55144
1.6471,0.2395,38.52,93,91,55147
1.6325,0.2590,38.55,93,91,55150
1.6716,0.2444,38.49,93,91,55153
1.6373,0.2346,38.46,93,91,55157
1.6422,0.2346,38.58,93,91,55160
1.6569,0.2395,38.55,93,91,55163
1.6667,0.2346,38.55,93,91,55166
1.7253,0.2444,38.27,93,91,55171
1.6813,0.2297,38.55,93,91,55174
1.6764,0.2199,38.58,93,91,55177
1.6716,0.2395,38.68,93,91,55180
1.6667,0.2346,38.58,93,91,55184
1.7058,0.2297,38.33,93,91,55187
1.6764,0.2395,38.49,93,91,55190
1.6618,0.2297,38.62,93,91,55193
1.6716,0.2395,38.58,93,91,55197
1.6667,0.2346,38.58,93,91,55200
1.7107,0.2444,38.27,93,91,55203
1.6764,0.2346,38.52,93,91,55206
1.6764,0.2297,38.58,93,91,55211
1.6862,0.2346,38.55,93,91,55214
1.6813,0.2346,38.58,93,91,55217
1.7351,0.2444,38.33,93,91,55220
1.7058,0.2346,38.49,93,91,55224
1.7204,0.2297,38.58,93,91,55227
1.7253,0.2444,38.55,93,91,55230
1.7107,0.2493,38.55,93,91,55233
1.7498,0.2444,38.40,93,91,55237
1.7204,0.2395,38.49,93,91,55240
1.7107,0.2395,38.55,93,91,55243
1.7302,0.2493,38.55,93,91,55246
1.7302,0.2346,38.55,93,91,55250
1.8084,0.2444,38.30,93,91,55254
1.7889,0.2444,38.46,93,91,55257
1.7791,0.2346,38.52,93,91,55260
1.8035,0.2346,38.55,93,91,55264
1.8035,0.2346,38.55,93,91,55267
1.8475,0.2444,38.30,93,91,55270
1.7937,0.2346,38.55,93,91,55273
1.7889,0.2346,38.55,93,91,55277
1.7937,0.2688,38.52,93,91,55280
1.7791,0.2346,38.62,93,91,55283
1.8280,0.2444,38.30,93,91,55286
1.8377,0.2395,38.46,93,91,55290
1.8133,0.2297,38.58,93,91,55293
1.8328,0.2395,38.58,93,91,55297
1.8231,0.2297,38.55,93,91,55300
1.8768,0.2395,38.30,93,91,55304
1.8280,0.2346,38.46,93,91,55307
1.8133,0.2346,38.68,93,91,55310
1.8133,0.2395,38.55,93,91,55313
1.8426,0.2395,38.55,93,91,55317
1.8524,0.2493,38.33,93,91,55320
1.8133,0.2346,38.52,93,91,55323
1.8231,0.2297,38.55,93,91,55326
1.8524,0.2395,38.52,93,91,55330
1.8426,0.2346,38.55,93,91,55333
1.8768,0.2493,38.27,93,91,55336
1.8475,0.2395,38.62,93,91,55340
1.8377,0.2346,38.55,93,91,55344
1.8475,0.2395,38.52,93,91,55347
1.8328,0.2346,38.58,93,91,55350
1.8671,0.2444,38.40,93,91,55353
1.8182,0.2346,38.02,93,91,55357
1.8035,0.2297,38.58,93,91,55360
1.7937,0.2444,38.55,93,91,55363
1.7889,0.2346,38.58,93,91,55366
1.8231,0.2297,38.30,93,91,55370
1.7840,0.2346,38.58,93,91,55373
1.7840,0.2639,38.58,93,91,55376
1.7937,0.2395,38.49,93,91,55379
1.7742,0.2297,38.58,93,91,55384
1.8475,0.2444,38.30,93,91,55387
1.7840,0.2395,38.46,93,91,55390
1.7693,0.2297,38.58,93,91,55393
1.7889,0.2395,38.52,93,91,55397
1.7840,0.2346,38.58,93,91,55400
1.8377,0.2444,38.27,93,91,55403
1.8084,0.2297,38.65,93,91,55406
1.8133,0.2346,38.58,93,91,55410
1.8280,0.2444,38.55,93,91,55413
1.8426,0.2346,37.80,93,91,55416
1.8866,0.2444,38.30,93,91,55419
1.8328,0.2346,38.55,93,91,55424
1.8231,0.2297,38.46,93,91,55427
1.8182,0.2444,38.52,93,91,55430
1.7791,0.2297,38.55,93,91,55433
1.8035,0.2444,38.30,93,91,55437
1.7742,0.2395,38.33,93,91,55440
1.7693,0.2346,38.58,93,91,55443
1.7791,0.2444,38.55,93,91,55446
1.7693,0.2248,38.55,93,91,55450
1.8231,0.2444,38.36,93,91,55453
1.8035,0.2395,38.40,93,91,55456
1.8328,0.2346,38.55,93,91,55459
1.8377,0.2395,38.52,93,91,55463
1.8377,0.2346,38.55,93,91,55467
1.8915,0.2395,38.33,93,91,55470
1.8573,0.2297,38.55,93,91,55473
1.8622,0.2248,38.55,93,91,55477
1.8866,0.2444,38.52,93,91,55480
1.8719,0.2346,38.58,93,91,55483
1.9208,0.2297,38.30,93,91,55486
1.8915,0.2444,38.43,93,91,55490
1.8768,0.2346,38.49,93,91,55493
1.8915,0.2444,38.46,93,91,55496
1.8622,0.2297,38.58,93,91,55499
1.9159,0.2444,38.30,93,91,55503
1.8915,0.2395,38.49,93,91,55506
1.9013,0.2346,38.58,93,91,55510
1.9355,0.2395,38.52,93,91,55513
1.9062,0.2346,38.68,93,91,55517
1.9404,0.2395,38.33,93,91,55520
1.8866,0.2346,38.55,93,91,55523
1.8817,0.2639,38.58,93,91,55526
1.8817,0.2395,38.62,93,91,55530
1.8426,0.2346,38.58,93,91,55533
1.8671,0.2444,38.36,93,91,55536
1.8133,0.2444,38.46,93,91,55539
1.7937,0.2346,38.43,93,91,55543
1.8084,0.2444,38.46,93,91,55546
1.7840,0.2297,38.58,93,91,55549
1.8084,0.2395,38.36,93,91,55553
1.7693,0.2395,38.52,93,91,55557
1.7595,0.2346,38.58,93,91,55560
1.7595,0.2395,38.55,93,91,55563
1.7546,0.2346,38.65,93,91,55566
1.8280,0.2395,38.36,93,91,55570
1.7693,0.2444,38.58,93,91,55573
1.7986,0.2346,38.58,93,91,55576
1.8328,0.2444,38.49,93,91,55579
1.8084,0.2297,38.58,93,91,55583
1.8133,0.2444,38.33,93,91,55586
1.7595,0.2395,38.46,93,91,55589
1.7204,0.2297,38.62,93,91,55592
1.7107,0.2444,38.46,93,91,55597
1.6764,0.2346,38.55,93,91,55600
1.7009,0.2346,38.36,93,91,55603
1.6813,0.2346,38.52,93,91,55606
1.6960,0.2395,38.58,93,91,55610
1.7302,0.2395,38.46,93,91,55613
1.7595,0.2297,38.55,93,91,55616
1.8328,0.2444,38.43,93,91,55619
1.8622,0.2346,38.58,93,91,55623
1.9453,0.2297,38.62,93,91,55626
2.0723,0.2444,38.49,93,91,55629
2.1945,0.2346,38.55,93,91,55632
2.4096,0.2395,38.36,93,91,55636
2.6051,0.2346,38.46,93,91,55640
2.8299,0.2346,38.55,93,91,55643
3.1134,0.2444,38.43,93,91,55646
3.2454,0.2297,38.81,93,91,55650
3.3333,0.2395,38.36,93,91,55653
3.1476,0.2346,38.49,93,91,55656
2.8690,0.2444,38.58,93,91,55659
2.5758,0.2395,38.52,93,91,55663
2.2825,0.2346,38.55,93,91,55666
2.0626,0.2639,38.36,93,91,55669
1.8280,0.2346,38.55,93,91,55672
1.6716,0.2297,38.58,93,91,55676
1.5640,0.2444,38.49,93,91,55680
1.3881,0.2395,38.58,93,91,55683
1.4272,0.2346,38.55,93,91,55687
1.4761,0.2493,38.27,93,91,55690
1.5005,0.2346,38.49,93,91,55693
1.4858,0.2297,38.58,93,91,55697
1.5152,0.2297,38.55,93,91,55700
1.5298,0.2346,38.58,93,91,55703
1.6031,0.2444,38.27,93,91,55706
1.5982,0.2346,38.55,93,91,55710
1.6129,0.2346,38.62,93,91,55713
1.6129,0.2346,38.52,93,91,55716
1.5934,0.2395,38.58,93,91,55719
1.6276,0.2444,38.27,93,91,55724
1.5982,0.2297,38.49,93,91,55727
1.5836,0.2395,38.55,93,91,55730
1.5982,0.2444,38.52,93,91,55733
1.5982,0.2346,38.02,93,91,55737
1.6520,0.2444,38.30,93,91,55740
1.6422,0.2346,38.49,93,91,55743
1.6471,0.2346,38.62,93,91,55746
1.6618,0.2395,38.55,93,91,55750
1.6618,0.2346,38.58,93,91,55753
1.6911,0.2395,38.27,93,91,55756
1.6373,0.2346,38.52,93,91,55759
1.6422,0.2297,38.55,93,91,55763
1.6471,0.2395,38.52,93,91,55767
1.6618,0.2346,38.58,93,91,55770
1.7253,0.2444,38.36,93,91,55773
1.7107,0.2395,37.77,93,91,55777
1.7009,0.2346,38.58,93,91,55780
1.7107,0.2395,38.55,93,91,55783
1.7009,0.2395,38.55,93,91,55786
1.7351,0.2297,38.33,93,91,55790
1.7107,0.2346,38.49,93,91,55793
1.7058,0.2444,38.55,93,91,55796
1.7253,0.2346,38.49,93,91,55799
1.7400,0.2297,38.58,93,91,55803
1.7889,0.2444,38.33,93,91,55806
1.7400,0.2297,38.55,93,91,55810
1.7400,0.2346,38.55,93,91,55813
1.7351,0.2395,38.52,93,91,55817
1.7058,0.2346,38.58,93,91,55820
1.7400,0.2444,38.30,93,91,55823
1.7351,0.2395,38.49,93,91,55826
1.7107,0.2444,38.43,93,91,55830
1.7351,0.2786,38.55,93,91,55833
1.7253,0.2297,38.58,93,91,55836
1.7693,0.2444,38.27,93,91,55839
1.7498,0.2346,38.49,93,91,55843
1.7449,0.2346,38.68,93,91,55846
1.7546,0.2297,38.52,93,91,55849
1.7498,0.2395,38.55,93,91,55853
1.7986,0.2444,38.33,93,91,55857
1.7742,0.2346,38.62,93,91,55860
1.7986,0.2346,38.62,93,91,55863
1.8328,0.2346,38.55,93,91,55866
1.8231,0.2297,38.55,93,91,55870
1.8622,0.2444,38.43,93,91,55873
1.8133,0.2395,38.49,93,91,55876
1.8035,0.2346,38.58,93,91,55879
1.8084,0.2444,38.49,93,91,55883
1.7889,0.2346,38.58,93,91,55886
1.8377,0.2395,38.33,93,91,55889
1.8231,0.2395,38.52,93,91,55892
1.8182,0.2444,38.58,93,91,55897
1.8377,0.2395,38.62,93,91,55900
1.8426,0.2297,38.58,93,91,55903
1.8866,0.2395,38.33,93,91,55906
1.8524,0.2346,38.55,93,91,55910
1.8671,0.2297,37.83,93,91,55913
1.8964,0.2395,38.52,93,91,55916
1.8866,0.2346,38.58,93,91,55919
1.9404,0.2444,38.33,93,91,55923
1.9257,0.2395,38.49,93,91,55926
1.9208,0.2346,38.55,93,91,55929
1.9550,0.2395,38.49,93,91,55932
1.9355,0.2346,38.52,93,91,55937
1.9795,0.2395,38.40,93,91,55940
1.9453,0.2297,38.55,93,91,55943
1.9453,0.2395,38.55,93,91,55946
1.9404,0.2639,38.52,93,91,55950
1.9306,0.2297,38.55,93,91,55953
1.9697,0.2395,38.33,93,91,55956
1.9257,0.2346,38.55,93,91,55959
1.9355,0.2346,38.55,93,91,55963
1.9550,0.2444,38.55,93,91,55966
1.9306,0.2346,38.58,93,91,55969
1.9648,0.2444,38.33,93,91,55972
1.9306,0.2688,38.46,93,91,55976
1.9013,0.2346,38.55,93,91,55980
1.9159,0.2444,38.49,93,91,55983
1.8866,0.2346,38.52,93,91,55986
1.9306,0.2395,38.33,93,91,55990
1.9013,0.2395,38.08,93,91,55993
1.9208,0.2346,38.58,93,91,55996
1.9159,0.2395,38.52,93,91,55999
1.9159,0.2346,38.58,93,91,56003
1.9697,0.2444,38.33,93,91,56006
1.9110,0.2346,38.58,93,91,56009
1.9062,0.2346,38.58,93,91,56012
1.9110,0.2444,38.49,93,91,56016
1.8768,0.2346,38.58,93,91,56019
1.8964,0.2395,38.33,93,91,56023
1.8573,0.2346,38.46,93,91,56026
1.8377,0.2346,38.58,93,91,56030
1.8426,0.2297,38.49,93,91,56033
1.8328,0.2346,38.55,93,91,56036
1.8817,0.2395,38.33,93,91,56039
1.8622,0.2346,38.52,93,91,56043
1.8719,0.2346,38.58,93,91,56046
1.8719,0.2639,38.55,93,91,56049
1.8622,0.2346,38.58,93,91,56052
1.8915,0.2395,38.33,93,91,56056
1.8671,0.2346,38.58,93,91,56059
1.8817,0.2346,37.99,93,91,56062
1.9110,0.2444,38.46,93,91,56066
1.8817,0.2346,38.55,93,91,56070
1.9110,0.2346,38.33,93,91,56073
1.8817,0.2346,38.43,93,91,56076
1.8719,0.2346,38.58,93,91,56079
1.8817,0.2444,38.46,93,91,56083
1.8768,0.2346,38.55,93,91,56086
1.9257,0.2395,38.30,93,91,56089
1.9062,0.2346,38.52,93,91,56092
1.9110,0.2346,38.55,93,91,56096
1.9257,0.2444,38.52,93,91,56099
1.9257,0.2297,38.58,93,91,56102
1.9892,0.2395,38.40,93,91,56105
1.9355,0.2346,38.58,93,91,56110
1.9501,0.2346,38.58,93,91,56113
1.9892,0.2395,38.46,93,91,56116
1.9844,0.2346,38.58,93,91,56119
2.0186,0.2688,38.36,93,91,56123
2.0039,0.2346,38.46,93,91,56126
1.9941,0.2395,38.58,93,91,56129
2.0137,0.2493,38.40,93,91,56132
1.9990,0.2297,38.58,93,91,56135
2.0381,0.2493,38.40,93,91,56139
2.0088,0.2346,38.55,93,91,56142
2.0137,0.2346,38.58,93,91,56145
2.0186,0.2395,38.55,93,91,56148
1.9990,0.2346,38.55,93,91,56153
2.0088,0.2297,38.40,93,91,56156
1.9599,0.2346,38.58,93,91,56159
1.9697,0.2346,38.58,93,91,56162
1.9599,0.2395,38.43,93,91,56166
1.9404,0.2395,38.55,93,91,56169
1.9648,0.2346,38.43,93,91,56172
1.9404,0.2346,38.52,93,91,56175
1.9355,0.2786,38.55,93,91,56179
1.9257,0.2737,38.46,93,91,56182
1.8817,0.2297,38.62,93,91,56185
1.9110,0.2346,38.43,93,91,56188
1.8182,0.2688,38.52,93,91,56193
1.7986,0.2346,38.58,93,91,56196
1.7889,0.2395,38.52,93,91,56199
1.7742,0.2395,38.62,93,91,56202
1.7937,0.2395,38.43,93,91,56206
1.7742,0.2346,38.65,93,91,56209
1.7840,0.2297,38.58,93,91,56212
1.8280,0.2493,38.46,93,91,56215
1.8133,0.2395,38.55,93,91,56219
1.8475,0.2346,38.46,93,91,56222
1.8231,0.2297,38.58,93,91,56225
1.8280,0.2346,38.58,93,91,56228
1.8328,0.2444,38.46,93,91,56232
1.7937,0.2346,38.62,93,91,56236
1.8475,0.2346,38.43,93,91,56239
1.7840,0.2835,38.65,93,91,56242
1.7937,0.2346,38.58,93,91,56246
1.8377,0.2395,38.49,93,91,56249
1.8817,0.2297,38.55,93,91,56252
1.9892,0.2395,38.58,93,91,56255
2.0821,0.2297,38.55,93,91,56259
2.2287,0.2346,38.52,93,91,56262
2.4536,0.2444,38.65,93,91,56265
2.6442,0.2346,38.55,93,91,56268
2.9228,0.2395,38.46,93,91,56272
3.0938,0.2297,38.52,93,91,56275
3.2356,0.2297,38.58,93,91,56279
3.2698,0.2395,38.49,93,91,56282
3.0694,0.2395,38.62,93,91,56286
2.8397,0.2493,38.46,93,91,56289
2.4976,0.2346,38.58,94,91,56292
1.5103,0.2297,38.58,94,91,56296
1.4516,0.2639,38.62,94,91,56299
1.4272,0.2444,38.21,94,91,56302
1.3881,0.2346,38.46,94,91,56305
1.4027,0.2297,38.15,94,91,56309
1.3832,0.2346,38.49,94,91,56312
1.3978,0.2297,38.77,94,91,56315
1.4418,0.2395,38.43,94,91,56318
1.4467,0.2346,38.58,94,91,56323
1.4858,0.2395,38.33,94,91,56326
1.4858,0.2346,38.52,94,91,56329
1.5103,0.2297,38.58,94,91,56332
1.5445,0.2346,38.49,94,91,56336
1.5640,0.2346,38.52,94,91,56339
1.5934,0.2395,38.40,94,91,56342
1.5982,0.2346,38.58,94,91,56345
1.6080,0.2639,38.62,94,91,56349
1.6373,0.2444,38.46,94,91,56352
1.6422,0.2297,38.58,94,91,56355
1.6764,0.2444,38.40,94,91,56358
1.6569,0.2346,38.21,94,91,56363
1.6422,0.2346,38.55,94,91,56366
1.6520,0.2444,38.43,94,91,56369
1.5689,0.2346,38.21,94,91,56372
1.5640,0.2346,38.43,94,91,56376
1.5298,0.2444,38.58,94,91,56379
1.5298,0.2346,38.58,94,91,56382
1.5543,0.2297,38.52,94,91,56385
1.5494,0.2395,38.55,94,91,56389
1.5738,0.2346,38.11,94,91,56392
1.5689,0.2346,38.62,94,91,56395
1.5934,0.2346,38.58,94,91,56398
1.6325,0.2444,38.46,94,91,56402
1.6325,0.2639,38.58,94,91,56406
1.6667,0.2346,38.43,94,91,56409
1.6569,0.2346,38.49,94,91,56412
1.6618,0.2444,38.55,94,91,56416
1.6764,0.2542,38.49,94,91,56419
1.6716,0.2346,38.55,94,91,56422
1.7302,0.2346,38.43,94,91,56425
1.6716,0.2297,38.55,94,91,56429
1.6862,0.2346,37.96,94,91,56432
1.7058,0.2395,38.52,94,91,56435
1.7107,0.2346,38.62,94,91,56438
1.7302,0.2444,38.40,94,91,56442
1.6862,0.2346,38.74,94,91,56445
1.6764,0.2297,38.58,94,91,56449
1.6911,0.2444,38.55,94,91,56452
1.6813,0.2395,38.55,94,91,56456
1.7155,0.2346,38.71,94,91,56459
1.7155,0.2297,38.52,94,91,56462
1.7253,0.2346,38.55,94,91,56465
1.7400,0.2346,38.55,94,91,56469
1.7253,0.2346,38.58,94,91,56472
1.7644,0.2346,38.43,94,91,56475
1.7351,0.2395,38.55,94,91,56478
1.7498,0.2346,38.58,94,91,56482
1.7644,0.2346,38.49,94,91,56485
1.7498,0.2346,38.58,94,91,56488
1.7595,0.2346,38.46,94,91,56492
1.7155,0.2346,38.49,94,91,56496
1.7058,0.2297,38.55,94,91,56499
1.7351,0.2493,38.43,94,91,56502
1.7155,0.2444,38.68,94,91,56505
1.7546,0.2346,38.40,94,91,56509
1.7253,0.2346,38.55,94,91,56512
1.7449,0.2346,38.58,94,91,56515
1.7644,0.2444,38.49,94,91,56518
1.7449,0.2346,38.58,94,91,56522
1.7840,0.2395,38.46,94,91,56525
1.7644,0.2444,38.55,94,91,56528
1.7840,0.2395,38.62,94,91,56531
1.8084,0.2395,38.52,94,91,56536
1.8182,0.2346,38.68,94,91,56539
1.8622,0.2444,38.52,94,91,56542
1.8475,0.2346,38.68,94,91,56545
1.8622,0.2346,38.58,94,91,56549
1.8817,0.2444,38.43,94,91,56552
1.8524,0.2395,38.62,94,91,56555
1.8817,0.2444,38.46,94,91,56558
1.8671,0.2346,38.55,94,91,56562
1.8768,0.2395,38.58,94,91,56565
1.9062,0.2395,38.43,94,91,56568
1.8866,0.2297,38.58,94,91,56571
1.9159,0.2395,38.46,94,91,56576
1.8866,0.2346,38.68,94,91,56579
1.8768,0.2346,38.55,94,91,56582
1.8964,0.2297,38.52,94,91,56585
1.8524,0.2444,38.52,94,91,56589
1.8719,0.2444,38.40,94,91,56592
1.8328,0.2346,38.58,94,91,56595
1.8377,0.2346,38.55,94,91,56598
1.8622,0.2444,38.46,94,91,56602
1.8475,0.2346,38.52,94,91,56605
1.8768,0.2444,38.77,94,91,56608
1.8426,0.2346,38.55,94,91,56611
1.8573,0.2297,38.55,94,91,56615
1.8475,0.2493,38.43,94,91,56619
1.8231,0.2346,38.71,94,91,56622
1.8475,0.2444,38.43,94,91,56625
1.8231,0.2346,38.58,94,91,56629
1.8280,0.2297,38.55,94,91,56632
1.8426,0.2395,38.55,94,91,56635
1.8231,0.2297,38.55,94,91,56638
1.8426,0.2395,38.46,94,91,56642
1.8182,0.2444,38.58,94,91,56645
1.8328,0.2346,38.58,94,91,56648
1.8768,0.2297,38.43,94,91,56651
1.8768,0.2346,38.58,94,91,56655
1.8671,0.2395,38.49,94,91,56658
1.8328,0.2346,38.58,94,91,56662
1.8280,0.2346,38.65,94,91,56665
1.8328,0.2493,38.46,94,91,56669
1.7937,0.2346,38.68,94,91,56672
1.8133,0.2395,38.46,94,91,56675
1.7986,0.2346,38.55,94,91,56678
1.7889,0.2346,38.55,94,91,56682
1.8182,0.2786,38.55,94,91,56685
1.8231,0.2395,38.62,94,91,56688
1.8524,0.2444,38.43,94,91,56691
1.8671,0.2395,38.58,94,91,56695
1.8475,0.2493,38.55,94,91,56698
1.8768,0.2444,38.46,94,91,56701
1.8426,0.2395,38.55,94,91,56705
1.8866,0.2444,38.43,94,91,56709
1.8426,0.2395,38.58,94,91,56712
1.8622,0.2297,38.55,94,91,56715
1.8964,0.2444,38.49,94,91,56718
1.8768,0.2346,38.58,94,91,56722
1.8964,0.2395,38.43,94,91,56725
1.8475,0.2297,38.55,94,91,56728
1.8524,0.2346,38.58,94,91,56731
1.8426,0.2444,38.52,94,91,56735
1.8328,0.2346,38.62,94,91,56738
1.8866,0.2395,38.43,94,91,56741
1.8866,0.2444,38.58,94,91,56744
1.9159,0.2346,38.55,94,91,56749
1.9648,0.2493,38.43,94,91,56752
1.9550,0.2395,38.55,94,91,56755
1.9844,0.2444,38.40,94,91,56758
1.9697,0.2346,38.65,94,91,56762
1.9746,0.2346,38.58,94,91,56765
2.0039,0.2395,38.46,94,91,56768
1.9746,0.2346,38.49,94,91,56771
1.9746,0.2395,38.40,94,91,56775
1.9404,0.2395,38.55,94,91,56778
1.9159,0.2395,38.58,94,91,56781
1.9159,0.2395,38.62,94,91,56784
1.8964,0.2395,38.55,94,91,56788
1.9062,0.2444,38.43,94,91,56792
1.8719,0.2639,38.55,94,91,56795
1.8768,0.2346,38.62,94,91,56798
1.8964,0.2444,38.40,94,91,56802
1.8622,0.2346,38.55,94,91,56805
1.8426,0.2395,38.40,94,91,56808
1.7791,0.2346,38.62,94,91,56811
1.7302,0.2346,38.55,94,91,56815
1.7449,0.2444,38.43,94,91,56818
1.7155,0.2346,38.68,94,91,56821
1.7595,0.2395,38.46,94,91,56824
1.7498,0.2346,38.58,94,91,56828
1.7742,0.2395,38.58,94,91,56832
1.8328,0.2444,38.71,94,91,56835
1.8719,0.2346,38.55,94,91,56838
1.9453,0.2346,38.46,94,91,56842
1.9795,0.2346,38.55,94,91,56845
2.0332,0.2346,38.46,94,91,56848
2.1163,0.2444,38.40,94,91,56851
2.1359,0.2346,38.55,94,91,56855
2.1994,0.2395,38.52,94,91,56858
2.2287,0.2297,38.58,94,91,56861
2.2874,0.2346,38.58,94,91,56864
2.3705,0.2493,38.43,94,91,56868
2.3998,0.2346,38.55,94,91,56871
2.5122,0.2346,38.43,94,91,56875
2.6246,0.2346,38.55,94,91,56878
2.8152,0.2346,38.58,94,91,56882
3.0401,0.2444,38.55,94,91,56885
3.0743,0.2444,38.55,94,91,56888
3.0205,0.2395,38.58,94,91,56891
2.7713,0.2346,38.58,94,91,56895
2.4096,0.2346,38.58,94,91,56898
2.0283,0.2444,38.36,94,91,56901
0.9482,0.2395,38.46,94,91,56905
0.9824,0.2590,38.46,94,91,56908
1.1290,0.2346,38.46,94,91,56911
1.2268,0.2297,38.62,94,91,56914
1.3294,0.2346,38.65,94,91,56919
1.4174,0.2297,38.52,94,91,56922
1.4663,0.2346,38.58,94,91,56925
1.5298,0.2444,38.58,94,91,56928
1.5347,0.2346,38.65,94,91,56932
1.5640,0.2297,38.58,94,91,56935
1.5982,0.2590,38.43,94,91,56938
1.5982,0.2395,38.58,94,91,56941
1.6373,0.2444,38.46,94,91,56945
1.6276,0.2346,38.58,94,91,56948
1.6325,0.2346,38.58,94,91,56951
1.6618,0.2444,38.55,94,91,56954
1.6716,0.2346,38.58,94,91,56958
1.7058,0.2444,38.43,94,91,56962
1.6911,0.2346,38.58,94,91,56965
1.6960,0.2346,38.55,94,91,56968
1.7204,0.2444,38.55,94,91,56972
1.7204,0.2395,38.55,94,91,56975
1.7498,0.2297,38.46,94,91,56978
1.7058,0.2346,38.58,94,91,56981
1.7107,0.2297,38.62,94,91,56985
1.7302,0.2493,38.71,94,91,56988
1.6960,0.2346,38.77,94,91,56991
1.7107,0.2346,38.40,94,91,56994
1.6667,0.2297,38.55,94,91,56998
1.6569,0.2346,38.62,94,91,57001
1.6667,0.2444,38.52,94,91,57005
1.6422,0.2346,38.55,94,91,57008
1.6862,0.2395,38.49,94,91,57012
1.6911,0.2297,38.55,94,91,57015
1.7009,0.2346,38.58,94,91,57018
1.7155,0.2444,38.46,94,91,57021
1.6960,0.2297,38.55,94,91,57025
1.7204,0.2346,38.43,94,91,57028
1.6960,0.2444,38.58,94,91,57031
1.7107,0.2346,38.58,94,91,57034
1.7449,0.2395,38.36,94,91,57038
1.7155,0.2395,38.55,94,91,57041
1.7400,0.2590,38.46,94,91,57044
1.7351,0.2297,38.58,94,91,57048
1.7546,0.2346,38.55,94,91,57052
1.7937,0.2493,38.49,94,91,57055
1.7840,0.2346,38.55,94,91,57058
1.8084,0.2444,38.43,94,91,57061
1.7937,0.2542,38.55,94,91,57065
1.7986,0.2395,38.71,94,91,57068
1.8182,0.2444,38.49,94,91,57071
1.8182,0.2346,38.58,94,91,57074
1.7986,0.2444,38.49,94,91,57078
1.7840,0.2346,38.77,94,91,57081
1.8182,0.2346,38.55,94,91,57084
1.8817,0.2395,38.40,94,91,57088
1.8866,0.2444,38.55,94,91,57092
1.9013,0.2395,38.43,94,91,57095
1.8719,0.2346,38.58,94,91,57098
1.8817,0.2297,38.55,94,91,57101
1.9355,0.2444,37.74,94,91,57105
1.9550,0.2346,38.58,94,91,57108
1.9990,0.2395,38.46,94,91,57111
1.9892,0.2297,38.58,94,91,57114
1.9941,0.2297,38.55,94,91,57118
2.0528,0.2395,38.49,94,91,57121
2.0283,0.2395,38.62,94,91,57124
2.0528,0.2346,38.43,94,91,57127
2.0674,0.2346,38.62,94,91,57132
2.0283,0.2346,38.62,94,91,57135
2.0626,0.2444,38.40,94,91,57138
2.0283,0.2737,38.55,94,91,57141
2.0479,0.2297,38.49,94,91,57145
2.0626,0.2346,38.55,94,91,57148
2.0772,0.2346,38.58,94,91,57151
2.1408,0.2444,38.43,94,91,57154
2.1017,0.2395,38.62,94,91,57158
2.0919,0.2346,38.49,94,91,57161
2.0332,0.2346,38.55,94,91,57164
1.9892,0.2346,38.58,94,91,57167
1.9892,0.2444,38.43,94,91,57171
1.9501,0.2395,38.62,94,91,57175
1.9453,0.2346,38.46,94,91,57178
1.9208,0.2346,38.58,94,91,57181
1.9159,0.2346,38.52,94,91,57185
1.9550,0.2444,38.33,94,91,57188
1.9404,0.2395,38.55,94,91,57191
1.9404,0.2346,38.49,94,91,57194
1.9208,0.2346,37.87,94,91,57197
1.9062,0.2346,38.58,94,91,57201
1.9355,0.2444,38.40,94,91,57204
1.8915,0.2395,38.62,94,91,57207
1.8866,0.2395,38.49,94,91,57210
1.8671,0.2395,38.55,94,91,57214
1.8719,0.2395,38.55,94,91,57218
1.8964,0.2639,38.43,94,91,57221
1.8817,0.2297,38.52,94,91,57224
1.8866,0.2395,38.49,94,91,57228
1.8866,0.2346,38.55,94,91,57231
1.8719,0.2346,38.68,94,91,57234
1.9013,0.2444,38.40,94,91,57237
1.8719,0.2444,38.52,94,91,57241
1.8622,0.2346,38.52,94,91,57244
1.8622,0.2346,38.58,94,91,57247
1.8524,0.2346,38.62,94,91,57250
1.8915,0.2590,38.36,94,91,57254
1.8622,0.2395,38.68,94,91,57257
1.8817,0.2346,38.49,94,91,57261
1.8866,0.2346,38.55,94,91,57264
1.8915,0.2395,38.65,94,91,57268
1.9404,0.2493,38.40,94,91,57271
1.9062,0.2395,38.52,94,91,57274
1.9110,0.2346,38.49,94,91,57277
1.9599,0.2395,38.55,94,91,57281
2.0088,0.2346,38.58,94,91,57284
2.0577,0.2493,38.36,94,91,57287
1.9990,0.2444,38.49,94,91,57290
1.9599,0.2346,38.52,94,91,57294
1.9110,0.2395,38.55,94,91,57297
1.9013,0.2346,38.55,94,91,57300
1.9746,0.2542,38.36,94,91,57304
1.9599,0.2395,38.55,94,91,57308
1.9257,0.2297,38.46,94,91,57311
1.9208,0.2395,38.58,94,91,57314
1.9062,0.2346,38.58,94,91,57317
1.9550,0.2542,38.36,94,91,57321
1.9159,0.2395,38.81,94,91,57324
1.9159,0.2297,38.52,94,91,57327
1.9257,0.2395,38.55,94,91,57330
1.9208,0.2346,38.55,94,91,57334
1.9844,0.2542,38.43,94,91,57337
1.9355,0.2444,38.46,94,91,57340
1.9208,0.2346,38.52,94,91,57344
1.9257,0.2444,38.58,94,91,57348
1.9306,0.2346,38.58,94,91,57351
1.9746,0.2542,38.33,94,91,57354
1.8964,0.2346,38.58,94,91,57357
1.8719,0.2542,38.52,94,91,57361
1.8671,0.2395,38.43,94,91,57364
1.8622,0.2346,38.58,94,91,57367
1.9306,0.2493,38.33,94,91,57370
1.8964,0.2444,38.46,94,91,57374
1.8915,0.2297,38.58,94,91,57377
1.9159,0.2395,38.55,94,91,57380
1.9257,0.2346,38.58,94,91,57383
2.0137,0.2590,38.36,94,91,57388
1.9844,0.2395,38.43,94,91,57391
1.9599,0.2346,38.55,94,91,57394
1.9501,0.2346,38.58,94,91,57397
1.9404,0.2346,38.55,94,91,57401
1.9795,0.2542,38.30,94,91,57404
1.9013,0.2346,38.52,94,91,57407
1.8866,0.2297,38.52,94,91,57410
1.8768,0.2395,38.65,94,91,57414
1.8622,0.2297,38.55,94,91,57417
1.9159,0.2542,38.33,94,91,57420
1.8817,0.2639,38.46,94,91,57423
1.8768,0.2297,38.55,94,91,57427
1.8622,0.2297,38.55,94,91,57431
1.8622,0.2346,38.58,94,91,57434
1.8573,0.2493,38.36,94,91,57437
1.8035,0.2395,38.43,94,91,57441
1.7889,0.2297,38.55,94,91,57444
1.7889,0.2346,38.55,94,91,57447
1.7937,0.2346,38.58,94,91,57450
1.8524,0.2542,38.33,94,91,57454
1.8133,0.2297,38.52,94,91,57457
1.8280,0.2346,38.55,94,91,57460
1.8426,0.2395,37.77,94,91,57463
1.8280,0.2346,38.58,94,91,57467
1.8524,0.2542,38.33,94,91,57470
1.8035,0.2346,38.49,94,91,57474
1.7644,0.2297,38.55,94,91,57477
1.7498,0.2395,38.55,94,91,57481
1.7351,0.2346,38.52,94,91,57484
1.8035,0.2542,38.36,94,91,57487
1.7937,0.2346,37.99,94,91,57490
1.8280,0.2346,38.62,94,91,57494
1.9013,0.2444,38.52,94,91,57497
1.9941,0.2297,38.62,94,91,57500
2.1750,0.2297,38.27,94,91,57503
2.2874,0.2346,38.52,94,91,57507
2.4438,0.2346,38.62,94,91,57510
2.6833,0.2395,38.58,94,91,57513
3.1720,0.2444,38.55,94,91,57518
2.8788,0.2346,38.68,94,91,57521
2.6051,0.2444,38.40,94,91,57524
2.2727,0.2444,38.52,94,91,57528
1.9648,0.2346,38.49,94,91,57531
1.7302,0.2346,38.58,94,91,57534
1.5787,0.2346,38.55,94,91,57537
1.4663,0.2639,38.43,94,91,57541
1.3636,0.2346,38.52,94,91,57544
1.3294,0.2346,38.49,94,91,57547
1.3001,0.2346,38.58,94,91,57550
1.2854,0.2346,38.52,94,91,57554
1.3245,0.2493,38.43,94,91,57558
1.3148,0.2346,38.55,94,91,57561
1.3392,0.2346,38.46,94,91,57564
1.3685,0.2395,38.55,94,91,57568
1.3930,0.2346,38.81,94,91,57571
1.4467,0.2444,38.36,94,91,57574
1.4272,0.2444,38.52,94,91,57577
1.4370,0.2346,38.55,94,91,57581
1.4467,0.2346,38.46,94,91,57584
1.4761,0.2297,38.58,94,91,57587
1.5445,0.2493,38.43,94,91,57590
1.5445,0.2444,38.55,94,91,57594
1.5787,0.2346,38.55,94,91,57597
1.5934,0.2395,38.62,94,91,57601
1.6031,0.2297,38.58,94,91,57604
1.6569,0.2542,38.40,94,91,57608
1.6325,0.2395,38.52,94,91,57611
1.6373,0.2297,38.49,94,91,57614
1.6373,0.2395,38.55,94,91,57617
1.6325,0.2395,38.58,94,91,57621
1.6716,0.2444,38.40,94,91,57624
1.6373,0.2395,38.55,94,91,57627
1.6129,0.2346,38.49,94,91,57630
1.5934,0.2395,38.58,94,91,57634
1.5885,0.2346,37.96,94,91,57637
1.6471,0.2297,38.43,94,91,57640
1.6373,0.2346,38.55,94,91,57644
1.6520,0.2346,38.05,94,91,57648
1.6667,0.2346,38.55,94,91,57651
1.6667,0.2346,38.58,94,91,57654
1.7155,0.2493,38.43,94,91,57657
1.6764,0.2395,38.55,94,91,57661
1.6960,0.2346,38.46,94,91,57664
1.6667,0.2444,38.55,94,91,57667
1.6618,0.2346,38.49,94,91,57670
1.7058,0.2297,38.40,94,91,57674
1.6862,0.2444,38.49,94,91,57677
1.6813,0.2346,38.46,94,91,57680
1.6911,0.2346,38.55,94,91,57683
1.7009,0.2346,38.55,94,91,57688
1.7546,0.2493,38.36,94,91,57691
1.7058,0.2395,38.46,94,91,57694
1.7009,0.2346,38.52,94,91,57697
1.7058,0.2346,38.52,94,91,57701
1.7009,0.2346,38.71,94,91,57704
1.7644,0.2542,38.33,94,91,57707
1.7107,0.2395,38.49,94,91,57710
1.7009,0.2297,38.43,94,91,57714
1.7107,0.2395,38.55,94,91,57717
1.7302,0.2346,38.55,94,91,57720
1.7693,0.2542,38.33,94,91,57723
1.7400,0.2395,38.46,94,91,57728
1.7351,0.2297,38.55,94,91,57731
1.7498,0.2395,38.58,94,91,57734
1.7595,0.2542,38.55,94,91,57737
1.8182,0.2542,38.36,94,91,57741
1.7693,0.2346,38.65,94,91,57744
1.7693,0.2346,38.52,94,91,57747
1.7791,0.2395,38.62,94,91,57750
1.7889,0.2346,38.58,94,91,57754
1.8573,0.2542,38.36,94,91,57757
1.8377,0.2395,38.49,94,91,57760
1.8280,0.2297,38.55,94,91,57763
1.8426,0.2444,38.62,94,91,57767
1.8573,0.2346,38.62,94,91,57771
1.9306,0.2542,38.36,94,91,57774
1.9062,0.2395,38.46,94,91,57777
1.8964,0.2248,38.52,94,91,57781
1.8915,0.2395,38.62,94,91,57784
1.8768,0.2346,38.58,94,91,57787
1.9208,0.2786,38.40,94,91,57790
1.8622,0.2346,38.49,94,91,57794
1.8524,0.2297,38.52,94,91,57797
1.8475,0.2395,38.55,94,91,57800
1.8426,0.2346,38.58,94,91,57803
1.8964,0.2542,38.33,94,91,57807
1.8671,0.2297,38.49,94,91,57810
1.8671,0.2395,38.55,94,91,57814
1.8719,0.2395,38.55,94,91,57817
1.8719,0.2346,38.49,94,91,57821
1.9306,0.2542,38.36,94,91,57824
1.8964,0.2395,38.46,94,91,57827
1.8719,0.2248,38.55,94,91,57830
1.8719,0.2346,38.58,94,91,57834
1.8475,0.2346,38.58,94,91,57837
1.8964,0.2493,38.30,94,91,57840
1.8377,0.2346,38.55,94,91,57843
1.8377,0.2297,38.55,94,91,57847
1.8426,0.2444,38.55,94,91,57850
1.8328,0.2346,38.55,94,91,57853
1.8768,0.2493,38.21,94,91,57857
1.8475,0.2395,38.46,94,91,57861
1.8182,0.2542,38.62,94,91,57864
1.8182,0.2444,38.55,94,91,57867
1.8035,0.2346,38.71,94,91,57870
1.8475,0.2493,38.30,94,91,57874
1.7889,0.2346,38.46,94,91,57877
1.7742,0.2346,38.55,94,91,57880
1.7693,0.2395,38.55,94,91,57883
1.7791,0.2346,38.55,94,91,57887
1.8231,0.2688,38.27,94,91,57890
1.7742,0.2346,38.52,94,91,57893
1.7791,0.2297,38.55,94,91,57896
1.7889,0.2395,38.55,94,91,57901
1.7791,0.2346,38.65,94,91,57904
1.8280,0.2444,38.27,94,91,57907
1.7889,0.2395,38.46,94,91,57910
1.7595,0.2346,38.58,94,91,57914
1.7693,0.2395,38.55,94,91,57917
1.7742,0.2346,38.58,94,91,57920
1.8377,0.2493,38.30,94,91,57923
1.8133,0.2346,38.52,94,91,57927
1.8133,0.2346,38.55,94,91,57930
1.8231,0.2395,38.52,94,91,57933
1.8182,0.2346,38.65,94,91,57936
1.8768,0.2493,38.30,94,91,57940
1.8426,0.2346,38.58,94,91,57944
1.8475,0.2346,38.55,94,91,57947
1.8524,0.2395,38.52,94,91,57950
1.8328,0.2346,38.58,94,91,57954
1.8964,0.2542,38.30,94,91,57957
1.8328,0.2444,38.46,94,91,57960
1.8133,0.2346,38.58,94,91,57963
1.8182,0.2395,38.52,94,91,57967
1.8133,0.2444,38.62,94,91,57970
1.8573,0.2444,38.27,94,91,57973
1.8231,0.2346,38.43,94,91,57976
1.8280,0.2297,38.58,94,91,57980
1.8426,0.2444,38.62,94,91,57984
1.8524,0.2688,38.55,94,91,57987
1.9208,0.2444,38.30,94,91,57990
1.8817,0.2346,38.55,94,91,57994
1.8964,0.2297,38.55,94,91,57997
1.9159,0.2395,38.58,94,91,58000
1.9159,0.2346,38.55,94,91,58003
1.9844,0.2395,38.27,94,91,58007
1.9648,0.2395,38.43,94,91,58010
1.9550,0.2297,38.58,94,91,58013
1.9648,0.2297,38.52,94,91,58016
1.9404,0.2346,38.58,94,91,58020
1.9746,0.2444,38.27,94,91,58023
1.9159,0.2346,38.30,94,91,58027
1.8964,0.2444,38.58,94,91,58030
1.8817,0.2297,38.62,94,91,58034
1.8573,0.2346,38.58,94,91,58037
1.8866,0.2493,38.30,94,91,58040
1.8426,0.2395,38.55,94,91,58043
1.8133,0.2346,38.58,94,91,58047
1.8182,0.2395,38.55,94,91,58050
1.7986,0.2297,38.58,94,91,58053
1.8377,0.2493,38.30,94,91,58056
1.8035,0.2395,38.58,94,91,58060
1.7742,0.2346,38.55,94,91,58063
1.7644,0.2297,38.52,94,91,58066
1.7449,0.2444,38.62,94,91,58070
1.7840,0.2444,38.30,94,91,58074
1.7449,0.2346,38.49,94,91,58077
1.7449,0.2395,38.58,94,91,58080
1.7693,0.2395,38.62,94,91,58083
1.7840,0.2346,38.58,94,91,58087
1.8328,0.2395,38.30,94,91,58090
1.7889,0.2395,38.55,94,91,58093
1.8035,0.2297,38.58,94,91,58096
1.8182,0.2395,38.52,94,91,58100
1.8035,0.2395,38.55,94,91,58103
1.8426,0.2444,38.36,94,91,58106
1.8133,0.2297,38.49,94,91,58109
1.7889,0.2395,38.58,94,91,58114
1.8377,0.2395,38.49,94,91,58117
1.8084,0.2395,38.65,94,91,58120
1.9013,0.2297,38.30,94,91,58123
2.6931,0.2542,38.36,94,91,58127
2.8690,0.2297,38.55,94,91,58130
3.0841,0.2346,38.52,94,91,58133
3.2356,0.2395,38.74,94,91,58137
3.2356,0.2346,38.58,94,91,58140
3.1672,0.2542,38.36,94,91,58143
2.8250,0.2590,38.49,94,91,58146
2.5024,0.2297,38.52,94,91,58150
2.2190,0.2395,38.62,94,91,58153
1.9648,0.2346,38.58,94,91,58157
1.8133,0.2542,38.33,94,91,58160
1.5982,0.2395,38.46,94,91,58164
1.4956,0.2346,38.55,94,91,58167
1.4027,0.2688,38.55,94,91,58170
1.3539,0.2346,38.55,94,91,58173
1.3783,0.2493,38.33,94,91,58177
1.3294,0.2346,38.49,94,91,58180
1.3343,0.2346,38.55,94,91,58183
1.3490,0.2395,38.58,94,91,58186
1.3539,0.2346,38.58,94,91,58190
1.4174,0.2542,38.33,94,91,58193
1.4027,0.2395,38.77,94,91,58196
1.4174,0.2346,38.55,94,91,58200
1.4663,0.2395,38.55,94,91,58204
1.4614,0.2395,38.55,94,91,58207
1.5200,0.2542,38.36,94,91,58210
1.5200,0.2395,38.46,94,91,58213
1.5298,0.2248,38.55,94,91,58217
1.5543,0.2346,38.02,94,91,58220
1.5689,0.2346,38.55,94,91,58223
1.6276,0.2590,38.30,94,91,58226
1.5934,0.2444,38.52,94,91,58230
1.6031,0.2297,38.65,94,91,58233
1.6276,0.2297,38.55,94,91,58236
1.6373,0.2346,38.58,94,91,58240
1.6813,0.2737,38.30,94,91,58244
1.6520,0.2395,38.49,94,91,58247
1.6618,0.2346,38.62,94,91,58250
1.6716,0.2395,38.55,94,91,58253
1.6520,0.2297,38.58,94,91,58257
1.7107,0.2297,38.30,94,91,58260
1.6716,0.2346,38.46,94,91,58263
1.6716,0.2199,38.68,94,91,58266
1.6764,0.2395,38.55,94,91,58270
1.6764,0.2297,38.58,94,91,58273
1.7253,0.2395,38.30,94,91,58276
1.6862,0.2346,38.55,94,91,58279
1.6716,0.2346,38.62,94,91,58284
1.6716,0.2395,38.55,94,91,58287
1.6569,0.2297,38.65,94,91,58290
1.7155,0.2542,38.27,94,91,58293
1.6960,0.2395,38.65,94,91,58297
1.6960,0.2297,38.58,94,91,58300
1.7204,0.2395,38.55,94,91,58303
1.7204,0.2395,38.62,94,91,58306
1.7693,0.2493,38.27,94,91,58310
1.7253,0.2297,38.46,94,91,58313
1.7155,0.2346,38.58,94,91,58316
1.7155,0.2395,38.65,94,91,58319
1.7058,0.2346,38.62,94,91,58323
1.7595,0.2444,38.27,94,91,58327
1.7155,0.2346,38.55,94,91,58330
1.7302,0.2346,38.71,94,91,58333
1.7449,0.2395,38.58,94,91,58337
1.7400,0.2297,38.58,94,91,58340
1.7889,0.2444,38.30,94,91,58343
1.7546,0.2346,38.49,94,91,58346
1.7449,0.2346,38.58,94,91,58350
1.7546,0.2395,38.52,94,91,58353
1.7546,0.2493,38.62,94,91,58356
1.8133,0.2493,38.27,94,91,58359
1.7742,0.2346,38.49,94,91,58363
1.7840,0.2346,38.58,94,91,58366
1.7742,0.2395,38.52,94,91,58370
1.7742,0.2346,38.58,94,91,58373
1.8280,0.2542,38.27,94,91,58377
1.7937,0.2346,38.58,94,91,58380
1.7986,0.2346,38.65,94,91,58383
1.8084,0.2395,38.55,94,91,58386
1.8035,0.2346,38.58,94,91,58390
1.8475,0.2444,38.27,94,91,58393
1.8377,0.2297,38.46,94,91,58396
1.8377,0.2395,38.55,94,91,58399
1.8817,0.2395,38.52,94,91,58403
1.8866,0.2346,38.49,94,91,58406
1.9550,0.2444,38.30,94,91,58409
1.9159,0.2346,38.49,94,91,58413
1.9062,0.2688,38.58,94,91,58417
1.9013,0.2297,38.55,94,91,58420
1.8915,0.2346,38.58,94,91,58423
1.9208,0.2444,38.30,94,91,58426
1.8622,0.2346,38.58,94,91,58430
1.8524,0.2297,38.58,94,91,58433
1.8622,0.2395,38.52,94,91,58436
1.8524,0.2346,38.58,94,91,58439
1.8964,0.2444,38.40,94,91,58443
1.8719,0.2297,38.49,94,91,58446
1.8524,0.2346,38.58,94,91,58449
1.8622,0.2444,38.52,94,91,58452
1.8426,0.2346,38.71,94,91,58457
1.8817,0.2444,38.33,94,91,58460
1.8377,0.2346,38.49,94,91,58463
1.8377,0.2542,38.62,94,91,58466
1.8475,0.2395,38.55,94,91,58470
1.8475,0.2346,38.55,94,91,58473
1.8915,0.2493,38.30,94,91,58476
1.8475,0.2395,38.62,94,91,58479
1.8524,0.2346,38.58,94,91,58483
1.8573,0.2297,38.49,94,91,58486
1.8377,0.2346,38.55,94,91,58489
1.8573,0.2444,38.36,94,91,58492
1.8182,0.2395,38.46,94,91,58497
1.7986,0.2346,38.55,94,91,58500
1.8035,0.2444,38.52,94,91,58503
1.7937,0.2395,38.58,94,91,58506
1.8377,0.2444,38.33,94,91,58510
1.8084,0.2346,38.49,94,91,58513
1.8035,0.2346,38.55,94,91,58516
1.8133,0.2395,38.62,94,91,58519
1.8084,0.2346,38.58,94,91,58523
1.8377,0.2542,38.30,94,91,58526
1.7937,0.2346,38.55,94,91,58529
1.7986,0.2346,38.55,94,91,58532
1.8231,0.2395,38.52,94,91,58536
1.7986,0.2395,38.55,94,91,58540
1.8475,0.2493,38.30,94,91,58543
1.8231,0.2395,38.46,94,91,58546
1.8084,0.2346,38.58,94,91,58550
1.8719,0.2395,38.49,94,91,58553
1.8182,0.2346,38.62,94,91,58556
1.8573,0.2297,38.33,94,91,58559
1.8328,0.2395,38.52,94,91,58563
1.8426,0.2297,38.62,94,91,58566
1.8719,0.2395,38.46,94,91,58569
1.8915,0.2346,38.58,94,91,58572
1.9550,0.2493,38.40,94,91,58576
1.9306,0.2493,38.62,94,91,58579
1.9306,0.2346,38.58,94,91,58583
1.9355,0.2542,38.49,94,91,58586
1.9013,0.2444,38.55,94,91,58590
1.9257,0.2444,38.49,94,91,58593
1.8915,0.2395,38.46,94,91,58596
1.8671,0.2395,38.58,94,91,58599
1.8817,0.2688,38.55,94,91,58603
1.8622,0.2346,38.62,94,91,58606
1.9013,0.2395,38.36,94,91,58609
1.8817,0.2346,38.55,94,91,58612
1.8915,0.2346,38.62,94,91,58616
1.9208,0.2395,37.77,94,91,58619
1.9306,0.2346,38.58,94,91,58622
1.9697,0.2395,38.40,94,91,58626
1.9355,0.2346,38.58,94,91,58630
1.9648,0.2346,38.58,94,91,58633
1.9844,0.2493,38.49,94,91,58636
1.9697,0.2395,38.68,94,91,58639
2.0088,0.2395,38.40,94,91,58643
1.9795,0.2395,38.46,94,91,58646
1.9550,0.2444,38.58,94,91,58649
1.9599,0.2639,38.49,94,91,58652
1.9159,0.2297,38.58,94,91,58656
1.9257,0.2395,38.36,94,91,58659
1.8719,0.2346,38.49,94,91,58662
1.8524,0.2346,38.58,94,91,58665
1.8524,0.2395,38.52,94,91,58670
1.8475,0.2346,38.55,94,91,58673
1.8671,0.2395,38.43,94,91,58676
1.8231,0.2395,38.65,94,91,58679
1.8182,0.2346,38.58,94,91,58683
1.8280,0.2444,38.49,94,91,58686
1.7986,0.2395,38.55,94,91,58689
1.8280,0.2395,38.40,94,91,58692
1.8084,0.2346,38.46,94,91,58696
1.8035,0.2444,38.62,94,91,58699
1.8182,0.2639,38.43,94,91,58702
1.7986,0.2297,38.58,94,91,58705
1.8280,0.2444,38.36,94,91,58710
1.7986,0.2444,38.55,94,91,58713
1.7937,0.2346,38.62,94,91,58716
1.7986,0.2395,38.52,94,91,58719
1.7791,0.2590,38.58,94,91,58723
1.8035,0.2395,38.36,94,91,58726
1.7840,0.2346,38.58,94,91,58729
1.7889,0.2737,38.58,94,91,58732
1.8231,0.2444,38.43,94,91,58736
2.0528,0.2395,38.55,94,91,58739
2.1065,0.2346,38.81,94,91,58742
2.2825,0.2444,38.33,94,91,58746
2.4047,0.2346,38.49,94,91,58749
2.5855,0.2346,38.58,94,91,58753
2.8201,0.2297,38.55,94,91,58756
3.0352,0.2395,38.55,94,91,58760
3.2747,0.2444,38.40,94,91,58763
3.2209,0.2346,38.55,94,91,58766
3.0890,0.2346,38.58,94,91,58769
2.8592,0.2444,38.52,94,91,58773
2.5367,0.2346,38.58,94,91,58776
2.3118,0.2444,38.30,94,91,58779
2.0430,0.2395,38.40,94,91,58782
1.8328,0.2346,38.55,94,91,58786
1.6911,0.2395,38.52,94,91,58789
1.5591,0.2688,38.55,94,91,58792
1.5200,0.2444,38.33,94,91,58796
1.4663,0.2395,38.52,94,91,58800
1.4223,0.2346,38.58,94,91,58803
1.4027,0.2395,38.65,94,91,58806
1.3978,0.2346,38.58,94,91,58809
1.4321,0.2639,38.30,94,91,58813
1.4174,0.2297,38.62,94,91,58816
1.4370,0.2346,38.58,94,91,58819
1.4614,0.2395,38.55,94,91,58822
1.4516,0.2297,38.55,94,91,58826
1.5005,0.2542,38.33,94,91,58829
1.5005,0.2395,38.71,94,91,58832
1.5152,0.2444,38.58,94,91,58835
1.5640,0.2444,38.49,94,91,58840
1.5640,0.2346,38.62,94,91,58843
1.6227,0.2444,38.33,94,91,58846
1.6080,0.2395,38.55,94,91,58849
1.6178,0.2444,38.58,94,91,58853
1.6422,0.2395,38.55,94,91,58856
1.6471,0.2346,38.58,94,91,58859
1.6862,0.2493,38.33,94,91,58862
1.6618,0.2346,38.58,94,91,58866
1.6716,0.2346,37.83,94,91,58869
1.6911,0.2444,38.52,94,91,58872
1.6862,0.2346,38.62,94,91,58875
1.7449,0.2395,38.33,94,91,58880
1.7204,0.2395,38.43,94,91,58883
1.7155,0.2297,38.62,94,91,58886
1.7204,0.2297,38.46,94,91,58889
1.6960,0.2297,38.55,94,91,58893
1.7351,0.2444,38.40,94,91,58896
1.7204,0.2346,38.52,94,91,58899
1.7400,0.2346,38.58,94,91,58902
1.7302,0.2444,38.52,94,91,58906
1.7058,0.2346,38.55,94,91,58909
1.7302,0.2444,38.36,94,91,58912
1.6960,0.2395,38.58,94,91,58915
1.7009,0.2346,38.58,94,91,58919
1.7449,0.2444,38.49,94,91,58923
1.7009,0.2395,38.55,94,91,58926
1.7351,0.2395,38.43,94,91,58929
1.7107,0.2395,38.46,94,91,58933
1.7009,0.2395,38.58,94,91,58936
1.7155,0.2542,38.43,94,91,58939
1.6862,0.2346,38.62,94,91,58942
1.7107,0.2395,38.36,94,91,58946
1.6911,0.2346,38.49,94,91,58949
1.6911,0.2346,38.58,94,91,58952
1.6960,0.2395,38.52,94,91,58955
1.7155,0.2346,38.58,94,91,58959
1.7253,0.2395,38.43,94,91,58962
1.7107,0.2346,38.58,94,91,58966
1.7351,0.2346,38.58,94,91,58969
1.7546,0.2493,38.49,94,91,58973
1.7449,0.2395,38.58,94,91,58976
1.7742,0.2395,38.40,94,91,58979
1.7546,0.2297,38.46,94,91,58982
1.7449,0.2395,38.58,94,91,58986
1.7644,0.2395,38.55,94,91,58989
1.7498,0.2346,38.58,94,91,58992
1.8084,0.2395,38.36,94,91,58995
1.7693,0.2346,38.55,94,91,58999
1.7840,0.2346,38.58,94,91,59002
1.7986,0.2395,38.52,94,91,59005
1.7937,0.2248,38.62,94,91,59009
1.8133,0.2395,38.40,94,91,59013
1.7937,0.2346,38.62,94,91,59016
1.8328,0.2346,38.58,94,91,59019
1.8377,0.2493,38.46,94,91,59022
1.8328,0.2346,38.55,94,91,59026
1.8719,0.2395,38.43,94,91,59029
1.8671,0.2346,38.49,94,91,59032
1.8719,0.2346,38.58,94,91,59035
1.9062,0.2444,38.43,94,91,59039
1.9013,0.2346,38.71,94,91,59042
1.9453,0.2395,38.40,94,91,59045
1.9062,0.2444,38.55,94,91,59048
1.9159,0.2346,38.77,94,91,59053
1.9306,0.2395,38.52,94,91,59056
1.9453,0.2297,38.55,94,91,59059
1.9844,0.2542,38.36,94,91,59062
1.9550,0.2444,38.62,94,91,59066
1.9453,0.2346,38.58,94,91,59069
1.9453,0.2444,38.46,94,91,59072
1.8866,0.2346,38.55,94,91,59075
1.8964,0.2395,38.33,94,91,59079
1.8622,0.2346,38.49,94,91,59082
1.8573,0.2346,38.58,94,91,59085
1.9110,0.2395,38.43,94,91,59088
1.8573,0.2346,38.55,94,91,59092
1.8817,0.2395,38.40,94,91,59096
1.8719,0.2297,38.52,94,91,59099
1.8475,0.2346,38.58,94,91,59102
1.8524,0.2542,38.55,94,91,59106
1.8328,0.2346,38.74,94,91,59109
1.8524,0.2297,38.40,94,91,59112
1.8182,0.2346,38.58,94,91,59115
1.8231,0.2395,38.58,94,91,59119
1.8573,0.2688,38.43,94,91,59122
1.8426,0.2346,38.49,94,91,59125
1.8768,0.2346,38.40,94,91,59128
1.8426,0.2346,38.46,94,91,59132
1.8328,0.2346,38.71,94,91,59136
1.8377,0.2395,38.58,94,91,59139
1.8182,0.2346,38.58,94,91,59142
1.8280,0.2346,38.40,94,91,59146
1.7889,0.2346,38.55,94,91,59149
1.7791,0.2346,38.58,94,91,59152
1.7889,0.2444,38.52,94,91,59155
1.7937,0.2395,38.77,94,91,59159
1.8231,0.2346,38.43,94,91,59162
1.8084,0.2297,38.58,94,91,59165
1.8035,0.2395,38.55,94,91,59168
1.8280,0.2444,38.49,94,91,59172
1.8133,0.2346,38.58,94,91,59175
1.8524,0.2346,38.43,94,91,59179
1.8231,0.2346,38.49,94,91,59182
1.8280,0.2346,38.58,94,91,59186
1.8426,0.2395,38.46,94,91,59189
1.8622,0.2444,38.58,94,91,59192
1.8817,0.2346,38.43,94,91,59195
1.8671,0.2395,38.55,94,91,59199
1.8719,0.2346,38.58,94,91,59202
1.8817,0.2395,38.52,94,91,59205
1.8768,0.2395,38.55,94,91,59208
1.9013,0.2346,38.43,94,91,59212
1.8768,0.2346,38.58,94,91,59215
1.8915,0.2346,38.62,94,91,59218
1.9306,0.2444,38.24,94,91,59222
1.9208,0.2395,38.55,94,91,59226
1.9746,0.2395,38.40,94,91,59229
1.9453,0.2346,38.52,94,91,59232
1.9501,0.2346,38.58,94,91,59235
1.9550,0.2395,38.46,94,91,59239
1.9404,0.2346,38.58,94,91,59242
1.9844,0.2346,38.46,94,91,59245
1.9648,0.2346,38.55,94,91,59248
1.9746,0.2346,38.58,94,91,59252
1.9990,0.2248,38.55,94,91,59255
2.0039,0.2395,38.62,94,91,59258
2.0479,0.2444,38.46,94,91,59261
2.0039,0.2395,38.55,94,91,59266
2.0039,0.2346,38.58,94,91,59269
2.0283,0.2444,38.43,94,91,59272
1.9746,0.2346,38.58,94,91,59275
1.9697,0.2444,38.55,94,91,59279
1.9159,0.2346,38.55,94,91,59282
1.8915,0.2542,38.58,94,91,59285
1.9110,0.2395,38.46,94,91,59288
1.8964,0.2346,38.55,94,91,59292
1.9257,0.2444,38.46,94,91,59295
1.8915,0.2297,38.55,94,91,59298
1.8915,0.2346,38.52,94,91,59301
1.8964,0.2395,38.52,94,91,59305
1.8719,0.2395,38.55,94,91,59309
1.8866,0.2444,38.46,94,91,59312
1.8475,0.2346,38.58,94,91,59315
1.8426,0.2346,38.58,94,91,59319
1.8671,0.2493,38.43,94,91,59322
1.8475,0.2395,38.55,94,91,59325
1.8622,0.2542,38.49,94,91,59328
1.8328,0.2346,38.58,94,91,59332
1.8377,0.2346,38.55,94,91,59335
1.8866,0.2395,38.46,94,91,59338
1.8573,0.2542,38.62,94,91,59341
1.8915,0.2444,38.46,94,91,59345
1.8524,0.2346,38.58,94,91,59348
1.9355,0.2346,38.62,94,91,59352
1.9746,0.2688,38.58,94,91,59356
2.0430,0.2444,38.55,94,91,59359
2.0772,0.2346,38.58,94,91,59362
2.1945,0.2395,38.36,94,91,59365
2.3069,0.2346,38.49,94,91,59369
2.4829,0.2346,38.55,94,91,59372
2.7322,0.2395,38.43,94,91,59375
2.9570,0.2346,38.58,94,91,59378
3.2356,0.2395,38.40,94,91,59382
3.3529,0.2346,38.52,94,91,59385
3.3529,0.2493,38.58,94,91,59388
3.2111,0.2395,38.52,94,91,59392
2.9032,0.2395,38.55,94,91,59396
2.6149,0.2395,38.40,94,91,59399
2.2776,0.2346,38.55,94,91,59402
2.0577,0.2346,38.55,94,91,59405
1.8328,0.2444,38.46,94,91,59409
1.6422,0.2346,38.65,94,91,59412
1.5445,0.2346,38.43,94,91,59415
1.4516,0.2346,38.49,94,91,59418
1.4125,0.2444,38.62,94,91,59422
1.4174,0.2493,38.55,94,91,59425
1.4125,0.2346,38.55,94,91,59428
1.4370,0.2346,38.43,94,91,59431
1.4321,0.2444,38.55,94,91,59436
1.4516,0.2346,38.62,94,91,59439
1.4809,0.2395,38.52,94,91,59442
1.5054,0.2395,38.55,94,91,59445
1.5591,0.2346,38.49,94,91,59449
1.5640,0.2346,38.49,94,91,59452
1.5934,0.2346,38.58,94,91,59455
1.6373,0.2493,38.55,94,91,59458
1.6373,0.2639,38.55,94,91,59462
1.6716,0.2346,38.43,94,91,59465
1.6520,0.2297,38.55,94,91,59468
1.6520,0.2248,38.58,94,91,59471
1.6618,0.2395,38.46,94,91,59475
1.6422,0.2346,38.55,94,91,59479
1.6618,0.2346,38.43,94,91,59482
1.6422,0.2444,38.58,94,91,59485
1.6569,0.2346,38.62,94,91,59489
1.6862,0.2395,38.58,94,91,59492
1.6911,0.2346,38.58,94,91,59495
1.7204,0.2346,38.40,94,91,59498
1.6960,0.2346,38.49,94,91,59502
1.7009,0.2346,38.58,94,91,59505
1.7351,0.2493,38.43,94,91,59508
1.7253,0.2639,38.55,94,91,59511
1.7595,0.2346,38.52,94,91,59515
1.7253,0.2297,38.52,94,91,59518
1.7155,0.2346,38.58,94,91,59522
1.7351,0.2884,38.46,94,91,59525
1.7498,0.2346,38.77,94,91,59529
1.8035,0.2346,38.43,94,91,59532
1.7986,0.2346,38.55,94,91,59535
1.8231,0.2346,38.77,94,91,59538
1.8377,0.2395,38.52,94,91,59542
1.8377,0.2248,38.55,94,91,59545
1.8524,0.2395,38.52,94,91,59548
1.8035,0.2346,38.58,94,91,59551
1.7889,0.2346,38.58,94,91,59555
1.7986,0.2444,38.46,94,91,59558
1.7595,0.2297,38.46,94,91,59561
1.7840,0.2346,38.46,94,91,59565
1.7693,0.2346,38.55,94,91,59569
1.7791,0.2346,37.87,94,91,59572
1.7889,0.2493,38.43,94,91,59575
1.7546,0.2346,38.55,94,91,59578
1.7742,0.2493,38.46,94,91,59582
1.7498,0.2346,38.58,94,91,59585
1.7595,0.2346,38.58,94,91,59588
1.7791,0.2444,38.58,94,91,59591
1.7742,0.2346,38.68,94,91,59595
1.8182,0.2297,38.46,94,91,59598
1.8084,0.2346,38.58,94,91,59601
1.8280,0.2346,38.52,94,91,59604
1.8719,0.2444,38.55,94,91,59609
1.8524,0.2395,38.58,94,91,59612
1.8817,0.2395,38.46,94,91,59615
1.8524,0.2542,38.55,94,91,59618
1.8426,0.2297,38.58,94,91,59622
1.8671,0.2395,38.58,94,91,59625
1.8964,0.2395,38.55,94,91,59628
1.8964,0.2444,38.02,94,91,59631
1.8671,0.2297,38.58,94,91,59635
1.8817,0.2346,38.58,94,91,59638
1.9110,0.2688,38.52,94,91,59641
1.9257,0.2297,38.58,94,91,59644
1.9648,0.2493,38.43,94,91,59649
1.9306,0.2395,38.58,94,91,59652
1.9306,0.2346,38.65,94,91,59655
1.9599,0.2444,38.43,94,91,59658
1.9550,0.2395,38.55,94,91,59662
2.0039,0.2688,38.46,94,91,59665
1.9941,0.2346,38.58,94,91,59668
1.9892,0.2346,38.55,94,91,59671
2.0088,0.2542,38.58,94,91,59675
1.9746,0.2297,38.58,94,91,59678
1.9990,0.2395,38.43,94,91,59681
1.9746,0.2346,38.55,94,91,59684
1.9795,0.2346,38.71,94,91,59688
1.9844,0.2395,38.52,94,91,59692
1.9501,0.2395,38.55,94,91,59695
1.9453,0.2395,38.30,94,91,59698
1.8915,0.2346,38.62,94,91,59702
1.8866,0.2297,38.58,94,91,59705
1.9208,0.2444,38.46,94,91,59708
1.8915,0.2542,38.58,94,91,59711
1.9159,0.2395,38.43,94,91,59715
1.8866,0.2346,38.58,94,91,59718
1.8817,0.2346,38.62,94,91,59721
1.9062,0.2444,38.49,94,91,59724
1.8866,0.2346,38.58,94,91,59728
1.9501,0.2395,38.43,94,91,59731
1.8964,0.2395,38.62,94,91,59735
1.8915,0.2346,38.58,94,91,59738
1.9110,0.2444,38.52,94,91,59742
1.8817,0.2395,38.55,94,91,59745
1.8964,0.2395,38.40,94,91,59748
1.8866,0.2346,38.58,94,91,59751
1.8915,0.2346,38.58,94,91,59755
1.9110,0.2493,38.40,94,91,59758
1.8719,0.2493,38.58,94,91,59761
1.8768,0.2395,38.43,94,91,59764
1.8426,0.2346,38.58,94,91,59768
1.8475,0.2346,38.33,94,91,59771
1.8768,0.2444,38.43,94,91,59774
1.8573,0.2346,38.55,94,91,59778
1.8719,0.2590,38.49,94,91,59782
1.8573,0.2346,38.52,94,91,59785
1.8719,0.2346,38.58,94,91,59788
1.9062,0.2444,38.49,94,91,59791
1.9110,0.2493,38.55,94,91,59795
1.9257,0.2395,38.46,94,91,59798
1.8915,0.2346,38.58,94,91,59801
1.8817,0.2346,38.58,94,91,59804
1.9110,0.2493,38.40,94,91,59808
1.8768,0.2395,38.62,94,91,59811
1.8768,0.2395,38.46,94,91,59814
1.8622,0.2444,38.58,94,91,59817
1.8866,0.2346,38.62,94,91,59822
1.9355,0.2444,38.46,94,91,59825
1.9550,0.2346,38.58,94,91,59828
1.9697,0.2346,38.43,94,91,59831
1.9501,0.2346,38.55,94,91,59835
1.9501,0.2346,38.58,94,91,59838
1.9892,0.2395,38.49,94,91,59841
1.9892,0.2395,38.58,94,91,59844
2.0137,0.2346,38.46,94,91,59848
1.9844,0.2346,38.58,94,91,59851
1.9795,0.2346,38.58,94,91,59854
1.9990,0.2444,38.40,94,91,59857
1.9550,0.2395,38.55,94,91,59862
1.9501,0.2346,38.43,94,91,59865
1.9306,0.2346,38.55,94,91,59868
1.9306,0.2297,38.55,94,91,59871
2.0039,0.2444,38.40,94,91,59875
1.9648,0.2346,38.46,94,91,59878
1.9795,0.2346,38.49,94,91,59881
1.9550,0.2346,38.58,94,91,59884
1.9453,0.2493,38.55,94,91,59888
1.9746,0.2444,38.46,94,91,59891
1.9355,0.2395,38.55,94,91,59894
1.9501,0.2395,38.46,94,91,59897
1.9013,0.2395,38.55,94,91,59901
1.8964,0.2346,38.58,94,91,59905
1.9355,0.2444,38.46,94,91,59908
1.9110,0.2395,38.55,94,91,59911
1.9062,0.2346,38.46,94,91,59915
1.8817,0.2395,38.58,94,91,59918
1.8719,0.2346,38.46,94,91,59921
1.8964,0.2395,38.43,94,91,59924
1.8866,0.2346,38.58,94,91,59928
1.8622,0.2297,38.46,94,91,59931
1.8377,0.2346,38.77,94,91,59934
1.8377,0.2346,38.58,94,91,59937
1.8768,0.2444,38.49,94,91,59941
1.8671,0.2444,38.52,94,91,59944
1.8817,0.2346,38.49,94,91,59948
1.8671,0.2346,38.62,94,91,59951
1.8768,0.2346,38.58,94,91,59955
1.9062,0.2639,38.40,94,91,59958
1.8719,0.2395,38.49,94,91,59961
1.8524,0.2346,38.58,94,91,59965
1.9110,0.2297,38.46,94,91,59968
1.9208,0.2346,38.58,94,91,59971
1.9697,0.2395,38.58,94,91,59974
2.0430,0.2395,38.52,94,91,59978
2.1212,0.2346,38.68,94,91,59981
2.2776,0.2444,38.49,94,91,59984
2.4242,0.2346,38.68,94,91,59987
2.6686,0.2346,38.58,94,91,59992
2.9765,0.2346,38.43,94,91,59995
3.1916,0.2639,38.52,94,91,59998
3.4066,0.2444,38.43,94,91,60001
3.3822,0.2346,38.55,94,91,60005
3.2405,0.2346,38.71,94,91,60008
2.9912,0.2444,38.49,94,91,60011
2.6051,0.2346,38.55,94,91,60014
2.3167,0.2395,37.71,94,91,60018
2.0088,0.2346,38.62,94,91,60021
1.8231,0.2346,38.58,94,91,60024
1.6471,0.2444,38.49,94,91,60027
1.5200,0.2346,38.55,94,91,60032
1.4565,0.2444,38.40,94,91,60035
1.3930,0.2346,38.55,94,91,60038
1.3636,0.2346,38.65,94,91,60041
1.3636,0.2444,38.40,94,91,60045
1.3196,0.2395,38.58,94,91,60048
1.3392,0.2590,38.43,94,91,60051
1.3392,0.2346,38.65,94,91,60054
1.3636,0.2346,38.68,94,91,60058
1.4174,0.2444,38.46,94,91,60061
1.4370,0.2346,38.52,94,91,60064
1.4712,0.2395,38.46,94,91,60067
1.4712,0.2346,38.55,94,91,60071
1.5005,0.2346,38.58,94,91,60075
1.5103,0.2444,38.55,94,91,60078
1.5054,0.2297,38.55,94,91,60081
1.5298,0.2346,38.40,94,91,60085
1.5249,0.2346,38.58,94,91,60088
1.5494,0.2346,38.58,94,91,60091
1.6129,0.2444,38.40,94,91,60094
1.6031,0.2395,38.55,94,91,60098
1.6129,0.2493,38.40,94,91,60101
1.6031,0.2346,38.58,94,91,60104
1.6031,0.2346,38.58,94,91,60107
1.6276,0.2444,38.43,94,91,60111
1.6080,0.2346,37.83,94,91,60114
1.6325,0.2346,38.43,94,91,60118
1.6227,0.2346,38.55,94,91,60121
1.6276,0.2444,38.58,94,91,60125
1.6569,0.2444,38.74,94,91,60128
1.6422,0.2346,38.55,94,91,60131
1.6618,0.2395,38.49,94,91,60134
1.6618,0.2395,38.65,94,91,60138
1.6764,0.2346,38.71,94,91,60141
1.7253,0.2444,38.40,94,91,60144
1.7058,0.2297,38.55,94,91,60147
1.7302,0.2444,38.43,94,91,60151
1.7253,0.2346,38.65,94,91,60154
1.7351,0.2297,38.58,94,91,60157
1.7889,0.2444,38.49,94,91,60161
1.7644,0.2444,38.55,94,91,60165
1.7791,0.2395,38.43,94,91,60168
1.7595,0.2346,38.58,94,91,60171
1.7595,0.2346,38.55,94,91,60174
1.7840,0.2395,38.52,94,91,60178
1.7742,0.2395,38.46,94,91,60181
1.7840,0.2395,38.46,94,91,60184
1.7546,0.2346,38.55,94,91,60187
1.7449,0.2395,38.58,94,91,60191
1.7595,0.2493,38.40,94,91,60194
1.7253,0.2395,38.55,94,91,60197
1.7400,0.2395,38.46,94,91,60200
1.7302,0.2395,38.58,94,91,60205
1.7449,0.2346,38.71,94,91,60208
1.7840,0.2444,38.46,94,91,60211
1.7742,0.2297,38.55,94,91,60214
1.7742,0.2395,38.46,94,91,60218
1.7449,0.2346,38.62,94,91,60221
1.7400,0.2346,38.62,94,91,60224
1.7840,0.2297,38.49,94,91,60227
1.7498,0.2542,38.55,94,91,60231
1.7644,0.2346,38.49,94,91,60234
1.7449,0.2395,38.77,94,91,60237
1.7498,0.2346,38.62,94,91,60240
1.7742,0.2493,38.40,94,91,60244
1.7546,0.2884,38.55,94,91,60248
1.7791,0.2346,38.43,94,91,60251
1.7693,0.2346,38.62,94,91,60254
1.7791,0.2346,38.55,94,91,60258
1.8231,0.2590,38.43,94,91,60261
1.8133,0.2395,38.68,94,91,60264
1.8719,0.2395,38.46,94,91,60267
1.8524,0.2395,38.55,94,91,60271
1.8622,0.2444,38.55,94,91,60274
1.8964,0.2493,38.52,94,91,60277
1.8817,0.2395,38.55,94,91,60280
1.8866,0.2444,38.40,94,91,60284
1.8719,0.2737,38.62,94,91,60288
1.8719,0.2346,38.58,94,91,60291
1.9062,0.2444,38.43,94,91,60294
1.8817,0.2395,38.55,94,91,60298
1.8915,0.2346,38.46,94,91,60301
1.8671,0.2346,38.58,94,91,60304
1.8622,0.2346,38.58,94,91,60307
1.8915,0.2444,38.43,94,91,60311
1.8671,0.2346,38.65,94,91,60314
1.8817,0.2297,38.46,94,91,60317
1.8719,0.2395,38.58,94,91,60320
1.8768,0.2346,38.52,94,91,60324
1.9110,0.2493,38.46,94,91,60327
1.8915,0.2395,38.55,94,91,60331
1.8964,0.2444,38.46,94,91,60334
1.8817,0.2444,38.58,94,91,60338
1.8671,0.2346,38.58,94,91,60341
1.8915,0.2297,38.40,94,91,60344
1.8475,0.2395,38.55,94,91,60347
1.8475,0.2346,38.43,94,91,60351
1.8328,0.2346,38.65,94,91,60354
1.8328,0.2346,38.58,94,91,60357
1.8573,0.2493,38.46,94,91,60360
1.8231,0.2346,38.52,94,91,60364
1.8231,0.2346,38.46,94,91,60367
1.7986,0.2395,38.58,94,91,60370
1.8133,0.2395,38.55,94,91,60374
1.8133,0.2981,38.46,94,91,60378
1.7937,0.2395,38.52,94,91,60381
1.8182,0.2346,38.46,94,91,60384
1.7889,0.2346,38.58,94,91,60387
1.7840,0.2346,38.58,94,91,60391
1.8133,0.2444,38.40,94,91,60394
1.7840,0.2395,38.52,94,91,60397
1.7742,0.2444,38.49,94,91,60400
1.7595,0.2346,38.55,94,91,60404
1.7546,0.2346,38.58,94,91,60407
1.7937,0.2444,38.43,94,91,60410
1.7644,0.2346,38.55,94,91,60413
1.7742,0.2346,38.46,94,91,60418
1.7546,0.2395,38.55,94,91,60421
1.7546,0.2248,38.55,94,91,60424
1.7937,0.2493,38.40,94,91,60427
1.7889,0.2395,38.55,94,91,60431
1.8231,0.2346,38.46,94,91,60434
1.7986,0.2395,38.55,94,91,60437
1.8035,0.2346,38.62,94,91,60440
1.8524,0.2493,38.46,94,91,60444
1.8377,0.2395,38.52,94,91,60447
1.8377,0.2297,38.55,94,91,60450
1.8328,0.2346,38.62,94,91,60453
1.8377,0.2346,38.58,94,91,60457
1.8719,0.2493,38.43,94,91,60461
1.8377,0.2346,38.55,94,91,60464
1.8573,0.2346,38.49,94,91,60467
1.8622,0.2395,38.55,94,91,60471
1.8719,0.2346,38.58,94,91,60474
1.9306,0.2542,38.43,94,91,60477
1.9257,0.2395,38.52,94,91,60480
1.9550,0.2346,38.49,94,91,60484
1.9306,0.2346,38.62,94,91,60487
1.9404,0.2346,38.58,94,91,60490
2.0088,0.2493,38.40,94,91,60493
2.0039,0.2493,38.49,94,91,60497
2.0186,0.2346,38.55,94,91,60500
2.0577,0.2395,38.58,94,91,60504
2.0186,0.2346,38.65,94,91,60507
2.0626,0.2542,38.40,94,91,60511
1.9892,0.2297,38.52,94,91,60514
1.9746,0.2297,38.52,94,91,60517
1.9550,0.2395,38.58,94,91,60520
1.9208,0.2346,38.58,94,91,60524
1.9550,0.2493,37.65,94,91,60527
1.8768,0.2444,38.52,94,91,60530
1.8280,0.2542,38.52,94,91,60533
1.8084,0.2444,38.58,94,91,60537
1.7742,0.2346,38.58,94,91,60540
1.8280,0.2542,38.43,94,91,60544
1.7791,0.2395,38.46,94,91,60547
1.7644,0.2297,38.52,94,91,60551
1.7644,0.2297,38.55,94,91,60554
1.7595,0.2346,38.58,94,91,60557
1.8084,0.2590,38.36,94,91,60560
1.7546,0.2395,38.18,94,91,60564
1.7595,0.2297,38.52,94,91,60567
1.7986,0.2346,38.58,94,91,60570
1.7302,0.2346,38.55,94,91,60575
1.7351,0.2346,38.58,94,91,60578
1.7742,0.2444,38.40,94,91,60581
1.7595,0.2395,38.52,94,91,60585
1.7791,0.2395,38.46,94,91,60589
1.7840,0.2346,38.55,94,91,60592
1.8084,0.2444,38.52,94,91,60595
1.8719,0.2444,38.46,94,91,60599
1.8915,0.2346,38.55,94,91,60602
1.9844,0.2395,38.49,94,91,60605
2.0528,0.2688,38.62,94,91,60608
2.1896,0.2346,38.62,94,91,60612
2.3998,0.2297,38.49,94,91,60615
2.5904,0.2444,38.52,94,91,60618
2.8397,0.2346,38.49,94,91,60621
3.0499,0.2395,38.58,94,91,60625
3.2111,0.2444,38.55,94,91,60628
3.3089,0.2444,38.40,94,91,60632
3.1427,0.2395,38.52,94,91,60635
2.8886,0.2395,38.46,94,91,60638
2.5709,0.2346,38.62,94,91,60642
2.2776,0.2444,38.58,94,91,60645
2.0772,0.2395,38.43,94,91,60648
1.8475,0.2395,38.62,94,91,60651
1.7058,0.2297,38.49,94,91,60655
1.5787,0.2346,38.58,94,91,60658
1.4907,0.2346,38.58,94,91,60661
1.4614,0.2493,38.46,94,91,60664
1.4027,0.2395,38.55,94,91,60668
1.3587,0.2542,38.49,94,91,60672
1.3392,0.2493,38.62,94,91,60675
1.3441,0.2297,38.58,94,91,60678
1.3978,0.2395,38.43,94,91,60682
1.3930,0.2346,38.58,94,91,60685
1.3978,0.2346,38.77,94,91,60688
1.4027,0.2346,38.58,94,91,60691
1.4125,0.2346,38.55,94,91,60695
1.4614,0.2493,38.43,94,91,60698
1.4565,0.2297,38.55,94,91,60701
1.4809,0.2346,38.49,94,91,60704
1.5005,0.2346,38.58,94,91,60708
1.5200,0.2346,38.58,94,91,60711
1.5738,0.2395,38.46,94,91,60715
1.5543,0.2395,38.52,94,91,60718
1.5591,0.2297,38.49,94,91,60722
1.5640,0.2395,38.58,94,91,60725
1.5787,0.2395,38.55,94,91,60728
1.6373,0.2444,38.52,94,91,60731
1.6276,0.2395,38.46,94,91,60735
1.6325,0.2346,38.49,94,91,60738
1.6325,0.2346,38.58,94,91,60741
1.6373,0.2346,38.58,94,91,60744
1.6764,0.2493,38.40,94,91,60748
1.6618,0.2395,38.58,94,91,60751
1.6667,0.2493,38.49,94,91,60754
1.6764,0.2346,38.65,94,91,60758
1.6813,0.2346,38.62,94,91,60762
1.7400,0.2493,38.43,94,91,60765
1.7155,0.2688,38.55,94,91,60768
1.7155,0.2346,38.65,94,91,60771
1.7155,0.2395,38.65,94,91,60775
1.7107,0.2346,38.62,94,91,60778
1.7693,0.2395,38.40,94,91,60781
1.7449,0.2590,38.49,94,91,60784
1.7449,0.2297,38.49,94,91,60788
1.7693,0.2346,38.55,94,91,60791
1.7546,0.2493,38.62,94,91,60794
1.8084,0.2493,38.43,94,91,60797
1.7693,0.2395,38.55,94,91,60802
1.7693,0.2297,38.55,94,91,60805
1.7693,0.2395,38.65,94,91,60808
1.7644,0.2346,38.58,94,91,60811
1.8328,0.2493,38.36,94,91,60815
1.7986,0.2590,38.52,94,91,60818
1.8133,0.2297,38.52,94,91,60821
1.8377,0.2395,38.55,94,91,60824
1.8524,0.2395,38.55,94,91,60828
1.8817,0.2493,38.36,94,91,60831
1.8182,0.2639,38.46,94,91,60834
1.7840,0.2297,38.52,94,91,60837
1.7742,0.2346,38.55,94,91,60841
1.7791,0.2346,38.52,94,91,60845
1.8231,0.2542,38.40,94,91,60848
1.7693,0.2395,38.52,94,91,60851
1.7546,0.2248,38.52,94,91,60855
1.7498,0.2395,38.65,94,91,60858
1.7498,0.2346,38.58,94,91,60861
1.8133,0.2493,38.36,94,91,60864
1.7840,0.2346,38.55,94,91,60868
1.7937,0.2297,38.52,94,91,60871
1.8035,0.2395,38.55,94,91,60874
1.8133,0.2346,38.58,94,91,60877
1.8817,0.2493,38.30,94,91,60881
1.8524,0.2395,38.55,94,91,60884
1.8573,0.2346,38.52,94,91,60888
1.8719,0.2346,38.55,94,91,60891
1.8817,0.2346,38.62,94,91,60895
1.9404,0.2542,38.36,94,91,60898
1.8817,0.2346,38.55,94,91,60901
1.8719,0.2346,38.52,94,91,60904
1.8719,0.2395,38.58,94,91,60908
1.8671,0.2444,38.58,94,91,60911
1.9159,0.2542,38.33,94,91,60914
1.8768,0.2395,38.49,94,91,60917
1.8622,0.2297,38.46,94,91,60921
1.8719,0.2395,38.62,94,91,60924
1.8719,0.2346,38.58,94,91,60928
1.9404,0.2493,38.36,94,91,60931
1.8964,0.2395,38.55,94,91,60935
1.8866,0.2297,37.83,94,91,60938
1.8817,0.2395,38.58,94,91,60941
1.8964,0.2542,38.58,94,91,60944
1.9599,0.2493,38.36,94,91,60948
1.9110,0.2346,38.52,94,91,60951
1.9062,0.2346,38.55,94,91,60954
1.9159,0.2395,38.52,94,91,60957
1.9159,0.2346,38.65,94,91,60961
1.9746,0.2297,38.36,94,91,60964
1.9697,0.2395,38.46,94,91,60967
1.9110,0.2346,38.52,94,91,60971
1.9013,0.2395,38.52,94,91,60975
1.8866,0.2346,38.58,94,91,60978
1.9355,0.2493,38.43,94,91,60981
1.9062,0.2346,38.46,94,91,60984
1.9013,0.2346,38.05,94,91,60988
1.9062,0.2346,38.55,94,91,60991
1.8866,0.2346,38.58,94,91,60994
1.9208,0.2542,38.30,94,91,60997
1.8573,0.2297,38.52,94,91,61001
1.8524,0.2444,38.55,94,91,61004
1.8573,0.2444,38.52,94,91,61007
1.8426,0.2346,38.65,94,91,61010
1.9159,0.2493,38.36,94,91,61015
1.8426,0.2395,38.46,94,91,61018
1.8231,0.2297,38.65,94,91,61021
1.8231,0.2395,38.52,94,91,61024
1.8133,0.2297,38.58,94,91,61028
1.9062,0.2542,38.30,94,91,61031
1.8377,0.2542,38.49,94,91,61034
1.8426,0.2297,38.58,94,91,61037
1.8475,0.2346,38.58,94,91,61041
1.8671,0.2444,38.55,94,91,61044
1.9355,0.2493,38.08,94,91,61047
1.8964,0.2346,38.52,94,91,61050
1.9257,0.2346,38.58,94,91,61054
1.9110,0.2395,38.52,94,91,61058
1.9013,0.2395,38.55,94,91,61061
1.9599,0.2493,38.30,94,91,61064
1.9550,0.2395,38.46,94,91,61068
1.9208,0.2590,38.58,94,91,61071
1.9404,0.2395,38.52,94,91,61074
1.9501,0.2346,38.58,94,91,61077
1.9892,0.2444,38.27,94,91,61081
1.9453,0.2346,38.87,94,91,61084
1.9404,0.2297,38.65,94,91,61087
1.9404,0.2395,38.52,94,91,61090
1.9453,0.2346,38.58,94,91,61094
2.0137,0.2444,38.30,94,91,61097
1.9990,0.2346,38.52,94,91,61101
1.9892,0.2639,38.62,94,91,61104
2.0137,0.2395,38.58,94,91,61108
2.0283,0.2346,38.58,94,91,61111
2.1212,0.2395,38.27,94,91,61114
2.0674,0.2395,38.46,94,91,61117
2.0577,0.2346,38.58,94,91,61121
2.0723,0.2395,38.55,94,91,61124
2.0723,0.2346,38.55,94,91,61127
2.1359,0.2444,38.27,94,91,61130
2.0821,0.2346,38.49,94,91,61134
2.0723,0.2688,38.65,94,91,61137
2.0723,0.2346,38.55,94,91,61140
2.0919,0.2346,38.55,94,91,61144
2.1017,0.2444,38.33,94,91,61148
2.0283,0.2297,38.55,94,91,61151
2.0088,0.2395,38.62,94,91,61154
1.9990,0.2395,38.43,94,91,61157
1.9599,0.2297,38.55,94,91,61161
1.9795,0.2395,38.40,94,91,61164
1.9208,0.2395,38.46,94,91,61167
1.8817,0.2297,38.58,94,91,61170
1.8719,0.2395,38.52,94,91,61174
1.8377,0.2346,38.58,94,91,61177
1.8671,0.2395,38.30,94,91,61180
1.8377,0.2493,38.40,94,91,61186
1.7986,0.2395,38.55,94,91,61189
1.8133,0.2297,38.90,94,91,61192
1.8280,0.2346,38.55,94,91,61195
1.8231,0.2346,38.58,94,91,61199
1.8915,0.2444,38.36,94,91,61202
1.8622,0.2395,38.62,94,91,61205
1.8573,0.2346,38.52,94,91,61208
1.8719,0.2346,38.58,94,91,61212
1.8622,0.2297,38.58,94,91,61215
1.9208,0.2493,38.24,94,91,61218
1.8964,0.2395,38.49,94,91,61222
1.9355,0.2346,38.52,94,91,61225
1.9648,0.2444,38.62,94,91,61229
2.0430,0.2297,38.58,94,91,61232
2.2092,0.2542,38.43,94,91,61235
2.2678,0.2395,38.52,94,91,61239
2.4291,0.2297,38.52,94,91,61242
2.6491,0.2346,38.55,94,91,61245
2.8788,0.2346,38.58,94,91,61248
3.2111,0.2493,38.36,94,91,61252
3.3480,0.2297,38.49,94,91,61255
3.3871,0.2297,38.62,94,91,61258
3.2942,0.2346,38.52,94,91,61261
3.0401,0.2297,38.58,94,91,61265
2.7957,0.2542,38.33,94,91,61268
2.4340,0.2346,38.49,94,91,61272
2.1554,0.2248,38.58,94,91,61275
1.9453,0.2346,38.58,94,91,61279
1.7840,0.2297,38.68,94,91,61282
1.7058,0.2493,38.33,94,91,61285
1.5738,0.2297,38.52,94,91,61288
1.5249,0.2199,38.55,94,91,61292
1.5054,0.2395,38.55,94,91,61295
1.4907,0.2297,38.55,94,91,61298
1.5103,0.2493,38.30,94,91,61301
1.4809,0.2395,38.55,94,91,61305
1.4761,0.2297,38.58,94,91,61308
1.4858,0.2346,38.55,94,91,61312
1.4858,0.2297,38.55,94,91,61315
1.5396,0.2395,38.30,94,91,61319
1.5103,0.2444,38.46,94,91,61322
1.5054,0.2297,38.65,94,91,61325
1.5249,0.2346,38.55,94,91,61328
1.5347,0.2346,38.62,94,91,61332
1.5934,0.2444,38.33,94,91,61335
1.5640,0.2297,38.55,94,91,61338
1.5787,0.2395,38.58,94,91,61341
1.5934,0.2346,38.77,94,91,61345
1.6080,0.2297,38.58,94,91,61348
1.6764,0.2444,38.30,94,91,61351
1.6667,0.2346,38.49,94,91,61355
1.6813,0.2297,38.62,94,91,61359
1.7058,0.2395,38.55,94,91,61362
1.7204,0.2346,38.58,94,91,61365
1.7644,0.2444,38.46,94,91,61368
1.7400,0.2346,38.62,94,91,61372
1.7400,0.2346,38.62,94,91,61375
1.7449,0.2346,38.62,94,91,61378
1.7449,0.2297,38.58,94,91,61381
1.8328,0.2395,38.30,94,91,61385
1.7693,0.2346,38.55,94,91,61388
1.7840,0.2297,38.62,94,91,61391
1.7986,0.2346,38.55,94,91,61394
1.7937,0.2297,38.65,94,91,61399
1.8426,0.2444,38.27,94,91,61402
1.8084,0.2639,38.49,94,91,61405
1.7889,0.2297,38.58,94,91,61408
1.7986,0.2297,38.52,94,91,61412
1.7840,0.2297,38.58,94,91,61415
1.8377,0.2444,38.27,94,91,61418
1.8084,0.2297,38.52,94,91,61421
1.8280,0.2346,38.58,94,91,61425
1.8475,0.2297,38.62,94,91,61428
1.8573,0.2297,38.58,94,91,61431
1.9404,0.2395,38.33,94,91,61434
1.8573,0.2395,38.55,94,91,61438
1.8622,0.2297,38.55,94,91,61442
1.8817,0.2346,38.58,94,91,61445
1.8817,0.2297,38.55,94,91,61448
1.9257,0.2493,38.30,94,91,61452
1.8915,0.2346,38.46,94,91,61455
1.8671,0.2297,38.58,94,91,61458
1.8817,0.2395,38.52,94,91,61461
1.8719,0.2248,38.58,94,91,61465
1.9306,0.2395,37.62,94,91,61468
1.8964,0.2297,38.49,94,91,61471
1.8817,0.2346,38.55,94,91,61474
1.8866,0.2395,38.58,94,91,61478
1.8768,0.2297,38.55,94,91,61481
1.9501,0.2395,38.30,94,91,61485
1.9013,0.2199,38.55,94,91,61488
1.8866,0.2297,38.77,94,91,61492
1.8915,0.2346,38.55,94,91,61495
1.8817,0.2346,38.58,94,91,61498
1.9257,0.2444,38.30,94,91,61501
1.9159,0.2346,38.46,94,91,61505
1.9257,0.2346,38.58,94,91,61508
1.9501,0.2297,38.55,94,91,61511
1.9550,0.2346,38.58,94,91,61514
2.0332,0.2395,38.33,94,91,61518
2.0283,0.2346,38.55,94,91,61521
2.0186,0.2639,38.58,94,91,61524
2.0088,0.2297,38.55,94,91,61528
1.9746,0.2297,38.62,94,91,61532
1.9990,0.2346,38.33,94,91,61535
1.9501,0.2297,38.65,94,91,61538
1.9746,0.2199,38.58,94,91,61541
1.9648,0.2395,38.52,94,91,61545
1.9550,0.2297,38.58,94,91,61548
2.0039,0.2346,38.33,94,91,61551
1.9990,0.2297,38.46,94,91,61554
1.9795,0.2297,38.58,94,91,61558
1.9990,0.2395,38.49,94,91,61561
1.9697,0.2542,38.58,94,91,61564
2.0137,0.2346,38.52,94,91,61568
1.9892,0.2297,38.52,94,91,61572
1.9990,0.2102,38.58,94,91,61575
2.0088,0.2297,38.52,94,91,61578
1.9892,0.2297,38.55,94,91,61581
1.9990,0.2444,38.36,94,91,61585
1.9453,0.2297,38.62,94,91,61588
1.9501,0.2297,38.58,94,91,61591
1.9844,0.2395,38.49,94,91,61594
1.9550,0.2102,38.58,94,91,61598
1.9844,0.2346,38.36,94,91,61601
1.9550,0.2297,38.46,94,91,61604
1.9550,0.2297,38.58,94,91,61607
1.9892,0.2395,38.49,94,91,61612
1.9453,0.2297,38.62,94,91,61615
1.9941,0.2346,38.43,94,91,61618
1.9697,0.2297,38.49,94,91,61621
1.9648,0.2297,38.58,94,91,61625
1.9648,0.2248,38.52,94,91,61628
1.9550,0.2297,38.58,94,91,61631
1.9892,0.2346,38.36,94,91,61634
1.9844,0.2297,38.55,94,91,61638
1.9697,0.2297,38.71,94,91,61641
1.9795,0.2395,38.49,94,91,61644
1.9306,0.2297,38.55,94,91,61647
1.9697,0.2346,38.33,94,91,61651
1.8964,0.2346,38.43,94,91,61655
1.8915,0.2297,38.55,94,91,61658
1.9404,0.2297,38.46,94,91,61661
1.9404,0.2199,38.55,94,91,61665
1.9795,0.2346,38.15,94,91,61668
1.9404,0.2297,38.49,94,91,61671
1.9648,0.2248,38.55,94,91,61674
1.9453,0.2297,38.49,94,91,61678
1.9501,0.2297,38.58,94,91,61681
1.9892,0.2346,38.36,94,91,61684
1.9550,0.2297,38.58,94,91,61687
1.9306,0.2248,38.24,94,91,61691
1.9599,0.2346,38.46,94,91,61694
1.9453,0.2297,38.58,94,91,61698
1.9941,0.2346,38.33,94,91,61701
1.9795,0.2297,38.49,94,91,61705
1.9795,0.2297,38.55,94,91,61708
2.0381,0.2346,38.43,94,91,61711
2.0137,0.2297,38.52,94,91,61714
2.0528,0.2346,38.40,94,91,61718
2.0332,0.2297,38.62,94,91,61721
2.0430,0.2297,38.58,94,91,61724
2.0577,0.2346,38.52,94,91,61727
2.0479,0.2297,38.68,94,91,61730
2.1065,0.2346,38.40,94,91,61734
2.0332,0.2639,38.55,94,91,61737
2.0479,0.2248,38.58,94,91,61741
2.0821,0.2248,38.55,94,91,61744
2.0626,0.2346,38.55,94,91,61748
2.1017,0.2297,38.43,94,91,61751
2.0821,0.2199,38.52,94,91,61754
2.0870,0.2248,38.58,94,91,61757
2.1017,0.2297,38.49,94,91,61761
2.0870,0.2199,38.58,94,91,61764
2.1017,0.2297,38.46,94,91,61767
2.0430,0.2248,38.55,94,91,61770
2.0137,0.2395,38.62,94,91,61774
1.9892,0.2297,38.52,94,91,61777
1.9697,0.2297,38.55,94,91,61780
1.9844,0.2395,38.43,94,91,61784
1.9599,0.2493,38.49,94,91,61788
1.9697,0.2248,38.58,94,91,61791
1.9892,0.2346,38.46,94,91,61794
1.9501,0.2395,38.58,94,91,61799
1.9355,0.2102,38.58,94,91,61802
1.9550,0.2297,38.36,94,91,61805
1.9159,0.2248,38.62,94,91,61808
1.9062,0.2248,38.58,94,91,61812
1.9355,0.2346,38.52,94,91,61815
1.9257,0.2248,38.68,94,91,61818
1.9648,0.2346,38.43,94,91,61821
1.9257,0.2199,38.58,94,91,61826
1.9453,0.2248,38.62,94,91,61829
1.9795,0.2346,38.46,94,91,61832
1.9648,0.2248,38.62,94,91,61836
2.0137,0.2346,38.36,94,91,61839
1.9844,0.2590,38.49,94,91,61842
1.9941,0.2248,38.58,94,91,61845
2.0674,0.2346,38.46,94,91,61848
2.1457,0.2542,38.62,94,91,61852
2.3509,0.2297,38.49,94,91,61855
2.5220,0.2248,38.52,94,91,61858
2.7419,0.2297,38.55,94,91,61861
3.0010,0.2297,38.52,94,91,61865
3.2258,0.2248,38.58,94,91,61869
3.4751,0.2297,38.46,94,91,61872
3.4751,0.2248,38.62,94,91,61875
3.3871,0.2248,38.62,94,91,61879
3.1281,0.2297,38.55,94,91,61882
2.7713,0.2248,38.52,94,91,61885
2.4927,0.2248,38.40,94,91,61888
2.1848,0.2248,38.55,94,91,61892
1.9501,0.2248,38.58,94,91,61895
1.7937,0.2297,38.43,94,91,61898
1.6618,0.2199,38.58,94,91,61901
1.6178,0.2248,38.21,94,91,61905
1.5445,0.2199,38.52,94,91,61908
1.5347,0.2102,38.58,94,91,61912
1.5054,0.2444,38.52,94,91,61915
1.5005,0.2248,38.58,94,91,61919
1.5591,0.2248,38.43,94,91,61922
1.5689,0.2346,38.55,94,91,61925
1.5934,0.2248,38.77,94,91,61928
1.6178,0.2297,38.49,94,91,61932
1.6373,0.2248,38.58,94,91,61935
1.6911,0.2248,38.40,94,91,61938
1.7009,0.2199,38.52,94,91,61941
1.7449,0.2248,38.55,94,91,61945
1.7791,0.2297,38.46,94,91,61948
1.7595,0.2199,38.68,94,91,61952
1.7791,0.2248,38.40,94,91,61955
1.7351,0.2199,38.55,94,91,61959
1.7107,0.2248,38.58,94,91,61962
1.7107,0.2199,38.49,94,91,61965
1.7155,0.2248,38.65,94,91,61968
1.7644,0.2248,38.46,94,91,61972
1.7546,0.2248,38.55,94,91,61975
1.7693,0.2444,38.65,94,91,61978
1.8084,0.2297,38.43,94,91,61981
1.8133,0.2248,38.55,94,91,61985
1.8573,0.2248,38.43,94,91,61988
1.8328,0.2444,38.52,94,91,61991
1.8377,0.2248,38.84,94,91,61995
1.8426,0.2297,38.46,94,91,61999
1.8231,0.2248,38.58,94,91,62002
1.8671,0.2346,38.40,94,91,62005
1.8475,0.2199,38.52,94,91,62008
1.8671,0.2248,38.55,94,91,62012
1.8768,0.2102,38.52,94,91,62015
1.8671,0.2248,38.65,94,91,62018
1.9013,0.2248,38.46,94,91,62021
1.8622,0.2248,38.58,94,91,62025
1.8573,0.2248,38.55,94,91,62028
1.8817,0.2297,38.40,94,91,62031
1.8768,0.2248,38.55,94,91,62034
1.9453,0.2248,38.40,94,91,62039
1.9013,0.2542,38.55,94,91,62042
1.8817,0.2199,38.58,94,91,62045
1.8768,0.2248,38.49,94,91,62048
1.8524,0.2199,38.58,94,91,62052
1.8964,0.2248,38.40,94,91,62055
1.8866,0.2346,38.58,94,91,62058
1.9013,0.2102,38.55,94,91,62061
1.9110,0.2297,38.49,94,91,62065
1.8964,0.2248,38.58,94,91,62068
1.9110,0.2395,38.46,94,91,62071
1.8768,0.2199,38.58,94,91,62074
1.8866,0.2248,38.58,94,91,62078
1.9355,0.2346,38.43,94,91,62082
1.9159,0.2248,38.62,94,91,62085
1.9257,0.2248,38.46,94,91,62088
1.8768,0.2199,38.55,94,91,62092
1.8817,0.2199,38.58,94,91,62095
1.9355,0.2297,38.46,94,91,62098
1.9208,0.2248,38.46,94,91,62101
1.9648,0.2297,38.46,94,91,62105
1.9257,0.2248,38.68,94,91,62108
1.9110,0.2297,38.58,94,91,62111
1.9208,0.2297,38.49,94,91,62114
1.9257,0.2248,38.68,94,91,62118
1.9306,0.2297,38.46,94,91,62121
1.9013,0.2248,38.62,94,91,62125
1.9062,0.2102,38.58,94,91,62128
1.9501,0.2297,38.40,94,91,62132
1.9306,0.2248,38.52,94,91,62135
1.9746,0.2297,38.46,94,91,62138
1.9550,0.2199,38.58,94,91,62141
1.9599,0.2199,38.55,94,91,62145
1.9941,0.2346,38.49,94,91,62148
1.9795,0.2297,38.58,94,91,62151
2.0186,0.2297,38.43,94,91,62154
2.0088,0.2297,38.58,94,91,62158
2.0528,0.2248,38.58,94,91,62161
2.0381,0.2297,38.40,94,91,62164
2.0186,0.2248,38.55,94,91,62168
2.0186,0.2297,38.40,94,91,62172
1.9844,0.2248,38.46,94,91,62175
1.9844,0.2199,38.55,94,91,62178
2.0186,0.2346,38.36,94,91,62181
1.9746,0.2590,38.52,94,91,62185
1.9844,0.2248,38.43,94,91,62188
1.9892,0.2199,38.58,94,91,62191
1.9697,0.2199,38.49,94,91,62194
1.9990,0.2297,38.46,94,91,62197
1.9990,0.2199,38.58,94,91,62201
1.9844,0.2248,38.43,94,91,62204
1.9550,0.2248,38.58,94,91,62208
1.9599,0.2199,38.62,94,91,62211
1.9795,0.2346,38.49,94,91,62215
1.9648,0.2248,38.68,94,91,62218
1.9746,0.2102,38.46,94,91,62221
1.9550,0.2151,38.55,94,91,62224
1.9550,0.2151,38.43,94,91,62228
1.9892,0.2297,38.40,94,91,62231
1.9550,0.2248,38.52,94,91,62234
1.9648,0.2248,38.46,94,91,62237
1.9550,0.2199,38.55,94,91,62241
1.9648,0.2102,38.58,94,91,62244
1.9844,0.2395,38.43,94,91,62247
1.9501,0.2248,38.68,94,91,62251
1.9746,0.2248,38.43,94,91,62255
1.9550,0.2297,38.52,94,91,62258
1.9501,0.2199,38.62,94,91,62261
1.9844,0.2297,38.52,94,91,62264
1.9697,0.2199,38.55,94,91,62268
1.9892,0.2199,37.80,94,91,62271
1.9844,0.2248,38.55,94,91,62274
2.0039,0.2248,38.58,94,91,62277
2.0039,0.2297,38.43,94,91,62281
1.9599,0.2248,38.52,94,91,62284
1.9453,0.2248,38.55,94,91,62287
1.9159,0.2248,38.58,94,91,62290
1.9159,0.2199,38.58,94,91,62295
1.9501,0.2346,38.43,94,91,62298
1.9159,0.2199,38.55,94,91,62301
1.9355,0.2199,38.52,94,91,62304
1.9355,0.2199,38.58,94,91,62308
1.9306,0.2199,38.58,94,91,62311
1.9795,0.2395,38.43,94,91,62314
1.9599,0.2297,38.43,94,91,62317
1.9550,0.2199,38.46,94,91,62321
1.9746,0.2199,38.58,94,91,62324
1.9501,0.2199,38.68,94,91,62327
2.0039,0.2346,38.40,94,91,62330
1.9990,0.2199,38.52,94,91,62334
2.0088,0.2199,38.52,94,91,62338
1.9990,0.2248,38.58,94,91,62341
1.9941,0.2199,38.15,94,91,62344
2.0283,0.2297,38.43,94,91,62348
1.9844,0.2102,38.52,94,91,62351
1.9795,0.2199,38.68,94,91,62354
1.9892,0.2248,38.62,94,91,62357
2.0088,0.2199,38.58,94,91,62361
2.0772,0.2444,38.40,94,91,62364
2.0528,0.2297,38.58,94,91,62367
2.0430,0.2199,38.55,94,91,62370
2.0772,0.2248,38.58,94,91,62374
2.0332,0.2199,38.58,94,91,62377
2.0772,0.2297,38.36,94,91,62381
2.0186,0.2297,38.49,94,91,62384
1.9746,0.2199,38.52,94,91,62388
1.9599,0.2248,38.02,94,91,62391
1.9404,0.2102,38.58,94,91,62394
2.0088,0.2395,38.40,94,91,62397
1.9746,0.2248,38.49,94,91,62400
1.9599,0.2151,38.58,94,91,62404
1.9501,0.2248,38.55,95,92,62407
1.8866,0.2248,38.58,95,92,62412
1.9013,0.2199,38.62,95,92,62415
1.9404,0.2297,38.36,95,92,62418
1.9062,0.2248,38.58,95,92,62422
1.9062,0.2248,38.49,95,92,62426
1.8817,0.2248,38.62,95,92,62429
1.8768,0.2102,38.58,95,92,62432
1.8866,0.2297,38.68,95,92,62435
1.8426,0.2248,38.55,95,92,62439
1.8231,0.2248,38.43,95,92,62442
1.7937,0.2444,38.58,95,92,62445
1.7937,0.2199,38.49,95,92,62448
1.8426,0.2297,38.46,95,92,62452
1.8377,0.2248,38.52,95,92,62455
1.8671,0.2199,38.43,95,92,62458
1.8866,0.2199,38.62,95,92,62461
1.9404,0.2199,38.62,95,92,62466
2.0626,0.2346,38.40,95,92,62469
2.1652,0.2248,38.46,95,92,62472
2.3314,0.2199,38.46,95,92,62475
2.5122,0.2199,38.58,95,92,62479
2.7517,0.2151,38.52,95,92,62482
3.0499,0.2297,38.43,95,92,62485
3.2307,0.2248,38.55,95,92,62488
3.3431,0.2248,38.49,95,92,62492
3.2747,0.2199,38.58,95,92,62495
3.0596,0.2199,38.58,95,92,62498
2.7957,0.2346,38.43,95,92,62501
2.4389,0.2248,38.65,95,92,62505
2.1457,0.2199,38.49,95,92,62509
1.8768,0.2199,38.55,95,92,62512
1.6813,0.2199,38.62,95,92,62515
1.5689,0.2297,38.43,95,92,62519
1.4516,0.2297,38.55,95,92,62522
1.3881,0.2199,38.49,95,92,62525
1.3490,0.2639,38.62,95,92,62528
1.3294,0.2199,38.62,95,92,62532
1.3587,0.2346,38.43,95,92,62535
1.3490,0.2199,38.52,95,92,62538
1.3734,0.2151,38.46,95,92,62541
1.3978,0.2199,38.68,95,92,62545
1.4272,0.2199,38.55,95,92,62548
1.4858,0.2346,38.43,95,92,62552
1.4809,0.2248,38.52,95,92,62555
1.4956,0.2151,38.49,95,92,62559
1.5103,0.2199,38.58,95,92,62562
1.5591,0.2199,38.58,95,92,62565
1.5836,0.2297,38.40,95,92,62568
1.5738,0.2248,38.52,95,92,62572
1.5885,0.2248,38.49,95,92,62575
1.5885,0.2297,38.55,95,92,62578
1.5982,0.2199,38.58,95,92,62581
1.6520,0.2346,38.43,95,92,62585
1.6373,0.2297,38.55,95,92,62588
1.6471,0.2151,38.52,95,92,62592
1.6520,0.2199,38.58,95,92,62595
1.6569,0.2199,38.65,95,92,62599
1.7058,0.2395,38.43,95,92,62602
1.6716,0.2248,38.58,95,92,62605
1.6618,0.2151,38.46,95,92,62608
1.6520,0.2199,38.62,95,92,62612
1.6373,0.2199,38.58,95,92,62615
1.6764,0.2297,37.59,95,92,62618
1.6569,0.2297,38.55,95,92,62621
1.6667,0.2102,38.52,95,92,62625
1.6716,0.2444,38.55,95,92,62628
1.6764,0.2199,38.58,95,92,62631
1.7253,0.2346,38.43,95,92,62635
1.7155,0.2248,38.49,95,92,62639
1.7058,0.2102,38.52,95,92,62642
1.7155,0.2199,38.58,95,92,62645
1.7253,0.2199,38.55,95,92,62648
1.7840,0.2346,38.43,95,92,62652
1.7498,0.2542,38.52,95,92,62655
1.7498,0.2151,38.52,95,92,62658
1.7595,0.2248,38.46,95,92,62661
1.7693,0.1906,38.58,95,92,62665
1.8182,0.2346,38.36,95,92,62668
1.7840,0.2590,38.49,95,92,62671
1.7742,0.2151,38.49,95,92,62674
1.7693,0.2199,38.55,95,92,62679
1.7742,0.2248,38.58,95,92,62682
1.8328,0.2346,37.62,95,92,62685
1.7986,0.2248,38.52,95,92,62688
1.7937,0.2199,38.52,95,92,62692
1.7986,0.2199,38.58,95,92,62695
1.7986,0.2199,38.62,95,92,62698
1.8573,0.2395,38.36,95,92,62701
1.8133,0.2542,38.49,95,92,62705
1.8035,0.2151,38.58,95,92,62708
1.8035,0.2199,38.46,95,92,62711
1.7937,0.2199,38.58,95,92,62714
1.8426,0.2395,38.40,95,92,62718
1.8084,0.2248,38.49,95,92,62722
1.8084,0.2151,38.58,95,92,62725
1.8231,0.2199,38.58,95,92,62728
1.8280,0.2102,38.62,95,92,62732
1.8866,0.2346,38.43,95,92,62735
1.8524,0.2248,38.52,95,92,62738
1.8573,0.2151,38.55,95,92,62741
1.8817,0.2102,38.62,95,92,62745
1.9110,0.2297,38.58,95,92,62748
2.0039,0.2395,38.43,95,92,62751
1.9697,0.2297,38.46,95,92,62754
1.9550,0.2102,38.62,95,92,62758
1.9550,0.2248,38.55,95,92,62761
1.9355,0.2248,38.58,95,92,62765
1.9795,0.2346,38.33,95,92,62768
1.9257,0.2199,38.46,95,92,62772
1.9013,0.2151,38.58,95,92,62775
1.9062,0.2199,38.55,95,92,62778
1.9110,0.2199,38.68,95,92,62781
1.9746,0.2395,38.33,95,92,62785
1.9550,0.2248,38.49,95,92,62788
1.9453,0.2248,38.52,95,92,62791
1.9550,0.2199,38.65,95,92,62794
1.9501,0.2199,38.58,95,92,62798
1.9990,0.2346,38.33,95,92,62801
1.9501,0.2199,38.36,95,92,62804
1.9257,0.2102,38.55,95,92,62808
1.9257,0.2199,38.55,95,92,62812
1.9208,0.2053,38.62,95,92,62815
1.9746,0.2297,38.33,95,92,62818
1.9306,0.2199,38.46,95,92,62821
1.9110,0.2297,38.62,95,92,62824
1.9208,0.2199,37.90,95,92,62828
1.9257,0.2199,38.62,95,92,62831
1.9648,0.2248,38.36,95,92,62834
1.9062,0.2102,38.49,95,92,62837
1.8866,0.2151,38.62,95,92,62841
1.8817,0.2199,38.55,95,92,62844
1.8573,0.2151,38.58,95,92,62848
1.8964,0.2248,38.27,95,92,62852
1.8622,0.2248,38.55,95,92,62855
1.8475,0.2151,38.58,95,92,62858
1.8573,0.2199,38.55,95,92,62861
1.8524,0.2199,38.58,95,92,62865
1.9062,0.2297,38.27,95,92,62868
1.8671,0.2199,38.46,95,92,62871
1.8573,0.2151,38.58,95,92,62874
1.8768,0.2199,38.55,95,92,62878
1.8671,0.2248,38.55,95,92,62881
1.9110,0.2297,38.49,95,92,62884
1.8622,0.2199,38.58,95,92,62887
1.8671,0.2102,38.55,95,92,62892
1.8524,0.2151,38.55,95,92,62895
1.8377,0.2151,38.58,95,92,62898
1.8964,0.2297,38.33,95,92,62901
1.8719,0.2199,38.46,95,92,62905
1.8622,0.2297,38.68,95,92,62908
1.8817,0.2493,38.55,95,92,62911
1.8866,0.2199,38.43,95,92,62914
1.9550,0.2346,38.30,95,92,62918
1.9355,0.2102,38.46,95,92,62921
1.9208,0.2151,38.46,95,92,62924
1.9062,0.2199,38.55,95,92,62927
1.8573,0.2102,38.55,95,92,62931
1.8719,0.2297,38.27,95,92,62935
1.8133,0.2493,38.49,95,92,62938
1.8084,0.2199,38.71,95,92,62941
1.8231,0.2199,38.55,95,92,62945
1.8231,0.1906,38.62,95,92,62948
1.8964,0.2297,38.30,95,92,62951
1.8817,0.2199,38.52,95,92,62954
1.8817,0.2102,38.58,95,92,62958
1.8964,0.2199,38.55,95,92,62961
1.8964,0.2151,38.58,95,92,62964
1.9550,0.2297,38.36,95,92,62967
1.9110,0.2199,38.49,95,92,62971
1.9355,0.2102,38.58,95,92,62974
1.9110,0.2444,38.55,95,92,62978
1.9159,0.2199,38.68,95,92,62981
1.9795,0.2346,38.30,95,92,62985
1.9453,0.2102,38.49,95,92,62988
1.9501,0.2151,38.62,95,92,62991
1.9599,0.2199,38.58,95,92,62994
1.9501,0.2151,38.55,95,92,62998
1.9941,0.2297,38.30,95,92,63001
1.9306,0.2151,38.52,95,92,63004
1.8866,0.2151,38.58,95,92,63007
1.8671,0.2199,38.52,95,92,63011
1.8377,0.2151,38.58,95,92,63014
1.8719,0.2297,38.27,95,92,63017
1.8377,0.2248,38.36,95,92,63023
1.8133,0.2248,38.55,95,92,63026
1.8133,0.2151,38.46,95,92,63029
1.8035,0.2199,38.62,95,92,63033
1.7986,0.2151,38.58,95,92,63036
1.8671,0.2297,38.46,95,92,63039
1.8035,0.2248,38.52,95,92,63042
1.7986,0.2151,38.49,95,92,63046
1.7986,0.2199,38.55,95,92,63049
1.8035,0.2102,38.58,95,92,63052
1.8671,0.2297,38.40,95,92,63055
1.8622,0.2248,38.52,95,92,63059
1.8768,0.2151,38.49,95,92,63063
1.8817,0.2102,38.58,95,92,63066
1.8719,0.2102,38.62,95,92,63069
1.9062,0.2297,38.49,95,92,63073
1.8719,0.2199,38.55,95,92,63076
1.8671,0.2151,38.52,95,92,63079
1.8719,0.2444,38.58,95,92,63082
1.8915,0.2151,38.46,95,92,63086
1.9746,0.2297,38.43,95,92,63089
2.0235,0.2199,38.52,95,92,63092
2.0968,0.2151,38.36,95,92,63095
2.2287,0.2199,38.58,95,92,63099
2.4096,0.2151,38.58,95,92,63102
2.6833,0.2346,38.40,95,92,63106
2.8935,0.2248,38.52,95,92,63109
3.1085,0.2151,38.49,95,92,63113
3.2356,0.2102,38.55,95,92,63116
3.2307,0.2199,38.58,95,92,63119
3.1378,0.2297,38.40,95,92,63122
2.8104,0.2199,38.52,95,92,63126
2.4976,0.2151,38.52,95,92,63129
2.2190,0.2395,38.55,95,92,63132
1.9795,0.2151,38.68,95,92,63135
1.8231,0.2297,38.43,95,92,63139
1.6520,0.2248,38.52,95,92,63142
1.5103,0.2151,38.46,95,92,63145
1.4223,0.2199,38.62,95,92,63149
1.3734,0.2151,38.58,95,92,63153
1.3832,0.2248,38.52,95,92,63156
1.3441,0.2199,38.52,95,92,63159
1.3343,0.2444,38.49,95,92,63162
1.3539,0.2199,38.55,95,92,63166
1.3783,0.2151,38.58,95,92,63169
1.4614,0.2346,38.43,95,92,63172
1.4516,0.2199,38.52,95,92,63175
1.4467,0.2199,38.49,95,92,63179
1.4614,0.2199,38.55,95,92,63182
1.4809,0.2151,38.62,95,92,63185
1.5787,0.2346,38.43,95,92,63188
1.5445,0.2199,38.68,95,92,63193
1.5591,0.2151,38.52,95,92,63196
1.5787,0.2199,38.58,95,92,63199
1.5885,0.2151,38.58,95,92,63202
1.6422,0.2346,38.40,95,92,63206
1.6325,0.2248,38.68,95,92,63209
1.6325,0.2151,38.49,95,92,63212
1.6520,0.1906,38.58,95,92,63215
1.6276,0.2151,38.55,95,92,63219
1.6667,0.2297,38.43,95,92,63222
1.6422,0.2199,38.52,95,92,63225
1.6422,0.2151,38.49,95,92,63228
1.6471,0.2493,38.55,95,92,63233
1.6422,0.2102,38.62,95,92,63236
1.6862,0.2297,38.43,95,92,63239
1.6471,0.2199,38.55,95,92,63242
1.6373,0.2151,38.46,95,92,63246
1.6325,0.2151,38.62,95,92,63249
1.6325,0.2395,38.55,95,92,63252
1.6716,0.2297,38.40,95,92,63255
1.6471,0.2248,38.52,95,92,63259
1.6276,0.2102,38.49,95,92,63262
1.6227,0.2151,38.58,95,92,63265
1.6227,0.2151,38.65,95,92,63268
1.6667,0.2297,38.43,95,92,63272
1.6422,0.2199,38.52,95,92,63276
1.6373,0.2199,38.55,95,92,63279
1.6373,0.2199,38.55,95,92,63282
1.6471,0.2151,38.49,95,92,63286
1.6960,0.2297,38.43,95,92,63289
1.6716,0.2102,38.52,95,92,63292
1.6716,0.2151,38.55,95,92,63295
1.6618,0.2199,38.58,95,92,63299
1.6569,0.2151,38.62,95,92,63302
1.7058,0.2248,38.36,95,92,63305
1.7107,0.2199,38.49,95,92,63308
1.6813,0.2151,38.52,95,92,63312
1.6862,0.2199,38.58,95,92,63315
1.6960,0.1906,38.58,95,92,63319
1.7400,0.2297,38.52,95,92,63322
1.7155,0.2199,38.52,95,92,63326
1.7253,0.2199,38.52,95,92,63329
1.7204,0.2493,38.62,95,92,63332
1.7253,0.2151,38.58,95,92,63335
1.7791,0.2346,38.43,95,92,63339
1.7546,0.2199,38.52,95,92,63342
1.7498,0.2151,38.52,95,92,63345
1.7546,0.2199,38.58,95,92,63348
1.7644,0.2151,38.58,95,92,63352
1.8231,0.2346,38.40,95,92,63355
1.7986,0.2248,38.49,95,92,63358
1.7986,0.2151,38.58,95,92,63362
1.8182,0.2199,38.58,95,92,63366
1.8280,0.2248,38.68,95,92,63369
1.9013,0.2297,37.96,95,92,63372
1.8964,0.2248,38.52,95,92,63375
1.9062,0.2248,38.55,95,92,63379
1.9257,0.2199,38.65,95,92,63382
1.9208,0.2199,38.58,95,92,63385
1.9599,0.2395,38.33,95,92,63388
1.8915,0.2248,37.90,95,92,63392
1.8524,0.2102,38.55,95,92,63395
1.8475,0.2102,38.55,95,92,63398
1.8231,0.2151,38.55,95,92,63401
1.8817,0.2346,38.62,95,92,63406
1.8475,0.2248,38.46,95,92,63409
1.8377,0.2151,38.52,95,92,63412
1.8622,0.2102,38.55,95,92,63415
1.8475,0.2151,38.55,95,92,63419
1.8964,0.2297,38.21,95,92,63422
1.8524,0.2248,38.52,95,92,63425
1.8475,0.2199,38.55,95,92,63428
1.8573,0.2199,38.58,95,92,63432
1.8573,0.2199,38.30,95,92,63435
1.9159,0.2395,38.36,95,92,63438
1.8719,0.2199,38.55,95,92,63441
1.8573,0.2151,38.52,95,92,63446
1.8573,0.2199,38.55,95,92,63449
1.8524,0.2199,38.58,95,92,63452
1.9013,0.2395,38.36,95,92,63455
1.8622,0.2248,38.43,95,92,63459
1.8426,0.2151,37.90,95,92,63462
1.8475,0.2199,38.55,95,92,63465
1.8377,0.2151,38.58,95,92,63468
1.8915,0.2444,38.36,95,92,63472
1.8524,0.2199,38.52,95,92,63475
1.8426,0.2151,38.52,95,92,63478
1.8573,0.2199,38.58,95,92,63481
1.8377,0.2248,38.58,95,92,63485
1.8866,0.2395,38.33,95,92,63489
1.8328,0.2248,38.46,95,92,63492
1.8475,0.2151,38.55,95,92,63495
1.8182,0.2199,38.55,95,92,63499
1.8133,0.2248,38.58,95,92,63502
1.8719,0.2395,38.46,95,92,63505
1.8328,0.2248,38.46,95,92,63509
1.8475,0.2151,38.55,95,92,63512
1.8280,0.2248,38.55,95,92,63515
1.8280,0.2199,38.77,95,92,63518
1.8866,0.2395,38.36,95,92,63521
1.8817,0.2102,38.49,95,92,63525
1.8475,0.2199,38.55,95,92,63528
1.8622,0.2199,38.55,95,92,63532
1.8671,0.2151,38.58,95,92,63536
1.9453,0.2346,38.36,95,92,63539
1.9208,0.2444,38.46,95,92,63542
1.9062,0.2151,38.55,95,92,63545
1.9110,0.2248,38.52,95,92,63549
1.8866,0.2199,38.62,95,92,63552
1.9306,0.2395,38.33,95,92,63555
1.8817,0.2248,38.40,95,92,63558
1.8622,0.2151,38.52,95,92,63562
1.8524,0.2199,38.55,95,92,63565
1.8328,0.2297,38.65,95,92,63568
1.8817,0.2395,38.43,95,92,63571
1.8328,0.2199,38.49,95,92,63576
1.8280,0.2151,38.55,95,92,63579
1.8426,0.2199,38.55,95,92,63582
1.8475,0.2248,38.58,95,92,63585
1.9208,0.2297,38.30,95,92,63589
1.9013,0.2199,38.52,95,92,63592
1.9013,0.2346,38.58,95,92,63595
1.9159,0.2346,38.55,95,92,63598
1.9110,0.2199,38.65,95,92,63602
1.9746,0.2395,38.33,95,92,63605
1.9355,0.2199,38.52,95,92,63608
1.9355,0.2151,38.52,95,92,63611
1.9501,0.2199,38.46,95,92,63616
1.9550,0.2199,38.58,95,92,63619
2.0088,0.2346,38.30,95,92,63622
1.9599,0.2199,38.46,95,92,63625
1.9550,0.2102,38.55,95,92,63629
1.9795,0.2199,38.55,95,92,63632
1.8768,0.2199,38.49,95,92,63636
1.9013,0.2151,38.58,95,92,63640
1.8915,0.2639,38.40,95,92,63643
1.8573,0.2248,38.52,95,92,63646
1.8475,0.2199,38.49,95,92,63649
1.8280,0.2102,38.62,95,92,63653
1.8133,0.2199,38.62,95,92,63656
1.8426,0.2297,38.46,95,92,63660
1.8133,0.2248,38.55,95,92,63663
1.8133,0.2151,38.49,95,92,63667
1.7937,0.2199,38.58,95,92,63670
1.7840,0.2199,38.58,95,92,63673
1.8182,0.2297,38.49,95,92,63676
1.7889,0.2297,38.52,95,92,63680
1.7937,0.2199,38.58,95,92,63683
1.7937,0.2199,38.68,95,92,63686
1.8231,0.2248,38.58,95,92,63689
1.8573,0.2346,38.36,95,92,63693
1.8524,0.2444,38.49,95,92,63696
1.8768,0.2199,38.46,95,92,63699
1.9013,0.2151,38.55,95,92,63703
1.9110,0.2199,38.55,95,92,63707
1.9941,0.2248,38.43,95,92,63710
2.0186,0.2199,38.58,95,92,63713
2.0919,0.2151,38.43,95,92,63716
2.1799,0.2199,38.58,95,92,63720
2.3069,0.2151,38.58,95,92,63723
2.5220,0.2444,38.49,95,92,63726
2.6931,0.2346,38.52,95,92,63729
2.9081,0.2151,38.49,95,92,63733
3.1085,0.2248,38.55,95,92,63736
3.2356,0.2199,38.68,95,92,63739
3.3089,0.2297,38.40,95,92,63742
3.0890,0.2102,38.52,95,92,63747
2.8006,0.2151,38.49,95,92,63750
2.5024,0.2102,38.55,95,92,63753
2.2239,0.2199,38.49,95,92,63756
2.0479,0.2346,38.43,95,92,63760
1.8182,0.2102,38.52,95,92,63763
1.6569,0.2151,38.52,95,92,63766
1.5494,0.2199,38.58,95,92,63769
1.4761,0.2199,38.58,95,92,63773
1.4858,0.2346,38.40,95,92,63776
1.4272,0.2248,38.52,95,92,63779
1.4125,0.2151,38.55,95,92,63782
1.4223,0.2199,38.02,95,92,63787
1.4516,0.2102,38.62,95,92,63790
1.5103,0.2444,38.36,95,92,63793
1.4907,0.2199,38.49,95,92,63796
1.4907,0.2151,38.52,95,92,63800
1.5054,0.2199,38.58,95,92,63803
1.5152,0.2199,38.77,95,92,63806
1.5885,0.2395,38.46,95,92,63809
1.5689,0.2248,38.52,95,92,63813
1.5836,0.2102,38.52,95,92,63816
1.5982,0.2199,38.55,95,92,63819
1.6080,0.2199,38.68,95,92,63822
1.6813,0.2395,38.36,95,92,63826
1.6471,0.2248,38.52,95,92,63830
1.6471,0.2151,38.93,95,92,63833
1.6618,0.2199,38.52,95,92,63836
1.6716,0.2199,38.58,95,92,63840
1.7204,0.2395,38.36,95,92,63843
1.6960,0.2199,38.46,95,92,63846
1.6911,0.2151,38.52,95,92,63849
1.7058,0.2199,38.58,95,92,63853
1.7107,0.2151,38.58,95,92,63856
1.7742,0.2444,38.33,95,92,63859
1.7498,0.2248,38.46,95,92,63862
1.7595,0.2151,38.52,95,92,63866
1.7840,0.2248,38.58,95,92,63869
1.8084,0.2199,38.65,95,92,63873
1.8915,0.2395,38.40,95,92,63876
1.8573,0.2248,38.40,95,92,63880
1.8328,0.2151,38.55,95,92,63883
1.8084,0.2248,38.55,95,92,63886
1.7693,0.2151,38.62,95,92,63889
1.7986,0.2688,38.40,95,92,63893
1.7449,0.2297,38.77,95,92,63896
1.7253,0.2102,38.55,95,92,63899
1.7204,0.2199,38.58,95,92,63902
1.7155,0.2199,37.87,95,92,63906
1.7840,0.2395,38.36,95,92,63909
1.7546,0.2248,38.49,95,92,63912
1.7546,0.2248,38.55,95,92,63916
1.7742,0.2199,38.65,95,92,63920
1.7791,0.2199,37.80,95,92,63923
1.8719,0.2395,38.33,95,92,63926
1.8035,0.2248,38.49,95,92,63929
1.8035,0.2151,38.58,95,92,63933
1.8182,0.2248,38.55,95,92,63936
1.8231,0.2102,38.58,95,92,63939
1.8817,0.2395,38.33,95,92,63942
1.8524,0.2297,38.49,95,92,63946
1.8426,0.2151,38.55,95,92,63949
1.8622,0.2199,38.55,95,92,63952
1.8622,0.2151,38.58,95,92,63955
1.9257,0.2395,38.33,95,92,63960
1.8817,0.2248,38.58,95,92,63963
1.8768,0.2151,38.55,95,92,63966
1.8817,0.2248,38.55,95,92,63969
1.8280,0.2151,38.55,95,92,63973
1.8671,0.2395,38.33,95,92,63976
1.8182,0.2248,38.52,95,92,63979
1.8084,0.2199,38.52,95,92,63982
1.8231,0.2248,38.68,95,92,63986
1.8280,0.2199,38.71,95,92,63989
1.9013,0.2395,38.36,95,92,63992
1.8768,0.2248,38.49,95,92,63995
1.8768,0.2151,38.55,95,92,64000
1.8915,0.2248,38.43,95,92,64003
1.9013,0.2199,38.58,95,92,64006
1.9697,0.2297,38.36,95,92,64009
1.9453,0.2199,38.49,95,92,64013
1.9453,0.2151,38.55,95,92,64016
1.9550,0.2199,38.52,95,92,64019
1.9355,0.2248,38.62,95,92,64022
1.9746,0.2395,38.55,95,92,64026
1.9159,0.2248,38.49,95,92,64029
1.8915,0.2151,38.55,95,92,64032
1.9159,0.2102,38.58,95,92,64035
1.8866,0.2199,38.71,95,92,64039
1.9208,0.2297,38.33,95,92,64043
1.8671,0.2102,38.46,95,92,64046
1.8573,0.2151,38.62,95,92,64049
1.8573,0.2248,38.55,95,92,64053
1.8377,0.2248,38.58,95,92,64056
1.8719,0.2346,38.30,95,92,64059
1.8231,0.2199,38.58,95,92,64062
1.8133,0.2151,38.55,95,92,64066
1.8182,0.2102,38.58,95,92,64069
1.7986,0.2493,38.55,95,92,64072
1.8426,0.2346,38.33,95,92,64075
1.8084,0.2248,38.49,95,92,64079
1.7937,0.2199,38.77,95,92,64082
1.7937,0.2248,38.77,95,92,64086
1.7937,0.2102,38.58,95,92,64089
1.8280,0.2346,38.30,95,92,64093
1.7937,0.2199,38.46,95,92,64096
1.7937,0.2199,38.62,95,92,64099
1.7986,0.2199,38.55,95,92,64102
1.7693,0.2199,38.52,95,92,64106
1.8035,0.2346,38.30,95,92,64109
1.7791,0.1906,38.49,95,92,64112
1.7546,0.2199,38.65,95,92,64115
1.7693,0.2248,38.55,95,92,64119
1.7644,0.2199,38.58,95,92,64122
1.8182,0.2346,38.27,95,92,64125
1.7937,0.2346,38.49,95,92,64129
1.7889,0.2199,38.71,95,92,64133
1.8084,0.2248,38.15,95,92,64136
1.8035,0.2199,38.58,95,92,64139
1.8573,0.2346,38.27,95,92,64142
1.8182,0.2199,38.46,95,92,64146
1.8231,0.2199,38.62,95,92,64149
1.8622,0.2248,38.55,95,92,64152
1.8231,0.2542,38.58,95,92,64155
1.8817,0.2297,38.30,95,92,64159
1.8475,0.2199,38.52,95,92,64162
1.8573,0.2248,38.58,95,92,64165
1.8768,0.2590,38.52,95,92,64168
1.8524,0.2199,37.80,95,92,64173
1.9501,0.2346,38.33,95,92,64176
1.9110,0.2248,38.46,95,92,64179
1.9159,0.2199,38.58,95,92,64182
1.9453,0.2297,38.55,95,92,64186
1.9355,0.2199,38.58,95,92,64189
1.9697,0.2297,38.33,95,92,64192
1.9062,0.2199,38.52,95,92,64195
1.8866,0.1906,38.58,95,92,64199
1.8866,0.2297,38.52,95,92,64202
1.8719,0.2199,38.58,95,92,64205
1.9355,0.2346,38.36,95,92,64208
1.8573,0.2102,38.52,95,92,64212
1.8817,0.2199,38.49,95,92,64216
1.9159,0.2248,38.74,95,92,64219
1.9110,0.2199,38.62,95,92,64222
1.9648,0.2346,38.30,95,92,64226
1.9404,0.2248,38.55,95,92,64229
1.9257,0.2199,38.55,95,92,64232
1.9404,0.2297,38.55,95,92,64235
1.9453,0.2151,38.58,95,92,64239
1.9941,0.2297,38.40,95,92,64242
1.8866,0.2346,38.43,95,92,64247
1.8475,0.2297,38.46,95,92,64250
1.8377,0.2151,38.55,95,92,64253
1.8377,0.2102,38.58,95,92,64257
1.8280,0.2248,38.55,95,92,64261
1.8719,0.2395,38.40,95,92,64264
1.8133,0.2297,38.49,95,92,64267
1.7840,0.2346,38.55,95,92,64270
1.7791,0.2297,38.55,95,92,64274
1.7742,0.2199,38.62,95,92,64277
1.8524,0.2395,38.40,95,92,64280
1.8035,0.2297,38.46,95,92,64283
1.7986,0.2151,38.52,95,92,64287
1.8035,0.2248,38.62,95,92,64290
1.7889,0.2199,38.58,95,92,64293
1.8328,0.2395,38.46,95,92,64296
1.7889,0.2395,38.49,95,92,64301
1.7742,0.2151,38.55,95,92,64304
1.7693,0.2248,38.58,95,92,64307
1.7693,0.2102,38.58,95,92,64310
1.8280,0.2590,38.36,95,92,64314
1.7937,0.2248,38.49,95,92,64317
1.7840,0.2151,38.55,95,92,64320
1.8084,0.2248,38.58,95,92,64323
1.8475,0.2199,38.62,95,92,64327
1.9697,0.2395,38.33,95,92,64330
2.0186,0.2297,38.49,95,92,64333
2.1212,0.2493,38.62,95,92,64336
2.2923,0.2248,38.52,95,92,64340
2.4878,0.2199,38.65,95,92,64344
2.7908,0.2395,38.36,95,92,64347
2.9717,0.2199,38.55,95,92,64350
3.1623,0.2151,38.55,95,92,64354
3.2893,0.2248,38.58,95,92,64357
3.2551,0.1906,38.58,95,92,64360
3.1476,0.2688,38.36,95,92,64363
2.7713,0.2248,38.58,95,92,64367
2.4291,0.2102,38.55,95,92,64370
2.1457,0.2102,38.55,95,92,64373
1.8964,0.2248,38.62,95,92,64376
1.7498,0.2395,38.33,95,92,64380
1.5640,0.2248,38.46,95,92,64384
1.4467,0.2542,38.62,95,92,64387
1.3881,0.2248,38.65,95,92,64390
1.3343,0.2199,38.58,95,92,64394
1.3392,0.2395,38.33,95,92,64397
1.2903,0.2248,38.49,95,92,64400
1.3001,0.2151,38.58,95,92,64403
1.3294,0.2248,38.55,95,92,64406
1.3539,0.2102,38.58,95,92,64410
1.4223,0.2346,38.30,95,92,64413
1.4076,0.2248,38.58,95,92,64416
1.4223,0.2151,38.55,95,92,64419
1.4712,0.2248,38.55,95,92,64423
1.5054,0.2199,38.65,95,92,64427
1.5885,0.2346,38.30,95,92,64430
1.5738,0.2248,38.49,95,92,64434
1.5738,0.2199,38.58,95,92,64437
1.5689,0.2248,38.52,95,92,64440
1.5396,0.2199,38.58,95,92,64443
1.5689,0.2590,38.27,95,92,64446
1.5298,0.2199,38.49,95,92,64450
1.5249,0.2199,38.58,95,92,64453
1.5347,0.2248,38.55,95,92,64456
1.5445,0.2199,38.58,95,92,64460
1.6227,0.2346,38.27,95,92,64463
1.6080,0.2248,38.49,95,92,64466
1.5982,0.2493,38.62,95,92,64470
1.6178,0.2297,38.52,95,92,64473
1.6227,0.2199,38.58,95,92,64477
1.6813,0.2346,38.30,95,92,64480
1.6618,0.2297,38.49,95,92,64483
1.6373,0.2199,38.58,95,92,64486
1.6520,0.2102,38.55,95,92,64490
1.6569,0.2199,38.77,95,92,64493
1.7058,0.2297,38.30,95,92,64496
1.6618,0.2102,38.55,95,92,64499
1.6667,0.2199,38.58,95,92,64503
1.6618,0.2248,38.55,95,92,64506
1.6373,0.2199,38.58,95,92,64509
1.6569,0.2542,38.30,95,92,64513
1.6178,0.2297,38.62,95,92,64517
1.6325,0.2199,38.58,95,92,64520
1.6080,0.2297,38.55,95,92,64523
1.5982,0.2199,38.62,95,92,64526
1.6422,0.2346,38.30,95,92,64530
1.6276,0.2248,38.49,95,92,64533
1.6178,0.2199,38.62,95,92,64536
1.6471,0.2297,38.55,95,92,64539
1.6325,0.2248,38.58,95,92,64543
1.7009,0.2395,38.30,95,92,64546
1.6764,0.2199,38.49,95,92,64549
1.7009,0.2199,38.58,95,92,64552
1.7204,0.2248,38.55,95,92,64557
1.7204,0.2248,38.58,95,92,64560
1.7644,0.2297,38.33,95,92,64563
1.7302,0.2297,38.49,95,92,64566
1.7155,0.2199,38.62,95,92,64570
1.7351,0.2297,38.40,95,92,64573
1.7204,0.2199,38.58,95,92,64576
1.7595,0.2542,38.33,95,92,64579
1.7302,0.2297,38.52,95,92,64583
1.7253,0.2199,38.58,95,92,64586
1.7498,0.2199,38.55,95,92,64589
1.7302,0.2248,38.55,95,92,64592
1.7644,0.2297,38.30,95,92,64596
1.7204,0.1906,38.55,95,92,64600
1.7155,0.2346,38.55,95,92,64603
1.7449,0.2297,38.58,95,92,64606
1.7449,0.2199,38.58,95,92,64610
1.8084,0.2297,38.33,95,92,64613
1.8133,0.2346,38.49,95,92,64616
1.8280,0.2248,38.58,95,92,64619
1.8671,0.2297,38.52,95,92,64623
1.8524,0.2248,38.58,95,92,64626
1.8915,0.2444,38.33,95,92,64629
1.8622,0.2248,38.81,95,92,64632
1.8719,0.2199,38.58,95,92,64636
1.9062,0.2297,38.52,95,92,64640
1.9013,0.2248,38.62,95,92,64643
1.9453,0.2346,38.33,95,92,64646
1.9110,0.2248,38.58,95,92,64650
1.9159,0.2297,38.58,95,92,64653
1.9306,0.2346,38.40,95,92,64656
1.9110,0.2248,38.58,95,92,64659
1.9648,0.2199,38.33,95,92,64663
1.9550,0.2444,38.52,95,92,64666
1.9355,0.2199,38.18,95,92,64669
1.9355,0.2297,38.49,95,92,64672
1.8866,0.2248,38.55,95,92,64676
1.9013,0.2297,38.40,95,92,64679
1.8622,0.2248,38.52,95,92,64683
1.8622,0.2248,38.58,95,92,64686
1.8719,0.2590,38.46,95,92,64690
1.8524,0.2248,38.58,95,92,64693
1.8817,0.2199,38.36,95,92,64696
1.8475,0.2199,38.62,95,92,64699
1.8524,0.2199,38.46,95,92,64703
1.8768,0.2297,38.52,95,92,64706
1.8622,0.2248,38.58,95,92,64709
1.8866,0.2346,38.40,95,92,64712
1.8524,0.2248,38.46,95,92,64716
1.8231,0.2199,38.62,95,92,64719
1.8280,0.2346,38.49,95,92,64722
1.8084,0.2151,38.58,95,92,64726
1.8280,0.2297,38.40,95,92,64730
1.7986,0.2248,38.52,95,92,64733
1.7791,0.2248,38.58,95,92,64736
1.7840,0.2297,38.55,95,92,64739
1.7595,0.2248,38.58,95,92,64743
1.7889,0.2248,38.40,95,92,64746
1.7644,0.2444,38.58,95,92,64749
1.7742,0.2199,38.68,95,92,64752
1.8182,0.2297,38.43,95,92,64756
1.7986,0.2248,38.55,95,92,64759
1.8182,0.2346,38.36,95,92,64762
1.7937,0.2248,38.46,95,92,64765
1.7840,0.2248,38.58,95,92,64770
1.7986,0.2297,38.46,95,92,64773
1.7889,0.2297,38.55,95,92,64776
1.8231,0.2248,38.43,95,92,64779
1.8035,0.2248,38.55,95,92,64783
1.8182,0.2248,38.58,95,92,64786
1.8280,0.2444,38.55,95,92,64789
1.8182,0.2248,38.58,95,92,64792
1.8573,0.2248,38.40,95,92,64796
1.8671,0.2199,38.58,95,92,64799
1.8475,0.2199,38.77,95,92,64802
1.8817,0.2346,38.46,95,92,64805
1.8719,0.2248,38.58,95,92,64809
1.9013,0.2493,38.40,95,92,64813
1.8768,0.2248,38.49,95,92,64816
1.8866,0.2199,38.58,95,92,64819
1.8622,0.2346,38.43,95,92,64823
1.8280,0.2248,38.81,95,92,64826
1.8475,0.2248,38.40,95,92,64829
1.8084,0.2199,38.55,95,92,64832
1.8035,0.2248,38.65,95,92,64836
1.8182,0.2199,38.46,95,92,64839
1.8035,0.2395,38.55,95,92,64842
1.8377,0.2248,38.43,95,92,64845
1.8084,0.2248,38.58,95,92,64848
1.8280,0.2199,38.62,95,92,64852
1.8622,0.2297,38.52,95,92,64856
1.7889,0.2346,38.49,95,92,64861
1.7595,0.2248,38.62,95,92,64864
1.7986,0.2346,38.33,95,92,64867
1.7644,0.2297,38.52,95,92,64870
1.7449,0.2199,38.58,95,92,64874
1.7546,0.2297,38.52,95,92,64877
1.7253,0.2248,38.58,95,92,64880
1.7546,0.2346,38.27,95,92,64883
1.7107,0.2199,38.55,95,92,64887
1.7107,0.2248,38.55,95,92,64890
1.7204,0.2346,38.49,95,92,64893
1.6911,0.2297,38.58,95,92,64897
1.7155,0.2297,38.30,95,92,64901
1.6813,0.2297,38.49,95,92,64904
1.6911,0.2199,38.55,95,92,64907
1.7058,0.2346,38.55,95,92,64910
1.6520,0.2248,38.65,95,92,64914
1.6911,0.2297,38.33,95,92,64917
1.6618,0.2102,38.52,95,92,64920
1.6618,0.2248,38.65,95,92,64923
1.6813,0.2297,38.52,95,92,64927
1.6862,0.2199,38.58,95,92,64930
1.7107,0.2297,38.36,95,92,64933
1.6911,0.2199,38.58,95,92,64936
1.7204,0.2248,38.55,95,92,64941
1.7840,0.2346,38.49,95,92,64944
1.8133,0.2346,38.58,95,92,64947
1.9110,0.2297,37.59,95,92,64950
1.9990,0.2248,38.46,95,92,64954
2.1261,0.2102,38.55,95,92,64957
2.3118,0.2297,38.49,95,92,64960
2.4829,0.2248,38.58,95,92,64963
2.7566,0.2346,38.36,95,92,64967
2.9521,0.2493,38.55,95,92,64970
3.1183,0.2248,38.62,95,92,64973
3.2014,0.2297,38.46,95,92,64976
3.0547,0.2199,38.62,95,92,64980
2.8446,0.2297,38.36,95,92,64984
2.4731,0.2248,38.58,95,92,64987
2.1799,0.2151,38.62,95,92,64990
1.8866,0.2346,38.55,95,92,64994
1.6373,0.2151,38.58,95,92,64997
1.4809,0.2297,38.43,95,92,65000
1.3343,0.2102,38.49,95,92,65003
1.2366,0.2248,38.58,95,92,65007
1.1975,0.2297,38.40,95,92,65010
1.1584,0.2199,38.58,95,92,65013
1.1632,0.2346,38.36,95,92,65016
1.1486,0.2248,38.52,95,92,65020
1.1681,0.2248,38.62,95,92,65024
1.2317,0.2248,38.49,95,92,65027
1.2317,0.2248,38.58,95,92,65030
1.2708,0.2248,38.36,95,92,65034
1.2805,0.2248,38.58,95,92,65037
1.2952,0.2248,38.62,95,92,65040
1.3245,0.2297,38.77,95,92,65043
1.3294,0.2248,38.58,95,92,65047
1.3587,0.2199,38.43,95,92,65050
1.3685,0.2199,38.46,95,92,65053
1.3783,0.2248,38.58,95,92,65056
1.4027,0.2297,38.62,95,92,65060
1.4076,0.2248,38.58,95,92,65063
1.4223,0.2248,38.43,95,92,65067
1.4125,0.2248,38.58,95,92,65070
1.4223,0.2248,38.58,95,92,65074
1.4565,0.2248,38.46,95,92,65077
1.4614,0.2248,38.55,95,92,65080
1.5005,0.2102,38.40,95,92,65083
1.4907,0.2248,38.58,95,92,65087
1.5005,0.2248,38.24,95,92,65090
1.5298,0.2346,38.52,95,92,65093
1.5103,0.2248,38.55,95,92,65096
1.5396,0.2248,38.43,95,92,65100
1.5249,0.2248,38.55,95,92,65103
1.5396,0.2199,38.58,95,92,65106
1.5591,0.2297,38.46,95,92,65110
1.5445,0.2297,38.52,95,92,65114
1.5738,0.2248,38.46,95,92,65117
1.5738,0.2248,38.52,95,92,65120
1.5787,0.2102,38.58,95,92,65123
1.6080,0.2346,38.43,95,92,65127
1.6178,0.2248,38.58,95,92,65130
1.6813,0.2395,38.43,95,92,65133
1.6764,0.2297,38.58,95,92,65136
1.6764,0.2248,38.62,95,92,65140
1.6716,0.2346,38.49,95,92,65143
1.6129,0.2102,38.55,95,92,65146
1.5885,0.2248,38.36,95,92,65149
1.5445,0.2248,38.55,95,92,65154
1.5347,0.2248,38.58,95,92,65157
1.5543,0.2346,38.46,95,92,65160
1.5543,0.2248,38.58,95,92,65163
1.5885,0.2248,38.40,95,92,65167
1.5738,0.2542,38.55,95,92,65170
1.5885,0.2248,38.65,95,92,65173
1.6129,0.2297,38.49,95,92,65176
1.6227,0.2199,38.58,95,92,65180
1.6520,0.2248,38.33,95,92,65183
1.6325,0.2248,38.58,95,92,65186
1.6520,0.2102,38.58,95,92,65189
1.6862,0.2346,38.49,95,92,65193
1.6716,0.2248,38.55,95,92,65197
1.6960,0.2248,38.43,95,92,65200
1.6813,0.2199,38.55,95,92,65203
1.6960,0.2248,38.65,95,92,65206
1.7302,0.2297,38.46,95,92,65210
1.7400,0.2248,38.58,95,92,65213
1.7742,0.2346,38.46,95,92,65216
1.7644,0.2248,38.58,95,92,65219
1.7840,0.2102,38.58,95,92,65223
1.7937,0.2737,38.52,95,92,65226
1.7986,0.2248,38.68,95,92,65229
1.8328,0.2346,38.49,95,92,65232
1.8377,0.2199,38.58,95,92,65236
1.8084,0.2248,38.81,95,92,65240
1.8328,0.2346,38.46,95,92,65243
1.8182,0.2248,38.58,95,92,65246
1.8475,0.2493,38.46,95,92,65250
1.8280,0.2199,38.55,95,92,65253
1.8328,0.2248,38.58,95,92,65256
1.8671,0.2248,38.46,95,92,65259
1.8133,0.2248,38.58,95,92,65263
1.8280,0.2297,38.52,95,92,65266
1.7791,0.2199,38.58,95,92,65269
1.7840,0.2248,38.52,95,92,65272
1.8035,0.2248,38.52,95,92,65276
1.8084,0.2297,38.58,95,92,65280
1.8328,0.2297,38.46,95,92,65283
1.8231,0.2248,38.58,95,92,65286
1.8377,0.2346,38.55,95,92,65290
1.8671,0.2395,38.36,95,92,65293
1.8328,0.2297,38.52,95,92,65296
1.8475,0.2297,38.49,95,92,65299
1.8182,0.2248,38.58,95,92,65303
1.8231,0.2248,38.11,95,92,65306
1.8475,0.2346,38.52,95,92,65309
1.8280,0.2297,38.55,95,92,65312
1.8377,0.2493,38.43,95,92,65316
1.7986,0.2248,38.49,95,92,65319
1.7840,0.2248,38.58,95,92,65323
1.7840,0.2346,38.52,95,92,65326
1.7546,0.2297,38.58,95,92,65330
1.7937,0.2297,38.43,95,92,65333
1.7498,0.2297,38.58,95,92,65336
1.7400,0.2444,38.62,95,92,65339
1.7595,0.2346,38.49,95,92,65343
1.7253,0.2297,38.55,95,92,65346
1.7449,0.2346,38.40,95,92,65349
1.7204,0.2297,38.62,95,92,65352
1.7302,0.2248,38.58,95,92,65356
1.7791,0.2346,38.46,95,92,65359
1.7693,0.2297,38.55,95,92,65362
1.7937,0.2297,38.43,95,92,65366
1.7791,0.2248,38.58,95,92,65370
1.7791,0.2248,38.62,95,92,65373
1.8035,0.2590,38.55,95,92,65376
1.7937,0.2297,38.55,95,92,65379
1.8182,0.2199,38.46,95,92,65383
1.7986,0.2102,38.58,95,92,65386
1.8084,0.2248,38.65,95,92,65389
1.8524,0.2346,38.43,95,92,65392
1.8280,0.2297,38.55,95,92,65396
1.8573,0.2297,38.43,95,92,65399
1.8377,0.2297,38.58,95,92,65402
1.8426,0.2248,38.58,95,92,65405
1.8622,0.2346,38.43,95,92,65410
1.8573,0.2248,38.58,95,92,65413
1.8768,0.2297,38.46,95,92,65416
1.8573,0.2297,38.58,95,92,65419
1.8622,0.2102,38.58,95,92,65423
1.8866,0.2395,38.52,95,92,65426
1.8768,0.2297,38.62,95,92,65429
1.8964,0.2297,38.46,95,92,65432
1.8817,0.2297,38.58,95,92,65436
1.8915,0.2590,38.58,95,92,65439
1.9306,0.2346,38.55,95,92,65442
1.9110,0.2297,38.58,95,92,65445
1.9550,0.2346,38.43,95,92,65449
1.9550,0.2248,38.58,95,92,65453
1.9648,0.2248,38.58,95,92,65456
2.0283,0.2346,38.43,95,92,65459
1.9746,0.2346,38.55,95,92,65463
1.9892,0.2297,38.46,95,92,65466
1.9746,0.2248,38.58,95,92,65469
1.8133,0.2248,38.62,95,92,65474
1.7986,0.2248,38.58,95,92,65477
1.8133,0.2444,38.46,95,92,65480
1.7742,0.2199,38.55,95,92,65484
1.7889,0.2248,38.46,95,92,65487
1.7449,0.2199,38.52,95,92,65490
1.7449,0.2248,38.58,95,92,65494
1.7546,0.2395,38.46,95,92,65498
1.7351,0.2248,38.46,95,92,65501
1.7546,0.2248,38.46,95,92,65504
1.7253,0.2102,38.55,95,92,65507
1.7107,0.2297,38.58,95,92,65511
1.7107,0.2297,38.49,95,92,65514
1.6960,0.2346,38.62,95,92,65517
1.7204,0.2395,38.46,95,92,65520
1.6764,0.2346,38.58,95,92,65524
1.6716,0.2248,38.65,95,92,65527
1.6911,0.2346,38.49,95,92,65530
1.6667,0.2297,38.55,95,92,65533
1.6960,0.2346,38.46,95,92,65538
1.6764,0.2248,38.65,95,92,65541
1.6813,0.2248,38.58,95,92,65544
1.7107,0.2346,38.46,95,92,65547
1.6960,0.2151,38.55,95,92,65551
1.7302,0.2346,38.46,95,92,65554
1.7058,0.2248,38.58,95,92,65557
1.7253,0.2346,38.58,95,92,65560
1.7546,0.2297,38.62,95,92,65564
1.7840,0.2297,38.58,95,92,65567
1.8524,0.2346,38.46,95,92,65570
1.8915,0.2248,38.65,95,92,65573
1.9844,0.2248,38.58,95,92,65577
2.1799,0.2297,38.46,95,92,65581
2.2776,0.2346,38.55,95,92,65584
2.5073,0.2346,38.55,95,92,65587
2.6979,0.2248,38.55,95,92,65591
2.9570,0.2102,38.58,95,92,65594
3.1574,0.2346,38.46,95,92,65597
3.2258,0.2297,38.58,95,92,65600
3.2502,0.2346,38.46,95,92,65604
2.9765,0.2248,38.46,95,92,65607
2.6931,0.2248,38.58,95,92,65610
2.4242,0.2248,38.52,95,92,65613
2.1554,0.2297,38.55,95,92,65616
1.9453,0.2297,38.46,95,92,65620
1.7204,0.2297,38.58,95,92,65624
1.5640,0.2248,38.58,95,92,65627
1.4712,0.2395,38.40,95,92,65630
1.3636,0.2297,38.58,95,92,65634
1.3539,0.2346,38.43,95,92,65637
1.2854,0.2346,38.62,95,92,65640
1.2659,0.2248,38.58,95,92,65643
1.3294,0.2346,38.46,95,92,65647
1.2952,0.2297,38.58,95,92,65650
1.3294,0.2297,38.46,95,92,65653
1.3245,0.2297,38.58,95,92,65656
1.3783,0.2102,38.58,95,92,65660
1.3783,0.2346,38.40,95,92,65664
1.3832,0.2297,38.62,95,92,65667
1.4174,0.2346,38.43,95,92,65670
1.4174,0.2297,38.62,95,92,65674
1.4321,0.2297,38.55,95,92,65677
1.4809,0.2346,38.40,95,92,65680
1.4858,0.2297,38.55,95,92,65683
1.5298,0.2346,38.43,95,92,65687
1.5005,0.2297,38.58,95,92,65690
1.5054,0.2248,38.58,95,92,65693
1.5249,0.2542,38.46,95,92,65696
1.5103,0.2297,38.68,95,92,65700
1.5396,0.2346,38.46,95,92,65703
1.5298,0.2199,38.58,95,92,65707
1.5396,0.2248,38.62,95,92,65710
1.5738,0.2297,38.52,95,92,65714
1.5787,0.2297,38.55,95,92,65717
1.5934,0.2297,38.49,95,92,65720
1.5787,0.2297,38.55,95,92,65723
1.5787,0.2248,38.62,95,92,65727
1.6129,0.2444,38.43,95,92,65730
1.6031,0.2199,38.55,95,92,65733
1.6227,0.2297,38.46,95,92,65736
1.6080,0.2248,38.58,95,92,65740
1.6178,0.2297,38.58,95,92,65743
1.6471,0.2346,38.55,95,92,65746
1.6276,0.2297,38.55,95,92,65750
1.6813,0.2297,38.46,95,92,65754
1.6373,0.2297,38.55,95,92,65757
1.6520,0.2542,38.58,95,92,65760
1.6911,0.2346,38.49,95,92,65763
1.6813,0.2199,38.52,95,92,65767
1.7204,0.2297,38.40,95,92,65770
1.7253,0.2297,37.83,95,92,65773
1.7498,0.2248,38.58,95,92,65776
1.7840,0.2297,38.43,95,92,65780
1.7449,0.2297,38.55,95,92,65783
1.7351,0.2297,38.49,95,92,65786
1.7009,0.2102,38.55,95,92,65789
1.6862,0.2542,38.62,95,92,65794
1.7058,0.2346,38.46,95,92,65797
1.6911,0.2297,38.55,95,92,65800
1.7351,0.2199,38.46,95,92,65803
1.7155,0.2297,38.55,95,92,65807
1.7351,0.2248,38.58,95,92,65810
1.7742,0.2395,38.49,95,92,65813
1.7693,0.2199,38.55,95,92,65816
1.7889,0.2248,38.52,95,92,65820
1.7742,0.2297,37.93,95,92,65823
1.7791,0.2248,38.58,95,92,65826
1.8328,0.2395,38.40,95,92,65829
1.7986,0.2297,38.55,95,92,65833
1.8133,0.2297,38.46,95,92,65837
1.8035,0.2297,38.58,95,92,65840
1.8084,0.2297,38.55,95,92,65843
1.8426,0.2346,37.71,95,92,65847
1.8231,0.2297,38.55,95,92,65850
1.8328,0.2199,38.46,95,92,65853
1.8280,0.2444,38.58,95,92,65856
1.8377,0.2248,38.71,95,92,65860
1.8915,0.2346,38.49,95,92,65863
1.8964,0.2297,38.55,95,92,65866
1.9013,0.2248,38.46,95,92,65869
1.8964,0.2297,38.55,95,92,65873
1.8964,0.2248,38.62,95,92,65876
1.9257,0.2395,38.40,95,92,65880
1.8964,0.2346,38.55,95,92,65883
1.8915,0.2248,38.52,95,92,65887
1.8768,0.2297,38.58,95,92,65890
1.8915,0.2248,38.58,95,92,65893
1.9355,0.2346,38.46,95,92,65896
1.9062,0.2297,38.55,95,92,65900
1.8817,0.2248,38.49,95,92,65903
1.8573,0.2346,38.58,95,92,65906
1.8426,0.2444,38.55,95,92,65909
1.8768,0.2395,38.52,95,92,65913
1.8573,0.2346,38.55,95,92,65916
1.8622,0.2297,38.52,95,92,65920
1.8622,0.2297,38.55,95,92,65923
1.8768,0.2248,38.71,95,92,65927
1.9404,0.2395,38.40,95,92,65930
1.9453,0.2346,38.52,95,92,65933
1.9501,0.2248,38.43,95,92,65936
1.9453,0.2297,38.58,95,92,65940
1.9844,0.2199,38.55,95,92,65943
1.9941,0.2346,38.40,95,92,65946
1.9501,0.2297,38.68,95,92,65949
1.9159,0.2102,38.49,95,92,65953
1.8866,0.2346,38.58,95,92,65956
1.8622,0.2395,38.62,95,92,65959
1.8866,0.2395,38.74,95,92,65963
1.8475,0.2297,38.55,95,92,65967
1.8328,0.2199,38.46,95,92,65970
1.8133,0.2248,38.58,95,92,65973
1.8084,0.2248,38.71,95,92,65976
1.8573,0.2346,38.40,95,92,65980
1.8328,0.2346,38.52,95,92,65983
1.8377,0.2297,38.49,95,92,65986
1.8231,0.2297,38.71,95,92,65989
1.8182,0.2248,38.58,95,92,65993
1.8573,0.2346,38.43,95,92,65996
1.8328,0.2297,38.52,95,92,65999
1.8377,0.2248,38.49,95,92,66002
1.8328,0.2297,38.62,95,92,66007
1.8377,0.2199,38.58,95,92,66010
1.8817,0.2395,38.43,95,92,66013
1.8622,0.2297,38.52,95,92,66016
1.8573,0.2444,38.49,95,92,66020
1.8622,0.2346,38.58,95,92,66023
1.8719,0.2248,38.62,95,92,66026
1.9257,0.2346,38.43,95,92,66029
1.9159,0.2346,38.49,95,92,66033
1.9110,0.2493,38.49,95,92,66036
1.9110,0.2297,38.46,95,92,66039
1.9110,0.2248,38.58,95,92,66042
1.9599,0.2444,38.43,95,92,66046
1.9306,0.2297,38.24,95,92,66050
1.9355,0.2248,38.52,95,92,66053
1.9306,0.2346,38.55,95,92,66056
1.9306,0.2248,38.62,95,92,66060
1.9990,0.2444,38.40,95,92,66063
2.0039,0.2346,38.49,95,92,66066
1.9844,0.2248,38.55,95,92,66069
2.0088,0.2297,38.58,95,92,66073
2.0235,0.2199,38.58,95,92,66076
2.1017,0.2444,38.33,95,92,66079
2.1457,0.2297,38.46,95,92,66084
2.1310,0.2297,38.55,95,92,66087
2.1408,0.2297,38.46,95,92,66091
2.0919,0.2248,38.62,95,92,66094
2.0479,0.2248,38.58,95,92,66098
2.0430,0.2297,38.52,95,92,66101
1.9844,0.2297,38.55,95,92,66104
1.9599,0.2248,38.62,95,92,66107
1.9110,0.2248,38.65,95,92,66111
1.8964,0.2248,38.58,95,92,66114
1.9208,0.2346,38.40,95,92,66117
1.8964,0.2297,38.58,95,92,66120
1.8915,0.2248,38.46,95,92,66124
1.8719,0.2297,38.58,95,92,66127
1.8573,0.2248,38.65,95,92,66130
1.8866,0.2297,38.46,95,92,66134
1.8768,0.2297,38.55,95,92,66138
1.8866,0.2151,38.46,95,92,66141
1.8622,0.2248,38.58,95,92,66144
1.8573,0.2248,38.58,95,92,66147
1.8915,0.2297,38.49,95,92,66151
1.8671,0.2346,38.62,95,92,66154
1.8719,0.2248,38.55,95,92,66157
1.8475,0.2248,38.55,95,92,66160
1.8622,0.2199,38.58,95,92,66164
1.8719,0.2493,38.40,95,92,66167
1.8426,0.2297,38.58,95,92,66170
1.8377,0.2248,38.49,95,92,66173
1.8133,0.2297,38.58,95,92,66178
1.8133,0.2248,38.65,95,92,66181
1.8573,0.2346,38.49,95,92,66184
1.8768,0.2102,38.55,95,92,66187
1.9306,0.2248,38.65,95,92,66191
1.9844,0.2248,38.55,95,92,66194
2.0821,0.2248,38.58,95,92,66197
2.2532,0.2395,38.46,95,92,66200
2.4096,0.2297,38.52,95,92,66204
2.6393,0.2199,38.49,95,92,66207
2.8935,0.2248,38.55,95,92,66210
3.1036,0.2248,38.71,95,92,66213
3.3578,0.2346,38.40,95,92,66217
3.4262,0.2297,38.52,95,92,66221
3.3040,0.2248,38.65,95,92,66224
3.0499,0.2248,38.55,95,92,66227
2.7468,0.2248,38.58,95,92,66231
2.5171,0.2395,38.46,95,92,66234
2.2239,0.2297,38.52,95,92,66237
1.9941,0.2297,38.52,95,92,66240
1.8035,0.2248,38.52,95,92,66244
1.6764,0.2248,38.58,95,92,66247
1.6373,0.2395,38.43,95,92,66250
1.5396,0.2297,38.52,95,92,66253
1.4956,0.2199,38.90,95,92,66257
1.4712,0.2297,38.65,95,92,66260
1.4614,0.2199,38.58,95,92,66264
1.5200,0.2395,38.40,95,92,66267
1.5298,0.2297,38.33,95,92,66271
1.5445,0.2199,38.49,95,92,66274
1.5494,0.2199,38.58,95,92,66277
1.5543,0.2248,38.62,95,92,66280
1.6178,0.2395,38.43,95,92,66284
1.5934,0.2297,38.52,95,92,66287
1.6031,0.2248,38.52,95,92,66290
1.6080,0.2248,38.77,95,92,66293
1.6129,0.2248,38.62,95,92,66297
1.6716,0.2395,38.43,95,92,66300
1.6569,0.2542,38.52,95,92,66304
1.6569,0.2199,38.52,95,92,66307
1.6862,0.2248,38.58,95,92,66311
1.6960,0.2199,38.62,95,92,66314
1.7546,0.2395,38.40,95,92,66317
1.7253,0.2297,38.58,95,92,66320
1.7107,0.2102,38.49,95,92,66324
1.7107,0.2248,38.55,95,92,66327
1.6960,0.2248,38.58,95,92,66330
1.7546,0.2444,38.33,95,92,66333
1.7302,0.2297,38.49,95,92,66337
1.7107,0.2199,38.52,95,92,66340
1.7107,0.2297,38.58,95,92,66343
1.7107,0.2248,38.62,95,92,66347
1.7742,0.2444,38.36,95,92,66351
1.7498,0.2297,38.58,95,92,66354
1.7644,0.2199,38.55,95,92,66357
1.7791,0.2248,38.58,95,92,66360
1.7693,0.2199,38.62,95,92,66364
1.8182,0.2444,38.33,95,92,66367
1.7693,0.2297,38.49,95,92,66370
1.7595,0.2199,38.52,95,92,66373
1.7791,0.2248,38.55,95,92,66377
1.7937,0.2248,38.58,95,92,66380
1.8524,0.2444,38.36,95,92,66383
1.7986,0.2297,38.52,95,92,66386
1.8084,0.2151,38.52,95,92,66391
1.7937,0.2248,38.46,95,92,66394
1.8182,0.2248,38.58,95,92,66397
1.9062,0.2395,38.36,95,92,66400
1.8719,0.2199,38.52,95,92,66404
1.8426,0.2346,38.52,95,92,66407
1.8377,0.2248,38.52,95,92,66410
1.8426,0.2248,38.55,95,92,66413
1.9453,0.2395,38.36,95,92,66417
1.9062,0.2102,38.49,95,92,66420
1.8964,0.2199,38.49,95,92,66423
1.8866,0.2248,38.55,95,92,66426
1.8475,0.2248,38.58,95,92,66430
1.8719,0.2395,38.36,95,92,66434
1.8133,0.2248,38.58,95,92,66437
1.8035,0.2199,38.52,95,92,66440
1.8084,0.2493,38.62,95,92,66444
1.8182,0.2199,38.62,95,92,66447
1.8866,0.2395,38.36,95,92,66450
1.8377,0.2248,38.52,95,92,66453
1.8280,0.2444,38.52,95,92,66457
1.8573,0.2395,38.52,95,92,66460
1.8768,0.2199,38.58,95,92,66463
1.9257,0.2395,38.40,95,92,66466
1.8866,0.2199,38.46,95,92,66470
1.8866,0.2199,38.58,95,92,66473
1.9062,0.2248,38.55,95,92,66477
1.9599,0.2297,38.58,95,92,66480
2.0137,0.2444,38.33,95,92,66484
1.9746,0.2248,38.49,95,92,66487
1.9697,0.2199,38.55,95,92,66490
1.9697,0.2199,38.55,95,92,66493
1.9648,0.2199,38.58,95,92,66497
2.0332,0.2395,38.36,95,92,66500
2.0137,0.2297,38.49,95,92,66503
2.0088,0.2053,38.55,95,92,66506
2.0137,0.2248,38.58,95,92,66510
2.0088,0.2199,38.58,95,92,66513
2.0772,0.2493,38.33,95,92,66516
2.0381,0.2248,38.40,95,92,66520
2.0186,0.2199,38.62,95,92,66524
2.0137,0.2297,38.58,95,92,66527
2.0039,0.2199,38.62,95,92,66530
2.0528,0.2395,38.27,95,92,66533
2.0039,0.2590,38.52,95,92,66537
1.9844,0.2102,38.62,95,92,66540
1.9892,0.2297,38.55,95,92,66543
1.9844,0.2151,38.55,95,92,66546
2.0626,0.2346,38.27,95,92,66550
2.0430,0.2248,38.49,95,92,66553
2.0235,0.2199,38.30,95,92,66556
2.0235,0.2297,37.83,95,92,66560
2.0039,0.2102,38.58,95,92,66564
2.0626,0.2297,38.27,95,92,66567
2.0186,0.2248,38.49,95,92,66570
2.0088,0.2199,38.58,95,92,66573
1.9892,0.2297,38.05,95,92,66576
1.9453,0.2102,38.58,95,92,66580
1.9795,0.2297,38.30,95,92,66583
1.9062,0.2199,38.58,95,92,66586
1.9062,0.2199,38.58,95,92,66589
1.9208,0.2395,38.52,95,92,66593
1.9062,0.2346,38.58,95,92,66596
1.9550,0.2297,38.33,95,92,66599
1.9159,0.2297,38.46,95,92,66603
1.8817,0.2199,38.58,95,92,66607
1.8866,0.2297,38.52,95,92,66610
1.8866,0.2199,38.58,95,92,66613
1.9306,0.2297,38.30,95,92,66616
1.9062,0.2248,38.52,95,92,66620
1.8866,0.2248,38.58,95,92,66623
1.9062,0.2395,38.52,95,92,66626
1.8915,0.2199,38.58,95,92,66629
1.9355,0.2297,38.33,95,92,66633
1.9208,0.2102,38.52,95,92,66636
1.9062,0.2151,38.65,95,92,66639
1.9404,0.2297,38.52,95,92,66642
1.9257,0.2102,38.58,95,92,66647
1.9697,0.2346,38.33,95,92,66650
1.9453,0.2297,38.46,95,92,66653
1.9404,0.2199,38.55,95,92,66656
1.9795,0.2102,38.49,95,92,66660
1.9648,0.2199,38.55,95,92,66663
2.0186,0.2297,38.46,95,92,66666
1.9941,0.2248,38.58,95,92,66669
1.9795,0.2248,38.62,95,92,66673
1.9892,0.2297,38.52,95,92,66676
1.9746,0.2199,38.58,95,92,66679
2.0332,0.2346,38.36,95,92,66682
1.9990,0.2151,38.58,95,92,66686
1.9990,0.2199,38.49,95,92,66690
2.0186,0.2297,38.49,95,92,66693
2.0919,0.2248,38.55,95,92,66698
2.1114,0.2199,38.58,95,92,66701
2.1848,0.2395,38.30,95,92,66704
2.1261,0.2199,38.43,95,92,66708
2.0870,0.2151,38.62,95,92,66711
2.0870,0.2248,38.55,95,92,66714
2.0186,0.2199,38.68,95,92,66717
2.0332,0.2346,38.30,95,92,66721
1.9746,0.2248,38.49,95,92,66724
1.9697,0.2199,38.62,95,92,66727
1.9795,0.2248,38.55,95,92,66731
1.9697,0.2199,38.55,95,92,66735
2.0039,0.2346,38.30,95,92,66738
1.9501,0.2248,38.49,95,92,66741
1.9257,0.2199,38.62,95,92,66744
1.8964,0.2297,38.55,95,92,66747
1.8671,0.2199,38.46,95,92,66751
1.9013,0.2346,38.27,95,92,66754
1.8524,0.2248,38.55,95,92,66757
1.8377,0.2444,38.62,95,92,66760
1.8426,0.2248,38.62,95,92,66764
1.8377,0.1906,38.58,95,92,66767
1.8915,0.2297,38.27,95,92,66770
1.8524,0.2199,38.43,95,92,66774
1.8671,0.2199,38.62,95,92,66778
1.8817,0.2248,38.55,95,92,66781
1.8622,0.2199,38.55,95,92,66784
1.9013,0.2297,37.53,95,92,66787
1.8622,0.2248,38.52,95,92,66791
1.8573,0.2102,38.58,95,92,66794
1.9208,0.2248,38.52,95,92,66797
1.9062,0.2199,38.27,95,92,66800
2.0137,0.2346,38.30,95,92,66804
1.9892,0.2151,38.46,95,92,66807
2.0626,0.2199,38.52,95,92,66810
2.2141,0.2102,38.55,95,92,66813
2.3607,0.2199,38.65,95,92,66818
2.6491,0.2297,38.33,95,92,66821
2.8348,0.2199,38.52,95,92,66824
3.0792,0.2297,38.52,95,92,66827
3.3040,0.2297,38.58,95,92,66831
3.3871,0.2151,38.62,95,92,66834
3.3871,0.2248,38.30,95,92,66837
3.1036,0.2248,38.49,95,92,66840
2.7517,0.2199,38.62,95,92,66844
2.4780,0.2199,38.49,95,92,66847
2.1408,0.2199,38.65,95,92,66850
1.9599,0.1906,38.33,95,92,66853
1.7155,0.2199,38.55,95,92,66857
1.5689,0.2199,38.46,95,92,66861
1.4809,0.2346,38.52,95,92,66864
1.4027,0.2151,38.58,95,92,66867
1.3881,0.2248,38.33,95,92,66871
1.3343,0.2151,38.68,95,92,66874
1.3294,0.2199,38.58,95,92,66877
1.3490,0.2297,38.52,95,92,66880
1.3734,0.2151,38.65,95,92,66884
1.4565,0.2297,37.59,95,92,66887
1.4956,0.2248,38.46,95,92,66890
1.5200,0.2248,38.58,95,92,66893
1.5591,0.2297,38.49,95,92,66897
1.5494,0.2199,38.62,95,92,66900
1.5836,0.2248,38.43,95,92,66904
1.5543,0.2248,38.52,95,92,66907
1.5494,0.2199,38.62,95,92,66911
1.5885,0.2297,38.52,95,92,66914
1.5494,0.2493,38.58,95,92,66917
1.5885,0.2248,38.49,95,92,66920
1.5738,0.2199,38.62,95,92,66924
1.5885,0.2199,38.58,95,92,66927
1.6178,0.2297,38.49,95,92,66930
1.6227,0.2199,38.62,95,92,66933
1.6716,0.2248,38.36,95,92,66937
1.6667,0.2199,38.52,95,92,66940
1.6716,0.2248,38.58,95,92,66944
1.7009,0.2199,38.49,95,92,66947
1.6813,0.2199,38.58,95,92,66951
1.7204,0.2248,38.36,95,92,66954
1.7009,0.2248,38.52,95,92,66957
1.6764,0.2199,38.55,95,92,66960
1.6862,0.2297,38.52,95,92,66964
1.6716,0.2199,38.62,95,92,66967
1.6960,0.2248,38.36,95,92,66970
1.6618,0.2199,38.52,95,92,66973
1.6569,0.2199,38.58,95,92,66977
1.6911,0.2102,38.52,95,92,66980
1.6716,0.2248,38.58,95,92,66983
1.7107,0.2248,38.33,95,92,66987
1.7009,0.2199,38.46,95,92,66991
1.6960,0.2199,38.62,95,92,66994
1.7204,0.2444,38.46,95,92,66997
1.7058,0.2199,38.65,95,92,67000
1.7546,0.2248,38.36,95,92,67004
1.7009,0.2248,38.52,95,92,67007
1.7107,0.2199,38.65,95,92,67010
1.7302,0.2248,38.49,95,92,67013
1.7204,0.2248,38.58,95,92,67017
1.7546,0.2248,38.36,95,92,67020
1.7253,0.2199,38.58,95,92,67023
1.7302,0.2151,38.68,95,92,67026
1.7546,0.2346,38.49,95,92,67031
1.7449,0.2199,38.65,95,92,67034
1.7840,0.2248,38.36,95,92,67037
1.7791,0.2102,38.49,95,92,67040
1.7644,0.2297,38.62,95,92,67044
1.7937,0.2542,38.52,95,92,67047
1.7889,0.2199,38.58,95,92,67050
1.8377,0.2248,38.36,95,92,67053
1.8524,0.2102,38.52,95,92,67057
1.8182,0.2199,38.81,95,92,67060
1.8328,0.2248,38.55,95,92,67063
1.7986,0.2199,38.55,95,92,67066
1.8182,0.2199,38.33,95,92,67070
1.7644,0.2297,38.58,95,92,67074
1.7498,0.2199,38.58,95,92,67077
1.7644,0.2248,38.55,95,92,67080
1.7595,0.2102,38.58,95,92,67084
1.7986,0.2248,38.40,95,92,67087
1.7986,0.2199,38.52,95,92,67090
1.8133,0.2248,38.58,95,92,67093
1.8524,0.2297,38.68,95,92,67097
1.8475,0.2199,38.62,95,92,67100
1.8915,0.2199,38.43,95,92,67103
1.8866,0.2248,38.52,95,92,67106
1.8817,0.2199,38.55,95,92,67110
1.9062,0.2248,38.46,95,92,67113
1.9013,0.2199,38.58,95,92,67117
1.9306,0.2199,38.40,95,92,67120
1.9013,0.2199,38.58,95,92,67124
1.9110,0.2199,38.58,95,92,67127
1.9306,0.2248,38.49,95,92,67130
1.9110,0.2542,38.58,95,92,67133
1.9355,0.2199,38.40,95,92,67137
1.9355,0.2199,38.49,95,92,67140
1.9062,0.2199,38.62,95,92,67143
1.9159,0.2346,38.43,95,92,67146
1.8964,0.2199,38.58,95,92,67150
1.9159,0.2199,38.43,95,92,67153
1.8768,0.2199,38.55,95,92,67156
1.8768,0.2199,38.55,95,92,67160
1.8768,0.2248,38.49,95,92,67164
1.8671,0.2102,38.58,95,92,67167
1.8719,0.2199,38.46,95,92,67170
1.8377,0.2199,38.62,95,92,67173
1.8328,0.2199,38.62,95,92,67177
1.8622,0.2297,38.49,95,92,67180
1.8426,0.2248,38.58,95,92,67183
1.8622,0.2248,38.40,95,92,67186
1.8426,0.2199,38.62,95,92,67190
1.8475,0.2199,38.58,95,92,67193
1.8671,0.2248,38.43,95,92,67196
1.8475,0.2199,38.62,95,92,67200
1.8866,0.2151,38.40,95,92,67204
1.8719,0.2151,38.55,95,92,67207
1.8866,0.2199,38.58,95,92,67210
1.9062,0.2248,38.49,95,92,67213
1.8817,0.2199,38.62,95,92,67217
1.8866,0.2199,38.40,95,92,67220
1.8426,0.2199,38.58,95,92,67223
1.8280,0.2102,38.58,95,92,67226
1.8475,0.2248,38.43,95,92,67230
1.8133,0.2199,38.58,95,92,67233
1.8671,0.2199,38.43,95,92,67236
1.8280,0.2199,38.52,95,92,67239
1.8280,0.2199,38.62,95,92,67244
1.8426,0.2248,38.49,95,92,67247
1.8328,0.2102,38.58,95,92,67250
1.8671,0.2199,38.40,95,92,67253
1.8475,0.2102,38.52,95,92,67257
1.8524,0.2102,38.58,95,92,67260
1.8719,0.2542,38.49,95,92,67263
1.8671,0.2199,38.55,95,92,67266
1.8915,0.2199,38.46,95,92,67270
1.8719,0.2151,38.58,95,92,67273
1.8817,0.2199,38.62,95,92,67276
1.9159,0.2297,38.55,95,92,67279
1.8866,0.2199,38.58,95,92,67283
1.9355,0.2151,38.43,95,92,67287
1.8866,0.2493,38.52,95,92,67290
1.8964,0.2199,38.71,95,92,67293
1.9257,0.2248,38.46,95,92,67297
1.9404,0.2102,38.58,95,92,67300
1.9550,0.2199,38.36,95,92,67303
1.9306,0.2151,38.36,95,92,67306
1.9990,0.2199,38.58,95,92,67311
2.0186,0.2444,38.58,95,92,67314
2.0430,0.2297,38.49,95,92,67317
2.0479,0.2199,38.62,95,92,67321
2.0479,0.2248,37.59,95,92,67324
2.0088,0.1906,38.46,95,92,67328
1.9795,0.2199,38.65,95,92,67331
1.9795,0.2297,38.52,95,92,67335
1.9453,0.2151,38.58,95,92,67338
1.9550,0.2151,38.36,95,92,67341
1.9062,0.2199,38.52,95,92,67344
1.8915,0.2199,38.65,95,92,67348
1.8866,0.2248,38.49,95,92,67351
1.8719,0.2493,38.58,95,92,67354
1.8964,0.2199,38.36,95,92,67357
1.8671,0.2199,38.49,95,92,67361
1.8768,0.2102,38.62,95,92,67364
1.8915,0.2297,38.46,95,92,67367
1.8719,0.2248,38.62,95,92,67371
1.8866,0.2199,38.40,95,92,67375
1.8475,0.2248,38.49,95,92,67378
1.8280,0.2199,38.58,95,92,67381
1.8280,0.2248,38.52,95,92,67384
1.7986,0.2199,38.58,95,92,67388
1.8182,0.2248,38.40,95,92,67391
1.7889,0.2199,38.49,95,92,67394
1.7889,0.2199,38.58,95,92,67397
1.8035,0.2199,38.46,95,92,67401
1.7889,0.2199,38.52,95,92,67404
1.8182,0.2199,38.43,95,92,67407
1.7937,0.2199,38.58,95,92,67410
1.8035,0.2151,38.58,95,92,67415
1.8426,0.2248,38.49,95,92,67418
1.8426,0.2199,38.55,95,92,67421
1.9013,0.2199,38.40,95,92,67424
1.9257,0.2199,38.49,95,92,67428
1.9990,0.2151,38.62,95,92,67431
2.1261,0.2248,37.68,95,92,67434
2.2385,0.1906,38.62,95,92,67437
2.4438,0.2199,38.40,95,92,67441
2.6149,0.2151,38.65,95,92,67444
2.8397,0.2199,38.62,95,92,67447
3.0645,0.2199,38.49,95,92,67450
3.1769,0.2199,38.65,95,92,67454
3.2209,0.2199,38.43,95,92,67458
3.0108,0.2199,38.58,95,92,67461
2.7370,0.2199,38.71,95,92,67464
2.4682,0.2297,38.49,95,92,67468
2.1505,0.2199,38.58,95,92,67471
1.9501,0.2199,38.46,95,92,67474
1.7302,0.2199,38.52,95,92,67477
1.6031,0.2199,38.68,95,92,67481
1.4809,0.2297,38.46,95,92,67484
1.3978,0.2199,38.65,95,92,67487
1.3930,0.2199,38.46,95,92,67490
1.3490,0.2346,38.55,95,92,67494
1.3539,0.2151,38.55,95,92,67497
1.3685,0.2199,38.52,95,92,67501
1.3832,0.2248,38.58,95,92,67504
1.4272,0.2199,38.46,95,92,67508
1.4174,0.2248,38.58,95,92,67511
1.4370,0.2199,38.58,95,92,67514
1.4809,0.2297,38.46,95,92,67517
1.4761,0.2542,38.58,95,92,67521
1.5200,0.2199,38.52,95,92,67524
1.5200,0.2102,38.55,95,92,67527
1.5396,0.2248,38.62,95,92,67530
1.5591,0.2151,38.49,95,92,67534
1.5738,0.2199,38.81,95,92,67537
1.6227,0.2199,38.52,95,92,67540
1.6031,0.2248,38.58,95,92,67544
1.6080,0.2248,38.62,95,92,67548
1.6129,0.2199,38.52,95,92,67551
1.6129,0.2248,38.62,95,92,67554
1.6325,0.2248,38.49,95,92,67557
1.6129,0.2199,38.62,95,92,67561
1.6178,0.2199,38.62,95,92,67564
1.6618,0.2297,38.46,95,92,67567
1.6471,0.2102,38.55,95,92,67570
1.6813,0.2297,38.46,95,92,67574
1.6618,0.2151,38.62,95,92,67577
1.6716,0.2199,38.58,95,92,67580
1.6813,0.2199,38.46,95,92,67584
1.6569,0.2395,38.58,95,92,67588
1.6813,0.2248,38.49,95,92,67591
1.6471,0.2151,38.62,95,92,67594
1.6716,0.2248,38.68,95,92,67597
1.6618,0.2248,38.55,95,92,67601
1.6667,0.2199,38.55,95,92,67604
1.6960,0.2297,38.46,95,92,67607
1.6716,0.2444,38.55,95,92,67610
1.6764,0.2151,38.58,95,92,67614
1.7155,0.2297,38.49,95,92,67617
1.7009,0.2199,38.55,95,92,67620
1.7302,0.2297,38.49,95,92,67623
1.7155,0.2395,38.62,95,92,67628
1.7204,0.2199,38.58,95,92,67631
1.7449,0.2199,38.49,95,92,67634
1.7253,0.2297,38.62,95,92,67637
1.7498,0.2297,38.08,95,92,67641
1.7253,0.2199,38.62,95,92,67644
1.7644,0.2199,38.58,95,92,67647
1.7595,0.2199,38.52,95,92,67650
1.7644,0.2199,38.58,95,92,67654
1.7986,0.2297,38.46,95,92,67657
1.7791,0.2199,38.58,95,92,67660
1.7889,0.2199,38.65,95,92,67663
1.8328,0.2297,38.58,95,92,67667
1.8133,0.2199,38.58,95,92,67671
1.8719,0.2297,38.46,95,92,67674
1.8084,0.2248,38.58,95,92,67677
1.8231,0.2199,38.55,95,92,67681
1.8671,0.2297,38.46,95,92,67684
1.8671,0.2248,38.58,95,92,67687
1.8964,0.2297,37.77,95,92,67690
1.8768,0.2199,38.58,95,92,67694
1.8719,0.2151,38.58,95,92,67697
1.8768,0.2248,38.49,95,92,67700
1.8524,0.2199,38.58,95,92,67703
1.8573,0.2102,38.46,95,92,67707
1.8182,0.2248,38.58,95,92,67710
1.8133,0.2444,38.62,95,92,67714
1.8573,0.2297,38.52,95,92,67717
1.8475,0.2199,38.36,95,92,67721
1.8817,0.2297,38.46,95,92,67724
1.8622,0.2151,38.58,95,92,67727
1.8671,0.2199,38.77,95,92,67730
1.8964,0.2297,38.43,95,92,67734
1.8817,0.2199,38.58,95,92,67737
1.9159,0.2248,38.46,95,92,67740
1.8915,0.2395,38.52,95,92,67743
1.8915,0.2199,38.58,95,92,67747
1.9013,0.2199,38.52,95,92,67750
1.8915,0.2248,38.68,95,92,67753
1.8964,0.2248,38.40,95,92,67757
1.8622,0.2199,38.58,95,92,67761
1.8719,0.2102,38.62,95,92,67764
1.9062,0.2395,38.43,95,92,67767
1.8817,0.2493,38.52,95,92,67770
1.9062,0.2297,38.46,95,92,67774
1.8817,0.2199,38.58,95,92,67777
1.8817,0.2493,38.65,95,92,67780
1.9062,0.2297,38.52,95,92,67783
1.8817,0.2199,38.58,95,92,67787
1.8915,0.2297,38.43,95,92,67790
1.8573,0.2297,38.62,95,92,67793
1.8573,0.2444,38.58,95,92,67796
1.8719,0.2248,38.52,95,92,67801
1.8671,0.2199,38.62,95,92,67804
1.8915,0.2297,38.43,95,92,67807
1.8671,0.2199,38.62,95,92,67810
1.8719,0.2199,38.71,95,92,67814
1.9013,0.2297,38.43,95,92,67817
1.8768,0.2199,38.62,95,92,67820
1.8915,0.2151,38.43,95,92,67823
1.8671,0.2199,38.71,95,92,67827
1.8671,0.2199,38.58,95,92,67830
1.9013,0.2297,38.46,95,92,67833
1.8866,0.2493,38.58,95,92,67836
1.9159,0.2199,38.46,95,92,67841
1.8915,0.2199,38.58,95,92,67844
1.9062,0.2102,38.58,95,92,67847
1.8964,0.2444,38.49,95,92,67850
1.8768,0.2199,38.08,95,92,67854
1.8964,0.2102,38.43,95,92,67857
1.8817,0.2248,38.65,95,92,67860
1.9013,0.2199,38.65,95,92,67863
1.9404,0.2395,38.43,95,92,67867
1.9062,0.2248,38.55,95,92,67870
1.9110,0.2199,38.43,95,92,67873
1.8719,0.2199,38.68,95,92,67876
1.8671,0.2199,38.58,95,92,67880
1.9306,0.2199,38.46,95,92,67884
1.8866,0.2248,38.55,95,92,67887
1.9062,0.2248,38.46,95,92,67890
1.8768,0.2199,38.62,95,92,67894
1.8866,0.2199,38.58,95,92,67897
1.9208,0.2297,38.52,95,92,67900
1.9208,0.2248,38.55,95,92,67903
1.9453,0.2151,38.43,95,92,67907
1.9257,0.2151,38.58,95,92,67910
1.9355,0.2199,38.52,95,92,67913
1.9795,0.2297,38.43,95,92,67916
2.0137,0.2248,38.55,95,92,67920
1.9941,0.2199,38.58,95,92,67923
2.0577,0.2151,38.43,95,92,67928
1.9892,0.2199,38.55,95,92,67931
1.9990,0.2199,38.81,95,92,67934
2.0186,0.2248,38.49,95,92,67937
2.0088,0.2199,38.58,95,92,67941
2.0381,0.2248,38.43,95,92,67944
1.9990,0.2102,38.58,95,92,67947
1.9892,0.2297,38.58,95,92,67950
1.9990,0.2297,38.46,95,92,67953
1.9550,0.2248,38.55,95,92,67957
1.9550,0.2346,38.46,95,92,67960
1.9062,0.2151,37.99,95,92,67963
1.9013,0.2102,38.62,95,92,67966
1.9062,0.2297,38.46,95,92,67971
1.8719,0.2248,38.52,95,92,67974
1.8915,0.2248,38.46,95,92,67977
1.8817,0.2248,38.58,95,92,67980
1.8573,0.2248,38.58,95,92,67984
1.8622,0.2248,38.84,95,92,67987
1.8524,0.2248,38.58,95,92,67990
1.8866,0.2297,38.46,95,92,67993
1.8719,0.2346,38.62,95,92,67997
1.8817,0.2199,38.68,95,92,68000
1.9062,0.2297,38.46,95,92,68003
1.8573,0.2199,38.58,95,92,68006
1.8671,0.2297,38.49,95,92,68011
1.8182,0.2199,38.33,95,92,68014
1.8035,0.2199,38.58,95,92,68017
1.8133,0.2199,38.49,95,92,68020
1.7840,0.2199,38.46,95,92,68024
1.8084,0.2297,38.49,95,92,68027
1.7693,0.2248,38.58,95,92,68030
1.7693,0.2199,38.58,95,92,68033
1.7937,0.2248,38.52,95,92,68037
1.7986,0.2248,38.55,95,92,68040
1.8426,0.2297,38.65,95,92,68043
1.8475,0.2199,38.68,95,92,68046
1.8915,0.2199,38.58,95,92,68050
1.9697,0.2395,38.43,95,92,68054
2.0283,0.2199,38.55,95,92,68057
2.1750,0.2297,38.43,95,92,68060
2.3021,0.2151,38.58,95,92,68064
2.5122,0.2199,38.62,95,92,68067
2.7859,0.2346,38.49,95,92,68070
3.0059,0.2248,38.58,95,92,68073
3.2405,0.2248,38.43,95,92,68077
3.2942,0.2248,38.62,95,92,68080
3.2405,0.2248,38.68,95,92,68083
3.0547,0.2297,38.65,95,92,68086
2.7419,0.2199,38.55,95,92,68090
2.4438,0.2248,38.49,95,92,68093
2.1505,0.2248,38.58,95,92,68097
1.9550,0.2248,38.58,95,92,68100
1.7791,0.2297,38.40,95,92,68104
1.6080,0.2248,38.36,95,92,68107
1.5054,0.2248,38.46,95,92,68110
1.4370,0.2248,38.58,95,92,68113
1.3978,0.2199,38.58,95,92,68117
1.3930,0.2297,38.46,95,92,68120
1.3636,0.2248,38.52,95,92,68123
1.3783,0.2248,38.46,95,92,68126
1.3881,0.2199,38.58,95,92,68130
1.4174,0.2199,38.58,95,92,68133
1.4663,0.2297,38.49,95,92,68136
1.4809,0.2248,38.55,95,92,68140
1.5249,0.2248,38.46,95,92,68144
1.5347,0.2248,38.58,95,92,68147
1.5591,0.2199,38.58,95,92,68150
1.6080,0.2639,38.40,95,92,68153
1.6080,0.2248,38.55,95,92,68157
1.6520,0.2248,38.46,95,92,68160
1.6178,0.2248,38.65,95,92,68163
1.6178,0.2199,38.65,95,92,68166
1.6471,0.2297,38.46,95,92,68170
1.6422,0.2248,38.58,95,92,68173
1.6520,0.2542,38.49,95,92,68176
1.6373,0.2248,38.58,95,92,68179
1.6325,0.2199,38.62,95,92,68184
1.6422,0.2102,38.52,95,92,68187
1.6227,0.2493,38.55,95,92,68190
1.6325,0.2248,38.52,95,92,68193
1.6178,0.2248,38.62,95,92,68197
1.6422,0.2199,38.62,95,92,68200
1.6764,0.2248,38.40,95,92,68203
1.6716,0.2248,38.68,95,92,68206
1.6960,0.2248,38.46,95,92,68210
1.7302,0.2248,38.58,95,92,68213
1.7009,0.2199,38.58,95,92,68216
1.7302,0.2346,38.46,95,92,68219
1.7058,0.2297,38.55,95,92,68224
1.7155,0.2199,38.43,95,92,68227
1.7107,0.2248,38.62,95,92,68230
1.7302,0.2199,38.58,95,92,68233
1.7644,0.2346,38.46,95,92,68237
1.7498,0.2297,38.55,95,92,68240
1.7546,0.2248,38.49,95,92,68243
1.7546,0.2248,38.58,95,92,68246
1.7595,0.2248,38.62,95,92,68250
1.7840,0.2346,38.40,95,92,68253
1.7546,0.2297,38.52,95,92,68256
1.7595,0.2248,38.49,95,92,68259
1.7644,0.2199,38.62,95,92,68263
1.7546,0.2199,38.71,95,92,68267
1.7889,0.2346,38.43,95,92,68270
1.7595,0.2248,38.55,95,92,68273
1.7546,0.2248,38.46,95,92,68277
1.7449,0.2248,38.65,95,92,68280
1.7546,0.2248,38.58,95,92,68283
1.7889,0.2297,38.49,95,92,68286
1.7644,0.2297,38.55,95,92,68290
1.7791,0.2199,38.46,95,92,68293
1.7742,0.2248,38.58,95,92,68296
1.7889,0.2102,38.58,95,92,68299
1.8426,0.2493,38.36,95,92,68303
1.8328,0.2786,38.49,95,92,68306
1.8280,0.2199,38.49,95,92,68310
1.8084,0.2248,38.58,95,92,68313
1.8133,0.2199,38.62,95,92,68317
1.8719,0.2297,38.49,95,92,68320
1.8768,0.2248,38.55,95,92,68323
1.9013,0.2248,38.49,95,92,68326
1.9013,0.2248,38.62,95,92,68330
1.8915,0.2199,38.58,95,92,68333
1.9110,0.2346,38.52,95,92,68336
1.8719,0.2297,38.55,95,92,68339
1.8524,0.2199,38.49,95,92,68343
1.8328,0.2248,38.58,95,92,68346
1.8182,0.2248,38.62,95,92,68349
1.8475,0.2297,38.40,95,92,68353
1.8280,0.2297,38.52,95,92,68357
1.8377,0.2199,38.49,95,92,68360
1.8524,0.2248,38.58,95,92,68363
1.8671,0.2199,38.62,95,92,68366
1.9159,0.2297,38.46,95,92,68370
1.8915,0.2297,38.55,95,92,68373
1.8964,0.2248,38.49,95,92,68376
1.8768,0.2248,38.58,95,92,68379
1.8622,0.2199,38.58,95,92,68383
1.9013,0.2346,38.46,95,92,68386
1.8524,0.2297,38.55,95,92,68389
1.8524,0.2199,37.99,95,92,68392
1.8573,0.2248,38.65,95,92,68397
1.8768,0.2199,38.58,95,92,68400
1.9208,0.2395,38.46,95,92,68403
1.8915,0.2346,38.52,95,92,68406
1.8866,0.2199,38.49,95,92,68410
1.8866,0.2248,38.58,95,92,68413
1.8817,0.2248,38.58,95,92,68416
1.9110,0.2493,38.40,95,92,68419
1.8719,0.2297,38.58,95,92,68423
1.8964,0.2199,38.49,95,92,68426
1.8622,0.2248,38.58,95,92,68429
1.8328,0.2248,38.62,95,92,68432
1.8524,0.2395,38.43,95,92,68436
1.8133,0.2346,38.52,95,92,68440
1.7986,0.2151,38.52,95,92,68443
1.7889,0.2199,38.58,95,92,68446
1.7889,0.2199,38.55,95,92,68450
1.8328,0.2346,38.46,95,92,68453
1.8182,0.2297,38.52,95,92,68456
1.8182,0.2151,38.49,95,92,68459
1.8231,0.2151,38.58,95,92,68463
1.8328,0.2199,38.55,95,92,68466
1.8719,0.2346,38.43,95,92,68469
1.8280,0.2248,38.55,95,92,68472
1.8182,0.2199,38.52,95,92,68476
1.8182,0.2248,38.62,95,92,68480
1.8231,0.2199,38.58,95,92,68483
1.8915,0.2346,38.43,95,92,68486
1.8671,0.2297,38.52,95,92,68490
1.8524,0.2199,38.49,95,92,68493
1.8524,0.2248,38.58,95,92,68496
1.8964,0.2248,38.58,95,92,68499
1.9355,0.2395,38.49,95,92,68503
1.9159,0.2639,38.52,95,92,68506
1.8964,0.2199,38.49,95,92,68509
1.8671,0.2248,38.58,95,92,68512
1.8280,0.2248,38.62,95,92,68516
1.8671,0.2297,38.40,95,92,68519
1.8328,0.2297,38.52,95,92,68523
1.8377,0.2199,38.49,95,92,68526
1.8280,0.2248,38.65,95,92,68530
1.9110,0.2248,38.65,95,92,68533
1.8915,0.2199,38.65,95,92,68537
1.9355,0.2346,38.40,95,92,68540
1.9062,0.2248,38.55,95,92,68543
1.9159,0.2346,38.43,95,92,68546
1.9013,0.2248,38.58,95,92,68550
1.9208,0.2102,38.58,95,92,68553
1.9697,0.2542,38.43,95,92,68556
1.9648,0.2248,38.55,95,92,68559
1.9990,0.2248,38.46,95,92,68562
1.9501,0.2199,38.62,95,92,68567
1.9306,0.2542,38.55,95,92,68570
1.9355,0.2297,38.58,95,92,68573
1.8866,0.2248,38.58,95,92,68576
1.8573,0.2248,37.90,95,92,68580
1.7986,0.2248,38.65,95,92,68583
1.7791,0.2248,38.58,95,92,68586
1.8133,0.2297,38.40,95,92,68589
1.7889,0.2248,38.77,95,92,68593
1.8035,0.2248,38.46,95,92,68596
1.7889,0.2151,38.58,95,92,68599
1.7742,0.2248,38.65,95,92,68602
1.7889,0.2297,38.46,95,92,68606
1.7595,0.2248,38.55,95,92,68610
1.7693,0.2346,38.46,95,92,68613
1.7595,0.2248,38.71,95,92,68616
1.7693,0.2248,38.62,95,92,68620
1.8084,0.2297,38.49,95,92,68623
1.7840,0.2346,38.58,95,92,68626
1.7889,0.2248,38.49,95,92,68629
1.7693,0.2248,38.58,95,92,68633
1.7742,0.2297,38.58,95,92,68636
1.8231,0.2297,38.30,95,92,68639
1.8035,0.2297,38.62,95,92,68642
1.8035,0.2248,38.49,95,92,68646
1.7791,0.2297,38.62,95,92,68649
1.7742,0.2199,38.62,95,92,68653
1.8182,0.2395,38.46,95,92,68656
1.8231,0.2297,38.52,95,92,68660
1.8377,0.2248,38.46,95,92,68663
1.8622,0.2248,38.58,95,92,68666
1.9453,0.2248,38.62,95,92,68669
2.1505,0.2346,38.49,95,92,68673
2.2825,0.2248,38.58,95,92,68676
2.5171,0.2199,38.49,95,92,68679
2.7566,0.2199,38.58,95,92,68682
3.0059,0.2248,38.58,95,92,68686
3.2845,0.2297,38.43,95,92,68689
3.3529,0.2102,38.55,95,92,68692
3.2698,0.2199,38.49,95,92,68696
3.0156,0.2248,38.58,95,92,68700
2.6784,0.2151,38.58,95,92,68703
2.3949,0.2639,38.40,95,92,68706
2.0674,0.2297,38.55,95,92,68709
1.8231,0.2297,38.49,95,92,68713
1.6422,0.2248,38.71,95,92,68716
1.5152,0.2248,38.58,95,92,68719
1.4614,0.2395,38.46,95,92,68722
1.3783,0.2297,38.55,95,92,68726
1.3441,0.2493,38.46,95,92,68729
1.3343,0.2297,38.68,95,92,68732
1.3343,0.2199,38.68,95,92,68736
1.3881,0.2346,38.40,95,92,68740
1.4027,0.2297,38.55,95,92,68743
1.4223,0.2248,38.46,95,92,68746
1.4321,0.2248,38.65,95,92,68749
1.4467,0.2199,38.58,95,92,68753
1.5005,0.2346,38.43,95,92,68756
1.5005,0.2297,38.55,95,92,68759
1.5249,0.2199,38.55,95,92,68762
1.5347,0.2248,38.58,95,92,68766
1.5494,0.2151,38.58,95,92,68769
1.5982,0.2395,38.24,95,92,68772
1.5689,0.2297,38.55,95,92,68775
1.5689,0.2248,38.49,95,92,68780
1.6031,0.2199,38.58,95,92,68783
1.5689,0.2199,38.71,95,92,68786
1.6080,0.2346,38.40,95,92,68789
1.5934,0.2297,38.52,95,92,68793
1.5982,0.2199,38.52,95,92,68796
1.6129,0.2248,38.58,95,92,68799
1.6325,0.2199,38.58,95,92,68802
1.6960,0.2395,38.43,95,92,68806
1.6716,0.2297,38.55,95,92,68809
1.6716,0.2102,38.52,95,92,68812
1.6471,0.2248,38.62,95,92,68815
1.6373,0.2248,38.58,95,92,68819
1.6813,0.2395,38.43,95,92,68823
1.6422,0.2297,38.55,95,92,68826
1.6471,0.2199,38.55,95,92,68829
1.6569,0.2297,38.62,95,92,68833
1.6618,0.2248,38.58,95,92,68836
1.7204,0.2444,38.36,95,92,68839
1.6716,0.2346,38.52,95,92,68842
1.6618,0.2151,38.49,95,92,68846
1.6618,0.2248,38.71,95,92,68849
1.6569,0.2199,38.65,95,92,68852
1.7253,0.2395,38.43,95,92,68855
1.6764,0.2199,38.52,95,92,68859
1.6764,0.2199,38.55,95,92,68862
1.6862,0.2248,38.58,95,92,68866
1.6764,0.2102,38.62,95,92,68869
1.7155,0.2395,38.40,95,92,68873
1.6667,0.2297,38.55,95,92,68876
1.6618,0.2248,38.52,95,92,68879
1.6471,0.2297,38.58,95,92,68882
1.6471,0.2248,38.49,95,92,68886
1.7009,0.2395,38.40,95,92,68889
1.6813,0.2346,38.49,95,92,68892
1.6667,0.2248,38.55,95,92,68895
1.6813,0.2248,38.58,95,92,68899
1.6911,0.2248,38.52,95,92,68902
1.7449,0.2395,38.40,95,92,68905
1.7107,0.2297,38.55,95,92,68909
1.7058,0.2199,38.55,95,92,68913
1.7107,0.2248,38.58,95,92,68916
1.7107,0.2297,38.58,95,92,68919
1.7595,0.2395,38.36,95,92,68922
1.7204,0.2297,38.62,95,92,68926
1.7302,0.2248,38.55,95,92,68929
1.7351,0.2199,38.55,95,92,68932
1.7302,0.2248,38.62,95,92,68935
1.7840,0.2444,38.36,95,92,68939
1.7351,0.2297,38.49,95,92,68942
1.7302,0.2102,38.52,95,92,68945
1.7253,0.2248,38.62,95,92,68948
1.7351,0.2248,38.62,95,92,68953
1.8084,0.2395,38.36,95,92,68956
1.7889,0.2297,38.49,95,92,68959
1.7986,0.2297,38.52,95,92,68962
1.8231,0.2248,38.58,95,92,68966
1.8280,0.2248,38.62,95,92,68969
1.8719,0.2395,38.36,95,92,68972
1.8182,0.2297,38.49,95,92,68975
1.7937,0.2199,38.58,95,92,68979
1.7889,0.2297,38.55,95,92,68982
1.7791,0.2151,38.58,95,92,68985
1.8280,0.2444,38.36,95,92,68988
1.7889,0.2297,38.40,95,92,68993
1.7791,0.2199,38.55,95,92,68996
1.7742,0.2248,38.58,95,92,68999
1.7791,0.2248,38.62,95,92,69002
1.8280,0.2444,38.36,95,92,69006
1.7889,0.2248,38.52,95,92,69009
1.7791,0.2248,38.55,95,92,69012
1.7742,0.2248,38.58,95,92,69015
1.7595,0.2248,38.58,95,92,69019
1.7986,0.2297,38.36,95,92,69022
1.7644,0.2248,38.49,95,92,69025
1.7449,0.2199,38.62,95,92,69028
1.7498,0.2248,38.65,95,92,69032
1.7400,0.2248,38.62,95,92,69036
1.7791,0.2493,38.36,95,92,69039
1.7400,0.2786,38.46,95,92,69042
1.7253,0.2199,38.55,95,92,69046
1.7253,0.2248,38.55,95,92,69049
1.7107,0.2199,38.58,95,92,69052
1.7449,0.2444,38.33,95,92,69055
1.6960,0.2248,38.49,95,92,69059
1.7009,0.2151,38.68,95,92,69062
1.6764,0.2297,38.62,95,92,69065
1.6716,0.2248,38.58,95,92,69068
1.7302,0.2444,38.33,95,92,69072
1.7155,0.2346,38.49,95,92,69075
1.6911,0.2199,38.65,95,92,69079
1.6960,0.2297,38.46,95,92,69082
1.6911,0.2248,38.58,95,92,69086
1.7351,0.2493,38.33,95,92,69089
1.7058,0.2346,38.46,95,92,69092
1.7058,0.2199,38.65,95,92,69095
1.7155,0.2297,38.55,95,92,69099
1.7155,0.2297,38.58,95,92,69102
1.7742,0.2395,38.68,95,92,69105
1.7498,0.2248,38.52,95,92,69108
1.7986,0.2102,38.58,95,92,69112
1.7791,0.2248,38.58,95,92,69115
1.7840,0.2542,38.65,95,92,69118
1.8475,0.2395,38.33,95,92,69122
1.8426,0.2199,38.49,95,92,69126
1.7937,0.2248,38.58,95,92,69129
1.7889,0.2297,38.55,95,92,69132
1.7644,0.2248,38.62,95,92,69135
1.7986,0.2444,38.30,95,92,69139
1.8133,0.2297,38.46,95,92,69142
1.7986,0.2297,38.55,95,92,69146
1.8133,0.2199,38.49,95,92,69149
1.8182,0.2248,37.83,95,92,69152
1.8328,0.2248,38.58,95,92,69155
1.8817,0.2297,38.46,95,92,69159
1.8817,0.2297,38.55,95,92,69163
1.9062,0.2248,38.36,95,92,69166
1.9159,0.2248,38.74,95,92,69169
1.9306,0.2248,38.58,95,92,69173
1.9599,0.2346,38.40,95,92,69176
1.9257,0.2297,38.62,95,92,69179
1.9062,0.2248,38.49,95,92,69182
1.8817,0.2248,38.68,95,92,69186
1.8524,0.2248,38.58,95,92,69189
1.8719,0.2297,38.43,95,92,69192
1.8182,0.2102,38.55,95,92,69195
1.8084,0.2346,38.49,95,92,69199
1.8035,0.2346,38.58,95,92,69202
1.8084,0.2248,38.55,95,92,69206
1.8328,0.2688,38.49,95,92,69209
1.7889,0.2297,38.55,95,92,69213
1.7986,0.2199,38.49,95,92,69216
1.7644,0.2297,38.58,95,92,69219
1.7302,0.2199,38.62,95,92,69222
1.7693,0.2297,38.40,95,92,69226
1.7351,0.2297,38.52,95,92,69229
1.7253,0.2151,38.55,95,92,69232
1.7253,0.2248,38.65,95,92,69235
1.7302,0.2248,38.62,95,92,69239
1.7937,0.2395,38.43,95,92,69242
1.7742,0.2248,38.55,95,92,69245
1.7840,0.2199,38.52,95,92,69249
1.7889,0.2248,38.58,95,92,69253
1.7937,0.2248,38.62,95,92,69256
1.8524,0.2395,38.43,95,92,69259
1.8231,0.2297,38.52,95,92,69262
1.8035,0.2102,38.52,95,92,69266
1.7986,0.2199,38.55,95,92,69269
1.7840,0.2248,38.58,95,92,69272
1.8475,0.2444,38.36,95,92,69275
1.8475,0.2346,38.52,95,92,69279
1.8915,0.2297,38.55,95,92,69282
1.9697,0.2248,38.68,95,92,69285
2.0723,0.2248,38.62,95,92,69288
2.2776,0.2444,38.40,95,92,69293
2.4194,0.2297,38.52,95,92,69296
2.6295,0.2199,38.52,95,92,69299
2.8690,0.2297,38.62,95,92,69302
3.0890,0.2248,38.58,95,92,69306
3.3089,0.2444,38.40,95,92,69309
3.2405,0.2297,38.52,95,92,69312
3.0547,0.2395,38.55,95,92,69315
2.7761,0.2297,38.77,95,92,69319
2.4682,0.2248,38.58,95,92,69322
2.2532,0.2395,38.36,95,92,69325
1.9648,0.2346,38.55,95,92,69328
1.7498,0.2199,38.62,95,92,69332
1.5885,0.2248,38.58,95,92,69336
1.4663,0.2248,38.62,95,92,69339
1.4272,0.2444,38.30,95,92,69342
1.3441,0.2248,37.74,95,92,69346
1.3050,0.2199,38.55,95,92,69349
1.2952,0.2542,38.62,95,92,69352
1.3001,0.2248,38.62,95,92,69355
1.3636,0.2444,38.33,95,92,69358
1.3685,0.2102,38.52,95,92,69362
1.3783,0.2199,38.52,95,92,69365
1.4076,0.2297,38.58,95,92,69368
1.4272,0.2199,38.58,95,92,69371
1.4956,0.2590,38.33,95,92,69376
1.4858,0.2346,38.43,95,92,69379
1.5005,0.2199,38.55,95,92,69382
1.5298,0.2199,38.58,95,92,69385
1.5445,0.2248,38.84,95,92,69389
1.6080,0.2444,38.33,95,92,69392
1.5934,0.2248,38.49,95,92,69395
1.5885,0.2199,38.62,95,92,69398
1.5982,0.2297,38.58,95,92,69402
1.5982,0.2248,38.58,95,92,69405
1.6471,0.2444,38.30,95,92,69408
1.6227,0.2297,38.65,95,92,69411
1.6227,0.2199,38.58,95,92,69415
1.6422,0.2297,38.55,95,92,69419
1.6569,0.2199,38.58,95,92,69422
1.7107,0.2346,38.36,95,92,69425
1.6862,0.2297,38.49,95,92,69429
1.6862,0.2199,38.68,95,92,69432
1.7058,0.2444,38.55,95,92,69435
1.6960,0.2248,38.58,95,92,69438
1.7302,0.2688,38.27,95,92,69442
1.6813,0.2248,38.62,95,92,69445
1.6667,0.2248,38.62,95,92,69448
1.6667,0.2297,38.55,95,92,69451
1.6422,0.2248,38.58,95,92,69455
1.6813,0.2493,38.30,95,92,69458
1.6373,0.2297,38.58,95,92,69462
1.6618,0.2199,38.62,95,92,69465
1.6569,0.2248,38.55,95,92,69469
1.6618,0.2248,38.58,95,92,69472
1.7204,0.2346,38.30,95,92,69475
1.7155,0.2248,38.49,95,92,69478
1.6911,0.2248,38.58,95,92,69482
1.7058,0.2297,38.55,95,92,69485
1.7058,0.2248,38.58,95,92,69488
1.7449,0.2346,38.33,95,92,69491
1.7058,0.2248,38.52,95,92,69495
1.7155,0.2248,38.62,95,92,69498
1.7449,0.2199,38.55,95,92,69501
1.6960,0.2297,38.62,95,92,69505
1.7302,0.2346,38.30,95,92,69509
1.6911,0.2297,38.49,95,92,69512
1.6862,0.2297,38.62,95,92,69515
1.7058,0.2297,38.52,95,92,69518
1.6960,0.2248,38.62,95,92,69522
1.7400,0.2346,38.30,95,92,69525
1.7107,0.2248,38.52,95,92,69528
1.7107,0.2248,38.58,95,92,69531
1.7546,0.2346,38.52,95,92,69535
1.7058,0.2590,38.62,95,92,69538
1.7498,0.2346,38.33,95,92,69541
1.7058,0.2199,38.55,95,92,69544
1.7155,0.2199,38.62,95,92,69549
1.7302,0.2297,38.52,95,92,69552
1.7253,0.2248,38.24,95,92,69555
1.7742,0.2297,38.33,95,92,69558
1.7498,0.2297,38.49,95,92,69562
1.7351,0.2248,38.68,95,92,69565
1.7546,0.2395,38.52,95,92,69568
1.7546,0.2248,38.62,95,92,69571
1.8182,0.2346,38.33,95,92,69575
1.8182,0.2248,38.52,95,92,69578
1.8035,0.2248,38.77,95,92,69581
1.8377,0.2297,38.52,95,92,69584
1.8328,0.2297,38.58,95,92,69588
1.8817,0.2346,38.33,95,92,69592
1.8328,0.2199,38.62,95,92,69595
1.8524,0.2248,38.58,95,92,69598
1.8671,0.2248,38.52,95,92,69602
1.8426,0.2248,38.55,95,92,69605
1.8719,0.2297,38.36,95,92,69608
1.8280,0.2297,38.49,95,92,69611
1.7937,0.2297,38.62,95,92,69615
1.7937,0.2346,38.52,95,92,69618
1.7693,0.2248,38.58,95,92,69621
1.8182,0.2346,38.33,95,92,69624
1.8035,0.2199,38.52,95,92,69628
1.7644,0.2248,38.52,95,92,69632
1.7791,0.2297,38.55,95,92,69635
1.7693,0.2297,38.58,95,92,69638
1.8133,0.2297,38.27,95,92,69642
1.7840,0.2199,38.52,95,92,69645
1.7986,0.2102,38.62,95,92,69648
1.8182,0.2346,38.52,95,92,69651
1.8035,0.2297,38.62,95,92,69655
1.8426,0.2297,38.33,95,92,69658
1.8182,0.2346,38.49,95,92,69661
1.7986,0.2248,38.62,95,92,69664
1.8182,0.2493,38.40,95,92,69668
1.8035,0.2248,38.58,95,92,69671
1.8524,0.2395,38.40,95,92,69675
1.8280,0.2297,38.52,95,92,69678
1.8328,0.2248,38.58,95,92,69682
1.8719,0.2395,38.52,95,92,69685
1.8426,0.2248,38.62,95,92,69688
1.8817,0.2297,38.33,95,92,69691
1.8524,0.2199,38.58,95,92,69695
1.8817,0.2199,38.58,95,92,69698
1.8866,0.2346,38.49,95,92,69701
1.8719,0.2297,38.62,95,92,69704
1.9159,0.2346,38.36,95,92,69708
1.9013,0.2297,38.52,95,92,69711
1.8964,0.2102,38.58,95,92,69714
1.9208,0.2346,38.49,95,92,69718
1.8964,0.2248,38.52,95,92,69722
1.9355,0.2346,38.36,95,92,69725
1.8964,0.2297,38.52,95,92,69728
1.8964,0.2493,38.58,95,92,69731
1.9110,0.2297,37.77,95,92,69735
1.9453,0.2248,38.62,95,92,69738
1.9599,0.2346,38.33,95,92,69741
1.9355,0.2346,38.62,95,92,69744
1.9501,0.2248,38.49,95,92,69748
1.9746,0.2297,38.49,95,92,69751
1.9501,0.2590,38.62,95,92,69755
1.9501,0.2248,38.58,95,92,69758
2.0137,0.2444,38.30,95,92,69762
1.9795,0.2248,38.46,95,92,69765
1.9795,0.2199,38.65,95,92,69769
1.9844,0.2297,38.55,95,92,69772
1.9844,0.2102,38.58,95,92,69775
2.0381,0.2395,38.27,95,92,69778
1.9844,0.2248,38.52,95,92,69782
1.9844,0.2248,38.62,95,92,69785
1.9844,0.2297,38.55,95,92,69788
1.9697,0.2297,38.58,95,92,69791
2.0137,0.2395,38.30,95,92,69795
1.9795,0.2199,38.49,95,92,69798
1.9208,0.2297,38.58,95,92,69801
1.9062,0.2297,38.58,95,92,69805
1.8768,0.2248,38.58,95,92,69809
1.9013,0.2346,38.27,95,92,69812
1.8426,0.2297,38.46,95,92,69815
1.8280,0.2248,38.62,95,92,69818
1.8328,0.2297,38.55,95,92,69822
1.8231,0.2297,38.62,95,92,69825
1.8768,0.2346,38.18,95,92,69828
1.8328,0.2248,38.52,95,92,69831
1.8328,0.2102,38.62,95,92,69835
1.8182,0.2346,38.55,95,92,69838
1.7889,0.2346,38.62,95,92,69841
1.8182,0.2346,38.40,95,92,69844
1.7742,0.2297,38.49,95,92,69849
1.7449,0.2248,38.68,95,92,69852
1.7546,0.2346,38.55,95,92,69855
1.7498,0.2248,37.80,95,92,69858
1.7986,0.2346,38.30,95,92,69862
1.7889,0.2199,38.49,95,92,69865
1.7449,0.2248,38.58,95,92,69868
1.7498,0.2297,38.62,95,92,69871
1.7302,0.2248,38.62,95,92,69875
1.7791,0.2737,38.30,95,92,69878
1.7400,0.2248,38.52,95,92,69881
1.7546,0.2248,38.58,95,92,69884
1.7840,0.2297,38.55,95,92,69889
1.7840,0.2248,38.58,95,92,69892
1.8573,0.2346,38.40,95,92,69895
1.8671,0.2248,38.49,95,92,69898
1.9110,0.2199,38.58,95,92,69902
2.0088,0.2297,38.55,95,92,69905
2.1065,0.2248,38.58,95,92,69908
2.3118,0.2542,38.30,95,92,69911
2.4633,0.2248,38.62,95,92,69915
2.6833,0.2102,38.58,95,92,69918
2.9521,0.2346,38.55,95,92,69921
3.1427,0.2248,38.58,95,92,69924
3.3284,0.2346,38.33,95,92,69927
3.2258,0.2248,38.52,95,92,69932
3.0156,0.2248,38.68,95,92,69935
2.7370,0.2346,38.52,95,92,69938
2.3900,0.2297,38.58,95,92,69941
2.1554,0.2346,38.33,95,92,69945
1.8915,0.2297,38.52,95,92,69948
1.6813,0.2297,38.62,95,92,69951
1.5494,0.2395,38.52,95,92,69954
1.4272,0.2248,38.58,95,92,69958
1.4076,0.2346,38.36,95,92,69961
1.3490,0.2297,38.55,95,92,69964
1.3343,0.2248,38.62,95,92,69967
1.3392,0.2297,38.55,95,92,69971
1.3196,0.2590,38.58,95,92,69975
1.3539,0.2346,38.36,95,92,69978
1.3441,0.2199,38.65,95,92,69981
1.3734,0.2248,38.62,95,92,69985
1.4076,0.2835,38.52,95,92,69988
1.4174,0.2248,38.62,95,92,69991
1.4712,0.2297,38.33,95,92,69994
1.4663,0.2346,38.52,95,92,69998
1.4614,0.2297,38.58,95,92,70001
1.4907,0.2297,38.52,95,92,70004
1.4809,0.2248,38.58,95,92,70007
1.5298,0.2346,38.33,95,92,70011
1.5152,0.2297,38.52,95,92,70014
1.5298,0.2248,38.62,95,92,70018
1.5640,0.2346,38.52,95,92,70021
1.5543,0.2248,38.71,95,92,70025
1.5787,0.2297,38.36,95,92,70028
1.5543,0.2248,38.58,95,92,70031
1.5591,0.2199,38.58,95,92,70034
1.5787,0.2297,38.52,95,92,70038
1.5738,0.2248,38.62,95,92,70041
1.6178,0.2297,38.33,95,92,70044
1.6569,0.2297,38.49,95,92,70047
1.6276,0.2297,38.58,95,92,70051
1.6569,0.2297,38.49,95,92,70054
1.6373,0.2248,38.62,95,92,70057
1.7107,0.2346,38.36,95,92,70061
1.6667,0.2248,38.55,95,92,70065
1.6764,0.2297,38.55,95,92,70068
1.7058,0.2297,38.49,95,92,70071
1.7058,0.2297,38.58,95,92,70074
1.7302,0.2297,38.36,95,92,70078
1.7155,0.2248,38.62,95,92,70081
1.7449,0.2248,38.58,95,92,70084
1.7889,0.2346,38.55,95,92,70087
1.7889,0.2248,38.62,95,92,70091
1.8231,0.2297,38.40,95,92,70094
1.7840,0.2248,38.46,95,92,70097
1.7595,0.2248,38.58,95,92,70100
1.7449,0.2395,38.43,95,92,70105
1.6960,0.2248,38.58,95,92,70108
1.7253,0.2297,38.36,95,92,70111
1.7009,0.2542,38.52,95,92,70114
1.7107,0.2199,38.58,95,92,70118
1.7351,0.2297,38.52,95,92,70121
1.7155,0.2199,38.62,95,92,70124
1.7351,0.2297,38.40,95,92,70127
1.7058,0.2248,38.68,95,92,70131
1.7204,0.2102,38.58,95,92,70134
1.7449,0.2493,38.49,95,92,70137
1.7351,0.2395,38.58,95,92,70140
1.7693,0.2297,38.43,95,92,70145
1.7595,0.2248,38.49,95,92,70148
1.7546,0.2199,38.62,95,92,70151
1.7791,0.2346,38.46,95,92,70154
1.7693,0.2248,38.58,95,92,70158
1.8084,0.2346,38.40,95,92,70161
1.7889,0.2199,38.55,95,92,70164
1.7791,0.2248,38.77,95,92,70167
1.7937,0.2297,38.46,95,92,70171
1.7937,0.2248,38.62,95,92,70174
1.8426,0.2297,38.68,95,92,70177
1.8377,0.2248,38.65,95,92,70180
1.8573,0.2248,38.62,95,92,70184
1.9110,0.2346,38.46,95,92,70188
1.8671,0.2248,38.58,95,92,70191
1.9013,0.2297,38.43,95,92,70194
1.8915,0.2248,38.49,95,92,70198
1.8915,0.2297,38.62,95,92,70201
1.9159,0.2346,38.46,95,92,70204
1.9110,0.2248,38.71,95,92,70207
1.9453,0.2346,38.40,95,92,70211
1.9159,0.2248,38.55,95,92,70214
1.9208,0.2199,38.68,95,92,70217
1.9404,0.2297,38.33,95,92,70220
1.9208,0.2248,38.62,95,92,70224
1.9404,0.2346,38.40,95,92,70227
1.9208,0.2639,38.58,95,92,70231
1.9404,0.2248,38.58,95,92,70234
1.9844,0.2346,38.49,95,92,70238
1.9550,0.2151,38.55,95,92,70241
1.9892,0.2248,38.36,95,92,70244
1.9697,0.2248,38.49,95,92,70247
1.9844,0.2248,38.58,95,92,70251
1.9599,0.2346,38.46,95,92,70254
1.9062,0.2297,38.65,95,92,70257
1.9062,0.2248,38.40,95,92,70260
1.8622,0.2248,38.55,95,92,70264
1.8524,0.2248,38.71,95,92,70267
1.8524,0.2297,38.52,95,92,70270
1.8231,0.2297,38.58,95,92,70274
1.8377,0.2346,38.40,95,92,70278
1.8133,0.2493,38.62,95,92,70281
1.8182,0.2248,38.77,95,92,70284
1.8573,0.2346,38.46,95,92,70287
1.8377,0.2102,38.58,95,92,70291
1.8866,0.2248,38.43,95,92,70294
1.8622,0.2248,38.52,95,92,70297
1.8475,0.2199,38.68,95,92,70300
1.8280,0.2346,38.46,95,92,70304
1.7986,0.2248,38.65,95,92,70307
1.8280,0.2248,38.43,95,92,70310
1.8133,0.2248,38.55,95,92,70313
1.8035,0.2297,38.58,95,92,70318
1.8084,0.2297,38.46,95,92,70321
1.8035,0.2248,38.58,95,92,70324
1.8231,0.2395,38.40,95,92,70327
1.7937,0.2297,38.65,95,92,70331
1.7937,0.2248,38.58,95,92,70334
1.8280,0.2346,38.43,95,92,70337
1.8084,0.2248,38.58,95,92,70340
1.8475,0.2248,38.43,95,92,70344
1.8231,0.2248,38.52,95,92,70347
1.8133,0.2248,38.62,95,92,70350
1.8084,0.2346,38.49,95,92,70353
1.7840,0.2248,38.52,95,92,70358
1.8182,0.2346,38.46,95,92,70361
1.7889,0.2102,38.33,95,92,70364
1.8133,0.2248,38.62,95,92,70368
1.8426,0.2248,38.58,95,92,70371
1.8671,0.2297,38.52,95,92,70374
1.8328,0.2248,38.58,95,92,70378
1.8719,0.2346,38.36,95,92,70381
1.8573,0.2346,38.49,95,92,70384
1.8622,0.2248,38.58,95,92,70387
1.9110,0.2297,38.49,95,92,70391
1.9110,0.2248,38.62,95,92,70394
1.9648,0.2444,38.36,95,92,70397
1.9550,0.2297,38.52,95,92,70401
1.9697,0.2248,38.58,95,92,70405
2.0137,0.2346,38.55,95,92,70408
2.0039,0.2248,38.58,95,92,70411
2.0186,0.2346,38.40,95,92,70414
1.9355,0.2248,38.62,95,92,70417
1.8622,0.2248,38.58,95,92,70421
1.8377,0.2297,38.52,95,92,70424
1.7644,0.2248,38.58,95,92,70427
1.7351,0.2248,38.33,95,92,70430
1.6960,0.2297,38.49,95,92,70434
1.6911,0.2248,38.62,95,92,70437
1.7107,0.2346,38.46,95,92,70440
1.7009,0.2248,38.58,95,92,70444
1.7498,0.2346,38.36,95,92,70448
1.7498,0.2248,38.55,95,92,70451
1.7009,0.2542,38.62,95,92,70454
1.6960,0.2297,38.49,95,92,70457
1.7107,0.2248,38.58,95,92,70461
1.7253,0.2542,38.33,95,92,70464
1.7107,0.2199,38.58,95,92,70467
1.7107,0.2248,38.58,95,92,70470
1.7546,0.2346,38.40,95,92,70474
1.6960,0.2248,38.58,95,92,70477
1.7351,0.2297,38.40,95,92,70480
1.7400,0.2199,38.49,95,92,70483
1.7546,0.2248,38.62,95,92,70488
1.7840,0.2297,38.46,95,92,70491
1.7693,0.2248,38.58,95,92,70494
1.7889,0.2346,38.40,95,92,70497
1.7644,0.2248,38.40,95,92,70501
1.7791,0.2248,38.58,95,92,70504
1.8182,0.2102,38.49,95,92,70507
1.8328,0.2248,38.52,95,92,70510
1.9062,0.2297,38.43,95,92,70514
1.9453,0.2248,38.62,95,92,70517
2.0479,0.2151,38.58,95,92,70520
2.2385,0.2297,38.55,95,92,70523
2.4242,0.2248,38.58,95,92,70528
2.7028,0.2297,38.43,95,92,70531
2.9277,0.2248,38.11,95,92,70534
3.1720,0.2248,38.58,95,92,70537
3.3675,0.2297,38.46,95,92,70541
3.3578,0.2297,38.58,95,92,70544
3.2747,0.2248,38.43,95,92,70547
2.9570,0.2248,38.58,95,92,70550
2.6295,0.2248,38.68,95,92,70554
2.3216,0.2297,38.46,95,92,70557
2.0381,0.2248,38.58,95,92,70560
1.8328,0.2199,38.43,95,92,70563
1.6178,0.2395,38.58,95,92,70567
1.4907,0.2248,38.71,95,92,70571
1.4467,0.2346,38.46,95,92,70574
1.3881,0.2248,38.58,95,92,70577
1.3881,0.2248,38.43,95,92,70581
1.3587,0.2248,38.46,95,92,70584
1.3734,0.2248,38.58,95,92,70587
1.4027,0.2297,38.46,95,92,70590
1.4223,0.2346,38.58,95,92,70594
1.4809,0.2248,38.46,95,92,70597
1.4712,0.2248,38.62,95,92,70600
1.4663,0.2248,38.58,95,92,70603
1.4712,0.2297,38.49,95,92,70607
1.4712,0.2248,38.58,95,92,70610
1.5103,0.2346,38.46,95,92,70614
1.5152,0.2346,38.58,95,92,70617
1.5445,0.2248,38.62,95,92,70621
1.5787,0.2297,38.49,95,92,70624
1.5787,0.2297,38.58,95,92,70627
1.6227,0.2248,38.46,95,92,70630
1.6080,0.2248,38.55,95,92,70634
1.6031,0.2248,38.62,95,92,70637
1.6178,0.2297,38.49,95,92,70640
1.6178,0.2297,38.58,95,92,70643
1.6373,0.2297,37.90,95,92,70647
1.6422,0.2248,38.55,95,92,70650
1.6618,0.2248,38.58,95,92,70653
1.6618,0.2248,38.52,95,92,70657
1.6520,0.2248,38.58,95,92,70661
1.6764,0.2346,38.49,95,92,70664
1.6618,0.2199,38.58,95,92,70667
1.6471,0.2248,38.65,95,92,70670
1.6716,0.2346,38.46,95,92,70674
1.6667,0.2297,38.58,95,92,70677
1.7155,0.2346,38.49,95,92,70680
1.7009,0.2297,38.58,95,92,70683
1.6960,0.2248,38.58,95,92,70687
1.7204,0.2297,38.55,95,92,70690
1.7155,0.2639,38.58,95,92,70693
1.7546,0.2346,38.49,95,92,70696
1.7302,0.2248,38.62,95,92,70701
1.7155,0.2297,38.58,95,92,70704
1.7058,0.2297,38.40,95,92,70707
1.6764,0.2248,38.55,95,92,70710
1.7058,0.2395,38.49,95,92,70714
1.7058,0.2248,38.55,95,92,70717
1.7351,0.2248,38.58,95,92,70720
1.8231,0.2346,38.46,95,92,70723
1.8035,0.2199,38.55,95,92,70727
1.8182,0.2297,38.46,95,92,70730
1.7546,0.2248,38.58,95,92,70733
1.7351,0.2102,38.58,95,92,70736
1.6960,0.2395,38.52,95,92,70740
1.6862,0.2248,38.81,95,92,70744
1.7351,0.2346,38.46,95,92,70747
1.7400,0.2248,38.58,95,92,70750
1.7595,0.2199,38.77,95,92,70754
1.7791,0.2297,38.55,95,92,70757
1.7693,0.2297,38.58,95,92,70760
1.8035,0.2297,38.43,95,92,70763
1.7937,0.2639,38.58,95,92,70767
1.7986,0.2248,38.58,95,92,70770
1.8573,0.2395,38.43,95,92,70773
1.7937,0.2297,38.55,95,92,70776
1.8035,0.2297,38.43,95,92,70780
1.7791,0.2346,38.58,95,92,70784
1.7937,0.2248,38.58,95,92,70787
1.8377,0.2346,38.49,95,92,70790
1.8280,0.2297,38.55,95,92,70794
1.8622,0.2346,38.43,95,92,70797
1.8524,0.2346,38.62,95,92,70800
1.8719,0.2248,38.49,95,92,70803
1.8964,0.2297,38.55,95,92,70807
1.8817,0.2297,38.58,95,92,70810
1.9110,0.2297,38.43,95,92,70813
1.9013,0.2248,38.71,95,92,70816
1.9013,0.2248,38.58,95,92,70820
1.9257,0.2346,38.43,95,92,70823
1.8866,0.2395,38.58,95,92,70827
1.9013,0.2297,38.49,95,92,70830
1.8719,0.2248,38.58,95,92,70834
1.8719,0.2248,38.58,95,92,70837
1.9013,0.2444,38.46,95,92,70840
1.8866,0.2297,38.68,95,92,70843
1.9208,0.2297,38.49,95,92,70847
1.9110,0.2248,38.58,95,92,70850
1.9062,0.2297,38.58,95,92,70853
1.8964,0.2297,38.55,95,92,70856
1.8573,0.2297,38.55,95,92,70860
1.8622,0.2297,38.40,95,92,70863
1.8377,0.2542,38.62,95,92,70866
1.8573,0.2248,38.62,95,92,70870
1.9110,0.2346,38.43,95,92,70874
1.8768,0.2297,38.55,95,92,70877
1.8719,0.2542,38.46,95,92,70880
1.8377,0.2248,38.49,95,92,70883
1.8426,0.2248,38.62,95,92,70887
1.8671,0.2346,38.46,95,92,70890
1.8377,0.2297,38.62,95,92,70893
1.8280,0.2297,38.46,95,92,70896
1.7791,0.2297,38.62,95,92,70900
1.7742,0.2248,38.58,95,92,70903
1.7742,0.2346,38.62,95,92,70906
1.7546,0.2297,38.58,95,92,70909
1.7693,0.2297,38.46,95,92,70914
1.7644,0.2297,38.58,95,92,70917
1.7351,0.2248,38.58,95,92,70920
1.7742,0.2346,38.43,95,92,70923
1.7546,0.2346,38.58,95,92,70927
1.7840,0.2297,38.46,95,92,70930
1.7791,0.2248,38.68,95,92,70933
1.7840,0.2248,38.65,95,92,70936
1.8280,0.2346,38.49,95,92,70940
1.8084,0.2297,38.46,95,92,70943
1.8133,0.2297,38.46,95,92,70946
1.7986,0.2297,38.58,95,92,70949
1.8084,0.2248,38.62,95,92,70953
1.8475,0.2346,38.52,95,92,70957
1.8426,0.2297,38.58,95,92,70960
1.8573,0.2737,38.49,95,92,70963
1.8328,0.2737,38.58,95,92,70967
1.8328,0.2248,38.65,95,92,70970
1.8622,0.2297,38.46,95,92,70973
1.8328,0.2542,38.46,95,92,70977
1.8328,0.2248,38.68,95,92,70980
1.8622,0.2248,38.46,95,92,70983
1.8328,0.2248,38.58,95,92,70987
1.8280,0.2248,38.40,95,92,70990
1.8426,0.2297,38.49,95,92,70993
1.8426,0.2297,38.58,95,92,70996
1.8866,0.2297,38.46,95,92,71000
1.8719,0.2346,38.58,95,92,71004
1.8964,0.2297,38.62,95,92,71007
1.9550,0.2542,38.43,95,92,71010
1.9501,0.2297,38.74,95,92,71013
1.9990,0.2346,38.49,95,92,71017
1.9648,0.2248,38.58,95,92,71020
1.9550,0.2248,38.49,95,92,71023
1.9697,0.2297,38.49,95,92,71026
1.9404,0.2199,38.58,95,92,71030
1.9501,0.2297,38.68,95,92,71033
1.9013,0.2248,38.58,95,92,71036
1.8817,0.2199,38.62,95,92,71040
1.8866,0.2248,38.52,95,92,71044
1.8671,0.2102,38.58,95,92,71047
1.8768,0.2444,38.49,95,92,71050
1.8377,0.2297,38.58,95,92,71053
1.8328,0.2248,38.62,95,92,71057
1.8573,0.2346,38.43,95,92,71060
1.7986,0.2297,38.58,95,92,71063
1.7791,0.2346,38.46,95,92,71066
1.7400,0.2248,38.55,95,92,71070
1.7498,0.2248,38.68,95,92,71073
1.7937,0.2346,38.49,95,92,71076
1.7889,0.2297,38.58,95,92,71079
1.8280,0.2346,38.43,95,92,71084
1.7840,0.2248,38.58,95,92,71087
1.7791,0.2248,38.77,95,92,71090
1.7889,0.2297,38.52,95,92,71093
1.7693,0.2199,38.58,95,92,71097
1.7840,0.2297,38.46,95,92,71100
1.7595,0.2248,38.65,95,92,71103
1.7595,0.2248,38.58,95,92,71106
1.8035,0.2297,38.43,95,92,71110
1.8035,0.2542,38.62,95,92,71113
1.8524,0.2297,38.52,95,92,71116
1.8475,0.2248,38.58,95,92,71119
1.8768,0.2199,38.62,95,92,71123
1.9501,0.2297,38.49,95,92,71127
2.0088,0.2297,38.58,95,92,71130
2.1554,0.2542,38.43,95,92,71133
2.2972,0.2297,38.65,95,92,71137
2.5073,0.2248,38.62,95,92,71140
2.7810,0.2346,38.55,95,92,71143
3.0108,0.2542,38.65,95,92,71146
3.2649,0.2297,38.43,95,92,71150
3.3382,0.2248,38.58,95,92,71153
3.2942,0.2199,38.62,95,92,71156
3.1329,0.2346,38.81,95,92,71159
2.7664,0.2297,38.62,95,92,71163
2.4731,0.2199,38.46,95,92,71166
2.1505,0.2297,38.58,95,92,71170
1.9110,0.2248,38.55,95,92,71173
1.7449,0.2346,38.46,95,92,71177
1.5738,0.2102,38.55,95,92,71180
1.4761,0.2297,38.58,95,92,71183
1.3930,0.2248,38.58,95,92,71186
1.3685,0.2248,38.58,95,92,71190
1.3832,0.2248,38.52,95,92,71193
1.3832,0.2248,38.58,95,92,71196
1.4321,0.2248,38.49,95,92,71199
1.4272,0.2248,38.58,95,92,71203
1.4516,0.2346,38.58,95,92,71206
1.4907,0.2346,38.40,95,92,71209
1.4858,0.2346,38.58,95,92,71213
1.5200,0.2297,38.46,95,92,71217
1.5347,0.2248,38.58,95,92,71220
1.5640,0.2248,38.58,95,92,71223
1.6031,0.2346,38.49,95,92,71226
1.5836,0.2297,38.58,95,92,71230
1.5885,0.2248,38.49,95,92,71233
1.5591,0.2248,38.62,95,92,71236
1.5494,0.2248,38.58,95,92,71239
1.5836,0.2346,38.49,95,92,71243
1.5787,0.2297,38.58,95,92,71246
1.6031,0.2297,38.46,95,92,71249
1.5885,0.2248,38.65,95,92,71252
1.5934,0.2199,38.62,95,92,71257
1.6227,0.2346,38.40,95,92,71260
1.5982,0.2297,38.62,95,92,71263
1.6129,0.2297,38.49,95,92,71266
1.5982,0.2297,38.55,95,92,71270
1.6080,0.2248,38.71,95,92,71273
1.6422,0.2297,38.46,95,92,71276
1.6471,0.2102,38.55,95,92,71279
1.6520,0.2248,38.49,95,92,71283
1.6373,0.2248,38.65,95,92,71286
1.6422,0.2248,38.62,95,92,71289
1.6618,0.2346,38.52,95,92,71292
1.6520,0.2248,38.55,95,92,71297
1.6716,0.2248,38.46,95,92,71300
1.6618,0.2248,38.65,95,92,71303
1.6716,0.2248,38.55,95,92,71306
1.7009,0.2346,38.40,95,92,71310
1.6862,0.2297,38.55,95,92,71313
1.7009,0.2248,38.49,95,92,71316
1.7009,0.2248,38.58,95,92,71319
1.7155,0.2248,38.65,95,92,71323
1.7498,0.2297,38.52,95,92,71326
1.7693,0.2102,38.55,95,92,71329
1.7351,0.2297,38.21,95,92,71332
1.7204,0.2199,38.58,95,92,71336
1.7204,0.2248,38.62,95,92,71340
1.7840,0.2346,38.52,95,92,71343
1.7302,0.2297,38.77,95,92,71346
1.7400,0.2102,38.46,95,92,71350
1.7302,0.2346,38.58,95,92,71353
1.7498,0.2248,38.62,95,92,71356
1.7937,0.2297,38.40,95,92,71359
1.7840,0.2297,38.55,95,92,71363
1.7937,0.2346,38.49,95,92,71366
1.7937,0.2248,38.62,95,92,71369
1.8035,0.2248,38.58,95,92,71372
1.8573,0.2835,38.43,95,92,71376
1.8524,0.2297,37.83,95,92,71379
1.8817,0.2248,38.49,95,92,71383
1.8915,0.2248,38.58,95,92,71386
1.8719,0.2297,38.58,95,92,71390
1.8768,0.2542,38.52,95,92,71393
1.8084,0.2346,38.55,95,92,71396
1.7791,0.2248,38.55,95,92,71399
1.7546,0.2248,38.58,95,92,71403
1.7546,0.2248,38.62,95,92,71406
1.8035,0.2346,38.43,95,92,71409
1.7937,0.2346,38.52,95,92,71412
1.8133,0.2248,38.49,95,92,71416
1.8231,0.2248,38.62,95,92,71419
1.8377,0.2248,38.58,95,92,71422
1.8915,0.2493,38.43,95,92,71426
1.8719,0.2395,38.49,95,92,71430
1.8866,0.2248,38.55,95,92,71433
1.8866,0.2248,38.58,95,92,71436
1.8866,0.2248,38.58,95,92,71439
1.9355,0.2297,38.43,95,92,71443
1.9013,0.2297,38.27,95,92,71446
1.9013,0.2199,38.52,95,92,71449
1.8964,0.2102,38.58,95,92,71452
1.8964,0.2248,38.65,95,92,71456
1.9404,0.2346,38.40,95,92,71459
1.9159,0.2297,38.46,95,92,71462
1.9062,0.2248,38.49,95,92,71465
1.8915,0.2248,38.58,95,92,71470
1.8915,0.2248,38.58,95,92,71473
1.9599,0.2444,38.40,95,92,71476
1.9013,0.2346,38.55,95,92,71479
1.8817,0.2199,38.58,95,92,71483
1.8719,0.2297,38.58,95,92,71486
1.8573,0.2248,38.62,95,92,71489
1.8915,0.2395,38.43,95,92,71492
1.8524,0.2297,38.36,95,92,71496
1.8377,0.2199,38.52,95,92,71499
1.8328,0.2297,38.58,95,92,71502
1.8280,0.2248,38.58,95,92,71505
1.8719,0.2346,38.33,95,92,71510
1.8328,0.2297,38.49,95,92,71513
1.8182,0.2199,38.52,95,92,71516
1.8084,0.2297,38.58,95,92,71519
1.7937,0.2248,38.55,95,92,71523
1.8524,0.2297,38.43,95,92,71526
1.8524,0.2297,38.55,95,92,71529
1.8280,0.2151,38.52,95,92,71532
1.8377,0.2297,38.58,95,92,71536
1.8377,0.2248,38.65,95,92,71539
1.8866,0.2395,38.43,95,92,71542
1.8426,0.2297,38.55,95,92,71545
1.8280,0.2199,38.58,95,92,71549
1.8328,0.2297,38.58,95,92,71553
1.8426,0.2199,38.58,95,92,71556
1.9062,0.2688,38.40,95,92,71559
1.8817,0.2297,38.52,95,92,71563
1.8768,0.2199,38.49,95,92,71566
1.8768,0.2199,38.62,95,92,71569
1.8768,0.2248,38.77,95,92,71572
1.9355,0.2297,38.40,95,92,71576
1.8964,0.2346,38.52,95,92,71579
1.8915,0.2199,38.49,95,92,71582
1.9013,0.2297,38.58,96,92,71585
1.8719,0.2297,38.62,96,92,71589
1.8719,0.2248,38.58,96,92,71592
1.8964,0.2395,38.40,96,92,71596
1.8866,0.2297,38.62,96,92,71600
1.9159,0.2248,38.77,96,92,71603
1.9159,0.2248,38.58,96,92,71606
1.9257,0.2248,38.58,96,92,71609
1.9697,0.2297,38.36,96,92,71613
1.9599,0.2297,38.58,96,92,71616
1.9746,0.2297,38.46,96,92,71619
1.9648,0.2395,38.62,96,92,71622
1.9746,0.2248,38.62,96,92,71626
2.0186,0.2346,38.58,96,92,71629
2.0235,0.2297,38.55,96,92,71632
2.0332,0.2248,38.33,96,92,71635
2.0235,0.2248,38.68,96,92,71640
2.0186,0.2248,38.55,96,92,71643
2.0528,0.2346,38.33,96,92,71646
2.0137,0.2297,37.74,96,92,71649
1.9941,0.2248,38.46,96,92,71653
1.9501,0.2248,38.58,96,92,71656
1.9306,0.2248,38.68,96,92,71659
1.9599,0.2346,38.43,96,92,71662
1.9648,0.2102,38.55,96,92,71666
1.9404,0.2248,38.49,96,92,71669
1.9208,0.2297,38.58,96,92,71672
1.9110,0.2248,38.55,96,92,71675
1.9355,0.2395,38.49,96,92,71680
1.8964,0.2297,38.46,96,92,71683
1.8817,0.2248,38.49,96,92,71686
1.8768,0.2248,38.58,96,92,71689
1.8915,0.2199,38.58,96,92,71693
1.9110,0.2346,38.40,96,92,71696
1.9013,0.2297,38.55,96,92,71699
1.9208,0.2248,38.49,96,92,71702
1.9013,0.2248,38.62,96,92,71706
1.8866,0.2248,38.65,96,92,71709
1.9257,0.2346,38.46,96,92,71712
1.8573,0.2297,38.62,96,92,71715
1.8475,0.2248,38.58,96,92,71719
1.8280,0.2248,38.58,96,92,71723
1.8133,0.2248,38.58,96,92,71726
1.8426,0.2493,38.46,96,92,71729
1.8133,0.2297,38.62,96,92,71733
1.8231,0.2248,38.52,96,92,71736
1.8426,0.2248,38.62,96,92,71739
1.8768,0.2199,38.58,96,92,71742
1.9795,0.2395,38.33,96,92,71746
2.0332,0.2395,38.52,96,92,71749
2.1505,0.2248,38.49,96,92,71752
2.2923,0.2102,38.62,96,92,71755
2.4878,0.2248,38.52,96,92,71759
2.7810,0.2297,38.43,96,92,71762
3.0156,0.2346,38.55,96,92,71766
3.2063,0.2248,38.55,96,92,71769
3.3333,0.2346,38.58,96,92,71773
3.3089,0.2248,38.58,96,92,71776
3.1672,0.2737,38.43,96,92,71779
2.8152,0.2297,38.52,96,92,71782
2.5122,0.2199,38.52,96,92,71786
2.1945,0.2248,38.55,96,92,71789
1.9550,0.2248,38.58,96,92,71792
1.8133,0.2297,38.40,96,92,71795
1.6325,0.2297,38.49,96,92,71799
1.5152,0.2542,38.52,96,92,71802
1.4516,0.2248,38.55,96,92,71805
1.4174,0.2199,38.58,96,92,71809
1.4370,0.2493,38.30,96,92,71813
1.4027,0.2346,38.55,96,92,71816
1.4076,0.2199,38.65,96,92,71819
1.4272,0.2248,38.65,96,92,71822
1.4858,0.2248,38.58,96,92,71826
1.5152,0.2737,38.49,96,92,71829
1.5103,0.2297,38.46,96,92,71832
1.5152,0.2199,38.52,96,92,71835
1.5298,0.2297,38.58,96,92,71839
1.5396,0.2248,38.58,96,92,71842
1.5982,0.2346,38.40,96,92,71845
1.5787,0.2297,38.55,96,92,71848
1.5885,0.2199,38.52,96,92,71853
1.6178,0.2395,38.58,96,92,71856
1.6373,0.2248,38.62,96,92,71859
1.7009,0.2395,38.46,96,92,71862
1.6618,0.2346,38.52,96,92,71866
1.6471,0.2199,38.52,96,92,71869
1.6373,0.2297,38.58,96,92,71872
1.6422,0.2248,38.62,96,92,71875
1.7058,0.2395,38.40,96,92,71879
1.6764,0.2297,38.62,96,92,71882
1.6667,0.2199,38.52,96,92,71885
1.6618,0.2297,38.55,96,92,71888
1.6422,0.2248,38.62,96,92,71892
1.6960,0.2395,38.40,96,92,71896
1.6716,0.2346,38.49,96,92,71899
1.6716,0.2151,38.52,96,92,71902
1.6716,0.2248,38.58,96,92,71906
1.6716,0.2248,38.68,96,92,71909
1.7253,0.2444,38.43,96,92,71912
1.6911,0.2297,38.52,96,92,71915
1.6911,0.2151,38.55,96,92,71919
1.6960,0.2493,38.58,96,92,71922
1.6960,0.2248,38.58,96,92,71925
1.7449,0.2395,38.43,96,92,71928
1.7107,0.2248,38.52,96,92,71932
1.7009,0.2199,38.55,96,92,71936
1.7107,0.2297,38.58,96,92,71939
1.7107,0.2297,38.58,96,92,71942
1.7742,0.2395,38.40,96,92,71946
1.7449,0.2297,38.49,96,92,71949
1.7351,0.2199,38.55,96,92,71952
1.7595,0.2297,38.55,96,92,71955
1.7644,0.2493,38.58,96,92,71959
1.8280,0.2444,38.33,96,92,71962
1.7937,0.2297,38.52,96,92,71965
1.7889,0.2199,38.55,96,92,71968
1.7937,0.2297,38.58,96,92,71972
1.7840,0.2151,38.58,96,92,71975
1.8328,0.2444,37.90,96,92,71979
1.7889,0.2297,38.52,96,92,71982
1.7693,0.2199,38.55,96,92,71986
1.7742,0.2297,38.55,96,92,71989
1.7693,0.2248,38.68,96,92,71992
1.8280,0.2444,38.40,96,92,71995
1.8035,0.2199,38.49,96,92,71999
1.7937,0.2199,38.55,96,92,72002
1.7986,0.2297,38.58,96,92,72005
1.7937,0.2151,38.62,96,92,72008
1.8524,0.2542,38.40,96,92,72012
1.8182,0.2297,38.55,96,92,72015
1.8280,0.2199,38.55,96,92,72018
1.8475,0.2199,38.58,96,92,72022
1.8573,0.2248,38.68,96,92,72026
1.9306,0.2444,38.43,96,92,72029
1.9110,0.2346,38.52,96,92,72032
1.9062,0.2248,38.55,96,92,72035
1.9159,0.2297,38.58,96,92,72039
1.9062,0.2248,38.68,96,92,72042
1.9599,0.2297,38.33,96,92,72045
1.9110,0.2102,38.49,96,92,72048
1.8915,0.2199,38.30,96,92,72052
1.8817,0.2297,38.55,96,92,72055
1.8573,0.2248,38.62,96,92,72058
1.9013,0.2444,38.05,96,92,72061
1.8426,0.2248,38.52,96,92,72066
1.8475,0.2199,38.58,96,92,72069
1.8377,0.2248,38.58,96,92,72072
1.8328,0.2493,38.62,96,92,72075
1.8964,0.2444,37.90,96,92,72079
1.8622,0.2297,38.49,96,92,72082
1.8426,0.2297,38.58,96,92,72085
1.8426,0.2395,38.58,96,92,72088
1.8231,0.2248,38.46,96,92,72092
1.8671,0.2444,38.33,96,92,72095
1.8133,0.2346,38.46,96,92,72098
1.8377,0.2199,38.58,96,92,72101
1.8133,0.2493,38.58,96,92,72105
1.8084,0.2248,38.58,96,92,72109
1.8719,0.2444,38.40,96,92,72112
1.8133,0.2248,38.49,96,92,72115
1.8035,0.2199,38.52,96,92,72119
1.8084,0.2297,38.55,96,92,72122
1.7937,0.2248,38.62,96,92,72125
1.8377,0.2444,38.36,96,92,72128
1.7986,0.2297,38.55,96,92,72132
1.7840,0.2199,38.62,96,92,72135
1.7937,0.2297,38.55,96,92,72138
1.7889,0.2199,38.58,96,92,72141
1.8377,0.2297,38.30,96,92,72145
1.7986,0.2297,38.49,96,92,72148
1.7889,0.2248,38.62,96,92,72152
1.7937,0.2297,38.65,96,92,72155
1.7889,0.2248,38.58,96,92,72159
1.8426,0.2297,38.33,96,92,72162
1.8035,0.2199,38.52,96,92,72165
1.8133,0.2248,38.58,96,92,72168
1.8231,0.2102,38.58,96,92,72172
1.8231,0.2248,38.58,96,92,72175
1.8817,0.2639,38.27,96,92,72178
1.8719,0.2297,38.49,96,92,72181
1.8866,0.2102,38.62,96,92,72185
1.8866,0.2102,38.52,96,92,72188
1.8622,0.2248,38.58,96,92,72192
1.9257,0.2346,38.30,96,92,72195
1.9599,0.2395,38.43,96,92,72199
1.9062,0.2297,38.58,96,92,72202
1.8964,0.2102,38.52,96,92,72206
1.8719,0.2444,38.62,96,92,72209
1.8719,0.2248,38.52,96,92,72212
1.9306,0.2395,38.46,96,92,72215
1.9062,0.2102,38.52,96,92,72219
1.9110,0.2248,38.52,96,92,72222
1.9159,0.2248,37.83,96,92,72225
1.9257,0.2248,38.62,96,92,72228
1.9941,0.2346,38.40,96,92,72232
1.9844,0.2395,38.52,96,92,72236
1.9844,0.2199,38.62,96,92,72239
1.9990,0.2297,38.58,96,92,72242
2.0088,0.2199,38.62,96,92,72246
2.0772,0.2395,38.43,96,92,72249
2.0870,0.2297,38.52,96,92,72252
2.0528,0.2199,38.52,96,92,72255
2.0430,0.2199,38.58,96,92,72258
2.0235,0.2248,38.58,96,92,72262
2.0674,0.2444,38.40,96,92,72265
1.9990,0.2590,38.46,96,92,72268
1.9550,0.2199,38.55,96,92,72271
1.9404,0.2297,38.55,96,92,72275
1.9062,0.2493,38.58,96,92,72279
1.9501,0.2493,38.43,96,92,72282
1.9013,0.2297,38.49,96,92,72285
1.8964,0.2199,38.55,96,92,72289
1.8817,0.2542,38.58,96,92,72292
1.8719,0.2248,38.58,96,92,72295
1.9453,0.2395,38.33,96,92,72298
1.8622,0.2248,38.52,96,92,72302
1.8377,0.2444,38.55,96,92,72305
1.8280,0.2297,38.58,96,92,72308
1.8182,0.2248,38.62,96,92,72311
1.8671,0.2444,38.36,96,92,72315
1.8182,0.2102,38.52,96,92,72318
1.8035,0.2199,38.96,96,92,72322
1.8084,0.2248,38.62,96,92,72325
1.8084,0.2248,38.58,96,92,72329
1.8622,0.2444,38.36,96,92,72332
1.8377,0.2297,38.46,96,92,72335
1.8524,0.2199,38.58,96,92,72338
1.9110,0.2297,38.58,96,92,72342
1.8768,0.2395,38.62,96,92,72345
1.9208,0.2444,38.40,96,92,72348
1.8573,0.2248,38.49,96,92,72351
1.8377,0.2346,38.55,96,92,72355
1.8377,0.2297,38.46,96,92,72358
1.8328,0.2248,38.62,96,92,72361
1.9355,0.2297,38.33,96,92,72365
1.9648,0.2199,38.49,96,92,72369
2.0528,0.2199,38.58,96,92,72372
2.1994,0.2297,38.74,96,92,72375
2.3705,0.2248,38.58,96,92,72378
2.6540,0.2444,38.30,96,92,72382
2.8446,0.2248,38.46,96,92,72385
3.0645,0.2199,38.58,96,92,72388
3.2209,0.2346,38.55,96,92,72391
3.2307,0.2248,38.55,96,92,72395
3.1623,0.2346,38.30,96,92,72398
2.8152,0.2297,38.55,96,92,72401
2.5073,0.2199,38.62,96,92,72404
2.2678,0.2199,38.55,96,92,72409
1.9941,0.2297,38.62,96,92,72412
1.8524,0.2346,38.71,96,92,72415
1.6618,0.2297,38.52,96,92,72418
1.5396,0.2151,38.62,96,92,72422
1.4712,0.2590,38.52,96,92,72425
1.4223,0.2248,38.71,96,92,72428
1.4321,0.2346,38.33,96,92,72431
1.3881,0.2248,38.49,96,92,72435
1.3881,0.2297,38.65,96,92,72438
1.4027,0.2297,38.49,96,92,72441
1.4223,0.2248,38.58,96,92,72444
1.4761,0.2395,38.30,96,92,72449
1.4565,0.2297,38.52,96,92,72452
1.4761,0.2248,38.68,96,92,72455
1.5005,0.2297,38.55,96,92,72458
1.5249,0.2248,38.62,96,92,72462
1.5787,0.2346,38.30,96,92,72465
1.5738,0.2297,38.49,96,92,72468
1.5982,0.2297,38.65,96,92,72471
1.6129,0.2297,38.55,96,92,72475
1.6080,0.2248,38.65,96,92,72478
1.6618,0.2395,38.30,96,92,72481
1.6227,0.2199,38.52,96,92,72484
1.6325,0.2199,38.58,96,92,72488
1.6471,0.2297,38.58,96,92,72492
1.6422,0.2199,38.62,96,92,72495
1.6911,0.2346,38.30,96,92,72498
1.6667,0.2248,38.49,96,92,72502
1.6764,0.2248,38.62,96,92,72505
1.7107,0.2297,38.55,96,92,72508
1.7351,0.2102,38.58,96,92,72511
1.7791,0.2444,38.30,96,92,72515
1.7546,0.2297,38.52,96,92,72518
1.7595,0.2248,38.58,96,92,72521
1.7302,0.2297,38.55,96,92,72524
1.7058,0.2248,38.58,96,92,72528
1.7400,0.2346,38.46,96,92,72531
1.7009,0.2248,38.49,96,92,72535
1.6911,0.2199,38.58,96,92,72538
1.6960,0.2297,38.55,96,92,72542
1.6862,0.2199,38.62,96,92,72545
1.7302,0.2639,38.33,96,92,72548
1.6911,0.2199,38.46,96,92,72551
1.7009,0.2248,38.62,96,92,72555
1.7400,0.2297,38.55,96,92,72558
1.7107,0.2542,38.58,96,92,72561
1.7595,0.2297,38.40,96,92,72564
1.7351,0.2297,38.49,96,92,72568
1.7253,0.2248,38.62,96,92,72571
1.7449,0.2346,38.52,96,92,72574
1.7400,0.2248,38.65,96,92,72578
1.7840,0.2444,38.33,96,92,72582
1.7546,0.2248,38.52,96,92,72585
1.7449,0.2248,38.58,96,92,72588
1.7693,0.2297,38.55,96,92,72591
1.7498,0.2444,38.62,96,92,72595
1.7986,0.2346,38.40,96,92,72598
1.7644,0.2199,38.55,96,92,72601
1.7937,0.2248,38.62,96,92,72604
1.7937,0.2297,38.55,96,92,72608
1.7840,0.2248,38.55,96,92,72611
1.8328,0.2346,38.33,96,92,72614
1.8182,0.2297,38.52,96,92,72617
1.8084,0.2542,38.58,96,92,72622
1.8328,0.2297,38.52,96,92,72625
1.8133,0.2248,38.58,96,92,72628
1.8524,0.2395,38.33,96,92,72631
1.8231,0.2493,38.62,96,92,72635
1.8231,0.2248,38.15,96,92,72638
1.8426,0.2297,38.55,96,92,72641
1.8280,0.2199,38.58,96,92,72644
1.8768,0.2297,38.43,96,92,72648
1.8426,0.2199,38.65,96,92,72651
1.8622,0.2199,38.58,96,92,72654
1.8866,0.2346,38.52,96,92,72657
1.8817,0.2444,38.58,96,92,72662
1.9404,0.2297,38.36,96,92,72665
1.9355,0.2297,38.52,96,92,72668
1.9355,0.2248,38.58,96,92,72671
1.9697,0.2297,38.49,96,92,72675
1.9453,0.2248,38.62,96,92,72678
1.9844,0.2199,38.33,96,92,72681
1.9355,0.2297,38.58,96,92,72684
1.9208,0.2248,38.58,96,92,72688
1.9355,0.2346,38.49,96,92,72691
1.9208,0.2248,38.58,96,92,72694
1.9453,0.2297,38.33,96,92,72697
1.8817,0.2248,38.65,96,92,72701
1.8671,0.2444,38.62,96,92,72705
1.8671,0.2297,38.77,96,92,72708
1.8328,0.2248,38.58,96,92,72711
1.8719,0.2297,38.33,96,92,72715
1.8475,0.2102,38.49,96,92,72718
1.8231,0.2248,38.46,96,92,72721
1.8426,0.2297,38.65,96,92,72724
1.8328,0.2248,38.55,96,92,72728
1.8622,0.2395,38.40,96,92,72731
1.8280,0.2248,38.52,96,92,72734
1.8280,0.2248,38.58,96,92,72737
1.8377,0.2346,38.52,96,92,72741
1.8231,0.2248,38.62,96,92,72744
1.8524,0.2297,38.40,96,92,72748
1.8182,0.2248,38.62,96,92,72751
1.8524,0.2199,38.58,96,92,72755
1.8377,0.2346,38.46,96,92,72758
1.8231,0.2248,38.62,96,92,72761
1.8622,0.2297,38.36,96,92,72764
1.8524,0.2297,38.46,96,92,72768
1.8426,0.2590,38.52,96,92,72771
1.8671,0.2395,38.49,96,92,72774
1.8426,0.2248,38.58,96,92,72777
1.9062,0.2297,38.43,96,92,72781
1.8377,0.2248,38.49,96,92,72784
1.8328,0.2199,37.99,96,92,72787
1.8573,0.2346,38.49,96,92,72791
1.8475,0.2248,38.55,96,92,72795
1.8915,0.2297,38.49,96,92,72798
1.8622,0.2248,38.65,96,92,72801
1.8622,0.2248,38.62,96,92,72804
1.9013,0.2346,38.49,95,92,72808
1.8768,0.2346,38.62,95,92,72811
1.8622,0.2199,38.58,95,92,72814
1.9159,0.2346,38.30,95,92,72818
1.8817,0.2248,38.49,95,92,72821
1.8768,0.2248,38.62,95,92,72824
1.8915,0.2297,38.71,95,92,72827
1.8866,0.2248,38.62,95,92,72832
1.9501,0.2444,38.30,95,92,72835
1.9208,0.2297,38.55,95,92,72838
1.9404,0.2248,38.58,95,92,72841
1.9599,0.2297,38.55,95,92,72845
1.9404,0.2346,38.58,95,92,72848
1.9746,0.2346,38.40,95,92,72851
1.9355,0.2199,38.49,95,92,72854
1.9208,0.2248,38.58,95,92,72858
1.9453,0.2297,38.58,95,92,72861
1.9453,0.2102,38.58,95,92,72864
1.9941,0.2346,38.33,95,92,72867
1.9648,0.2248,38.52,95,92,72871
1.9599,0.2297,38.55,95,92,72875
1.9648,0.2248,38.55,95,92,72878
1.9453,0.2248,38.58,95,92,72881
1.9795,0.2297,38.33,95,92,72885
1.9306,0.2102,38.55,95,92,72888
1.9110,0.2297,38.62,95,92,72891
1.9062,0.2297,38.71,95,92,72894
1.8817,0.2248,38.58,95,92,72898
1.9159,0.2346,38.33,95,92,72901
1.8768,0.2297,38.49,95,92,72904
1.8524,0.2248,38.55,95,92,72907
1.8622,0.2297,38.55,95,92,72911
1.8377,0.2248,38.58,95,92,72914
1.8671,0.2346,38.33,95,92,72918
1.8231,0.2395,38.55,95,92,72921
1.7937,0.2248,37.80,95,92,72925
1.7889,0.2102,38.52,95,92,72928
1.7742,0.2248,38.58,95,92,72931
1.8280,0.2346,38.36,95,92,72934
1.7986,0.2199,38.55,95,92,72938
1.8133,0.2199,38.58,95,92,72941
1.8328,0.2297,38.40,95,92,72944
1.8133,0.2248,38.58,95,92,72947
1.8817,0.2346,38.33,95,92,72951
1.8328,0.2297,38.55,95,92,72954
1.8133,0.2248,38.68,95,92,72957
1.8280,0.2297,38.46,95,92,72961
1.8035,0.2248,38.58,95,92,72965
1.8377,0.2346,38.33,95,92,72968
1.8133,0.2297,38.84,95,92,72971
1.8231,0.2248,38.62,95,92,72974
1.8671,0.2346,38.55,95,92,72978
1.8866,0.2248,38.62,95,92,72981
1.9795,0.2297,38.33,95,92,72984
2.0039,0.2199,38.58,95,92,72987
2.1065,0.2248,38.43,95,92,72991
2.2727,0.2297,38.40,95,92,72994
2.4438,0.2199,38.58,95,92,72997
2.7224,0.2346,38.36,95,92,73000
2.9277,0.2297,38.46,95,92,73005
3.1183,0.2199,38.58,95,92,73008
3.3040,0.2346,38.49,95,92,73011
3.2845,0.2248,38.58,95,92,73014
3.1965,0.2297,37.59,95,92,73018
2.8641,0.2248,38.52,95,92,73021
2.5269,0.2248,38.58,95,92,73024
2.2434,0.2297,38.71,95,92,73027
1.9550,0.2248,38.58,95,92,73031
1.7742,0.2346,38.36,95,92,73034
1.5885,0.2297,38.62,95,92,73037
1.4761,0.2248,38.62,95,92,73040
1.4125,0.2297,38.52,95,92,73044
1.3636,0.2248,38.62,95,92,73048
1.3783,0.2346,38.36,95,92,73051
1.3294,0.2395,38.49,95,92,73054
1.3245,0.2199,38.62,95,92,73058
1.3539,0.2297,38.52,95,92,73061
1.3587,0.2199,38.62,95,92,73064
1.4174,0.2297,38.40,95,92,73067
1.4174,0.2248,38.55,95,92,73071
1.4321,0.2248,38.62,95,92,73074
1.4614,0.2297,38.55,95,92,73077
1.4614,0.2248,38.52,95,92,73080
1.5005,0.2248,38.40,95,92,73084
1.5249,0.2248,38.62,95,92,73088
1.5152,0.2199,38.58,95,92,73091
1.5445,0.2297,38.52,95,92,73094
1.5347,0.2248,38.58,95,92,73098
1.5738,0.2297,38.36,95,92,73101
1.5640,0.2248,38.49,95,92,73104
1.5640,0.2199,38.58,95,92,73107
1.5836,0.2346,38.49,95,92,73111
1.5885,0.2151,38.62,95,92,73114
1.6471,0.2248,38.46,95,92,73117
1.6471,0.2248,38.55,95,92,73120
1.6569,0.2199,38.58,95,92,73124
1.6667,0.2297,38.49,95,92,73127
1.6569,0.2199,38.58,95,92,73131
1.6862,0.2248,38.30,95,92,73134
1.6667,0.2444,38.62,95,92,73138
1.6911,0.2199,38.27,95,92,73141
1.7400,0.2297,38.49,95,92,73144
1.7595,0.2199,38.58,95,92,73147
1.7889,0.2444,38.40,95,92,73151
1.7644,0.2248,38.46,95,92,73154
1.7595,0.2199,38.62,95,92,73157
1.7840,0.2346,38.46,95,92,73160
1.7791,0.2297,38.55,95,92,73164
1.8084,0.2248,38.40,95,92,73167
1.7644,0.2199,38.55,95,92,73170
1.7644,0.2102,38.62,95,92,73174
1.7644,0.2542,38.49,95,92,73178
1.7400,0.2248,38.58,95,92,73181
1.7400,0.2248,38.43,95,92,73184
1.6862,0.2248,38.68,95,92,73187
1.6764,0.2199,38.62,95,92,73191
1.7107,0.2297,38.49,95,92,73194
1.7155,0.2248,38.58,95,92,73197
1.7595,0.2395,38.40,95,92,73200
1.7693,0.2248,38.49,95,92,73204
1.7889,0.2199,38.58,95,92,73207
1.7986,0.2297,38.43,95,92,73210
1.7644,0.2248,38.62,95,92,73213
1.7791,0.2248,38.40,95,92,73218
1.7498,0.1906,38.58,95,92,73221
1.7595,0.2297,38.58,95,92,73224
1.7937,0.2248,38.46,95,92,73227
1.8035,0.2199,38.58,95,92,73231
1.8377,0.2151,38.40,95,92,73234
1.8035,0.2199,38.58,95,92,73237
1.8035,0.2199,38.62,95,92,73240
1.8231,0.2199,38.49,95,92,73244
1.8035,0.2248,38.62,95,92,73247
1.8182,0.2248,38.49,95,92,73250
1.7986,0.2199,38.52,95,92,73253
1.8231,0.2248,38.68,95,92,73257
1.8573,0.2297,38.49,95,92,73261
1.8524,0.2199,38.55,95,92,73264
1.8964,0.2248,38.43,95,92,73267
1.8866,0.2199,38.55,95,92,73271
1.9062,0.2444,38.62,95,92,73274
1.9306,0.2248,38.49,95,92,73277
1.9257,0.2248,38.58,95,92,73280
1.9550,0.2395,38.46,95,92,73284
1.9257,0.2639,38.58,95,92,73287
1.9306,0.2199,37.87,95,92,73290
1.9648,0.2297,38.49,95,92,73293
1.9355,0.2248,38.58,95,92,73297
1.9892,0.2346,38.43,95,92,73300
1.9648,0.2199,38.52,95,92,73304
1.9550,0.2199,38.58,95,92,73307
1.9599,0.2199,38.49,95,92,73311
1.9550,0.2248,38.58,95,92,73314
1.9892,0.2199,38.43,95,92,73317
1.9550,0.2151,38.55,95,92,73320
1.9501,0.2248,38.58,95,92,73324
1.9453,0.2248,38.55,95,92,73327
1.9404,0.2248,38.58,95,92,73330
1.9306,0.2248,38.46,95,92,73333
1.9062,0.2199,38.65,95,92,73337
1.9159,0.2199,38.62,95,92,73340
1.9501,0.2248,38.46,95,92,73344
1.9159,0.2248,38.58,95,92,73347
1.9355,0.2248,38.49,95,92,73351
1.8866,0.2102,38.52,95,92,73354
1.8719,0.2199,38.58,95,92,73357
1.8671,0.2248,38.46,95,92,73360
1.8377,0.2248,38.58,95,92,73364
1.8573,0.2199,38.46,95,92,73367
1.8035,0.2199,38.84,95,92,73370
1.7986,0.2199,38.68,95,92,73373
1.8231,0.2248,38.52,95,92,73377
1.8231,0.2248,38.55,95,92,73380
1.8524,0.2297,38.58,95,92,73383
1.8280,0.2199,38.65,95,92,73387
1.8377,0.1906,38.58,95,92,73391
1.8768,0.2346,38.46,95,92,73394
1.8671,0.2248,38.58,95,92,73397
1.9062,0.2297,38.49,95,92,73400
1.9013,0.2199,38.58,95,92,73404
1.8817,0.2199,38.58,95,92,73407
1.9013,0.2248,38.49,95,92,73410
1.8817,0.2248,38.55,95,92,73413
1.8817,0.2297,38.49,95,92,73417
1.8573,0.2199,38.62,95,92,73420
1.9257,0.2199,38.40,95,92,73424
1.9355,0.2199,38.58,95,92,73428
1.9795,0.2102,38.49,95,92,73432
1.9697,0.2248,38.58,95,92,73435
2.0137,0.2248,38.40,95,92,73438
1.9697,0.2199,38.49,95,92,73442
1.9453,0.2493,38.55,95,92,73445
1.9697,0.2199,38.46,95,92,73448
1.9697,0.2199,38.58,95,92,73451
2.0283,0.2248,38.43,95,92,73455
2.0137,0.2199,38.52,95,92,73458
2.0283,0.2199,38.77,95,92,73461
2.0626,0.2102,38.49,95,92,73464
2.0626,0.2199,38.52,95,92,73468
2.0968,0.2248,38.40,95,92,73472
2.0332,0.2199,38.55,95,92,73475
1.9990,0.2199,38.65,95,92,73478
2.0088,0.2199,38.49,95,92,73482
1.9844,0.2248,38.68,95,92,73485
2.0235,0.2248,37.80,95,92,73488
1.9990,0.2102,38.55,95,92,73491
1.9746,0.2199,38.52,95,92,73495
1.9746,0.2248,38.68,95,92,73498
1.9501,0.2199,38.62,95,92,73501
1.9599,0.2248,38.43,95,92,73504
1.8964,0.2199,37.96,95,92,73508
1.8622,0.2199,38.58,95,92,73511
1.8817,0.2248,38.52,95,92,73515
1.8426,0.2199,38.58,95,92,73518
1.8719,0.2199,38.43,95,92,73522
1.8426,0.2199,38.62,95,92,73525
1.8573,0.2199,38.68,95,92,73528
1.8817,0.2297,38.49,95,92,73531
1.8377,0.2248,38.55,95,92,73535
1.8475,0.2248,38.46,95,92,73538
1.7889,0.2199,38.55,95,92,73541
1.7840,0.2248,38.62,95,92,73544
1.7937,0.2248,38.46,95,92,73548
1.7840,0.2199,38.74,95,92,73551
1.8035,0.2199,38.46,95,92,73554
1.7693,0.2151,38.55,95,92,73558
1.7693,0.2151,38.58,95,92,73562
1.7791,0.2248,38.55,95,92,73565
1.7644,0.2199,38.58,95,92,73568
1.7791,0.2199,38.46,95,92,73571
1.7498,0.2199,38.58,95,92,73575
1.7595,0.2199,38.62,95,92,73578
1.7986,0.2297,38.46,95,92,73581
1.7889,0.2199,38.58,95,92,73584
1.8328,0.2248,38.46,95,92,73588
1.8377,0.2151,38.58,95,92,73591
1.8866,0.2199,38.62,95,92,73594
1.9550,0.2248,37.68,95,92,73597
2.0137,0.2102,38.58,95,92,73602
2.1799,0.2199,38.46,95,92,73605
2.3265,0.2199,38.58,95,92,73608
2.5562,0.2199,38.62,95,92,73611
2.8250,0.2248,38.55,95,92,73615
3.0596,0.2199,38.58,95,92,73618
3.3138,0.2199,38.46,95,92,73621
3.3724,0.2248,38.58,95,92,73624
3.3040,0.2199,38.65,95,92,73628
3.1134,0.2297,38.49,95,92,73631
2.7322,0.2248,38.58,95,92,73634
2.4145,0.2493,38.49,95,92,73637
2.0772,0.2151,38.05,95,92,73641
1.8280,0.2102,38.55,95,92,73645
1.6520,0.2199,38.49,95,92,73648
1.5005,0.2199,38.58,95,92,73651
1.4174,0.2297,38.52,95,92,73655
1.3392,0.2199,38.71,95,92,73658
1.3196,0.2199,38.62,95,92,73661
1.3294,0.2199,38.55,95,92,73664
1.3294,0.2151,38.58,95,92,73668
1.3832,0.2297,38.52,95,92,73671
1.4027,0.2199,38.71,95,92,73674
1.4565,0.2102,38.58,95,92,73677
1.4809,0.2297,38.46,95,92,73681
1.4761,0.2199,38.62,95,92,73684
1.5005,0.2297,38.49,95,92,73688
1.5445,0.2199,38.58,95,92,73691
1.5396,0.2199,38.55,95,92,73695
1.5836,0.2297,37.71,95,92,73698
1.5934,0.2199,38.58,95,92,73701
1.6276,0.2297,38.43,95,92,73704
1.6129,0.2199,38.62,95,92,73707
1.6227,0.2199,38.62,95,92,73711
1.6373,0.2199,38.55,95,92,73714
1.6227,0.2151,38.62,95,92,73717
1.6422,0.2297,37.74,95,92,73721
1.6178,0.2199,38.58,95,92,73724
1.6569,0.2199,38.62,95,92,73728
1.6618,0.2395,38.46,95,92,73731
1.6373,0.2248,38.58,95,92,73735
1.6569,0.2297,38.46,95,92,73738
1.6471,0.2199,38.65,95,92,73741
1.6716,0.2248,38.58,95,92,73744
1.7107,0.2542,38.52,95,92,73748
1.7009,0.2151,38.58,95,92,73751
1.7400,0.2199,38.43,95,92,73754
1.7107,0.2199,38.52,95,92,73757
1.7155,0.2199,38.65,95,92,73761
1.7302,0.2248,38.55,95,92,73764
1.7253,0.2248,38.58,95,92,73767
1.7449,0.2248,38.58,95,92,73771
1.7204,0.2199,38.68,95,92,73775
1.7498,0.2102,38.58,95,92,73778
1.7644,0.2444,38.46,95,92,73781
1.7546,0.2248,38.62,95,92,73784
1.7937,0.2248,38.46,95,92,73788
1.7742,0.2199,38.58,95,92,73791
1.7791,0.2151,38.62,95,92,73794
1.8133,0.2297,38.49,95,92,73797
1.8133,0.2199,38.68,95,92,73801
1.8573,0.2248,38.43,95,92,73804
1.8377,0.2199,38.68,95,92,73807
1.8377,0.2151,38.58,95,92,73810
1.8377,0.2248,38.58,95,92,73815
1.7986,0.2199,38.58,95,92,73818
1.7840,0.2297,38.43,95,92,73821
1.7302,0.2199,38.62,95,92,73824
1.7204,0.2199,38.68,95,92,73828
1.7498,0.2346,38.43,95,92,73831
1.7302,0.2102,38.58,95,92,73834
1.7546,0.2248,38.46,95,92,73837
1.7351,0.2199,38.58,95,92,73841
1.7400,0.2102,38.58,95,92,73844
1.7742,0.2493,38.49,95,92,73847
1.7595,0.2248,38.68,95,92,73850
1.7889,0.2248,38.46,95,92,73854
1.7889,0.2151,38.62,95,92,73858
1.8035,0.2248,38.58,95,92,73861
1.8035,0.2297,38.58,95,92,73864
1.7840,0.2199,38.58,95,92,73868
1.8133,0.2248,38.46,95,92,73871
1.7937,0.2199,38.68,95,92,73874
1.8035,0.2199,38.62,95,92,73877
1.8524,0.2346,38.43,95,92,73881
1.8328,0.2199,38.58,95,92,73884
1.8573,0.2248,38.52,95,92,73887
1.8426,0.2199,38.62,95,92,73890
1.8426,0.2248,38.58,95,92,73894
1.8719,0.2248,38.49,95,92,73897
1.8573,0.2248,38.68,95,92,73901
1.8866,0.2102,38.46,95,92,73904
1.8671,0.2248,38.58,95,92,73908
1.8719,0.2199,38.62,95,92,73911
1.9013,0.2297,38.43,95,92,73914
1.8866,0.2248,38.55,95,92,73917
1.9013,0.2297,38.46,95,92,73921
1.8817,0.2199,38.62,95,92,73924
1.8915,0.2199,38.58,95,92,73927
1.9306,0.2346,38.43,95,92,73930
1.9208,0.2248,38.55,95,92,73934
1.9110,0.2248,38.46,95,92,73937
1.8915,0.2199,38.58,95,92,73940
1.9257,0.2151,38.62,95,92,73944
1.9355,0.2248,38.46,95,92,73948
1.9208,0.2297,38.58,95,92,73951
1.9453,0.2248,38.46,95,92,73954
1.9501,0.2199,38.62,95,92,73957
1.9159,0.2151,38.58,95,92,73961
1.9257,0.2297,38.55,95,92,73964
1.8866,0.2248,38.58,95,92,73967
1.8768,0.2199,38.52,95,92,73970
1.8622,0.2199,38.58,95,92,73974
1.8426,0.2199,38.62,95,92,73977
1.8817,0.2297,38.43,95,92,73980
1.8524,0.2248,38.58,95,92,73984
1.8573,0.2199,38.46,95,92,73988
1.8280,0.2444,38.62,95,92,73991
1.8182,0.2199,38.65,95,92,73994
1.8280,0.2297,38.46,95,92,73997
1.8035,0.2199,38.55,95,92,74001
1.8084,0.2199,38.46,95,92,74004
1.7889,0.2248,38.55,95,92,74007
1.7889,0.2199,38.58,95,92,74010
1.8133,0.2346,38.49,95,92,74014
1.7937,0.2248,38.46,95,92,74017
1.7986,0.2199,38.46,95,92,74020
1.7889,0.2248,38.58,95,92,74023
1.7937,0.2151,38.58,95,92,74028
1.8377,0.2297,38.40,95,92,74031
1.8524,0.2248,38.49,95,92,74035
1.8377,0.2248,38.58,95,92,74039
1.8671,0.2199,38.46,95,92,74042
1.8426,0.2199,38.58,95,92,74045
1.8573,0.2199,38.58,95,92,74048
1.8719,0.2248,38.55,95,92,74052
1.8768,0.2199,38.65,95,92,74055
1.9159,0.2248,38.46,95,92,74058
1.8915,0.2199,38.58,95,92,74061
1.8915,0.2248,38.62,95,92,74065
1.9306,0.2297,38.49,95,92,74068
1.9062,0.2248,38.58,95,92,74072
1.9404,0.2346,38.49,95,92,74075
1.9159,0.2151,38.81,95,92,74079
1.9306,0.1906,38.62,95,92,74082
1.9599,0.2248,38.46,95,92,74085
1.9550,0.2248,38.62,95,92,74088
1.9941,0.2297,38.49,95,92,74092
1.9697,0.2199,38.62,95,92,74095
1.9844,0.2199,38.68,95,92,74098
2.0137,0.2248,38.52,95,92,74101
2.0381,0.2297,38.55,95,92,74105
2.0479,0.2297,38.43,95,92,74108
2.0332,0.2199,38.62,95,92,74112
2.0430,0.2199,38.58,95,92,74115
2.0870,0.2297,38.43,95,92,74119
2.0381,0.2248,38.58,95,92,74122
2.0088,0.2297,38.46,95,92,74125
1.9159,0.2199,38.62,95,92,74128
1.8573,0.2102,38.62,95,92,74132
1.8426,0.2346,38.49,95,92,74135
1.7937,0.2248,38.52,95,92,74138
1.8035,0.2248,38.43,95,92,74141
1.7742,0.2199,38.58,95,92,74145
1.7742,0.2297,38.58,95,92,74148
1.7937,0.2297,38.55,95,92,74151
1.7644,0.2248,38.58,95,92,74155
1.7840,0.2248,38.46,95,92,74159
1.7498,0.2493,38.62,95,92,74162
1.7449,0.2199,38.62,95,92,74165
1.7644,0.2297,38.43,95,92,74168
1.7449,0.2248,38.58,95,92,74172
1.7742,0.2248,38.46,95,92,74175
1.7498,0.2199,38.62,95,92,74178
1.7498,0.2199,38.62,95,92,74181
1.7693,0.2297,38.52,95,92,74185
1.7498,0.2199,38.58,95,92,74188
1.7693,0.2248,38.46,95,92,74191
1.7400,0.2248,38.58,95,92,74194
1.7400,0.2199,38.62,95,92,74199
1.7595,0.2346,38.52,95,92,74202
1.7546,0.2248,38.65,95,92,74205
1.7937,0.2102,38.43,95,92,74208
1.8133,0.2199,38.58,95,92,74212
1.8475,0.2199,38.52,95,92,74215
1.9453,0.2297,38.43,95,92,74218
2.0088,0.2248,38.58,95,92,74221
2.1603,0.2297,38.46,95,92,74225
2.3069,0.2199,38.62,95,92,74228
2.5220,0.2102,38.58,95,92,74231
2.7957,0.2297,38.49,95,92,74234
3.0059,0.2248,38.55,95,92,74238
3.2307,0.2248,38.46,95,92,74242
3.2845,0.2248,37.93,95,92,74245
3.2258,0.2199,38.62,95,92,74248
3.0401,0.2297,38.49,95,92,74252
2.7077,0.2248,38.65,95,92,74255
2.4291,0.2248,38.46,95,92,74258
2.1359,0.2248,38.58,95,92,74261
1.9208,0.2199,38.62,95,92,74265
1.7840,0.2297,38.43,95,92,74268
1.6422,0.2248,38.55,95,92,74271
1.5689,0.2199,38.46,95,92,74274
1.5005,0.2248,38.65,95,92,74278
1.4614,0.2248,38.62,95,92,74281
1.4467,0.2346,38.46,95,92,74285
1.4076,0.2590,38.55,95,92,74288
1.4027,0.2248,38.49,95,92,74292
1.3978,0.2102,38.58,95,92,74295
1.4321,0.2248,38.58,95,92,74298
1.4712,0.2297,38.46,95,92,74301
1.4516,0.2248,38.58,95,92,74305
1.4663,0.2248,38.46,95,92,74308
1.4614,0.2248,38.62,95,92,74311
1.4761,0.2199,38.65,95,92,74314
1.5249,0.2297,38.43,95,92,74318
1.5249,0.2297,38.58,95,92,74321
1.5494,0.2248,38.49,95,92,74324
1.5543,0.2199,38.58,95,92,74328
1.5689,0.2199,38.58,95,92,74332
1.6080,0.2297,38.43,95,92,74335
1.5982,0.2248,38.62,95,92,74338
1.6178,0.2199,38.49,95,92,74341
1.6276,0.2248,38.62,95,92,74345
1.6373,0.2248,38.58,95,92,74348
1.6764,0.2248,38.55,95,92,74351
1.6618,0.2248,38.55,95,92,74354
1.6716,0.2248,38.52,95,92,74358
1.6618,0.2248,38.62,95,92,74361
1.6618,0.2102,38.58,95,92,74364
1.6960,0.2297,38.40,95,92,74368
1.6813,0.2297,38.55,95,92,74372
1.6813,0.2199,38.46,95,92,74375
1.6862,0.2297,38.62,95,92,74378
1.6862,0.2199,38.52,95,92,74381
1.7302,0.2297,38.46,95,92,74385
1.7058,0.2248,38.58,95,92,74388
1.7155,0.2199,38.49,95,92,74391
1.7155,0.2248,38.58,95,92,74394
1.7204,0.2248,38.62,95,92,74398
1.7498,0.2346,38.46,95,92,74401
1.7204,0.2248,38.55,95,92,74404
1.7302,0.2199,38.55,95,92,74407
1.7253,0.2248,38.36,95,92,74412
1.7400,0.2199,38.62,95,92,74415
1.7742,0.2346,38.40,95,92,74418
1.7546,0.2297,38.58,95,92,74421
1.7644,0.2199,38.49,95,92,74425
1.7644,0.2102,38.58,95,92,74428
1.7742,0.2199,38.62,95,92,74431
1.8426,0.2297,38.46,95,92,74434
1.8426,0.2297,38.55,95,92,74438
1.8475,0.2297,38.49,95,92,74441
1.8182,0.2199,38.62,95,92,74444
1.7889,0.2199,38.58,95,92,74447
1.8084,0.2346,38.46,95,92,74451
1.8084,0.2102,38.55,95,92,74455
1.7791,0.2199,38.43,95,92,74458
1.7742,0.2248,38.58,95,92,74461
1.7644,0.2199,38.62,95,92,74465
1.8133,0.2346,38.46,95,92,74468
1.7595,0.2297,38.55,95,92,74471
1.7498,0.2199,38.62,95,92,74474
1.7449,0.2248,38.58,95,92,74478
1.7498,0.2102,38.62,95,92,74481
1.8084,0.2444,38.43,95,92,74484
1.7937,0.2297,38.40,95,92,74487
1.8035,0.1906,38.52,95,92,74491
1.8133,0.2395,38.62,95,92,74494
1.8133,0.2297,38.58,95,92,74498
1.8524,0.2395,38.43,95,92,74501
1.8328,0.2297,38.52,95,92,74505
1.8377,0.2444,38.55,95,92,74508
1.8377,0.2542,38.62,95,92,74511
1.8475,0.2248,38.62,95,92,74514
1.8964,0.2297,38.40,95,92,74518
1.8768,0.2199,38.52,95,92,74521
1.8671,0.2199,38.65,95,92,74524
1.8622,0.2248,38.58,95,92,74527
1.8719,0.2248,38.58,95,92,74531
1.9013,0.2493,38.43,95,92,74534
1.8573,0.2297,38.55,95,92,74537
1.8377,0.2199,38.52,95,92,74541
1.8280,0.2199,38.58,95,92,74545
1.8133,0.2444,38.62,95,92,74548
1.8622,0.2395,38.52,95,92,74551
1.8328,0.2297,38.55,95,92,74554
1.8280,0.2199,38.52,95,92,74558
1.8231,0.2248,38.55,95,92,74561
1.8182,0.2248,38.62,95,92,74564
1.8671,0.2297,38.40,95,92,74567
1.8328,0.2297,38.55,95,92,74571
1.8182,0.2151,38.49,95,92,74574
1.8084,0.2248,38.43,95,92,74577
1.8035,0.2199,38.68,95,92,74580
1.8475,0.2493,38.43,95,92,74585
1.8182,0.2297,38.43,95,92,74588
1.8182,0.2199,38.55,95,92,74591
1.8377,0.2199,38.58,95,92,74594
1.8377,0.2248,38.62,95,92,74598
1.8915,0.2444,38.40,95,92,74601
1.8622,0.2297,38.49,95,92,74604
1.8475,0.2199,38.55,95,92,74607
1.8866,0.2248,38.58,95,92,74611
1.8426,0.2248,38.71,95,92,74614
1.8866,0.2297,38.43,95,92,74617
1.8377,0.2297,38.52,95,92,74620
1.7986,0.2248,38.52,95,92,74625
1.7742,0.2248,38.62,95,92,74628
1.7644,0.2199,38.62,95,92,74631
1.8133,0.2493,38.40,95,92,74634
1.7693,0.2297,38.49,95,92,74638
1.7644,0.2199,38.11,95,92,74641
1.7644,0.2297,38.55,95,92,74644
1.7791,0.2297,38.62,95,92,74649
1.7840,0.2199,38.68,95,92,74652
1.8280,0.2346,38.43,95,92,74655
1.8182,0.2102,38.55,95,92,74658
1.8328,0.2248,38.46,95,92,74662
1.8328,0.2248,38.58,95,92,74665
1.8328,0.2248,38.58,95,92,74669
1.8573,0.2297,38.49,95,92,74672
1.8426,0.2248,38.55,95,92,74676
1.8524,0.2297,38.46,95,92,74679
1.8377,0.2346,38.58,95,92,74682
1.8377,0.2248,38.58,95,92,74685
1.8671,0.2297,38.52,95,92,74689
1.8524,0.2297,38.55,95,92,74692
1.8622,0.2297,38.46,95,92,74695
1.8524,0.2346,38.52,95,92,74698
1.8622,0.2248,38.58,95,92,74702
1.9257,0.2346,38.43,95,92,74705
1.8915,0.2199,38.55,95,92,74708
1.9257,0.2248,38.43,95,92,74712
1.9257,0.2248,38.58,95,92,74716
1.9697,0.2248,38.58,95,92,74719
1.9941,0.2395,38.55,95,92,74722
1.9844,0.2297,38.43,95,92,74725
1.9990,0.2248,38.49,95,92,74729
1.9746,0.2248,38.58,95,92,74732
1.9599,0.2248,38.58,95,92,74735
1.9795,0.2346,38.52,95,92,74738
1.9453,0.2297,38.58,95,92,74742
1.9306,0.2346,38.46,95,92,74745
1.9013,0.2248,38.84,95,92,74748
1.8866,0.2248,38.58,95,92,74752
1.9208,0.2346,38.43,95,92,74756
1.8671,0.2395,38.55,95,92,74759
1.8622,0.2248,38.55,95,92,74762
1.8231,0.2248,38.58,95,92,74765
1.7986,0.2297,38.62,95,92,74769
1.8084,0.2346,38.49,95,92,74772
1.7693,0.2297,38.55,95,92,74775
1.7546,0.2297,38.46,95,92,74778
1.7302,0.2444,38.62,95,92,74782
1.7204,0.2248,38.62,95,92,74785
1.7498,0.2395,38.49,95,92,74788
1.7449,0.2297,38.55,95,92,74791
1.7400,0.2248,37.56,95,92,74796
1.7546,0.2248,38.58,95,92,74799
1.7840,0.2102,38.58,95,92,74802
1.8768,0.2346,38.40,95,92,74805
1.9110,0.2297,38.52,95,92,74809
1.9697,0.2346,38.49,95,92,74812
2.0235,0.2346,38.58,95,92,74815
2.0723,0.2199,38.62,95,92,74818
2.1701,0.2395,38.43,95,92,74822
2.1994,0.2297,38.55,95,92,74825
2.2678,0.2199,38.49,95,92,74828
2.3705,0.2199,38.58,95,92,74831
2.4242,0.2248,38.62,95,92,74835
2.6100,0.2395,38.55,95,92,74839
2.7224,0.2297,38.52,95,92,74842
2.9081,0.2248,38.55,95,92,74845
3.1281,0.2248,38.55,95,92,74849
3.3187,0.2248,38.62,95,92,74852
3.4164,0.2346,38.40,95,92,74855
3.2307,0.2346,38.52,95,92,74858
2.8543,0.2199,38.55,95,92,74862
2.4194,0.2248,38.58,95,92,74865
1.9501,0.2346,38.58,95,92,74868
1.5787,0.2395,38.52,95,92,74871
1.2512,0.2297,38.55,95,92,74875
1.0997,0.2297,38.52,95,92,74878
1.0606,0.2297,38.55,95,92,74882
1.0850,0.2248,38.58,95,92,74885
1.1779,0.2444,38.40,95,92,74889
1.2072,0.2297,38.52,95,92,74892
1.2561,0.2248,38.52,95,92,74895
1.3148,0.2248,38.58,95,92,74898
1.3441,0.2248,38.62,95,92,74902
1.4223,0.2444,38.43,95,92,74905
1.4125,0.2297,38.49,95,92,74908
1.4272,0.2248,38.55,95,92,74911
1.4614,0.2248,38.52,95,92,74915
1.4907,0.2248,38.62,95,92,74918
1.5738,0.2395,38.43,95,92,74921
1.5396,0.2395,38.49,95,92,74925
1.5298,0.2199,38.52,95,92,74929
1.5200,0.2248,38.58,95,92,74932
1.5494,0.2102,38.62,95,92,74935
1.5591,0.2444,38.36,95,92,74938
1.5152,0.2297,38.62,95,92,74942
1.5054,0.2102,38.55,95,92,74945
1.5054,0.2248,38.58,95,92,74948
1.5005,0.2248,38.62,95,92,74951
1.5885,0.2395,38.36,95,92,74955
1.5494,0.2346,38.49,95,92,74958
1.5591,0.2199,38.52,95,92,74961
1.5738,0.2297,38.58,95,92,74964
1.5787,0.2248,38.58,95,92,74969
1.6325,0.2493,38.36,95,92,74972
1.5982,0.2346,38.52,95,92,74975
1.5934,0.2199,38.58,95,92,74978
1.6031,0.2248,38.55,95,92,74982
1.6129,0.2248,38.58,95,92,74985
1.6373,0.2786,38.33,95,92,74988
1.6031,0.2297,38.52,95,92,74991
1.5982,0.2102,38.58,95,92,74995
1.6080,0.2346,38.58,95,92,74998
1.6080,0.2248,38.58,95,92,75001
1.6813,0.2395,38.30,95,92,75004
1.6227,0.2248,38.46,95,92,75009
1.6178,0.2199,38.55,95,92,75012
1.6325,0.2297,38.58,95,92,75015
1.6276,0.2102,38.62,95,92,75018
1.6813,0.2835,38.30,95,92,75022
1.6422,0.2248,38.90,95,92,75025
1.6422,0.2199,38.58,95,92,75028
1.6520,0.2199,38.58,95,92,75031
1.6520,0.2395,38.58,95,92,75035
1.7107,0.2444,38.33,95,92,75038
1.6911,0.2297,38.52,95,92,75041
1.6911,0.2248,38.68,95,92,75044
1.7107,0.2346,38.55,95,92,75048
1.7107,0.2248,38.65,95,92,75052
1.7693,0.2395,38.33,95,92,75055
1.7498,0.2248,38.46,95,92,75058
1.7644,0.2248,38.62,95,92,75062
1.7986,0.2297,38.62,95,92,75065
1.8231,0.2248,38.58,95,92,75068
1.8964,0.2346,38.33,95,92,75071
1.8768,0.2248,38.52,95,92,75075
1.8915,0.2199,38.71,95,92,75078
1.9110,0.2297,38.58,95,92,75081
1.9208,0.2199,38.62,95,92,75084
1.9990,0.2444,38.33,95,92,75088
1.9697,0.2297,38.52,95,92,75091
1.9453,0.2199,38.62,95,92,75095
1.9501,0.2297,38.55,95,92,75098
1.9257,0.2248,38.58,95,92,75102
1.9795,0.2297,38.30,95,92,75105
1.9404,0.2297,38.49,95,92,75108
1.9453,0.2151,38.62,95,92,75111
1.9648,0.2297,38.52,95,92,75115
1.9697,0.2248,38.62,95,92,75118
2.0430,0.2346,38.30,95,92,75121
1.9892,0.2297,38.55,95,92,75124
1.9892,0.2248,38.55,95,92,75128
1.9941,0.2297,38.58,95,92,75131
1.9844,0.2248,38.58,95,92,75134
2.0381,0.2346,38.30,95,92,75138
2.0039,0.2297,38.43,95,92,75142
2.0088,0.2102,38.62,95,92,75145
1.9844,0.2297,38.55,95,92,75148
1.9648,0.2248,38.55,95,92,75151
2.0088,0.2297,38.30,95,92,75155
1.9599,0.2346,38.49,95,92,75158
1.9453,0.2248,38.58,95,92,75161
1.9404,0.2297,38.55,95,92,75164
1.9257,0.2199,38.65,95,92,75168
1.9550,0.2346,38.30,95,92,75171
1.9062,0.2493,38.52,95,92,75174
1.9062,0.2248,38.68,95,92,75177
1.9208,0.2297,38.55,95,92,75182
1.9013,0.2248,38.62,95,92,75185
1.9501,0.2346,38.24,95,92,75188
1.9110,0.2297,38.52,95,92,75191
1.8866,0.2199,38.62,95,92,75195
1.9013,0.2346,38.55,95,92,75198
1.8866,0.2248,38.58,95,92,75201
1.9355,0.2346,38.30,95,92,75204
1.8768,0.2248,38.49,95,92,75208
1.8622,0.2297,38.62,95,92,75211
1.8622,0.2297,37.80,95,92,75214
1.8426,0.2248,38.62,95,92,75217
1.8866,0.2444,38.33,95,92,75222
1.8426,0.2199,38.52,95,92,75225
1.8426,0.2248,38.65,95,92,75228
1.8622,0.2297,38.55,95,92,75231
1.8622,0.2248,38.58,95,92,75235
1.9257,0.2346,38.33,95,92,75238
1.9062,0.2297,38.46,95,92,75241
1.8915,0.2248,38.58,95,92,75244
1.9013,0.2297,38.62,95,92,75248
1.8817,0.2248,38.62,95,92,75251
1.9306,0.2346,38.40,95,92,75254
1.8817,0.2444,38.46,95,92,75259
1.8524,0.2297,38.52,95,92,75262
1.8524,0.2199,38.52,95,92,75266
1.8573,0.2297,38.55,95,92,75269
1.8866,0.2102,38.55,95,92,75273
1.9257,0.2395,38.46,95,92,75276
1.9013,0.2297,38.55,95,92,75279
1.9013,0.2248,38.55,95,92,75282
1.9110,0.2151,38.58,95,92,75286
1.9110,0.2248,38.58,95,92,75289
1.9795,0.2444,38.43,95,92,75292
1.9355,0.2346,38.49,95,92,75295
1.9306,0.2199,38.62,95,92,75299
1.9404,0.2297,38.58,95,92,75302
1.9453,0.2248,38.62,95,92,75305
2.0137,0.2444,38.40,95,92,75309
1.9746,0.2297,38.49,95,92,75313
1.9550,0.2199,38.52,95,92,75316
1.9648,0.2297,38.65,95,92,75319
1.9550,0.2248,38.68,95,92,75322
2.0381,0.2395,38.36,95,92,75326
1.9697,0.2346,38.55,95,92,75329
1.9599,0.2199,38.58,95,92,75332
1.9795,0.2297,38.65,95,92,75335
2.0088,0.2297,38.62,95,92,75339
2.0723,0.2444,38.15,95,92,75342
2.0381,0.2297,38.49,95,92,75345
2.0235,0.2248,38.62,95,92,75348
2.0039,0.2297,38.52,95,92,75353
1.9990,0.2248,38.58,95,92,75356
2.0577,0.2493,38.33,95,92,75359
2.0137,0.2248,38.46,95,92,75362
1.9990,0.2199,38.55,95,92,75366
1.9892,0.2102,38.55,95,92,75369
1.9453,0.2199,38.62,95,92,75372
1.9795,0.2444,38.30,95,92,75375
1.9208,0.2297,38.58,95,92,75379
1.9208,0.2151,38.58,95,92,75382
1.9110,0.2248,38.55,95,92,75385
1.9159,0.2248,38.58,95,92,75388
1.9795,0.2297,38.33,95,92,75393
1.9453,0.2297,38.46,95,92,75396
1.9257,0.2151,38.58,95,92,75399
1.8964,0.2297,38.58,95,92,75402
1.8622,0.2248,38.62,95,92,75406
1.8964,0.2395,38.36,95,92,75409
1.8377,0.2248,38.49,95,92,75412
1.8231,0.2151,38.58,95,92,75415
1.8231,0.2297,38.58,95,92,75419
1.8084,0.2248,38.49,95,92,75422
1.8573,0.2395,38.36,95,92,75425
1.8084,0.2199,38.49,95,92,75428
1.7937,0.2199,38.62,95,92,75432
1.8035,0.2297,38.62,95,92,75436
1.8035,0.2199,38.62,95,92,75439
1.8768,0.2444,38.33,95,92,75442
1.8671,0.2248,38.49,95,92,75446
1.8817,0.2199,38.84,95,92,75449
1.9306,0.2297,38.58,95,92,75452
1.9795,0.2248,38.62,95,92,75455
2.1163,0.2395,38.30,95,92,75459
2.1896,0.2248,38.87,95,92,75462
2.3558,0.2199,38.62,95,92,75465
2.5806,0.2248,38.55,95,92,75468
2.8250,0.2297,38.58,95,92,75472
3.1525,0.2346,38.30,95,92,75475
3.2845,0.2297,38.52,95,92,75479
3.3333,0.2199,38.52,95,92,75482
3.2551,0.2297,38.46,95,92,75486
3.0010,0.2248,38.62,95,92,75489
2.7615,0.2346,38.27,95,92,75492
2.4047,0.2248,38.46,95,92,75495
2.1359,0.2248,38.62,95,92,75499
1.9501,0.2199,38.58,95,92,75502
1.7400,0.2248,38.58,95,92,75505
1.6471,0.2297,38.30,95,92,75508
1.5103,0.2248,38.52,95,92,75512
1.4565,0.2199,38.65,95,92,75515
1.4272,0.2297,38.58,95,92,75518
1.3930,0.2248,38.65,95,92,75522
1.4272,0.2346,38.30,95,92,75526
1.4076,0.2786,38.52,95,92,75529
1.4223,0.2248,38.62,95,92,75532
1.4565,0.2297,38.55,95,92,75535
1.4761,0.2248,38.62,95,92,75539
1.5396,0.2590,38.33,95,92,75542
1.5445,0.2346,38.46,95,92,75545
1.5543,0.2199,37.90,95,92,75548
1.5640,0.2248,38.55,95,92,75552
1.5445,0.2248,38.62,95,92,75555
1.5836,0.2346,38.33,95,92,75558
1.5396,0.2248,38.52,95,92,75561
1.5445,0.2199,38.62,95,92,75566
1.5543,0.2297,38.58,95,92,75569
1.5445,0.2248,38.30,95,92,75572
1.5934,0.2346,38.33,95,92,75575
1.5787,0.2199,38.52,95,92,75579
1.5836,0.2199,38.71,95,92,75582
1.6080,0.2297,38.55,95,92,75585
1.6178,0.2248,38.62,95,92,75588
1.6716,0.2346,38.30,95,92,75592
1.6520,0.2248,38.49,95,92,75595
1.6569,0.2199,38.62,95,92,75598
1.6764,0.2297,38.55,95,92,75601
1.6667,0.2248,38.58,95,92,75606
1.7107,0.2297,38.33,95,92,75609
1.6569,0.2199,38.58,95,92,75612
1.6764,0.2199,38.62,95,92,75615
1.6960,0.2297,38.55,95,92,75619
1.6960,0.2199,38.65,95,92,75622
1.7449,0.2346,38.33,95,92,75625
1.7253,0.2199,38.49,95,92,75628
1.7204,0.2199,38.58,95,92,75632
1.7449,0.2297,38.74,95,92,75635
1.7400,0.2102,38.58,95,92,75638
1.8035,0.2297,38.36,95,92,75641
1.7937,0.2199,38.62,95,92,75645
1.7986,0.2248,38.58,95,92,75649
1.8133,0.2248,38.55,95,92,75652
1.7889,0.2248,38.68,95,92,75655
1.8182,0.2346,38.33,95,92,75659
1.7693,0.2199,38.55,95,92,75662
1.7644,0.2444,38.62,95,92,75665
1.7693,0.2297,38.52,95,92,75668
1.7595,0.2248,38.65,95,92,75672
1.8133,0.2346,38.36,95,92,75675
1.7840,0.2248,38.49,95,92,75678
1.7791,0.2199,38.68,95,92,75681
1.8035,0.2297,38.55,95,92,75685
1.7986,0.2199,38.58,95,92,75688
1.8475,0.2346,38.33,95,92,75692
1.8328,0.2248,38.49,95,92,75695
1.8426,0.2199,38.62,95,92,75699
1.8671,0.2199,38.52,95,92,75702
1.8671,0.2395,38.62,95,92,75705
1.9013,0.2297,38.33,95,92,75708
1.8328,0.2199,38.58,95,92,75712
1.8671,0.2102,38.58,95,92,75715
1.8524,0.2444,38.55,95,92,75718
1.8573,0.2444,38.58,95,92,75721
1.9159,0.2297,38.33,95,92,75725
1.9013,0.2297,38.52,95,92,75728
1.8817,0.2151,38.62,95,92,75731
1.8964,0.2395,38.52,95,92,75735
1.8719,0.2248,38.68,95,92,75739
1.9062,0.2297,38.33,95,92,75742
1.8817,0.2199,38.55,95,92,75745
1.8573,0.2199,38.55,95,92,75748
1.8817,0.2297,38.62,95,92,75752
1.8719,0.2248,38.62,95,92,75755
1.9257,0.2346,38.36,95,92,75758
1.9013,0.2151,38.58,95,92,75761
1.9159,0.2199,38.71,95,92,75765
1.9306,0.2297,38.55,95,92,75768
1.9013,0.2248,38.58,95,92,75771
1.9453,0.2346,38.36,95,92,75774
1.9257,0.2248,38.52,95,92,75779
1.9306,0.2199,38.65,95,92,75782
1.9697,0.2297,38.52,95,92,75785
1.9501,0.2297,38.58,95,92,75788
1.9795,0.2297,38.36,95,92,75792
1.9306,0.2297,38.52,95,92,75795
1.9110,0.2199,38.58,95,92,75798
1.9257,0.2297,38.43,95,92,75801
1.9013,0.2199,38.62,95,92,75805
1.9550,0.2199,38.36,95,92,75808
1.9208,0.2248,38.58,95,92,75811
1.9062,0.2199,38.62,95,92,75814
1.9062,0.2297,38.52,95,92,75819
1.8524,0.2248,38.68,95,92,75822
1.8866,0.2297,38.46,95,92,75825
1.8622,0.2248,38.49,95,92,75828
1.8915,0.2248,38.58,95,92,75832
1.8719,0.2395,38.52,95,92,75835
1.8475,0.2199,38.71,95,92,75838
1.8768,0.2297,38.36,95,92,75841
1.8475,0.2199,38.55,95,92,75845
1.8231,0.2199,38.55,95,92,75848
1.8377,0.2297,38.52,95,92,75851
1.8328,0.2102,38.58,95,92,75854
1.8768,0.2248,38.40,95,92,75858
1.8426,0.2199,38.81,95,92,75862
1.8524,0.2199,38.65,95,92,75865
1.9013,0.2346,38.52,96,92,75868
1.8671,0.2248,38.71,96,92,75873
1.8719,0.2199,38.62,96,92,75876
1.9355,0.2346,38.30,96,92,75880
1.9062,0.2199,38.46,96,92,75883
1.8964,0.2151,38.58,96,92,75886
1.8915,0.2248,38.55,96,92,75889
1.8524,0.2151,38.58,96,92,75893
1.8866,0.2346,38.33,96,92,75896
1.8328,0.2248,38.52,96,92,75899
1.8426,0.2199,38.58,96,92,75902
1.9013,0.2297,38.55,96,92,75907
1.8671,0.2248,38.58,96,92,75910
1.9355,0.2346,38.30,96,92,75913
1.9208,0.2248,38.52,96,92,75916
1.9404,0.2248,38.62,96,92,75920
1.9648,0.2297,38.55,96,92,75923
1.9648,0.2199,38.58,96,92,75926
2.0039,0.2297,38.30,96,92,75929
1.9648,0.2248,38.49,96,92,75933
1.9550,0.2199,38.62,96,92,75936
1.9648,0.2248,38.58,96,92,75939
1.9648,0.2199,38.58,96,92,75942
2.0430,0.2639,38.36,96,92,75947
2.0137,0.2199,38.52,96,92,75950
2.0283,0.2199,38.62,96,92,75953
2.0626,0.2346,38.68,96,92,75956
2.0772,0.2297,38.62,96,92,75960
2.1359,0.2297,38.30,96,92,75963
2.0772,0.2199,38.52,96,92,75966
2.0626,0.2199,38.74,96,92,75969
2.0821,0.2297,38.55,96,92,75973
2.0528,0.2199,38.58,96,92,75976
2.0821,0.2297,38.36,96,92,75979
2.0088,0.2248,38.71,96,92,75982
1.9892,0.2151,38.58,96,92,75986
2.0039,0.2297,38.52,96,92,75990
1.9599,0.2199,38.58,96,92,75993
2.0528,0.2346,38.33,96,92,75996
1.9844,0.2248,38.55,96,92,76000
1.9990,0.2199,38.62,96,92,76003
1.9941,0.2297,38.55,96,92,76006
1.9599,0.1906,38.58,96,92,76009
1.9990,0.2297,38.43,96,92,76012
1.9697,0.2248,38.52,96,92,76016
1.9795,0.2151,38.58,96,92,76019
2.0283,0.2199,38.52,96,92,76022
2.0088,0.2199,38.62,96,92,76025
2.0186,0.2346,38.33,96,92,76029
1.9501,0.2248,38.49,96,92,76033
1.9208,0.2199,38.58,96,92,76036
1.9746,0.2248,38.55,96,92,76039
1.9257,0.2199,38.65,96,92,76043
1.9746,0.2297,38.36,96,92,76046
1.9208,0.2151,38.58,96,92,76049
1.9208,0.2199,38.62,96,92,76052
1.9404,0.2297,38.55,96,92,76056
1.9306,0.2199,38.68,96,92,76059
1.9941,0.2297,38.33,96,92,76062
1.9990,0.2395,38.52,96,92,76065
2.0479,0.2199,38.62,96,92,76069
2.1701,0.2297,38.49,96,92,76072
2.2825,0.2199,38.62,96,92,76076
2.4976,0.2297,38.36,96,92,76079
2.6979,0.2248,38.58,96,92,76083
2.9619,0.2151,38.62,96,92,76086
3.2600,0.2297,38.62,96,92,76089
3.4311,0.2199,38.62,96,92,76092
3.5679,0.2199,38.43,96,92,76096
3.3920,0.2248,38.62,96,92,76099
3.1232,0.2199,38.62,96,92,76102
2.8201,0.2297,38.49,96,92,76105
2.4633,0.1906,38.65,96,92,76109
2.2141,0.2590,38.33,96,92,76112
1.9599,0.2248,38.52,96,92,76115
1.7791,0.2199,38.62,96,92,76119
1.6667,0.2297,38.49,96,92,76123
1.5494,0.2297,38.65,96,92,76126
1.5005,0.2248,38.36,96,92,76129
1.4467,0.2199,38.52,96,92,76132
1.4565,0.2199,38.68,96,92,76136
1.4809,0.2297,38.43,96,92,76139
1.4809,0.2199,38.65,96,92,76142
1.5298,0.2395,38.33,96,92,76145
1.5396,0.2248,38.62,96,92,76149
1.5689,0.2199,38.62,96,92,76152
1.5982,0.2102,38.52,96,92,76155
1.6422,0.2199,38.62,96,92,76158
1.6716,0.2248,38.36,96,92,76163
1.6618,0.2199,37.96,96,92,76166
1.6569,0.1906,38.58,96,92,76169
1.6618,0.2297,38.49,96,92,76172
1.6618,0.2199,38.58,96,92,76176
1.7058,0.2248,38.36,96,92,76179
1.7009,0.2199,38.55,96,92,76182
1.7253,0.2151,38.58,96,92,76185
1.7742,0.2297,38.49,96,92,76189
1.7693,0.2199,38.65,96,92,76192
1.7742,0.2248,38.40,96,92,76195
1.7009,0.2248,38.58,96,92,76198
1.6764,0.2199,38.62,96,92,76203
1.6716,0.2297,38.52,96,92,76206
1.6520,0.1906,38.58,96,92,76209
1.6813,0.2248,38.40,96,92,76212
1.6862,0.2199,37.71,96,92,76216
1.7009,0.2199,38.62,96,92,76219
1.7253,0.2297,38.46,96,92,76222
1.6862,0.2248,38.62,96,92,76225
1.6911,0.2248,38.33,96,92,76229
1.6667,0.2199,38.62,96,92,76232
1.6764,0.2199,38.58,96,92,76235
1.7155,0.2346,38.55,96,92,76238
1.7253,0.2199,38.36,96,92,76242
1.7644,0.2248,38.40,96,92,76246
1.7351,0.2102,38.62,96,92,76249
1.7449,0.2248,38.58,96,92,76252
1.7742,0.2297,38.58,96,92,76256
1.7644,0.2199,38.65,96,92,76259
1.7840,0.2248,38.40,96,92,76262
1.7546,0.2395,38.49,96,92,76265
1.7498,0.2199,38.62,96,92,76269
1.7644,0.2248,38.52,96,92,76272
1.7400,0.2199,38.58,96,92,76275
1.7840,0.2248,38.40,96,92,76278
1.7595,0.2199,38.52,96,92,76282
1.7546,0.2199,38.58,96,92,76285
1.7742,0.2248,38.65,96,92,76289
1.7742,0.2248,38.62,96,92,76292
1.8084,0.1906,38.43,96,92,76296
1.7986,0.2199,38.58,96,92,76299
1.7986,0.2199,38.71,96,92,76302
1.8133,0.2297,38.52,96,92,76305
1.8133,0.2199,38.58,96,92,76309
1.8377,0.2248,38.43,96,92,76312
1.8084,0.2199,38.93,96,92,76315
1.8035,0.2199,38.58,96,92,76318
1.8084,0.2102,38.46,96,92,76322
1.7889,0.2199,38.40,96,92,76325
1.8084,0.2199,38.43,96,92,76328
1.8035,0.2248,38.55,96,92,76332
1.8231,0.2199,38.46,96,92,76336
1.8671,0.2248,38.49,96,92,76339
1.8915,0.2248,38.62,96,92,76342
1.9355,0.2493,38.40,96,92,76345
1.9159,0.2199,38.71,96,92,76349
1.9208,0.2199,38.58,96,92,76352
1.9306,0.2346,38.49,96,92,76355
1.8866,0.2151,38.58,96,92,76358
1.9013,0.2199,38.46,96,92,76362
1.8671,0.2102,38.52,96,92,76365
1.8671,0.2297,38.62,96,92,76368
1.8915,0.2297,38.46,96,92,76371
1.8866,0.2199,38.65,96,92,76376
1.9208,0.1906,38.49,96,92,76379
1.8866,0.2248,38.55,96,92,76382
1.8817,0.2199,38.58,96,92,76385
1.8915,0.2199,38.58,96,92,76389
1.8719,0.2248,38.55,96,92,76392
1.8915,0.2199,38.49,96,92,76395
1.8475,0.2199,38.62,96,92,76398
1.8328,0.2199,38.62,96,92,76402
1.8671,0.2297,38.46,96,92,76405
1.8328,0.2151,38.62,96,92,76408
1.8475,0.2151,38.46,96,92,76411
1.8182,0.2542,38.52,96,92,76416
1.8182,0.2199,38.62,96,92,76419
1.8377,0.2248,38.49,96,92,76422
1.8182,0.2199,38.58,96,92,76425
1.8475,0.2248,38.46,96,92,76429
1.8133,0.2151,38.65,96,92,76432
1.8133,0.2151,38.58,96,92,76435
1.8133,0.2102,38.52,96,92,76438
1.7937,0.2199,38.65,96,92,76442
1.8133,0.2199,38.52,96,92,76445
1.7840,0.2199,38.65,96,92,76448
1.7889,0.2102,38.58,96,92,76451
1.8084,0.2297,38.46,96,92,76455
1.7742,0.2199,38.62,96,92,76459
1.7889,0.2199,38.46,96,92,76462
1.7595,0.2151,38.55,96,92,76465
1.7449,0.2151,38.58,96,92,76469
1.7498,0.2199,38.49,96,92,76472
1.7351,0.2199,38.58,96,92,76475
1.7644,0.2199,38.46,96,92,76478
1.7449,0.2102,38.33,96,92,76482
1.7644,0.2346,38.62,96,92,76486
1.7986,0.2199,38.62,96,92,76490
1.8328,0.2297,38.52,96,92,76493
1.8280,0.2102,38.62,96,92,76496
1.8915,0.2248,38.40,96,92,76499
1.8719,0.2199,38.49,96,92,76504
1.8622,0.2151,38.68,96,92,76507
1.8915,0.2297,38.52,96,92,76510
1.8182,0.2199,38.65,96,92,76513
1.8377,0.2248,38.36,96,92,76517
1.7986,0.2199,38.55,96,92,76520
1.7840,0.2199,38.62,96,92,76523
1.7937,0.2297,38.46,96,92,76526
1.7791,0.2199,38.62,96,92,76530
1.8133,0.2248,38.36,96,92,76533
1.7791,0.2199,38.68,96,92,76536
1.7889,0.2151,38.65,96,92,76539
1.8133,0.2297,38.55,96,92,76544
1.7937,0.2199,38.62,96,92,76547
1.8377,0.2248,38.36,96,92,76550
1.8084,0.2297,38.49,96,92,76553
1.8035,0.2199,38.62,96,92,76557
1.8328,0.2297,38.49,96,92,76560
1.8231,0.2199,38.62,96,92,76563
1.8671,0.2297,38.33,96,92,76566
1.8524,0.2199,38.71,96,92,76570
1.8622,0.2102,38.58,96,92,76573
1.9110,0.2102,38.52,96,92,76576
1.8719,0.2199,38.65,96,92,76579
1.9013,0.2248,38.40,96,92,76583
1.8573,0.2199,38.62,96,92,76587
1.8377,0.2151,38.58,96,92,76590
1.8328,0.2297,38.52,96,92,76593
1.7986,0.2199,38.55,96,92,76597
1.8182,0.2248,38.36,96,92,76600
1.7840,0.2102,38.49,96,92,76603
1.7693,0.2199,37.83,96,92,76606
1.7791,0.2297,38.46,96,92,76610
1.7498,0.2199,38.62,96,92,76613
1.7791,0.2346,38.36,96,92,76616
1.7546,0.2199,38.49,96,92,76619
1.7546,0.2199,38.55,96,92,76623
1.7595,0.2248,38.52,96,92,76626
1.7449,0.2151,38.58,96,92,76630
1.7693,0.2248,38.40,96,92,76633
1.7351,0.2199,38.62,96,92,76637
1.7449,0.2151,38.62,96,92,76640
1.7644,0.2102,38.52,96,92,76643
1.7498,0.2151,38.58,96,92,76646
1.7889,0.2248,38.40,96,92,76650
1.7644,0.2199,38.49,96,92,76653
1.7595,0.2199,38.62,96,92,76656
1.7889,0.2297,38.46,96,92,76659
1.7644,0.2297,38.58,96,92,76663
1.7937,0.2248,38.33,96,92,76666
1.7546,0.2199,38.52,96,92,76669
1.7400,0.2199,38.62,96,92,76673
1.7546,0.2248,38.46,96,92,76677
1.7449,0.2199,38.62,96,92,76680
1.8084,0.2199,38.40,96,92,76683
1.8182,0.2444,38.58,96,92,76686
1.8915,0.2199,38.74,96,92,76690
2.0235,0.2248,38.49,96,92,76693
2.1750,0.2248,38.55,96,92,76696
2.3803,0.2199,38.52,96,92,76699
2.5806,0.2199,38.52,96,92,76703
2.8055,0.2444,38.62,96,92,76706
3.0694,0.2346,38.46,96,92,76709
3.1965,0.2199,38.58,96,92,76712
3.2502,0.2151,38.40,96,92,76717
3.0499,0.2199,38.52,96,92,76720
2.7615,0.2199,38.58,96,92,76723
2.4633,0.2248,38.49,96,92,76726
2.1457,0.2297,38.65,96,92,76730
1.9208,0.2199,38.40,96,92,76733
1.6960,0.2199,38.08,96,92,76736
1.5494,0.2151,38.62,96,92,76739
1.4614,0.2248,38.49,96,92,76743
1.3685,0.2199,38.77,96,92,76746
1.3441,0.2199,38.43,96,92,76749
1.3148,0.2151,38.52,96,92,76752
1.3001,0.2199,38.62,96,92,76756
1.3245,0.2248,38.49,96,92,76760
1.3343,0.2199,38.62,96,92,76763
1.3978,0.2248,38.40,96,92,76766
1.3881,0.2151,38.52,96,92,76770
1.4125,0.2199,38.52,96,92,76773
1.4467,0.2248,38.52,96,92,76776
1.4516,0.2199,38.58,96,92,76779
1.5005,0.2199,38.40,96,92,76783
1.5054,0.2199,38.62,96,92,76786
1.5249,0.2102,38.62,96,92,76789
1.5591,0.2199,38.49,96,92,76792
1.5494,0.2199,38.55,96,92,76796
1.5738,0.2199,38.43,96,92,76800
1.5689,0.2199,38.52,96,92,76803
1.5738,0.2199,38.71,96,92,76806
1.6031,0.2248,38.43,96,92,76810
1.5982,0.2199,38.62,96,92,76813
1.6373,0.2248,38.43,96,92,76816
1.6325,0.2248,38.58,96,92,76819
1.6520,0.2199,38.77,96,92,76823
1.6716,0.2248,38.52,96,92,76826
1.6520,0.2199,38.68,96,92,76829
1.6667,0.2199,38.46,96,92,76832
1.6227,0.2199,38.58,96,92,76836
1.6080,0.2151,38.62,96,92,76839
1.6227,0.2297,38.52,96,92,76843
1.5885,0.2199,38.65,96,92,76846
1.6080,0.2199,38.46,96,92,76850
1.5787,0.2053,38.55,96,92,76853
1.5836,0.2199,38.65,96,92,76856
1.6031,0.2248,38.49,96,92,76859
1.5836,0.2199,38.58,96,92,76863
1.6227,0.2248,38.40,96,92,76866
1.5982,0.2151,38.62,96,92,76869
1.6080,0.2199,38.58,96,92,76872
1.6178,0.2542,38.52,96,92,76876
1.6227,0.2199,38.58,96,92,76879
1.6618,0.2297,38.46,96,92,76882
1.6276,0.2199,38.65,96,92,76886
1.6373,0.2151,38.58,96,92,76890
1.6667,0.2639,38.49,96,92,76893
1.6520,0.2199,38.62,96,92,76896
1.6764,0.2199,38.46,96,92,76899
1.6569,0.2151,38.55,96,92,76903
1.6716,0.2248,38.58,96,92,76906
1.6960,0.2199,38.46,96,92,76909
1.6764,0.2199,38.58,96,92,76912
1.7009,0.2102,38.46,96,92,76916
1.6716,0.2199,38.58,96,92,76919
1.6716,0.2199,38.62,96,92,76922
1.6667,0.2248,38.49,96,92,76925
1.6618,0.2199,38.62,96,92,76930
1.6862,0.2248,38.87,96,92,76933
1.6569,0.2199,38.46,96,92,76936
1.6569,0.2199,38.58,96,92,76939
1.7009,0.2297,38.49,96,92,76943
1.6813,0.2199,38.62,96,92,76946
1.7058,0.2248,38.30,96,92,76949
1.6813,0.2102,38.55,96,92,76952
1.6862,0.2199,38.77,96,92,76956
1.7155,0.2248,38.55,96,92,76959
1.7009,0.2199,38.58,96,92,76962
1.7400,0.2297,38.46,96,92,76965
1.7351,0.2199,38.62,96,92,76969
1.7595,0.2199,38.62,96,92,76973
1.7937,0.2199,38.52,96,92,76976
1.8084,0.2199,38.62,96,92,76979
1.8622,0.2346,38.46,96,92,76982
1.8475,0.2248,38.58,96,92,76986
1.8182,0.2199,38.52,96,92,76989
1.8377,0.2297,38.43,96,92,76992
1.7986,0.2199,38.58,96,92,76996
1.8133,0.2639,38.46,96,92,76999
1.7791,0.2199,38.71,96,92,77002
1.7889,0.2199,38.65,96,92,77005
1.8182,0.2346,38.49,96,92,77008
1.7840,0.2199,38.74,96,92,77012
1.8182,0.2102,38.43,96,92,77016
1.7840,0.2199,38.62,96,92,77019
1.7889,0.2199,38.58,96,92,77022
1.8084,0.2297,38.55,96,92,77026
1.7986,0.2199,38.58,96,92,77029
1.8280,0.2248,38.77,96,92,77032
1.8084,0.2199,38.62,96,92,77035
1.8231,0.2248,38.58,96,92,77039
1.8377,0.2297,38.49,96,92,77042
1.8035,0.2248,38.46,96,92,77045
1.8280,0.2102,38.46,96,92,77048
1.7840,0.2151,38.58,96,92,77052
1.7840,0.2199,38.62,96,92,77056
1.8035,0.2297,38.46,96,92,77059
1.7889,0.2297,38.55,96,92,77062
1.8084,0.2248,38.43,96,92,77066
1.7937,0.2248,38.65,96,92,77069
1.7889,0.2102,38.62,96,92,77072
1.7986,0.2297,38.52,96,92,77075
1.7840,0.2248,38.58,96,92,77079
1.7937,0.2248,38.55,96,92,77082
1.7693,0.2151,38.58,96,92,77085
1.7644,0.2199,38.58,96,92,77088
1.7937,0.2297,38.40,96,92,77092
1.7986,0.2297,38.65,96,92,77096
1.8035,0.2199,38.58,96,92,77101
1.8426,0.2444,38.43,96,92,77104
1.8280,0.2151,38.62,96,92,77107
1.8377,0.2199,38.62,96,92,77110
1.8719,0.2248,38.52,96,92,77114
1.8377,0.2248,38.58,96,92,77117
1.8768,0.2199,38.46,96,92,77120
1.8622,0.2199,38.62,96,92,77123
1.8964,0.2151,38.62,96,92,77127
1.9306,0.2199,38.46,96,92,77130
1.9159,0.2151,38.58,96,92,77133
1.9501,0.2248,38.52,96,92,77136
1.9159,0.2199,38.55,96,92,77140
1.9159,0.2248,38.58,96,92,77144
1.9257,0.2248,38.49,96,92,77147
1.8915,0.2248,38.65,96,92,77150
1.9062,0.2199,38.46,96,92,77154
1.8622,0.2004,38.55,96,92,77157
1.8573,0.2248,38.68,96,92,77160
1.8622,0.2248,38.52,96,92,77163
1.8573,0.2248,38.68,96,92,77167
1.8915,0.2248,38.58,96,92,77170
1.8719,0.2248,38.55,96,92,77173
1.8866,0.2248,38.62,96,92,77176
1.9404,0.2395,38.52,96,92,77180
1.9306,0.2248,38.62,96,92,77184
1.9697,0.2297,38.49,96,92,77187
1.9550,0.2151,38.55,96,92,77190
1.9648,0.2493,38.62,96,92,77194
1.9941,0.2297,38.46,96,92,77197
1.9746,0.2248,38.62,96,92,77200
2.0283,0.2297,38.46,96,92,77203
1.9550,0.2493,38.58,96,92,77207
1.9404,0.2199,38.33,96,92,77210
1.9306,0.2248,38.52,96,92,77213
1.8964,0.2248,38.58,96,92,77216
1.9062,0.2297,38.46,96,92,77220
1.8671,0.2248,38.58,96,92,77223
1.8671,0.2199,38.58,96,92,77227
1.8866,0.2346,38.46,96,92,77230
1.8524,0.2248,38.58,96,92,77234
1.8719,0.2297,38.52,96,92,77237
1.8377,0.2199,38.58,96,92,77240
1.8280,0.2248,38.62,96,92,77243
1.8524,0.2346,38.49,96,92,77247
1.8280,0.2199,38.62,96,92,77250
1.8475,0.2346,38.49,96,92,77253
1.8133,0.2493,38.58,96,92,77256
1.8133,0.2199,38.58,96,92,77260
1.8328,0.2248,38.55,96,92,77263
1.8524,0.2199,38.68,96,92,77266
1.8573,0.2297,38.49,96,92,77270
1.8328,0.2248,38.55,96,92,77274
1.8426,0.2199,38.62,96,92,77277
1.8671,0.2346,38.46,96,92,77280
1.8573,0.2248,38.62,96,92,77283
1.8768,0.2297,38.55,96,92,77287
1.8524,0.2199,38.49,96,92,77290
1.8719,0.2199,38.62,96,92,77293
1.9208,0.2297,38.49,96,92,77296
1.9306,0.2199,38.65,96,92,77300
1.9941,0.2297,38.49,96,92,77303
1.9990,0.2248,38.62,96,92,77306
2.0528,0.2151,38.65,96,92,77309
2.1505,0.2248,38.77,96,92,77314
2.2874,0.2248,38.58,96,92,77317
2.4585,0.2297,38.46,96,92,77320
2.6344,0.2248,38.58,96,92,77323
2.8592,0.2199,38.62,96,92,77327
3.1427,0.2346,38.46,96,92,77330
3.2111,0.2346,38.62,96,92,77333
3.2502,0.2297,38.52,96,92,77336
3.0547,0.2102,38.62,96,92,77340
2.7908,0.2248,38.52,96,92,77343
2.5415,0.2297,38.46,96,92,77346
2.2385,0.2199,38.58,96,92,77349
2.0283,0.2248,38.55,96,92,77352
1.8182,0.2248,38.62,96,92,77357
1.6667,0.2248,38.62,96,92,77360
1.5738,0.2297,37.96,96,92,77363
1.4956,0.2248,38.58,96,92,77366
1.4712,0.2297,38.46,96,92,77370
1.4370,0.2248,38.62,96,92,77373
1.4272,0.2199,38.58,96,92,77376
1.4614,0.2297,38.46,96,92,77379
1.4565,0.2248,38.58,96,92,77383
1.4858,0.2297,38.46,96,92,77386
1.4858,0.2248,38.52,96,92,77389
1.5054,0.2248,38.62,96,92,77392
1.5494,0.2346,38.46,96,92,77396
1.5494,0.2248,38.65,96,92,77400
1.5787,0.2248,38.49,96,92,77403
1.5738,0.2248,38.62,96,92,77406
1.5885,0.2248,38.58,96,92,77410
1.6227,0.2297,38.55,96,92,77413
1.6129,0.2248,38.58,96,92,77416
1.6520,0.2248,38.46,96,92,77419
1.6520,0.2248,38.52,96,92,77423
1.6618,0.2199,38.62,96,92,77426
1.7058,0.2346,38.43,96,92,77429
1.6960,0.2346,38.62,96,92,77432
1.7155,0.2248,38.55,96,92,77436
1.7058,0.1906,38.62,96,92,77440
1.7204,0.2199,38.62,96,92,77443
1.7546,0.2297,38.55,96,92,77446
1.7449,0.2248,38.58,96,92,77450
1.7546,0.2199,38.49,96,92,77453
1.7302,0.2346,38.65,96,92,77456
1.7204,0.2248,38.71,96,92,77459
1.7449,0.2297,38.52,96,92,77463
1.7155,0.2199,38.58,96,92,77466
1.7155,0.2248,38.52,96,92,77469
1.6960,0.2248,38.68,96,92,77472
1.6911,0.2102,38.62,96,92,77476
1.7253,0.2395,38.40,96,92,77479
1.7155,0.2297,38.55,96,92,77483
1.7253,0.2346,38.49,96,92,77486
1.7302,0.2248,38.62,96,92,77490
1.7449,0.2248,37.87,96,92,77493
1.7742,0.2297,38.43,96,92,77496
1.7742,0.2248,38.55,96,92,77499
1.7742,0.2297,38.49,96,92,77503
1.7546,0.2248,38.58,96,92,77506
1.7546,0.2199,38.62,96,92,77509
1.7742,0.2346,38.49,96,92,77512
1.7546,0.2248,38.55,96,92,77516
1.7644,0.2248,38.49,96,92,77519
1.7595,0.2248,38.62,96,92,77522
1.7644,0.2248,38.62,96,92,77526
1.8084,0.2297,38.36,96,92,77530
1.7937,0.2297,38.74,96,92,77533
1.7986,0.2102,38.46,96,92,77536
1.7986,0.2346,38.58,96,92,77539
1.8035,0.2199,38.68,96,92,77543
1.8426,0.2346,38.43,96,92,77546
1.8231,0.2151,38.52,96,92,77549
1.8280,0.2248,38.46,96,92,77552
1.8231,0.2248,38.62,96,92,77556
1.8280,0.2199,38.62,96,92,77559
1.9013,0.2346,38.46,96,92,77562
1.8524,0.2248,38.58,96,92,77565
1.8622,0.2248,38.49,96,92,77570
1.8573,0.2248,38.58,96,92,77573
1.8573,0.2248,38.58,96,92,77576
1.9013,0.2395,38.43,96,92,77579
1.8817,0.2297,38.62,96,92,77583
1.8915,0.2199,38.46,96,92,77586
1.8915,0.2248,38.62,96,92,77589
1.9013,0.2248,38.65,96,92,77592
1.9599,0.2297,38.43,96,92,77596
1.9550,0.2248,38.55,96,92,77599
1.9795,0.2297,38.49,96,92,77602
1.9941,0.2248,38.46,96,92,77605
2.0137,0.2199,38.65,96,92,77609
2.0919,0.2346,38.43,96,92,77613
2.0723,0.2297,38.55,96,92,77616
2.0723,0.2199,38.49,96,92,77619
2.0919,0.2199,38.58,96,92,77623
2.0381,0.2199,38.68,96,92,77626
2.0723,0.2346,38.40,96,92,77629
2.0235,0.2248,38.52,96,92,77632
1.9795,0.2199,38.46,96,92,77636
1.9550,0.2248,38.58,96,92,77639
1.9355,0.2199,38.62,96,92,77642
1.9795,0.2395,38.49,96,92,77645
1.9355,0.2297,38.55,96,92,77649
1.9355,0.2102,38.52,96,92,77652
1.9208,0.2248,38.58,96,92,77656
1.9159,0.2199,38.68,96,92,77659
1.9599,0.2297,38.43,96,92,77663
1.9257,0.2248,38.52,96,92,77666
1.9159,0.2199,38.55,96,92,77669
1.9208,0.2248,38.58,96,92,77672
1.9257,0.2102,38.62,96,92,77676
1.9795,0.2444,38.40,96,92,77679
1.9404,0.2346,38.49,96,92,77682
1.9110,0.2199,38.55,96,92,77685
1.9013,0.2248,38.55,96,92,77689
1.8915,0.2199,38.58,96,92,77692
1.9501,0.2395,38.81,96,92,77696
1.9013,0.2297,38.55,96,92,77699
1.9257,0.2248,38.52,96,92,77703
1.9013,0.2248,38.52,96,92,77706
1.8964,0.2199,38.62,96,92,77710
1.9013,0.2297,38.58,96,92,77714
1.9453,0.2297,38.46,96,92,77717
1.9257,0.2248,38.62,96,92,77720
1.9453,0.2248,38.46,96,92,77723
1.9404,0.2199,38.62,96,92,77727
1.9404,0.2199,38.84,96,92,77730
1.9844,0.2297,38.58,96,92,77733
1.9746,0.2248,38.55,96,92,77736
1.9990,0.2737,38.46,96,92,77741
1.9844,0.2248,38.18,96,92,77744
1.9892,0.2199,38.65,96,92,77747
2.0381,0.2346,38.52,96,92,77750
2.0381,0.2248,38.52,96,92,77754
2.0772,0.2199,38.49,96,92,77757
2.0723,0.2102,38.58,96,92,77760
2.0919,0.2248,38.68,96,92,77763
2.1359,0.2346,38.43,96,92,77767
2.0821,0.2102,38.55,96,92,77770
2.0870,0.2199,38.49,96,92,77773
2.0528,0.2199,38.58,96,92,77776
2.0235,0.2199,38.77,96,92,77780
2.0626,0.2297,38.46,96,92,77784
2.0723,0.2297,38.55,96,92,77787
2.0479,0.2199,38.62,96,92,77790
2.0430,0.2248,38.58,96,92,77794
2.0283,0.2151,38.62,96,92,77797
2.0577,0.2297,38.36,96,92,77800
2.0283,0.2297,38.55,96,92,77803
2.0283,0.2199,38.49,96,92,77807
2.0381,0.2248,38.62,96,92,77810
2.0577,0.2199,38.62,96,92,77813
2.1163,0.2395,38.49,96,92,77816
2.0919,0.2297,38.52,96,92,77820
2.0772,0.2199,38.52,96,92,77824
2.0674,0.2248,38.58,96,92,77827
2.0577,0.2199,38.58,96,92,77830
2.1065,0.2346,38.40,96,92,77833
2.0479,0.2248,38.68,96,92,77837
2.0235,0.2248,38.55,96,92,77840
2.0137,0.2248,38.55,96,92,77843
1.9990,0.2199,38.58,96,92,77846
2.0528,0.2395,38.43,96,92,77850
2.0039,0.2248,38.55,96,92,77853
1.9892,0.2102,38.58,96,92,77856
1.9892,0.2102,38.58,96,92,77859
1.9697,0.2199,38.77,96,92,77863
2.0235,0.2297,38.36,96,92,77867
1.9746,0.2248,38.52,96,92,77870
1.9501,0.2199,38.55,96,92,77873
1.9453,0.2248,38.52,96,92,77877
1.9257,0.2199,38.62,96,92,77880
1.9697,0.2395,38.36,96,92,77883
1.9159,0.2542,38.49,96,92,77886
1.9110,0.2151,38.65,96,92,77890
1.9208,0.2248,38.58,96,92,77893
1.9257,0.2199,38.62,96,92,77896
1.9892,0.2395,38.36,96,92,77899
1.9648,0.2248,38.08,96,92,77903
1.9648,0.2102,38.58,96,92,77906
1.9746,0.2199,38.62,96,92,77910
1.9892,0.2199,38.62,96,92,77913
2.0674,0.2395,38.33,96,92,77917
2.0479,0.2248,38.49,96,92,77920
2.0626,0.2346,38.58,96,92,77923
2.1065,0.2248,38.52,96,92,77926
2.1554,0.2102,38.58,96,92,77930
2.2874,0.2297,38.30,96,92,77933
2.3558,0.2199,38.36,96,92,77936
2.5122,0.2102,38.65,96,92,77939
2.7273,0.2297,38.62,96,92,77943
2.9472,0.2444,38.62,96,92,77946
3.2747,0.2297,38.33,96,92,77949
3.4555,0.2248,38.52,96,92,77953
3.5044,0.2199,38.65,96,92,77957
3.4751,0.2248,38.55,96,92,77960
3.2551,0.2199,38.58,96,92,77963
3.0401,0.2639,38.30,96,92,77966
2.6882,0.2199,38.49,96,92,77970
2.3998,0.2102,38.62,96,92,77973
2.1750,0.2248,38.55,96,92,77976
1.9697,0.2199,38.62,96,92,77979
1.8671,0.2297,38.30,96,92,77983
1.7351,0.2102,38.52,96,92,77986
1.6471,0.2444,38.58,96,92,77989
1.6227,0.2248,38.62,96,92,77992
1.5934,0.2199,38.62,96,92,77997
1.6325,0.2346,38.30,96,92,78000
1.6080,0.2248,38.49,96,92,78003
1.6129,0.2199,38.62,96,92,78006
1.6471,0.2248,38.55,96,92,78010
1.6618,0.2151,38.58,96,92,78013
1.7302,0.2297,38.27,96,92,78016
1.7204,0.2199,38.58,96,92,78019
1.7351,0.2199,38.62,96,92,78023
1.7595,0.2248,38.55,96,92,78026
1.7791,0.2199,38.62,96,92,78029
1.8524,0.2297,38.30,96,92,78032
1.8475,0.2102,38.52,96,92,78036
1.8622,0.2199,38.62,96,92,78040
1.8768,0.2248,38.65,96,92,78043
1.8622,0.2199,38.65,96,92,78046
1.9062,0.2297,38.30,96,92,78050
1.8915,0.2151,38.52,96,92,78053
1.8915,0.2199,38.62,96,92,78056
1.9110,0.2248,38.55,96,92,78059
1.9110,0.1906,38.58,96,92,78063
1.9648,0.2297,38.33,96,92,78066
1.9404,0.2395,38.46,96,92,78069
1.9404,0.2199,38.62,96,92,78072
1.9892,0.2199,38.55,96,92,78076
1.9892,0.2199,38.62,96,92,78080
2.0479,0.2297,38.33,96,92,78083
2.0186,0.2151,38.55,96,92,78086
2.0235,0.2199,38.58,96,92,78090
2.0479,0.2248,38.55,96,92,78093
2.0626,0.2199,38.62,96,92,78096
2.1408,0.2199,38.33,96,92,78099
2.0870,0.2248,38.52,96,92,78103
2.0430,0.2151,38.58,96,92,78106
2.0332,0.2248,38.55,96,92,78109
1.9844,0.2151,38.58,96,92,78112
2.0088,0.2248,38.36,96,92,78116
1.9697,0.2346,38.58,96,92,78119
1.9159,0.2151,38.58,96,92,78123
1.9306,0.2248,38.58,96,92,78126
1.9257,0.2102,38.62,96,92,78130
1.9795,0.2248,38.33,96,92,78133
1.9404,0.2151,38.62,96,92,78136
1.9453,0.2151,38.62,96,92,78139
1.9599,0.2248,38.62,96,92,78143
1.9550,0.2199,38.58,96,92,78146
2.0088,0.2297,38.36,96,92,78149
1.9892,0.2248,38.49,96,92,78152
1.9941,0.2151,38.62,96,92,78156
2.0088,0.2297,38.52,96,92,78159
1.9844,0.2199,38.55,96,92,78162
2.0381,0.2248,38.36,96,92,78166
2.0137,0.2248,38.55,96,92,78170
2.0039,0.2151,38.62,96,92,78173
2.0186,0.2248,38.55,96,92,78176
2.0088,0.2151,38.62,96,92,78179
2.0283,0.2248,38.40,96,92,78182
1.9844,0.2199,38.68,96,92,78186
1.9892,0.2444,38.58,96,92,78189
2.0039,0.2297,38.52,96,92,78192
1.9892,0.2199,38.62,96,92,78195
2.0283,0.2151,38.36,96,92,78199
2.0137,0.2199,38.49,96,92,78202
2.0381,0.2102,38.62,96,92,78205
2.0626,0.2297,38.46,96,92,78209
2.0528,0.2199,38.71,96,92,78213
2.0968,0.2102,38.43,96,92,78216
2.0626,0.2493,38.55,96,92,78219
2.0674,0.2151,38.62,96,92,78222
2.0968,0.2199,38.49,96,92,78226
2.0968,0.2199,38.58,96,92,78229
2.1505,0.2199,38.43,96,92,78232
2.1359,0.2151,38.62,96,92,78235
2.1359,0.2542,38.58,96,92,78239
2.1652,0.2248,38.46,96,92,78242
2.1359,0.2199,38.65,96,92,78245
2.1652,0.2102,38.40,96,92,78248
2.1310,0.2151,38.52,96,92,78253
2.1212,0.2151,38.62,96,92,78256
2.1359,0.2248,38.43,96,92,78259
2.1017,0.2199,38.65,96,92,78262
2.1310,0.2199,38.40,96,92,78266
2.0919,0.2151,38.52,96,92,78269
2.0723,0.2151,38.62,96,92,78272
2.0674,0.2199,38.55,96,92,78275
2.0332,0.2151,38.58,96,92,78279
2.0528,0.2102,38.43,96,92,78282
2.0039,0.2248,38.68,96,92,78285
1.9990,0.2151,38.62,96,92,78288
2.0235,0.2248,38.49,96,92,78292
2.0088,0.2102,38.62,96,92,78296
2.0235,0.2248,38.46,96,92,78299
1.9746,0.2151,38.55,96,92,78302
1.9795,0.2151,38.62,96,92,78306
2.0577,0.2151,38.49,96,92,78309
2.0186,0.2151,38.62,96,92,78312
2.0381,0.2199,38.46,96,92,78315
1.9844,0.2199,38.40,96,92,78319
1.9404,0.2151,38.62,96,92,78323
1.9501,0.2102,38.62,96,92,78326
1.9599,0.2297,38.49,96,92,78330
1.9306,0.2199,38.62,96,92,78333
1.9795,0.2248,38.36,96,92,78337
1.9892,0.2151,38.49,96,92,78340
1.9892,0.2248,38.62,96,92,78344
2.0283,0.2297,38.49,96,92,78347
1.9990,0.2151,38.62,96,92,78350
2.0235,0.2248,38.36,96,92,78353
1.9844,0.2102,38.55,96,92,78357
1.9844,0.2151,38.62,96,92,78360
2.0186,0.2248,38.52,96,92,78363
2.0137,0.2248,38.62,96,92,78366
2.0626,0.2199,38.36,96,92,78370
2.0283,0.2151,38.62,96,92,78373
2.0626,0.2151,38.58,96,92,78376
2.0528,0.2248,38.52,96,92,78380
2.0332,0.2151,38.58,96,92,78384
2.0723,0.2199,38.40,96,92,78387
2.0821,0.2199,38.46,96,92,78390
2.1017,0.2151,38.62,96,92,78393
2.1505,0.2297,38.49,96,92,78397
2.1163,0.2248,38.62,96,92,78400
2.1457,0.2199,37.96,96,92,78403
2.1114,0.2151,38.52,96,92,78406
2.1163,0.2151,38.62,96,92,78410
2.1408,0.2248,38.52,96,92,78413
2.1114,0.2199,38.21,96,92,78416
2.1359,0.2199,38.40,96,92,78419
2.1017,0.2151,38.58,96,92,78424
2.0919,0.2248,38.62,96,92,78427
2.1065,0.2248,38.49,96,92,78430
2.0723,0.2199,38.58,96,92,78433
2.1114,0.2199,38.49,96,92,78437
2.0968,0.2151,38.49,96,92,78440
2.0821,0.2102,38.62,96,92,78443
2.0821,0.2199,38.46,96,92,78446
2.0137,0.2199,38.77,96,92,78450
2.0088,0.2199,38.46,96,92,78453
1.9599,0.2102,38.55,96,92,78456
1.9501,0.2151,38.77,96,92,78459
1.9648,0.2199,38.49,96,92,78464
1.9795,0.2199,38.62,96,92,78467
1.9746,0.2248,38.40,96,92,78470
1.9501,0.2151,38.62,96,92,78473
1.9404,0.2151,38.62,96,92,78477
1.9453,0.2248,38.46,96,92,78480
1.9062,0.2102,38.58,96,92,78483
1.9110,0.2151,38.46,96,92,78486
1.8964,0.2151,38.52,96,92,78490
1.9013,0.2151,38.62,96,92,78493
1.9110,0.2102,38.46,96,92,78496
1.8719,0.2590,38.58,96,92,78499
1.9062,0.2199,38.52,96,92,78503
1.9159,0.2151,38.55,96,92,78507
1.8866,0.2102,38.58,96,92,78510
1.8964,0.2199,38.52,96,92,78513
1.8915,0.2199,38.58,96,92,78517
1.9208,0.2346,38.43,96,92,78520
1.9062,0.2102,38.58,96,92,78523
1.9355,0.2151,38.62,96,92,78526
1.9844,0.2102,38.49,96,92,78530
1.9892,0.2199,38.58,96,92,78533
2.0332,0.2444,38.43,96,92,78536
2.0577,0.2151,38.52,96,92,78539
2.1359,0.2151,38.62,96,92,78543
2.2581,0.2102,38.46,96,92,78546
2.3705,0.2199,38.55,96,92,78550
2.5758,0.2199,38.46,96,92,78553
2.7859,0.2102,38.55,96,92,78557
3.0156,0.2248,38.62,96,92,78560
3.2991,0.2199,38.58,96,92,78563
3.4897,0.2102,38.62,96,92,78566
3.6022,0.2199,38.49,96,92,78570
3.4311,0.2199,38.46,96,92,78573
3.1378,0.2151,38.62,96,92,78576
2.8446,0.2102,38.49,96,92,78579
2.4487,0.2151,38.58,96,92,78583
2.1994,0.2199,38.40,96,92,78586
1.9453,0.2151,38.55,96,92,78589
1.7986,0.2151,38.62,96,92,78593
1.6716,0.2297,38.49,96,92,78597
1.5347,0.2248,38.62,96,92,78600
1.4956,0.2199,38.46,96,92,78603
1.4418,0.2004,38.55,96,92,78606
1.4223,0.2151,38.58,96,92,78610
1.4321,0.2199,38.46,96,92,78613
1.4418,0.2199,38.62,96,92,78616
1.5054,0.2151,38.49,96,92,78619
1.5103,0.2199,38.62,96,92,78623
1.5298,0.2199,38.58,96,92,78626
1.5640,0.2297,38.49,96,92,78629
1.5738,0.2102,38.62,96,92,78632
1.5934,0.2248,38.46,96,92,78637
1.5934,0.2151,38.68,96,92,78640
1.6227,0.1906,38.62,96,92,78643
1.6667,0.2248,38.46,96,92,78646
1.6569,0.2199,38.62,96,92,78650
1.7009,0.2199,38.46,96,92,78653
1.6911,0.2248,38.58,96,92,78656
1.7009,0.2151,38.68,96,92,78659
1.7253,0.2199,38.40,96,92,78663
1.7253,0.2199,38.65,96,92,78666
1.7693,0.2199,38.46,96,92,78669
1.7449,0.2199,38.62,96,92,78672
1.7449,0.2199,38.58,96,92,78676
1.7693,0.2297,38.55,96,92,78680
1.7351,0.2199,38.58,96,92,78683
1.7595,0.2199,38.49,96,92,78686
1.7204,0.2346,38.55,96,92,78690
1.7204,0.2199,38.62,96,92,78693
1.7546,0.2248,38.49,96,92,78696
1.7204,0.2248,38.62,96,92,78699
1.7498,0.2297,38.52,96,92,78703
1.7351,0.2199,38.62,96,92,78706
1.7546,0.2199,38.58,96,92,78709
1.7986,0.2199,38.49,96,92,78712
1.8035,0.2199,38.62,96,92,78716
1.8475,0.2297,38.49,96,92,78720
1.7986,0.2199,38.62,96,92,78723
1.7889,0.2199,38.55,96,92,78726
1.8035,0.2297,38.46,96,92,78730
1.7595,0.2199,38.58,96,92,78733
1.7693,0.2297,38.52,96,92,78736
1.7351,0.2199,38.71,96,92,78739
1.7400,0.2199,38.62,96,92,78743
1.7840,0.2297,38.49,96,92,78746
1.7498,0.2199,38.71,96,92,78749
1.7791,0.2199,38.49,96,92,78752
1.7937,0.2151,38.68,96,92,78756
1.7693,0.2346,38.62,96,92,78759
1.7889,0.2248,38.65,96,92,78763
1.7889,0.2102,38.58,96,92,78766
1.8133,0.2346,38.49,96,92,78770
1.7840,0.2199,38.58,96,92,78773
1.7937,0.2199,38.62,96,92,78776
1.8231,0.2346,38.46,96,92,78779
1.8328,0.2102,38.58,96,92,78783
1.8377,0.2248,38.43,96,92,78786
1.8084,0.2199,38.62,96,92,78789
1.8084,0.2199,38.58,96,92,78792
1.8231,0.2346,38.49,96,92,78796
1.8084,0.2199,38.52,96,92,78799
1.8622,0.2248,38.46,96,92,78802
1.8231,0.2248,38.62,96,92,78806
1.8328,0.2248,38.58,96,92,78810
1.8524,0.2248,38.55,96,92,78813
1.8475,0.2199,38.58,96,92,78816
1.8817,0.2248,38.43,96,92,78819
1.8719,0.2199,38.58,96,92,78823
1.8817,0.2199,38.62,96,92,78826
1.9257,0.2297,38.46,96,92,78829
1.8915,0.2102,38.55,96,92,78832
1.9208,0.2493,38.43,96,92,78836
1.9013,0.2199,38.65,96,92,78839
1.9062,0.2199,38.58,96,92,78842
1.9453,0.2248,38.49,96,92,78845
1.9355,0.2248,38.58,96,92,78850
1.9697,0.2248,38.46,96,92,78853
1.9550,0.2199,38.62,96,92,78856
1.9648,0.2102,38.62,96,92,78859
1.9746,0.2542,38.55,96,92,78863
1.9501,0.2199,38.71,96,92,78866
1.9550,0.2102,38.46,96,92,78869
1.9306,0.2199,38.62,96,92,78872
1.9306,0.2199,38.68,96,92,78876
1.9550,0.2346,38.43,96,92,78879
1.9159,0.2199,38.58,96,92,78882
1.9159,0.2199,38.46,96,92,78885
1.8719,0.2199,38.65,96,92,78889
1.8622,0.2199,38.62,96,92,78893
1.8817,0.2297,38.43,96,92,78896
1.8671,0.2297,38.58,96,92,78899
1.8915,0.2248,38.77,96,92,78903
1.8622,0.2199,38.58,96,92,78906
1.8426,0.2199,38.62,96,92,78909
1.8768,0.2102,38.55,96,92,78912
1.8280,0.2493,38.58,96,92,78916
1.8475,0.2248,38.46,96,92,78919
1.8133,0.2199,38.71,96,92,78922
1.8084,0.2199,38.62,96,92,78925
1.8328,0.2199,38.43,96,92,78929
1.8231,0.2248,38.87,96,92,78934
1.8133,0.2199,38.62,96,92,78938
1.8328,0.2248,38.40,96,92,78941
1.8084,0.2199,38.27,96,92,78944
1.8133,0.2199,38.58,96,92,78947
1.8328,0.2248,38.49,96,92,78950
1.8182,0.2199,38.62,96,92,78954
1.8377,0.2199,38.49,96,92,78957
1.8084,0.2199,38.62,96,92,78960
1.8133,0.2248,38.62,96,92,78963
1.8377,0.2346,38.46,96,92,78967
1.8133,0.2297,38.58,96,92,78970
1.8328,0.2199,38.46,96,92,78973
1.8084,0.2199,38.52,96,92,78978
1.8084,0.2199,38.58,96,92,78981
1.8231,0.2248,38.49,96,92,78984
1.8035,0.2199,38.58,96,92,78987
1.8280,0.2346,38.46,96,92,78990
1.8035,0.2199,38.49,96,92,78994
1.8084,0.2199,38.62,96,92,78997
1.8231,0.2248,38.49,96,92,79000
1.8133,0.2297,38.58,96,92,79003
1.8622,0.2199,38.46,96,92,79007
1.8622,0.2199,38.62,96,92,79010
1.8866,0.2199,38.58,96,92,79013
1.9306,0.2297,38.46,96,92,79016
1.9013,0.2199,38.58,96,92,79021
1.9159,0.2199,38.46,96,92,79024
1.8671,0.2151,38.52,96,92,79027
1.8573,0.2395,38.52,96,92,79030
1.8719,0.2590,38.55,96,92,79034
1.8524,0.2199,38.58,96,92,79037
1.8768,0.2151,38.46,96,92,79040
1.8622,0.2151,38.58,96,92,79043
1.8817,0.2199,38.68,96,92,79047
1.9159,0.2248,38.55,96,92,79050
1.9208,0.2248,38.58,96,92,79053
1.9501,0.2199,38.46,96,92,79056
1.9110,0.2199,38.62,96,92,79060
1.9062,0.2102,38.68,96,92,79064
1.9208,0.2297,38.52,96,92,79067
1.8817,0.2199,38.62,96,92,79070
1.8915,0.2248,38.46,96,92,79074
1.8426,0.2199,38.58,96,92,79077
1.8328,0.2151,38.58,96,92,79080
1.8524,0.2248,38.49,96,92,79083
1.8328,0.2248,38.58,96,92,79087
1.8475,0.2248,38.49,96,92,79090
1.8084,0.2199,38.62,96,92,79093
1.7889,0.2102,38.62,96,92,79096
1.7889,0.2248,38.52,96,92,79100
1.7644,0.2199,38.58,96,92,79104
1.7742,0.2297,38.55,96,92,79107
1.7351,0.2248,38.68,96,92,79110
1.7302,0.2199,38.52,96,92,79114
1.7546,0.2297,38.46,96,92,79117
1.7204,0.2248,38.62,96,92,79120
1.7351,0.2493,38.49,96,92,79123
1.7155,0.2199,38.62,96,92,79127
1.7204,0.2199,38.62,96,92,79130
1.7498,0.2297,38.52,96,92,79133
1.7302,0.2297,38.62,96,92,79136
1.7595,0.2297,38.49,96,92,79140
1.7302,0.2199,38.62,96,92,79143
1.7302,0.2248,38.68,96,92,79147
1.7449,0.2199,38.52,96,92,79150
1.7449,0.2199,38.58,96,92,79154
1.7986,0.2297,38.46,96,92,79157
1.8182,0.2248,38.62,96,92,79160
1.8768,0.2199,38.68,96,92,79163
1.9892,0.2297,38.49,96,92,79167
2.0674,0.2248,38.58,96,92,79170
2.2190,0.2297,38.40,96,92,79173
2.3607,0.2199,38.62,96,92,79176
2.5709,0.2151,38.58,96,92,79180
2.8446,0.2346,38.52,96,92,79183
3.0499,0.2199,38.58,96,92,79186
3.2600,0.2248,38.46,96,92,79190
3.2747,0.2199,38.77,96,92,79194
3.1623,0.2199,38.62,96,92,79197
2.9277,0.2297,38.58,96,92,79200
2.5953,0.2248,38.62,96,92,79203
2.3216,0.2248,38.46,96,92,79207
2.0332,0.2199,38.62,96,92,79210
1.8231,0.2248,38.58,96,92,79213
1.6862,0.2297,38.43,96,92,79216
1.5249,0.2248,38.58,96,92,79220
1.4370,0.2248,38.46,96,92,79223
1.3587,0.2102,38.58,96,92,79226
1.3245,0.2199,38.68,96,92,79229
1.3245,0.2297,38.46,96,92,79234
1.3050,0.2248,38.58,96,92,79237
1.3196,0.2199,38.46,96,92,79240
1.3245,0.2248,38.62,96,92,79243
1.3490,0.2199,38.62,96,92,79247
1.3783,0.2102,38.55,96,92,79250
1.3881,0.2248,38.62,96,92,79253
1.4272,0.2248,38.49,96,92,79256
1.4272,0.2199,38.62,96,92,79260
1.4467,0.1906,38.62,96,92,79263
1.4907,0.2248,38.40,96,92,79266
1.4858,0.2248,38.58,96,92,79269
1.5005,0.2248,38.46,96,92,79273
1.4956,0.2248,38.58,96,92,79277
1.5054,0.2199,38.65,96,92,79280
1.5347,0.2297,38.46,96,92,79283
1.5200,0.2102,38.58,96,92,79287
1.5494,0.2248,38.46,96,92,79290
1.5445,0.2199,38.62,96,92,79293
1.5494,0.2199,38.62,96,92,79296
1.5738,0.2199,38.52,96,92,79300
1.5689,0.2248,38.55,96,92,79303
1.5934,0.2248,38.49,96,92,79306
1.6031,0.2199,38.62,96,92,79309
1.6178,0.2248,38.62,96,92,79313
1.6569,0.2297,38.40,96,92,79316
1.6422,0.2248,38.68,96,92,79320
1.6520,0.2248,38.52,96,92,79323
1.6325,0.2151,38.62,96,92,79327
1.6325,0.2199,38.71,96,92,79330
1.6569,0.2297,38.49,96,92,79333
1.6373,0.2199,38.58,96,92,79336
1.6373,0.2248,38.55,96,92,79340
1.6129,0.2199,38.65,96,92,79343
1.6227,0.2199,38.55,96,92,79346
1.6618,0.2297,38.55,96,92,79349
1.6862,0.2248,38.58,96,92,79353
1.6716,0.2248,38.46,96,92,79356
1.6569,0.2346,38.58,96,92,79360
1.6569,0.2199,38.65,96,92,79363
1.6813,0.2346,38.43,96,92,79367
1.6520,0.2199,38.55,96,92,79370
1.6471,0.2248,38.52,96,92,79373
1.6178,0.2199,38.62,96,92,79376
1.6129,0.2199,38.68,96,92,79380
1.6276,0.2199,38.49,96,92,79383
1.6178,0.2444,38.62,96,92,79386
1.6422,0.2199,38.52,96,92,79389
1.6422,0.2199,38.62,96,92,79393
1.6618,0.2199,38.62,96,92,79396
1.6911,0.2395,38.52,96,92,79399
1.6764,0.2199,38.55,96,92,79403
1.6960,0.2199,38.49,96,92,79407
1.6813,0.2199,38.62,96,92,79410
1.6911,0.2199,38.62,96,92,79413
1.7302,0.2297,38.40,96,92,79416
1.7155,0.2248,38.49,96,92,79420
1.7302,0.2199,38.49,96,92,79423
1.7204,0.2297,38.58,96,92,79426
1.7302,0.2199,38.71,96,92,79429
1.7693,0.2297,38.46,96,92,79433
1.7595,0.2199,38.58,96,92,79436
1.7742,0.2199,38.49,96,92,79439
1.7644,0.2199,37.93,96,92,79442
1.7742,0.2199,38.62,96,92,79447
1.8280,0.2297,38.52,96,92,79450
1.8035,0.2297,38.62,96,92,79453
1.8231,0.2199,38.49,96,92,79456
1.8182,0.2199,38.62,96,92,79460
1.8573,0.2248,38.58,96,92,79463
1.8817,0.2542,38.40,96,92,79466
1.8671,0.2248,38.58,96,92,79469
1.8817,0.2199,38.49,96,92,79473
1.8768,0.2199,38.58,96,92,79476
1.8768,0.2199,38.58,96,92,79479
1.9159,0.2297,38.46,96,92,79482
1.9062,0.2102,38.55,96,92,79486
1.9355,0.2199,38.49,96,92,79490
1.9404,0.2199,38.62,96,92,79493
1.9355,0.2199,38.62,96,92,79496
1.9453,0.2346,38.49,96,92,79500
1.8915,0.2297,38.58,96,92,79503
1.8719,0.2199,38.49,96,92,79506
1.8426,0.2199,38.58,96,92,79509
1.8377,0.2102,38.62,96,92,79513
1.8719,0.2248,38.40,96,92,79516
1.8475,0.2248,38.58,96,92,79519
1.8475,0.2199,38.52,96,92,79522
1.8231,0.2102,38.58,96,92,79526
1.8133,0.2199,38.71,96,92,79529
1.8377,0.2297,38.46,96,92,79533
1.8035,0.2102,38.55,96,92,79536
1.7986,0.2199,38.52,96,92,79540
1.7840,0.2248,38.62,96,92,79543
1.7595,0.2248,38.62,96,92,79548
1.7595,0.2199,38.62,96,92,79551
1.7889,0.2297,38.46,96,92,79554
1.7498,0.2199,38.58,96,92,79557
1.7840,0.2444,38.49,96,92,79561
1.7595,0.2199,38.58,96,92,79564
1.7595,0.2102,38.62,96,92,79567
1.7742,0.2346,38.49,96,92,79570
1.7546,0.2199,38.58,96,92,79575
1.7840,0.2248,38.46,96,92,79578
1.7546,0.2199,38.62,96,92,79581
1.7546,0.2151,38.62,96,92,79584
1.7693,0.2248,38.55,96,92,79588
1.7644,0.2199,38.58,96,92,79591
1.7791,0.2248,38.46,96,92,79594
1.7546,0.2346,38.58,96,92,79597
1.7546,0.2199,38.65,96,92,79601
1.7840,0.2346,38.46,96,92,79604
1.7693,0.2248,38.55,96,92,79607
1.7840,0.2346,38.46,96,92,79610
1.7595,0.2199,38.65,96,92,79614
1.7937,0.2102,38.65,96,92,79618
1.7742,0.2297,38.46,96,92,79621
1.7595,0.2199,38.65,96,92,79624
1.7840,0.2248,38.46,96,92,79628
1.7742,0.2248,38.62,96,92,79631
1.7840,0.2297,38.62,96,92,79634
1.8182,0.2297,38.55,96,92,79637
1.8084,0.2248,38.58,96,92,79641
1.8231,0.2248,38.49,96,92,79644
1.7889,0.2199,38.58,96,92,79647
1.7840,0.2199,38.58,96,92,79650
1.8035,0.2297,38.46,96,92,79654
1.7889,0.2199,38.55,96,92,79657
1.8133,0.2248,38.46,96,92,79661
1.7986,0.2199,38.62,96,92,79664
1.7986,0.2151,38.62,96,92,79668
1.8328,0.2297,38.46,96,92,79671
1.8280,0.2199,38.62,96,92,79674
1.8817,0.2102,38.46,96,92,79677
1.8671,0.2151,38.58,96,92,79681
1.8719,0.2248,38.62,96,92,79684
1.8768,0.2297,38.77,96,92,79687
1.8426,0.2199,38.58,96,92,79690
1.8426,0.2151,38.43,96,92,79694
1.7937,0.2248,38.68,96,92,79697
1.7742,0.2199,38.55,96,92,79700
1.7840,0.2346,38.46,96,92,79704
1.7351,0.2248,38.58,96,92,79708
1.7498,0.2248,38.46,96,92,79711
1.7204,0.2199,38.58,96,92,79714
1.7204,0.2199,38.58,96,92,79717
1.7546,0.2297,38.43,96,92,79721
1.7058,0.2248,38.62,96,92,79724
1.7058,0.2248,38.46,96,92,79727
1.6667,0.2248,38.62,96,92,79730
1.6569,0.2248,38.55,96,92,79734
1.6667,0.2297,38.74,96,92,79737
1.6422,0.2248,38.62,96,92,79740
1.6471,0.2297,38.55,96,92,79744
1.6276,0.2248,38.62,96,92,79748
1.6325,0.2199,38.55,96,92,79751
1.6667,0.2297,38.43,96,92,79754
1.6471,0.2248,38.58,96,92,79757
1.6618,0.2297,38.46,96,92,79761
1.6422,0.2199,38.52,96,92,79764
1.6422,0.2199,38.62,96,92,79767
1.6716,0.2297,38.46,96,92,79770
1.6471,0.2297,38.58,96,92,79774
1.6716,0.2248,38.46,96,92,79777
1.6667,0.2248,38.62,96,92,79780
1.6960,0.2199,38.62,96,92,79783
1.7595,0.2248,38.55,96,92,79788
1.8084,0.2248,38.58,96,92,79791
1.9062,0.2248,38.49,96,92,79794
1.9941,0.2248,38.62,96,92,79797
2.1114,0.2297,38.58,96,92,79801
2.3021,0.2297,38.33,96,92,79804
2.4633,0.2248,38.55,96,92,79807
2.6931,0.2199,38.49,96,92,79810
2.8837,0.2297,38.62,96,92,79814
3.0303,0.2199,38.62,96,92,79817
3.0987,0.2297,38.46,96,92,79820
2.9326,0.2395,38.62,96,92,79823
2.7028,0.2199,38.49,96,92,79827
2.3851,0.2199,38.62,96,92,79831
2.1212,0.2248,38.58,96,92,79834
1.8964,0.2297,38.55,96,92,79837
1.6764,0.2248,38.68,96,92,79841
1.5249,0.2248,38.46,96,92,79844
1.3930,0.2102,38.58,96,92,79847
1.3196,0.2199,37.87,96,92,79850
1.2952,0.2297,38.43,96,92,79854
1.2512,0.2297,38.58,96,92,79857
1.2366,0.2542,38.49,96,92,79860
1.2170,0.2248,38.52,96,92,79863
1.2219,0.1906,38.62,96,92,79867
1.2561,0.2346,38.55,96,92,79870
1.2610,0.2248,38.55,96,92,79874
1.2757,0.2248,38.49,96,92,79877
1.2757,0.2102,38.68,96,92,79881
1.2854,0.2493,38.58,96,92,79884
1.3245,0.2297,38.62,96,92,79887
1.3245,0.2248,38.58,96,92,79890
1.3685,0.2248,38.49,96,92,79894
1.3881,0.2199,38.58,96,92,79897
1.3636,0.2199,38.52,96,92,79900
1.4076,0.2297,38.43,96,92,79903
1.4076,0.2346,38.55,96,92,79907
1.4272,0.2248,38.52,96,92,79910
1.4272,0.2248,38.81,96,92,79913
1.4370,0.2199,38.62,96,92,79917
1.4809,0.2346,38.46,96,92,79921
1.4614,0.2199,38.58,96,92,79924
1.4761,0.2199,38.68,96,92,79927
1.4809,0.2248,38.62,96,92,79930
1.4907,0.2199,38.62,96,92,79934
1.5347,0.2395,38.49,96,92,79937
1.5200,0.2248,38.58,96,92,79940
1.5200,0.2102,38.52,96,92,79943
1.5103,0.2248,38.58,96,92,79947
1.5200,0.2199,38.71,96,92,79950
1.5738,0.2346,38.43,96,92,79953
1.5738,0.2297,38.55,96,92,79956
1.5885,0.2395,38.52,96,92,79961
1.5787,0.2248,38.65,96,92,79964
1.5640,0.2248,38.62,96,92,79967
1.5787,0.2346,38.43,96,92,79970
1.5494,0.2297,38.74,96,92,79974
1.5494,0.2199,38.55,96,92,79977
1.5494,0.2199,38.62,96,92,79980
1.5591,0.2248,38.68,96,92,79983
1.5787,0.2590,38.46,96,92,79987
1.5396,0.2297,38.55,96,92,79990
1.5396,0.2248,38.52,96,92,79993
1.5494,0.2248,38.62,96,92,79996
1.5445,0.2199,38.62,96,92,80001
1.5836,0.2346,38.40,96,92,80004
1.5738,0.2297,38.58,96,92,80007
1.5787,0.2102,38.49,96,92,80010
1.5836,0.2493,38.58,96,92,80014
1.5885,0.2199,38.65,96,92,80017
1.6325,0.2346,38.46,96,92,80020
1.6129,0.2346,38.58,96,92,80023
1.6129,0.2199,38.52,96,92,80027
1.6080,0.2248,38.58,96,92,80030
1.6325,0.2102,38.62,96,92,80033
1.6569,0.2542,38.46,96,92,80036
1.6422,0.2297,38.58,96,92,80040
1.6520,0.2199,38.52,96,92,80044
1.6618,0.2102,38.58,96,92,80047
1.6667,0.2248,38.62,96,92,80050
1.7107,0.2297,38.43,96,92,80054
1.6764,0.2297,38.58,96,92,80057
1.7058,0.2248,38.52,96,92,80060
1.6764,0.2248,38.62,96,92,80063
1.6911,0.2248,38.62,96,92,80067
1.7644,0.2395,38.46,96,92,80070
1.7498,0.2297,38.55,96,92,80073
1.7644,0.2248,38.52,96,92,80076
1.7693,0.2248,38.58,96,92,80080
1.7791,0.2248,38.62,96,92,80083
1.8377,0.2395,38.43,96,92,80087
1.8133,0.2248,38.62,96,92,80090
1.8133,0.2199,38.58,96,92,80094
1.8084,0.2248,38.65,96,92,80097
1.7986,0.2248,38.58,96,92,80100
1.8573,0.2444,38.40,96,92,80103
1.8426,0.2590,38.52,96,92,80107
1.8231,0.2199,38.55,96,92,80110
1.8475,0.2199,38.58,96,92,80113
1.8182,0.2199,38.62,96,92,80116
1.8524,0.2395,38.52,96,92,80120
1.7986,0.2297,38.52,96,92,80123
1.7840,0.2199,38.52,96,92,80126
1.7986,0.2248,38.46,96,92,80130
1.8133,0.2248,38.58,96,92,80134
1.8866,0.2395,38.43,96,92,80137
1.8133,0.2395,38.52,96,92,80140
1.7742,0.2248,38.55,96,92,80143
1.7351,0.2297,38.65,96,92,80147
1.7009,0.2248,38.58,96,92,80150
1.7449,0.2297,38.40,96,92,80153
1.7155,0.2297,38.49,96,92,80158
1.7009,0.2297,38.55,96,92,80161
1.7253,0.2248,38.46,96,92,80164
1.7058,0.2248,38.58,96,92,80167
1.7107,0.2248,38.62,96,92,80172
1.7253,0.2346,38.55,96,92,80175
1.7058,0.2297,38.65,96,92,80178
1.7058,0.2248,38.46,96,92,80181
1.7009,0.2199,38.62,96,92,80185
1.6764,0.2248,38.74,96,92,80188
1.6960,0.2297,38.43,96,92,80191
1.6520,0.2102,38.58,96,92,80194
1.6618,0.2297,37.74,96,92,80198
1.6422,0.2248,38.58,96,92,80201
1.6667,0.2248,38.62,96,92,80204
1.6618,0.2346,38.43,96,92,80207
1.6325,0.2444,38.55,96,92,80211
1.6422,0.2248,38.49,96,92,80215
1.6325,0.2248,38.62,96,92,80218
1.6764,0.2248,38.58,96,92,80221
1.7009,0.2395,38.52,96,92,80225
1.6960,0.2346,38.58,96,92,80228
1.7058,0.2248,38.46,96,92,80231
1.6960,0.2297,38.58,96,92,80234
1.7058,0.2248,38.58,96,92,80238
1.7546,0.2444,38.46,96,92,80241
1.7400,0.2346,38.55,96,92,80244
1.7498,0.2248,38.49,96,92,80247
1.7449,0.2248,38.58,96,92,80251
1.7400,0.2297,38.62,96,92,80254
1.7742,0.2297,38.46,96,92,80258
1.7449,0.2297,38.55,96,92,80261
1.7546,0.2346,38.49,96,92,80265
1.7155,0.2297,38.62,96,92,80268
1.7107,0.2248,38.65,96,92,80271
1.7546,0.2395,38.49,96,92,80274
1.7742,0.2297,38.55,96,92,80278
1.7791,0.2199,38.55,96,92,80281
1.7791,0.2346,38.68,96,92,80284
1.7791,0.2248,38.08,96,92,80287
1.8231,0.2346,38.43,96,92,80291
1.7889,0.2248,38.55,96,92,80294
1.8133,0.2248,38.49,96,92,80297
1.8133,0.2248,38.62,96,92,80301
1.8231,0.2102,38.58,96,92,80305
1.8573,0.2395,38.46,96,92,80308
1.8280,0.2297,38.58,96,92,80311
1.8280,0.2248,38.52,96,92,80314
1.8035,0.2248,38.68,96,92,80318
1.7840,0.2248,38.65,96,92,80321
1.8035,0.2395,38.49,96,92,80324
1.7693,0.2297,38.55,96,92,80327
1.7595,0.2248,38.58,96,92,80331
1.7400,0.2297,38.62,96,92,80334
1.7302,0.2248,38.58,96,92,80337
1.7693,0.2346,38.43,96,92,80340
1.7351,0.2346,38.55,96,92,80345
1.7107,0.2248,38.55,96,92,80348
1.6813,0.2248,38.58,96,92,80351
1.6618,0.2297,38.65,96,92,80354
1.6960,0.2590,38.49,96,92,80358
1.6716,0.2297,38.58,96,92,80361
1.6667,0.2248,38.52,96,92,80364
1.6471,0.2346,38.62,96,92,80367
1.6373,0.2199,38.62,96,92,80371
1.6716,0.2395,38.33,96,92,80374
1.6422,0.2297,38.55,96,92,80377
1.6716,0.2248,38.55,96,92,80380
1.6520,0.2297,38.58,96,92,80385
1.6569,0.2248,38.62,96,92,80388
1.7155,0.2297,38.43,96,92,80391
1.6862,0.2346,38.52,96,92,80394
1.6813,0.2199,38.52,96,92,80398
1.6862,0.2297,38.84,96,92,80401
1.7058,0.2248,38.62,96,92,80404
1.7840,0.2395,38.43,96,92,80407
1.7986,0.2395,38.62,96,92,80411
1.8768,0.2248,38.52,96,92,80414
1.9990,0.2297,38.62,96,92,80417
2.1603,0.2248,38.58,96,92,80420
2.4242,0.2297,38.46,96,92,80424
2.6246,0.2346,38.55,96,92,80428
2.8739,0.2493,38.52,96,92,80431
3.0938,0.2248,38.58,96,92,80434
3.2258,0.2248,38.62,96,92,80438
3.2698,0.2346,38.43,96,92,80441
3.0743,0.2346,38.52,96,92,80444
2.7370,0.2493,38.40,96,92,80447
2.4096,0.2297,38.58,96,92,80451
2.0968,0.2151,38.68,96,92,80454
1.8768,0.2444,37.62,96,92,80457
1.6276,0.2297,38.52,96,92,80460
1.4858,0.2199,38.52,96,92,80464
1.3539,0.2297,38.62,96,92,80467
1.2757,0.2493,38.58,96,92,80471
1.2757,0.2395,38.49,96,92,80474
1.2414,0.2346,38.55,96,92,80478
1.2317,0.2542,38.52,96,92,80481
1.2463,0.2346,38.58,96,92,80484
1.2659,0.2248,38.62,96,92,80487
1.3441,0.2444,38.46,96,92,80491
1.3196,0.2395,38.52,96,92,80494
1.3245,0.2199,38.52,96,92,80497
1.3392,0.2297,38.58,96,92,80500
1.3441,0.2248,38.58,96,92,80504
1.4125,0.2542,38.40,96,92,80507
1.4076,0.2297,38.81,96,92,80510
1.4174,0.2102,38.55,96,92,80514
1.4370,0.2199,38.62,96,92,80518
1.4467,0.2297,38.62,96,92,80521
1.5103,0.2444,38.40,96,92,80524
1.4858,0.2346,38.55,96,92,80527
1.4858,0.2493,38.62,96,92,80531
1.5005,0.2297,38.58,96,92,80534
1.5200,0.2248,38.62,96,92,80537
1.5738,0.2395,38.40,96,92,80540
1.5494,0.2297,38.46,96,92,80544
1.5396,0.2199,38.55,96,92,80547
1.5689,0.2102,38.62,96,92,80550
1.5445,0.2248,38.62,96,92,80553
1.6178,0.2444,38.40,96,92,80558
1.6031,0.2346,38.52,96,92,80561
1.6178,0.2248,38.58,96,92,80564
1.6325,0.2297,38.62,96,92,80567
1.6471,0.2248,38.58,96,92,80571
1.7107,0.2444,38.36,96,92,80574
1.6667,0.2297,38.55,96,92,80577
1.6520,0.2199,38.58,96,92,80580
1.6569,0.2199,38.55,96,92,80584
1.6569,0.2248,38.62,96,92,80587
1.7009,0.2493,38.43,96,92,80590
1.6422,0.2297,38.49,96,92,80593
1.6422,0.2199,38.49,96,92,80598
1.6618,0.2297,38.62,96,92,80601
1.6716,0.2102,38.62,96,92,80604
1.7253,0.2542,38.36,96,92,80607
1.6862,0.2248,38.52,96,92,80611
1.6862,0.2199,38.55,96,92,80614
1.7009,0.2297,38.58,96,92,80617
1.6911,0.2199,38.62,96,92,80620
1.7400,0.2493,38.40,96,92,80624
1.7058,0.2297,38.52,96,92,80627
1.6911,0.2248,38.58,96,92,80630
1.6960,0.2199,38.55,96,92,80633
1.7107,0.2248,38.08,96,92,80637
1.7986,0.2444,38.43,96,92,80641
1.7595,0.2248,38.46,96,92,80644
1.7498,0.2199,38.58,96,92,80647
1.7742,0.2297,38.58,96,92,80651
1.8035,0.2297,38.62,96,92,80654
1.8573,0.2493,38.30,96,92,80657
1.8280,0.2248,38.43,96,92,80660
1.8084,0.2102,38.62,96,92,80664
1.7840,0.2248,38.58,96,92,80667
1.7595,0.2297,38.62,96,92,80670
1.8084,0.2444,38.33,96,92,80673
1.8035,0.2346,38.55,96,92,80677
1.7742,0.2248,37.96,96,92,80680
1.7986,0.2297,38.52,96,92,80684
1.8035,0.2248,38.58,96,92,80687
1.8671,0.2688,38.27,96,92,80691
1.8426,0.2297,38.52,96,92,80694
1.8524,0.2248,38.62,96,92,80697
1.8915,0.2346,38.55,96,92,80700
1.8573,0.2248,38.71,96,92,80704
1.9110,0.2395,38.36,96,92,80707
1.8817,0.2297,38.55,96,92,80710
1.8915,0.2199,38.62,96,92,80713
1.9062,0.2297,38.55,96,92,80717
1.8964,0.2248,38.68,96,92,80720
1.9355,0.2395,38.33,96,92,80723
1.8964,0.2346,38.52,96,92,80727
1.8964,0.2297,38.62,96,92,80731
1.9208,0.2444,38.55,96,92,80734
1.9208,0.2248,38.58,96,92,80737
1.9697,0.2297,38.27,96,92,80740
1.9159,0.2248,38.55,96,92,80744
1.8964,0.2248,38.62,96,92,80747
1.8915,0.2346,38.55,96,92,80750
1.8671,0.2444,38.58,96,92,80753
1.9110,0.2395,38.36,96,92,80757
1.8622,0.2248,38.52,96,92,80760
1.8768,0.2102,38.62,96,92,80763
1.8622,0.2297,38.58,96,92,80766
1.7693,0.2297,38.58,96,92,80771
1.7644,0.2542,38.62,96,92,80774
1.8133,0.2346,38.33,96,92,80777
1.7937,0.2346,38.55,96,92,80781
1.7986,0.2102,38.49,96,92,80784
1.7889,0.2346,38.62,96,92,80787
1.7889,0.2248,38.65,96,92,80790
1.8622,0.2395,38.43,96,92,80794
1.8035,0.2346,38.58,96,92,80797
1.7937,0.2248,37.96,96,92,80800
1.7840,0.2297,38.55,96,92,80803
1.7693,0.2199,38.58,96,92,80807
1.8084,0.2444,38.49,96,92,80811
1.7742,0.2297,38.55,96,92,80814
1.7693,0.2248,38.52,96,92,80817
1.7693,0.2346,38.58,96,92,80821
1.7546,0.2248,38.65,96,92,80824
1.7986,0.2297,38.43,96,92,80827
1.7937,0.2395,38.52,96,92,80830
1.7546,0.2248,38.52,96,92,80834
1.7644,0.2297,38.62,96,92,80837
1.7595,0.2297,38.62,96,92,80840
1.8231,0.2444,38.40,96,92,80843
1.7937,0.2297,38.52,96,92,80847
1.7937,0.2248,38.55,96,92,80850
1.7986,0.2590,38.62,96,92,80854
1.7937,0.2248,38.68,96,92,80857
1.8475,0.2297,38.40,96,92,80861
1.8133,0.2248,38.52,96,92,80864
1.8035,0.2248,38.58,96,92,80867
1.8133,0.2297,38.58,96,92,80870
1.8182,0.2248,38.58,96,92,80874
1.8524,0.2444,38.40,96,92,80877
1.8035,0.2297,38.46,96,92,80880
1.7937,0.2199,38.55,96,92,80883
1.8084,0.2297,38.58,96,92,80887
1.8231,0.2248,38.68,96,92,80890
1.8866,0.2493,38.36,96,92,80893
1.8426,0.2297,38.55,96,92,80897
1.8133,0.2199,38.58,96,92,80901
1.8084,0.2346,38.62,96,92,80904
1.7937,0.2248,38.58,96,92,80907
1.8475,0.2444,38.36,96,92,80910
1.8231,0.2346,38.52,96,92,80914
1.8280,0.2199,38.58,96,92,80917
1.8475,0.2297,38.62,96,92,80920
1.8573,0.2102,38.62,96,92,80923
1.9013,0.2493,38.36,96,92,80927
1.8573,0.2542,38.46,96,92,80930
1.8377,0.2248,38.68,96,92,80933
1.8280,0.2297,38.55,96,92,80936
1.8035,0.2248,38.58,96,92,80941
1.8377,0.2297,38.33,96,92,80944
1.7840,0.2297,38.52,96,92,80947
1.7595,0.2248,38.58,96,92,80950
1.7644,0.2297,38.58,96,92,80954
1.7644,0.2248,38.62,96,92,80957
1.8280,0.2493,38.36,96,92,80960
1.7937,0.2395,38.55,96,92,80963
1.7840,0.2199,38.58,96,92,80967
1.7889,0.2297,38.58,96,92,80970
1.7889,0.2248,38.62,96,92,80973
1.8084,0.2444,38.33,96,92,80976
1.7644,0.2297,38.52,96,92,80980
1.7742,0.2199,38.62,96,92,80984
1.7595,0.2444,38.58,96,92,80987
1.7595,0.2297,38.21,96,92,80990
1.8133,0.2297,38.33,96,92,80994
1.7791,0.2297,38.52,96,92,80997
1.7742,0.2248,38.62,96,92,81000
1.7791,0.2297,38.49,96,92,81003
1.7742,0.2248,38.71,96,92,81007
1.8280,0.2297,38.33,96,92,81010
1.8182,0.2395,38.52,96,92,81013
1.7791,0.2248,38.52,96,92,81016
1.7889,0.2297,38.52,96,92,81020
1.7986,0.2248,38.58,96,92,81024
1.8768,0.2395,38.30,96,92,81027
1.8817,0.2346,38.52,96,92,81030
1.9306,0.2248,38.62,96,92,81034
2.0137,0.2346,38.55,96,92,81037
2.1212,0.2297,38.62,96,92,81040
2.3314,0.2395,38.30,96,92,81043
2.4633,0.2248,38.58,96,92,81047
2.6735,0.2199,38.62,96,92,81050
2.9228,0.2297,38.49,96,92,81053
3.1329,0.2297,38.62,96,92,81056
3.3675,0.2395,38.30,96,92,81060
3.2991,0.2297,38.52,96,92,81063
3.1085,0.2346,38.62,96,92,81067
2.8299,0.2346,38.55,96,92,81070
2.4878,0.2297,38.58,96,92,81074
2.2532,0.2395,38.33,96,92,81077
1.9550,0.2297,38.52,96,92,81080
1.7840,0.2102,38.62,96,92,81083
1.6178,0.2590,38.55,96,92,81087
1.5005,0.2297,38.62,96,92,81090
1.4663,0.2395,38.33,96,92,81093
1.4174,0.2199,38.55,96,92,81096
1.3685,0.2248,38.58,96,92,81100
1.3636,0.2297,38.71,96,92,81103
1.3636,0.2297,38.11,96,92,81106
1.4174,0.2395,38.33,96,92,81110
1.4223,0.2346,38.52,96,92,81114
1.4321,0.2248,38.71,96,92,81117
1.4614,0.2297,38.74,96,92,81120
1.4663,0.2297,38.62,96,92,81123
1.5103,0.2346,38.33,96,92,81127
1.5054,0.2102,38.52,96,92,81130
1.5200,0.2248,38.71,96,92,81133
1.5396,0.2346,38.58,96,92,81136
1.5396,0.2297,38.62,96,92,81140
1.5885,0.2395,38.30,96,92,81143
1.5591,0.2248,37.83,96,92,81146
1.5689,0.2248,38.62,96,92,81149
1.5836,0.2248,38.55,96,92,81154
1.5787,0.2346,38.62,96,92,81157
1.6227,0.2395,38.33,96,92,81160
1.6080,0.2297,38.52,96,92,81163
1.6031,0.2493,38.62,96,92,81167
1.6227,0.2297,38.55,96,92,81170
1.6178,0.2297,38.62,96,92,81173
1.6618,0.2346,38.33,96,92,81176
1.6276,0.2297,38.49,96,92,81180
1.6276,0.2346,38.58,96,92,81183
1.6471,0.2297,38.58,96,92,81186
1.6471,0.2297,38.62,96,92,81189
1.6911,0.2395,38.33,96,92,81193
1.6569,0.2248,38.55,96,92,81197
1.6618,0.2248,38.52,96,92,81200
1.6667,0.2297,38.58,96,92,81203
1.6471,0.2297,38.62,96,92,81207
1.6862,0.2395,38.33,96,92,81210
1.6520,0.2248,38.52,96,92,81213
1.6325,0.2248,38.58,96,92,81216
1.6422,0.2346,38.55,96,92,81220
1.6178,0.2297,38.58,96,92,81223
1.6520,0.2346,38.33,96,92,81226
1.6178,0.2297,38.52,96,92,81229
1.6129,0.2248,38.62,96,92,81233
1.6373,0.2346,38.55,96,92,81236
1.6227,0.2297,38.58,96,92,81240
1.6716,0.2297,38.33,96,92,81243
1.6422,0.2248,38.55,96,92,81247
1.6471,0.2199,38.68,96,92,81250
1.6618,0.2395,38.58,96,92,81253
1.6569,0.2297,38.77,96,92,81256
1.7058,0.2395,38.33,96,92,81260
1.6911,0.2395,38.55,96,92,81263
1.6911,0.2297,38.18,96,92,81266
1.7155,0.2346,37.87,96,92,81269
1.7107,0.2297,38.58,96,92,81273
1.7449,0.2395,38.33,96,92,81276
1.7058,0.2297,38.52,96,92,81280
1.6911,0.2248,38.68,96,92,81283
1.6960,0.2346,38.58,96,92,81287
1.6862,0.2248,38.81,96,92,81290
1.7253,0.2297,38.33,96,92,81293
1.6813,0.2248,38.58,96,92,81296
1.6862,0.2199,38.68,96,92,81300
1.7009,0.2297,38.74,96,92,81303
1.6960,0.2297,38.62,96,92,81306
1.7449,0.2395,38.33,96,92,81309
1.7302,0.2297,38.52,96,92,81313
1.7253,0.2297,38.62,96,92,81316
1.7546,0.2346,38.58,96,92,81319
1.7449,0.2297,38.62,96,92,81323
1.7986,0.2346,38.33,96,92,81327
1.7791,0.2297,38.52,96,92,81330
1.7840,0.2297,38.62,96,92,81333
1.8035,0.2346,38.55,96,92,81336
1.7889,0.2297,38.58,96,92,81340
1.8622,0.2346,38.36,96,92,81343
1.7840,0.2199,38.58,96,92,81346
1.7937,0.2248,38.62,96,92,81349
1.8133,0.2297,38.55,96,92,81353
1.8182,0.2297,38.62,96,92,81356
1.8768,0.2346,38.40,96,92,81359
1.8475,0.2346,38.52,96,92,81362
1.8231,0.2248,38.71,96,92,81367
1.8280,0.2297,38.65,96,92,81370
1.7791,0.2297,38.58,96,92,81373
1.8035,0.2395,38.36,96,92,81376
1.7791,0.2395,38.43,96,92,81380
1.7449,0.2346,38.52,96,92,81383
1.7498,0.2248,38.58,96,92,81387
1.7595,0.2297,38.58,96,92,81390
1.7644,0.2297,38.58,96,92,81393
1.8035,0.2542,38.36,96,92,81396
1.7693,0.2346,38.62,96,92,81400
1.7498,0.2248,38.58,96,92,81403
1.7595,0.2346,38.58,96,92,81406
1.7400,0.2248,38.62,96,92,81410
1.7937,0.2493,38.40,96,92,81414
1.7595,0.2346,38.46,96,92,81417
1.7449,0.2199,38.58,96,92,81420
1.7449,0.2297,38.58,96,92,81423
1.7400,0.2297,38.58,96,92,81427
1.8035,0.2444,38.33,96,92,81430
1.7546,0.2346,38.49,96,92,81433
1.7595,0.2248,38.58,96,92,81436
1.7644,0.2297,38.58,96,92,81440
1.7644,0.2297,38.62,96,92,81443
1.8035,0.2639,38.30,96,92,81446
1.7742,0.2346,38.49,96,92,81449
1.7595,0.2199,38.68,96,92,81454
1.7693,0.2346,38.55,96,92,81457
1.7595,0.2297,38.65,96,92,81460
1.8133,0.2395,38.33,96,92,81463
1.7889,0.2297,38.49,96,92,81467
1.7791,0.2590,38.55,96,92,81470
1.7986,0.2297,38.55,96,92,81473
1.8084,0.2297,38.58,96,92,81476
1.8622,0.2493,38.27,96,92,81480
1.8280,0.2248,38.52,96,92,81483
1.8280,0.2297,38.62,96,92,81486
1.8719,0.2444,38.55,96,92,81489
1.8280,0.2199,38.62,96,92,81494
1.8817,0.2395,38.36,96,92,81497
1.8573,0.2297,38.49,96,92,81500
1.8475,0.2248,38.68,96,92,81503
1.8475,0.2346,38.55,96,92,81507
1.8328,0.2297,38.62,96,92,81510
1.8768,0.2297,38.30,96,92,81513
1.8377,0.2346,38.49,96,92,81516
1.8182,0.2297,38.62,96,92,81520
1.8280,0.2346,38.58,96,92,81523
1.8377,0.2297,38.62,96,92,81526
1.9013,0.2395,38.30,96,92,81529
1.8719,0.2199,38.55,96,92,81533
1.8817,0.2297,38.62,96,92,81537
1.9013,0.2346,38.58,96,92,81540
1.9110,0.2297,38.62,96,92,81543
1.9746,0.2444,38.30,96,92,81547
1.9501,0.2297,38.43,96,92,81550
1.9550,0.2297,38.62,96,92,81553
1.9746,0.2346,38.65,96,92,81556
1.9501,0.2297,38.65,96,92,81560
1.9892,0.2395,38.33,96,92,81563
1.9208,0.2346,38.52,96,92,81566
1.8964,0.2102,38.62,96,92,81569
1.8866,0.2297,38.55,96,92,81573
1.8671,0.2297,38.65,96,92,81576
1.9013,0.2444,38.33,96,92,81580
1.8475,0.2199,38.52,96,92,81583
1.8377,0.2542,38.62,96,92,81587
1.8328,0.2346,38.65,96,92,81590
1.8035,0.2297,38.62,96,92,81593
1.8524,0.2395,38.33,96,92,81596
1.7937,0.2493,38.49,96,92,81600
1.7693,0.2297,38.62,96,92,81603
1.7742,0.2346,38.55,96,92,81606
1.7742,0.2297,38.62,96,92,81609
1.7986,0.2346,38.33,96,92,81613
1.7644,0.2346,38.49,96,92,81616
1.7644,0.2297,38.62,96,92,81619
1.7742,0.2346,38.58,96,92,81623
1.7595,0.2297,38.68,96,92,81627
1.8084,0.2395,38.33,96,92,81630
1.7693,0.2297,38.55,96,92,81633
1.7889,0.2297,38.58,96,92,81636
1.8035,0.2346,38.58,96,92,81640
1.7986,0.2297,38.81,96,92,81643
1.8622,0.2395,38.33,96,92,81646
1.8622,0.2346,38.52,96,92,81649
1.8866,0.2297,38.62,96,92,81653
1.9599,0.2346,38.46,96,92,81656
2.0039,0.2297,38.65,96,92,81659
2.1261,0.2346,38.33,96,92,81662
2.1896,0.2248,38.52,96,92,81667
2.3167,0.2297,38.62,96,92,81670
2.5269,0.2444,38.68,96,92,81673
2.7077,0.2297,38.65,96,92,81676
3.0059,0.2395,38.33,96,92,81680
3.1232,0.2102,38.58,96,92,81683
3.2111,0.2248,38.62,96,92,81686
3.1672,0.2346,38.55,96,92,81689
2.9228,0.2297,38.65,96,92,81693
2.6833,0.2395,38.36,96,92,81696
2.3509,0.2395,38.52,96,92,81699
2.0674,0.2297,38.58,96,92,81702
1.8768,0.2297,38.55,96,92,81707
1.6862,0.2346,38.62,96,92,81710
1.5934,0.2395,38.33,96,92,81713
1.4712,0.2248,38.55,96,92,81716
1.4174,0.2297,38.62,96,92,81720
1.3930,0.2395,38.55,96,92,81723
1.3636,0.2248,38.43,96,92,81726
1.3881,0.2346,38.36,96,92,81729
1.3636,0.2248,38.58,96,92,81733
1.3832,0.2199,38.68,96,92,81736
1.4174,0.2346,38.62,96,92,81739
1.4223,0.2297,38.49,96,92,81742
1.4663,0.2297,38.33,96,92,81746
1.5005,0.2346,38.55,96,92,81750
1.4712,0.2297,38.68,96,92,81753
1.5103,0.2395,38.65,96,92,81756
1.5152,0.2297,38.62,96,92,81760
1.5640,0.2346,38.36,96,92,81763
1.5591,0.2395,38.52,96,92,81766
1.5689,0.2297,38.62,96,92,81769
1.6031,0.2346,38.55,96,92,81773
1.5982,0.2248,38.58,96,92,81776
1.6422,0.2297,38.33,96,92,81779
1.6178,0.2248,38.58,96,92,81782
1.6227,0.2297,38.62,96,92,81786
1.6471,0.2297,38.52,96,92,81789
1.6471,0.2395,38.62,96,92,81793
1.6911,0.2346,38.33,96,92,81796
1.6813,0.2297,38.52,96,92,81800
1.6667,0.2248,38.62,96,92,81803
1.6862,0.2395,38.49,96,92,81806
1.6667,0.2297,38.55,96,92,81809
1.7058,0.2346,38.36,96,92,81813
1.6716,0.2346,38.49,96,92,81816
1.6618,0.2248,38.58,96,92,81819
1.6667,0.2346,38.49,96,92,81822
1.6325,0.2297,38.58,96,92,81826
1.6667,0.2346,38.43,96,92,81829
1.6129,0.2248,38.58,96,92,81832
1.6227,0.2248,38.65,96,92,81836
1.6422,0.2346,38.55,96,92,81840
1.6471,0.2297,38.62,96,92,81843
1.7009,0.2346,38.33,96,92,81846
1.6960,0.2297,38.49,96,92,81849
1.6960,0.2297,38.62,96,92,81853
1.7155,0.2444,38.52,96,92,81856
1.6911,0.2297,38.62,96,92,81859
1.7204,0.2346,38.33,96,92,81862
1.6911,0.2346,38.46,96,92,81866
1.6911,0.2297,38.62,96,92,81869
1.7107,0.2395,38.52,96,92,81872
1.6960,0.2297,38.58,96,92,81875
1.7302,0.2346,38.33,96,92,81880
1.7009,0.2297,38.62,96,92,81883
1.7058,0.2542,38.62,96,92,81886
1.7155,0.2395,38.68,96,92,81889
1.7155,0.2297,38.62,96,92,81893
1.7546,0.2346,38.36,96,92,81896
1.7449,0.2444,38.55,96,92,81899
1.7449,0.2297,38.65,96,92,81902
1.7693,0.2395,38.46,96,92,81906
1.7498,0.2297,38.62,96,92,81909
1.7791,0.2346,38.36,96,92,81912
1.7840,0.2346,38.55,96,92,81915
1.7449,0.2297,38.58,96,92,81920
1.7595,0.2395,38.55,96,92,81923
1.7400,0.2297,38.58,96,92,81926
1.7742,0.2346,38.40,96,92,81929
1.7449,0.2297,38.65,96,92,81933
1.7595,0.2199,38.62,96,92,81936
1.7840,0.2493,38.52,96,92,81939
1.7742,0.2297,38.65,96,92,81942
1.8182,0.2346,38.43,96,92,81946
1.7986,0.2346,38.52,96,92,81949
1.7986,0.2297,38.58,96,92,81952
1.8328,0.2444,38.40,96,92,81955
1.8377,0.2297,38.62,96,92,81959
1.8866,0.2346,38.40,96,92,81963
1.8671,0.2297,38.52,96,92,81966
1.8622,0.2297,38.58,96,92,81969
1.8671,0.2346,38.52,96,92,81973
1.8377,0.2297,38.65,96,92,81976
1.8671,0.2346,38.40,96,92,81979
1.8231,0.2297,38.62,96,92,81982
1.8231,0.2199,38.62,96,92,81986
1.8377,0.2444,38.49,95,92,81989
1.8328,0.2346,38.55,95,92,81993
1.8280,0.2297,38.58,95,92,81996
1.8964,0.2395,38.43,95,92,81999
1.8719,0.2297,38.49,95,92,82002
1.8768,0.2199,38.58,95,92,82007
1.8768,0.2395,38.58,95,92,82010
1.8573,0.2297,38.62,95,92,82013
1.8915,0.2395,38.30,95,92,82016
1.8426,0.2346,38.52,95,92,82020
1.8280,0.2297,38.68,95,92,82023
1.8328,0.2346,38.55,95,92,82026
1.8133,0.2346,38.62,95,92,82029
1.8671,0.2395,38.30,95,92,82033
1.8133,0.2542,38.46,95,92,82036
1.7889,0.2297,38.62,95,92,82039
1.7937,0.2346,38.65,95,92,82042
1.7791,0.2297,38.62,95,92,82046
1.8328,0.2395,38.30,95,92,82050
1.7889,0.2395,38.52,95,92,82053
1.7937,0.2297,38.62,95,92,82056
1.8035,0.2297,38.58,95,92,82060
1.7937,0.2395,38.58,95,92,82063
1.8377,0.2395,38.33,95,92,82066
1.7840,0.2297,38.55,95,92,82069
1.7937,0.2199,38.62,95,92,82073
1.7840,0.2395,38.62,95,92,82076
1.7742,0.2297,38.65,95,92,82079
1.8280,0.2395,38.30,95,92,82082
1.8035,0.2346,38.49,95,92,82086
1.7889,0.2297,38.62,95,92,82089
1.8084,0.2346,38.55,95,92,82093
1.7986,0.2297,38.58,95,92,82096
1.8475,0.2395,38.33,95,92,82100
1.8231,0.2297,38.52,95,92,82103
1.8328,0.2297,38.62,95,92,82106
1.8866,0.2346,38.58,95,92,82109
1.8475,0.2297,38.71,95,92,82113
1.9013,0.2395,38.33,95,92,82116
1.8573,0.2297,38.58,95,92,82119
1.8671,0.2248,38.62,95,92,82122
1.8719,0.2346,38.65,95,92,82126
1.8426,0.2297,38.05,95,92,82129
1.8573,0.2395,38.33,95,92,82132
1.8133,0.2346,38.55,95,92,82136
1.7889,0.2297,38.71,95,92,82140
1.8035,0.2346,38.49,95,92,82143
1.7937,0.2297,38.58,95,92,82146
1.8573,0.2395,38.33,95,92,82149
1.8426,0.2297,38.46,95,92,82153
1.8524,0.2297,38.62,95,92,82156
1.8866,0.2346,38.55,95,92,82159
1.8915,0.2297,38.71,95,92,82162
1.9550,0.2395,38.36,95,92,82166
1.9062,0.2297,38.58,95,92,82169
1.9062,0.2297,38.58,95,92,82172
1.9159,0.2395,38.55,95,92,82176
1.8915,0.2297,38.62,95,92,82180
1.9355,0.2444,38.43,95,92,82183
1.9062,0.2444,38.49,95,92,82186
1.8768,0.2297,38.62,95,92,82189
1.8671,0.2395,38.43,95,92,82193
1.8280,0.2346,38.62,95,92,82196
1.8573,0.2444,38.36,95,92,82199
1.8182,0.2297,38.49,95,92,82202
1.8035,0.2297,38.58,95,92,82206
1.8133,0.2346,38.58,95,92,82209
1.7986,0.2297,38.49,95,92,82212
1.8377,0.2395,38.33,95,92,82215
1.7986,0.2248,38.58,95,92,82220
1.8035,0.2297,38.62,95,92,82223
1.8182,0.2395,38.62,95,92,82226
1.7840,0.2297,38.62,95,92,82229
1.8182,0.2395,38.36,95,92,82233
1.7644,0.2590,38.55,95,92,82236
1.7449,0.2297,38.62,95,92,82239
1.7546,0.2395,38.58,95,92,82242
1.7253,0.2297,38.62,95,92,82246
1.7742,0.2395,38.40,95,92,82249
1.7498,0.2346,38.52,95,92,82252
1.7546,0.2346,38.62,95,92,82255
1.7742,0.2395,38.43,95,92,82259
1.7546,0.2346,38.62,95,92,82263
1.8035,0.2346,38.40,95,92,82266
1.7840,0.2248,38.58,95,92,82269
1.8084,0.2346,38.58,95,92,82273
1.8328,0.2395,38.55,95,92,82276
1.8524,0.2297,38.62,95,92,82279
1.9697,0.2346,38.33,95,92,82282
1.9746,0.2395,38.49,95,92,82286
2.0479,0.2297,38.62,95,92,82289
2.1945,0.2395,38.52,95,92,82292
2.3412,0.2102,38.58,95,92,82295
2.5904,0.2346,38.52,95,92,82299
2.7859,0.2297,38.52,95,92,82302
3.0108,0.2346,38.62,95,92,82306
3.2160,0.2395,38.52,95,92,82309
3.2356,0.2395,38.58,95,92,82312
3.1916,0.2346,38.46,95,92,82316
2.8886,0.2297,37.87,95,92,82319
2.6002,0.2297,38.62,95,92,82322
2.3314,0.2444,38.52,95,92,82325
2.0430,0.2297,38.62,95,92,82329
1.8671,0.2346,38.40,95,92,82332
1.6813,0.2395,38.46,95,92,82335
1.5591,0.2297,38.58,95,92,82338
1.4956,0.2346,38.52,95,92,82342
1.4370,0.2297,38.62,95,92,82345
1.4321,0.2590,38.40,95,92,82349
1.3881,0.2297,38.62,95,92,82352
1.3832,0.2297,38.62,95,92,82356
1.4321,0.2395,38.49,95,92,82359
1.4223,0.2297,38.58,95,92,82362
1.4663,0.2346,38.43,95,92,82365
1.4565,0.2297,38.62,95,92,82369
1.4712,0.2297,38.62,95,92,82372
1.5005,0.2444,38.55,95,92,82375
1.5103,0.2297,38.68,95,92,82378
1.5543,0.2346,38.43,95,92,82382
1.5494,0.2346,38.52,95,92,82385
1.5689,0.2297,38.58,95,92,82388
1.5982,0.2346,38.49,95,92,82392
1.5934,0.2346,38.62,95,92,82396
1.6276,0.2346,38.40,95,92,82399
1.6080,0.2297,38.55,95,92,82402
1.6227,0.2297,38.62,95,92,82405
1.6422,0.2395,38.55,95,92,82409
1.6520,0.2297,38.62,95,92,82412
1.6911,0.2346,38.43,95,92,82415
1.6618,0.2346,38.58,95,92,82418
1.6764,0.2493,38.62,95,92,82422
1.6911,0.2346,38.62,95,92,82425
1.6716,0.2297,38.71,95,92,82428
1.7009,0.2346,38.46,95,92,82432
1.6911,0.2248,38.52,95,92,82436
1.7155,0.2297,38.62,95,92,82439
1.7449,0.2346,38.46,95,92,82442
1.7400,0.2346,38.58,95,92,82445
1.7595,0.2346,37.65,95,92,82449
1.7302,0.2297,38.55,95,92,82452
1.7302,0.2346,38.62,95,92,82455
1.7253,0.2395,38.49,95,92,82458
1.7009,0.2297,38.62,95,92,82462
1.7155,0.2346,38.46,95,92,82465
1.6813,0.2248,38.62,95,92,82468
1.6764,0.2297,38.68,95,92,82471
1.7058,0.2395,38.52,95,92,82476
1.7107,0.2346,38.62,95,92,82479
1.7400,0.2346,38.43,95,92,82482
1.7253,0.2297,38.55,95,92,82485
1.7204,0.2297,38.62,95,92,82489
1.7449,0.2346,38.49,95,92,82492
1.7204,0.2297,38.58,95,92,82495
1.7546,0.2297,38.49,95,92,82498
1.7351,0.2199,38.58,95,92,82502
1.7498,0.2395,38.62,95,92,82505
1.7595,0.2346,38.58,95,92,82508
1.7449,0.2346,38.62,95,92,82511
1.7840,0.2346,38.52,95,92,82515
1.7498,0.2346,38.62,95,92,82519
1.7644,0.2297,38.62,95,92,82522
1.7986,0.2395,38.49,95,92,82525
1.7840,0.2297,38.58,95,92,82529
1.8133,0.2248,38.55,95,92,82532
1.7986,0.2297,38.49,95,92,82535
1.8133,0.2297,38.62,95,92,82538
1.8328,0.2346,38.49,95,92,82542
1.8182,0.2346,38.62,95,92,82545
1.8524,0.2248,38.46,95,92,82548
1.8133,0.2248,38.62,95,92,82551
1.8084,0.2297,38.65,95,92,82555
1.8182,0.2444,38.55,95,92,82558
1.8133,0.2297,38.58,95,92,82562
1.8475,0.2346,38.46,95,92,82565
1.8231,0.2297,38.62,95,92,82569
1.8475,0.2199,38.62,95,92,82572
1.8964,0.2444,38.49,95,92,82575
1.8866,0.2297,38.65,95,92,82578
1.9159,0.2297,38.49,95,92,82582
1.8817,0.2199,38.55,95,92,82585
1.8817,0.2297,38.81,95,92,82588
1.9013,0.2346,38.55,95,92,82591
1.8866,0.2346,38.62,95,92,82595
1.9110,0.2297,38.46,95,92,82598
1.8768,0.2297,38.40,95,92,82601
1.8035,0.2297,38.52,95,92,82606
1.8035,0.2297,38.58,95,92,82609
1.8280,0.2346,38.52,95,92,82612
1.8084,0.2493,38.58,95,92,82616
1.8377,0.2346,38.40,95,92,82619
1.8524,0.2346,38.49,95,92,82622
1.8133,0.2297,38.74,95,92,82625
1.8475,0.2395,38.46,95,92,82629
1.8280,0.2297,38.62,95,92,82632
1.8622,0.2297,38.40,95,92,82635
1.8377,0.2297,38.62,95,92,82638
1.8377,0.2297,38.62,95,92,82642
1.8426,0.2346,38.52,95,92,82646
1.8084,0.2297,38.81,95,92,82649
1.8377,0.2346,38.40,95,92,82652
1.8182,0.2346,38.62,95,92,82655
1.8084,0.2542,38.65,95,92,82659
1.8328,0.2395,38.46,95,92,82662
1.8231,0.2297,38.65,95,92,82665
1.8524,0.2346,38.40,95,92,82668
1.8133,0.2346,38.52,95,92,82672
1.7937,0.2297,38.71,95,92,82675
1.8035,0.2297,38.49,95,92,82678
1.7937,0.2248,38.68,95,92,82681
1.8426,0.2346,38.33,95,92,82685
1.8280,0.2297,38.58,95,92,82689
1.8280,0.2297,38.58,95,92,82692
1.8377,0.2346,38.46,95,92,82695
1.8231,0.2346,38.58,95,92,82699
1.8377,0.2346,38.40,95,92,82702
1.7937,0.2346,38.58,95,92,82705
1.7937,0.2297,38.62,95,92,82708
1.8377,0.2395,38.46,95,92,82712
1.8377,0.2346,38.58,95,92,82715
1.8671,0.2444,38.40,95,92,82718
1.8524,0.2297,38.52,95,92,82721
1.8671,0.2346,38.58,95,92,82725
1.8964,0.2346,38.49,95,92,82728
1.9062,0.2346,38.58,95,92,82732
1.9453,0.2297,38.43,95,92,82735
1.9257,0.2346,38.55,95,92,82739
1.9013,0.2248,38.62,95,92,82742
1.9013,0.2297,37.96,95,92,82745
1.8866,0.2346,38.62,95,92,82748
1.8866,0.2346,38.43,95,92,82752
1.8671,0.2297,38.77,95,92,82755
1.8915,0.2297,38.58,95,92,82758
1.9257,0.2444,38.49,95,92,82761
1.8964,0.2542,38.58,95,92,82765
1.9208,0.2346,38.55,95,92,82768
1.8964,0.2297,38.55,95,92,82771
1.8915,0.2199,38.62,95,92,82775
1.9159,0.2444,38.43,95,92,82779
1.9013,0.2297,38.62,95,92,82782
1.9355,0.2346,38.43,95,92,82785
1.9208,0.2248,38.58,95,92,82788
1.9453,0.2297,38.68,95,92,82792
1.9795,0.2346,38.52,95,92,82795
1.9746,0.2346,38.58,95,92,82798
1.9990,0.2346,38.46,95,92,82801
1.9550,0.2297,38.65,95,92,82805
1.9599,0.2346,38.62,95,92,82808
1.9697,0.2346,38.55,95,92,82811
1.9110,0.2297,38.58,95,92,82814
1.9110,0.2346,38.46,95,92,82819
1.8622,0.2297,38.55,95,92,82822
1.8475,0.2542,38.62,95,92,82825
1.8573,0.2444,38.46,95,92,82828
1.8328,0.2297,38.58,95,92,82832
1.8524,0.2395,38.46,95,92,82835
1.8035,0.2395,38.55,95,92,82838
1.8133,0.2297,38.62,95,92,82841
1.8280,0.2346,38.52,95,92,82845
1.7986,0.2248,38.65,95,92,82848
1.8133,0.2346,38.55,95,92,82851
1.7986,0.2297,38.62,95,92,82854
1.8475,0.2346,38.62,95,92,82859
1.8377,0.2395,38.55,95,92,82862
1.7937,0.2346,38.62,95,92,82865
1.8133,0.2297,38.52,95,92,82868
1.7986,0.2248,38.65,95,92,82872
1.7937,0.2346,38.65,95,92,82875
1.8231,0.2346,38.46,95,92,82878
1.8231,0.2297,38.58,95,92,82881
1.8719,0.2444,38.46,95,92,82885
1.8377,0.2297,38.77,95,92,82888
1.8377,0.2297,38.62,95,92,82891
1.8622,0.2346,38.52,95,92,82894
1.8866,0.2346,38.65,95,92,82898
1.9648,0.2395,38.49,95,92,82902
1.9990,0.2346,38.62,95,92,82905
2.0919,0.2346,38.65,95,92,82908
2.2581,0.2395,38.40,95,92,82912
2.3998,0.2297,38.58,95,92,82915
2.6540,0.2346,38.49,95,92,82918
2.8592,0.2297,37.90,95,92,82921
3.0987,0.2297,38.58,95,92,82925
3.3333,0.2444,38.52,95,92,82928
3.3627,0.2297,38.62,95,92,82931
3.2502,0.2444,38.46,95,92,82934
2.9130,0.2395,38.58,95,92,82938
2.5806,0.2297,38.62,95,92,82941
2.2874,0.2444,38.55,95,92,82945
1.9795,0.2395,38.62,95,92,82948
1.7693,0.2346,38.55,95,92,82952
1.5982,0.2297,38.68,95,92,82955
1.4858,0.2346,38.62,95,92,82958
1.4370,0.2542,38.43,95,92,82961
1.3685,0.2346,38.58,95,92,82965
1.3636,0.2346,38.33,95,92,82968
1.3343,0.2297,38.62,95,92,82971
1.3441,0.2199,38.62,95,92,82974
1.3734,0.2346,38.49,95,92,82978
1.3783,0.2297,38.58,95,92,82981
1.4321,0.2395,38.49,95,92,82984
1.4614,0.2248,38.62,95,92,82988
1.4956,0.2248,38.58,95,92,82992
1.5200,0.2395,38.46,95,92,82995
1.5200,0.2346,38.58,95,92,82998
1.5494,0.2297,38.46,95,92,83001
1.5494,0.2297,38.62,95,92,83005
1.5640,0.2297,38.62,95,92,83008
1.6373,0.2395,38.46,95,92,83011
1.6031,0.2346,38.58,95,92,83014
1.6373,0.2297,38.55,95,92,83018
1.6276,0.2297,38.62,95,92,83021
1.6373,0.2346,38.62,95,92,83024
1.6667,0.2395,38.49,95,92,83027
1.6667,0.2297,38.58,95,92,83032
1.7009,0.2297,38.46,95,92,83035
1.6862,0.2346,38.62,95,92,83038
1.6911,0.2297,38.62,95,92,83041
1.7009,0.2395,38.52,95,92,83045
1.6764,0.2346,38.58,95,92,83048
1.6764,0.2639,38.43,95,92,83051
1.6520,0.2346,38.62,95,92,83054
1.6618,0.2297,38.62,95,92,83058
1.6960,0.2297,38.43,95,92,83061
1.6667,0.2346,38.58,95,92,83064
1.6764,0.2297,38.46,95,92,83067
1.6471,0.2297,38.58,95,92,83072
1.6569,0.2346,38.62,95,92,83075
1.6862,0.2444,38.46,95,92,83078
1.6520,0.2395,38.55,95,92,83081
1.6422,0.2346,38.46,95,92,83085
1.6373,0.2346,38.65,95,92,83088
1.6325,0.2346,38.58,95,92,83091
1.6716,0.2395,38.71,95,92,83094
1.6764,0.2297,38.58,95,92,83098
1.6911,0.2346,38.46,95,92,83101
1.6716,0.2346,38.62,95,92,83104
1.6667,0.2297,38.55,95,92,83107
1.6960,0.2395,38.65,95,92,83111
1.6960,0.2346,38.58,95,92,83115
1.7155,0.2444,38.46,95,92,83118
1.6862,0.2297,38.71,95,92,83121
1.6813,0.2297,38.62,95,92,83125
1.7058,0.2395,38.49,95,92,83128
1.6862,0.2297,38.58,95,92,83131
1.7107,0.2346,37.74,95,92,83134
1.7107,0.2297,38.62,95,92,83138
1.7107,0.2297,38.58,95,92,83141
1.7400,0.2444,38.55,95,92,83144
1.7253,0.2346,38.58,95,92,83147
1.7449,0.2346,38.46,95,92,83151
1.7400,0.2346,38.62,95,92,83154
1.7400,0.2297,38.62,95,92,83158
1.7595,0.2444,38.43,95,92,83161
1.7351,0.2346,38.58,95,92,83165
1.7449,0.2346,38.46,95,92,83168
1.7400,0.2297,38.71,95,92,83171
1.7546,0.2297,38.62,95,92,83174
1.7986,0.2395,38.49,95,92,83178
1.7840,0.2346,38.58,95,92,83181
1.8182,0.2346,38.49,95,92,83184
1.8426,0.2346,38.58,95,92,83187
1.8768,0.2346,38.62,95,92,83191
1.9110,0.2395,38.55,95,92,83194
1.8719,0.2346,38.58,95,92,83197
1.8671,0.2346,38.49,95,92,83201
1.8377,0.2346,38.58,95,92,83205
1.8280,0.2297,38.24,95,92,83208
1.8475,0.2444,38.43,95,92,83211
1.8719,0.2346,38.46,95,92,83215
1.8524,0.2297,38.58,95,92,83218
1.8719,0.2444,38.49,95,92,83221
1.8377,0.2248,38.65,95,92,83224
1.8426,0.2297,38.62,95,92,83228
1.8475,0.2346,38.52,95,92,83231
1.8182,0.2346,38.62,95,92,83234
1.8280,0.2297,38.49,95,92,83237
1.7986,0.2297,38.62,95,92,83241
1.7937,0.2297,38.62,95,92,83245
1.8231,0.2395,38.36,95,92,83248
1.7986,0.2297,38.77,95,92,83251
1.8280,0.2395,38.49,95,92,83255
1.8035,0.2590,38.58,95,92,83258
1.8035,0.2297,38.65,95,92,83261
1.8182,0.2395,38.52,95,92,83264
1.7937,0.2297,38.62,95,92,83268
1.8280,0.2395,38.52,95,92,83271
1.8133,0.2346,38.62,95,92,83274
1.7840,0.2346,38.62,95,92,83277
1.7742,0.2346,38.77,95,92,83281
1.7498,0.2297,38.58,95,92,83284
1.7693,0.2395,38.43,95,92,83288
1.7498,0.2346,38.58,95,92,83291
1.7546,0.2297,38.68,95,92,83295
1.7791,0.2444,38.46,95,92,83298
1.7595,0.2346,38.58,95,92,83301
1.7937,0.2395,38.46,95,92,83304
1.7742,0.2297,38.62,95,92,83308
1.7693,0.2346,38.58,95,92,83311
1.7791,0.2395,38.55,95,92,83314
1.7498,0.2346,38.68,95,92,83317
1.7791,0.2346,38.49,95,92,83321
1.7498,0.2395,38.58,95,92,83324
1.7595,0.2395,38.65,95,92,83328
1.7889,0.2395,38.55,95,92,83331
1.7889,0.2346,38.58,95,92,83335
1.8133,0.2542,38.46,95,92,83338
1.8035,0.2346,38.58,95,92,83341
1.8133,0.2297,38.62,95,92,83344
1.8573,0.2395,38.49,95,92,83348
1.8719,0.2346,38.58,95,92,83351
1.8524,0.2346,38.49,95,92,83354
1.8182,0.2297,38.62,95,92,83357
1.8084,0.2346,38.62,95,92,83361
1.8133,0.2346,38.49,95,92,83364
1.7840,0.2346,38.62,95,92,83367
1.7986,0.2346,38.46,95,92,83371
1.7595,0.2346,38.68,95,92,83375
1.7498,0.2297,38.58,95,92,83378
1.7693,0.2395,38.62,95,92,83381
1.7693,0.2346,38.58,95,92,83384
1.7937,0.2346,38.46,95,92,83388
1.7791,0.2395,38.58,95,92,83391
1.7791,0.2297,38.71,95,92,83394
1.8084,0.2395,38.43,95,92,83397
1.7840,0.2297,38.62,95,92,83401
1.8133,0.2346,38.49,95,92,83404
1.8084,0.2346,38.77,95,92,83407
1.8133,0.2346,38.62,95,92,83410
1.8573,0.2395,38.49,95,92,83415
1.8280,0.2346,38.71,95,92,83418
1.8524,0.2297,38.49,95,92,83421
1.8280,0.2346,38.58,95,92,83424
1.8084,0.2493,38.58,95,92,83428
1.8035,0.2395,38.52,95,92,83431
1.7595,0.2346,38.58,95,92,83434
1.7449,0.2346,38.58,95,92,83437
1.7204,0.2297,38.71,95,92,83441
1.7302,0.2297,38.62,95,92,83444
1.7595,0.2444,38.40,95,92,83447
1.7302,0.2346,38.58,95,92,83450
1.7302,0.2346,38.49,95,92,83454
1.7107,0.2346,38.58,95,92,83458
1.6960,0.2297,38.68,95,92,83461
1.7058,0.2395,38.46,95,92,83464
1.6667,0.2297,38.58,95,92,83468
1.6716,0.2346,38.46,95,92,83471
1.6520,0.2248,38.58,95,92,83474
1.6569,0.2395,38.62,95,92,83477
1.6911,0.2395,38.52,95,92,83481
1.6862,0.2444,38.55,95,92,83484
1.7058,0.2346,38.46,95,92,83487
1.6960,0.2297,38.55,95,92,83490
1.7107,0.2346,38.62,95,92,83494
1.7546,0.2346,38.43,95,92,83497
1.7351,0.2493,38.62,95,92,83501
1.7351,0.2346,38.55,95,92,83504
1.7204,0.2297,38.65,95,92,83508
1.7155,0.2346,38.68,95,92,83511
1.7644,0.2395,38.74,95,92,83514
1.7840,0.2297,38.62,95,92,83517
1.8475,0.2346,38.49,95,92,83521
1.9110,0.2346,38.62,95,92,83524
2.0137,0.2297,38.71,95,92,83527
2.1945,0.2444,38.49,95,92,83530
2.3460,0.2395,38.55,95,92,83534
2.5709,0.2297,38.46,95,92,83537
2.7908,0.2297,38.58,95,92,83540
3.0156,0.2248,38.62,95,92,83544
3.2356,0.2444,38.43,95,92,83548
3.2307,0.2395,38.55,95,92,83551
3.0890,0.2346,38.49,95,92,83554
2.7957,0.2346,37.80,95,92,83557
2.4633,0.2346,38.62,95,92,83561
2.2043,0.2444,38.46,95,92,83564
1.9110,0.2297,38.55,95,92,83567
1.7009,0.2346,38.52,95,92,83570
1.5396,0.2297,38.62,95,92,83573
1.4174,0.2297,38.68,95,92,83577
1.3734,0.2493,38.43,95,92,83580
1.3050,0.2444,38.55,95,92,83584
1.2659,0.2297,38.62,95,92,83587
1.2708,0.2346,38.62,95,92,83591
1.2757,0.2248,38.62,95,92,83594
1.3343,0.2395,38.40,95,92,83597
1.3343,0.2395,37.90,95,92,83600
1.3490,0.2346,38.55,95,92,83604
1.3636,0.2346,38.58,95,92,83607
1.3881,0.2297,38.74,95,92,83610
1.4565,0.2493,38.43,95,92,83613
1.4321,0.2346,38.55,95,92,83617
1.4418,0.2297,38.52,95,92,83620
1.4418,0.2346,38.62,95,92,83623
1.4663,0.2346,38.65,95,92,83627
1.5200,0.2493,38.40,95,92,83631
1.4956,0.2395,38.55,95,92,83634
1.5054,0.2297,38.55,95,92,83637
1.5103,0.2444,38.55,95,92,83640
1.5200,0.2297,38.87,95,92,83644
1.5836,0.2493,38.43,95,92,83647
1.5885,0.2395,38.52,95,92,83650
1.5543,0.2248,38.62,95,92,83653
1.5640,0.2297,38.58,95,92,83657
1.5640,0.2395,38.68,95,92,83660
1.6227,0.2493,38.36,95,92,83663
1.5934,0.2395,38.52,95,92,83666
1.5982,0.2297,38.55,95,92,83671
1.5934,0.2444,38.68,95,92,83674
1.5885,0.2346,38.55,95,92,83677
1.6325,0.2493,38.40,95,92,83680
1.5934,0.2346,38.52,95,92,83684
1.5787,0.2151,38.52,95,92,83687
1.5787,0.2346,38.58,95,92,83690
1.5787,0.2297,38.62,95,92,83693
1.6325,0.2542,38.36,95,92,83697
1.6080,0.2395,38.46,95,92,83700
1.6080,0.2297,38.93,95,92,83703
1.6227,0.2346,38.58,95,92,83706
1.6276,0.2493,38.62,95,92,83710
1.6813,0.2493,38.36,95,92,83714
1.6471,0.2346,38.52,95,92,83717
1.6325,0.2297,38.58,95,92,83720
1.6373,0.2444,38.55,95,92,83724
1.6373,0.2297,38.58,95,92,83727
1.6911,0.2493,38.33,95,92,83730
1.6618,0.2346,38.52,95,92,83733
1.6667,0.2248,38.58,95,92,83737
1.6813,0.2346,38.62,95,92,83740
1.6813,0.2297,38.62,95,92,83743
1.7498,0.2493,38.36,95,92,83746
1.7155,0.2346,38.46,95,92,83750
1.6911,0.2248,38.62,95,92,83753
1.6960,0.2346,38.49,95,92,83757
1.6911,0.2346,38.62,95,92,83760
1.7400,0.2444,38.36,95,92,83764
1.7009,0.2346,38.49,95,92,83767
1.7009,0.2248,38.58,95,92,83770
1.7107,0.2297,38.62,95,92,83773
1.7107,0.2297,38.58,95,92,83777
1.7693,0.2493,38.33,95,92,83780
1.7351,0.2346,38.52,95,92,83783
1.7302,0.2297,38.58,95,92,83786
1.7449,0.2346,38.58,95,92,83790
1.7351,0.2297,38.65,95,92,83793
1.7986,0.2493,38.36,95,92,83796
1.7937,0.2346,38.49,95,92,83800
1.7840,0.2297,38.74,95,92,83804
1.8035,0.2346,38.49,95,92,83807
1.8084,0.2542,38.62,95,92,83810
1.8671,0.2444,38.33,95,92,83813
1.8280,0.2346,38.52,95,92,83817
1.8475,0.2346,38.62,95,92,83820
1.8671,0.2346,38.55,95,92,83823
1.8524,0.2297,38.58,95,92,83827
1.8475,0.2346,38.68,95,92,83830
1.8768,0.2444,38.40,95,92,83833
1.8475,0.2395,38.55,95,92,83837
1.8426,0.2346,38.49,95,92,83841
1.8231,0.2346,38.58,95,92,83844
1.8182,0.2297,38.58,95,92,83847
1.8622,0.2297,38.46,95,92,83851
1.8377,0.2346,38.55,95,92,83854
1.8475,0.2297,38.46,95,92,83857
1.8426,0.2346,38.62,95,92,83860
1.8377,0.2297,38.65,95,92,83864
1.8719,0.2444,38.49,95,92,83867
1.8280,0.2493,38.52,95,92,83870
1.8133,0.2297,38.52,95,92,83873
1.7986,0.2346,38.62,95,92,83877
1.7889,0.2248,38.58,95,92,83880
1.8280,0.2444,38.40,95,92,83884
1.7986,0.2395,38.62,95,92,83887
1.7889,0.2346,38.52,95,92,83891
1.7791,0.2395,38.62,95,92,83894
1.7742,0.2297,38.71,95,92,83897
1.8133,0.2297,38.46,95,92,83900
1.7742,0.2395,38.55,95,92,83904
1.7595,0.2395,38.49,95,92,83907
1.7498,0.2346,38.55,95,92,83910
1.7400,0.2297,38.58,95,92,83913
1.8182,0.2493,38.49,95,92,83917
1.7546,0.2395,38.52,95,92,83920
1.7449,0.2297,38.58,95,92,83923
1.7302,0.2346,38.49,95,92,83927
1.7253,0.2346,38.62,95,92,83931
1.7742,0.2444,38.40,95,92,83934
1.7449,0.2444,38.52,95,92,83937
1.7400,0.2297,38.84,95,92,83940
1.7400,0.2346,38.62,95,92,83944
1.7400,0.2346,38.58,95,92,83947
1.7889,0.2493,38.46,95,92,83950
1.7644,0.2297,38.55,95,92,83953
1.7791,0.2248,38.52,95,92,83957
1.7937,0.2346,38.62,95,92,83960
1.8084,0.2297,38.21,95,92,83963
1.8573,0.2493,38.46,95,92,83966
1.8768,0.2444,38.55,95,92,83971
1.8426,0.2297,38.52,95,92,83974
1.8524,0.2346,38.58,95,92,83977
1.8573,0.2248,38.68,95,92,83980
1.9062,0.2444,38.40,95,92,83984
1.8671,0.2395,38.49,95,92,83987
1.8475,0.2297,38.58,95,92,83990
1.8280,0.2297,38.58,95,92,83993
1.8182,0.2248,38.68,95,92,83997
1.8671,0.2493,38.49,95,92,84000
1.8280,0.2395,38.55,95,92,84003
1.8231,0.2346,38.55,95,92,84006
1.8328,0.2590,38.62,95,92,84011
1.8426,0.2297,38.68,95,92,84014
1.9013,0.2493,38.43,95,92,84017
1.8817,0.2395,38.52,95,92,84020
1.8866,0.2297,38.58,95,92,84024
1.9062,0.2346,38.62,95,92,84027
1.9062,0.2346,38.62,95,92,84030
1.9746,0.2542,38.43,95,92,84033
1.9306,0.2444,38.52,95,92,84037
1.9062,0.2297,38.55,95,92,84040
1.8964,0.2346,38.62,95,92,84043
1.8671,0.2639,38.65,95,92,84046
1.8964,0.2493,38.40,95,92,84050
1.8377,0.2395,38.55,95,92,84054
1.8084,0.2248,38.52,95,92,84057
1.8084,0.2346,38.62,95,92,84060
1.7986,0.2297,38.68,95,92,84064
1.8573,0.2493,38.43,95,92,84067
1.7889,0.2688,38.52,95,92,84070
1.7644,0.2297,38.55,95,92,84073
1.7595,0.2297,38.58,95,92,84077
1.7449,0.2248,38.68,95,92,84080
1.7840,0.2590,38.36,95,92,84083
1.7351,0.2395,38.58,95,92,84086
1.7204,0.2297,38.58,95,92,84090
1.7058,0.2444,38.62,95,92,84093
1.6960,0.2297,38.62,95,92,84097
1.7449,0.2493,38.36,95,92,84100
1.7107,0.2346,38.55,95,92,84104
1.7107,0.2297,38.55,95,92,84107
1.7204,0.2346,38.58,95,92,84110
1.7253,0.2297,38.65,95,92,84113
1.7791,0.2542,38.36,95,92,84117
1.7546,0.2395,38.55,95,92,84120
1.7498,0.2248,38.58,95,92,84123
1.7644,0.2346,38.58,95,92,84126
1.7742,0.2346,38.58,95,92,84130
1.8475,0.2493,38.43,95,92,84133
1.8328,0.2346,38.49,95,92,84136
1.8573,0.2297,38.62,95,92,84140
1.9257,0.2346,38.55,95,92,84144
2.0235,0.2297,38.49,95,92,84147
2.2239,0.2297,38.36,95,92,84150
2.3509,0.2297,38.49,95,92,84153
2.5611,0.2297,38.62,95,92,84157
2.8152,0.2346,38.52,95,92,84160
3.0352,0.2297,38.62,95,92,84163
3.2698,0.2493,38.36,95,92,84166
3.2209,0.2493,38.49,95,92,84170
3.0450,0.2297,38.62,95,92,84173
2.7908,0.2346,38.58,95,92,84176
2.4682,0.2297,38.58,95,92,84179
2.2532,0.2493,38.33,95,92,84184
1.9599,0.2297,38.49,95,92,84187
1.7546,0.2346,38.62,95,92,84190
1.6080,0.2346,38.55,95,92,84193
1.4858,0.2346,38.62,95,92,84197
1.4418,0.2395,38.33,95,92,84200
1.3587,0.2248,38.55,95,92,84203
1.3294,0.2297,38.58,95,92,84206
1.3294,0.2346,38.58,95,92,84210
1.3343,0.2346,38.62,95,92,84213
1.3734,0.2493,38.33,95,92,84216
1.3734,0.2346,38.65,95,92,84219
1.3978,0.2346,38.62,95,92,84224
1.4272,0.2395,38.58,95,92,84227
1.4272,0.2297,38.62,95,92,84230
1.4907,0.2444,38.30,95,92,84233
1.4761,0.2297,38.49,95,92,84237
1.4907,0.2297,38.68,95,92,84240
1.5103,0.2346,38.84,95,92,84243
1.5152,0.2297,38.58,95,92,84246
1.5591,0.2444,38.30,95,92,84250
1.5249,0.2346,38.52,95,92,84253
1.5396,0.2297,38.62,95,92,84256
1.5543,0.2297,38.58,95,92,84259
1.5445,0.2346,38.58,95,92,84263
1.6080,0.2542,38.30,95,92,84267
1.5787,0.2297,38.52,95,92,84270
1.5787,0.2346,38.68,95,92,84273
1.5934,0.2444,38.68,95,92,84277
1.5934,0.2297,37.83,95,92,84280
1.6471,0.2444,38.27,95,92,84283
1.6129,0.2346,38.52,95,92,84286
1.6227,0.2395,38.62,95,92,84290
1.6422,0.2688,38.62,95,92,84293
1.6422,0.2297,38.58,95,92,84296
1.6960,0.2444,38.30,95,92,84299
1.6960,0.2346,38.52,95,92,84303
1.6569,0.2297,38.62,95,92,84306
1.6569,0.2346,38.58,95,92,84310
1.6520,0.2346,38.58,95,92,84313
1.6960,0.2493,38.30,95,92,84317
1.6716,0.2346,38.52,95,92,84320
1.6618,0.2297,38.58,95,92,84323
1.6716,0.2395,38.55,95,92,84326
1.6618,0.2346,38.62,95,92,84330
1.7058,0.2444,38.05,95,92,84333
1.6764,0.2297,38.55,95,92,84336
1.6813,0.2346,38.65,95,92,84339
1.6960,0.2542,38.62,95,92,84343
1.6960,0.2297,38.62,95,92,84346
1.7742,0.2395,38.33,95,92,84349
1.7107,0.2346,38.55,95,92,84353
1.7253,0.2346,38.58,95,92,84357
1.7351,0.2346,38.55,95,92,84360
1.7351,0.2297,38.62,95,92,84363
1.7840,0.2395,38.33,95,92,84366
1.7595,0.2688,38.52,95,92,84370
1.7546,0.2346,38.62,95,92,84373
1.7742,0.2395,38.55,95,92,84376
1.7937,0.2346,38.62,95,92,84379
1.8280,0.2395,38.33,95,92,84383
1.7986,0.2297,38.55,95,92,84386
1.7889,0.2346,38.58,95,92,84389
1.7937,0.2297,38.55,95,92,84392
1.7889,0.2297,38.62,95,92,84397
1.8377,0.2395,38.36,95,92,84400
1.7937,0.2346,38.55,95,92,84403
1.7986,0.2493,38.62,95,92,84406
1.8133,0.2395,38.58,95,92,84410
1.8035,0.2297,38.58,95,92,84413
1.8622,0.2444,38.36,95,92,84416
1.8426,0.2395,38.55,95,92,84419
1.8426,0.2297,38.62,95,92,84423
1.8671,0.2395,38.55,95,92,84426
1.8573,0.2346,38.62,95,92,84429
1.9208,0.2346,38.36,95,92,84432
1.9550,0.2493,38.43,95,92,84436
1.8915,0.2346,38.55,95,92,84440
1.8768,0.2297,38.55,95,92,84443
1.8671,0.2346,38.58,95,92,84447
1.8573,0.2346,38.62,95,92,84450
1.8964,0.2590,38.40,95,92,84453
1.8475,0.2395,38.55,95,92,84456
1.8328,0.2297,38.55,95,92,84460
1.8573,0.2395,38.58,95,92,84463
1.8377,0.2297,38.68,95,92,84466
1.8964,0.2493,38.36,95,92,84469
1.8573,0.2395,38.49,95,92,84473
1.8426,0.2297,38.55,95,92,84476
1.8475,0.2346,38.52,95,92,84480
1.8377,0.2346,38.62,95,92,84483
1.8915,0.2542,38.36,95,92,84487
1.8475,0.2346,38.52,95,92,84490
1.8426,0.2297,38.58,95,92,84493
1.8475,0.2346,38.58,95,92,84496
1.8377,0.2346,38.62,95,92,84500
1.8915,0.2590,38.36,95,92,84503
1.8524,0.2346,38.49,95,92,84506
1.8328,0.2346,38.58,95,92,84509
1.8377,0.2199,38.58,95,92,84513
1.8231,0.2297,38.58,95,92,84516
1.8719,0.2493,38.36,95,92,84519
1.8280,0.2297,38.49,95,92,84523
1.8475,0.2444,38.55,95,92,84527
1.8182,0.2346,38.46,95,92,84530
1.8084,0.2346,38.58,95,92,84533
1.8573,0.2688,38.33,95,92,84536
1.8133,0.2639,38.52,95,92,84540
1.8084,0.2297,38.62,95,92,84543
1.8231,0.2346,38.58,95,92,84546
1.8084,0.2346,38.62,95,92,84549
1.8671,0.2493,38.33,95,92,84553
1.8328,0.2395,38.62,95,92,84556
1.8280,0.2248,38.58,95,92,84559
1.8377,0.2346,38.62,95,92,84562
1.8377,0.2297,38.68,95,92,84567
1.8915,0.2493,38.33,95,92,84570
1.8475,0.2297,38.49,95,92,84573
1.8328,0.2248,38.58,95,92,84576
1.8328,0.2346,38.65,95,92,84580
1.8182,0.2297,38.62,95,92,84583
1.8671,0.2395,38.33,95,92,84586
1.8231,0.2346,38.52,95,92,84589
1.8231,0.2346,38.68,95,92,84593
1.8475,0.2395,38.55,95,92,84596
1.8377,0.2346,38.62,95,92,84599
1.8964,0.2639,38.36,95,92,84602
1.8719,0.2346,38.46,95,92,84606
1.8622,0.2297,38.58,95,92,84610
1.8817,0.2395,38.58,95,92,84613
1.8768,0.2493,38.62,95,92,84616
1.9404,0.2444,38.36,95,92,84620
1.9110,0.2346,38.52,95,92,84623
1.9110,0.2346,38.58,95,92,84626
1.9257,0.2346,38.68,95,92,84629
1.9208,0.2297,38.62,95,92,84633
1.9746,0.2542,38.30,95,92,84636
1.9404,0.2786,38.55,95,92,84639
1.9550,0.2297,38.62,95,92,84642
1.9746,0.2346,38.62,95,92,84646
2.0039,0.2346,38.58,95,92,84649
2.0283,0.2444,38.27,95,92,84653
1.9892,0.2395,38.52,95,92,84656
1.9550,0.2346,38.62,95,92,84660
1.9501,0.2395,38.52,95,92,84663
1.9159,0.2297,38.65,95,92,84666
1.9453,0.2395,38.30,95,92,84669
1.8915,0.2346,38.52,95,92,84673
1.8622,0.2297,38.77,95,92,84676
1.8622,0.2346,38.58,95,92,84679
1.8475,0.2346,38.62,95,92,84682
1.8768,0.2395,38.46,95,92,84686
1.8231,0.2297,38.90,95,92,84689
1.8133,0.2346,38.62,95,92,84692
1.8084,0.2346,38.58,95,92,84696
1.7840,0.2346,38.62,95,92,84700
1.8231,0.2395,38.40,95,92,84703
1.7986,0.2346,38.49,95,92,84706
1.7840,0.2639,38.65,95,92,84709
1.8035,0.2395,38.55,95,92,84713
1.7986,0.2297,38.68,95,92,84716
1.8524,0.2395,38.36,95,92,84719
1.8280,0.2395,38.55,95,92,84722
1.8280,0.2395,38.49,95,92,84726
1.8377,0.2395,38.55,95,92,84729
1.8133,0.2346,38.62,95,92,84732
1.8377,0.2542,38.36,95,92,84736
1.7840,0.2346,38.55,95,92,84740
1.7889,0.2297,38.74,95,92,84743
1.8182,0.2297,38.58,95,92,84746
1.8426,0.2346,38.65,95,92,84749
1.9453,0.2444,38.36,95,92,84753
1.9941,0.2395,38.55,95,92,84756
2.0772,0.2297,38.62,95,92,84759
2.2336,0.2395,38.55,95,92,84762
2.3949,0.2542,38.62,95,92,84766
2.6784,0.2395,38.33,95,92,84769
2.8690,0.2297,38.52,95,92,84772
3.1134,0.2639,38.58,95,92,84775
3.3871,0.2346,38.62,95,92,84780
3.5337,0.2346,38.58,95,92,84783
3.6706,0.2395,38.33,95,92,84786
3.4506,0.2297,38.52,95,92,84789
3.1574,0.2346,38.62,95,92,84793
2.8104,0.2444,38.55,95,92,84796
2.4340,0.2248,38.62,95,92,84799
2.1701,0.2395,38.33,95,92,84802
1.8866,0.2346,38.52,95,92,84806
1.6520,0.2444,38.65,95,92,84809
1.5103,0.2395,38.77,95,92,84812
1.3734,0.2346,38.58,95,92,84815
1.3343,0.2639,38.33,95,92,84819
1.2708,0.2346,38.49,95,92,84823
1.2512,0.2297,38.58,95,92,84826
1.2708,0.2493,38.55,95,92,84829
1.2708,0.2297,38.68,95,92,84833
1.3196,0.2395,38.36,95,92,84836
1.3148,0.2248,38.58,95,92,84839
1.3441,0.2248,38.58,95,92,84842
1.3832,0.2395,38.62,95,92,84846
1.4027,0.2297,38.62,95,92,84849
1.4809,0.2395,38.36,95,92,84852
1.4565,0.2688,38.52,95,92,84855
1.4614,0.2297,38.62,95,92,84859
1.5005,0.2297,38.52,95,92,84862
1.4956,0.2346,38.62,95,92,84866
1.5347,0.2395,38.36,95,92,84869
1.5200,0.2346,38.58,95,92,84873
1.5445,0.2346,38.62,95,92,84876
1.5494,0.2395,38.52,95,92,84879
1.5396,0.2297,38.55,95,92,84882
1.5738,0.2346,38.33,95,92,84886
1.5738,0.2346,38.68,95,92,84889
1.5982,0.2688,38.62,95,92,84892
1.6227,0.2395,38.58,95,92,84895
1.6129,0.2297,38.62,95,92,84899
1.6373,0.2395,38.36,95,92,84902
1.6178,0.2297,38.55,95,92,84905
1.5982,0.2297,38.71,95,92,84909
1.6178,0.2395,38.52,95,92,84913
1.5934,0.2297,38.65,95,92,84916
1.6325,0.2346,38.40,95,92,84919
1.6080,0.2297,38.52,95,92,84922
1.6031,0.2297,38.62,95,92,84926
1.6129,0.2444,38.52,95,92,84929
1.5885,0.2297,38.62,95,92,84932
1.6178,0.2346,38.40,95,92,84935
1.5787,0.2346,38.68,95,92,84939
1.5836,0.2297,38.65,95,92,84942
1.6031,0.2395,38.65,95,92,84945
1.5934,0.2297,38.62,95,92,84948
1.6520,0.2346,38.40,95,92,84953
1.6080,0.2346,38.52,95,92,84956
1.6080,0.2297,38.62,95,92,84959
1.6276,0.2395,38.49,95,92,84962
1.6129,0.2297,38.52,95,92,84966
1.6373,0.2297,38.40,95,92,84969
1.6129,0.2346,38.55,95,92,84972
1.6178,0.2346,38.65,95,92,84975
1.6325,0.2395,38.52,95,92,84979
1.6276,0.2297,38.62,95,92,84982
1.6520,0.2346,38.40,95,92,84985
1.6325,0.2297,38.68,95,92,84988
1.6422,0.2297,38.58,95,92,84993
1.6618,0.2395,38.52,95,92,84996
1.6520,0.2346,38.62,95,92,84999
1.6716,0.2346,38.40,95,92,85002
1.6618,0.2297,38.49,95,92,85006
1.6667,0.2297,38.58,95,92,85009
1.6911,0.2346,38.49,95,92,85012
1.6911,0.2346,38.58,95,92,85015
1.7400,0.2297,38.40,95,92,85019
1.7302,0.2346,38.55,95,92,85022
1.7546,0.2590,38.62,95,92,85025
1.7889,0.2346,38.49,95,92,85028
1.8231,0.2346,38.58,95,92,85032
1.8328,0.2346,38.40,95,92,85036
1.8328,0.2297,38.81,95,92,85039
1.8524,0.2297,38.62,95,92,85042
1.9110,0.2346,38.49,95,92,85046
2.0235,0.2346,38.62,95,92,85049
2.0235,0.2395,38.58,95,92,85052
2.0723,0.2346,38.36,95,92,85056
2.0235,0.2297,38.52,95,92,85059
2.0039,0.2248,38.58,95,92,85062
2.0186,0.2346,38.55,95,92,85065
2.0235,0.2346,38.62,95,92,85069
2.0332,0.2395,38.36,95,92,85072
1.9795,0.2248,38.52,95,92,85075
1.9844,0.2297,38.65,95,92,85079
2.0332,0.2395,38.55,95,92,85083
1.9892,0.2346,38.68,95,92,85086
2.0430,0.2346,38.40,95,92,85089
2.0088,0.2346,38.52,95,92,85092
1.9795,0.2297,38.71,95,92,85096
1.9892,0.2395,38.40,95,92,85099
1.9599,0.2297,38.62,95,92,85102
2.0039,0.2444,38.33,95,92,85105
1.9550,0.2346,38.58,95,92,85109
1.9404,0.2297,38.62,95,92,85112
1.9648,0.2542,38.52,95,92,85115
1.9501,0.2297,38.58,95,92,85118
1.9844,0.2346,38.36,95,92,85123
1.9355,0.2297,38.58,95,92,85126
1.9257,0.2395,38.58,95,92,85129
1.9404,0.2395,38.71,95,92,85132
1.9110,0.2297,38.62,95,92,85136
1.9550,0.2444,38.36,95,92,85139
1.9306,0.2297,38.55,95,92,85142
1.9208,0.2297,38.68,95,92,85145
1.9404,0.2297,38.52,95,92,85149
1.9110,0.2199,38.68,95,92,85152
1.9355,0.2346,37.93,95,92,85155
1.8915,0.2297,38.55,95,92,85158
1.9208,0.2297,38.62,95,92,85163
1.9062,0.2395,38.52,95,92,85166
1.8866,0.2346,38.62,95,92,85169
1.9208,0.2346,38.43,95,92,85172
1.8817,0.2248,38.62,95,92,85176
1.8817,0.2297,38.68,95,92,85179
1.9013,0.2395,38.55,95,92,85182
1.8768,0.2297,38.58,95,92,85185
1.9257,0.2590,38.36,95,92,85189
1.9159,0.2297,38.49,95,92,85192
1.9159,0.2297,38.62,95,92,85195
1.9257,0.2346,38.46,95,92,85198
1.9062,0.2248,38.62,95,92,85202
1.9453,0.2346,38.40,95,92,85206
1.9355,0.2297,38.52,95,92,85209
1.9501,0.2248,38.62,95,92,85212
1.9844,0.2346,38.49,95,92,85216
1.9795,0.2297,38.58,95,92,85219
2.0088,0.2395,38.36,95,92,85222
1.9795,0.2688,38.58,95,92,85225
1.9795,0.2297,38.62,95,92,85229
1.9941,0.2346,38.49,95,92,85232
1.9746,0.2346,38.62,95,92,85235
2.0137,0.2346,38.40,95,92,85238
1.9941,0.2297,38.52,95,92,85242
1.9892,0.2199,38.62,95,92,85245
2.0235,0.2346,38.49,95,92,85249
2.0235,0.2297,38.65,95,92,85252
2.0772,0.2346,38.40,95,92,85256
2.0919,0.2346,38.62,95,92,85259
2.0674,0.2248,38.62,95,92,85262
2.0821,0.2346,38.49,95,92,85265
2.0479,0.2346,38.65,95,92,85269
2.0528,0.2346,38.68,95,92,85272
2.0088,0.2297,38.62,95,92,85275
1.9892,0.2199,38.62,95,92,85278
1.9941,0.2395,38.15,95,92,85281
1.9453,0.2297,38.62,95,92,85285
1.9453,0.2297,38.43,95,92,85288
1.9110,0.2346,38.55,95,92,85292
1.9062,0.2297,38.68,95,92,85295
1.9159,0.2346,38.46,95,92,85299
1.8866,0.2297,38.62,95,92,85302
1.9062,0.2395,38.43,95,92,85305
1.8719,0.2297,38.55,95,92,85308
1.8573,0.2297,38.65,95,92,85312
1.8573,0.2395,38.55,95,92,85315
1.8328,0.2297,38.62,95,92,85318
1.8524,0.2297,38.46,95,92,85321
1.8328,0.2297,38.62,95,92,85325
1.8426,0.2102,38.62,95,92,85328
1.8768,0.2346,38.46,95,92,85331
1.8524,0.2297,38.58,95,92,85336
1.8768,0.2297,38.43,95,92,85339
1.8671,0.2297,38.52,95,92,85342
1.8377,0.2297,38.62,95,92,85345
1.8573,0.2395,38.52,95,92,85349
1.8524,0.2297,38.62,95,92,85352
1.8866,0.2346,38.46,95,92,85355
1.8817,0.2248,38.62,95,92,85358
1.8964,0.2297,38.81,95,92,85362
1.9306,0.2297,38.49,95,92,85365
1.9697,0.2346,38.58,95,92,85368
2.0235,0.2297,38.40,95,92,85371
2.0723,0.2297,38.65,95,92,85374
2.1994,0.2297,38.58,95,92,85379
2.4047,0.2493,38.46,95,92,85382
2.5709,0.2297,38.58,95,92,85385
2.8201,0.2395,38.49,95,92,85388
3.0010,0.2248,38.62,95,92,85392
3.2111,0.2199,38.62,95,92,85395
3.3822,0.2248,38.49,95,92,85398
3.3480,0.2297,38.62,95,92,85401
3.2209,0.2346,38.49,95,92,85405
2.8739,0.2297,38.62,95,92,85408
2.5415,0.2297,38.71,95,92,85411
2.2630,0.2297,38.52,95,92,85414
2.0088,0.2493,38.62,95,92,85419
1.8377,0.2297,38.49,95,92,85422
1.6618,0.2297,38.58,95,92,85425
1.5543,0.2297,38.68,95,92,85428
1.5103,0.2395,38.46,95,92,85432
1.4516,0.2297,38.62,95,92,85435
1.4516,0.2297,38.49,95,92,85438
1.4712,0.2346,38.62,95,92,85441
1.4565,0.2346,38.58,95,92,85445
1.4907,0.2346,38.02,95,92,85448
1.4907,0.2297,38.58,95,92,85451
1.5347,0.2395,38.46,95,92,85454
1.5543,0.2297,38.62,95,92,85458
1.5982,0.2297,38.62,95,92,85462
1.6178,0.2346,38.55,95,92,85465
1.5836,0.2297,38.65,95,92,85468
1.5885,0.2346,38.49,95,92,85472
1.5934,0.2297,38.62,95,92,85475
1.6471,0.2248,38.62,95,92,85478
1.6716,0.2297,38.46,95,92,85481
1.6520,0.2346,38.58,95,92,85485
1.6862,0.2395,38.49,95,92,85488
1.6960,0.2297,38.65,95,92,85491
1.7155,0.2297,38.65,95,92,85494
1.7400,0.2395,38.62,95,92,85498
1.7498,0.2346,38.58,95,92,85501
1.7644,0.2346,38.49,95,92,85505
1.7546,0.2297,38.71,95,92,85508
1.7693,0.2297,38.58,95,92,85512
1.8035,0.2346,38.52,95,92,85515
1.8035,0.2493,38.62,95,92,85518
1.8328,0.2297,38.46,95,92,85521
1.8133,0.2297,38.62,95,92,85525
1.8035,0.2297,38.62,95,92,85528
1.8084,0.2346,38.46,95,92,85531
1.7693,0.2297,38.62,95,92,85534
1.7742,0.2297,38.46,95,92,85538
1.7595,0.2346,38.62,95,92,85541
1.7595,0.2297,38.71,95,92,85544
1.7791,0.2395,38.49,95,92,85548
1.7840,0.2346,38.58,95,92,85552
1.7889,0.2346,38.40,95,92,85555
1.7986,0.2346,38.65,95,92,85558
1.8133,0.2297,38.62,95,92,85561
1.8084,0.2444,38.55,95,92,85565
1.7693,0.2297,38.68,95,92,85568
1.7791,0.2346,38.49,95,92,85571
1.7498,0.2297,38.65,95,92,85574
1.7595,0.2395,38.58,95,92,85578
1.7889,0.2395,38.43,95,92,85581
1.7498,0.2297,38.58,95,92,85584
1.7595,0.2346,38.46,95,92,85587
1.7498,0.2297,38.58,95,92,85592
1.7644,0.2297,38.62,95,92,85595
1.8035,0.2297,38.46,95,92,85598
1.7889,0.2346,38.58,95,92,85601
1.8035,0.2297,37.74,95,92,85605
1.7840,0.2346,38.68,95,92,85608
1.7986,0.2297,38.62,95,92,85611
1.8084,0.2395,38.52,95,92,85614
1.7986,0.2297,38.58,95,92,85618
1.8280,0.2395,38.49,95,92,85621
1.8377,0.2346,38.65,95,92,85624
1.8182,0.2297,38.08,95,92,85627
1.8573,0.2444,38.43,95,92,85632
1.8328,0.2346,38.58,95,92,85635
1.8671,0.2444,38.46,95,92,85638
1.8622,0.2297,38.68,95,92,85641
1.8573,0.2297,38.62,95,92,85645
1.8866,0.2346,38.49,95,92,85648
1.8671,0.2297,38.55,95,92,85651
1.9013,0.2297,38.49,95,92,85654
1.8866,0.2346,38.62,95,92,85658
1.9550,0.2297,38.15,95,92,85661
1.9844,0.2199,38.62,95,92,85664
2.0186,0.2493,38.55,95,92,85668
1.9795,0.2297,38.52,95,92,85671
1.9941,0.2297,38.49,95,92,85675
1.9892,0.2248,38.55,95,92,85678
1.9501,0.2297,38.58,95,92,85682
1.9355,0.2346,37.90,95,92,85685
1.8964,0.2297,38.58,95,92,85688
1.9306,0.2346,38.46,95,92,85691
1.9159,0.2297,38.65,95,92,85695
1.9208,0.2248,38.62,95,92,85698
1.9257,0.2346,38.52,95,92,85701
1.9013,0.2297,38.71,95,92,85704
1.9355,0.2346,38.49,95,92,85708
1.9159,0.2297,38.62,95,92,85711
1.9110,0.2297,38.62,95,92,85714
1.9404,0.2395,38.55,95,92,85718
1.9110,0.2346,38.62,95,92,85722
1.9550,0.2395,38.49,95,92,85725
1.8915,0.2248,38.58,95,92,85728
1.8768,0.2297,38.62,95,92,85731
1.9062,0.2346,38.52,95,92,85735
1.8719,0.2297,38.58,95,92,85738
1.8866,0.2395,38.49,95,92,85741
1.8573,0.2346,38.58,95,92,85744
1.8524,0.2395,38.62,95,92,85748
1.8671,0.2297,38.49,95,92,85751
1.8719,0.2297,38.58,95,92,85754
1.9110,0.2444,38.49,95,92,85757
1.8915,0.2248,38.62,95,92,85762
1.8719,0.2297,38.65,95,92,85765
1.8915,0.2395,38.46,95,92,85768
1.8573,0.2297,38.58,95,92,85771
1.8719,0.2346,38.46,95,92,85775
1.8328,0.2297,38.46,95,92,85778
1.8328,0.2297,38.62,95,92,85781
1.8475,0.2395,38.52,95,92,85784
1.8426,0.2297,38.62,95,92,85788
1.8817,0.2346,38.46,95,92,85791
1.8768,0.2346,38.62,95,92,85794
1.8622,0.2346,38.62,95,92,85797
1.8915,0.2395,38.52,95,92,85801
1.8866,0.2297,38.62,95,92,85805
1.9159,0.2297,38.52,95,92,85808
1.8768,0.2297,38.62,95,92,85811
1.8719,0.2297,38.65,95,92,85815
1.8964,0.2395,38.46,95,92,85818
1.8817,0.2297,38.30,95,92,85821
1.9062,0.2346,38.46,95,92,85824
1.8866,0.2248,38.58,95,92,85828
1.8719,0.2297,38.68,95,92,85831
1.8817,0.2395,38.52,95,92,85834
1.8719,0.2346,38.58,95,92,85837
1.9062,0.2297,38.46,95,92,85841
1.8768,0.2346,38.58,95,92,85844
1.8768,0.2248,38.62,95,92,85848
1.8915,0.2346,37.90,95,92,85851
1.8671,0.2346,38.58,95,92,85855
1.8866,0.2297,38.46,95,92,85858
1.8622,0.2297,38.58,95,92,85861
1.8719,0.2297,38.62,95,92,85864
1.9257,0.2395,38.46,95,92,85868
1.9159,0.2346,38.58,95,92,85871
1.9453,0.2346,38.43,95,92,85874
1.9306,0.2297,38.65,95,92,85877
1.9355,0.2297,38.62,95,92,85881
1.9844,0.2346,38.49,95,92,85884
1.9159,0.2346,38.55,95,92,85888
1.9208,0.2297,38.46,95,92,85891
1.8866,0.2102,38.62,95,92,85895
1.8671,0.2346,38.65,95,92,85898
1.8573,0.2346,38.62,95,92,85901
1.8231,0.2297,38.58,95,92,85904
1.8573,0.2346,38.46,95,92,85908
1.8280,0.2346,38.62,95,92,85911
1.7889,0.2297,38.55,95,92,85914
1.8133,0.2395,38.43,95,92,85917
1.7889,0.2297,38.62,95,92,85921
1.7986,0.2346,38.46,95,92,85924
1.7546,0.2493,38.62,95,92,85927
1.7351,0.2297,38.62,95,92,85931
1.7546,0.2297,38.49,95,92,85935
1.7449,0.2346,38.58,95,92,85938
1.7693,0.2346,38.52,95,92,85941
1.7498,0.2297,38.62,95,92,85944
1.7449,0.2346,38.62,95,92,85948
1.7791,0.2346,38.55,95,92,85951
1.7546,0.2297,38.62,95,92,85954
1.7889,0.2297,38.46,95,92,85957
1.7791,0.2297,38.62,95,92,85961
1.7791,0.2297,38.62,95,92,85964
1.8182,0.2346,38.33,95,92,85967
1.8035,0.2248,38.58,95,92,85970
1.8475,0.2297,38.46,95,92,85975
1.8817,0.2346,38.65,95,92,85978
1.8817,0.2297,38.71,95,92,85981
1.9648,0.2395,38.46,95,92,85984
2.0186,0.2346,38.58,95,92,85988
2.1554,0.2297,38.49,95,92,85991
2.2874,0.2297,38.62,95,92,85994
2.4927,0.2297,38.62,95,92,85997
2.7664,0.2395,38.55,95,92,86001
3.0059,0.2297,38.52,95,92,86004
3.2454,0.2346,38.46,95,92,86007
3.3187,0.2346,38.62,95,92,86010
3.2307,0.2297,38.62,95,92,86014
3.0499,0.2395,38.43,95,92,86018
2.6784,0.2346,38.58,95,92,86021
2.3509,0.2346,38.46,95,92,86024
2.0332,0.2297,38.71,95,92,86028
1.7937,0.2102,38.62,95,92,86031
1.6373,0.2444,38.49,95,92,86034
1.4858,0.2297,38.62,95,92,86037
1.3978,0.2346,38.49,95,92,86041
1.3294,0.2346,38.58,95,92,86044
1.2903,0.2248,38.62,95,92,86047
1.2952,0.2395,38.52,95,92,86050
1.2708,0.2346,38.58,95,92,86054
1.3001,0.2297,37.96,95,92,86057
1.3196,0.2297,38.74,95,92,86061
1.3490,0.2297,38.58,95,92,86064
1.3930,0.2688,38.49,95,92,86068
1.3881,0.2346,38.58,95,92,86071
1.4076,0.2346,38.52,95,92,86074
1.4125,0.2590,38.62,95,92,86077
1.4370,0.2297,38.62,95,92,86081
1.4712,0.2395,38.46,95,92,86084
1.4809,0.2346,38.55,95,92,86087
1.4809,0.2297,38.65,95,92,86090
1.4858,0.2346,38.62,95,92,86094
1.5054,0.2297,38.62,95,92,86097
1.5591,0.2395,38.49,95,92,86100
1.5543,0.2297,38.55,95,92,86104
1.5640,0.2297,38.52,95,92,86108
1.5689,0.2346,38.58,95,92,86111
1.5689,0.2542,38.58,95,92,86114
1.6129,0.2395,38.43,95,92,86117
1.5934,0.2297,38.62,95,92,86121
1.5934,0.2248,38.55,95,92,86124
1.5885,0.2395,38.58,95,92,86127
1.5934,0.2297,38.58,95,92,86130
1.6422,0.2444,38.43,95,92,86134
1.6325,0.2444,38.55,95,92,86137
1.6373,0.2297,38.49,95,92,86140
1.6227,0.2346,38.58,95,92,86144
1.6325,0.2297,38.62,95,92,86148
1.6667,0.2444,38.46,95,92,86151
1.6471,0.2297,38.77,95,92,86154
1.6471,0.2297,38.52,95,92,86157
1.6471,0.2297,38.62,95,92,86161
1.6373,0.2346,38.62,95,92,86164
1.6716,0.2395,38.40,95,92,86167
1.6373,0.2395,38.46,95,92,86170
1.6178,0.2297,38.49,95,92,86174
1.6227,0.2346,38.62,95,92,86177
1.6178,0.2297,38.84,95,92,86180
1.6667,0.2493,38.40,95,92,86183
1.6422,0.2395,38.55,95,92,86188
1.6764,0.2346,38.52,95,92,86191
1.6373,0.2297,38.62,95,92,86194
1.6471,0.2297,38.65,95,92,86197
1.7009,0.2297,38.52,95,92,86201
1.6813,0.2395,38.52,95,92,86204
1.6813,0.2297,38.58,95,92,86207
1.6764,0.2297,38.52,95,92,86210
1.6862,0.2297,38.62,95,92,86214
1.7351,0.2444,38.46,95,92,86217
1.7107,0.2346,38.52,95,92,86220
1.7009,0.2297,38.87,95,92,86223
1.6911,0.2297,38.58,95,92,86227
1.6960,0.2346,38.68,95,92,86231
1.7498,0.2493,38.55,95,92,86234
1.7253,0.2297,38.58,95,92,86237
1.7155,0.2248,38.52,95,92,86241
1.7058,0.2542,38.62,95,92,86244
1.7009,0.2297,38.65,95,92,86247
1.7449,0.2493,38.43,95,92,86250
1.7009,0.2346,38.58,95,92,86254
1.7058,0.2248,38.62,95,92,86257
1.7155,0.2297,38.65,95,92,86260
1.7253,0.2346,38.62,95,92,86263
1.7937,0.2493,38.43,95,92,86267
1.8426,0.2395,38.43,95,92,86272
1.8328,0.2297,38.58,95,92,86276
1.8524,0.2395,38.46,95,92,86279
1.8377,0.2297,38.62,95,92,86282
1.8475,0.2297,38.62,95,92,86285
1.8768,0.2395,38.55,95,92,86289
1.9013,0.2346,38.58,95,92,86292
1.8817,0.2346,38.55,95,92,86295
1.8573,0.2444,38.62,95,92,86298
1.8573,0.2297,38.65,95,92,86302
1.8866,0.2444,38.46,95,92,86305
1.8475,0.2346,38.62,95,92,86308
1.8377,0.2395,38.46,95,92,86311
1.8035,0.2297,38.52,95,92,86316
1.7937,0.2102,38.62,95,92,86319
1.8231,0.2493,38.46,95,92,86322
1.7937,0.2297,38.65,95,92,86325
1.8035,0.2297,38.46,95,92,86329
1.7693,0.2346,38.58,95,92,86332
1.7595,0.2346,38.62,95,92,86335
1.7791,0.2493,38.52,95,92,86338
1.7742,0.2297,38.08,95,92,86342
1.8035,0.2346,38.49,95,92,86345
1.7742,0.2346,38.68,95,92,86348
1.7693,0.2297,38.08,95,92,86351
1.7937,0.2395,38.43,95,92,86355
1.7546,0.2346,38.58,95,92,86359
1.7595,0.2346,38.43,95,92,86362
1.7351,0.2297,38.62,95,92,86365
1.7253,0.2297,38.62,95,92,86369
1.7595,0.2395,38.49,95,92,86372
1.7449,0.2297,38.55,95,92,86375
1.7595,0.2297,38.55,95,92,86378
1.7302,0.2346,38.62,95,92,86382
1.7498,0.2102,38.62,95,92,86385
1.7742,0.2786,38.52,95,92,86388
1.7644,0.2346,37.80,95,92,86391
1.7791,0.2346,38.49,95,92,86395
1.7546,0.2346,38.68,95,92,86398
1.7595,0.2297,38.65,95,92,86402
1.7986,0.2395,38.43,95,92,86405
1.7840,0.2346,38.62,95,92,86409
1.7986,0.2395,38.49,95,92,86412
1.7889,0.2297,38.65,95,92,86415
1.7986,0.2346,38.62,95,92,86418
1.8426,0.2395,38.49,95,92,86422
1.8231,0.2248,38.58,95,92,86425
1.8475,0.2297,38.52,95,92,86428
1.8377,0.2297,38.58,95,92,86431
1.8426,0.2297,38.62,95,92,86435
1.8768,0.2444,38.55,95,92,86438
1.8671,0.2346,38.58,95,92,86441
1.8866,0.2346,38.49,95,92,86445
1.8719,0.2346,38.58,95,92,86449
1.8719,0.2346,38.58,95,92,86452
1.9062,0.2395,38.46,95,92,86455
1.8671,0.2297,38.52,95,92,86458
1.8768,0.2346,38.52,95,92,86462
1.8524,0.2346,38.62,95,92,86465
1.8524,0.2297,38.68,95,92,86468
1.8866,0.2395,38.49,95,92,86471
1.8817,0.2346,38.55,95,92,86475
1.8817,0.2542,38.49,95,92,86478
1.8719,0.2297,38.62,95,92,86481
1.8817,0.2297,38.58,95,92,86484
1.9257,0.2395,38.49,95,92,86489
1.9159,0.2346,38.58,95,92,86492
1.9306,0.2297,38.55,95,92,86495
1.9159,0.2297,38.62,95,92,86498
1.9062,0.2297,38.65,95,92,86502
1.9404,0.2395,38.36,95,92,86505
1.8915,0.2346,38.77,95,92,86508
1.8768,0.2297,38.49,95,92,86511
1.8426,0.2346,38.62,95,92,86515
1.8133,0.2444,38.62,95,92,86518
1.8328,0.2395,38.52,95,92,86521
1.8035,0.2346,38.58,95,92,86524
1.8035,0.2297,38.49,95,92,86529
1.7791,0.2297,38.62,95,92,86532
1.7644,0.2297,38.62,95,92,86535
1.7791,0.2444,38.52,95,92,86538
1.7400,0.2639,38.62,95,92,86542
1.7302,0.2297,38.52,95,92,86545
1.7107,0.2346,38.52,95,92,86548
1.7058,0.2248,38.68,95,92,86551
1.7351,0.2395,38.43,95,92,86555
1.7155,0.2346,37.87,95,92,86558
1.7204,0.2297,38.49,95,92,86561
1.7058,0.2297,38.58,95,92,86564
1.7107,0.2297,38.68,95,92,86568
1.7498,0.2297,38.46,95,92,86572
1.7498,0.2395,38.58,95,92,86575
1.7351,0.2297,38.49,95,92,86578
1.7302,0.2297,38.68,95,92,86582
1.7302,0.2297,38.62,95,92,86585
1.7693,0.2395,38.49,95,92,86588
1.7644,0.2346,38.52,95,92,86591
1.7889,0.2346,38.52,95,92,86595
1.8035,0.2297,38.58,95,92,86598
1.8622,0.2444,38.65,95,92,86601
1.9746,0.2395,38.30,95,92,86604
2.0577,0.2297,38.55,95,92,86608
2.1945,0.2346,38.52,95,92,86611
2.3705,0.2297,38.81,95,92,86615
2.5855,0.2346,38.65,95,92,86618
2.8739,0.2444,38.43,95,92,86622
3.0547,0.2346,38.58,95,92,86625
3.2160,0.2297,38.52,95,92,86628
3.2307,0.2395,38.55,95,92,86631
3.0987,0.2297,38.81,95,92,86634
2.9228,0.2493,38.49,95,92,86638
2.5367,0.2297,38.52,95,92,86641
2.2239,0.2297,38.58,95,92,86644
1.9599,0.2297,38.58,95,92,86647
1.7351,0.2248,38.62,95,92,86651
1.6129,0.2444,38.49,95,92,86654
1.4565,0.2395,38.58,95,92,86658
1.3636,0.2297,38.52,95,92,86661
1.3148,0.2395,38.65,95,92,86665
1.2854,0.2297,38.84,95,92,86668
1.3148,0.2493,38.43,95,92,86671
1.2708,0.2444,38.55,95,92,86674
1.2805,0.2590,38.58,95,92,86678
1.3050,0.2297,38.62,95,92,86681
1.3196,0.2297,38.62,95,92,86684
1.3832,0.2444,38.43,95,92,86687
1.3636,0.2395,38.52,95,92,86691
1.3734,0.2297,38.62,95,92,86694
1.4076,0.2297,38.55,95,92,86697
1.4223,0.2346,38.62,95,92,86701
1.4858,0.2493,38.49,95,92,86705
1.4712,0.2395,38.52,95,92,86708
1.4809,0.2102,38.62,95,92,86711
1.5005,0.2297,38.58,95,92,86714
1.5103,0.2297,38.62,95,92,86718
1.5787,0.2493,38.43,95,92,86721
1.5396,0.2395,38.52,95,92,86724
1.5494,0.2248,38.58,95,92,86727
1.5689,0.2346,38.58,95,92,86731
1.5689,0.2346,38.62,95,92,86734
1.6227,0.2493,38.62,95,92,86737
1.5934,0.2346,38.55,95,92,86740
1.5836,0.2102,38.58,95,92,86745
1.6031,0.2346,38.58,95,92,86748
1.6031,0.2297,38.65,95,92,86751
1.6618,0.2297,38.36,95,92,86754
1.6373,0.2297,38.49,95,92,86758
1.6276,0.2346,38.58,95,92,86761
1.6422,0.2346,37.99,95,92,86764
1.6520,0.2346,38.62,95,92,86767
1.6960,0.2835,38.33,95,92,86771
1.6618,0.2346,38.49,95,92,86774
1.6569,0.2248,38.62,95,92,86777
1.6764,0.2346,38.58,95,92,86780
1.6422,0.2346,38.58,95,92,86785
1.6813,0.2639,38.36,95,92,86788
1.6422,0.2297,38.55,95,92,86791
1.6520,0.2297,38.58,95,92,86794
1.6618,0.2346,38.58,95,92,86798
1.6276,0.2297,38.65,95,92,86801
1.6716,0.2297,38.36,95,92,86804
1.6373,0.2297,38.49,95,92,86807
1.6227,0.2346,38.58,95,92,86811
1.6276,0.2346,38.46,95,92,86814
1.6325,0.2297,38.58,95,92,86817
1.6813,0.2542,38.33,95,92,86820
1.6520,0.2346,38.49,95,92,86824
1.6569,0.2248,38.65,95,92,86828
1.6618,0.2346,38.58,95,92,86831
1.6520,0.2297,38.62,95,92,86834
1.7058,0.2737,38.33,95,92,86838
1.6764,0.2297,38.58,95,92,86841
1.6764,0.2102,38.58,95,92,86844
1.6764,0.2444,38.58,95,92,86847
1.6716,0.2297,38.65,95,92,86851
1.7204,0.2493,38.33,95,92,86854
1.6813,0.2297,38.49,95,92,86857
1.6716,0.2346,38.58,95,92,86860
1.6813,0.2346,38.62,95,92,86864
1.6764,0.2346,38.62,95,92,86867
1.7400,0.2444,38.33,95,92,86871
1.6960,0.2346,38.55,95,92,86874
1.7058,0.2297,38.68,95,92,86878
1.7204,0.2346,38.55,95,92,86881
1.7742,0.2297,38.49,95,92,86886
1.7840,0.2297,38.62,95,92,86889
1.8524,0.2395,38.40,95,92,86892
1.8231,0.2297,38.55,95,92,86895
1.8280,0.2297,38.65,95,92,86899
1.8280,0.2297,38.62,95,92,86902
1.8377,0.2395,38.62,95,92,86905
1.8915,0.2444,37.93,95,92,86908
1.8768,0.2395,38.62,95,92,86913
1.8768,0.2346,38.52,95,92,86916
1.8622,0.2493,38.58,95,92,86919
1.8426,0.2297,38.62,95,92,86922
1.8671,0.2444,38.46,95,92,86926
1.8231,0.2346,38.55,95,92,86929
1.8084,0.2248,38.52,95,92,86932
1.8035,0.2493,38.62,95,92,86935
1.8035,0.2297,38.62,95,92,86939
1.8524,0.2444,38.43,95,92,86942
1.8475,0.2395,38.52,95,92,86945
1.8182,0.2346,38.49,95,92,86948
1.8133,0.2297,38.62,95,92,86952
1.8133,0.2346,38.62,95,92,86956
1.8475,0.2493,38.43,95,92,86959
1.8133,0.2395,38.81,95,92,86962
1.8035,0.2297,38.52,95,92,86966
1.7986,0.2346,38.58,95,92,86969
1.7840,0.2395,38.62,95,92,86972
1.8328,0.2493,38.36,95,92,86975
1.8084,0.2297,38.55,95,92,86979
1.7937,0.2199,38.55,95,92,86982
1.7889,0.2346,38.58,95,92,86985
1.7840,0.2346,38.65,95,92,86988
1.8328,0.2444,38.43,95,92,86992
1.8035,0.2395,38.55,95,92,86995
1.8182,0.2346,38.55,95,92,86999
1.7840,0.2297,38.62,95,92,87002
1.7742,0.2297,38.74,95,92,87006
1.8231,0.2444,38.46,95,92,87009
1.7889,0.2346,38.55,95,92,87012
1.7889,0.2297,38.49,95,92,87015
1.7840,0.2346,38.62,95,92,87019
1.7742,0.2297,38.62,95,92,87022
1.8280,0.2493,38.46,95,92,87025
1.7986,0.2639,38.52,95,92,87028
1.7889,0.2297,38.55,95,92,87032
1.7889,0.2297,38.58,95,92,87035
1.7937,0.2395,38.68,95,92,87038
1.8426,0.2444,38.43,95,92,87042
1.8182,0.2395,38.43,95,92,87046
1.8133,0.2346,38.55,95,92,87049
1.8133,0.2395,38.68,95,92,87052
1.8133,0.2297,38.77,95,92,87055
1.8768,0.2493,38.43,95,92,87059
1.8524,0.2395,38.55,95,92,87062
1.8524,0.2346,38.55,95,92,87065
1.8573,0.2346,38.52,95,92,87068
1.8622,0.2297,38.71,95,92,87072
1.9159,0.2493,38.43,95,92,87075
1.8817,0.2395,38.55,95,92,87078
1.8622,0.2297,38.52,95,92,87081
1.8573,0.2346,38.65,95,92,87086
1.8524,0.2346,38.62,95,92,87089
1.9013,0.2395,38.43,95,92,87092
1.8719,0.2395,38.55,95,92,87095
1.8671,0.2248,38.52,95,92,87099
1.8671,0.2346,38.58,95,92,87102
1.8622,0.2346,38.68,95,92,87105
1.9355,0.2493,38.40,95,92,87108
1.9110,0.2395,38.52,95,92,87112
1.9355,0.2297,38.52,95,92,87115
1.9306,0.2346,38.65,95,92,87118
1.9208,0.2297,38.81,95,92,87121
1.9697,0.2493,38.40,95,92,87126
1.9062,0.2346,38.62,95,92,87129
1.8719,0.2297,38.55,95,92,87132
1.8475,0.2346,38.62,95,92,87135
1.8280,0.2346,38.62,95,92,87139
1.8671,0.2444,38.43,95,92,87142
1.8231,0.2395,38.52,95,92,87145
1.8035,0.2297,38.49,95,92,87148
1.8035,0.2395,38.58,95,92,87152
1.7840,0.2639,38.62,95,92,87155
1.8280,0.2493,38.40,95,92,87158
1.7693,0.2297,38.52,95,92,87161
1.7449,0.2297,38.58,95,92,87165
1.7400,0.2346,38.49,95,92,87169
1.7253,0.2297,38.68,95,92,87172
1.8133,0.2493,38.36,95,92,87175
1.7400,0.2395,38.52,95,92,87179
1.7302,0.2297,38.52,95,92,87182
1.7351,0.2346,38.24,95,92,87185
1.7351,0.2346,38.62,95,92,87188
1.7889,0.2542,38.43,95,92,87192
1.7498,0.2395,38.49,95,92,87195
1.7400,0.2297,38.58,95,92,87198
1.7449,0.2297,38.55,95,92,87201
1.7546,0.2346,38.62,95,92,87205
1.8133,0.2493,38.40,95,92,87208
1.7840,0.2346,38.87,95,92,87212
1.7889,0.2297,38.58,95,92,87215
1.8182,0.2395,38.58,95,92,87219
1.8426,0.2346,38.58,95,92,87222
1.9501,0.2493,38.40,95,92,87225
1.9795,0.2297,38.52,95,92,87228
2.0626,0.2248,38.58,95,92,87232
2.2043,0.2248,38.58,95,92,87235
2.3607,0.2297,38.68,95,92,87238
2.6540,0.2493,38.43,95,92,87241
2.8104,0.2444,38.49,95,92,87245
3.0108,0.2297,38.62,95,92,87248
3.1867,0.2297,38.58,95,92,87251
3.2111,0.2346,38.62,95,92,87255
3.1818,0.2493,38.36,95,92,87259
2.8592,0.2346,38.49,95,92,87262
2.5367,0.2297,38.55,95,92,87265
2.2483,0.2346,38.58,95,92,87268
1.9844,0.2248,38.62,95,92,87272
1.8280,0.2493,38.43,95,92,87275
1.6276,0.2297,38.49,95,92,87278
1.4907,0.2248,38.58,95,92,87281
1.4076,0.2346,38.58,95,92,87285
1.3490,0.2297,38.62,95,92,87288
1.3685,0.2542,38.33,95,92,87291
1.3099,0.2395,38.49,95,92,87294
1.3001,0.2297,38.58,95,92,87299
1.3196,0.2346,38.58,95,92,87302
1.3196,0.2346,38.62,95,92,87305
1.3783,0.2493,38.33,95,92,87308
1.3636,0.2346,38.58,95,92,87312
1.3783,0.2297,38.62,95,92,87315
1.3881,0.2346,38.58,95,92,87318
1.4125,0.2346,38.62,95,92,87321
1.4712,0.2786,38.33,95,92,87325
1.4614,0.2395,38.52,95,92,87328
1.4663,0.2297,38.58,95,92,87331
1.4858,0.2395,38.58,95,92,87334
1.4956,0.2395,38.62,95,92,87339
1.5543,0.2493,38.27,95,92,87342
1.5298,0.2346,38.46,95,92,87345
1.5249,0.2102,38.58,95,92,87348
1.5396,0.2395,38.58,95,92,87352
1.5445,0.2297,38.62,95,92,87355
1.6031,0.2493,38.30,95,92,87358
1.5689,0.2346,38.52,95,92,87361
1.5787,0.2297,38.55,95,92,87365
1.5934,0.2297,38.65,95,92,87368
1.6031,0.2346,38.62,95,92,87371
1.6569,0.2395,38.33,95,92,87374
1.6373,0.2346,38.55,95,92,87378
1.6373,0.2297,38.62,95,92,87382
1.6520,0.2297,38.71,95,92,87385
1.6422,0.2248,38.58,95,92,87388
1.6960,0.2444,38.30,95,92,87392
1.6667,0.2346,38.49,95,92,87395
1.6569,0.2346,38.58,95,92,87398
1.6618,0.2444,38.55,95,92,87401
1.6471,0.2297,38.71,95,92,87405
1.6862,0.2297,38.30,95,92,87408
1.6569,0.2346,38.52,95,92,87411
1.6520,0.2297,38.62,95,92,87414
1.6569,0.2346,38.58,95,92,87418
1.6520,0.2297,38.62,95,92,87421
1.6813,0.2542,38.30,95,92,87425
1.6471,0.2395,38.52,95,92,87428
1.6373,0.2346,38.62,95,92,87432
1.6520,0.2297,38.62,95,92,87435
1.6471,0.2346,38.68,95,92,87438
1.7058,0.2444,38.27,95,92,87441
1.6716,0.2346,38.46,95,92,87445
1.6667,0.2346,38.62,95,92,87448
1.7058,0.2444,38.58,95,92,87451
1.6813,0.2297,38.52,95,92,87454
1.7253,0.2444,38.33,95,92,87458
1.6862,0.2346,38.55,95,92,87461
1.6862,0.2346,38.62,95,92,87464
1.6960,0.2346,38.77,95,92,87468
1.6960,0.2297,38.62,95,92,87472
1.7498,0.2444,38.33,95,92,87475
1.7204,0.2444,38.55,95,92,87478
1.7155,0.2297,38.62,95,92,87481
1.7302,0.2395,38.58,95,92,87485
1.7204,0.2346,38.58,95,92,87488
1.7840,0.2444,38.33,95,92,87491
1.8280,0.2493,38.46,95,92,87496
1.8133,0.2444,38.55,95,92,87499
1.8182,0.2297,38.58,95,92,87502
1.8280,0.2346,38.62,95,92,87506
1.8377,0.2346,38.58,95,92,87510
1.8866,0.2493,38.43,95,92,87513
1.8622,0.2395,38.52,95,92,87516
1.8622,0.2346,38.55,95,92,87520
1.8671,0.2346,38.55,95,92,87523
1.8768,0.2297,38.58,95,92,87526
1.9306,0.2444,38.46,95,92,87529
1.9013,0.2395,38.58,95,92,87533
1.9257,0.2346,38.52,95,92,87536
1.8915,0.2297,38.58,95,92,87539
1.8964,0.2297,38.65,95,92,87542
1.9453,0.2297,38.46,95,92,87546
1.9013,0.2395,38.55,95,92,87549
1.8964,0.2346,38.55,95,92,87553
1.8915,0.2395,38.55,95,92,87556
1.8768,0.2297,38.52,95,92,87560
1.9062,0.2493,38.43,95,92,87563
1.8524,0.2395,38.55,95,92,87566
1.8280,0.2297,38.52,95,92,87569
1.8133,0.2444,38.71,95,92,87573
1.8084,0.2297,38.62,95,92,87576
1.8573,0.2444,38.40,95,92,87579
1.8280,0.2444,38.55,95,92,87582
1.8182,0.2297,38.62,95,92,87586
1.8133,0.2297,38.58,95,92,87589
1.8280,0.2346,38.58,95,92,87592
1.8524,0.2493,38.40,95,92,87596
1.8133,0.2395,38.55,95,92,87600
1.8377,0.2346,38.52,95,92,87603
1.8133,0.2542,38.62,95,92,87606
1.8084,0.2297,38.62,95,92,87609
1.8573,0.2493,38.43,95,92,87613
1.8133,0.2395,38.52,95,92,87616
1.7937,0.2542,38.52,95,92,87619
1.7937,0.2297,38.58,95,92,87622
1.7986,0.2297,38.62,95,92,87626
1.8524,0.2493,38.40,95,92,87629
1.8280,0.2395,38.52,95,92,87632
1.8084,0.2297,38.52,95,92,87635
1.8035,0.2346,38.62,95,92,87640
1.8035,0.2346,38.62,95,92,87643
1.8573,0.2493,38.33,95,92,87646
1.8231,0.2395,38.52,95,92,87649
1.8133,0.2346,38.58,95,92,87653
1.8231,0.2346,38.55,95,92,87656
1.8182,0.2346,38.62,95,92,87659
1.8719,0.2786,38.43,95,92,87662
1.8377,0.2395,37.74,95,92,87666
1.8280,0.2346,38.49,95,92,87669
1.8328,0.2346,38.62,95,92,87672
1.8280,0.2346,38.58,95,92,87675
1.8915,0.2493,38.43,95,92,87680
1.8573,0.2395,38.52,95,92,87683
1.8475,0.2346,38.58,95,92,87686
1.8475,0.2346,38.49,95,92,87689
1.8377,0.2297,38.62,95,92,87693
1.9208,0.2542,38.40,95,92,87696
1.8524,0.2444,38.52,95,92,87699
1.8622,0.2297,38.58,95,92,87702
1.8768,0.2297,38.58,95,92,87706
1.8768,0.2346,38.62,95,92,87709
1.9453,0.2493,38.36,95,92,87712
1.9208,0.2395,38.36,95,92,87715
1.9159,0.2297,38.58,95,92,87719
1.9257,0.2346,38.65,95,92,87723
1.9208,0.2346,38.62,95,92,87726
1.9795,0.2493,38.40,95,92,87729
1.9404,0.2395,38.52,95,92,87733
1.9306,0.2297,38.62,95,92,87736
1.9404,0.2346,38.58,95,92,87739
1.9404,0.2297,38.62,95,92,87742
2.0186,0.2493,38.36,95,92,87746
1.9404,0.2444,38.52,95,92,87749
1.8964,0.2297,38.58,95,92,87752
1.8817,0.2346,38.58,95,92,87755
1.8573,0.2297,38.62,95,92,87759
1.8964,0.2542,38.36,95,92,87762
1.8475,0.2395,38.49,95,92,87766
1.8133,0.2297,38.58,95,92,87769
1.8084,0.2346,38.62,95,92,87773
1.7986,0.2346,38.65,95,92,87776
1.8377,0.2493,38.33,95,92,87779
1.7937,0.2346,38.46,95,92,87782
1.7742,0.2297,38.62,95,92,87786
1.7693,0.2395,38.62,95,92,87789
1.7498,0.2297,38.58,95,92,87792
1.7937,0.2493,38.33,95,92,87795
1.7546,0.2297,38.55,95,92,87799
1.7546,0.2102,38.58,95,92,87802
1.7546,0.2395,38.58,95,92,87805
1.7400,0.2346,38.65,95,92,87809
1.7889,0.2493,38.36,95,92,87813
1.7498,0.2444,38.52,95,92,87816
1.7400,0.2346,38.87,95,92,87819
1.7449,0.2346,38.58,95,92,87822
1.7400,0.2346,38.62,95,92,87826
1.7889,0.2493,38.30,95,92,87829
1.7498,0.2395,38.46,95,92,87832
1.7498,0.2297,38.58,95,92,87835
1.7595,0.2346,38.58,95,92,87839
1.7840,0.2297,38.62,95,92,87842
1.8524,0.2493,38.33,95,92,87845
1.8328,0.2346,38.52,95,92,87848
1.8671,0.2102,38.58,95,92,87853
1.9013,0.2248,38.62,95,92,87856
1.9404,0.2590,38.62,95,92,87859
2.0626,0.2493,38.33,95,92,87862
2.1212,0.2395,38.55,95,92,87866
2.2385,0.2395,38.62,95,92,87869
2.4291,0.2395,38.62,95,92,87872
2.6393,0.2297,38.62,95,92,87875
2.9570,0.2493,38.43,95,92,87879
3.1134,0.2346,38.49,95,92,87882
3.2209,0.2297,38.87,95,92,87885
3.2063,0.2346,38.58,95,92,87888
3.0010,0.2346,38.62,95,92,87892
2.7859,0.2444,38.30,95,92,87896
2.4242,0.2346,38.55,95,92,87899
2.1310,0.2493,38.62,95,92,87902
1.9013,0.2395,38.58,95,92,87906
1.6911,0.2346,38.62,95,92,87909
1.5885,0.2444,38.30,95,92,87912
1.4418,0.2395,38.55,95,92,87915
1.3685,0.2297,38.74,95,92,87919
1.3392,0.2395,38.58,95,92,87922
1.3245,0.2346,38.62,95,92,87925
1.3245,0.2444,38.30,95,92,87928
1.2952,0.2395,38.52,95,92,87932
1.3099,0.2297,38.55,95,92,87936
1.3392,0.2346,38.58,95,92,87939
1.3441,0.2297,38.49,95,92,87942
1.4076,0.2444,38.33,95,92,87946
1.3881,0.2346,38.52,95,92,87949
1.4027,0.2297,38.62,95,92,87952
1.4223,0.2395,38.65,95,92,87955
1.4321,0.2297,38.74,95,92,87959
1.4907,0.2444,38.33,95,92,87962
1.4907,0.2444,38.52,95,92,87965
1.5103,0.2297,38.68,95,92,87968
1.5494,0.2395,38.30,95,92,87972
1.5543,0.2346,38.58,95,92,87975
1.6080,0.2395,38.33,95,92,87979
1.5738,0.2444,38.49,95,92,87982
1.5787,0.2297,38.68,95,92,87986
1.5885,0.2297,38.58,95,92,87989
1.5836,0.2395,38.68,95,92,87992
1.6276,0.2444,38.30,95,92,87995
1.5982,0.2297,38.55,95,92,87999
1.6129,0.2297,38.65,95,92,88002
1.6276,0.2395,38.58,95,92,88005
1.6373,0.2346,38.62,95,92,88008
1.6862,0.2444,38.36,95,92,88012
1.6667,0.2395,38.52,95,92,88015
1.6569,0.2346,38.62,95,92,88018
1.6764,0.2395,38.58,95,92,88022
1.6520,0.2395,38.58,95,92,88026
1.6960,0.2444,38.33,95,92,88029
1.6618,0.2346,38.52,95,92,88032
1.6764,0.2590,38.65,95,92,88035
1.7058,0.2395,38.65,95,92,88039
1.7058,0.2346,38.62,95,92,88042
1.7595,0.2444,38.33,95,92,88045
1.7204,0.2346,38.52,95,92,88048
1.7253,0.2297,38.68,95,92,88052
1.7449,0.2346,38.58,95,92,88055
1.7498,0.2444,38.62,95,92,88058
1.7546,0.2444,38.36,95,92,88061
1.7155,0.2395,38.43,95,92,88066
1.6911,0.2346,38.62,95,92,88069
1.6911,0.2395,38.55,95,92,88072
1.6862,0.2346,38.58,95,92,88075
1.7351,0.2395,38.33,95,92,88079
1.7204,0.2346,38.49,95,92,88082
1.7302,0.2346,38.62,95,92,88085
1.7498,0.2395,38.62,95,92,88088
1.7449,0.2346,38.62,95,92,88092
1.7986,0.2444,38.33,95,92,88095
1.7498,0.2346,38.55,95,92,88098
1.7498,0.2297,38.52,95,92,88101
1.7595,0.2395,38.58,95,92,88105
1.7644,0.2688,38.62,95,92,88110
1.7644,0.2346,38.62,95,92,88114
1.8133,0.2493,38.43,95,92,88117
1.7937,0.2395,38.52,95,92,88120
1.7791,0.2444,38.62,95,92,88123
1.7889,0.2346,38.71,95,92,88127
1.7986,0.2297,38.62,95,92,88130
1.8671,0.2493,38.40,95,92,88133
1.8426,0.2395,38.52,95,92,88136
1.8426,0.2297,38.55,95,92,88140
1.8475,0.2395,38.62,95,92,88143
1.8377,0.2297,38.62,95,92,88146
1.8964,0.2590,38.40,95,92,88150
1.8768,0.2395,38.55,95,92,88154
1.8768,0.2346,38.55,95,92,88157
1.8719,0.2346,38.62,95,92,88160
1.8671,0.2688,38.58,95,92,88163
1.9159,0.2493,38.46,95,92,88167
1.8768,0.2444,38.52,95,92,88170
1.8719,0.2346,38.55,95,92,88173
1.8866,0.2395,38.62,95,92,88176
1.9013,0.2346,38.62,95,92,88180
1.9648,0.2542,38.43,95,92,88183
1.9404,0.2395,38.55,95,92,88186
1.9355,0.2297,38.52,95,92,88189
1.9208,0.2346,38.58,95,92,88194
1.8915,0.2346,38.62,95,92,88197
1.9208,0.2493,38.43,95,92,88200
1.8622,0.2395,38.74,95,92,88203
1.8231,0.2297,38.55,95,92,88207
1.8182,0.2297,38.58,95,92,88210
1.8133,0.2395,38.62,95,92,88213
1.8817,0.2542,38.40,95,92,88216
1.8475,0.2444,38.49,95,92,88220
1.8377,0.2346,38.55,95,92,88223
1.8524,0.2346,38.58,95,92,88226
1.8328,0.2346,38.65,95,92,88229
1.8964,0.2493,38.43,95,92,88233
1.8719,0.2395,38.77,95,92,88237
1.8719,0.2102,38.58,95,92,88240
1.8817,0.2395,38.58,95,92,88243
1.8768,0.2346,38.68,95,92,88247
1.9159,0.2688,38.40,95,92,88250
1.8671,0.2297,38.52,95,92,88253
1.8475,0.2346,38.55,95,92,88256
1.8573,0.2346,38.58,95,92,88260
1.8524,0.2346,38.77,95,92,88263
1.9062,0.2493,38.40,95,92,88266
1.8719,0.2297,38.49,95,92,88269
1.8524,0.2542,38.62,95,92,88273
1.8671,0.2395,38.84,95,92,88276
1.8768,0.2346,38.62,95,92,88280
1.9306,0.2493,38.36,95,92,88283
1.8768,0.2444,38.55,95,92,88287
1.8622,0.2297,38.68,95,92,88290
1.8524,0.2395,38.58,95,92,88293
1.8573,0.2297,38.62,95,92,88296
1.9159,0.2493,38.36,95,92,88300
1.8817,0.2395,38.52,95,92,88303
1.8817,0.2297,38.58,95,92,88306
1.9013,0.2395,38.62,95,92,88309
1.9062,0.2346,38.58,95,92,88313
1.9697,0.2542,38.36,95,92,88316
1.9257,0.2395,38.46,95,92,88320
1.9159,0.2297,38.58,95,92,88323
1.9159,0.2395,38.62,95,92,88327
1.9110,0.2346,38.58,95,92,88330
1.9697,0.2493,38.40,95,92,88333
1.9306,0.2346,38.52,95,92,88336
1.9159,0.2248,38.62,95,92,88340
1.9306,0.2346,38.52,95,92,88343
1.9501,0.2346,38.62,95,92,88346
2.0235,0.2639,38.33,95,92,88349
1.9746,0.2346,38.65,95,92,88353
1.9550,0.2248,38.58,95,92,88356
1.9501,0.2395,38.62,95,92,88359
1.9453,0.2297,38.62,95,92,88363
2.0088,0.2493,38.36,95,92,88367
1.9844,0.2346,38.49,95,92,88370
1.9599,0.2395,38.58,95,92,88373
1.9599,0.2395,38.30,95,92,88376
1.9550,0.2346,38.62,95,92,88380
1.9941,0.2493,38.36,95,92,88383
1.9208,0.2444,38.52,95,92,88386
1.8915,0.2297,37.90,95,92,88389
1.8915,0.2395,38.58,95,92,88393
1.8915,0.2346,38.62,95,92,88396
1.9257,0.2493,38.30,95,92,88399
1.8817,0.2395,38.52,95,92,88402
1.8915,0.2346,38.62,95,92,88407
1.8524,0.2395,38.55,95,92,88410
1.8524,0.2493,38.62,95,92,88413
1.9110,0.2493,38.36,95,92,88416
1.8671,0.2346,38.49,95,92,88420
1.8524,0.2297,38.62,95,92,88423
1.8475,0.2444,38.58,95,92,88426
1.8426,0.2297,38.81,95,92,88429
1.9110,0.2493,38.36,95,92,88433
1.8671,0.2297,38.52,95,92,88436
1.8524,0.2346,38.62,95,92,88439
1.8475,0.2395,38.58,95,92,88442
1.8328,0.2297,38.65,95,92,88446
1.8817,0.2493,38.33,95,92,88450
1.8475,0.2395,38.52,95,92,88453
1.8328,0.2297,38.58,95,92,88456
1.8426,0.2395,38.55,95,92,88460
1.8426,0.2297,38.62,95,92,88463
1.9062,0.2493,38.33,95,92,88466
1.8866,0.2346,38.49,95,92,88469
1.9159,0.2297,37.83,95,92,88473
1.9746,0.2346,38.58,95,92,88476
2.0235,0.2346,38.62,95,92,88479
2.1652,0.2444,38.33,95,92,88482
2.2434,0.2297,38.52,95,92,88486
2.4145,0.2297,38.62,95,92,88489
2.6491,0.2444,38.58,95,92,88493
2.8983,0.2639,38.62,95,92,88496
3.2600,0.2444,38.33,95,92,88500
3.4164,0.2444,38.52,95,92,88503
3.4604,0.2297,38.93,95,92,88506
3.3627,0.2395,38.58,95,92,88509
3.0841,0.2297,38.62,95,92,88513
2.8006,0.2395,38.30,95,92,88516
2.3949,0.2346,38.52,95,92,88519
2.0870,0.2346,38.62,95,92,88522
1.8573,0.2444,38.55,95,92,88526
1.6764,0.2297,38.68,95,92,88529
1.5982,0.2444,38.33,95,92,88532
1.4712,0.2346,38.55,95,92,88536
1.4174,0.2395,38.68,95,92,88540
1.3978,0.2346,38.55,95,92,88543
1.3685,0.2297,38.81,95,92,88546
1.3832,0.2444,38.33,95,92,88549
1.3783,0.2346,38.52,95,92,88553
1.3930,0.2297,38.65,95,92,88556
1.4418,0.2395,38.58,95,92,88559
1.4663,0.2297,38.65,95,92,88562
1.5347,0.2444,38.33,95,92,88566
1.5200,0.2297,38.52,95,92,88569
1.5298,0.2297,38.62,95,92,88572
1.5640,0.2346,38.55,95,92,88576
1.5885,0.2297,37.90,95,92,88580
1.6569,0.2395,38.33,95,92,88583
1.6373,0.2346,38.55,95,92,88586
1.6422,0.2395,38.62,95,92,88589
1.6520,0.2395,38.58,95,92,88593
1.6520,0.2297,38.62,95,92,88596
1.7058,0.2395,38.36,95,92,88599
1.6911,0.2493,38.52,95,92,88602
1.6813,0.2297,38.71,95,92,88606
1.7009,0.2395,38.65,95,92,88609
1.6960,0.2346,38.62,95,92,88612
1.7351,0.2639,38.33,95,92,88615
1.7009,0.2297,38.49,95,92,88620
1.7009,0.2346,38.62,95,92,88623
1.7107,0.2493,38.55,95,92,88626
1.7107,0.2297,38.52,95,92,88629
1.7595,0.2395,38.33,95,92,88633
1.7302,0.2346,38.55,95,92,88636
1.7498,0.2346,38.62,95,92,88639
1.7742,0.2395,38.58,95,92,88642
1.7791,0.2297,38.58,95,92,88646
1.8475,0.2297,38.33,95,92,88649
1.8573,0.2346,38.58,95,92,88652
1.8328,0.2297,38.62,95,92,88655
1.8671,0.2395,38.58,95,92,88659
1.8622,0.2346,38.62,95,92,88663
1.9208,0.2395,38.36,95,92,88666
1.8719,0.2297,38.52,95,92,88669
1.8573,0.2297,38.62,95,92,88673
1.8426,0.2297,38.55,95,92,88676
1.8084,0.2346,38.68,95,92,88679
1.8328,0.2395,37.99,95,92,88682
1.7840,0.2297,38.62,95,92,88686
1.7791,0.2346,38.62,95,92,88689
1.7889,0.2444,38.55,95,92,88692
1.7791,0.2297,38.62,95,92,88695
1.8231,0.2395,38.36,95,92,88699
1.8035,0.2297,38.52,95,92,88702
1.8035,0.2542,38.62,95,92,88706
1.8377,0.2346,38.55,95,92,88709
1.8280,0.2297,38.68,95,92,88713
1.8768,0.2395,38.36,95,92,88716
1.9110,0.2493,38.46,95,92,88721
1.8768,0.2395,38.52,95,92,88724
1.8719,0.2297,38.58,95,92,88727
1.8768,0.2444,38.58,95,92,88730
1.8817,0.2297,38.65,95,92,88734
1.9453,0.2493,38.40,95,92,88737
1.9013,0.2395,38.55,95,92,88740
1.8866,0.2248,38.27,95,92,88743
1.8915,0.2346,38.58,95,92,88748
1.8915,0.2297,38.62,95,92,88751
1.9550,0.2590,38.40,95,92,88754
1.9208,0.2395,38.52,95,92,88757
1.9110,0.2248,38.58,95,92,88761
1.9257,0.2346,38.58,95,92,88764
1.9306,0.2395,38.65,95,92,88767
1.9990,0.2493,38.36,95,92,88770
1.9599,0.2346,38.52,95,92,88774
1.9550,0.2199,38.58,95,92,88777
1.9550,0.2346,38.65,95,92,88780
1.9404,0.2297,38.68,95,92,88783
1.9941,0.2542,38.36,95,92,88787
1.9599,0.2346,38.55,95,92,88791
1.9550,0.2248,38.52,95,92,88794
1.9746,0.2346,38.58,95,92,88797
2.0039,0.2297,38.62,95,92,88801
2.0381,0.2493,38.36,95,92,88804
1.9990,0.2346,38.43,95,92,88807
1.9892,0.2102,38.62,95,92,88810
1.9941,0.2346,38.58,95,92,88814
1.9795,0.2297,37.83,95,92,88817
2.0332,0.2493,38.33,95,92,88820
1.9648,0.2346,38.52,95,92,88823
1.9404,0.2248,38.68,95,92,88827
1.9257,0.2346,38.68,95,92,88830
1.9013,0.2297,38.62,95,92,88834
1.9453,0.2444,38.33,95,92,88837
1.9110,0.2346,38.55,95,92,88841
1.8964,0.2297,38.08,95,92,88844
1.9013,0.2346,38.58,95,92,88847
1.8768,0.2346,38.62,95,92,88850
1.9404,0.2444,38.27,95,92,88854
1.9013,0.2346,38.46,95,92,88857
1.8915,0.2297,38.62,95,92,88860
1.8964,0.2346,38.58,95,92,88863
1.8964,0.2297,38.58,95,92,88867
1.9453,0.2395,38.40,95,92,88870
1.8964,0.2297,38.55,95,92,88873
1.8964,0.2297,38.62,95,92,88877
1.9013,0.2346,38.55,95,92,88881
1.8866,0.2297,38.62,95,92,88884
1.9404,0.2444,38.46,95,92,88887
1.9013,0.2297,38.55,95,92,88890
1.8866,0.2297,38.62,95,92,88894
1.8964,0.2346,38.58,95,92,88897
1.8915,0.2297,38.58,95,92,88900
1.9501,0.2395,38.30,95,92,88903
1.9159,0.2297,38.58,95,92,88907
1.9110,0.2248,38.68,95,92,88910
1.9306,0.2346,38.58,95,92,88913
1.9306,0.2297,38.62,95,92,88916
1.9795,0.2542,38.27,95,92,88921
1.9306,0.2346,38.55,95,92,88924
1.9306,0.2297,38.71,95,92,88927
1.9550,0.2346,38.55,95,92,88930
1.9550,0.2297,38.62,95,92,88934
2.0137,0.2493,38.36,95,92,88937
1.9844,0.2297,38.55,95,92,88940
1.9795,0.2199,38.62,95,92,88943
1.9844,0.2346,38.62,95,92,88947
1.9795,0.2346,38.65,95,92,88950
2.0430,0.2395,38.43,95,92,88953
2.0088,0.2346,38.52,95,92,88956
2.0039,0.2542,38.68,95,92,88961
2.0088,0.2346,38.58,95,92,88964
1.9941,0.2248,38.62,95,92,88967
2.0381,0.2395,38.33,95,92,88970
1.9892,0.2297,38.62,95,92,88974
1.9941,0.2297,38.62,95,92,88977
2.0283,0.2444,38.55,95,92,88980
1.9795,0.2248,38.62,95,92,88983
2.0430,0.2395,38.43,95,92,88987
2.0577,0.2346,38.52,95,92,88990
2.0186,0.2297,38.62,95,92,88993
2.0381,0.2346,38.40,95,92,88996
2.0186,0.2297,38.62,95,92,89000
2.0577,0.2444,38.33,95,92,89004
2.0039,0.2297,38.58,95,92,89007
1.9746,0.2297,38.62,95,92,89010
1.9844,0.2346,38.55,95,92,89014
1.9306,0.2297,38.58,95,92,89017
1.9648,0.2395,38.33,95,92,89020
1.9013,0.2297,38.58,95,92,89023
1.9110,0.2297,38.62,95,92,89027
1.9159,0.2542,38.55,95,92,89030
1.8964,0.2297,38.58,95,92,89033
1.9306,0.2395,38.33,95,92,89036
1.8964,0.2346,38.49,95,92,89040
1.8671,0.2248,38.62,95,92,89043
1.8719,0.2542,38.55,95,92,89047
1.8622,0.2297,38.58,95,92,89050
1.9110,0.2395,38.36,95,92,89054
1.9013,0.2199,38.52,95,92,89057
1.8622,0.2297,38.58,95,92,89060
1.8719,0.2297,38.55,95,92,89063
1.8573,0.2297,38.62,95,92,89067
1.8964,0.2346,38.33,95,92,89070
1.8524,0.2297,38.62,95,92,89073
1.8573,0.2297,38.62,95,92,89076
1.8719,0.2297,38.55,95,92,89080
1.8622,0.2346,38.62,95,92,89083
1.8964,0.2395,38.33,95,92,89086
1.8768,0.2346,38.43,95,92,89090
1.8768,0.2297,38.62,95,92,89094
1.9257,0.2297,38.55,95,92,89097
1.9501,0.2199,38.68,95,92,89100
2.0577,0.2395,38.33,95,92,89103
2.0919,0.2297,38.55,95,92,89107
2.1994,0.2297,38.58,95,92,89110
2.3509,0.2346,38.55,95,92,89113
2.5220,0.2297,38.62,95,92,89116
2.8055,0.2737,38.36,95,92,89120
2.9863,0.2248,38.62,95,92,89123
3.2111,0.2297,38.62,95,92,89126
3.3822,0.2297,38.55,95,92,89129
3.3578,0.2297,38.62,95,92,89134
3.2551,0.2346,38.36,95,92,89137
2.9130,0.2346,38.62,95,92,89140
2.5513,0.2297,38.62,95,92,89143
2.2727,0.2395,38.52,95,92,89147
1.9892,0.2639,38.62,95,92,89150
1.8280,0.2346,38.36,95,92,89153
1.6422,0.2346,38.55,95,92,89156
1.5298,0.2102,38.62,95,92,89160
1.4663,0.2493,38.58,95,92,89163
1.4125,0.2297,38.62,95,92,89166
1.4321,0.2346,38.36,95,92,89169
1.3881,0.2248,38.36,95,92,89174
1.4027,0.2248,38.62,95,92,89177
1.4321,0.2346,38.58,95,92,89180
1.4370,0.2297,38.65,95,92,89183
1.4907,0.2346,38.36,95,92,89187
1.4809,0.2444,38.55,95,92,89190
1.4907,0.2297,38.62,95,92,89193
1.5298,0.2395,38.52,95,92,89196
1.5640,0.2297,38.62,95,92,89200
1.5836,0.2542,38.36,95,92,89203
1.5738,0.2297,38.62,95,92,89206
1.5885,0.2248,38.62,95,92,89209
1.6129,0.2444,38.55,95,92,89213
1.6080,0.2297,38.62,95,92,89217
1.6520,0.2297,38.36,95,92,89220
1.6276,0.2297,38.58,95,92,89223
1.6325,0.2199,38.62,95,92,89227
1.6520,0.2346,38.58,95,92,89230
1.6471,0.2297,38.55,95,92,89233
1.6911,0.2346,38.36,95,92,89236
1.6813,0.2346,38.52,95,92,89240
1.6764,0.2297,38.68,95,92,89243
1.7058,0.2395,38.52,95,92,89246
1.6813,0.2297,38.62,95,92,89249
1.7253,0.2395,38.36,95,92,89253
1.7009,0.2248,38.55,95,92,89256
1.7058,0.2248,38.62,95,92,89260
1.7204,0.2346,38.55,95,92,89263
1.7009,0.2395,38.58,95,92,89267
1.7351,0.2297,38.40,95,92,89270
1.7058,0.2297,38.65,95,92,89273
1.7253,0.2199,38.62,95,92,89276
1.7546,0.2444,38.62,95,92,89280
1.7400,0.2297,38.58,95,92,89283
1.7791,0.2297,38.40,95,92,89286
1.7546,0.2346,38.52,95,92,89289
1.7498,0.2248,38.77,95,92,89293
1.7742,0.2395,38.58,95,92,89296
1.7595,0.2297,38.62,95,92,89299
1.7889,0.2346,38.40,95,92,89303
1.7498,0.2297,38.46,95,92,89307
1.7351,0.2297,38.62,95,92,89310
1.7449,0.2395,38.55,95,92,89313
1.7253,0.2297,38.62,95,92,89316
1.7546,0.2346,38.46,95,92,89320
1.7253,0.2297,38.65,95,92,89323
1.7400,0.2248,38.65,95,92,89326
1.7546,0.2297,38.62,95,92,89329
1.7498,0.2297,38.58,95,92,89334
1.7498,0.2248,38.62,95,92,89337
1.8084,0.2395,38.33,95,92,89340
1.7791,0.2297,38.55,95,92,89345
1.7791,0.2248,38.62,95,92,89348
1.7937,0.2346,38.58,95,92,89351
1.7840,0.2297,38.18,95,92,89354
1.8377,0.2395,38.36,95,92,89358
1.8035,0.2297,38.55,95,92,89361
1.8084,0.2248,38.65,95,92,89364
1.8182,0.2297,38.55,95,92,89367
1.8182,0.2297,38.62,95,92,89371
1.8671,0.2297,38.30,95,92,89374
1.8426,0.2346,38.55,95,92,89377
1.8377,0.2248,38.65,95,92,89380
1.8573,0.2297,38.62,95,92,89384
1.8524,0.2297,38.62,95,92,89388
1.9013,0.2444,38.30,95,92,89391
1.8622,0.2297,38.52,95,92,89395
1.8622,0.2297,38.65,95,92,89398
1.8768,0.2297,38.58,95,92,89401
1.8719,0.2297,38.62,95,92,89404
1.9208,0.2395,38.36,95,92,89407
1.8768,0.2297,38.96,95,92,89411
1.8768,0.2248,38.62,95,92,89414
1.8964,0.2346,38.55,95,92,89417
1.8524,0.2444,38.62,95,92,89421
1.9013,0.2395,38.62,95,92,89424
1.8719,0.2297,38.52,95,92,89427
1.8573,0.2199,38.62,95,92,89431
1.8671,0.2395,38.55,95,92,89435
1.8622,0.2297,38.65,95,92,89438
1.9208,0.2346,38.30,95,92,89441
1.8866,0.2297,38.52,95,92,89444
1.8817,0.2248,38.62,95,92,89448
1.8866,0.2639,38.62,95,92,89451
1.8671,0.2297,38.62,95,92,89454
1.9013,0.2395,38.30,95,92,89457
1.8377,0.2248,38.55,95,92,89461
1.8280,0.2248,38.62,95,92,89464
1.8280,0.2297,38.55,95,92,89467
1.8084,0.2297,38.58,95,92,89470
1.8573,0.2395,38.33,95,92,89475
1.8280,0.2297,38.49,95,92,89478
1.8182,0.2102,38.62,95,92,89481
1.8426,0.2297,38.58,95,92,89484
1.8231,0.2248,38.58,95,92,89488
1.8768,0.2346,38.46,95,92,89491
1.8328,0.2297,37.74,95,92,89494
1.8231,0.2297,38.62,95,92,89497
1.8280,0.2346,38.68,95,92,89501
1.8231,0.2297,38.84,95,92,89504
1.8719,0.2297,38.33,95,92,89507
1.8231,0.2248,38.55,95,92,89510
1.8280,0.2297,38.62,95,92,89515
1.8426,0.2297,38.55,95,92,89518
1.8377,0.2248,38.58,95,92,89521
1.8964,0.2346,38.33,95,92,89524
1.9013,0.2346,38.49,95,92,89528
1.8524,0.2248,38.68,95,92,89531
1.8719,0.2590,38.55,95,92,89534
1.8622,0.2248,38.58,95,92,89537
1.9110,0.2346,38.33,95,92,89541
1.8719,0.2297,38.49,95,92,89544
1.8817,0.2248,38.84,95,92,89547
1.8915,0.2297,38.55,95,92,89550
1.8768,0.2248,38.62,95,92,89554
1.9257,0.2395,38.30,95,92,89558
1.8768,0.2248,38.62,95,92,89561
1.8866,0.2248,38.62,95,92,89564
1.9062,0.2346,38.55,95,92,89568
1.8768,0.2199,38.58,95,92,89571
1.9208,0.2346,38.49,95,92,89574
1.8866,0.2346,38.49,95,92,89577
1.8719,0.2297,38.58,95,92,89581
1.8866,0.2248,38.52,95,92,89584
1.8768,0.2248,38.49,95,92,89587
1.9599,0.2346,38.33,95,92,89590
1.9355,0.2248,38.62,95,92,89594
1.9159,0.2248,38.65,95,92,89597
1.9404,0.2297,38.68,95,92,89601
1.9550,0.2248,38.62,95,92,89604
1.9746,0.2346,38.33,95,92,89608
1.9257,0.2395,38.62,95,92,89611
1.9208,0.2248,38.68,95,92,89614
1.9257,0.2346,38.55,95,92,89617
1.9110,0.2199,38.62,95,92,89621
1.9648,0.2346,38.36,95,92,89624
1.9355,0.2297,38.52,95,92,89627
1.9062,0.2297,38.65,95,92,89630
1.9062,0.2444,38.55,95,92,89634
1.8719,0.2248,38.58,95,92,89637
1.8915,0.2297,38.33,95,92,89640
1.8475,0.2199,38.52,95,92,89644
1.8280,0.2248,38.58,95,92,89648
1.8231,0.2297,38.55,95,92,89651
1.7937,0.2199,38.62,95,92,89654
1.8280,0.2444,38.33,95,92,89657
1.7840,0.2248,38.58,95,92,89661
1.7840,0.2248,38.62,95,92,89664
1.7937,0.2346,38.55,95,92,89667
1.7644,0.2248,38.58,95,92,89670
1.7986,0.2346,38.33,95,92,89674
1.7742,0.2346,38.52,95,92,89677
1.7595,0.2199,38.62,95,92,89680
1.7840,0.2346,38.55,95,92,89683
1.7742,0.2248,38.68,95,92,89688
1.8182,0.2346,38.36,95,92,89691
1.8035,0.2346,38.55,95,92,89694
1.7986,0.2493,38.58,95,92,89697
1.8280,0.2346,38.52,95,92,89701
1.8133,0.2248,38.62,95,92,89704
1.8671,0.2346,38.36,95,92,89707
1.8231,0.2199,38.58,95,92,89710
1.8377,0.2248,38.68,95,92,89714
1.8719,0.2297,38.55,95,92,89717
1.8671,0.2248,38.62,95,92,89720
1.9110,0.2444,38.36,95,92,89723
1.9013,0.2297,38.52,95,92,89728
1.9062,0.2248,38.62,95,92,89731
1.9550,0.2346,38.52,95,92,89734
1.9697,0.2248,38.62,95,92,89737
2.0723,0.2346,38.36,95,92,89741
2.1310,0.2297,38.62,95,92,89744
2.2630,0.2297,38.62,95,92,89747
2.4585,0.2297,38.55,95,92,89750
2.6540,0.2102,38.62,95,92,89754
2.9374,0.2346,38.33,95,92,89757
3.1232,0.2297,38.46,95,92,89760
3.3040,0.2248,38.62,95,92,89763
3.3871,0.2395,38.55,95,92,89767
3.2307,0.2395,38.62,95,92,89771
3.0254,0.2297,38.33,95,92,89774
2.6686,0.2297,38.52,95,92,89777
2.3558,0.2248,38.62,95,92,89781
2.1261,0.2444,38.55,95,92,89784
1.8964,0.2248,38.71,95,92,89787
1.7595,0.2346,38.40,95,92,89790
1.6080,0.2199,38.58,95,92,89794
1.5200,0.2248,38.11,95,92,89797
1.4761,0.2346,38.55,95,92,89800
1.4370,0.2346,38.68,95,92,89803
1.4418,0.2297,38.40,95,92,89807
1.4125,0.2248,38.68,95,92,89810
1.4321,0.2248,38.62,95,92,89814
1.4614,0.2297,38.55,95,92,89817
1.4712,0.2297,38.62,95,92,89821
1.5152,0.2346,38.40,95,92,89824
1.5152,0.2297,38.49,95,92,89827
1.5200,0.2297,38.62,95,92,89830
1.5494,0.2395,38.46,95,92,89834
1.5543,0.2248,38.74,95,92,89837
1.5982,0.2297,38.40,95,92,89840
1.5836,0.2297,38.55,95,92,89843
1.6080,0.2297,38.52,95,92,89847
1.6422,0.2297,38.49,95,92,89850
1.6373,0.2297,38.62,95,92,89853
1.6813,0.2297,38.40,95,92,89857
1.6716,0.2248,38.81,95,92,89861
1.6813,0.2248,38.62,95,92,89864
1.7058,0.2346,38.49,95,92,89867
1.7009,0.2248,38.62,95,92,89870
1.7302,0.2297,38.49,95,92,89874
1.7058,0.2297,38.49,95,92,89877
1.7058,0.2297,38.62,95,92,89880
1.7253,0.2395,38.49,95,92,89883
1.7155,0.2248,38.65,95,92,89887
1.7449,0.2297,38.40,95,92,89890
1.7253,0.2248,38.58,95,92,89893
1.7302,0.2346,38.62,95,92,89896
1.7498,0.2297,38.65,95,92,89901
1.7400,0.2248,38.62,95,92,89904
1.7742,0.2297,38.40,95,92,89907
1.7595,0.2297,38.58,95,92,89910
1.7644,0.2248,38.62,95,92,89914
1.7889,0.2346,38.58,95,92,89917
1.7644,0.2248,38.62,95,92,89920
1.7840,0.2297,38.52,95,92,89923
1.7889,0.2248,38.52,95,92,89926
1.7498,0.2151,38.62,95,92,89930
1.7546,0.2346,38.55,95,92,89933
1.7302,0.2248,38.46,95,92,89936
1.7595,0.2297,38.43,95,92,89940
1.7351,0.2346,37.80,95,92,89944
1.7644,0.2199,38.62,95,92,89948
1.8084,0.2102,38.62,95,92,89952
1.7889,0.2297,38.58,95,92,89955
1.7742,0.2297,38.71,95,92,89958
1.8182,0.2297,38.33,95,92,89961
1.8133,0.2346,38.49,95,92,89965
1.7791,0.2297,38.58,95,92,89968
1.7986,0.2346,38.58,95,92,89971
1.7791,0.2248,38.62,95,92,89974
1.8231,0.2346,38.43,95,92,89978
1.7840,0.2248,38.52,95,92,89981
1.7791,0.2248,38.62,95,92,89985
1.7937,0.2346,38.55,95,92,89988
1.7742,0.2297,38.58,95,92,89992
1.8133,0.2346,38.36,95,92,89995
1.7742,0.2248,38.65,95,92,89998
1.7840,0.2248,38.62,95,92,90001
1.8328,0.2346,38.55,95,92,90005
1.7986,0.2248,38.62,95,92,90008
1.8524,0.2346,38.40,95,92,90011
1.8426,0.2297,38.49,95,92,90014
1.8377,0.2248,38.68,95,92,90018
1.8719,0.2395,38.55,95,92,90021
1.8573,0.2248,38.71,95,92,90024
1.9110,0.2297,38.36,95,92,90028
1.8866,0.2346,38.55,95,92,90032
1.8915,0.2248,38.58,95,92,90035
1.9208,0.2346,38.55,95,92,90038
1.9110,0.2297,38.58,95,92,90041
1.9501,0.2590,38.40,95,92,90045
1.9062,0.2297,38.65,95,92,90048
1.9062,0.2248,38.58,95,92,90051
1.9110,0.2444,38.55,95,92,90054
1.8817,0.2297,38.62,95,92,90058
1.9110,0.2346,38.33,95,92,90061
1.8817,0.2297,38.49,95,92,90064
1.8622,0.2199,38.68,95,92,90067
1.8817,0.2346,38.55,95,92,90072
1.8622,0.2248,38.58,95,92,90075
1.8866,0.2346,38.46,95,92,90078
1.8426,0.2248,38.55,95,92,90081
1.8133,0.2248,38.55,95,92,90085
1.8133,0.2346,38.52,95,92,90088
1.8133,0.2297,38.62,95,92,90091
1.8035,0.2297,38.40,95,92,90094
1.7546,0.2346,38.62,95,92,90098
1.7498,0.2248,38.62,95,92,90101
1.7644,0.2395,38.52,95,92,90104
1.7302,0.2297,38.58,95,92,90107
1.7644,0.2346,38.36,95,92,90112
1.7351,0.2297,37.96,95,92,90115
1.7302,0.2102,38.58,95,92,90118
1.7400,0.2444,38.52,95,92,90121
1.7302,0.2248,38.62,95,92,90125
1.7693,0.2346,38.40,95,92,90128
1.7498,0.2248,38.55,95,92,90131
1.7253,0.2346,38.62,95,92,90134
1.7351,0.2297,38.65,95,92,90138
1.7302,0.2297,38.62,95,92,90141
1.7595,0.2395,38.40,95,92,90144
1.7351,0.2297,38.55,95,92,90147
1.7449,0.2248,38.71,95,92,90151
1.7693,0.2395,38.49,95,92,90155
1.7498,0.2297,38.62,95,92,90158
1.7840,0.2346,38.40,95,92,90161
1.7644,0.2297,37.77,95,92,90165
1.7644,0.2248,38.62,95,92,90168
1.7986,0.2346,38.52,95,92,90171
1.7840,0.2248,38.62,95,92,90174
1.8231,0.2297,38.11,95,92,90178
1.8084,0.2297,38.55,95,92,90181
1.8182,0.2199,38.62,95,92,90184
1.8475,0.2297,38.46,95,92,90187
1.8475,0.2297,38.58,95,92,90191
1.8671,0.2346,38.33,95,92,90194
1.8426,0.2297,38.62,95,92,90198
1.8084,0.2248,38.65,95,92,90201
1.8231,0.2297,38.49,95,92,90205
1.7986,0.2297,38.58,95,92,90208
1.8377,0.2542,38.40,95,92,90211
1.8231,0.2297,38.52,95,92,90214
1.8280,0.2248,38.62,95,92,90218
1.8524,0.2346,38.49,95,92,90221
1.8328,0.2444,38.58,95,92,90224
1.8768,0.2297,38.24,95,92,90227
1.8622,0.2297,38.55,95,92,90231
1.8817,0.2248,38.62,95,92,90234
1.9062,0.2346,38.46,95,92,90237
1.9013,0.2297,38.58,95,92,90241
1.9306,0.2346,38.43,95,92,90245
1.9110,0.2248,38.65,95,92,90248
1.9306,0.2346,38.65,95,92,90251
1.9746,0.2346,38.49,95,92,90254
1.9599,0.2297,38.62,95,92,90258
1.9844,0.2346,38.43,95,92,90261
1.9355,0.2639,38.55,95,92,90264
1.9062,0.2248,38.71,95,92,90267
1.9062,0.2346,38.62,95,92,90271
1.8622,0.2297,38.62,95,92,90274
1.8671,0.2346,38.40,95,92,90277
1.8133,0.2493,38.55,95,92,90280
1.7937,0.2248,38.68,95,92,90285
1.7986,0.2346,38.55,95,92,90288
1.7840,0.2346,38.62,95,92,90291
1.8035,0.2297,38.43,95,92,90294
1.7693,0.2297,38.62,95,92,90298
1.7791,0.2248,38.62,95,92,90301
1.7840,0.2297,38.55,95,92,90304
1.7449,0.2297,38.62,95,92,90307
1.7400,0.2297,38.55,95,92,90311
1.7009,0.2248,38.52,95,92,90314
1.6911,0.2248,38.65,95,92,90317
1.7107,0.2297,38.46,95,92,90320
1.6960,0.2199,38.62,95,92,90324
1.7253,0.2346,38.46,95,92,90328
1.7058,0.2493,38.55,95,92,90331
1.7107,0.2248,37.90,95,92,90334
1.7351,0.2346,38.52,95,92,90338
1.7204,0.2346,38.62,95,92,90341
1.7449,0.2297,38.49,95,92,90344
1.7155,0.2297,38.62,95,92,90347
1.7253,0.2248,38.62,95,92,90351
1.7742,0.2346,38.49,95,92,90354
1.7693,0.2346,38.68,95,92,90357
1.8084,0.2297,38.43,95,92,90360
1.8231,0.2248,38.52,95,92,90364
1.8524,0.2395,38.62,95,92,90368
1.9453,0.2346,38.46,95,92,90371
1.9892,0.2297,38.46,95,92,90374
2.1554,0.2346,38.46,95,92,90378
2.3460,0.2199,38.58,95,92,90381
2.5318,0.2248,38.62,95,92,90384
2.7908,0.2297,38.52,95,92,90387
2.9961,0.2297,38.58,95,92,90391
3.2209,0.2297,38.52,95,92,90394
3.2600,0.2297,38.62,95,92,90397
3.1965,0.2248,38.58,95,92,90400
3.0205,0.2346,38.90,95,92,90404
2.6882,0.2297,38.58,95,92,90407
2.4145,0.2346,38.49,95,92,90411
2.1017,0.2248,38.62,95,92,90414
1.8622,0.2248,38.62,95,92,90418
1.6813,0.2297,38.49,95,92,90421
1.5152,0.2346,38.55,95,92,90424
1.4370,0.2297,38.55,95,92,90427
1.3539,0.2248,38.58,95,92,90431
1.3392,0.2248,38.62,95,92,90434
1.3392,0.2346,38.55,95,92,90437
1.3343,0.2297,38.43,95,92,90440
1.3685,0.2297,38.49,95,92,90444
1.3539,0.2297,38.62,95,92,90447
1.3832,0.2199,38.62,95,92,90450
1.4174,0.2444,38.49,95,92,90454
1.4174,0.2248,38.58,95,92,90458
1.4614,0.2297,38.49,95,92,90461
1.4663,0.2248,38.55,95,92,90464
1.4761,0.2248,38.62,95,92,90467
1.5054,0.2444,38.52,95,92,90471
1.5103,0.2297,38.62,95,92,90474
1.5738,0.2248,38.46,95,92,90477
1.5543,0.2297,38.58,95,92,90480
1.5787,0.2248,38.84,95,92,90484
1.5982,0.2297,38.52,95,92,90487
1.5885,0.2346,38.68,95,92,90490
1.6129,0.2297,38.46,95,92,90493
1.5885,0.2297,38.68,95,92,90498
1.6080,0.2248,38.62,95,92,90501
1.6422,0.2444,38.49,95,92,90504
1.6276,0.2199,38.58,95,92,90507
1.6569,0.2297,38.84,95,92,90511
1.6373,0.2248,38.55,95,92,90514
1.6422,0.2199,38.62,95,92,90517
1.6764,0.2346,38.52,95,92,90520
1.6422,0.2297,38.52,95,92,90524
1.6618,0.2346,38.49,95,92,90527
1.6325,0.2248,38.62,95,92,90530
1.6325,0.2542,38.58,95,92,90533
1.6520,0.2297,38.52,95,92,90537
1.6569,0.2297,38.62,95,92,90541
1.7009,0.2346,38.49,95,92,90544
1.6764,0.2590,38.62,95,92,90547
1.6813,0.2248,38.65,95,92,90551
1.7204,0.2346,38.49,95,92,90554
1.6667,0.2395,38.40,95,92,90559
1.6373,0.2297,38.62,95,92,90562
1.6911,0.2346,38.36,95,92,90565
1.6276,0.2542,38.55,95,92,90568
1.6373,0.2248,38.62,95,92,90572
1.6667,0.2346,38.55,95,92,90575
1.6618,0.2102,38.62,95,92,90578
1.7009,0.2346,38.36,95,92,90582
1.6667,0.2297,38.87,95,92,90586
1.6569,0.2248,38.62,95,92,90589
1.6667,0.2346,38.55,95,92,90592
1.6471,0.2297,38.62,95,92,90595
1.6764,0.2346,37.71,95,92,90599
1.6569,0.2297,38.52,95,92,90602
1.6813,0.2199,38.62,95,92,90605
1.7058,0.2346,38.49,95,92,90608
1.6764,0.2297,38.58,95,92,90612
1.6960,0.2346,38.43,95,92,90615
1.6618,0.2297,38.55,95,92,90618
1.6667,0.2199,38.62,95,92,90621
1.6911,0.2639,38.52,95,92,90626
1.7009,0.2248,38.62,95,92,90629
1.7693,0.2395,38.40,95,92,90632
1.7546,0.2395,38.62,95,92,90635
1.7693,0.2248,38.62,95,92,90639
1.7840,0.2346,38.55,95,92,90642
1.7693,0.2297,38.68,95,92,90645
1.8084,0.2346,38.77,95,92,90648
1.7986,0.2297,38.49,95,92,90652
1.7937,0.2346,38.62,95,92,90655
1.8182,0.2395,38.52,95,92,90658
1.8084,0.2297,38.65,95,92,90661
1.8426,0.2297,38.40,95,92,90665
1.8280,0.2199,38.55,95,92,90669
1.8084,0.2248,38.52,95,92,90672
1.8377,0.2297,38.52,95,92,90675
1.8426,0.2346,38.62,95,92,90679
1.8622,0.2297,38.43,95,92,90682
1.8231,0.2297,38.58,95,92,90685
1.8280,0.2248,38.62,95,92,90688
1.8573,0.2346,38.49,95,92,90692
1.8573,0.2297,38.62,95,92,90695
1.8915,0.2297,38.40,95,92,90698
1.8573,0.2297,38.55,95,92,90701
1.8280,0.2102,38.62,95,92,90705
1.8817,0.2346,38.46,95,92,90708
1.8475,0.2297,38.77,95,92,90712
1.9062,0.2297,38.43,95,92,90715
1.8866,0.2297,38.55,95,92,90719
1.8475,0.2248,38.62,95,92,90722
1.8426,0.2297,38.71,95,92,90725
1.8231,0.2297,38.58,95,92,90728
1.8524,0.2346,38.43,95,92,90732
1.8426,0.2248,38.68,95,92,90735
1.8182,0.2248,38.55,95,92,90738
1.8231,0.2346,38.49,95,92,90741
1.7791,0.2297,38.62,95,92,90745
1.7840,0.2395,38.40,95,92,90748
1.7498,0.2248,38.65,95,92,90752
1.7400,0.2248,38.62,95,92,90755
1.7644,0.2346,38.46,95,92,90759
1.7449,0.2199,38.58,95,92,90762
1.7889,0.2297,38.43,95,92,90765
1.7693,0.2248,38.55,95,92,90768
1.7791,0.2248,38.62,95,92,90772
1.8280,0.2346,38.49,95,92,90775
1.7937,0.2297,38.58,95,92,90778
1.8084,0.2297,38.40,95,92,90781
1.7742,0.2102,38.62,95,92,90785
1.7937,0.2346,38.62,95,92,90788
1.8280,0.2346,37.74,95,92,90791
1.8084,0.2297,38.68,95,92,90795
1.8475,0.2346,38.40,95,92,90799
1.8377,0.2688,38.52,95,92,90802
1.8475,0.2248,38.62,95,92,90805
1.8671,0.2346,38.49,95,92,90808
1.8426,0.2297,38.62,95,92,90812
1.8573,0.2346,38.43,95,92,90815
1.8084,0.2248,38.93,95,92,90818
1.7986,0.2346,38.62,95,92,90821
1.8231,0.2346,38.52,95,92,90825
1.8084,0.2297,38.58,95,92,90828
1.8231,0.2297,38.46,95,92,90831
1.8231,0.2297,38.62,95,92,90834
1.8622,0.2199,38.62,95,92,90839
1.9062,0.2590,38.55,95,92,90842
1.8915,0.2297,38.58,95,92,90845
1.9355,0.2297,38.43,95,92,90848
1.9453,0.2248,38.52,95,92,90852
1.9550,0.2395,38.58,95,92,90855
1.9599,0.2297,38.46,95,92,90858
1.9355,0.2297,38.65,95,92,90861
1.9746,0.2346,38.49,95,92,90865
1.9599,0.2248,38.52,95,92,90868
1.9599,0.2248,38.65,95,92,90871
1.9795,0.2346,38.52,95,92,90874
1.9697,0.2444,38.62,95,92,90878
1.9892,0.2297,38.46,95,92,90882
1.9404,0.2297,38.68,95,92,90885
1.9159,0.2248,38.62,95,92,90888
1.9257,0.2346,38.49,95,92,90892
1.8817,0.2297,38.58,95,92,90895
1.9062,0.2297,38.40,95,92,90898
1.8622,0.2248,38.52,95,92,90901
1.8280,0.2248,38.65,95,92,90905
1.8231,0.2297,38.49,95,92,90908
1.7986,0.2297,38.58,95,92,90911
1.8280,0.2346,38.46,95,92,90914
1.8133,0.2444,38.58,95,92,90918
1.8084,0.2297,38.65,95,92,90921
1.8084,0.2297,38.52,95,92,90925
1.7693,0.2248,38.62,95,92,90928
1.8035,0.2297,38.46,95,92,90932
1.8133,0.2297,38.62,95,92,90935
1.8475,0.2297,38.62,95,92,90938
1.9110,0.2297,38.49,95,92,90941
1.9306,0.2444,38.62,95,92,90945
2.0088,0.2297,38.46,95,92,90948
2.0381,0.2297,38.58,95,92,90951
2.1017,0.2248,38.62,95,92,90954
2.1750,0.2297,38.58,95,92,90958
2.2239,0.2297,38.62,95,92,90961
2.2727,0.2297,38.87,95,92,90964
2.2825,0.2297,38.62,95,92,90968
2.3314,0.2248,38.62,95,92,90972
2.3998,0.2346,38.52,95,92,90975
2.4829,0.2297,38.68,95,92,90978
2.6100,0.2346,38.49,95,92,90981
2.6979,0.2248,38.58,95,92,90985
2.8446,0.2297,38.71,95,92,90988
2.9668,0.2395,38.49,95,92,90991
2.8983,0.2297,38.58,95,92,90994
2.7664,0.2346,38.90,95,92,90998
2.4389,0.2248,38.62,95,92,91001
2.0528,0.2248,38.62,95,92,91004
1.6520,0.2346,38.52,95,92,91008
1.2610,0.2297,38.58,95,92,91011
0.9775,0.2395,38.49,95,92,91015
0.7674,0.2248,38.74,95,92,91018
0.6696,0.2248,38.62,95,92,91021
0.7038,0.2248,38.52,95,92,91024
0.7967,0.2346,38.62,95,92,91028
0.9629,0.2346,38.46,95,92,91031
1.1290,0.2346,38.68,95,92,91034
1.3050,0.2248,38.62,95,92,91037
1.4858,0.2346,38.46,95,92,91041
1.5689,0.2786,38.62,95,92,91044
1.6471,0.2297,38.46,95,92,91047
1.6667,0.2297,38.62,95,92,91051
1.6764,0.2248,38.68,95,92,91055
1.6862,0.2248,38.55,95,92,91058
1.6667,0.2297,38.55,95,92,91061
1.6911,0.2346,38.46,95,92,91064
1.6618,0.2297,38.62,95,92,91068
1.6716,0.2199,38.62,95,92,91071
1.7009,0.2346,38.68,95,92,91074
1.7204,0.2102,38.58,95,92,91077
1.7351,0.2297,38.58,95,92,91081
1.7204,0.2297,38.62,95,92,91084
1.7253,0.2297,38.62,95,92,91087
1.7498,0.2346,38.40,95,92,91090
1.7400,0.2346,38.58,95,92,91095
1.7498,0.2297,38.46,95,92,91098
1.7253,0.2297,38.62,95,92,91101
1.7400,0.2297,38.62,95,92,91104
1.7498,0.2346,38.49,95,92,91108
1.7302,0.2297,38.58,95,92,91111
1.7693,0.2346,38.46,95,92,91114
1.7058,0.2444,38.62,95,92,91117
1.6960,0.2248,38.58,95,92,91121
1.7107,0.2346,38.55,95,92,91124
1.6911,0.2346,38.58,95,92,91127
1.7009,0.2297,38.49,95,92,91130
1.6813,0.2297,38.74,95,92,91134
1.6764,0.2248,38.62,95,92,91138
1.7058,0.2444,38.49,95,92,91141
1.6764,0.2151,38.55,95,92,91144
1.6862,0.2297,38.33,95,92,91148
1.6716,0.2297,38.62,95,92,91151
1.7058,0.2102,38.62,95,92,91154
1.7009,0.2444,38.46,95,92,91157
1.6764,0.2297,38.62,95,92,91161
1.7302,0.2346,38.46,95,92,91164
1.6813,0.2297,38.65,94,92,91167
1.7351,0.2248,38.62,94,92,91172
1.7889,0.2199,38.65,94,92,91175
1.7986,0.2395,38.49,94,92,91179
1.7889,0.2297,38.52,94,92,91183
1.8280,0.2297,38.49,94,92,91186
1.8182,0.2248,38.55,94,92,91189
1.8426,0.2248,38.58,94,92,91192
1.8768,0.2444,38.46,94,92,91196
1.8817,0.2297,38.62,94,92,91199
1.9257,0.2346,38.49,94,92,91202
1.9062,0.2248,38.58,94,92,91205
1.9110,0.2248,38.68,94,92,91209
1.9404,0.2297,38.52,94,92,91212
1.9404,0.2297,38.71,94,92,91215
1.9844,0.2346,38.49,94,92,91218
1.9648,0.2248,38.62,94,92,91223
1.9844,0.2346,38.65,94,92,91226
2.0283,0.2346,38.52,94,92,91229
2.0186,0.2297,38.65,94,92,91232
2.0577,0.2346,38.49,94,92,91236
2.0332,0.2248,38.55,94,92,91239
2.0430,0.2248,38.62,94,92,91242
2.0626,0.2346,38.49,94,92,91245
2.0430,0.2297,38.49,94,92,91249
2.0626,0.2395,38.52,94,92,91252
2.0088,0.2297,38.62,94,92,91255
1.9844,0.2248,38.62,94,92,91258
1.9795,0.2346,38.55,94,92,91261
1.9501,0.2297,38.58,94,92,91266
1.9550,0.2297,38.46,94,92,91269
1.9110,0.2297,38.62,94,92,91272
1.8915,0.2248,38.62,94,92,91275
1.9110,0.2395,38.40,94,92,91279
1.8719,0.2297,38.58,94,92,91282
1.8768,0.2346,38.49,94,92,91285
1.8328,0.2297,38.65,94,92,91288
1.8182,0.2297,38.62,94,92,91292
1.8231,0.2297,38.49,94,92,91295
1.8035,0.2346,38.58,94,92,91298
1.7937,0.2297,38.46,94,92,91301
1.7693,0.2297,38.65,94,92,91305
1.7546,0.2297,38.62,94,92,91309
1.7498,0.2297,38.55,94,92,91312
1.7351,0.2346,38.58,94,92,91315
1.7546,0.2395,38.43,94,92,91319
1.7400,0.2248,38.58,94,92,91322
1.7351,0.2248,38.62,94,92,91325
1.7644,0.2346,38.36,94,92,91328
1.7253,0.2297,38.58,94,92,91332
1.7595,0.2493,38.46,94,92,91335
1.7498,0.2297,38.81,94,92,91338
1.7449,0.2248,38.62,94,92,91341
1.7791,0.2346,38.49,94,92,91345
1.7498,0.2248,38.55,94,92,91348
1.7742,0.2297,38.49,94,92,91352
1.7644,0.2297,38.62,94,92,91355
1.7595,0.2199,38.62,94,92,91359
1.7889,0.2346,38.58,94,92,91362
1.7840,0.2297,38.58,94,92,91365
1.7986,0.2248,38.49,94,92,91368
1.7791,0.2444,38.58,94,92,91372
1.7840,0.2248,38.62,94,92,91375
1.8182,0.2346,38.43,94,92,91378
1.8377,0.2346,38.62,94,92,91381
1.8328,0.2444,38.49,94,92,91385
1.8231,0.2248,38.58,94,92,91388
1.8280,0.2248,38.62,94,92,91392
1.8671,0.2346,38.49,94,92,91395
1.8573,0.2297,38.74,94,92,91399
1.8817,0.2346,38.46,94,92,91402
1.8573,0.2248,38.58,94,92,91405
1.8524,0.2590,38.58,94,92,91408
1.8817,0.2346,38.52,94,92,91412
1.8573,0.2346,38.58,94,92,91415
1.8719,0.2297,38.49,94,92,91418
1.8573,0.2297,38.58,94,92,91421
1.8622,0.2248,38.65,94,92,91425
1.9062,0.2346,38.46,94,92,91428
1.8622,0.2297,38.55,94,92,91431
1.8719,0.2297,38.52,94,92,91435
1.8475,0.2297,38.55,94,92,91439
1.8377,0.2248,38.62,94,92,91442
1.8817,0.2346,38.49,94,92,91445
1.8280,0.2395,38.58,94,92,91448
1.8426,0.2297,38.49,94,92,91452
1.8328,0.2297,38.65,94,92,91455
1.8426,0.2248,38.68,94,92,91458
1.8426,0.2395,38.65,94,92,91461
1.8231,0.2297,38.55,94,92,91465
1.8377,0.2346,38.49,94,92,91468
1.8280,0.2248,38.58,94,92,91471
1.8377,0.2248,38.33,94,92,91474
1.8866,0.2346,38.43,94,92,91479
1.8671,0.2346,38.65,94,92,91482
1.8915,0.2248,38.46,94,92,91485
1.8866,0.2297,38.71,94,92,91488
1.9013,0.2102,38.62,94,92,91492
1.9550,0.2395,38.49,94,92,91495
1.9501,0.2297,38.55,94,92,91498
1.9697,0.2297,38.52,94,92,91501
1.9453,0.2297,38.62,94,92,91505
1.9257,0.2297,38.62,94,92,91508
1.9453,0.2493,38.52,94,92,91511
1.9062,0.2297,38.52,94,92,91514
1.8964,0.2297,38.49,94,92,91518
1.8719,0.2297,38.58,94,92,91522
1.8475,0.2248,38.58,94,92,91525
1.8671,0.2346,38.58,94,92,91528
1.8328,0.2297,38.58,94,92,91532
1.8573,0.2297,38.49,94,92,91535
1.8084,0.2346,38.58,94,92,91538
1.8035,0.2248,38.62,94,92,91541
1.8475,0.2346,38.46,94,92,91545
1.8182,0.2297,38.58,94,92,91548
1.8182,0.2248,38.55,94,92,91551
1.7840,0.2346,38.62,94,92,91554
1.7742,0.2248,38.58,94,92,91558
1.7986,0.2444,38.55,94,92,91561
1.7742,0.2297,38.58,94,92,91565
1.8035,0.2199,38.52,94,92,91568
1.7644,0.2199,38.68,94,92,91572
1.7644,0.2248,38.65,94,92,91575
1.7986,0.2297,38.43,94,92,91578
1.7889,0.2297,38.55,94,92,91581
1.7889,0.2248,38.52,94,92,91585
1.7742,0.2297,38.65,94,92,91588
1.7742,0.2248,38.62,94,92,91591
1.8377,0.2297,38.46,94,92,91594
1.7889,0.2248,38.55,94,92,91598
1.7986,0.2248,38.71,94,92,91601
1.8035,0.2297,38.68,94,92,91604
1.8328,0.2248,38.62,94,92,91608
1.8964,0.2395,38.49,94,92,91612
1.9110,0.2297,38.58,94,92,91615
1.9697,0.2297,38.52,94,92,91618
2.0332,0.2297,38.58,94,92,91621
2.1554,0.2248,38.62,94,92,91625
2.3705,0.2395,38.43,94,92,91628
2.5513,0.2297,38.55,94,92,91631
2.7810,0.2297,38.52,94,92,91634
3.0108,0.2297,38.55,94,92,91638
3.2405,0.2248,38.62,94,92,91641
3.3920,0.2395,38.43,94,92,91644
3.2991,0.2297,38.65,94,92,91648
3.0938,0.2248,38.52,94,92,91652
2.7566,0.2297,38.58,94,92,91655
2.4389,0.2248,38.77,94,92,91658
2.2190,0.2395,38.43,94,92,91661
1.9355,0.2297,38.58,94,92,91665
1.7351,0.2248,38.55,94,92,91668
1.5738,0.2297,38.58,94,92,91671
1.4712,0.2248,38.62,94,92,91674
1.4223,0.2395,38.52,94,92,91678
1.3636,0.2346,38.55,94,92,91681
1.3343,0.2248,38.96,94,92,91684
1.3294,0.2297,38.62,94,92,91687
1.3392,0.2297,38.62,94,92,91692
1.3978,0.2639,38.46,94,92,91695
1.3978,0.2346,38.52,94,92,91698
1.4125,0.2248,38.55,94,92,91701
1.4272,0.2297,38.62,94,92,91705
1.4516,0.2248,38.62,94,92,91708
1.5298,0.2493,38.46,94,92,91711
1.4907,0.2297,38.58,94,92,91714
1.5054,0.2248,38.52,94,92,91718
1.5298,0.2297,38.58,94,92,91721
1.5396,0.2297,38.62,94,92,91724
1.5982,0.2346,38.46,94,92,91727
1.5885,0.2297,38.55,94,92,91731
1.5885,0.2248,38.49,94,92,91735
1.5982,0.2346,38.58,94,92,91738
1.6080,0.2248,38.65,94,92,91741
1.6716,0.2346,38.43,94,92,91745
1.6422,0.2346,38.52,94,92,91748
1.6422,0.2248,38.58,94,92,91751
1.6520,0.2297,38.58,94,92,91754
1.6569,0.2199,38.58,94,92,91758
1.7058,0.2444,38.40,94,92,91761
1.6667,0.2297,38.58,94,92,91764
1.6813,0.2444,38.62,94,92,91767
1.6911,0.2248,38.62,94,92,91771
1.6911,0.2248,38.49,94,92,91774
1.7351,0.2444,38.43,95,92,91778
1.7498,0.2346,38.49,95,92,91783
1.7302,0.2346,38.58,95,92,91786
1.7546,0.2297,38.46,95,92,91789
1.7498,0.2248,38.62,95,92,91793
1.7693,0.2248,38.62,95,92,91796
1.7889,0.2395,38.55,95,92,91799
1.7742,0.2297,38.52,95,92,91802
1.7937,0.2297,38.49,95,92,91806
1.7644,0.2248,38.62,95,92,91809
1.7693,0.2248,38.68,95,92,91812
1.8035,0.2688,38.40,95,92,91815
1.7791,0.2297,38.65,95,92,91820
1.7937,0.2297,38.46,95,92,91823
1.7693,0.2102,38.58,95,92,91826
1.7742,0.2248,38.40,95,92,91829
1.7986,0.2346,38.46,95,92,91833
1.7742,0.2102,38.58,95,92,91836
1.7840,0.2346,38.46,95,92,91839
1.7595,0.2248,38.65,95,92,91842
1.7644,0.2248,38.62,95,92,91846
1.8280,0.2346,38.55,95,92,91849
1.7791,0.2297,38.58,95,92,91852
1.8035,0.2248,38.46,95,92,91855
1.7791,0.2297,38.62,95,92,91859
1.7742,0.2199,38.58,95,92,91863
1.8084,0.2346,38.40,95,92,91866
1.7889,0.2297,38.58,95,92,91869
1.8133,0.2297,38.49,95,92,91873
1.7889,0.2297,38.68,95,92,91876
1.7937,0.2248,38.49,95,92,91879
1.8231,0.2346,38.46,95,92,91882
1.8084,0.2297,38.58,95,92,91886
1.8328,0.2248,38.46,95,92,91889
1.8280,0.2248,38.58,95,92,91892
1.8377,0.2248,38.62,95,92,91895
1.8768,0.2346,38.55,95,92,91899
1.8622,0.2346,38.58,95,92,91902
1.8866,0.2248,38.49,95,92,91906
1.8768,0.2346,38.62,95,92,91909
1.8915,0.2248,38.68,95,92,91913
1.9257,0.2688,38.43,95,92,91916
1.9013,0.2297,38.21,95,92,91919
1.9159,0.2297,38.52,95,92,91922
1.8915,0.2199,38.58,95,92,91926
1.8915,0.2248,38.65,95,92,91929
1.9257,0.2346,37.71,95,92,91932
1.9013,0.2297,38.58,95,92,91935
1.9110,0.2248,38.55,95,92,91939
1.8866,0.2248,38.65,95,92,91942
1.8817,0.2248,38.65,95,92,91945
1.9159,0.2346,38.52,95,92,91949
1.8964,0.2346,38.58,95,92,91953
1.9159,0.2248,38.58,95,92,91956
1.9062,0.2248,38.65,95,92,91959
1.9159,0.2248,38.62,95,92,91962
1.9648,0.2395,38.43,95,92,91966
1.9208,0.2297,38.55,95,92,91969
1.9208,0.2248,38.55,95,92,91972
1.8817,0.2248,38.58,95,92,91975
1.8719,0.2199,38.62,95,92,91979
1.8817,0.2346,38.43,95,92,91982
1.8524,0.2297,37.87,95,92,91985
1.8671,0.2248,38.49,95,92,91988
1.8524,0.2248,38.58,95,92,91993
1.8328,0.2248,38.68,95,92,91996
1.8573,0.2346,38.52,95,92,91999
1.8377,0.2297,38.62,95,92,92002
1.8768,0.2102,38.49,95,92,92006
1.8328,0.2199,38.58,95,92,92009
1.8328,0.2248,38.49,95,92,92012
1.8622,0.2297,38.43,95,92,92015
1.8377,0.2297,38.55,95,92,92019
1.8377,0.2248,38.49,95,92,92022
1.8133,0.2248,38.58,95,92,92025
1.8133,0.2248,38.62,95,92,92028
1.8719,0.2346,38.46,95,92,92033
1.8231,0.2297,38.58,95,92,92036
1.8328,0.2248,38.87,95,92,92039
1.8231,0.2248,38.58,95,92,92042
1.8328,0.2248,38.62,95,92,92046
1.8622,0.2395,38.52,95,92,92049
1.8524,0.2493,38.55,95,92,92052
1.8573,0.2248,38.49,95,92,92055
1.8426,0.2248,38.62,95,92,92059
1.8377,0.2248,38.62,95,92,92062
1.8866,0.2395,38.43,95,92,92065
1.8671,0.2297,38.58,95,92,92068
1.8768,0.2248,38.52,95,92,92072
1.8719,0.2248,38.62,95,92,92076
1.8622,0.2493,38.62,95,92,92079
1.8964,0.2346,38.49,95,92,92082
1.8768,0.2248,38.55,95,92,92086
1.8866,0.2346,38.49,95,92,92089
1.8817,0.2248,38.62,95,92,92092
1.8866,0.2248,38.68,95,92,92095
1.9208,0.2346,38.49,95,92,92099
1.9110,0.2297,38.58,95,92,92102
1.9257,0.2248,38.52,95,92,92105
1.9306,0.2248,38.58,95,92,92108
1.9404,0.2248,38.62,95,92,92112
1.9892,0.2346,38.49,95,92,92115
1.9795,0.2297,38.52,95,92,92119
1.9795,0.2248,38.49,95,92,92122
1.9746,0.2248,38.62,95,92,92126
1.9795,0.2248,38.49,95,92,92129
2.0137,0.2297,38.49,95,92,92132
1.9941,0.2297,38.52,95,92,92135
1.9404,0.2248,38.55,95,92,92139
1.9159,0.2248,38.62,95,92,92142
1.8964,0.2248,38.62,95,92,92145
1.9550,0.2395,38.49,95,92,92148
1.8719,0.2346,38.62,95,92,92152
1.8622,0.2248,38.52,95,92,92155
1.8524,0.2248,38.58,95,92,92158
1.8524,0.2199,38.62,95,92,92162
1.8964,0.2395,38.40,95,92,92166
1.8768,0.2297,38.65,95,92,92169
1.8768,0.2248,38.52,95,92,92172
1.8671,0.2199,38.58,95,92,92175
1.8622,0.2199,38.62,95,92,92179
1.9013,0.2346,38.46,95,92,92182
1.8719,0.2297,38.58,95,92,92185
1.8622,0.2199,38.52,95,92,92188
1.8573,0.2248,38.62,95,92,92192
1.8573,0.2248,38.62,95,92,92195
1.9062,0.2395,38.49,95,92,92198
1.8768,0.2248,38.55,95,92,92201
1.8768,0.2199,38.52,95,92,92206
1.8768,0.2248,38.74,95,92,92209
1.8866,0.2199,38.55,95,92,92212
1.9306,0.2346,38.40,95,92,92215
1.9062,0.2297,38.52,95,92,92219
1.8964,0.2199,38.58,95,92,92222
1.9110,0.2248,38.58,95,92,92225
1.9110,0.2248,38.84,95,92,92228
1.9892,0.2395,38.46,95,92,92232
1.9892,0.2297,38.55,95,92,92235
2.0332,0.2395,38.52,95,92,92238
2.0919,0.2248,38.52,95,92,92241
2.1750,0.2248,38.62,95,92,92246
2.3558,0.2346,38.43,95,92,92249
2.4780,0.2297,38.74,95,92,92252
2.6637,0.2199,38.55,95,92,92255
2.8935,0.2248,38.62,95,92,92259
3.1281,0.2395,38.62,95,92,92262
3.3871,0.2395,38.46,95,92,92265
3.4164,0.2297,38.62,95,92,92268
3.3040,0.2102,38.58,95,92,92272
3.0596,0.2248,38.55,95,92,92275
2.7761,0.2248,38.62,95,92,92278
2.5220,0.2444,38.43,95,92,92281
2.2043,0.2297,38.62,95,92,92285
1.9795,0.2199,38.55,95,92,92289
1.8084,0.2297,38.55,95,92,92292
1.6764,0.2248,38.62,95,92,92295
1.6325,0.2444,38.40,95,92,92299
1.5347,0.2297,38.52,95,92,92302
1.4907,0.2444,38.62,95,92,92305
1.4712,0.2297,38.55,95,92,92308
1.4565,0.2248,38.62,95,92,92312
1.5152,0.2297,38.43,95,92,92315
1.4907,0.2297,38.52,95,92,92318
1.4956,0.2248,38.62,95,92,92321
1.5152,0.2248,38.65,95,92,92325
1.5200,0.2248,38.62,95,92,92328
1.5836,0.2395,38.40,95,92,92332
1.5640,0.2248,38.52,95,92,92335
1.5738,0.1906,38.65,95,92,92339
1.5934,0.2346,38.58,95,92,92342
1.5934,0.2199,38.65,95,92,92345
1.6520,0.2444,38.43,95,92,92348
1.6520,0.2248,38.55,95,92,92352
1.6227,0.2151,38.62,95,92,92355
1.6373,0.2346,38.58,95,92,92358
1.6373,0.2199,38.65,95,92,92361
1.6960,0.2444,38.36,95,92,92365
1.6960,0.2248,38.49,95,92,92368
1.6667,0.2151,38.62,95,92,92371
1.6813,0.2297,38.58,95,92,92375
1.6764,0.2199,38.62,95,92,92379
1.7351,0.2493,38.33,95,92,92382
1.7009,0.2395,38.46,95,92,92385
1.7009,0.2199,38.58,95,92,92388
1.7107,0.2248,38.68,95,92,92392
1.7204,0.2248,38.62,95,92,92396
1.7253,0.2248,38.55,95,92,92399
1.7693,0.2346,38.49,95,92,92403
1.7546,0.2297,38.81,95,92,92406
1.7644,0.2248,38.49,95,92,92409
1.7644,0.2248,38.62,95,92,92412
1.7791,0.2199,38.62,95,92,92417
1.8328,0.2297,38.46,95,92,92420
1.8426,0.2346,38.58,95,92,92423
1.8377,0.2199,38.52,95,92,92426
1.8280,0.2248,38.58,95,92,92430
1.8182,0.2102,38.62,95,92,92433
1.8524,0.2395,38.55,95,92,92436
1.8231,0.2248,38.58,95,92,92439
1.8377,0.2248,38.52,95,92,92443
1.8280,0.2248,38.58,95,92,92446
1.8328,0.2248,38.68,95,92,92449
1.8817,0.2346,38.43,95,92,92452
1.8671,0.2297,38.58,95,92,92456
1.8573,0.2444,38.55,95,92,92460
1.8475,0.2248,38.71,95,92,92463
1.8426,0.2199,38.68,95,92,92466
1.8817,0.2444,38.46,95,92,92470
1.8524,0.2297,38.55,95,92,92473
1.8573,0.2199,38.62,95,92,92476
1.8475,0.2248,38.62,95,92,92479
1.8573,0.2248,38.62,95,92,92483
1.8964,0.2444,38.46,95,92,92486
1.8622,0.2297,38.58,95,92,92489
1.8964,0.2102,38.52,95,92,92492
1.8768,0.2199,38.62,95,92,92496
1.8817,0.2297,38.58,95,92,92499
1.9306,0.2297,38.43,95,92,92503
1.9159,0.2297,38.55,95,92,92506
1.9159,0.2297,38.52,95,92,92510
1.9306,0.2248,38.33,95,92,92513
1.9599,0.1906,38.62,95,92,92516
2.0235,0.2444,38.43,95,92,92519
2.0039,0.2297,38.49,95,92,92523
2.0088,0.2102,38.55,95,92,92526
2.0088,0.2346,38.58,95,92,92529
2.0088,0.2248,38.62,95,92,92532
2.0626,0.2346,38.43,95,92,92536
2.0235,0.2297,38.55,95,92,92539
2.0137,0.2102,38.55,95,92,92542
2.0283,0.2248,38.62,95,92,92546
2.0283,0.2248,38.68,95,92,92550
2.1017,0.2297,38.40,95,92,92553
2.0723,0.2102,38.52,95,92,92556
2.0381,0.2199,38.21,95,92,92559
2.0235,0.2297,38.58,95,92,92563
2.0039,0.2248,38.62,95,92,92566
2.0430,0.2444,38.36,95,92,92569
1.9795,0.2248,38.52,95,92,92572
1.9746,0.2199,38.68,95,92,92576
1.9892,0.2248,38.62,95,92,92579
1.9892,0.2199,38.65,95,92,92582
2.0479,0.2444,38.36,95,92,92585
2.0137,0.2102,38.46,95,92,92590
1.9599,0.2199,38.65,95,92,92593
1.9648,0.2297,38.62,95,92,92596
1.9648,0.2248,38.62,95,92,92599
2.0088,0.2444,38.36,95,92,92603
1.9453,0.2297,38.46,95,92,92606
1.9062,0.2199,38.62,95,92,92609
1.8964,0.2248,38.58,95,92,92612
1.8768,0.2395,38.62,95,92,92616
1.9208,0.2395,38.33,95,92,92619
1.8768,0.2248,38.52,95,92,92622
1.9013,0.2151,38.58,95,92,92625
1.8719,0.2297,38.68,95,92,92630
1.8719,0.2248,38.62,95,92,92633
1.9257,0.2444,38.33,95,92,92636
1.8915,0.2297,38.49,95,92,92639
1.8719,0.2151,38.62,95,92,92643
1.8719,0.2199,38.62,95,92,92646
1.8573,0.2297,38.65,95,92,92649
1.9013,0.2444,38.30,95,92,92652
1.8524,0.2248,38.55,95,92,92656
1.8524,0.2199,38.58,95,92,92659
1.8524,0.2297,38.65,95,92,92662
1.8524,0.2248,38.68,95,92,92665
1.9208,0.2395,38.43,95,92,92669
1.8671,0.2297,38.52,95,92,92673
1.8671,0.2199,38.71,95,92,92676
1.8768,0.2297,38.58,95,92,92679
1.8768,0.2248,38.62,95,92,92683
1.9306,0.2444,38.36,95,92,92686
1.9062,0.2297,38.49,95,92,92689
1.8915,0.2102,38.58,95,92,92692
1.8964,0.2297,38.62,95,92,92696
1.9013,0.2199,38.71,95,92,92699
1.9599,0.2395,38.33,95,92,92702
1.9208,0.2248,38.58,95,92,92705
1.8964,0.2346,38.58,95,92,92709
1.8866,0.2297,38.55,95,92,92712
1.8719,0.2248,38.62,95,92,92716
1.9257,0.2395,38.33,95,92,92719
1.8915,0.2346,38.52,95,92,92723
1.9013,0.2199,38.65,95,92,92726
1.9159,0.2346,38.62,95,92,92729
1.9013,0.2248,38.62,95,92,92732
1.9599,0.2346,38.30,95,92,92736
1.9355,0.2297,38.52,95,92,92739
1.9257,0.2199,38.62,95,92,92742
1.9355,0.2297,38.58,95,92,92745
1.9355,0.2248,38.58,95,92,92749
2.0088,0.2346,38.33,95,92,92752
1.9844,0.2248,38.52,95,92,92755
1.9844,0.2151,38.62,95,92,92759
1.9844,0.2346,38.62,95,92,92763
1.9550,0.2248,38.62,95,92,92766
1.9892,0.2346,38.30,95,92,92769
1.9062,0.2297,38.52,95,92,92772
1.8915,0.2248,37.90,95,92,92776
1.8866,0.2297,38.58,95,92,92779
1.8573,0.2248,38.62,95,92,92782
1.8866,0.2395,38.30,95,92,92785
1.8426,0.2297,38.58,95,92,92789
1.8182,0.2248,38.62,95,92,92792
1.8133,0.2297,38.55,95,92,92795
1.7889,0.2248,38.62,95,92,92798
1.8280,0.2346,38.65,95,92,92803
1.7791,0.2248,38.52,95,92,92806
1.7889,0.2248,38.65,95,92,92809
1.7840,0.2346,38.55,95,92,92812
1.7840,0.2248,38.55,95,92,92816
1.8426,0.2346,38.33,95,92,92819
1.8133,0.2102,38.52,95,92,92822
1.7889,0.2248,38.62,95,92,92825
1.7889,0.2297,38.55,95,92,92829
1.7742,0.2297,38.24,95,92,92832
1.8377,0.2297,38.36,95,92,92835
1.8231,0.2199,38.49,95,92,92838
1.8035,0.2297,38.68,95,92,92843
1.8182,0.2297,38.58,95,92,92846
1.8084,0.2248,38.58,95,92,92849
1.8622,0.2346,38.36,95,92,92852
1.8328,0.2395,38.55,95,92,92856
1.8573,0.2248,38.62,95,92,92859
1.8866,0.2346,38.58,95,92,92862
1.9110,0.2346,38.62,95,92,92865
2.0283,0.2346,38.65,95,92,92869
2.0772,0.2248,38.55,95,92,92872
2.2043,0.2297,38.62,95,92,92875
2.3998,0.2297,38.68,95,92,92878
2.6100,0.2248,38.62,95,92,92882
2.9277,0.2395,38.33,95,92,92886
3.1427,0.2297,38.55,95,92,92889
3.3089,0.2248,38.62,95,92,92892
3.3773,0.2346,38.58,95,92,92896
3.2307,0.2248,38.65,95,92,92899
3.0254,0.2346,38.33,95,92,92902
2.6442,0.2102,38.55,95,92,92905
2.3363,0.2248,38.58,95,92,92909
2.1017,0.2297,38.58,95,92,92912
1.8768,0.2102,38.62,95,92,92915
1.7400,0.2297,38.40,95,92,92918
1.5738,0.2199,38.58,95,92,92922
1.5005,0.2199,38.62,95,92,92925
1.4467,0.2297,38.65,95,92,92929
1.4076,0.2248,38.55,95,92,92932
1.4321,0.2346,38.36,95,92,92935
1.3978,0.2639,38.49,95,92,92939
1.3978,0.2199,38.62,95,92,92942
1.4321,0.2297,38.52,95,92,92945
1.4272,0.2248,38.58,95,92,92948
1.4809,0.2346,38.36,95,92,92952
1.4809,0.2297,38.81,95,92,92955
1.5347,0.1906,38.65,95,92,92958
1.5396,0.2297,38.55,95,92,92961
1.5347,0.2248,38.62,95,92,92965
1.5982,0.2346,38.36,95,92,92968
1.5689,0.2199,38.36,95,92,92972
1.5885,0.2248,38.52,95,92,92975
1.6227,0.2297,38.58,95,92,92979
1.6227,0.2248,38.62,95,92,92982
1.6716,0.2248,38.36,95,92,92985
1.6520,0.2248,38.49,95,92,92988
1.6422,0.2248,38.62,95,92,92992
1.6569,0.2297,38.55,95,92,92995
1.6422,0.2346,38.62,95,92,92998
1.6862,0.2297,38.33,95,92,93001
1.7595,0.2444,38.33,95,92,93006
1.7253,0.2590,38.52,95,92,93009
1.7253,0.2199,38.65,95,92,93014
1.7204,0.2297,38.62,95,92,93017
1.7449,0.2248,38.62,95,92,93020
1.7986,0.2737,38.40,95,92,93023
1.7791,0.2199,38.65,95,92,93027
1.7595,0.2248,38.65,95,92,93030
1.7498,0.2102,38.58,95,92,93033
1.7351,0.2493,38.65,95,92,93036
1.8035,0.2395,38.62,95,92,93040
1.7840,0.2297,37.93,95,92,93043
1.7791,0.2102,38.62,95,92,93046
1.7693,0.2297,38.55,95,92,93049
1.7546,0.2248,38.58,95,92,93053
1.8182,0.2444,38.33,95,92,93057
1.7986,0.2102,38.55,95,92,93060
1.8084,0.2199,38.58,95,92,93063
1.8084,0.2297,38.58,95,92,93067
1.7791,0.2248,38.62,95,92,93070
1.8084,0.2395,38.33,95,92,93073
1.7498,0.2297,38.52,95,92,93076
1.7253,0.2199,38.62,95,92,93080
1.7302,0.2297,38.58,95,92,93083
1.7351,0.2346,38.62,95,92,93086
1.7937,0.2395,38.30,95,92,93089
1.7546,0.2248,38.58,95,92,93093
1.7546,0.2248,38.62,95,92,93096
1.7644,0.2199,38.58,95,92,93100
1.7644,0.2248,38.52,95,92,93103
1.8182,0.2346,38.33,95,92,93107
1.7791,0.2248,38.52,95,92,93110
1.7693,0.2199,38.62,95,92,93113
1.7791,0.2639,38.62,95,92,93116
1.7937,0.2297,38.65,95,92,93120
1.8524,0.2346,38.30,95,92,93123
1.8084,0.2102,38.55,95,92,93126
1.7937,0.2248,38.58,95,92,93129
1.8084,0.2297,38.65,95,92,93133
1.8084,0.2248,38.62,95,92,93136
1.8622,0.2444,38.30,95,92,93139
1.8328,0.2542,38.52,95,92,93143
1.8328,0.2248,38.62,95,92,93147
1.8964,0.2297,38.58,95,92,93150
1.8768,0.2493,38.62,95,92,93153
1.9453,0.2346,38.30,95,92,93156
1.9257,0.2248,38.55,95,92,93160
1.9453,0.2102,38.62,95,92,93163
1.9501,0.2395,38.62,95,92,93166
1.9208,0.2248,38.58,95,92,93169
1.9550,0.2346,38.33,95,92,93173
1.8964,0.2639,38.52,95,92,93176
1.8671,0.2297,38.65,95,92,93179
1.8768,0.2297,38.58,95,92,93182
1.9062,0.2102,38.62,95,92,93187
1.9306,0.2346,38.33,95,92,93190
1.8915,0.2248,37.74,95,92,93193
1.8817,0.2248,38.62,95,92,93196
1.9355,0.2297,38.68,95,92,93200
1.8915,0.2248,38.55,95,92,93203
1.9404,0.2297,38.30,95,92,93206
1.8964,0.2102,38.55,95,92,93209
1.8866,0.2248,38.62,95,92,93213
1.8915,0.2297,38.55,95,92,93216
1.8622,0.2248,38.62,95,92,93219
1.9062,0.2346,38.33,95,92,93222
1.8671,0.2346,38.49,95,92,93227
1.8426,0.2248,38.65,95,92,93230
1.8426,0.2297,38.58,95,92,93233
1.8182,0.2248,38.62,95,92,93236
1.8573,0.2346,38.33,95,92,93240
1.8231,0.2199,38.55,95,92,93243
1.8231,0.2248,38.55,95,92,93246
1.8328,0.2297,38.58,95,92,93249
1.8475,0.2102,38.62,95,92,93253
1.8671,0.2346,38.33,95,92,93256
1.8231,0.2542,38.52,95,92,93259
1.8426,0.2248,38.62,95,92,93262
1.8719,0.2346,38.58,95,92,93266
1.8671,0.2199,38.62,95,92,93270
1.8866,0.2297,38.36,95,92,93273
1.8524,0.2297,38.52,95,92,93276
1.8475,0.2248,38.62,95,92,93280
1.8866,0.2346,38.58,95,92,93283
1.8768,0.2542,38.62,95,92,93286
1.9110,0.2346,38.36,95,92,93289
1.8573,0.2248,38.52,95,92,93293
1.8328,0.2248,38.62,95,92,93296
1.8524,0.2346,38.58,95,92,93299
1.8671,0.2248,38.58,95,92,93302
1.9208,0.2346,38.33,95,92,93306
1.8671,0.2248,38.55,95,92,93309
1.8671,0.2248,38.52,95,92,93313
1.8915,0.2297,38.52,95,92,93316
1.8964,0.2248,38.65,95,92,93320
1.9501,0.2542,38.36,95,92,93323
1.9062,0.2297,38.46,95,92,93326
1.8817,0.2248,38.68,95,92,93329
1.8768,0.2346,38.55,95,92,93333
1.8475,0.2199,38.58,95,92,93336
1.9013,0.2346,38.40,95,92,93339
1.8964,0.2346,38.55,95,92,93342
1.9159,0.2199,38.62,95,92,93346
1.9501,0.2297,38.43,95,92,93349
1.9453,0.2248,38.62,95,92,93352
2.0039,0.2346,38.33,95,92,93356
1.9795,0.2199,38.58,95,92,93360
2.0039,0.2248,38.68,95,92,93363
2.0381,0.2346,38.55,95,92,93366
2.0088,0.2248,38.62,95,92,93369
2.0235,0.2346,38.36,95,92,93373
1.9795,0.2346,38.52,95,92,93376
1.9648,0.2297,38.65,95,92,93379
1.9697,0.2444,38.55,95,92,93382
1.9306,0.2248,38.62,95,92,93386
1.9550,0.2346,38.40,95,92,93389
1.9013,0.2248,38.58,95,92,93392
1.8671,0.2248,38.84,95,92,93395
1.8671,0.2297,38.55,95,92,93400
1.8573,0.2102,38.68,95,92,93403
1.8964,0.2444,38.40,95,92,93406
1.8622,0.2248,38.58,95,92,93409
1.8719,0.2248,38.65,95,92,93413
1.8768,0.2346,38.55,95,92,93416
1.8280,0.2248,38.65,95,92,93419
1.8475,0.2346,38.40,95,92,93422
1.8280,0.2297,38.52,95,92,93426
1.8035,0.2248,38.62,95,92,93429
1.8035,0.2346,38.55,95,92,93432
1.7889,0.2248,38.62,95,92,93435
1.8524,0.2346,38.40,95,92,93440
1.7986,0.2297,38.58,95,92,93443
1.7986,0.2248,38.84,95,92,93446
1.8231,0.2346,38.55,95,92,93449
1.8231,0.2199,38.68,95,92,93453
1.8524,0.2297,38.40,95,92,93456
1.8084,0.2248,38.65,95,92,93459
1.8084,0.2248,38.68,95,92,93462
1.8328,0.2297,38.58,95,92,93466
1.8133,0.2248,38.65,95,92,93469
1.8524,0.2297,38.40,95,92,93472
1.8377,0.2297,38.49,95,92,93475
1.8524,0.2248,38.71,95,92,93479
1.9062,0.2395,38.46,95,92,93483
1.9404,0.2248,38.62,95,92,93486
2.0772,0.2346,38.40,95,92,93489
2.1994,0.2248,38.55,95,92,93493
2.3949,0.2248,38.58,95,92,93496
2.6637,0.2493,38.49,95,92,93499
2.9032,0.2248,38.62,95,92,93502
3.1916,0.2102,38.40,95,92,93506
3.3138,0.2248,38.58,95,92,93509
3.3529,0.2248,38.62,95,92,93512
3.2600,0.2346,38.52,95,92,93515
2.9423,0.2297,38.62,95,92,93519
2.6588,0.2297,38.40,95,92,93522
2.3118,0.2248,38.52,95,92,93526
2.0137,0.2151,38.62,95,92,93529
1.7889,0.2346,38.43,95,92,93533
1.5885,0.2248,37.87,95,92,93536
1.4956,0.2297,38.40,95,92,93539
1.3881,0.2151,38.52,95,92,93542
1.3441,0.2248,38.65,95,92,93546
1.3441,0.2297,38.55,95,92,93549
1.3294,0.2248,38.65,95,92,93552
1.3587,0.2542,38.43,95,92,93555
1.3587,0.2297,38.58,95,92,93559
1.3881,0.2248,38.65,95,92,93562
1.4272,0.2346,38.52,95,92,93565
1.4174,0.2199,38.62,95,92,93569
1.4418,0.2248,38.43,95,92,93573
1.4321,0.2248,38.55,95,92,93576
1.4467,0.2248,38.62,95,92,93579
1.4809,0.2297,38.52,95,92,93582
1.4858,0.2199,38.58,95,92,93586
1.5298,0.2248,38.08,95,92,93589
1.5152,0.2102,38.55,95,92,93592
1.5249,0.2297,38.62,95,92,93595
1.5543,0.2493,38.49,95,92,93599
1.5543,0.2248,38.77,95,92,93602
1.6178,0.2248,38.46,95,92,93605
1.5689,0.2248,38.62,95,92,93608
1.5934,0.2199,38.62,95,92,93613
1.6325,0.2297,38.74,95,92,93616
1.6813,0.2297,38.58,95,92,93621
1.6373,0.2248,38.62,95,92,93624
1.6569,0.2346,38.33,95,92,93627
1.6325,0.2199,38.52,95,92,93630
1.6276,0.2199,38.62,95,92,93634
1.6373,0.2346,38.58,95,92,93637
1.6325,0.2248,38.62,95,92,93640
1.6813,0.2297,38.36,95,92,93643
1.6520,0.2248,38.55,95,92,93647
1.6569,0.2151,38.62,95,92,93650
1.6716,0.2297,38.58,95,92,93654
1.6569,0.2248,38.65,95,92,93657
1.7009,0.2346,38.33,95,92,93661
1.6471,0.2346,38.52,95,92,93664
1.6227,0.2248,38.65,95,92,93667
1.6520,0.2297,38.55,95,92,93670
1.6618,0.2248,38.62,95,92,93674
1.7009,0.2542,38.36,95,92,93677
1.6716,0.2248,38.55,95,92,93680
1.6618,0.2248,38.62,95,92,93683
1.6667,0.2346,38.58,95,92,93687
1.6471,0.2346,38.62,95,92,93690
1.6813,0.2346,38.43,95,92,93693
1.6325,0.2248,38.55,95,92,93697
1.6227,0.2248,38.62,95,92,93701
1.6227,0.2346,38.58,95,92,93704
1.6129,0.2248,38.62,95,92,93707
1.6569,0.2346,38.36,95,92,93710
1.6422,0.2297,38.58,95,92,93714
1.6520,0.2248,38.62,95,92,93717
1.6862,0.2346,38.55,95,92,93720
1.6520,0.2297,38.62,95,92,93723
1.6960,0.2346,38.33,95,92,93727
1.6618,0.2102,38.52,95,92,93730
1.6471,0.2248,38.58,95,92,93733
1.6569,0.2297,38.62,95,92,93736
1.6422,0.2248,38.58,95,92,93741
1.6813,0.2346,38.33,95,92,93744
1.6471,0.2199,38.55,95,92,93747
1.6569,0.2248,38.58,95,92,93750
1.6716,0.2297,38.62,95,92,93754
1.6716,0.2248,38.62,95,92,93757
1.7546,0.2346,38.33,95,92,93760
1.7155,0.2639,38.46,95,92,93763
1.7009,0.2248,38.65,95,92,93767
1.7009,0.2346,38.55,95,92,93770
1.6764,0.2248,38.62,95,92,93773
1.7155,0.2346,38.40,95,92,93776
1.6764,0.2248,38.55,95,92,93780
1.6911,0.2248,38.65,95,92,93784
1.6862,0.2444,38.58,95,92,93787
1.6813,0.2248,38.65,95,92,93790
1.7204,0.2297,38.33,95,92,93794
1.6862,0.2248,38.58,95,92,93797
1.6618,0.2493,38.62,95,92,93800
1.6667,0.2297,38.58,95,92,93803
1.6471,0.2248,38.68,95,92,93807
1.6813,0.2346,38.43,95,92,93810
1.6569,0.2346,38.55,95,92,93813
1.6422,0.2248,38.62,95,92,93816
1.6569,0.2297,38.40,95,92,93820
1.6471,0.2248,38.62,95,92,93824
1.6764,0.2297,38.36,95,92,93827
1.6471,0.2248,38.52,95,92,93830
1.6471,0.2199,38.62,95,92,93834
1.6667,0.2297,38.55,95,92,93837
1.6569,0.2248,38.62,95,92,93840
1.6813,0.2346,38.30,95,92,93843
1.6325,0.2199,38.18,95,92,93847
1.6276,0.2248,38.62,95,92,93850
1.6325,0.2346,38.55,95,92,93853
1.6227,0.2248,38.58,95,92,93856
1.6520,0.2297,38.33,95,92,93860
1.6373,0.2297,38.52,95,92,93863
1.6276,0.2199,38.62,95,92,93867
1.6471,0.2346,38.55,95,92,93870
1.6325,0.2297,38.65,95,92,93874
1.6716,0.2346,38.40,95,92,93877
1.6422,0.2248,38.58,95,92,93880
1.6373,0.2395,38.58,95,92,93883
1.6569,0.2297,38.71,95,92,93887
1.6422,0.2248,38.62,95,92,93890
1.6764,0.2297,38.33,95,92,93893
1.6471,0.2199,38.58,95,92,93896
1.6569,0.2248,38.62,95,92,93900
1.6911,0.2346,38.55,95,92,93903
1.6813,0.2248,38.62,95,92,93906
1.7253,0.2297,38.33,95,92,93910
1.7058,0.2297,37.87,95,92,93914
1.6960,0.2248,38.62,95,92,93917
1.7107,0.2346,38.55,95,92,93920
1.6960,0.2199,38.62,95,92,93923
1.7351,0.2297,38.43,95,92,93927
1.7058,0.2297,38.58,95,92,93930
1.7107,0.2297,38.62,95,92,93933
1.7058,0.2297,38.52,95,92,93936
1.6960,0.2248,38.62,95,92,93940
1.7302,0.2395,38.36,95,92,93943
1.7009,0.2444,38.68,95,92,93946
1.7058,0.2248,38.62,95,92,93949
1.7498,0.2346,38.55,95,92,93954
1.7351,0.2248,38.62,95,92,93957
1.7449,0.2297,38.36,95,92,93960
1.7155,0.2297,38.33,95,92,93963
1.7107,0.2248,38.62,95,92,93967
1.7302,0.2346,38.55,95,92,93970
1.7155,0.2248,38.58,95,92,93973
1.7644,0.2297,38.33,95,92,93976
1.7449,0.2297,38.58,95,92,93980
1.7595,0.2248,38.65,95,92,93983
1.7889,0.2346,38.52,95,92,93986
1.7986,0.2248,38.62,95,92,93989
1.8817,0.2297,38.43,95,92,93993
1.8622,0.2199,38.62,95,92,93997
1.8377,0.2248,38.62,95,92,94000
1.8328,0.2346,38.58,95,92,94003
1.7986,0.2248,38.62,95,92,94007
1.7986,0.2248,38.40,95,92,94010
1.7449,0.2248,38.11,95,92,94013
1.7009,0.2102,38.62,95,92,94016
1.6911,0.2346,38.49,95,92,94020
1.6422,0.2248,38.62,95,92,94023
1.6618,0.2297,38.40,95,92,94026
1.6276,0.2248,38.52,95,92,94029
1.6129,0.2248,38.62,95,92,94033
1.6227,0.2297,38.52,95,92,94036
1.6031,0.2248,38.62,95,92,94040
1.6178,0.2297,38.40,95,92,94043
1.5787,0.2199,38.62,95,92,94047
1.5738,0.2248,38.71,95,92,94050
1.5836,0.2346,38.58,95,92,94053
1.5885,0.2248,38.58,95,92,94056
1.5934,0.2297,38.40,95,92,94060
1.5738,0.2248,38.49,95,92,94063
1.5982,0.2248,38.62,95,92,94066
1.6031,0.2297,38.52,95,92,94069
1.5885,0.2199,38.62,95,92,94073
1.6178,0.2297,38.40,95,92,94076
1.5885,0.2248,38.55,95,92,94080
1.5982,0.2248,38.68,95,92,94083
1.6178,0.2297,38.46,95,92,94087
1.6080,0.2248,38.62,95,92,94090
1.6422,0.2297,38.40,95,92,94093
1.6373,0.2248,38.62,95,92,94096
1.6764,0.2248,38.65,95,92,94100
1.7253,0.2346,38.49,95,92,94103
1.7644,0.2297,38.62,95,92,94106
1.8622,0.2297,38.40,95,92,94109
1.9550,0.2248,38.52,95,92,94113
2.1017,0.2199,38.58,95,92,94116
2.3118,0.2346,38.46,95,92,94119
2.5122,0.2248,38.62,95,92,94123
2.7957,0.2248,38.46,95,92,94127
2.9912,0.2395,38.62,95,92,94130
3.1525,0.2248,38.55,95,92,94133
3.1916,0.2297,38.52,95,92,94136
3.0010,0.2346,38.62,95,92,94140
2.7468,0.2248,38.43,95,92,94143
2.3900,0.2248,38.62,95,92,94146
2.1065,0.2444,38.62,95,92,94149
1.8915,0.2297,38.43,95,92,94153
1.6764,0.2248,38.62,95,92,94156
1.5396,0.2102,38.46,95,92,94159
1.3978,0.2395,38.55,95,92,94162
1.3050,0.2248,38.62,95,92,94167
1.2854,0.2297,38.49,95,92,94170
1.2610,0.2102,38.62,95,92,94173
1.2757,0.2248,38.46,95,92,94176
1.2708,0.2248,38.55,95,92,94180
1.3050,0.2248,38.62,95,92,94183
1.3294,0.2639,38.49,95,92,94186
1.3490,0.2248,38.74,95,92,94189
1.4027,0.2248,38.46,95,92,94193
1.3930,0.2102,38.62,95,92,94196
1.4174,0.2248,38.58,95,92,94199
1.4663,0.2297,38.58,95,92,94202
1.4761,0.2297,38.58,95,92,94206
1.5249,0.2248,38.49,95,92,94210
1.5152,0.2444,38.62,95,92,94213
1.5396,0.2248,38.71,95,92,94216
1.5689,0.2297,38.55,95,92,94220
1.5640,0.2297,38.62,95,92,94223
1.5982,0.2639,38.46,95,92,94226
1.5787,0.2199,38.40,95,92,94229
1.6178,0.2248,38.62,95,92,94233
1.6373,0.2493,38.62,95,92,94236
1.6618,0.2297,38.55,95,92,94239
1.6569,0.2248,38.52,95,92,94243
1.6911,0.2346,38.36,95,92,94246
1.6862,0.2297,38.52,95,92,94249
1.6716,0.2248,38.81,95,92,94253
1.6911,0.2297,38.52,95,92,94257
1.6716,0.2248,38.62,95,92,94260
1.6960,0.2346,38.36,95,92,94263
1.6618,0.2297,38.55,95,92,94266
1.6569,0.2248,38.65,95,92,94270
1.6618,0.2346,38.52,95,92,94273
1.6520,0.2248,38.62,95,92,94276
1.6813,0.2297,38.36,95,92,94279
1.6520,0.2248,38.62,95,92,94283
1.6569,0.2248,38.62,95,92,94286
1.6813,0.2297,38.55,95,92,94289
1.6813,0.2248,38.71,95,92,94292
1.7204,0.2346,38.40,95,92,94297
1.7009,0.2199,38.49,95,92,94300
1.6862,0.2248,37.83,95,92,94303
1.6911,0.2395,38.40,95,92,94306
1.6520,0.2248,38.58,95,92,94310
1.6862,0.2297,38.40,95,92,94313
1.6520,0.2248,38.58,95,92,94316
1.6813,0.2102,38.62,95,92,94319
1.6618,0.2248,38.49,95,92,94323
1.6471,0.2248,38.62,95,92,94326
1.6716,0.2248,38.43,95,92,94329
1.6422,0.2248,38.62,95,92,94332
1.6764,0.2199,38.62,95,92,94337
1.6618,0.2297,38.49,95,92,94340
1.6520,0.2248,38.68,95,92,94343
1.7009,0.2346,38.40,95,92,94346
1.6667,0.2248,38.46,95,92,94350
1.6667,0.2248,38.62,95,92,94353
1.6911,0.2297,38.49,95,92,94356
1.6764,0.2102,38.62,95,92,94359
1.7058,0.2297,38.40,95,92,94363
1.6911,0.2248,38.55,95,92,94366
1.7009,0.2248,38.62,95,92,94369
1.7204,0.2297,38.49,95,92,94372
1.7253,0.2248,38.62,95,92,94376
1.7791,0.2297,38.43,95,92,94380
1.7791,0.2297,38.62,95,92,94383
1.7644,0.2199,38.62,95,92,94386
1.7937,0.2297,38.55,95,92,94390
1.7791,0.2248,38.62,95,92,94393
1.8035,0.2297,38.43,95,92,94396
1.7986,0.2346,38.52,95,92,94399
1.7986,0.2248,38.52,95,92,94403
1.8133,0.2297,38.52,95,92,94406
1.7986,0.2199,38.62,95,92,94409
1.8231,0.2395,38.40,95,92,94412
1.7889,0.2248,38.52,95,92,94416
1.7742,0.2248,38.62,95,92,94419
1.8035,0.2297,38.52,95,92,94423
1.7693,0.2248,38.58,95,92,94426
1.7937,0.2297,38.43,95,92,94430
1.7644,0.2248,38.62,95,92,94433
1.7644,0.2297,38.65,95,92,94436
1.7937,0.2346,38.52,95,92,94439
1.7791,0.2248,38.55,95,92,94443
1.8133,0.2297,38.43,95,92,94446
1.7889,0.2248,38.55,95,92,94449
1.7742,0.2590,38.62,95,92,94452
1.7791,0.2297,38.46,95,92,94456
1.7449,0.2248,38.62,95,92,94459
1.7498,0.2102,38.43,95,92,94462
1.7155,0.2248,38.55,95,92,94466
1.7009,0.2199,38.62,95,92,94470
1.7058,0.2346,38.52,95,92,94473
1.7009,0.2199,38.58,95,92,94476
1.6960,0.2248,38.52,95,92,94479
1.6569,0.2248,38.62,95,92,94483
1.6667,0.2248,38.68,95,92,94486
1.6911,0.2297,38.46,95,92,94489
1.6716,0.2248,38.68,95,92,94492
1.6862,0.2248,38.46,95,92,94496
1.6716,0.2151,38.55,95,92,94499
1.6716,0.2248,38.52,95,92,94502
1.6862,0.2297,38.18,95,92,94505
1.6667,0.2248,38.58,95,92,94510
1.6862,0.2395,38.43,95,92,94513
1.6667,0.2493,38.58,95,92,94516
1.6764,0.2248,38.62,95,92,94519
1.6960,0.2297,38.55,95,92,94523
1.6911,0.2248,38.62,95,92,94526
1.7204,0.2248,38.40,95,92,94529
1.7009,0.2248,38.62,95,92,94532
1.7107,0.2199,38.58,95,92,94536
1.7351,0.2639,38.46,95,92,94539
1.7204,0.2493,38.58,95,92,94542
1.7498,0.2248,38.46,95,92,94545
1.7351,0.2102,38.55,95,92,94550
1.7400,0.2248,38.62,95,92,94553
1.7693,0.2297,38.43,95,92,94556
1.7644,0.2248,38.62,95,92,94559
1.8035,0.2346,38.46,95,92,94563
1.7840,0.2248,38.52,95,92,94566
1.7986,0.2248,38.62,95,92,94569
1.8475,0.2199,38.55,95,92,94572
1.8133,0.2395,38.62,95,92,94576
1.8475,0.2248,38.46,95,92,94579
1.8328,0.2248,38.62,95,92,94582
1.8866,0.2297,38.62,95,92,94585
1.8964,0.2297,38.40,95,92,94589
1.8866,0.2248,38.84,95,92,94593
1.9257,0.2248,38.46,95,92,94596
1.9110,0.2248,38.55,95,92,94599
1.9257,0.2297,38.62,95,92,94603
1.9550,0.2297,38.46,95,92,94606
1.9453,0.2297,38.62,95,92,94609
1.9844,0.2199,38.49,95,92,94612
1.9501,0.2199,38.62,95,92,94616
1.9501,0.2248,38.62,95,92,94619
1.9648,0.2297,38.52,95,92,94622
1.9355,0.2542,38.62,95,92,94625
1.9453,0.2297,38.49,95,92,94629
1.8915,0.2248,38.65,95,92,94632
1.8622,0.2199,38.62,95,92,94636
1.8622,0.2297,38.49,95,92,94639
1.8084,0.2639,38.62,95,92,94643
1.8231,0.2297,38.49,95,92,94646
1.7840,0.2151,38.58,95,92,94649
1.7840,0.2297,38.62,95,92,94652
1.7986,0.2199,38.52,95,92,94656
1.7742,0.2248,38.58,95,92,94659
1.8231,0.2346,38.49,95,92,94662
1.7595,0.2248,38.58,95,92,94665
1.7498,0.2248,38.68,95,92,94669
1.7400,0.2297,38.55,95,92,94672
1.7204,0.2199,38.62,95,92,94675
1.7400,0.2297,38.52,95,92,94679
1.7107,0.2248,38.62,95,92,94683
1.7155,0.2248,38.65,95,92,94686
1.7351,0.2395,38.49,95,92,94689
1.7058,0.2493,38.65,95,92,94692
1.7204,0.2297,38.49,95,92,94696
1.6960,0.2199,38.68,95,92,94699
1.6911,0.2248,38.65,95,92,94702
1.7155,0.2297,38.52,95,92,94705
1.6960,0.2297,38.58,95,92,94709
1.7253,0.2297,38.52,95,92,94712
1.7107,0.2248,38.68,95,92,94715
1.7400,0.2248,38.62,95,92,94718
1.7693,0.2493,38.52,95,92,94723
1.7986,0.2248,38.62,95,92,94726
1.8768,0.2346,38.46,95,92,94729
1.9110,0.2297,38.58,95,92,94732
1.9844,0.2248,38.65,95,92,94736
2.1457,0.2395,38.46,95,92,94739
2.2776,0.2297,38.58,95,92,94742
2.5024,0.2346,38.55,95,92,94745
2.6979,0.2248,38.65,95,92,94749
2.9668,0.2199,38.62,95,92,94752
3.1769,0.2346,38.52,95,92,94755
3.2307,0.2297,38.77,95,92,94758
3.2160,0.2297,38.46,95,92,94763
2.9277,0.2297,38.62,95,92,94766
2.6295,0.2542,38.65,95,92,94769
2.3558,0.2297,38.55,95,92,94772
2.0821,0.2297,38.58,95,92,94776
1.8719,0.2297,38.49,95,92,94779
1.6569,0.2199,38.58,95,92,94782
1.5200,0.2248,38.65,95,92,94785
1.4418,0.2346,38.46,95,92,94789
1.3587,0.2590,38.58,95,92,94792
1.3294,0.2297,38.49,95,92,94795
1.2952,0.2297,38.62,95,92,94798
1.2805,0.2248,38.62,95,92,94802
1.3148,0.2346,38.46,95,92,94806
1.3050,0.2297,38.58,95,92,94809
1.3490,0.2688,38.52,95,92,94812
1.3441,0.2248,38.65,95,92,94816
1.3685,0.2248,38.62,95,92,94819
1.4370,0.2346,38.55,95,92,94822
1.4027,0.2346,38.62,95,92,94825
1.4418,0.2297,38.46,95,92,94829
1.4516,0.2297,38.62,95,92,94832
1.4858,0.2248,38.62,95,92,94835
1.5298,0.2346,38.43,95,92,94838
1.6325,0.2297,38.46,95,92,94842
1.6373,0.2102,38.58,95,92,94845
1.6716,0.2297,38.46,95,92,94849
1.6667,0.2248,38.58,95,92,94853
1.6813,0.2248,38.62,95,92,94856
1.7009,0.2346,38.55,95,92,94859
1.7009,0.2248,38.68,95,92,94862
1.7351,0.2248,38.46,95,92,94866
1.7155,0.2297,38.62,95,92,94869
1.7302,0.2248,38.55,95,92,94872
1.7644,0.2346,38.49,95,92,94875
1.7595,0.2297,38.58,95,92,94879
1.7742,0.2346,38.49,95,92,94882
1.7546,0.2248,38.81,95,92,94885
1.7693,0.2248,38.62,95,92,94888
1.7986,0.2297,38.52,95,92,94893
1.7937,0.2248,38.58,95,92,94896
1.8280,0.2248,38.65,95,92,94899
1.8035,0.2248,38.58,95,92,94902
1.8035,0.2199,38.68,95,92,94906
1.8084,0.2297,38.46,95,92,94909
1.7889,0.2102,38.62,95,92,94912
1.8133,0.2542,38.46,95,92,94915
1.7791,0.2248,38.62,95,92,94919
1.7791,0.2248,38.65,95,92,94922
1.8133,0.2346,38.52,95,92,94925
1.8035,0.2248,38.58,95,92,94928
1.8035,0.2297,38.49,95,92,94932
1.7693,0.2199,38.58,95,92,94936
1.7840,0.2248,38.65,95,92,94939
1.7937,0.2297,38.46,95,92,94942
1.7742,0.2297,38.62,95,92,94946
1.8231,0.2346,38.49,95,92,94949
1.7791,0.2248,38.62,95,92,94952
1.7791,0.2248,38.68,95,92,94955
1.7986,0.2297,38.52,95,92,94959
1.7937,0.2248,38.62,95,92,94962
1.8231,0.2346,38.24,95,92,94965
1.7840,0.2248,38.62,95,92,94968
1.7742,0.2248,38.62,95,92,94972
1.8377,0.2395,38.49,95,92,94976
1.7742,0.2297,38.55,95,92,94979
1.7937,0.2346,37.80,95,92,94982
1.7693,0.2248,38.58,95,92,94986
1.7693,0.2346,38.62,95,92,94989
1.7937,0.2346,38.52,95,92,94992
1.7742,0.2297,38.62,95,92,94995
1.8084,0.2346,38.49,95,92,94999
1.7742,0.2444,38.55,95,92,95002
1.7791,0.2248,38.62,95,92,95005
1.7937,0.2297,38.55,95,92,95008
1.7791,0.2297,38.62,95,92,95012
1.8035,0.2590,38.49,95,92,95015
1.7791,0.2297,38.62,95,92,95019
1.7791,0.2297,38.65,95,92,95022
1.8035,0.2297,38.46,95,92,95026
1.7840,0.2297,38.58,95,92,95029
1.7986,0.2346,38.77,95,92,95032
1.7644,0.2297,38.62,95,92,95035
1.7546,0.2199,38.62,95,92,95039
1.7742,0.2444,38.46,95,92,95042
1.7546,0.2297,38.74,95,92,95045
1.7889,0.2346,38.46,95,92,95048
1.7595,0.2297,38.62,95,92,95052
1.7742,0.2590,38.62,95,92,95055
1.7937,0.2297,38.58,95,92,95058
1.7840,0.2297,38.62,95,92,95062
1.8133,0.2297,38.49,95,92,95066
1.7791,0.2346,38.68,95,92,95069
1.7791,0.2248,38.62,95,92,95072
1.7986,0.2395,38.46,95,92,95075
1.7791,0.2297,38.58,95,92,95079
1.7742,0.2297,38.46,95,92,95082
1.7351,0.2346,38.65,95,92,95085
1.7302,0.2297,38.62,95,92,95088
1.7595,0.2395,38.52,95,92,95092
1.7253,0.2542,38.58,95,92,95095
1.7400,0.2297,38.46,95,92,95098
1.7058,0.2297,38.62,95,92,95101
1.7107,0.2199,38.62,95,92,95106
1.7155,0.2395,38.62,95,92,95109
1.7009,0.2297,38.58,95,92,95112
1.7253,0.2346,38.46,95,92,95115
1.7400,0.2297,38.62,95,92,95119
1.7204,0.2248,38.62,95,92,95122
1.7693,0.2346,38.49,95,92,95125
1.7644,0.2297,38.68,95,92,95128
1.7791,0.2297,38.46,95,92,95132
1.7449,0.2297,38.71,95,92,95135
1.7302,0.2102,38.62,95,92,95138
1.7449,0.2444,38.49,95,92,95141
1.7204,0.2297,38.62,95,92,95145
1.7351,0.2297,38.46,95,92,95149
1.7107,0.2248,38.62,95,92,95152
1.7058,0.2248,38.58,95,92,95155
1.7351,0.2346,38.68,95,92,95159
1.7400,0.2297,38.58,95,92,95162
1.7693,0.2639,38.49,95,92,95165
1.7546,0.2199,38.62,95,92,95168
1.7546,0.2297,38.68,95,92,95172
1.8133,0.2395,38.46,95,92,95175
1.7595,0.2297,38.58,95,92,95178
1.7889,0.2297,38.46,95,92,95181
1.7742,0.2297,38.71,95,92,95185
1.7693,0.2248,38.62,95,92,95188
1.7937,0.2346,38.46,95,92,95192
1.7791,0.2444,38.58,95,92,95195
1.7986,0.2346,38.46,95,92,95199
1.7937,0.2199,38.58,95,92,95202
1.7742,0.2297,38.62,95,92,95205
1.7889,0.2297,38.55,95,92,95208
1.7693,0.2297,38.58,95,92,95212
1.7840,0.2346,38.46,95,92,95215
1.7840,0.2102,38.62,95,92,95218
1.7840,0.2248,38.58,95,92,95221
1.8377,0.2346,38.43,95,92,95225
1.8328,0.2297,38.58,95,92,95228
1.8671,0.2395,38.49,95,92,95232
1.8719,0.2395,38.62,95,92,95235
1.8964,0.2248,38.62,95,92,95239
1.9404,0.2346,38.49,95,92,95242
1.9208,0.2346,38.68,95,92,95245
1.9257,0.2297,38.62,95,92,95248
1.8622,0.2297,38.62,95,92,95252
1.8133,0.2297,38.62,95,92,95255
1.8084,0.2346,38.52,95,92,95258
1.7693,0.2493,38.62,95,92,95261
1.7742,0.2297,38.49,95,92,95265
1.7498,0.2297,38.62,95,92,95268
1.7498,0.2102,38.62,95,92,95271
1.7693,0.2444,38.43,95,92,95275
1.7302,0.2297,38.71,95,92,95279
1.7351,0.2297,38.49,95,92,95282
1.7009,0.2297,38.62,95,92,95285
1.7009,0.2297,38.71,95,92,95288
1.7155,0.2346,38.49,95,92,95292
1.6813,0.2346,38.55,95,92,95295
1.6716,0.2346,38.55,95,92,95298
1.6373,0.2297,38.58,95,92,95301
1.6325,0.2248,38.65,95,92,95305
1.6520,0.2395,38.55,95,92,95308
1.6618,0.2248,38.58,95,92,95311
1.6422,0.2297,38.49,95,92,95314
1.6373,0.2297,38.65,95,92,95319
1.6422,0.2346,38.62,95,92,95322
1.6764,0.2346,38.40,95,92,95325
1.6667,0.2297,38.46,95,92,95328
1.6862,0.2346,38.49,95,92,95332
1.6813,0.2346,38.62,95,92,95335
1.6960,0.2297,38.84,95,92,95338
1.7449,0.2395,38.49,95,92,95341
1.7546,0.2346,38.58,95,92,95345
1.7986,0.2346,38.49,95,92,95348
1.8328,0.2297,38.65,95,92,95351
1.9110,0.2297,38.68,95,92,95354
2.0577,0.2395,38.52,95,92,95358
2.1896,0.2297,38.58,95,92,95362
2.3998,0.2297,38.49,95,92,95365
2.6246,0.2297,38.68,95,92,95368
2.8788,0.2248,38.62,95,92,95372
3.1769,0.2395,38.43,95,92,95375
3.2796,0.2297,38.68,95,92,95378
3.2747,0.2297,38.52,95,92,95381
3.0547,0.2444,38.62,95,92,95385
2.7566,0.2297,38.65,95,92,95388
2.4927,0.2346,38.46,95,92,95391
2.1799,0.2395,38.55,95,92,95394
1.9550,0.2297,38.52,95,92,95398
1.7693,0.2297,38.58,95,92,95401
1.5787,0.2102,38.62,95,92,95405
1.4712,0.2688,38.46,95,92,95408
1.3587,0.2297,38.58,95,92,95412
1.3148,0.2297,38.52,95,92,95415
1.2757,0.2297,38.58,95,92,95418
1.2805,0.2346,38.62,95,92,95421
1.3343,0.2395,38.46,95,92,95425
1.3636,0.2297,37.80,95,92,95428
1.4321,0.2297,38.49,95,92,95431
1.4321,0.2297,38.58,95,92,95434
1.4467,0.2297,38.62,95,92,95438
1.5005,0.2297,38.52,95,92,95441
1.5005,0.2346,38.55,95,92,95444
1.5249,0.2297,38.52,95,92,95448
1.5396,0.2297,38.62,95,92,95452
1.5982,0.2297,38.62,95,92,95455
1.6080,0.2297,38.62,95,92,95459
1.6471,0.2444,38.49,95,92,95462
1.6325,0.2346,38.58,95,92,95465
1.6618,0.2346,38.43,95,92,95468
1.6471,0.2297,38.65,95,92,95472
1.6667,0.2248,38.62,95,92,95475
1.7009,0.2297,38.55,95,92,95478
1.6960,0.2297,38.68,95,92,95481
1.7351,0.2346,38.55,95,92,95485
1.7400,0.2542,38.62,95,92,95489
1.7644,0.2248,38.58,95,92,95492
1.8035,0.2297,38.52,95,92,95495
1.8377,0.2297,38.62,95,92,95499
1.8573,0.2297,38.43,95,92,95502
1.8426,0.2297,37.83,95,92,95505
1.8475,0.2297,38.62,95,92,95508
1.8817,0.2444,38.46,95,92,95512
1.8573,0.2346,38.58,95,92,95515
1.9013,0.2297,38.55,95,92,95518
1.9013,0.2297,38.62,95,92,95521
1.9257,0.2199,38.68,95,92,95525
1.9697,0.2444,38.55,95,92,95528
1.9501,0.2297,38.55,95,92,95532
1.9746,0.2346,38.46,95,92,95535
1.9795,0.2346,38.62,95,92,95539
1.9355,0.2248,38.68,95,92,95542
1.9355,0.2346,38.52,95,92,95545
1.8915,0.2297,38.62,95,92,95548
1.8866,0.2346,38.46,95,92,95552
1.8524,0.2297,38.62,95,92,95555
1.8084,0.2444,38.62,95,92,95558
1.8377,0.2395,38.52,95,92,95561
1.8231,0.2297,38.65,95,92,95565
1.8915,0.2346,38.46,95,92,95568
1.8377,0.2346,38.58,95,92,95571
1.8426,0.2297,38.62,95,92,95575
1.8671,0.2297,38.52,95,92,95579
1.8231,0.2395,38.58,95,92,95582
1.8182,0.2297,38.55,95,92,95585
1.7742,0.2297,38.62,95,92,95588
1.7644,0.2297,38.62,95,92,95592
1.7693,0.2346,38.55,95,92,95595
1.7400,0.2395,38.49,95,92,95598
1.7400,0.2346,38.46,95,92,95601
1.7058,0.2297,38.62,95,92,95605
1.7107,0.2444,38.62,95,92,95608
1.7449,0.2395,38.43,95,92,95611
1.7302,0.2297,38.58,95,92,95614
1.7889,0.2346,38.46,95,92,95619
1.7693,0.2493,38.65,95,92,95622
1.8035,0.2297,38.62,95,92,95625
1.8622,0.2346,38.49,95,92,95628
1.8573,0.2248,38.58,95,92,95632
1.8768,0.2297,38.55,95,92,95635
1.8426,0.2297,38.62,95,92,95638
1.8377,0.2297,38.62,95,92,95641
1.9013,0.2346,38.55,95,92,95645
1.8866,0.2297,38.55,95,92,95648
1.9159,0.2346,38.52,95,92,95651
1.8915,0.2297,38.62,95,92,95654
1.9159,0.2199,38.62,95,92,95659
1.9648,0.2395,38.46,95,92,95662
1.9404,0.2297,38.55,95,92,95665
1.9550,0.2297,38.46,95,92,95668
1.9501,0.2248,38.62,95,92,95672
1.9453,0.2297,37.87,95,92,95675
1.9648,0.2346,38.49,95,92,95678
1.9697,0.2346,38.58,95,92,95681
1.9501,0.2297,38.49,95,92,95685
1.9306,0.2297,38.62,95,92,95688
1.9257,0.2297,38.62,95,92,95691
1.9501,0.2395,38.55,95,92,95694
1.9257,0.2297,38.58,95,92,95698
1.9355,0.2297,38.49,95,92,95702
1.8915,0.2297,38.65,95,92,95705
1.8866,0.2297,38.62,95,92,95708
1.9062,0.2395,38.46,95,92,95712
1.8768,0.2297,38.58,95,92,95715
1.8817,0.2346,38.49,95,92,95718
1.8622,0.2297,38.62,95,92,95721
1.8573,0.2151,38.62,95,92,95725
1.8866,0.2639,38.49,95,92,95728
1.8768,0.2297,38.77,95,92,95731
1.8866,0.2297,38.52,95,92,95734
1.8719,0.2199,38.58,95,92,95738
1.8719,0.2493,38.62,95,92,95741
1.9013,0.2346,38.43,95,92,95745
1.8964,0.2297,38.58,95,92,95748
1.9208,0.2248,38.49,95,92,95752
1.9013,0.2346,38.62,95,92,95755
1.9159,0.2297,38.62,95,92,95758
1.9795,0.2395,38.43,95,92,95761
1.9697,0.2346,38.58,95,92,95765
1.9501,0.2297,38.55,95,92,95768
1.9159,0.2346,38.58,95,92,95771
1.9110,0.2199,38.62,95,92,95774
1.9404,0.2395,38.49,95,92,95778
1.9208,0.2297,38.77,95,92,95781
1.9453,0.2297,38.46,95,92,95784
1.9599,0.2346,38.62,95,92,95788
1.9599,0.2248,38.62,95,92,95792
1.9990,0.2395,38.77,95,92,95795
1.9795,0.2346,38.58,95,92,95798
1.9795,0.2346,38.49,95,92,95801
1.9697,0.2248,38.55,95,92,95805
1.9892,0.2248,38.62,95,92,95808
2.0577,0.2297,38.43,95,92,95811
2.0723,0.2346,38.58,95,92,95814
2.0479,0.2297,38.46,95,92,95818
2.0235,0.2297,38.62,95,92,95821
2.0088,0.2297,38.62,95,92,95824
2.0479,0.2395,38.46,95,92,95827
2.0381,0.2297,38.58,95,92,95832
2.0674,0.2248,38.49,95,92,95835
2.0723,0.2297,38.62,95,92,95838
2.0772,0.2297,38.62,95,92,95841
2.1163,0.2346,38.49,95,92,95845
2.0821,0.2297,38.84,95,92,95848
2.0968,0.2297,38.52,95,92,95851
2.1065,0.2346,38.62,95,92,95854
2.1261,0.2590,38.62,95,92,95858
2.1701,0.2395,38.43,95,92,95861
2.1212,0.2346,38.55,95,92,95864
2.1359,0.2102,38.52,95,92,95867
2.0870,0.2297,38.58,95,92,95872
2.0723,0.2297,38.62,95,92,95875
2.0968,0.2444,38.43,95,92,95878
2.0479,0.2297,38.68,95,92,95881
2.0235,0.2297,38.52,95,92,95885
1.9892,0.2248,38.58,95,92,95888
1.9844,0.2297,38.58,95,92,95891
2.0283,0.2395,38.46,95,92,95894
2.0186,0.2346,38.52,95,92,95898
1.9697,0.2248,38.71,95,92,95901
1.9599,0.2297,38.68,95,92,95904
1.9453,0.2297,38.62,95,92,95907
1.9697,0.2395,38.43,95,92,95911
1.9306,0.2444,38.55,95,92,95915
1.9355,0.2297,38.52,95,92,95918
1.9306,0.2297,38.62,95,92,95921
1.9110,0.2199,38.62,95,92,95925
1.9355,0.2444,38.46,95,92,95928
1.8964,0.2297,38.55,95,92,95931
1.8671,0.2248,38.55,95,92,95934
1.8280,0.2346,38.62,95,92,95938
1.8133,0.2297,38.62,95,92,95941
1.8671,0.2395,38.46,95,92,95944
1.8573,0.2297,38.55,95,92,95947
1.8524,0.2248,38.52,95,92,95951
1.8475,0.2346,38.62,95,92,95954
1.8719,0.2199,38.62,95,92,95958
1.9159,0.2395,38.40,95,92,95961
1.9208,0.2346,38.52,95,92,95965
1.9746,0.2248,38.52,95,92,95968
2.0821,0.2248,38.58,95,92,95971
2.2483,0.2297,38.68,95,92,95974
2.5220,0.2444,38.46,95,92,95978
2.7370,0.2346,38.55,95,92,95981
2.9912,0.2248,38.52,95,92,95984
3.2209,0.2297,38.65,95,92,95987
3.3529,0.2297,38.62,95,92,95991
3.4066,0.2395,38.43,95,92,95994
3.1672,0.2346,37.93,95,92,95997
2.8348,0.2248,38.55,95,92,96001
2.4731,0.2297,38.58,95,92,96005
2.1212,0.2199,38.58,95,92,96008
1.8866,0.2395,38.40,95,92,96011
1.6373,0.2346,38.62,95,92,96014
1.4956,0.2248,38.55,95,92,96018
1.3978,0.2297,38.62,95,92,96021
1.3245,0.2248,38.55,95,92,96024
1.3148,0.2444,38.43,95,92,96027
1.2854,0.2346,38.55,95,92,96031
1.2512,0.2297,38.65,95,92,96034
1.2659,0.2297,38.62,95,92,96037
1.3196,0.2297,38.62,95,92,96040
1.4321,0.2395,38.43,95,92,96045
1.4272,0.2542,38.55,95,92,96048
1.4467,0.2248,38.05,95,92,96051
1.4712,0.2297,38.62,95,92,96054
1.4956,0.2297,38.62,95,92,96058
1.5591,0.2542,38.43,95,92,96061
1.5836,0.2346,38.49,95,92,96065
1.5885,0.2297,38.58,95,92,96068
1.6373,0.2346,38.46,95,92,96071
1.6373,0.2297,38.65,95,92,96074
1.6471,0.2248,38.71,95,92,96078
1.6716,0.2297,38.58,95,92,96081
1.6667,0.2248,38.62,95,92,96084
1.6911,0.2297,38.49,95,92,96088
1.6764,0.2297,38.87,95,92,96092
1.6911,0.2248,38.68,95,92,96095
1.7204,0.2248,38.43,95,92,96098
1.6911,0.2346,38.55,95,92,96101
1.6960,0.2297,38.49,95,92,96105
1.6716,0.2297,38.62,95,92,96108
1.6764,0.2297,38.65,95,92,96111
1.7155,0.2346,38.46,95,92,96114
1.7204,0.2297,38.58,95,92,96118
1.7498,0.2542,38.46,95,92,96121
1.7400,0.2297,38.62,95,92,96124
1.7498,0.2297,38.62,95,92,96128
1.8035,0.2444,38.55,95,92,96131
1.7449,0.2346,38.62,95,92,96135
1.7546,0.2297,37.77,95,92,96138
1.7400,0.2297,38.62,95,92,96141
1.7400,0.2297,38.68,95,92,96144
1.7644,0.2395,38.43,95,92,96148
1.7253,0.2297,38.65,95,92,96151
1.7302,0.2346,38.49,95,92,96154
1.7058,0.2297,38.58,95,92,96157
1.7204,0.2248,38.62,95,92,96161
1.7644,0.2346,38.46,95,92,96164
1.7644,0.2297,38.55,95,92,96167
1.7840,0.2297,38.49,95,92,96171
1.7546,0.2248,38.62,95,92,96175
1.7449,0.2346,38.65,95,92,96178
1.7742,0.2395,38.62,95,92,96181
1.7400,0.2297,38.58,95,92,96184
1.7644,0.2346,38.55,95,92,96188
1.7595,0.2346,38.62,95,92,96191
1.7693,0.2248,38.62,95,92,96194
1.8133,0.2346,38.43,95,92,96197
1.7693,0.2346,38.55,95,92,96201
1.7595,0.2297,38.49,95,92,96204
1.7449,0.2297,38.62,95,92,96207
1.7449,0.2297,38.62,95,92,96210
1.7986,0.2346,38.49,95,92,96215
1.7937,0.2297,38.58,95,92,96218
1.8084,0.2297,38.52,95,92,96221
1.8084,0.2542,38.58,95,92,96224
1.8133,0.2297,38.55,95,92,96228
1.8524,0.2395,38.58,95,92,96231
1.8328,0.2346,38.58,95,92,96234
1.8524,0.2248,38.65,95,92,96237
1.8573,0.2297,38.52,95,92,96241
1.8671,0.2346,38.62,95,92,96244
1.9159,0.2395,38.43,95,92,96247
1.8964,0.2444,38.55,95,92,96250
1.8964,0.2248,38.49,95,92,96254
1.8915,0.2297,38.62,95,92,96258
1.8964,0.2199,38.62,95,92,96261
1.9355,0.2395,38.46,95,92,96264
1.9159,0.2297,38.68,95,92,96268
1.9257,0.2248,38.55,95,92,96271
1.9208,0.2346,38.58,95,92,96274
1.9110,0.2297,38.77,95,92,96277
1.9404,0.2395,38.49,95,92,96281
1.9062,0.2346,38.55,95,92,96284
1.9110,0.2248,38.49,95,92,96287
1.9110,0.2297,38.52,95,92,96290
1.9306,0.2248,38.62,95,92,96294
1.9697,0.2346,38.40,95,92,96297
1.9355,0.2346,38.58,95,92,96301
1.9110,0.2248,38.55,95,92,96304
1.9062,0.2297,38.62,95,92,96308
1.8671,0.2248,38.71,95,92,96311
1.9013,0.2444,38.46,95,92,96314
1.8622,0.2297,38.55,95,92,96317
1.8426,0.2199,38.52,95,92,96321
1.8377,0.2639,38.58,95,92,96324
1.8328,0.2346,38.62,95,92,96327
1.8817,0.2444,38.46,95,92,96330
1.8622,0.2346,38.52,95,92,96334
1.8377,0.2199,38.93,95,92,96337
1.8231,0.2346,37.80,95,92,96340
1.8084,0.2199,38.62,95,92,96344
1.8377,0.2493,38.43,95,92,96348
1.8035,0.2346,38.49,95,92,96351
1.7986,0.2248,38.55,95,92,96354
1.8035,0.2199,38.58,95,92,96357
1.8133,0.2248,38.74,95,92,96361
1.8768,0.2444,38.46,95,92,96364
1.8377,0.2346,38.55,95,92,96367
1.8280,0.2248,38.84,95,92,96370
1.8280,0.2297,38.62,95,92,96374
1.8182,0.2102,38.62,95,92,96377
1.8768,0.2444,38.43,95,92,96380
1.8524,0.2346,38.52,95,92,96384
1.8426,0.2248,38.55,95,92,96388
1.8671,0.2297,38.58,95,92,96391
1.8573,0.2248,38.58,95,92,96394
1.9355,0.2444,38.49,95,92,96397
1.9159,0.2346,38.55,95,92,96401
1.9062,0.2151,38.55,95,92,96404
1.9159,0.2297,38.58,95,92,96407
1.9110,0.2248,38.62,95,92,96410
1.9746,0.2395,38.43,95,92,96414
1.9599,0.2346,38.55,95,92,96417
1.9257,0.2199,38.52,95,92,96420
1.9355,0.2297,38.46,95,92,96423
1.9257,0.2248,38.62,95,92,96428
1.9844,0.2444,38.43,95,92,96431
1.9501,0.2395,38.52,95,92,96434
1.9453,0.2199,38.52,95,92,96437
1.9599,0.2297,38.46,95,92,96441
1.9648,0.2248,38.62,95,92,96444
2.0332,0.2395,38.43,95,92,96447
2.0039,0.2639,38.55,95,92,96450
2.0039,0.2199,38.55,95,92,96454
2.0137,0.2542,38.62,95,92,96457
2.0088,0.2248,38.62,95,92,96460
2.0674,0.2493,38.36,95,92,96463
2.0186,0.2297,38.49,95,92,96467
1.9941,0.2199,38.55,95,92,96471
2.0137,0.2297,38.58,95,92,96474
1.9746,0.2297,38.58,95,92,96477
2.0283,0.2444,38.33,95,92,96481
1.9795,0.2297,38.49,95,92,96484
1.9501,0.2199,38.62,95,92,96487
1.9404,0.2346,38.62,95,92,96490
1.9257,0.2248,38.62,95,92,96494
1.9746,0.2444,38.33,95,92,96497
1.9306,0.2102,38.49,95,92,96500
1.9062,0.2199,38.55,95,92,96503
1.9013,0.2297,38.58,95,92,96507
1.8671,0.2248,38.62,95,92,96510
1.9110,0.2542,38.33,95,92,96514
1.8524,0.2248,38.52,95,92,96517
1.8377,0.2199,38.02,95,92,96521
1.8426,0.2102,38.58,95,92,96524
1.8280,0.2297,38.62,95,92,96527
1.8817,0.2395,38.30,95,92,96530
1.8475,0.2297,38.52,95,92,96534
1.8426,0.2248,38.62,95,92,96537
1.8573,0.2248,38.58,95,92,96540
1.8622,0.2248,38.62,95,92,96543
1.9257,0.2297,38.33,95,92,96547
1.8915,0.2297,38.46,95,92,96550
1.8817,0.2248,38.62,95,92,96553
1.8964,0.2297,38.65,95,92,96557
1.8915,0.2248,38.65,95,92,96561
1.9404,0.2346,38.30,95,92,96564
1.8964,0.2199,38.55,95,92,96567
1.9013,0.2248,38.62,95,92,96570
1.9550,0.2297,38.58,95,92,96574
1.9355,0.2199,38.68,95,92,96577
2.0332,0.2346,38.33,95,92,96580
2.0626,0.2297,38.49,95,92,96583
2.1505,0.2248,38.65,95,92,96587
2.3216,0.2297,38.40,95,92,96590
2.5073,0.2248,38.62,95,92,96593
2.8201,0.2688,38.30,95,92,96596
3.0303,0.2248,38.68,95,92,96601
3.2893,0.2248,38.65,95,92,96604
3.4409,0.2297,38.58,95,92,96607
3.4311,0.2248,38.62,95,92,96610
3.3284,0.2346,38.33,95,92,96613
2.9472,0.2199,38.55,95,92,96617
2.5806,0.2297,38.58,95,92,96620
2.2727,0.2297,38.55,95,92,96623
1.9844,0.2248,38.62,95,92,96627
1.8133,0.2346,38.30,95,92,96630
1.6129,0.2248,38.46,95,92,96633
1.4809,0.2248,38.62,95,92,96636
1.4125,0.2297,38.58,95,92,96641
1.3636,0.2248,38.62,95,92,96644
1.3636,0.2346,38.36,95,92,96647
1.3294,0.2248,38.55,95,92,96650
1.3343,0.2248,38.62,95,92,96654
1.3685,0.2297,38.58,95,92,96657
1.3881,0.2248,38.62,95,92,96660
1.4467,0.2346,38.46,95,92,96663
1.4321,0.2248,38.55,95,92,96667
1.4565,0.2248,38.62,95,92,96670
1.4858,0.2346,38.55,95,92,96673
1.5934,0.2248,38.58,95,92,96677
1.6031,0.2297,38.58,95,92,96680
1.6569,0.2395,38.49,95,92,96684
1.6471,0.2297,38.52,95,92,96687
1.6422,0.2199,38.58,95,92,96691
1.6520,0.2248,38.62,95,92,96694
1.6618,0.2248,38.74,95,92,96697
1.7204,0.2444,38.40,95,92,96700
1.6911,0.2297,38.52,95,92,96704
1.6960,0.2199,38.58,95,92,96707
1.7058,0.2346,38.68,95,92,96710
1.7155,0.2248,38.62,95,92,96713
1.7742,0.2444,38.49,95,92,96717
1.7449,0.2297,38.55,95,92,96720
1.7351,0.2151,38.55,95,92,96723
1.7449,0.2297,38.62,95,92,96727
1.7449,0.2248,38.58,95,92,96731
1.8035,0.2297,38.43,95,92,96734
1.7644,0.2297,38.52,95,92,96737
1.7498,0.2297,38.62,95,92,96740
1.7546,0.2248,38.49,95,92,96744
1.7595,0.2248,38.62,95,92,96747
1.8084,0.2444,38.43,95,92,96750
1.7693,0.2297,38.49,95,92,96753
1.7595,0.2199,38.58,95,92,96757
1.7498,0.2199,38.62,95,92,96760
1.7546,0.2199,38.62,95,92,96763
1.8035,0.2444,38.40,95,92,96766
1.7595,0.2297,38.55,95,92,96771
1.7498,0.2102,38.65,95,92,96774
1.7644,0.2786,38.55,95,92,96777
1.7693,0.2199,38.62,95,92,96780
1.8328,0.2444,38.43,95,92,96784
1.7986,0.2199,38.49,95,92,96787
1.7889,0.2199,38.58,95,92,96790
1.7986,0.2248,38.62,95,92,96793
1.8035,0.2248,38.62,95,92,96797
1.8475,0.2444,38.36,95,92,96800
1.8084,0.2248,38.68,95,92,96803
1.8084,0.2102,38.58,95,92,96806
1.8084,0.2151,38.58,95,92,96811
1.8035,0.2199,38.65,95,92,96814
1.8524,0.2444,38.36,95,92,96817
1.8280,0.2297,38.52,95,92,96820
1.8133,0.2444,38.65,95,92,96824
1.8280,0.2297,38.62,95,92,96827
1.8280,0.2248,38.62,95,92,96830
1.8768,0.2395,38.36,95,92,96833
1.8719,0.2248,38.49,95,92,96837
1.8377,0.2199,38.58,95,92,96840
1.8475,0.2248,38.58,95,92,96843
1.8426,0.2199,38.62,95,92,96846
1.9013,0.2395,38.30,95,92,96850
1.8622,0.2248,38.05,95,92,96854
1.8573,0.2151,38.62,95,92,96857
1.8768,0.2248,38.58,95,92,96860
1.8817,0.2248,38.58,95,92,96864
1.9501,0.2395,38.33,95,92,96867
1.9208,0.2297,38.52,95,92,96870
1.9110,0.2199,38.62,95,92,96873
1.9257,0.2297,38.65,95,92,96877
1.9208,0.2248,38.62,95,92,96880
1.9746,0.2395,38.33,95,92,96883
1.9355,0.2346,38.55,95,92,96886
1.9257,0.2199,37.87,95,92,96890
1.9306,0.2297,38.62,95,92,96893
1.9159,0.2248,38.65,95,92,96897
1.9648,0.2346,38.33,95,92,96900
1.9159,0.2248,38.49,95,92,96904
1.9159,0.2199,38.65,95,92,96907
1.9062,0.2248,38.58,95,92,96910
1.8866,0.2248,38.65,95,92,96913
1.9306,0.2297,38.30,95,92,96917
1.8817,0.2199,38.49,95,92,96920
1.8671,0.2199,38.65,95,92,96923
1.8768,0.2297,38.58,95,92,96926
1.8671,0.2199,38.62,95,92,96930
1.9599,0.2346,38.30,95,92,96933
1.8866,0.2297,38.55,95,92,96936
1.8817,0.2199,38.65,95,92,96940
1.8866,0.2297,38.58,95,92,96944
1.8768,0.2297,38.58,95,92,96947
1.9306,0.2346,38.27,95,92,96950
1.8866,0.2248,38.15,95,92,96953
1.8866,0.2199,38.62,95,92,96957
1.8964,0.2297,38.58,95,92,96960
1.8817,0.2248,38.68,95,92,96963
1.9355,0.2346,38.30,95,92,96966
1.9013,0.2297,38.49,95,92,96970
1.8866,0.2248,38.62,95,92,96973
1.9013,0.2346,38.68,95,92,96976
1.8866,0.2248,38.68,95,92,96979
1.9355,0.2297,38.30,95,92,96984
1.8915,0.2102,38.52,95,92,96987
1.8915,0.2248,38.58,95,92,96990
1.9062,0.2297,38.58,95,92,96993
1.9159,0.2102,38.62,95,92,96997
1.9550,0.2493,38.33,95,92,97000
1.9110,0.2199,38.52,95,92,97003
1.9159,0.2199,38.62,95,92,97006
1.9257,0.2199,38.62,95,92,97010
1.9208,0.2248,38.68,95,92,97013
1.9746,0.2346,38.30,95,92,97016
1.9453,0.2248,38.52,95,92,97019
1.9306,0.2248,38.65,95,92,97024
1.9404,0.2297,38.52,95,92,97027
1.9306,0.2248,38.62,95,92,97030
1.9795,0.2346,38.33,95,92,97033
1.9404,0.2248,38.52,95,92,97037
1.9355,0.2248,38.36,95,92,97040
1.9550,0.2297,38.58,95,92,97043
1.9453,0.2151,38.62,95,92,97046
2.0039,0.2346,38.30,95,92,97050
1.9550,0.2199,38.55,95,92,97053
1.9795,0.2199,38.62,95,92,97056
1.9697,0.2297,38.52,95,92,97059
1.9599,0.2248,38.58,95,92,97063
2.0186,0.2248,38.33,95,92,97067
1.9941,0.2297,38.43,95,92,97070
1.9844,0.2199,38.65,95,92,97073
2.0039,0.2297,38.55,95,92,97077
1.9990,0.2199,38.62,95,92,97080
2.0381,0.2297,38.36,95,92,97083
1.9990,0.2248,38.55,95,92,97086
1.9795,0.2199,38.62,95,92,97090
1.9844,0.2297,38.58,95,92,97093
1.9550,0.2248,38.62,95,92,97096
1.9795,0.2346,38.36,95,92,97099
1.9159,0.2151,38.68,95,92,97103
1.9110,0.2199,38.65,95,92,97106
1.9159,0.2297,38.58,95,92,97110
1.8866,0.2248,38.62,95,92,97113
1.9257,0.2346,38.33,95,92,97117
1.8964,0.2297,38.52,95,92,97120
1.8817,0.2199,38.62,95,92,97123
1.8964,0.2297,38.55,95,92,97126
1.8719,0.2199,38.62,95,92,97130
1.9062,0.2297,38.40,95,92,97133
1.8671,0.2297,38.62,95,92,97136
1.8622,0.2151,38.62,95,92,97139
1.8817,0.2346,38.55,95,92,97143
1.8671,0.2248,38.58,95,92,97146
1.9159,0.2346,38.36,95,92,97149
1.8817,0.2199,38.62,95,92,97153
1.8866,0.2248,38.62,95,92,97157
1.9013,0.2297,38.49,95,92,97160
1.8817,0.2248,38.65,95,92,97163
1.9257,0.2346,38.36,95,92,97166
1.8817,0.2248,38.52,95,92,97170
1.8622,0.2199,38.62,95,92,97173
1.8768,0.2297,38.58,95,92,97176
1.8573,0.2199,38.62,95,92,97179
1.9013,0.2346,38.36,95,92,97183
1.8866,0.2297,38.62,95,92,97186
1.9062,0.2199,38.62,95,92,97189
1.9599,0.2346,38.55,95,92,97192
1.9990,0.2248,38.65,95,92,97197
2.1261,0.2248,38.40,95,92,97200
2.1994,0.2248,38.62,95,92,97203
2.3509,0.2542,38.58,95,92,97206
2.5611,0.2297,38.55,95,92,97210
2.7566,0.2248,38.62,95,92,97213
3.0499,0.2199,38.36,95,92,97216
3.2258,0.2297,38.52,95,92,97219
3.3333,0.2199,38.62,95,92,97223
3.3480,0.2297,38.52,95,92,97226
3.1183,0.2199,38.62,95,92,97229
2.8788,0.2297,38.40,95,92,97232
2.5220,0.2248,38.52,95,92,97236
2.2287,0.2248,38.68,95,92,97240
2.0088,0.2297,38.84,95,92,97243
1.8182,0.2248,38.62,95,92,97246
1.6911,0.2346,38.43,95,92,97250
1.5543,0.2297,38.58,95,92,97253
1.4858,0.2199,38.65,95,92,97256
1.4663,0.2297,38.52,95,92,97259
1.4223,0.2199,38.58,95,92,97263
1.4565,0.2542,38.40,95,92,97266
1.4565,0.2248,38.49,95,92,97269
1.4858,0.2199,38.65,95,92,97272
1.5249,0.2297,38.52,95,92,97276
1.5347,0.2297,38.62,95,92,97280
1.5787,0.2248,38.58,95,92,97283
1.6911,0.2395,38.36,95,92,97287
1.6667,0.2444,38.52,95,92,97290
1.6813,0.2199,38.62,95,92,97293
1.7058,0.2297,38.58,95,92,97296
1.7155,0.2102,38.62,95,92,97300
1.7546,0.2346,38.24,95,92,97303
1.7253,0.2297,38.52,95,92,97306
1.7351,0.2248,38.68,95,92,97309
1.7253,0.2346,38.55,95,92,97313
1.7107,0.2248,38.62,95,92,97316
1.7595,0.2346,38.30,95,92,97319
1.7204,0.2248,38.52,95,92,97323
1.7253,0.2199,38.65,95,92,97327
1.7400,0.2297,38.58,95,92,97330
1.7351,0.2199,38.62,95,92,97333
1.7840,0.2346,38.33,95,92,97336
1.7449,0.2199,38.62,95,92,97340
1.7498,0.2102,38.62,95,92,97343
1.7742,0.2542,38.62,95,92,97346
1.7791,0.2248,38.74,95,92,97349
1.8426,0.2346,38.36,95,92,97353
1.8280,0.2199,38.55,95,92,97356
1.8231,0.2199,38.62,95,92,97359
1.8377,0.2297,38.58,95,92,97362
1.8182,0.2248,38.62,95,92,97367
1.8768,0.2346,38.33,95,92,97370
1.8231,0.2102,38.55,95,92,97373
1.8035,0.2199,38.58,95,92,97376
1.8084,0.2297,38.55,95,92,97380
1.7840,0.2199,38.62,95,92,97383
1.8182,0.2297,38.43,95,92,97386
1.7693,0.2199,38.58,95,92,97389
1.7742,0.2199,38.62,95,92,97393
1.7840,0.2542,38.52,95,92,97396
1.7742,0.2248,38.77,95,92,97399
1.8231,0.2346,38.33,95,92,97402
1.7937,0.2248,38.52,95,92,97406
1.7791,0.2248,38.62,95,92,97410
1.7937,0.2297,38.55,95,92,97413
1.7693,0.2199,38.68,95,92,97416
1.8133,0.2248,38.36,95,92,97420
1.7742,0.2248,38.77,95,92,97423
1.7693,0.2199,38.62,95,92,97426
1.7840,0.2346,38.55,95,92,97429
1.7644,0.2248,38.62,95,92,97433
1.8035,0.2297,38.36,95,92,97436
1.7595,0.1906,38.58,95,92,97439
1.7595,0.2297,38.62,95,92,97442
1.7693,0.2297,38.55,95,92,97446
1.7498,0.2248,38.65,95,92,97449
1.8231,0.2346,38.33,95,92,97453
1.7693,0.2297,38.52,95,92,97456
1.7644,0.2248,38.30,95,92,97460
1.7986,0.2297,38.55,95,92,97463
1.8035,0.2199,38.62,95,92,97466
1.8377,0.2297,38.33,95,92,97469
1.8084,0.2297,38.58,95,92,97473
1.8328,0.2199,38.58,95,92,97476
1.8377,0.2297,38.52,95,92,97479
1.8280,0.2248,38.65,95,92,97482
1.8768,0.2346,38.40,95,92,97486
1.8426,0.2151,38.62,95,92,97489
1.8426,0.2199,38.58,95,92,97492
1.8622,0.2297,38.62,95,92,97496
1.8475,0.2248,38.62,95,92,97500
1.8964,0.2346,38.33,95,92,97503
1.8719,0.2297,38.52,95,92,97506
1.8573,0.2248,38.62,95,92,97509
1.8719,0.2297,38.58,95,92,97513
1.8377,0.2199,38.62,95,92,97516
1.8622,0.2688,38.33,95,92,97519
1.8182,0.2297,38.58,95,92,97522
1.7986,0.2199,38.62,95,92,97526
1.7889,0.2297,38.55,95,92,97529
1.7595,0.2248,38.40,95,92,97532
1.7791,0.2297,38.36,95,92,97536
1.7498,0.2199,38.62,95,92,97540
1.7400,0.2297,38.62,95,92,97543
1.7595,0.2297,38.62,95,92,97546
1.7400,0.2248,38.62,95,92,97549
1.8035,0.2199,38.40,95,92,97553
1.7693,0.2590,38.40,95,92,97556
1.7693,0.2248,38.62,95,92,97559
1.7986,0.2297,38.55,95,92,97562
1.7986,0.2248,38.62,95,92,97566
1.8231,0.2542,38.40,95,92,97569
1.7986,0.2248,38.58,95,92,97572
1.7986,0.2248,38.62,95,92,97575
1.8328,0.2346,38.55,95,92,97580
1.7986,0.2248,38.52,95,92,97583
1.8377,0.2297,38.40,95,92,97586
1.8035,0.2248,38.62,95,92,97589
1.8084,0.2297,38.58,95,92,97593
1.8328,0.2346,38.58,95,92,97596
1.8182,0.2248,38.65,95,92,97599
1.8573,0.2346,38.40,95,92,97602
1.8377,0.2199,38.49,95,92,97606
1.8328,0.2248,38.65,95,92,97609
1.8622,0.2395,38.52,95,92,97612
1.8524,0.2248,38.58,95,92,97615
1.8866,0.2346,38.40,95,92,97619
1.8622,0.2248,38.49,95,92,97623
1.8622,0.2248,38.62,95,92,97626
1.9208,0.2346,38.52,95,92,97629
1.8817,0.2248,38.62,95,92,97633
1.9257,0.2297,38.46,95,92,97636
1.8866,0.2248,38.62,95,92,97639
1.8915,0.2297,38.65,95,92,97642
1.9208,0.2297,38.46,95,92,97646
1.9062,0.2248,38.62,95,92,97649
1.9453,0.2199,38.40,95,92,97652
1.9355,0.2248,38.49,95,92,97655
1.9404,0.2248,38.62,95,92,97659
1.9746,0.2297,38.43,95,92,97662
1.9648,0.2248,38.62,95,92,97666
2.0039,0.2248,38.43,95,92,97669
1.9844,0.2248,38.55,95,92,97673
1.9844,0.2102,38.65,95,92,97676
2.0088,0.2199,38.55,95,92,97679
1.9990,0.2248,38.62,95,92,97682
2.0235,0.2297,38.43,95,92,97686
1.9892,0.2297,38.62,95,92,97689
1.9892,0.2248,38.84,95,92,97692
2.0137,0.2297,38.49,95,92,97695
1.9844,0.2248,38.62,95,92,97699
2.0186,0.2199,38.43,95,92,97702
1.9648,0.2248,38.52,95,92,97705
1.9501,0.2248,38.68,95,92,97709
1.9550,0.2297,38.46,95,92,97713
1.9208,0.2199,38.62,95,92,97716
1.9257,0.2248,38.40,95,92,97719
1.8817,0.2248,38.55,95,92,97722
1.8671,0.2102,38.65,95,92,97726
1.8768,0.2199,38.52,95,92,97729
1.8573,0.2248,38.62,95,92,97732
1.8719,0.2102,38.43,95,92,97735
1.8377,0.2248,38.62,95,92,97739
1.8280,0.2444,38.62,95,92,97742
1.8377,0.2297,38.52,95,92,97745
1.8035,0.2248,38.68,95,92,97748
1.8084,0.2346,38.43,95,92,97753
1.7791,0.2248,38.77,95,92,97756
1.7742,0.2248,38.62,95,92,97759
1.7937,0.2297,38.52,95,92,97762
1.7937,0.2102,38.65,95,92,97766
1.8035,0.2346,38.49,95,92,97769
1.7791,0.2248,38.58,95,92,97772
1.7889,0.2248,38.62,95,92,97775
1.7986,0.2297,38.55,95,92,97779
1.7791,0.2248,38.74,95,92,97782
1.7986,0.2248,38.49,95,92,97785
1.7791,0.2248,38.62,95,92,97788
1.7791,0.2248,38.62,95,92,97793
1.8133,0.2297,38.52,95,92,97796
1.8084,0.2248,38.65,95,92,97799
1.8622,0.2297,38.46,95,92,97802
1.8964,0.2199,38.55,95,92,97806
1.9062,0.2248,38.58,95,92,97809
1.9844,0.2297,38.49,95,92,97812
2.0479,0.2248,38.62,95,92,97815
2.1896,0.2248,38.43,95,92,97819
2.3216,0.2199,38.58,95,92,97822
2.5318,0.2199,38.62,95,92,97825
2.7859,0.2297,38.55,95,92,97828
3.0205,0.2248,38.81,95,92,97832
3.2551,0.2102,38.49,95,92,97836
3.2747,0.2248,38.68,95,92,97839
3.1769,0.2248,38.74,95,92,97842
2.9814,0.2346,38.52,95,92,97846
2.6491,0.2248,38.62,95,92,97849
2.3900,0.2297,38.46,95,92,97852
2.0968,0.2199,38.58,95,92,97855
1.8671,0.2248,38.68,95,92,97859
1.6911,0.2248,38.49,95,92,97862
1.5347,0.2248,38.62,95,92,97865
1.4663,0.2297,38.49,95,92,97868
1.3832,0.2199,38.58,95,92,97872
1.3636,0.2248,38.52,95,92,97875
1.3441,0.2248,38.55,95,92,97879
1.3441,0.2248,38.62,95,92,97882
1.3685,0.2346,38.49,95,92,97886
1.3685,0.2395,38.74,95,92,97889
1.4076,0.2248,38.65,95,92,97892
1.4565,0.2346,38.49,95,92,97895
1.5103,0.2297,38.49,95,92,97899
1.5103,0.2395,38.62,95,92,97902
1.5591,0.2297,38.40,95,92,97905
1.5591,0.2248,38.52,95,92,97909
1.5689,0.2248,38.62,95,92,97912
1.5885,0.2297,38.02,95,92,97915
1.5982,0.2102,38.62,95,92,97918
1.6031,0.2395,38.40,95,92,97923
1.5787,0.2248,38.52,95,92,97926
1.5982,0.2248,38.62,95,92,97929
1.6178,0.2297,38.55,95,92,97932
1.6129,0.2297,38.62,95,92,97936
1.6520,0.2297,38.36,95,92,97939
1.6471,0.2248,38.52,95,92,97942
1.6618,0.2297,38.62,95,92,97945
1.7302,0.2346,38.46,95,92,97949
1.6813,0.2248,38.58,95,92,97952
1.7009,0.2297,38.49,95,92,97955
1.6716,0.2102,38.55,95,92,97958
1.6569,0.2199,38.58,95,92,97963
1.6667,0.2297,38.58,95,92,97966
1.6862,0.2102,38.62,95,92,97969
1.6813,0.2297,38.40,95,92,97972
1.6569,0.2493,38.58,95,92,97976
1.6618,0.2199,37.83,95,92,97979
1.6911,0.2297,38.36,95,92,97982
1.6911,0.2248,38.58,95,92,97985
1.7058,0.2346,38.40,95,92,97989
1.6764,0.2248,38.52,95,92,97992
1.6618,0.2248,38.62,95,92,97995
1.6716,0.2346,38.46,95,92,97998
1.6520,0.2346,38.62,95,92,98002
1.6813,0.2297,38.40,95,92,98006
1.6618,0.2248,38.55,95,92,98009
1.6618,0.2297,38.68,95,92,98012
1.6764,0.2297,38.62,95,92,98016
1.6716,0.2248,38.62,95,92,98019
1.6960,0.2248,38.40,95,92,98022
1.6764,0.2297,38.58,95,92,98025
1.6862,0.2248,38.62,95,92,98029
1.7204,0.2297,38.52,95,92,98032
1.7253,0.2199,38.62,95,92,98035
1.7595,0.2248,38.46,95,92,98038
1.7546,0.2248,38.55,95,92,98042
1.7644,0.2248,38.62,95,92,98045
1.7791,0.2346,38.49,95,92,98049
1.7742,0.2248,38.62,95,92,98052
1.7986,0.2248,38.43,95,92,98056
1.7693,0.2248,38.55,95,92,98059
1.7791,0.2199,38.62,95,92,98062
1.7986,0.2297,38.87,95,92,98065
1.7986,0.2248,38.62,95,92,98069
1.8328,0.2151,38.43,95,92,98072
1.8133,0.2248,38.62,95,92,98075
1.8084,0.2248,38.52,95,92,98078
1.8280,0.2346,38.49,95,92,98082
1.7986,0.2297,38.62,95,92,98085
1.8328,0.2248,38.40,95,92,98088
1.8084,0.2248,38.55,95,92,98092
1.8035,0.2248,38.68,95,92,98096
1.8182,0.2346,38.62,95,92,98099
1.8084,0.2248,38.49,95,92,98102
1.8573,0.2248,38.46,95,92,98105
1.8280,0.2199,38.58,95,92,98109
1.8377,0.2297,38.62,95,92,98112
1.8573,0.2297,38.84,95,92,98115
1.8475,0.2248,38.62,95,92,98118
1.8768,0.2248,38.46,95,92,98122
1.8573,0.2297,38.58,95,92,98125
1.8719,0.2248,38.62,95,92,98128
1.9110,0.2346,38.49,95,92,98131
1.9062,0.2248,38.62,95,92,98136
1.9208,0.2248,38.49,95,92,98139
1.8817,0.2199,38.55,95,92,98142
1.8768,0.2297,38.62,95,92,98145
1.8817,0.2248,38.49,95,92,98149
1.8573,0.2297,38.62,95,92,98152
1.8817,0.2248,38.52,95,92,98155
1.8426,0.2297,38.58,95,92,98158
1.8328,0.2248,38.74,95,92,98162
1.8328,0.2297,38.52,95,92,98165
1.8084,0.2248,38.62,95,92,98168
1.8035,0.2248,38.46,95,92,98171
1.7644,0.2248,38.52,95,92,98176
1.7791,0.2248,38.62,95,92,98179
1.8133,0.2346,38.49,95,92,98182
1.7937,0.2297,38.62,95,92,98185
1.8328,0.2248,38.49,95,92,98189
1.8084,0.2199,38.58,95,92,98192
1.8182,0.2199,38.62,95,92,98195
1.8231,0.2346,38.49,95,92,98198
1.7937,0.2248,38.55,95,92,98202
1.8280,0.2346,38.49,95,92,98205
1.8133,0.2199,38.62,95,92,98208
1.8328,0.2199,38.58,95,92,98211
1.8475,0.2297,38.52,95,92,98215
1.8426,0.2248,38.62,95,92,98219
1.8719,0.2346,38.49,95,92,98222
1.8377,0.2102,38.58,95,92,98225
1.8377,0.2248,38.77,95,92,98229
1.8671,0.2297,38.49,95,92,98232
1.8475,0.2248,38.58,95,92,98235
1.8768,0.2346,38.46,95,92,98238
1.8475,0.2199,38.52,95,92,98242
1.8426,0.2248,38.62,95,92,98245
1.8719,0.2297,38.49,95,92,98248
1.8671,0.2297,38.58,95,92,98251
1.9013,0.2297,38.58,95,92,98255
1.8671,0.2248,38.62,95,92,98258
1.8671,0.2248,38.62,95,92,98262
1.8915,0.2248,38.52,95,92,98265
1.8817,0.2248,38.62,95,92,98269
1.9110,0.2346,38.52,95,92,98272
1.9062,0.2199,38.68,95,92,98275
1.9306,0.2248,38.62,95,92,98278
1.9550,0.2297,38.46,95,92,98282
1.9159,0.2297,38.65,95,92,98285
1.9453,0.2493,38.46,95,92,98288
1.9257,0.2248,38.71,95,92,98291
1.9404,0.2248,38.62,95,92,98295
1.9844,0.2346,38.49,95,92,98298
1.9844,0.2248,38.77,95,92,98301
2.0381,0.2297,38.49,95,92,98305
2.0137,0.2346,38.62,95,92,98309
2.0088,0.2248,38.71,95,92,98312
2.0039,0.2297,38.55,95,92,98315
1.9795,0.2395,38.62,95,92,98318
1.9844,0.2297,38.46,95,92,98322
1.9453,0.2248,38.62,95,92,98325
1.9110,0.2248,38.62,95,92,98328
1.8915,0.2297,38.46,95,92,98331
1.8231,0.2297,38.62,95,92,98335
1.8182,0.2297,38.49,95,92,98338
1.7791,0.2199,38.62,95,92,98341
1.7889,0.2297,38.62,95,92,98344
1.8133,0.2395,38.49,95,92,98349
1.7840,0.2248,38.62,95,92,98352
1.7889,0.2248,38.46,95,92,98355
1.7449,0.2493,38.62,95,92,98358
1.7302,0.2248,38.58,95,92,98362
1.7351,0.2297,38.55,95,92,98365
1.7302,0.2297,38.58,95,92,98368
1.7546,0.2346,38.46,95,92,98371
1.7400,0.2346,38.58,95,92,98375
1.7546,0.2248,38.58,95,92,98378
1.7889,0.2346,38.46,95,92,98381
1.7742,0.2297,38.62,95,92,98384
1.7889,0.2297,38.46,95,92,98388
1.7595,0.2248,38.65,95,92,98392
1.7644,0.2248,38.62,95,92,98395
1.8133,0.2248,38.46,95,92,98398
1.8182,0.2248,38.62,95,92,98402
1.8426,0.2297,38.46,95,92,98405
1.8231,0.2248,38.62,95,92,98408
1.8426,0.2199,38.62,95,92,98411
1.9062,0.2297,38.55,95,92,98415
1.9550,0.2248,38.58,95,92,98418
2.0870,0.2395,38.46,95,92,98421
2.1457,0.2542,38.65,95,92,98424
2.2874,0.2248,38.71,95,92,98428
2.5122,0.2297,38.62,95,92,98432
2.7077,0.2297,38.62,95,92,98435
2.9863,0.2248,38.49,95,92,98438
3.2111,0.2248,38.62,95,92,98442
3.3920,0.2199,38.62,95,92,98445
3.4946,0.2639,38.46,95,92,98448
3.3138,0.2248,38.65,95,92,98451
3.0547,0.2102,38.49,95,92,98455
2.6784,0.2297,38.65,95,92,98458
2.3705,0.2248,38.74,95,92,98461
2.1408,0.2346,38.55,95,92,98464
1.8866,0.2297,38.62,95,92,98468
1.7253,0.2297,38.40,95,92,98471
1.5885,0.2248,38.15,95,92,98475
1.5103,0.2248,38.62,95,92,98478
1.4858,0.2346,38.46,95,92,98482
1.4272,0.2248,38.58,95,92,98485
1.4223,0.2248,38.15,95,92,98488
1.4125,0.2248,38.62,95,92,98491
1.4467,0.2199,38.68,95,92,98495
1.4956,0.2346,38.46,95,92,98498
1.4809,0.2248,38.65,95,92,98501
1.5103,0.2248,38.49,95,92,98504
1.5103,0.2248,38.65,96,92,98508
1.6422,0.2248,38.62,96,92,98511
1.6569,0.2297,38.62,96,92,98514
1.7058,0.2297,38.52,96,92,98519
1.7058,0.2248,38.62,96,92,98522
1.7498,0.2248,38.52,96,92,98525
1.7302,0.2248,38.55,96,92,98528
1.7351,0.2248,38.71,96,92,98532
1.7400,0.2297,38.55,96,92,98535
1.7302,0.2102,38.62,96,92,98538
1.7840,0.2248,38.46,96,92,98541
1.7693,0.2248,38.62,96,92,98545
1.7693,0.2248,38.62,96,92,98548
1.7791,0.2297,38.55,96,92,98551
1.7840,0.2248,38.52,96,92,98554
1.8182,0.2297,38.49,96,92,98558
1.7889,0.2199,38.58,96,92,98562
1.7937,0.2444,38.62,96,92,98565
1.8328,0.2297,38.46,96,92,98568
1.8231,0.2248,38.71,96,92,98572
1.8622,0.2297,38.55,96,92,98575
1.8231,0.2199,38.58,96,92,98578
1.8231,0.2199,38.71,96,92,98581
1.8524,0.2297,38.46,96,92,98585
1.8524,0.2248,38.58,96,92,98588
1.8768,0.2346,38.49,96,92,98591
1.8426,0.2248,38.68,96,92,98594
1.8622,0.2199,38.62,96,92,98598
1.8866,0.2102,38.55,96,92,98601
1.8915,0.2248,38.62,96,92,98605
1.9159,0.2297,38.49,96,92,98608
1.8671,0.2248,38.71,96,92,98612
1.8475,0.1906,38.62,96,92,98615
1.8524,0.2395,38.55,96,92,98618
1.8084,0.2395,38.62,96,92,98622
1.8328,0.2297,38.49,96,92,98625
1.8133,0.2248,38.58,96,92,98628
1.7986,0.2199,38.65,96,92,98631
1.8280,0.2297,38.49,96,92,98634
1.8328,0.2248,38.58,96,92,98638
1.8377,0.2688,38.46,96,92,98641
1.8231,0.2248,38.62,96,92,98644
1.8426,0.2199,38.62,96,92,98648
1.8719,0.2248,38.55,96,92,98652
1.8671,0.2199,38.81,96,92,98655
1.8964,0.2297,38.49,96,92,98658
1.8573,0.2248,38.62,96,92,98661
1.8622,0.2151,38.62,96,92,98665
1.9110,0.2346,38.43,96,92,98668
1.8964,0.2248,38.58,96,92,98671
1.9355,0.2297,38.46,96,92,98674
1.8964,0.2248,38.68,96,92,98678
1.9013,0.2199,38.62,96,92,98681
1.9453,0.2297,38.46,96,92,98684
1.9355,0.2248,38.62,96,92,98688
1.9648,0.2346,38.49,96,92,98692
1.9355,0.2248,38.71,96,92,98695
1.9453,0.2199,38.30,96,92,98698
1.9746,0.2248,38.55,96,92,98701
1.9648,0.2199,38.58,96,92,98705
1.9746,0.2297,38.46,96,92,98708
1.9355,0.2199,38.65,96,92,98711
1.9355,0.2151,38.62,96,92,98714
1.9844,0.2346,38.46,96,92,98718
1.9697,0.2199,38.58,96,92,98721
1.9941,0.2297,38.46,96,92,98724
1.9501,0.2248,38.65,96,92,98728
1.9453,0.2199,38.62,96,92,98732
1.9550,0.2395,38.49,96,92,98735
1.9110,0.2248,38.68,96,92,98738
1.9550,0.2297,38.46,96,92,98741
1.8866,0.2248,38.62,96,92,98745
1.8768,0.2199,38.62,96,92,98748
1.8915,0.2297,38.55,96,92,98751
1.8671,0.2102,38.68,96,92,98754
1.8866,0.2248,38.46,96,92,98758
1.8622,0.2248,38.65,96,92,98761
1.8671,0.2199,38.62,96,92,98764
1.9110,0.2395,38.46,96,92,98767
1.8915,0.2248,38.58,96,92,98771
1.8915,0.2248,38.43,96,92,98775
1.8377,0.2248,38.62,96,92,98778
1.8280,0.2102,38.62,96,92,98781
1.8035,0.2395,38.49,96,92,98785
1.7644,0.2248,38.71,96,92,98788
1.7791,0.2248,38.46,96,92,98791
1.7449,0.2151,38.65,96,92,98794
1.7449,0.2688,38.65,96,92,98798
1.7546,0.2297,38.46,96,92,98801
1.7449,0.2248,38.62,96,92,98804
1.7644,0.2248,38.46,96,92,98807
1.7449,0.2199,38.62,96,92,98811
1.7449,0.2248,38.62,96,92,98814
1.7791,0.2297,38.49,96,92,98818
1.7595,0.2248,38.62,96,92,98822
1.8133,0.2199,38.46,96,92,98825
1.7644,0.2248,38.62,96,92,98828
1.7644,0.2199,38.55,96,92,98831
1.7840,0.2297,38.49,96,92,98835
1.7840,0.2102,38.58,96,92,98838
1.7840,0.2248,37.96,96,92,98841
1.7644,0.2199,38.62,96,92,98844
1.7742,0.2102,38.62,96,92,98848
1.7986,0.2297,38.58,96,92,98851
1.7840,0.2248,38.65,96,92,98854
1.8182,0.2248,38.46,96,92,98857
1.7693,0.2199,38.62,96,92,98861
1.7742,0.2199,38.62,96,92,98865
1.7986,0.2297,38.49,96,92,98868
1.7840,0.2248,38.58,96,92,98871
1.7986,0.2395,38.49,96,92,98874
1.7889,0.2248,38.62,96,92,98878
1.7889,0.2199,38.65,96,92,98881
1.8231,0.2346,38.46,96,92,98884
1.8084,0.2248,38.81,96,92,98887
1.8231,0.2248,38.46,96,92,98891
1.8328,0.2151,38.58,96,92,98894
1.8231,0.2248,38.62,96,92,98897
1.8573,0.2297,38.49,96,92,98900
1.8426,0.2248,38.62,96,92,98905
1.8622,0.2346,38.49,96,92,98908
1.8524,0.2248,38.62,96,92,98911
1.8768,0.2199,38.62,96,92,98914
1.9355,0.2346,38.46,96,92,98918
1.9648,0.2297,38.58,96,92,98921
1.9453,0.2248,38.52,96,92,98924
1.9159,0.2199,38.58,96,92,98927
1.8866,0.2297,38.62,96,92,98931
1.8671,0.2346,38.49,96,92,98934
1.8035,0.2248,38.58,96,92,98937
1.7840,0.2248,38.52,96,92,98940
1.7498,0.2297,38.58,96,92,98945
1.7351,0.2395,38.62,96,92,98948
1.7400,0.2297,38.21,96,92,98951
1.6960,0.2248,38.58,96,92,98954
1.6960,0.2199,37.77,96,92,98958
1.6764,0.2248,38.62,96,92,98961
1.6569,0.2102,38.62,96,92,98964
1.6911,0.2297,38.49,96,92,98967
1.6618,0.2248,38.52,96,92,98971
1.6618,0.2199,38.43,96,92,98974
1.6520,0.2151,38.58,96,92,98977
1.6520,0.2151,38.62,96,92,98980
1.6911,0.2297,38.46,96,92,98984
1.6862,0.2248,38.58,96,92,98988
1.6862,0.2199,38.49,96,92,98991
1.6862,0.2248,38.68,96,92,98994
1.6911,0.2199,38.62,96,92,98998
1.7302,0.2346,38.49,96,92,99001
1.7253,0.2297,38.62,96,92,99004
1.7351,0.2199,38.62,96,92,99007
1.7351,0.2199,38.58,96,92,99011
1.7449,0.2199,38.62,96,92,99014
1.8133,0.2346,38.43,96,92,99017
1.8524,0.2297,38.55,96,92,99020
1.8817,0.2199,38.46,96,92,99024
1.9404,0.2199,38.62,96,92,99027
2.0332,0.2151,38.58,96,92,99031
2.1896,0.2248,38.49,96,92,99034
2.3314,0.2248,38.58,96,92,99038
2.5513,0.2199,38.52,96,92,99041
2.7761,0.2199,38.62,96,92,99044
3.0352,0.2199,38.65,96,92,99047
3.3431,0.2297,38.49,96,92,99051
3.4653,0.2297,38.55,96,92,99054
3.4897,0.2199,38.49,96,92,99057
3.3187,0.2199,38.68,96,92,99060
3.0303,0.2199,38.62,96,92,99064
2.7859,0.2346,38.43,96,92,99067
2.4194,0.2346,38.55,96,92,99070
2.1603,0.2199,38.52,96,92,99074
1.9453,0.2248,38.62,96,92,99078
1.7937,0.2248,38.62,96,92,99081
1.7155,0.2297,38.58,96,92,99084
1.6178,0.2248,38.55,96,92,99087
1.5934,0.2102,38.52,96,92,99091
1.5347,0.2444,38.62,96,92,99094
1.5103,0.2151,38.62,96,92,99097
1.5396,0.2346,38.49,96,92,99100
1.5249,0.2248,38.49,96,92,99104
1.5396,0.2199,38.52,96,92,99107
1.5494,0.2199,38.58,96,92,99110
1.5591,0.2151,38.62,96,92,99113
1.6373,0.2102,38.40,95,92,99118
1.6716,0.2297,38.49,95,92,99122
1.6618,0.2199,38.62,95,92,99126
1.6960,0.2248,38.49,95,92,99129
1.6813,0.2199,38.65,95,92,99132
1.6960,0.2199,38.68,95,92,99135
1.7204,0.2248,38.55,95,92,99139
1.7107,0.2199,38.62,95,92,99142
1.7302,0.2248,38.55,95,92,99145
1.7058,0.2199,38.68,95,92,99148
1.7155,0.2102,38.62,95,92,99152
1.7400,0.2346,38.46,95,92,99155
1.7155,0.2248,38.55,95,92,99159
1.7351,0.2248,38.46,95,92,99162
1.7155,0.2199,38.62,95,92,99166
1.7204,0.2248,38.62,95,92,99169
1.7546,0.2297,38.52,95,92,99172
1.7400,0.2199,38.58,95,92,99175
1.7498,0.2199,38.46,95,92,99179
1.7155,0.2199,38.62,95,92,99182
1.7107,0.2297,38.62,95,92,99185
1.7302,0.2297,38.55,95,92,99188
1.7204,0.2248,38.58,95,92,99192
1.7400,0.2248,38.43,95,92,99195
1.7155,0.2199,38.65,95,92,99198
1.7253,0.2199,38.62,95,92,99202
1.7498,0.2102,38.49,95,92,99206
1.7253,0.2248,38.58,95,92,99209
1.7400,0.2248,38.65,95,92,99212
1.7204,0.2199,38.62,95,92,99215
1.7155,0.2248,38.62,95,92,99219
1.7302,0.2297,38.43,95,92,99222
1.7058,0.2248,38.58,95,92,99225
1.7204,0.2199,38.49,95,92,99228
1.7009,0.2199,38.65,95,92,99232
1.6960,0.2199,38.62,95,92,99235
1.7253,0.2297,38.55,95,92,99238
1.7107,0.2248,38.58,95,92,99241
1.7253,0.2248,38.49,95,92,99246
1.6960,0.2199,38.65,95,92,99249
1.7107,0.2102,38.62,95,92,99252
1.7107,0.2297,38.49,95,92,99255
1.6862,0.2248,38.62,95,92,99259
1.6960,0.2248,38.49,95,92,99262
1.6862,0.2102,38.62,95,92,99265
1.6813,0.2199,38.52,95,92,99268
1.7058,0.2297,38.33,95,92,99272
1.6960,0.2248,38.62,95,92,99275
1.7107,0.2444,38.46,95,92,99278
1.6911,0.2199,38.68,95,92,99281
1.7009,0.2199,38.65,95,92,99286
1.7693,0.2297,38.55,95,92,99289
1.7204,0.2297,38.58,95,92,99292
1.7351,0.2199,38.46,95,92,99295
1.7253,0.2199,38.62,95,92,99299
1.7351,0.2199,38.62,95,92,99302
1.7742,0.2493,38.40,95,92,99305
1.7644,0.2248,38.62,95,92,99308
1.7791,0.2199,38.55,95,92,99312
1.7742,0.2248,38.62,95,92,99315
1.7693,0.2444,38.62,95,92,99318
1.8035,0.2297,38.46,95,92,99321
1.7840,0.2248,38.58,95,92,99325
1.7986,0.2199,38.49,95,92,99329
1.7791,0.2199,38.77,95,92,99332
1.7742,0.2199,38.65,95,92,99335
1.7986,0.2297,38.52,95,92,99339
1.7693,0.2199,38.55,95,92,99342
1.7791,0.2199,38.55,95,92,99345
1.7595,0.2199,38.62,95,92,99348
1.7693,0.2248,38.65,95,92,99352
1.8084,0.2346,38.43,95,92,99355
1.7937,0.2248,38.55,95,92,99358
1.8035,0.2199,38.49,95,92,99361
1.8182,0.2248,38.62,95,92,99365
1.7889,0.2199,38.58,95,92,99368
1.8231,0.2297,38.49,95,92,99372
1.8035,0.2248,38.58,95,92,99375
1.8084,0.2199,38.52,95,92,99379
1.7986,0.2199,38.62,95,92,99382
1.8035,0.2199,38.68,95,92,99385
1.8866,0.2346,38.49,95,92,99388
1.8377,0.2248,38.58,95,92,99392
1.8426,0.2199,38.52,95,92,99395
1.8133,0.2248,38.62,95,92,99398
1.7937,0.2248,38.62,95,92,99401
1.8035,0.2297,38.43,95,92,99405
1.7742,0.2297,38.55,95,92,99408
1.7595,0.2199,38.52,95,92,99411
1.7400,0.2151,38.62,95,92,99415
1.7302,0.2199,38.77,95,92,99419
1.7595,0.2297,38.49,95,92,99422
1.7302,0.2199,38.52,95,92,99425
1.7400,0.2199,38.90,95,92,99428
1.7302,0.2102,38.62,95,92,99431
1.7449,0.2199,38.58,95,92,99435
1.7937,0.2346,38.40,95,92,99438
1.7791,0.2297,38.55,95,92,99441
1.7791,0.2248,38.49,95,92,99444
1.7840,0.2248,38.62,95,92,99448
1.7889,0.2199,38.52,95,92,99451
1.8328,0.2297,38.43,95,92,99454
1.8133,0.2297,38.55,95,92,99459
1.8328,0.2102,38.52,95,92,99462
1.7986,0.2248,38.62,95,92,99465
1.8035,0.2199,38.65,95,92,99468
1.8426,0.2346,38.46,95,92,99471
1.8182,0.2297,38.55,95,92,99475
1.8035,0.2199,38.62,95,92,99478
1.7986,0.2248,38.58,95,92,99481
1.7937,0.2102,38.65,95,92,99484
1.8475,0.2590,38.40,95,92,99488
1.8182,0.2297,38.55,95,92,99491
1.8084,0.2151,38.55,95,92,99494
1.8377,0.2102,38.58,95,92,99499
1.7986,0.2395,38.58,95,92,99502
1.8524,0.2297,38.43,95,92,99505
1.8377,0.2297,38.62,95,92,99508
1.8280,0.2199,38.55,95,92,99512
1.8328,0.2395,38.58,95,92,99515
1.8377,0.2199,38.68,95,92,99518
1.8964,0.2297,38.46,95,92,99521
1.8817,0.2297,38.55,95,92,99525
1.8817,0.2199,38.52,95,92,99528
1.8964,0.2297,38.58,95,92,99531
1.9013,0.2199,38.65,95,92,99534
1.9550,0.2395,38.43,95,92,99538
1.9062,0.2297,38.46,95,92,99542
1.8866,0.2199,38.55,95,92,99545
1.8768,0.2248,38.65,95,92,99548
1.8866,0.2151,38.65,95,92,99552
1.8915,0.2395,38.36,95,92,99555
1.8280,0.2542,38.52,95,92,99558
1.7840,0.2199,38.55,95,92,99561
1.7498,0.2199,38.58,95,92,99565
1.7204,0.2395,38.62,95,92,99568
1.7498,0.2395,38.43,95,92,99571
1.6911,0.2297,38.55,95,92,99574
1.6667,0.2199,38.55,95,92,99578
1.6520,0.2395,38.65,95,92,99581
1.6373,0.2199,38.68,95,92,99585
1.6764,0.2297,38.43,95,92,99588
1.6276,0.2297,38.55,95,92,99592
1.6080,0.2199,38.58,95,92,99595
1.6031,0.2248,38.62,95,92,99598
1.5885,0.2248,38.62,95,92,99601
1.6373,0.2395,38.40,95,92,99604
1.5982,0.2297,38.43,95,92,99608
1.5836,0.2151,38.55,95,92,99611
1.6031,0.2102,38.58,95,92,99614
1.5738,0.2199,38.84,95,92,99617
1.6227,0.2395,38.40,95,92,99621
1.5885,0.2297,38.52,95,92,99624
1.5787,0.2199,38.55,95,92,99628
1.5885,0.2248,38.65,95,92,99632
1.5982,0.2199,38.58,95,92,99635
1.6667,0.2395,38.43,95,92,99638
1.6618,0.2102,38.55,95,92,99641
1.6911,0.2199,38.58,95,92,99645
1.7595,0.2346,38.58,95,92,99648
1.8524,0.2199,38.62,95,92,99651
2.0723,0.2395,38.43,95,92,99654
2.1750,0.2297,38.52,95,92,99658
2.3607,0.2199,38.62,95,92,99661
2.6100,0.2248,38.62,95,92,99664
2.8446,0.2248,38.65,95,92,99667
3.1232,0.2395,38.43,95,92,99672
3.1378,0.2248,38.65,95,92,99675
3.0401,0.2248,38.58,95,92,99678
2.8201,0.2248,38.58,95,92,99681
2.5122,0.2199,38.65,95,92,99685
2.2825,0.2297,38.33,95,92,99688
1.9795,0.2346,38.52,95,92,99691
1.7546,0.2151,38.52,95,92,99694
1.6031,0.2248,38.81,95,92,99698
1.4907,0.2199,38.62,95,92,99701
1.4614,0.2395,38.36,95,92,99704
1.4076,0.2346,38.49,95,92,99707
1.3930,0.2199,38.58,95,92,99712
1.3978,0.2248,38.62,95,92,99715
1.3978,0.2248,38.58,95,92,99718
1.4516,0.2444,38.36,95,92,99721
1.4418,0.2248,38.52,95,92,99725
1.4761,0.1906,38.58,95,92,99728
1.4712,0.2346,38.62,96,92,99731
1.5689,0.2248,38.62,96,92,99736
1.5934,0.2102,38.62,96,92,99739
1.6373,0.2297,38.43,96,92,99742
1.6325,0.2346,38.55,96,92,99745
1.6520,0.2248,38.49,96,92,99749
1.6520,0.2248,38.62,96,92,99752
1.6618,0.2444,38.62,96,92,99756
1.7058,0.2297,38.40,96,92,99759
1.7009,0.2248,38.58,96,92,99763
1.7009,0.2248,38.46,96,92,99766
1.6960,0.2248,38.58,96,92,99769
1.7058,0.2102,38.62,96,92,99772
1.7400,0.2346,38.46,96,92,99776
1.7204,0.2248,38.58,96,92,99779
1.7302,0.2248,38.55,96,92,99782
1.7253,0.2248,38.62,96,92,99785
1.7351,0.2199,38.77,96,92,99789
1.7791,0.2297,38.43,96,92,99792
1.7693,0.2297,38.55,96,92,99795
1.7693,0.2248,38.49,96,92,99799
1.7693,0.2542,38.58,96,92,99803
1.7693,0.2199,38.62,96,92,99806
1.8084,0.2297,38.43,96,92,99809
1.7840,0.2248,38.55,96,92,99812
1.7889,0.2199,38.58,96,92,99816
1.7791,0.2248,38.62,96,92,99819
1.7742,0.2199,38.68,96,92,99822
1.8084,0.2395,38.49,96,92,99825
1.7742,0.2248,37.90,96,92,99829
1.7693,0.2199,38.52,96,92,99832
1.7595,0.2248,38.62,96,92,99835
1.7498,0.2199,38.62,96,92,99838
1.7937,0.2297,38.49,96,92,99843
1.7742,0.2297,38.58,96,92,99846
1.7742,0.2102,38.52,96,92,99849
1.7693,0.2248,38.58,96,92,99852
1.7644,0.2199,38.62,96,92,99856
1.8084,0.2346,38.43,96,92,99859
1.7791,0.2493,38.62,96,92,99862
1.7742,0.2199,38.52,96,92,99865
1.7595,0.2248,38.58,96,92,99869
1.7595,0.2199,38.62,96,92,99872
1.7937,0.2297,38.46,96,92,99875
1.7546,0.2248,38.65,96,92,99878
1.7400,0.2199,38.52,96,92,99883
1.7351,0.2199,38.58,96,92,99886
1.7400,0.2199,38.65,96,92,99889
1.7986,0.2297,38.43,96,92,99892
1.7840,0.2297,38.49,96,92,99896
1.7791,0.2248,38.55,96,92,99899
1.7791,0.2248,38.49,96,92,99902
1.7742,0.2199,38.62,96,92,99905
1.8280,0.2444,38.46,96,92,99909
1.7986,0.2786,38.58,96,92,99912
1.8035,0.2199,38.58,96,92,99915
1.8133,0.2297,38.58,96,92,99918
1.8231,0.2248,38.62,96,92,99922
1.8817,0.2395,38.40,96,92,99926
1.8426,0.2297,38.55,96,92,99929
1.8671,0.2151,38.55,96,92,99932
1.8475,0.2102,38.62,96,92,99936
1.8524,0.2151,38.58,96,92,99939
1.9110,0.2395,38.43,96,92,99942
1.8671,0.2297,38.52,96,92,99945
1.8475,0.2199,38.58,96,92,99949
1.8377,0.2248,38.62,96,92,99952
1.8426,0.2199,38.62,96,92,99955
1.8964,0.2395,38.46,96,92,99958
1.8622,0.2297,38.52,96,92,99962
1.8524,0.2102,38.55,96,92,99965
1.8475,0.2248,38.46,96,92,99969
1.8426,0.2199,38.68,96,92,99972
1.8964,0.2297,38.46,96,92,99976
1.8573,0.2297,38.52,96,92,99979
1.8377,0.2199,38.55,96,92,99982
1.8328,0.2248,38.58,96,92,99985
1.8280,0.2199,38.62,96,92,99989
1.8719,0.2444,38.43,96,92,99992
1.8377,0.2395,38.49,96,92,99995
1.8231,0.2199,38.55,96,92,99998
1.8182,0.2248,38.62,96,92,100002
1.8084,0.2248,38.62,96,92,100005
1.8475,0.2346,38.43,96,92,100008
1.8133,0.2297,38.55,96,92,100013
1.8084,0.2199,38.46,96,92,100016
1.7840,0.2493,38.62,96,92,100019
1.7742,0.2199,38.62,96,92,100022
1.7840,0.2297,38.55,96,92,100026
1.7937,0.2248,38.58,96,92,100029
1.7791,0.2248,38.46,96,92,100032
1.7595,0.2248,38.68,96,92,100036
1.7546,0.2199,38.62,96,92,100039
1.7742,0.2297,38.46,96,92,100042
1.7302,0.2248,38.58,96,92,100046
1.7449,0.2248,38.52,96,92,100049
1.7155,0.2199,38.52,96,92,100052
1.7204,0.2199,38.62,96,92,100057
1.7400,0.2346,38.46,96,92,100060
1.7204,0.2248,38.62,96,92,100063
1.7644,0.2297,38.40,96,92,100066
1.7449,0.2542,38.52,96,92,100070
1.7546,0.2248,38.62,96,92,100073
1.7693,0.2297,38.62,96,92,100076
1.7546,0.2248,38.68,96,92,100080
1.8084,0.2346,38.33,96,92,100083
1.7595,0.2199,38.52,96,92,100086
1.7644,0.2248,38.62,96,92,100090
1.7840,0.2297,38.62,96,92,100093
1.7791,0.2297,38.58,96,92,100097
1.8475,0.2395,38.40,96,92,100101
1.8182,0.2297,38.43,96,92,100104
1.8133,0.2444,38.55,96,92,100107
1.8133,0.2248,38.71,96,92,100110
1.8182,0.2493,38.62,96,92,100114
1.8622,0.2297,38.43,96,92,100117
1.8426,0.2297,38.55,96,92,100120
1.8622,0.2248,38.46,96,92,100124
1.8524,0.2248,38.58,96,92,100127
1.8622,0.2297,38.62,96,92,100130
1.9013,0.2346,38.55,96,92,100134
1.8817,0.2248,38.58,96,92,100137
1.9159,0.2297,38.55,96,92,100141
1.9013,0.2248,38.62,96,92,100145
1.9208,0.2248,38.65,96,92,100148
1.9355,0.2248,38.52,96,92,100151
1.9257,0.2248,38.58,96,92,100154
1.9599,0.2248,38.43,96,92,100158
1.9013,0.2248,38.81,96,92,100161
1.8915,0.2248,38.62,96,92,100164
1.8915,0.2297,38.55,96,92,100168
1.8475,0.2297,38.58,96,92,100171
1.8719,0.2346,38.36,96,92,100174
1.8328,0.2297,38.52,96,92,100178
1.8035,0.2248,38.68,96,92,100182
1.8035,0.2297,38.58,96,92,100185
1.7840,0.2248,38.62,96,92,100189
1.8280,0.2346,38.33,96,92,100192
1.7889,0.2248,38.49,96,92,100195
1.7693,0.2248,38.55,96,92,100199
1.7595,0.2248,38.62,96,92,100202
1.7400,0.2248,38.65,96,92,100205
1.7644,0.2395,38.49,96,92,100208
1.7253,0.2199,38.55,96,92,100212
1.7204,0.2199,38.58,96,92,100215
1.7058,0.2493,38.62,96,92,100218
1.7058,0.2199,38.62,96,92,100222
1.7449,0.2297,38.52,96,92,100226
1.7351,0.2346,38.58,96,92,100229
1.7595,0.2248,38.49,96,92,100233
1.7351,0.2248,38.62,96,92,100236
1.7400,0.2199,38.62,96,92,100239
1.7644,0.2297,38.49,96,92,100242
1.7302,0.2346,38.58,96,92,100246
1.7595,0.2248,38.49,96,92,100249
1.7449,0.2199,38.58,96,92,100252
1.7693,0.2297,38.68,96,92,100256
1.8328,0.2297,38.52,96,92,100259
1.8719,0.2297,38.62,96,92,100262
1.9892,0.2248,38.40,96,92,100267
2.0723,0.2248,38.68,96,92,100270
2.2141,0.2151,38.58,96,92,100273
2.4340,0.2297,38.55,96,92,100277
2.6442,0.2199,38.62,96,92,100280
2.9570,0.2346,38.43,96,92,100283
3.1085,0.2199,38.55,96,92,100286
3.2209,0.2199,38.71,96,92,100290
3.1965,0.2248,38.58,96,92,100293
2.9863,0.2248,38.62,96,92,100296
2.7761,0.2395,38.36,96,92,100300
2.4194,0.2297,38.52,96,92,100303
2.1457,0.2199,38.55,96,92,100306
1.9257,0.2102,38.58,96,92,100311
1.7400,0.2248,38.62,96,92,100314
1.6422,0.2346,38.43,96,92,100317
1.5200,0.2297,38.55,96,92,100321
1.4565,0.2248,38.49,96,92,100324
1.4027,0.2346,38.62,96,92,100327
1.3734,0.2297,38.62,96,92,100330
1.4076,0.2346,38.58,96,92,100334
1.4125,0.2248,38.58,96,92,100337
1.4565,0.2248,38.46,96,92,100340
1.4516,0.2248,38.62,96,92,100344
1.4614,0.2248,38.65,96,92,100348
1.4663,0.2248,38.52,96,92,100353
1.4809,0.2346,38.55,96,92,100356
1.4858,0.2248,38.62,96,92,100359
1.5347,0.2297,38.36,96,92,100363
1.5249,0.2297,38.49,96,92,100366
1.5152,0.2248,38.65,96,92,100369
1.5298,0.2346,38.55,96,92,100373
1.5347,0.2248,38.68,96,92,100376
1.5934,0.2444,38.36,96,92,100379
1.5640,0.2297,38.49,96,92,100382
1.5543,0.2199,38.58,96,92,100386
1.5591,0.2248,38.62,96,92,100389
1.5689,0.2248,38.65,96,92,100392
1.6129,0.2395,38.46,96,92,100397
1.6129,0.2297,38.58,96,92,100400
1.5934,0.2248,38.52,96,92,100403
1.5934,0.2395,38.58,96,92,100407
1.6129,0.2248,38.62,96,92,100410
1.6569,0.2297,38.46,96,92,100413
1.6520,0.2493,38.62,96,92,100416
1.7155,0.2199,38.46,96,92,100420
1.6667,0.2248,38.52,96,92,100423
1.6764,0.2297,38.68,96,92,100426
1.7155,0.2346,38.49,96,92,100430
1.6911,0.2199,38.58,96,92,100433
1.7302,0.2248,38.49,96,92,100436
1.7009,0.2199,38.40,96,92,100441
1.7155,0.2248,38.71,96,92,100444
1.7546,0.2346,38.46,96,92,100447
1.7302,0.2248,38.62,96,92,100451
1.7546,0.2297,38.40,96,92,100454
1.7253,0.2102,38.52,96,92,100457
1.7302,0.2199,38.55,96,92,100460
1.7546,0.2297,38.55,96,92,100464
1.7498,0.2248,38.62,96,92,100467
1.8035,0.2346,38.36,96,92,100470
1.7937,0.2297,38.52,96,92,100474
1.7889,0.2248,38.65,96,92,100477
1.7986,0.2248,38.68,96,92,100481
1.7986,0.2248,38.65,96,92,100485
1.8524,0.2444,38.36,96,92,100488
1.8182,0.2297,38.55,96,92,100491
1.8084,0.2199,38.58,96,92,100495
1.8182,0.2248,38.58,96,92,100498
1.8280,0.2248,38.65,96,92,100501
1.8671,0.2297,38.43,96,92,100504
1.8426,0.2297,38.58,96,92,100508
1.8377,0.2248,38.65,96,92,100511
1.8084,0.2199,38.62,96,92,100514
1.8084,0.2248,38.62,96,92,100518
1.8280,0.2297,38.46,96,92,100521
1.8377,0.2199,38.62,96,92,100525
1.8475,0.2297,38.52,96,92,100529
1.8280,0.2248,38.62,96,92,100532
1.8475,0.2199,38.62,96,92,100535
1.8768,0.2297,38.52,96,92,100539
1.8866,0.2248,38.58,96,92,100542
1.9159,0.2248,38.43,96,92,100545
1.8915,0.2297,38.58,96,92,100548
1.9013,0.2297,38.62,96,92,100552
1.9257,0.2297,38.52,96,92,100555
1.9013,0.2248,38.62,96,92,100558
1.9501,0.2346,38.43,96,92,100562
1.9306,0.2248,38.52,96,92,100566
1.9159,0.2248,38.62,96,92,100569
1.9159,0.2346,38.55,96,92,100573
1.8866,0.2248,38.62,96,92,100576
1.9306,0.2346,38.33,96,92,100579
1.9159,0.2297,38.49,96,92,100583
1.8768,0.2199,38.58,96,92,100586
1.8768,0.2248,38.58,96,92,100589
1.8671,0.2199,38.62,96,92,100592
1.9257,0.2395,38.46,96,92,100596
1.8915,0.2297,38.55,96,92,100599
1.8866,0.2248,38.52,96,92,100602
1.8622,0.2248,38.71,96,92,100606
1.8817,0.2199,38.58,96,92,100610
1.8866,0.2346,38.55,96,92,100613
1.8671,0.2297,38.62,96,92,100617
1.8964,0.2297,38.46,96,92,100620
1.8573,0.2248,38.58,96,92,100623
1.8671,0.2297,38.68,96,92,100627
1.8964,0.2297,38.49,96,92,100630
1.8964,0.2297,38.58,96,92,100633
1.8866,0.2248,38.49,96,92,100636
1.8377,0.2248,38.49,96,92,100640
1.8231,0.2248,38.68,96,92,100643
1.8377,0.2297,38.52,96,92,100646
1.8231,0.2297,38.62,96,92,100651
1.8719,0.2346,38.43,96,92,100654
1.8475,0.2248,38.74,96,92,100657
1.8377,0.2542,38.68,96,92,100661
1.8426,0.2297,38.46,96,92,100664
1.8231,0.2248,38.52,96,92,100667
1.8573,0.2346,38.33,96,92,100671
1.8133,0.2248,38.55,96,92,100674
1.8133,0.2248,38.62,96,92,100677
1.8133,0.2346,38.58,96,92,100680
1.8133,0.2248,38.68,96,92,100684
1.8768,0.2297,38.40,96,92,100687
1.8475,0.2297,38.36,96,92,100690
1.8377,0.2248,38.55,96,92,100695
1.8328,0.2297,38.62,96,92,100698
1.8231,0.2297,38.62,96,92,100701
1.8524,0.2346,38.49,96,92,100705
1.8426,0.2346,38.55,96,92,100708
1.8524,0.2248,38.55,96,92,100711
1.8426,0.2248,38.77,96,92,100715
1.8524,0.2493,38.62,96,92,100718
1.8915,0.2297,38.49,96,92,100721
1.8768,0.2248,38.65,96,92,100724
1.9062,0.2346,38.49,96,92,100728
1.8671,0.2248,38.65,96,92,100731
1.8671,0.2248,38.65,96,92,100734
1.8915,0.2297,38.52,96,92,100739
1.8915,0.2248,38.62,96,92,100742
1.9208,0.2346,38.43,96,92,100745
1.9062,0.2248,38.62,96,92,100749
1.9208,0.2248,38.58,96,92,100752
1.9746,0.2444,38.52,96,92,100755
1.9795,0.2297,38.62,96,92,100759
2.0235,0.2346,38.33,96,92,100762
1.9941,0.2297,38.52,96,92,100765
1.9648,0.2248,38.58,96,92,100768
1.9746,0.2346,38.55,96,92,100772
1.9453,0.2248,38.62,96,92,100775
1.9844,0.2688,38.36,96,92,100779
1.9355,0.2297,38.46,96,92,100783
1.9062,0.2688,38.58,96,92,100786
1.9062,0.2297,38.58,96,92,100789
1.8671,0.2248,38.62,96,92,100793
1.8915,0.2444,38.46,96,92,100796
1.8475,0.2297,38.65,96,92,100799
1.8524,0.2248,38.46,96,92,100803
1.8524,0.2297,38.62,96,92,100806
1.8475,0.2199,38.58,96,92,100809
1.8671,0.2395,38.55,96,92,100813
1.8328,0.2297,38.68,96,92,100816
1.8377,0.2297,38.43,96,92,100819
1.7937,0.2248,38.62,96,92,100823
1.7791,0.2248,38.68,96,92,100827
1.7937,0.2346,38.46,96,92,100830
1.7595,0.2248,38.58,96,92,100833
1.7840,0.2346,38.46,96,92,100837
1.7791,0.2248,38.55,96,92,100840
1.7937,0.2248,38.55,96,92,100843
1.8035,0.2346,38.46,96,92,100847
1.7742,0.2248,38.81,96,92,100850
1.7986,0.2346,38.36,96,92,100853
1.7742,0.2297,38.58,96,92,100857
1.7889,0.2248,38.84,96,92,100860
1.8280,0.2199,38.58,96,92,100864
1.8475,0.2248,38.62,96,92,100867
1.9257,0.2346,38.55,96,92,100871
1.9257,0.2248,38.55,96,92,100874
2.0088,0.2248,38.65,96,92,100877
2.1505,0.2297,38.81,96,92,100881
2.3460,0.2297,38.62,96,92,100884
2.6540,0.2444,38.40,96,92,100887
2.8543,0.2297,38.68,96,92,100891
3.0841,0.2199,38.55,96,92,100894
3.2551,0.2346,38.58,96,92,100897
3.2796,0.2248,38.71,96,92,100900
3.2014,0.2639,38.40,96,92,100904
2.8886,0.2297,38.55,96,92,100908
2.5709,0.2248,38.46,96,92,100911
2.2434,0.2297,38.58,96,92,100915
1.9746,0.2199,38.62,96,92,100918
1.7742,0.2395,38.46,96,92,100921
1.5836,0.2297,38.65,96,92,100925
1.4614,0.2346,38.49,96,92,100928
1.3636,0.2248,38.62,96,92,100931
1.3294,0.2248,38.62,96,92,100935
1.3148,0.2297,38.46,96,92,100938
1.3050,0.2248,38.62,96,92,100941
1.3392,0.2248,38.46,96,92,100944
1.3392,0.2248,38.62,96,92,100948
1.3685,0.2248,38.62,96,92,100952
1.4027,0.2297,38.55,96,92,100955
1.4761,0.2297,38.74,96,92,100960
1.4761,0.2297,38.62,96,92,100963
1.5640,0.2444,38.46,96,92,100967
1.5591,0.2395,38.55,96,92,100970
1.5689,0.2248,38.52,96,92,100973
1.5934,0.2297,38.58,96,92,100977
1.6276,0.2199,38.62,96,92,100980
1.6667,0.2346,38.46,96,92,100983
1.6471,0.2493,38.58,96,92,100987
1.6520,0.2102,38.52,96,92,100990
1.6325,0.2248,38.58,96,92,100994
1.6373,0.2199,38.68,96,92,100997
1.6618,0.2346,38.62,96,92,101001
1.6325,0.2248,38.68,96,92,101004
1.6569,0.2248,38.49,96,92,101007
1.6227,0.2248,38.68,96,92,101011
1.6178,0.2346,38.62,96,92,101014
1.6422,0.2346,38.49,96,92,101017
1.6373,0.2248,38.58,96,92,101021
1.6862,0.2297,38.43,96,92,101024
1.7058,0.2248,38.52,96,92,101027
1.7107,0.2248,38.71,96,92,101031
1.7107,0.2395,38.49,96,92,101035
1.6764,0.2248,38.58,96,92,101038
1.7253,0.2297,38.52,96,92,101041
1.7155,0.2346,38.52,96,92,101045
1.7253,0.2248,38.62,96,92,101048
1.7302,0.2297,38.55,96,92,101051
1.7009,0.2199,38.62,96,92,101055
1.7302,0.2297,38.33,96,92,101058
1.6716,0.2248,38.52,96,92,101061
1.6569,0.2102,38.62,96,92,101065
1.6667,0.2297,38.62,96,92,101068
1.6862,0.2248,38.65,96,92,101071
1.7498,0.2444,38.46,96,92,101075
1.7009,0.2297,38.55,96,92,101079
1.6813,0.2248,38.58,96,92,101082
1.6764,0.2297,38.62,96,92,101085
1.7204,0.2248,38.62,96,92,101089
1.7302,0.2346,38.43,96,92,101092
1.7155,0.2248,38.58,96,92,101095
1.7498,0.2297,38.46,96,92,101099
1.7155,0.2248,38.65,96,92,101102
1.7155,0.2248,38.62,96,92,101105
1.7693,0.2395,38.36,96,92,101109
1.7889,0.2444,38.62,96,92,101112
1.8377,0.2297,38.52,96,92,101115
1.8084,0.2199,38.58,96,92,101120
1.7840,0.2297,38.62,96,92,101123
1.7889,0.2297,38.52,96,92,101126
1.7693,0.2248,38.62,96,92,101129
1.7889,0.2297,38.40,96,92,101133
1.7791,0.2102,38.65,96,92,101136
1.8182,0.2248,38.68,96,92,101139
1.8768,0.2444,38.62,96,92,101143
1.8915,0.2248,38.62,96,92,101146
1.9404,0.2346,38.33,96,92,101149
1.9355,0.2297,38.52,96,92,101153
1.8915,0.2248,38.62,96,92,101156
1.9159,0.2395,38.55,96,92,101159
1.9306,0.2248,38.62,96,92,101164
2.0088,0.2395,38.62,96,92,101167
1.9746,0.2346,38.52,96,92,101170
1.9599,0.2199,38.58,96,92,101173
1.9550,0.2297,38.46,96,92,101177
1.9550,0.2248,38.68,96,92,101180
2.0137,0.2297,38.46,96,92,101183
1.9844,0.2297,38.55,96,92,101187
1.9746,0.2248,38.49,96,92,101190
1.9501,0.2248,38.71,96,92,101193
1.9355,0.2297,38.62,96,92,101197
1.9550,0.2346,38.55,96,92,101200
1.9306,0.2297,38.58,96,92,101203
1.9501,0.2248,38.49,96,92,101207
1.9159,0.2248,38.62,96,92,101211
1.9062,0.2248,38.62,96,92,101214
1.9550,0.2444,38.46,96,92,101217
1.9062,0.2248,38.58,96,92,101221
1.9355,0.2297,38.46,96,92,101224
1.8964,0.2248,38.58,96,92,101227
1.8915,0.2297,38.62,96,92,101231
1.9062,0.2297,38.46,96,92,101234
1.8866,0.2297,38.65,96,92,101237
1.9257,0.2346,38.40,96,92,101241
1.8915,0.2297,38.62,96,92,101244
1.8719,0.2248,38.62,96,92,101248
1.8866,0.2297,38.55,96,92,101251
1.8671,0.2248,38.62,96,92,101255
1.9062,0.2639,38.33,96,92,101258
1.8671,0.2248,38.65,96,92,101261
1.8719,0.2444,38.62,96,92,101265
1.8817,0.2297,38.58,96,92,101268
1.8768,0.2248,38.58,96,92,101271
1.9501,0.2444,38.36,96,92,101275
1.9110,0.2346,38.58,96,92,101278
1.8915,0.2346,38.52,96,92,101281
1.8719,0.2297,38.68,96,92,101285
1.8622,0.2444,38.62,96,92,101288
1.8964,0.2346,38.43,96,92,101292
1.8768,0.2248,38.62,96,92,101296
1.8915,0.2199,38.49,96,92,101299
1.8524,0.2248,38.62,96,92,101302
1.8426,0.2248,38.65,96,92,101305
1.8671,0.2297,38.49,96,92,101309
1.8426,0.2248,38.58,96,92,101312
1.8768,0.2346,38.52,96,92,101315
1.8671,0.2248,38.62,96,92,101319
1.8719,0.2395,38.62,96,92,101322
1.9062,0.2297,38.52,96,92,101325
1.9062,0.2248,38.65,96,92,101329
1.9355,0.2248,38.40,96,92,101332
1.8964,0.2248,38.81,96,92,101336
1.8964,0.2248,38.62,96,92,101340
1.9208,0.2346,38.58,96,92,101343
1.9013,0.2346,38.62,96,92,101346
1.9599,0.2346,38.36,96,92,101349
1.9501,0.2297,38.55,96,92,101353
1.9453,0.2248,38.65,96,92,101356
1.9697,0.2297,38.55,96,92,101359
1.9599,0.2248,38.71,96,92,101363
2.0381,0.2395,38.33,96,92,101366
2.0137,0.2297,38.49,96,92,101369
2.0137,0.2199,38.55,96,92,101373
2.0283,0.2346,38.68,96,92,101377
2.0235,0.2248,38.62,96,92,101380
2.0479,0.2395,38.52,96,92,101383
1.9941,0.2346,38.55,96,92,101387
1.9550,0.2248,38.52,96,92,101390
1.9208,0.2248,38.62,96,92,101393
1.8964,0.2199,38.68,96,92,101397
1.9208,0.2346,38.52,96,92,101400
1.8964,0.2297,38.71,96,92,101403
1.9062,0.2248,38.52,96,92,101407
1.8817,0.2248,38.74,96,92,101410
1.8915,0.2199,38.62,96,92,101413
1.9208,0.2297,38.52,96,92,101417
1.8866,0.2590,38.62,96,92,101421
1.9062,0.2102,38.49,96,92,101424
1.8475,0.2199,38.62,96,92,101427
1.8182,0.2248,38.68,96,92,101431
1.8231,0.2297,38.52,96,92,101434
1.7937,0.2248,38.71,96,92,101437
1.8182,0.2346,38.40,96,92,101441
1.7986,0.2248,38.49,96,92,101444
1.7937,0.2199,38.58,96,92,101447
1.7986,0.2346,38.55,96,92,101451
1.7791,0.2199,38.62,96,92,101454
1.8231,0.2346,38.33,96,92,101457
1.7889,0.2199,38.55,96,92,101462
1.7937,0.2248,38.68,96,92,101465
1.8035,0.2248,38.68,96,92,101468
1.8084,0.2248,38.58,96,92,101471
1.8817,0.2444,37.90,96,92,101475
1.8768,0.2444,38.49,96,92,101478
1.9062,0.2248,38.55,96,92,101481
1.9697,0.2395,38.68,96,92,101485
2.0626,0.2102,38.62,96,92,101488
2.2483,0.2346,38.46,96,92,101491
2.4096,0.2102,38.62,96,92,101495
2.6344,0.2248,38.49,96,92,101498
2.8690,0.2248,38.58,96,92,101501
3.1232,0.2297,38.68,96,92,101506
3.3724,0.2297,38.46,96,92,101509
3.4066,0.2248,38.58,96,92,101512
3.3431,0.2444,38.49,96,92,101515
3.0156,0.2248,38.62,96,92,101519
2.6686,0.2248,38.65,96,92,101522
2.3803,0.2102,38.55,96,92,101525
2.0528,0.2248,38.58,96,92,101529
1.8475,0.2248,38.55,96,92,101532
1.6716,0.2102,38.62,96,92,101535
1.5103,0.2248,38.65,96,92,101539
1.4370,0.2590,38.55,96,92,101542
1.3734,0.2248,38.62,96,92,101545
1.3734,0.2346,38.40,96,92,101550
1.3441,0.2102,38.52,96,92,101553
1.3441,0.2248,38.62,96,92,101556
1.3783,0.2346,38.55,96,92,101559
1.3832,0.2248,38.62,96,92,101563
1.4418,0.2395,38.33,96,92,101566
1.5494,0.2297,38.49,96,92,101571
1.5445,0.2248,38.58,96,92,101574
1.5738,0.2248,38.52,96,92,101577
1.5836,0.2297,38.62,96,92,101581
1.6080,0.2248,38.62,96,92,101584
1.6373,0.2297,38.52,96,92,101587
1.6227,0.2199,38.62,96,92,101592
1.6373,0.2297,38.49,96,92,101595
1.6129,0.2102,38.62,96,92,101598
1.6178,0.2248,38.62,96,92,101602
1.6471,0.2835,38.52,96,92,101605
1.6227,0.2248,38.81,96,92,101608
1.6471,0.2346,38.43,96,92,101611
1.6422,0.2151,38.52,96,92,101615
1.6471,0.2199,38.68,96,92,101618
1.6716,0.2297,38.49,96,92,101621
1.6667,0.2248,38.65,96,92,101625
1.7058,0.2590,38.36,96,92,101628
1.6862,0.2297,38.52,96,92,101632
1.6813,0.2199,38.46,96,92,101636
1.6960,0.2297,38.55,96,92,101639
1.6911,0.2248,38.62,96,92,101642
1.7302,0.2346,38.30,96,92,101646
1.6911,0.2248,38.55,96,92,101649
1.6862,0.2199,38.74,96,92,101652
1.6911,0.2297,38.58,96,92,101655
1.6862,0.2248,38.55,96,92,101659
1.7351,0.2395,38.40,96,92,101662
1.6960,0.2297,38.55,96,92,101665
1.6911,0.2199,38.52,96,92,101669
1.6911,0.2248,38.62,96,92,101672
1.6960,0.2248,38.62,96,92,101676
1.7302,0.2346,38.46,96,92,101680
1.7351,0.2102,38.55,96,92,101683
1.7204,0.2248,38.49,96,92,101686
1.7009,0.2248,38.58,96,92,101690
1.7302,0.2151,38.62,96,92,101693
1.7302,0.2395,38.58,96,92,101696
1.7155,0.2199,38.65,96,92,101699
1.7546,0.2346,38.49,96,92,101703
1.7253,0.2248,38.65,96,92,101706
1.7351,0.2248,38.68,96,92,101709
1.7546,0.2248,38.52,96,92,101713
1.7449,0.2248,38.62,96,92,101716
1.7791,0.2297,38.21,96,92,101720
1.7546,0.2688,38.58,96,92,101724
1.7742,0.2102,38.62,96,92,101727
1.7791,0.2297,38.62,96,92,101730
1.7986,0.2102,38.62,96,92,101734
1.8377,0.2297,38.33,96,92,101737
1.8231,0.2590,38.52,96,92,101740
1.8280,0.2248,38.68,96,92,101743
1.8328,0.2297,38.65,96,92,101747
1.8280,0.2248,38.65,96,92,101750
1.9013,0.2395,38.43,96,92,101753
1.8622,0.2493,38.49,96,92,101757
1.8719,0.2199,38.55,96,92,101761
1.8524,0.2248,38.62,96,92,101764
1.8524,0.2395,38.62,96,92,101768
1.8964,0.2346,38.46,96,92,101771
1.8622,0.2297,38.49,96,92,101774
1.8671,0.2248,38.49,96,92,101778
1.8524,0.2248,38.84,96,92,101781
1.8524,0.2248,38.62,96,92,101784
1.8768,0.2297,38.49,96,92,101788
1.8622,0.2444,38.58,96,92,101791
1.8964,0.2297,38.46,96,92,101794
1.8671,0.2248,38.58,96,92,101797
1.8719,0.2248,38.62,96,92,101801
1.9013,0.2346,38.49,96,92,101805
1.8719,0.2199,38.58,96,92,101808
1.8964,0.2248,38.46,96,92,101812
1.8719,0.2248,38.77,96,92,101815
1.8573,0.2248,38.68,96,92,101818
1.8671,0.2297,38.46,96,92,101822
1.8377,0.2248,38.62,96,92,101825
1.8622,0.2297,38.36,96,92,101828
1.8328,0.2395,38.52,96,92,101832
1.8377,0.2248,38.55,96,92,101835
1.8231,0.2297,38.68,96,92,101838
1.8084,0.2199,38.58,96,92,101841
1.8573,0.2346,38.30,96,92,101846
1.8133,0.2248,38.52,96,92,101849
1.8084,0.2151,38.58,96,92,101852
1.8133,0.2346,38.58,96,92,101856
1.8035,0.2151,38.62,96,92,101859
1.8524,0.2395,38.43,96,92,101862
1.8182,0.2297,38.52,96,92,101866
1.8035,0.2248,38.52,96,92,101869
1.7889,0.2248,38.49,96,92,101872
1.7742,0.2395,38.62,96,92,101876
1.8035,0.2346,38.43,96,92,101879
1.7693,0.2493,38.58,96,92,101882
1.7791,0.2199,38.49,96,92,101885
1.7595,0.2248,38.62,96,92,101890
1.7644,0.2199,38.58,96,92,101893
1.7986,0.2346,38.49,96,92,101896
1.7889,0.2248,38.62,96,92,101900
1.8182,0.2297,38.46,96,92,101903
1.7986,0.2199,38.58,96,92,101906
1.8084,0.2248,38.21,96,92,101910
1.8231,0.2199,38.52,96,92,101913
1.8133,0.2248,38.62,96,92,101916
1.8475,0.2248,38.46,96,92,101920
1.8231,0.2248,38.62,96,92,101923
1.8133,0.2199,38.71,96,92,101926
1.8280,0.2346,38.49,96,92,101929
1.8035,0.2248,38.62,96,92,101934
1.8573,0.2346,38.36,96,92,101937
1.8377,0.2248,38.55,96,92,101940
1.8280,0.2297,38.58,96,92,101944
1.8426,0.2297,38.58,96,92,101947
1.8328,0.2199,38.36,96,92,101950
1.9110,0.2444,38.30,96,92,101954
1.8866,0.2297,38.49,96,92,101957
1.8817,0.2199,38.55,96,92,101960
1.8964,0.2248,38.62,96,92,101964
1.9159,0.2199,38.62,96,92,101967
1.9795,0.2346,38.46,96,92,101970
1.9648,0.2102,38.58,96,92,101974
1.9795,0.2199,38.49,96,92,101978
1.9795,0.2493,38.62,96,92,101981
2.0039,0.2199,37.87,96,92,101984
2.0430,0.2297,38.52,96,92,101988
2.0332,0.2297,38.62,96,92,101991
2.0821,0.2248,38.46,96,92,101994
2.0283,0.2248,38.58,96,92,101998
2.0235,0.2248,38.62,96,92,102001
2.0479,0.2297,38.46,96,92,102004
1.9892,0.2248,38.65,96,92,102007
1.9844,0.2493,38.49,96,92,102011
1.9306,0.2199,38.52,96,92,102014
1.9159,0.2199,38.62,96,92,102018
1.9306,0.2297,38.46,96,92,102022
1.8915,0.2248,38.77,96,92,102025
1.9110,0.2542,38.40,96,92,102028
1.8719,0.2248,38.55,96,92,102032
1.8475,0.2199,38.52,96,92,102035
1.8671,0.2297,38.62,96,92,102038
1.8182,0.2248,38.62,96,92,102042
1.8573,0.2688,38.36,96,92,102045
1.8133,0.2199,38.55,96,92,102048
1.8182,0.2199,38.52,96,92,102051
1.8328,0.2248,38.58,96,92,102055
1.8377,0.2199,38.62,96,92,102059
1.8964,0.2542,38.36,96,92,102062
1.8573,0.2297,38.55,96,92,102066
1.8377,0.2199,38.49,96,92,102069
1.8231,0.2248,38.62,96,92,102072
1.8133,0.2248,38.62,96,92,102076
1.8377,0.2346,38.43,96,92,102079
1.8133,0.2248,38.65,96,92,102082
1.8280,0.2199,38.49,96,92,102086
1.8231,0.2248,38.62,96,92,102089
1.8524,0.2199,38.58,96,92,102092
1.9159,0.2297,38.55,96,92,102096
1.9501,0.2248,38.62,96,92,102099
2.0528,0.2151,38.55,96,92,102103
2.1261,0.2102,38.62,96,92,102106
2.2825,0.2199,38.62,96,92,102110
2.4878,0.2297,38.52,96,92,102113
2.6979,0.2248,38.62,96,92,102116
2.9863,0.2248,38.40,96,92,102120
3.1672,0.2248,38.62,96,92,102123
3.3040,0.2199,38.65,96,92,102126
3.3187,0.2297,38.58,96,92,102130
3.1036,0.2199,38.58,96,92,102133
2.8641,0.2346,38.43,96,92,102136
2.5171,0.2297,38.49,96,92,102139
2.2092,0.2151,38.62,96,92,102144
1.9844,0.2297,38.55,96,92,102147
1.8084,0.2248,38.62,96,92,102150
1.6716,0.2297,38.33,96,92,102154
1.5494,0.2297,38.49,96,92,102157
1.4565,0.2151,38.58,96,92,102160
1.4223,0.2248,38.62,96,92,102164
1.3881,0.2102,38.62,96,92,102167
1.4223,0.2297,38.49,96,92,102170
1.4027,0.2248,38.55,96,92,102174
1.4125,0.1906,38.49,96,92,102177
1.4370,0.2248,38.62,96,92,102180
1.5249,0.2297,38.68,96,92,102185
1.5543,0.2102,38.62,96,92,102189
1.5836,0.2297,38.43,96,92,102193
1.6129,0.2102,38.62,96,92,102196
1.6178,0.2248,38.43,96,92,102199
1.6276,0.2248,38.49,96,92,102202
1.6569,0.2199,38.62,96,92,102206
1.6764,0.2297,38.27,96,92,102209
1.6667,0.2151,38.68,96,92,102212
1.7107,0.2346,38.36,96,92,102216
1.6862,0.2248,38.62,96,92,102219
1.6813,0.2199,38.62,96,92,102222
1.6960,0.2248,38.68,96,92,102226
1.6960,0.2542,38.74,96,92,102230
1.7693,0.2395,38.33,96,92,102233
1.7009,0.2248,38.55,96,92,102237
1.6960,0.2248,38.55,96,92,102240
1.6911,0.2248,38.58,96,92,102243
1.6813,0.2297,38.68,96,92,102246
1.7204,0.2297,38.46,96,92,102250
1.6911,0.2248,38.58,96,92,102253
1.7058,0.2199,38.49,96,92,102256
1.7058,0.2248,38.62,96,92,102260
1.7155,0.2199,38.68,96,92,102263
1.7546,0.2493,38.43,96,92,102266
1.7400,0.2248,38.58,96,92,102270
1.7595,0.2248,38.30,96,92,102274
1.7400,0.2297,38.62,96,92,102277
1.7498,0.2248,38.62,96,92,102280
1.7840,0.2297,37.77,96,92,102284
1.7693,0.2493,38.62,96,92,102287
1.8377,0.2199,38.49,96,92,102290
1.7742,0.2151,38.62,96,92,102294
1.7889,0.2151,38.62,96,92,102297
1.8084,0.2248,38.49,96,92,102300
1.7986,0.2199,38.58,96,92,102304
1.8328,0.2639,38.40,96,92,102307
1.8035,0.2199,38.81,96,92,102310
1.8084,0.2248,38.62,96,92,102315
1.8280,0.2297,38.55,96,92,102318
1.8133,0.2199,38.55,96,92,102321
1.8817,0.2346,38.43,96,92,102324
1.8377,0.2297,38.55,96,92,102328
1.8231,0.2199,38.65,96,92,102331
1.8328,0.2248,38.58,96,92,102334
1.8182,0.2199,38.58,96,92,102338
1.8866,0.2444,38.36,96,92,102341
1.8426,0.2542,38.49,96,92,102344
1.8328,0.2199,38.52,96,92,102348
1.8280,0.2248,38.68,96,92,102351
1.8280,0.2248,38.62,96,92,102354
1.8768,0.2297,38.46,96,92,102359
1.8475,0.2248,38.62,96,92,102362
1.8768,0.2248,38.49,96,92,102365
1.8671,0.2248,38.62,96,92,102368
1.8768,0.2199,38.62,96,92,102372
1.9062,0.2297,38.58,96,92,102375
1.8964,0.2248,38.49,96,92,102378
1.9306,0.2297,38.49,96,92,102382
1.9159,0.2248,38.65,96,92,102385
1.9355,0.2395,38.62,96,92,102388
1.9697,0.2297,38.49,96,92,102392
1.9404,0.2248,38.68,96,92,102395
1.9648,0.2248,38.43,96,92,102398
1.9355,0.2199,38.46,96,92,102403
1.9208,0.2248,38.62,96,92,102406
1.9355,0.2297,38.49,96,92,102409
1.9062,0.2199,38.62,96,92,102413
1.9404,0.2395,38.43,96,92,102416
1.9062,0.2248,38.52,96,92,102419
1.8817,0.2199,38.58,96,92,102422
1.8817,0.2297,38.55,96,92,102426
1.8768,0.2199,38.62,96,92,102429
1.9257,0.2297,38.36,96,92,102432
1.8768,0.2199,38.52,96,92,102436
1.8719,0.2151,38.18,96,92,102439
1.8671,0.2248,38.62,96,92,102443
1.8671,0.2199,38.62,96,92,102447
1.9208,0.2395,38.43,96,92,102450
1.8866,0.2297,38.55,96,92,102453
1.8768,0.2199,38.52,96,92,102456
1.8573,0.2248,38.68,96,92,102460
1.8573,0.2102,38.62,96,92,102463
1.8768,0.2297,38.46,96,92,102466
1.8768,0.2102,38.58,96,92,102470
1.8524,0.2248,38.46,96,92,102473
1.8231,0.2248,38.71,96,92,102476
1.8280,0.2542,38.62,96,92,102480
1.8475,0.2297,38.55,96,92,102483
1.8182,0.2248,38.30,96,92,102487
1.8377,0.2297,38.52,96,92,102491
1.8377,0.2248,38.58,96,92,102494
1.8035,0.2199,38.65,96,92,102497
1.8084,0.2248,38.52,96,92,102500
1.7986,0.2199,38.62,96,92,102504
1.8182,0.2199,38.43,96,92,102507
1.7840,0.2248,38.58,96,92,102510
1.7791,0.2199,38.62,96,92,102514
1.8035,0.2297,37.80,96,92,102517
1.7791,0.2151,38.62,96,92,102520
1.8182,0.2346,38.36,96,92,102524
1.7986,0.2248,38.52,96,92,102528
1.7840,0.2151,38.62,96,92,102531
1.7986,0.2297,38.52,96,92,102534
1.7889,0.2151,38.58,96,92,102538
1.8377,0.2346,38.30,96,92,102541
1.8035,0.2297,38.46,96,92,102544
1.7889,0.2102,38.58,96,92,102548
1.7937,0.2248,38.65,96,92,102551
1.7937,0.2248,38.65,96,92,102554
1.8524,0.2395,38.49,96,92,102558
1.8182,0.2297,38.55,96,92,102561
1.8182,0.2248,38.52,96,92,102564
1.7986,0.2248,38.62,96,92,102568
1.7889,0.2395,38.58,96,92,102572
1.8133,0.2297,38.55,96,92,102575
1.7986,0.2248,37.83,96,92,102578
1.8377,0.2395,38.46,96,92,102582
1.8377,0.2248,37.83,96,92,102585
1.8524,0.2248,38.62,96,92,102588
1.9062,0.2346,38.49,96,92,102592
1.8817,0.2248,38.71,96,92,102595
1.9159,0.2151,38.46,96,92,102598
1.9013,0.2199,38.58,96,92,102602
1.9159,0.2199,38.84,96,92,102605
1.9501,0.2297,38.46,96,92,102608
1.9257,0.2199,38.62,96,92,102612
1.9453,0.2248,38.40,96,92,102616
1.9110,0.2248,38.49,96,92,102619
1.8866,0.2199,38.65,96,92,102622
1.8817,0.2346,38.52,96,92,102626
1.8573,0.2102,38.62,96,92,102629
1.8719,0.2297,38.36,96,92,102632
1.8280,0.2151,38.55,96,92,102636
1.8084,0.2199,38.65,96,92,102639
1.8035,0.2248,38.62,96,92,102642
1.7889,0.2199,38.65,96,92,102646
1.8280,0.2395,38.40,96,92,102649
1.7791,0.2346,38.52,96,92,102652
1.7889,0.2102,38.55,96,92,102657
1.7546,0.2248,38.62,96,92,102660
1.7693,0.2248,38.62,96,92,102663
1.7840,0.2297,38.43,96,92,102666
1.7595,0.2542,38.55,96,92,102670
1.7889,0.2199,38.49,96,92,102673
1.7595,0.2248,38.62,96,92,102676
1.7595,0.2199,38.62,96,92,102680
1.7937,0.2346,38.43,96,92,102683
1.7595,0.2248,38.62,96,92,102686
1.7791,0.2248,38.46,96,92,102690
1.7644,0.2102,38.62,96,92,102693
1.7644,0.2248,38.46,96,92,102696
1.7840,0.2444,38.52,96,92,102700
1.7840,0.2199,38.68,96,92,102704
1.8280,0.2102,38.49,96,92,102707
1.8133,0.2248,38.71,96,92,102710
1.8524,0.2248,38.62,96,92,102714
1.9208,0.2297,38.52,96,92,102717
1.9599,0.2737,38.68,96,92,102720
2.0968,0.2102,38.40,96,92,102724
2.1994,0.2248,38.52,96,92,102727
2.3509,0.2199,38.62,96,92,102730
2.5904,0.2346,38.52,96,92,102733
2.8201,0.2248,38.62,96,92,102737
3.0841,0.2346,38.36,96,92,102740
3.1818,0.2248,38.49,96,92,102744
3.1769,0.2248,38.65,96,92,102748
3.0450,0.2248,38.58,96,92,102751
2.7615,0.2199,38.65,96,92,102754
2.5269,0.2395,38.30,96,92,102758
2.1896,0.2199,38.49,96,92,102761
1.9453,0.2151,38.65,96,92,102764
1.7498,0.2297,38.62,96,92,102767
1.5885,0.2199,38.62,96,92,102771
1.5103,0.2395,38.43,96,92,102774
1.4076,0.2199,38.55,96,92,102777
1.3685,0.2199,38.52,96,92,102781
1.3294,0.2248,38.58,96,92,102785
1.3196,0.2199,38.68,96,92,102788
1.3490,0.2297,38.49,96,92,102792
1.4174,0.2297,38.55,96,92,102796
1.4174,0.2297,38.58,96,92,102800
1.4663,0.2248,38.43,96,92,102803
1.4516,0.2248,38.46,96,92,102806
1.4663,0.2248,38.62,96,92,102810
1.4956,0.2297,38.52,96,92,102813
1.5005,0.2199,38.21,96,92,102816
1.5494,0.2297,38.36,96,92,102819
1.5298,0.2199,38.58,96,92,102823
1.5445,0.2248,38.58,96,92,102827
1.5640,0.2248,38.58,96,92,102830
1.5640,0.2199,38.62,96,92,102834
1.6227,0.2199,38.43,96,92,102837
1.6031,0.2346,38.52,96,92,102840
1.6080,0.2151,38.58,96,92,102844
1.6422,0.2248,38.62,96,92,102847
1.6325,0.2248,38.62,96,92,102850
1.6862,0.2639,38.40,96,92,102854
1.6667,0.2297,38.55,96,92,102857
1.6667,0.2199,38.55,96,92,102860
1.6667,0.2297,38.62,96,92,102863
1.6667,0.2248,38.62,96,92,102867
1.7009,0.2297,38.55,96,92,102871
1.6813,0.2151,38.58,96,92,102874
1.7009,0.2248,38.49,96,92,102878
1.6813,0.2248,38.71,96,92,102881
1.6911,0.2199,38.68,96,92,102884
1.7058,0.2248,38.62,96,92,102888
1.7009,0.2444,38.62,96,92,102891
1.7302,0.2346,38.46,96,92,102894
1.7009,0.2199,38.43,96,92,102898
1.7058,0.2493,38.62,96,92,102901
1.7204,0.2297,38.52,96,92,102904
1.7058,0.2248,38.62,96,92,102907
1.7351,0.2297,38.40,96,92,102912
1.7204,0.2248,38.49,96,92,102915
1.7107,0.2199,38.62,96,92,102918
1.7253,0.2346,38.52,96,92,102922
1.7058,0.2102,38.62,96,92,102925
1.7351,0.2346,38.36,96,92,102928
1.7204,0.2248,38.55,96,92,102932
1.7058,0.2199,38.62,96,92,102935
1.7155,0.2297,38.81,96,92,102938
1.7155,0.2248,38.62,96,92,102941
1.7693,0.2297,38.33,96,92,102945
1.7302,0.2248,38.55,96,92,102948
1.7204,0.2151,38.55,96,92,102951
1.7351,0.2297,38.58,96,92,102956
1.7400,0.2199,38.62,96,92,102959
1.7840,0.2395,38.65,96,92,102962
1.7595,0.2248,38.62,96,92,102966
1.7937,0.2248,38.49,96,92,102969
1.7693,0.2248,38.62,96,92,102972
1.7791,0.2248,38.65,96,92,102976
1.8280,0.2297,38.43,96,92,102979
1.8133,0.2248,38.58,96,92,102982
1.8426,0.2248,38.46,96,92,102985
1.8231,0.2248,38.65,96,92,102989
1.8328,0.2199,38.62,96,92,102992
1.8671,0.2297,38.46,96,92,102995
1.8524,0.2248,38.74,96,92,103000
1.8866,0.2248,38.46,96,92,103003
1.8768,0.2102,38.55,96,92,103006
1.8817,0.2199,38.71,96,92,103010
1.9062,0.2248,38.49,96,92,103013
1.9013,0.2248,38.65,96,92,103016
1.9404,0.2297,38.33,96,92,103020
1.9208,0.2248,38.62,96,92,103023
1.9404,0.2199,38.62,96,92,103026
1.9697,0.2248,38.55,96,92,103029
1.9550,0.2199,38.62,96,92,103033
1.9941,0.2346,38.43,96,92,103036
1.9404,0.2297,38.52,96,92,103040
1.8964,0.2199,38.62,96,92,103044
1.8817,0.2297,38.62,96,92,103047
1.8573,0.2199,38.65,96,92,103050
1.8817,0.2395,38.40,96,92,103054
1.8426,0.2395,38.55,96,92,103057
1.8084,0.2102,38.55,96,92,103060
1.7986,0.2248,38.62,96,92,103063
1.7937,0.2199,38.58,96,92,103067
1.8328,0.2297,38.43,96,92,103070
1.8035,0.2248,38.55,96,92,103073
1.8084,0.2248,38.52,96,92,103077
1.7840,0.2493,38.58,96,92,103080
1.7840,0.2248,38.62,96,92,103084
1.8035,0.2297,38.46,96,92,103088
1.7889,0.2248,38.62,96,92,103091
1.8035,0.2248,38.46,96,92,103094
1.7791,0.2395,38.62,96,92,103098
1.7693,0.2102,38.62,96,92,103101
1.8035,0.2297,38.46,96,92,103104
1.7742,0.2248,38.62,96,92,103107
1.7986,0.2102,38.46,96,92,103111
1.7595,0.2199,38.74,96,92,103114
1.7546,0.2248,38.65,96,92,103117
1.7693,0.2297,38.55,96,92,103121
1.7449,0.2199,38.62,96,92,103124
1.8084,0.2346,38.36,96,92,103128
1.7498,0.2297,38.58,96,92,103132
1.7449,0.2248,38.65,96,92,103135
1.7595,0.2102,38.58,96,92,103138
1.7449,0.2248,38.62,96,92,103141
1.7889,0.2297,38.36,96,92,103145
1.7595,0.2199,38.55,96,92,103148
1.7693,0.2199,38.68,96,92,103151
1.7791,0.2297,38.68,96,92,103155
1.7742,0.2248,38.62,96,92,103158
1.8280,0.2493,38.40,96,92,103161
1.7840,0.2346,38.55,96,92,103165
1.7644,0.2199,38.55,96,92,103169
1.8084,0.2297,38.58,96,92,103172
1.7889,0.2248,38.62,96,92,103176
1.8377,0.2346,38.71,96,92,103179
1.8280,0.2102,38.55,96,92,103182
1.8377,0.2248,38.49,96,92,103185
1.8377,0.2248,38.65,96,92,103189
1.8915,0.2199,38.62,96,92,103192
1.9110,0.2297,38.52,96,92,103195
1.9062,0.2297,38.58,96,92,103199
1.9355,0.2346,38.49,96,92,103202
1.9062,0.2248,38.40,96,92,103205
1.9062,0.2199,38.62,96,92,103209
1.9159,0.2102,38.52,96,92,103213
1.9062,0.2248,38.68,96,92,103216
1.9355,0.2248,38.43,96,92,103219
1.9013,0.2248,38.62,96,92,103223
1.9062,0.2248,38.62,96,92,103226
1.9501,0.2346,38.52,96,92,103229
1.8866,0.2248,38.71,96,92,103233
1.9159,0.2297,38.36,96,92,103236
1.8817,0.2346,38.52,96,92,103239
1.8524,0.2248,38.62,96,92,103243
1.8475,0.2297,38.58,96,92,103246
1.8182,0.2248,38.81,96,92,103249
1.8671,0.2395,38.30,96,92,103254
1.8328,0.2248,38.55,96,92,103257
1.8182,0.2199,38.55,96,92,103260
1.8133,0.2297,38.55,96,92,103264
1.7937,0.2248,38.65,96,92,103267
1.8328,0.2688,38.43,96,92,103270
1.7889,0.2297,38.55,96,92,103273
1.7791,0.2199,38.52,96,92,103277
1.7644,0.2346,38.68,96,92,103280
1.7546,0.2248,38.65,96,92,103283
1.7889,0.2346,38.49,96,92,103287
1.7693,0.2297,38.62,96,92,103290
1.7742,0.2248,38.49,96,92,103293
1.7791,0.2199,38.62,96,92,103298
1.7546,0.2248,38.62,96,92,103301
1.7937,0.2639,38.55,96,92,103304
1.7693,0.2248,38.62,96,92,103308
1.7937,0.2297,38.55,96,92,103311
1.7546,0.2102,38.55,96,92,103314
1.7595,0.2248,38.62,96,92,103317
1.7840,0.2395,38.49,96,92,103321
1.7791,0.2248,38.62,96,92,103324
1.8280,0.2297,38.40,96,92,103327
1.8426,0.2199,38.52,96,92,103331
1.8817,0.2199,38.62,96,92,103334
1.9648,0.2297,38.52,96,92,103337
2.0577,0.2199,38.62,96,92,103342
2.2287,0.2346,38.36,96,92,103345
2.3656,0.2346,38.68,96,92,103348
2.6002,0.2199,38.65,96,92,103352
2.8739,0.2297,38.58,96,92,103355
3.0890,0.2199,38.68,96,92,103358
3.3187,0.2444,38.33,96,92,103361
3.2649,0.2297,38.52,96,92,103365
3.0743,0.2297,38.55,96,92,103368
2.7957,0.2297,38.62,96,92,103371
2.4633,0.2248,38.71,96,92,103375
2.2239,0.2297,38.43,96,92,103378
1.9306,0.2297,38.55,96,92,103382
1.7351,0.2248,38.49,96,92,103386
1.5689,0.2199,38.68,96,92,103389
1.4663,0.2248,38.58,96,92,103392
1.4223,0.2444,38.49,96,92,103395
1.3490,0.2248,38.58,96,92,103399
1.3490,0.2297,38.46,96,92,103402
1.3148,0.2248,38.81,96,92,103405
1.3832,0.2248,38.65,96,92,103410
1.4125,0.2199,38.62,96,92,103413
1.4565,0.2297,38.55,96,92,103417
1.4712,0.2297,38.58,96,92,103420
1.5200,0.2346,38.36,96,92,103424
1.5152,0.2297,38.55,96,92,103428
1.5054,0.2248,38.62,96,92,103431
1.5249,0.2297,38.55,96,92,103434
1.5249,0.2248,38.68,96,92,103438
1.5885,0.2737,38.33,96,92,103441
1.5787,0.2297,38.52,96,92,103444
1.5885,0.2199,38.58,96,92,103447
1.6227,0.2199,38.62,96,92,103451
1.6227,0.2248,38.65,96,92,103454
1.6716,0.2395,38.46,96,92,103457
1.6520,0.2297,38.55,96,92,103461
1.6618,0.2248,38.24,96,92,103464
1.6569,0.2395,38.58,96,92,103468
1.6667,0.2248,38.68,96,92,103472
1.6960,0.2297,38.52,96,92,103475
1.6911,0.2102,38.58,96,92,103478
1.6911,0.2297,38.49,96,92,103482
1.6716,0.2346,38.62,96,92,103485
1.6813,0.2248,38.62,96,92,103488
1.7204,0.2346,38.46,96,92,103491
1.7155,0.2248,38.62,96,92,103495
1.7546,0.2248,38.84,96,92,103498
1.7400,0.2297,38.55,96,92,103501
1.7937,0.2248,38.58,96,92,103505
1.7840,0.2297,38.40,96,92,103508
1.7742,0.2248,38.62,96,92,103512
1.8035,0.2395,38.43,96,92,103516
1.7791,0.2248,38.52,96,92,103519
1.7791,0.2297,38.62,96,92,103522
1.8084,0.2346,38.55,96,92,103525
1.7742,0.2248,38.62,96,92,103529
1.8084,0.2346,38.33,96,92,103532
1.7546,0.2248,38.55,96,92,103535
1.7595,0.2248,38.74,96,92,103539
1.7791,0.2248,38.68,96,92,103542
1.7889,0.2248,38.62,96,92,103545
1.8524,0.2346,38.40,96,92,103549
1.8182,0.2297,38.55,96,92,103553
1.8133,0.2199,38.58,96,92,103556
1.8133,0.2297,38.58,96,92,103560
1.8182,0.2248,38.65,96,92,103563
1.8622,0.2737,38.43,96,92,103566
1.8426,0.2297,38.62,96,92,103570
1.8524,0.2199,38.49,96,92,103573
1.8377,0.2102,38.62,96,92,103576
1.8231,0.2199,38.65,96,92,103579
1.8426,0.2346,38.46,96,92,103583
1.8231,0.2248,38.58,96,92,103586
1.8573,0.2297,38.49,96,92,103589
1.8377,0.2248,38.62,96,92,103593
1.8524,0.2248,38.62,96,92,103597
1.8671,0.2297,38.58,96,92,103600
1.8671,0.2395,38.62,96,92,103604
1.9062,0.2102,38.46,96,92,103607
1.8817,0.2248,38.65,96,92,103610
1.8964,0.2248,38.62,96,92,103613
1.9306,0.2346,38.55,96,92,103617
1.9110,0.2346,38.58,96,92,103620
1.9550,0.2346,38.36,96,92,103623
1.9257,0.2297,38.58,96,92,103627
1.9208,0.2199,38.62,96,92,103630
1.9550,0.2297,38.55,96,92,103633
1.9501,0.2248,38.62,96,92,103638
1.9892,0.2395,38.30,96,92,103641
1.9404,0.2297,37.74,96,92,103644
1.9257,0.2199,38.55,96,92,103648
1.9355,0.2248,38.58,96,92,103651
1.9404,0.2248,38.58,96,92,103654
2.0088,0.2444,38.36,96,92,103657
1.9697,0.2297,38.52,96,92,103661
1.9648,0.2248,38.52,96,92,103664
1.9453,0.2297,38.65,96,92,103667
1.9306,0.2297,38.62,96,92,103671
1.9550,0.2395,38.65,96,92,103674
1.9208,0.2444,38.58,96,92,103677
1.9257,0.2542,38.55,96,92,103682
1.8915,0.2248,38.68,96,92,103685
1.8671,0.2248,38.62,96,92,103688
1.8768,0.2346,38.43,96,92,103691
1.8377,0.2297,38.62,96,92,103695
1.8768,0.2346,38.49,96,92,103698
1.8280,0.2199,38.65,96,92,103701
1.8377,0.2248,38.58,96,92,103705
1.8573,0.2297,38.49,96,92,103708
1.8426,0.2248,38.62,96,92,103711
1.8719,0.2493,38.43,96,92,103715
1.8475,0.2248,38.52,96,92,103718
1.8377,0.2248,38.62,96,92,103721
1.8622,0.2346,38.52,96,92,103726
1.8426,0.2248,38.65,96,92,103729
1.8768,0.2346,38.40,96,92,103732
1.8475,0.2199,38.58,96,92,103735
1.8573,0.2248,38.24,96,92,103739
1.8768,0.2248,38.55,96,92,103742
1.8719,0.2248,38.65,96,92,103745
1.9159,0.2346,38.30,96,92,103749
1.8768,0.2102,38.52,96,92,103752
1.8719,0.2199,38.58,96,92,103755
1.8671,0.2199,38.58,96,92,103759
1.8622,0.2248,38.62,96,92,103762
1.9013,0.2346,37.68,96,92,103766
1.8622,0.2346,38.55,96,92,103770
1.8573,0.2248,38.52,96,92,103773
1.8524,0.2444,38.58,96,92,103776
1.8573,0.2248,38.65,96,92,103779
1.8915,0.2297,38.52,96,92,103783
1.8719,0.2395,38.58,96,92,103786
1.9257,0.2297,38.46,96,92,103789
1.8915,0.2248,38.62,96,92,103793
1.9062,0.2444,38.68,96,92,103796
1.9208,0.2297,38.52,96,92,103799
1.9110,0.2248,38.68,96,92,103803
1.9257,0.2297,38.46,96,92,103806
1.8964,0.2248,38.62,96,92,103810
1.8964,0.2248,38.58,96,92,103814
1.9159,0.2346,38.52,96,92,103817
1.9062,0.2248,38.58,96,92,103820
1.9941,0.2199,38.40,96,92,103823
1.9697,0.2248,38.49,96,92,103827
1.9941,0.2297,38.62,96,92,103830
2.0430,0.2297,38.52,96,92,103833
2.0332,0.2248,38.58,96,92,103837
2.0772,0.2346,38.33,96,92,103840
2.0430,0.2248,38.52,96,92,103843
2.0137,0.2199,38.62,96,92,103847
2.0088,0.2297,38.58,96,92,103851
1.9599,0.2248,38.71,96,92,103854
1.9746,0.2639,38.33,96,92,103857
1.9062,0.2248,38.65,96,92,103861
1.9013,0.2199,38.58,96,92,103864
1.9013,0.2297,38.58,96,92,103867
1.8915,0.2297,38.65,96,92,103871
1.9453,0.2346,38.43,96,92,103874
1.8817,0.2297,38.62,96,92,103877
1.8475,0.2248,38.49,96,92,103881
1.8133,0.2248,38.68,96,92,103884
1.7889,0.2248,38.62,96,92,103887
1.8182,0.2346,38.46,96,92,103891
1.7986,0.2297,38.49,96,92,103895
1.8182,0.2395,38.43,96,92,103898
1.7986,0.2248,38.62,96,92,103901
1.8084,0.2248,38.62,96,92,103905
1.8475,0.2346,38.49,96,92,103908
1.8426,0.2248,38.58,96,92,103911
1.8817,0.2248,38.52,96,92,103915
1.8475,0.2151,38.58,96,92,103918
1.8426,0.2248,38.68,96,92,103921
1.8426,0.2444,38.55,96,92,103925
1.8182,0.2248,38.62,96,92,103928
1.8622,0.2297,38.40,96,92,103931
1.8426,0.2248,38.62,96,92,103936
1.8622,0.2248,38.58,96,92,103939
1.9062,0.2297,38.55,96,92,103942
1.9355,0.2248,38.62,96,92,103945
2.0430,0.2835,38.33,96,92,103949
2.1065,0.2297,38.55,96,92,103952
2.2483,0.2199,38.62,96,92,103955
2.4731,0.2248,38.62,96,92,103959
2.7077,0.2297,38.58,96,92,103962
3.0547,0.2444,38.36,96,92,103965
3.2258,0.2688,38.49,96,92,103969
3.3578,0.2199,38.52,96,92,103972
3.3627,0.2248,38.52,96,92,103975
3.1672,0.2199,38.71,96,92,103979
2.9179,0.2346,38.46,96,92,103983
2.5367,0.2297,38.58,96,92,103986
2.2336,0.2248,38.46,96,92,103989
1.9501,0.2248,38.62,96,92,103993
1.7302,0.2248,38.58,96,92,103996
1.6031,0.2297,38.52,96,92,103999
1.4907,0.2248,38.58,96,92,104003
1.4565,0.2297,38.46,96,92,104006
1.4076,0.2199,38.62,96,92,104009
1.3930,0.2248,38.62,96,92,104013
1.4125,0.2297,38.46,96,92,104016
1.5054,0.2297,38.52,96,92,104022
1.4956,0.2199,38.65,96,92,104025
1.5640,0.2297,38.33,96,92,104028
1.5738,0.2297,38.49,96,92,104031
1.5885,0.2248,38.62,96,92,104035
1.6080,0.2297,38.58,96,92,104038
1.6031,0.2493,38.62,96,92,104041
1.6618,0.2493,38.36,96,92,104045
1.6422,0.2248,38.62,96,92,104048
1.6911,0.2151,38.55,96,92,104051
1.6667,0.2248,38.65,96,92,104055
1.6764,0.2248,38.62,96,92,104058
1.7204,0.2395,37.99,96,92,104061
1.7009,0.2248,38.55,96,92,104066
1.7498,0.2199,38.52,96,92,104069
1.7155,0.2248,38.62,96,92,104072
1.7155,0.2248,38.62,96,92,104075
1.7449,0.2297,38.46,96,92,104079
1.7155,0.2346,38.58,96,92,104082
1.7546,0.2102,38.46,96,92,104085
1.7302,0.2248,38.58,96,92,104089
1.7302,0.2199,38.52,96,92,104092
1.7498,0.2297,38.46,96,92,104095
1.7351,0.2248,38.62,96,92,104099
1.7644,0.2248,38.43,96,92,104102
1.7400,0.2199,38.55,96,92,104105
1.7302,0.2199,38.62,96,92,104110
1.7449,0.2248,38.49,96,92,104113
1.7204,0.2248,38.62,96,92,104116
1.7742,0.2346,38.40,96,92,104119
1.7498,0.2151,38.62,96,92,104123
1.7693,0.2102,38.58,96,92,104126
1.7840,0.2297,38.58,96,92,104129
1.8133,0.2248,38.62,96,92,104133
1.8231,0.2346,38.33,96,92,104136
1.7937,0.2248,38.52,96,92,104139
1.7791,0.2199,38.58,96,92,104143
1.7840,0.2493,38.62,96,92,104146
1.8133,0.2248,38.68,96,92,104150
1.8426,0.2297,38.40,96,92,104154
1.8231,0.2346,38.52,96,92,104157
1.8231,0.2151,38.52,96,92,104160
1.8280,0.2248,38.62,96,92,104163
1.8280,0.2199,38.62,96,92,104167
1.8719,0.2395,38.46,96,92,104170
1.8231,0.2248,38.68,96,92,104173
1.8133,0.2297,38.49,96,92,104177
1.7889,0.2248,38.65,96,92,104180
1.7791,0.2199,38.55,96,92,104183
1.8084,0.2199,38.52,96,92,104187
1.8035,0.2199,38.62,96,92,104190
1.8426,0.2297,38.49,96,92,104194
1.8426,0.2102,38.62,96,92,104198
1.8280,0.2199,38.65,96,92,104201
1.8573,0.2248,38.49,96,92,104204
1.8426,0.2248,38.62,96,92,104207
1.8817,0.2248,38.40,96,92,104211
1.8817,0.2248,38.52,96,92,104214
1.8915,0.2248,38.58,96,92,104217
1.9159,0.2395,38.55,96,92,104221
1.8964,0.2102,38.65,96,92,104224
1.9355,0.2297,38.36,96,92,104227
1.9013,0.2346,38.55,96,92,104231
1.9062,0.2199,38.62,96,92,104235
1.9062,0.2248,38.77,96,92,104238
1.9013,0.2688,38.62,96,92,104241
1.9501,0.2346,38.30,96,92,104245
1.8964,0.2199,38.58,96,92,104248
1.8866,0.2248,38.55,96,92,104251
1.8964,0.2248,38.58,96,92,104255
1.8915,0.2199,38.65,96,92,104258
1.9795,0.2444,38.40,96,92,104261
1.9110,0.2297,38.58,96,92,104265
1.9062,0.2199,38.55,96,92,104268
1.8915,0.2248,38.62,96,92,104271
1.8866,0.2199,38.62,96,92,104275
1.9208,0.2346,38.43,96,92,104279
1.8866,0.2248,38.84,96,92,104282
1.8964,0.2199,38.55,96,92,104285
1.8719,0.2248,38.62,96,92,104289
1.8719,0.2199,38.65,96,92,104292
1.9013,0.2346,38.52,96,92,104295
1.8817,0.2248,38.58,96,92,104299
1.9159,0.2297,38.46,96,92,104302
1.8866,0.2151,38.62,96,92,104305
1.8915,0.2199,38.65,96,92,104309
1.9013,0.2688,38.49,96,92,104312
1.8964,0.2248,38.62,96,92,104315
1.9257,0.2248,38.52,96,92,104320
1.9013,0.2199,38.62,96,92,104323
1.9013,0.2199,38.71,96,92,104326
1.9110,0.2297,38.52,96,92,104329
1.8817,0.2199,38.62,96,92,104333
1.9110,0.2297,38.36,96,92,104336
1.8622,0.2493,38.49,96,92,104339
1.8377,0.2199,38.62,96,92,104343
1.8377,0.2297,38.58,96,92,104346
1.8280,0.2199,38.62,96,92,104349
1.8964,0.2395,38.36,96,92,104353
1.8622,0.2199,38.49,96,92,104356
1.8573,0.2151,38.55,96,92,104359
1.8622,0.2248,38.62,96,92,104364
1.8622,0.2297,38.62,96,92,104367
1.9110,0.2297,38.46,96,92,104370
1.8768,0.2248,38.62,96,92,104373
1.8768,0.2248,38.49,96,92,104377
1.8719,0.2248,38.62,96,92,104380
1.8768,0.2199,38.68,96,92,104383
1.9062,0.2297,38.58,96,92,104387
1.8817,0.2248,38.58,96,92,104390
1.8866,0.2248,38.46,96,92,104393
1.8524,0.2199,38.65,96,92,104397
1.8475,0.2151,38.62,96,92,104400
1.8719,0.2297,38.52,96,92,104403
1.8622,0.2248,38.58,96,92,104408
1.8622,0.2248,38.46,96,92,104411
1.8475,0.2199,38.65,96,92,104414
1.8524,0.2297,38.58,96,92,104417
1.8866,0.2297,38.49,96,92,104421
1.8719,0.2199,38.68,96,92,104424
1.9159,0.2199,38.40,96,92,104427
1.8915,0.2297,38.55,96,92,104431
1.8866,0.2199,38.55,96,92,104434
1.9062,0.2248,38.55,96,92,104437
1.8866,0.2199,38.62,96,92,104441
1.9404,0.2297,38.36,96,92,104444
1.9257,0.2199,38.58,96,92,104448
1.9306,0.2151,38.62,96,92,104452
1.9404,0.2102,38.58,96,92,104455
1.9453,0.2199,38.62,96,92,104458
1.9892,0.2444,38.40,96,92,104461
1.9306,0.2297,38.52,96,92,104465
1.9062,0.2199,38.52,96,92,104468
1.8768,0.2248,38.62,96,92,104471
1.8524,0.2199,38.62,96,92,104475
1.8719,0.2542,38.40,96,92,104478
1.8328,0.2248,38.58,96,92,104481
1.8280,0.2248,38.46,96,92,104485
1.8133,0.2151,38.65,96,92,104488
1.7791,0.2199,38.27,96,92,104492
1.7889,0.2346,38.52,96,92,104496
1.7400,0.2199,38.58,96,92,104499
1.7498,0.2297,38.46,96,92,104502
1.7058,0.2199,38.58,96,92,104505
1.6960,0.2199,38.62,96,92,104509
1.7058,0.2248,38.52,96,92,104512
1.6911,0.2248,38.68,96,92,104515
1.7204,0.2248,38.43,96,92,104519
1.6911,0.2199,38.74,96,92,104522
1.7009,0.2444,38.65,96,92,104525
1.7351,0.2297,38.52,96,92,104529
1.7107,0.2199,38.58,96,92,104532
1.7693,0.2346,38.36,96,92,104536
1.7302,0.2248,38.58,96,92,104539
1.7204,0.2444,38.62,96,92,104543
1.7400,0.2297,38.65,96,92,104546
1.7400,0.2199,38.55,96,92,104549
1.8133,0.2395,38.33,96,92,104553
1.8035,0.2248,38.49,96,92,104556
1.8328,0.2151,39.03,96,92,104559
1.9257,0.2151,38.58,96,92,104563
1.9697,0.2199,38.58,96,92,104566
2.1554,0.2395,38.40,96,92,104569
2.3167,0.2102,38.55,96,92,104573
2.4927,0.2199,38.52,96,92,104577
2.7175,0.2248,38.62,96,92,104580
2.9668,0.2199,38.68,96,92,104583
3.2258,0.2297,38.52,96,92,104587
3.3236,0.2199,38.62,96,92,104590
3.2649,0.2248,38.49,96,92,104593
2.9912,0.2297,38.62,96,92,104597
2.6686,0.2102,38.62,96,92,104600
2.3803,0.2297,38.52,96,92,104603
2.0674,0.2248,38.58,96,92,104607
1.8622,0.2248,38.49,96,92,104610
1.6520,0.2151,38.52,96,92,104613
1.5200,0.2151,38.68,96,92,104617
1.4418,0.2248,38.46,96,92,104621
1.3685,0.2199,38.71,96,92,104624
1.3636,0.2248,38.40,96,92,104627
1.4223,0.2297,38.30,96,92,104632
1.4174,0.2199,38.52,96,92,104635
1.4321,0.2151,38.58,96,92,104639
1.4516,0.2199,38.58,96,92,104642
1.4663,0.2199,38.62,96,92,104645
1.5200,0.2395,38.43,96,92,104649
1.5005,0.2248,38.55,96,92,104652
1.5054,0.2199,38.52,96,92,104655
1.5054,0.2493,38.58,96,92,104659
1.5054,0.1906,38.65,96,92,104663
1.5494,0.2297,38.49,96,92,104666
1.5445,0.2248,38.58,96,92,104670
1.5689,0.2248,38.46,96,92,104673
1.5689,0.2248,38.58,96,92,104676
1.5885,0.2199,38.62,96,92,104679
1.6129,0.2297,38.65,96,92,104683
1.5982,0.2199,38.58,96,92,104686
1.6325,0.2297,38.49,96,92,104689
1.6129,0.2151,38.62,96,92,104693
1.6227,0.2248,38.58,96,92,104696
1.6422,0.2248,38.62,96,92,104699
1.6373,0.2395,38.58,96,92,104704
1.6618,0.2248,38.43,96,92,104707
1.6422,0.2199,38.65,96,92,104710
1.6667,0.2151,38.62,96,92,104714
1.6716,0.2248,38.58,96,92,104717
1.6520,0.2102,38.62,96,92,104720
1.6960,0.2297,38.36,96,92,104723
1.6716,0.2248,38.90,96,92,104727
1.6569,0.2248,38.65,96,92,104730
1.6667,0.2248,38.68,96,92,104733
1.6520,0.2199,38.58,96,92,104737
1.6960,0.2444,38.36,96,92,104740
1.6618,0.2248,38.62,96,92,104743
1.6471,0.2199,38.52,96,92,104748
1.6520,0.2199,38.58,96,92,104751
1.6618,0.2199,38.62,96,92,104754
1.7155,0.2346,38.46,96,92,104757
1.6960,0.2248,38.55,96,92,104761
1.7058,0.2199,38.49,96,92,104764
1.6960,0.2248,38.68,96,92,104767
1.7009,0.2199,38.62,96,92,104771
1.7253,0.2297,38.55,96,92,104774
1.7009,0.2199,38.62,96,92,104777
1.7302,0.2248,38.49,96,92,104781
1.7107,0.2248,38.58,96,92,104784
1.7204,0.2199,38.58,96,92,104787
1.7644,0.2297,38.49,96,92,104792
1.7449,0.2248,38.58,96,92,104795
1.7742,0.2199,38.55,96,92,104798
1.7595,0.2151,38.52,96,92,104801
1.7595,0.2199,38.62,96,92,104805
1.7693,0.2590,38.46,96,92,104808
1.7351,0.2248,38.68,96,92,104811
1.7644,0.2248,38.40,96,92,104815
1.7302,0.2199,38.46,96,92,104818
1.7253,0.2199,38.68,96,92,104821
1.7498,0.2297,38.55,96,92,104825
1.7449,0.2199,38.55,96,92,104828
1.7986,0.2346,38.36,96,92,104832
1.7693,0.2199,38.62,96,92,104836
1.7791,0.2297,38.62,96,92,104839
1.7889,0.2248,38.58,96,92,104842
1.7791,0.2297,38.68,96,92,104845
1.8426,0.2395,38.36,96,92,104849
1.7986,0.2297,38.68,96,92,104852
1.7986,0.2151,38.52,96,92,104855
1.8035,0.2248,38.62,96,92,104859
1.8035,0.2199,38.58,96,92,104862
1.8426,0.2248,38.40,96,92,104865
1.8280,0.2248,38.58,96,92,104869
1.8377,0.2248,38.52,96,92,104872
1.8231,0.2248,38.62,96,92,104876
1.8231,0.2199,38.62,96,92,104880
1.8573,0.2297,38.46,96,92,104883
1.8328,0.2151,38.62,96,92,104886
1.8671,0.2248,38.52,96,92,104889
1.8426,0.2688,38.58,96,92,104893
1.8377,0.2102,38.62,96,92,104896
1.8573,0.2248,38.55,96,92,104899
1.8475,0.2542,38.62,96,92,104903
1.8671,0.2102,38.46,96,92,104906
1.8426,0.2199,38.58,96,92,104909
1.8475,0.2199,38.62,96,92,104913
1.8524,0.2297,38.49,96,92,104916
1.8524,0.2297,38.58,96,92,104920
1.8524,0.2248,38.36,96,92,104924
1.8280,0.2248,38.46,96,92,104927
1.8524,0.2151,38.71,96,92,104930
1.8573,0.2297,38.55,96,92,104933
1.8719,0.2248,38.65,96,92,104937
1.9892,0.2297,38.43,96,92,104940
2.0430,0.2248,38.49,96,92,104943
2.0186,0.2102,38.62,96,92,104947
2.0479,0.2248,38.62,96,92,104950
2.0479,0.2199,38.62,96,92,104953
2.1359,0.2444,38.43,96,92,104957
2.1261,0.2248,38.55,96,92,104961
2.1457,0.2151,38.58,96,92,104964
2.1701,0.2151,38.62,96,92,104967
2.2239,0.2199,38.62,96,92,104971
2.3265,0.2297,38.49,96,92,104974
2.2874,0.2102,38.58,96,92,104977
2.1603,0.2199,38.46,96,92,104981
1.9306,0.2639,38.62,96,92,104984
1.7009,0.2102,38.62,96,92,104987
1.5005,0.2297,38.46,96,92,104991
1.3001,0.2248,38.58,96,92,104994
1.1828,0.2297,38.49,96,92,104997
1.0068,0.2151,38.62,96,92,105001
0.8602,0.2248,38.65,96,92,105005
0.7331,0.2248,38.49,96,92,105008
0.5914,0.2199,38.58,96,92,105011
0.5034,0.2199,38.43,96,92,105015
0.4399,0.2199,38.55,96,92,105018
0.4350,0.2199,38.62,96,92,105021
0.4448,0.2248,38.52,96,92,105025
0.5034,0.2199,37.83,96,92,105028
0.5963,0.2248,38.36,96,92,105031
0.6891,0.2151,38.58,96,92,105035
0.8211,0.2199,38.65,96,92,105038
0.9677,0.2297,38.55,96,92,105041
1.0948,0.2199,38.62,96,92,105044
1.2757,0.2297,38.36,96,92,105049
1.4027,0.2248,38.55,96,92,105052
1.5298,0.2151,38.62,96,92,105055
1.6520,0.2199,38.58,96,92,105059
1.7449,0.2102,38.62,96,92,105062
1.8915,0.2395,38.43,96,92,105065
1.9599,0.2199,38.52,96,92,105069
2.0577,0.2151,38.58,96,92,105072
2.1652,0.2199,38.62,96,92,105075
2.2581,0.2151,38.68,96,92,105078
2.3754,0.2297,38.46,96,92,105082
2.3949,0.2248,38.77,96,92,105085
2.4389,0.2151,38.52,96,92,105089
2.4242,0.2248,38.62,96,92,105093
2.4096,0.2297,38.58,96,92,105096
2.4487,0.2199,38.55,96,92,105099
2.3754,0.2248,38.62,96,92,105103
2.3803,0.2297,38.46,96,92,105106
2.3167,0.1906,38.62,96,92,105109
2.2972,0.2199,38.62,96,92,105113
2.3167,0.2444,38.49,96,92,105116
2.2776,0.2199,38.62,96,92,105119
2.2972,0.2199,38.40,96,92,105122
2.2630,0.2199,38.52,96,92,105126
2.2532,0.2151,38.62,96,92,105129
2.2678,0.2297,38.46,96,92,105133
2.2336,0.2102,38.65,96,92,105137
2.2825,0.2248,38.30,96,92,105140
2.2434,0.2395,38.52,96,92,105143
2.2239,0.2199,38.62,96,92,105147
2.2385,0.2248,38.55,96,92,105150
2.2287,0.2151,38.58,96,92,105153
2.2972,0.2346,38.30,96,92,105156
2.2581,0.2199,38.52,96,92,105160
2.2678,0.2493,38.65,96,92,105163
2.2874,0.2248,38.62,96,92,105166
2.2972,0.2151,38.65,96,92,105170
2.3851,0.2395,38.43,96,92,105174
2.3705,0.2248,38.55,96,92,105177
2.3851,0.2151,38.62,96,92,105181
2.4047,0.2248,38.58,96,92,105184
2.4194,0.2199,38.62,96,92,105187
2.4878,0.2590,38.43,96,92,105191
2.4780,0.2248,38.58,96,92,105194
2.5073,0.2248,38.40,96,92,105197
2.5024,0.2199,38.62,96,92,105200
2.5171,0.2151,38.62,96,92,105204
2.5660,0.2297,38.46,96,92,105207
2.5367,0.2199,38.65,96,92,105210
2.5709,0.2444,38.49,96,92,105214
2.5415,0.2102,38.65,96,92,105218
2.5415,0.2199,38.68,96,92,105221
2.5464,0.2248,38.49,96,92,105225
2.5171,0.2199,38.62,96,92,105228
2.5220,0.2199,38.52,96,92,105231
2.4878,0.2248,38.62,96,92,105234
2.4291,0.2199,38.62,96,92,105238
2.4145,0.2199,38.52,96,92,105241
2.2239,0.2297,38.58,96,92,105246
2.1750,0.2151,38.62,96,92,105249
2.2043,0.2395,38.40,96,92,105252
2.1212,0.2395,38.49,96,92,105256
2.1017,0.2151,38.55,96,92,105260
2.0332,0.2199,38.65,96,92,105263
1.9844,0.2199,38.65,96,92,105267
1.9795,0.2346,38.46,96,92,105270
1.9013,0.2248,38.55,96,92,105273
1.8671,0.2199,38.49,96,92,105277
1.8133,0.2199,38.52,96,92,105280
1.7742,0.2199,38.52,96,92,105283
1.7546,0.2248,38.58,96,92,105286
1.7009,0.2248,38.58,96,92,105290
1.6764,0.2248,38.52,96,92,105293
1.6227,0.2102,38.62,96,92,105296
1.5738,0.2199,38.62,96,92,105300
1.5689,0.2542,38.49,96,92,105304
1.5249,0.2199,38.62,96,92,105307
1.5347,0.2248,38.49,96,92,105311
1.5103,0.2151,38.52,96,92,105314
1.4907,0.2199,38.62,96,92,105317
1.5054,0.2297,38.49,96,92,105321
1.4809,0.2248,38.62,96,92,105324
1.5005,0.2248,38.43,96,92,105327
1.4712,0.2248,38.65,96,92,105330
1.4614,0.2248,38.52,96,92,105334
1.5005,0.2199,38.55,96,92,105337
1.4712,0.2199,38.62,96,92,105340
1.5152,0.2297,38.33,96,92,105345
1.4907,0.2199,38.55,96,92,105348
1.5005,0.2199,38.65,96,92,105351
1.5152,0.2297,38.58,96,92,105355
1.5152,0.2199,38.68,96,92,105358
1.5738,0.2444,38.43,96,92,105361
1.5494,0.2297,38.55,96,92,105364
1.5591,0.2199,38.49,96,92,105368
1.5640,0.2248,38.62,96,92,105371
1.5738,0.2199,38.62,96,92,105374
1.6178,0.2346,38.43,96,92,105378
1.6031,0.2248,38.58,96,92,105381
1.6129,0.2248,38.49,96,92,105384
1.6178,0.2248,38.58,96,92,105389
1.6031,0.2199,38.62,96,92,105392
1.6325,0.2297,38.43,96,92,105395
1.6178,0.2102,38.62,96,92,105399
1.6471,0.2297,38.55,96,92,105402
1.6227,0.2199,38.58,96,92,105405
1.6276,0.2199,38.62,96,92,105408
1.6373,0.2248,38.52,96,92,105412
1.6276,0.2248,38.62,96,92,105415
1.6471,0.2248,38.43,96,92,105418
1.6178,0.2248,38.58,96,92,105422
1.6080,0.2199,38.62,96,92,105425
1.6178,0.2297,38.55,96,92,105428
1.5885,0.2199,38.62,96,92,105433
1.6129,0.2297,38.40,96,92,105436
1.5836,0.2542,38.49,96,92,105439
1.5836,0.2248,38.62,96,92,105443
1.5689,0.2297,38.71,96,92,105446
1.5396,0.2248,38.62,96,92,105449
1.5689,0.2346,38.30,96,92,105452
1.5396,0.2297,38.65,96,92,105456
1.5298,0.2444,38.58,96,92,105459
1.5347,0.2248,38.58,96,92,105462
1.5298,0.2199,38.65,96,92,105466
1.5836,0.2346,38.46,96,92,105469
1.5591,0.2297,37.83,96,92,105473
1.5640,0.2395,38.55,96,92,105477
1.5494,0.2248,38.62,96,92,105480
1.5640,0.2199,38.68,96,92,105483
1.6031,0.2297,38.52,96,92,105487
1.5885,0.2248,38.68,96,92,105490
1.6031,0.2248,38.49,96,92,105493
1.5836,0.2248,38.62,96,92,105496
1.5885,0.2199,38.68,96,92,105500
1.6178,0.2248,38.49,96,92,105503
1.5982,0.2248,38.62,96,92,105506
1.6227,0.2151,38.49,96,92,105510
1.5934,0.2199,38.55,96,92,105513
1.5982,0.2199,38.62,96,92,105517
1.6178,0.2346,38.43,96,92,105521
1.5982,0.2199,38.71,96,92,105524
1.6227,0.2297,38.36,96,92,105527
1.5982,0.2199,38.52,96,92,105531
1.5934,0.2199,38.62,96,92,105534
1.6129,0.2297,38.55,96,92,105537
1.6031,0.2199,38.62,96,92,105540
1.6471,0.2297,38.33,96,92,105544
1.6178,0.2199,38.55,96,92,105547
1.6227,0.2199,38.62,96,92,105550
1.6227,0.2297,38.62,96,92,105554
1.6325,0.2199,38.52,96,92,105558
1.6813,0.2346,38.43,96,92,105561
1.6520,0.2297,38.55,96,92,105565
1.6520,0.2199,38.52,96,92,105568
1.6667,0.2248,38.58,96,92,105571
1.6716,0.2199,38.71,96,92,105575
1.7155,0.2395,38.43,96,92,105578
1.7009,0.2248,38.65,96,92,105581
1.7155,0.2248,37.80,96,92,105584
1.7058,0.2346,38.62,96,92,105588
1.7155,0.2102,38.62,96,92,105591
1.7449,0.2297,38.49,96,92,105594
1.7253,0.2493,38.65,96,92,105598
1.7449,0.2102,38.46,96,92,105602
1.7155,0.2199,38.55,96,92,105605
1.7204,0.2248,38.58,96,92,105609
1.7302,0.2248,38.52,96,92,105612
1.7107,0.2199,38.58,96,92,105615
1.7155,0.2346,38.52,96,92,105619
1.6813,0.2199,38.65,96,92,105622
1.6764,0.2248,38.62,96,92,105625
1.6960,0.2297,38.55,96,92,105628
1.6813,0.2248,38.62,96,92,105632
1.7253,0.2297,38.36,96,92,105635
1.7204,0.2297,38.49,96,92,105638
1.7155,0.2395,38.62,96,92,105643
1.7302,0.2297,38.55,96,92,105646
1.7155,0.2199,38.62,96,92,105649
1.7840,0.2346,38.30,96,92,105653
1.7253,0.2248,38.62,96,92,105656
1.7204,0.2151,38.58,96,92,105659
1.7351,0.2248,38.58,96,92,105663
1.7253,0.2199,38.62,96,92,105666
1.7791,0.2395,38.49,96,92,105669
1.7498,0.2199,38.52,96,92,105672
1.7595,0.2199,38.52,96,92,105676
1.7595,0.2248,38.62,96,92,105679
1.7742,0.2102,38.58,96,92,105682
1.8084,0.2297,38.58,96,92,105687
1.7889,0.2151,38.58,96,92,105690
1.8133,0.2248,38.52,96,92,105693
1.8035,0.2444,38.62,96,92,105697
1.8328,0.2102,38.62,96,92,105700
1.8768,0.2297,38.43,96,92,105703
1.8573,0.2248,38.58,96,92,105707
1.8866,0.2297,38.52,96,92,105710
1.8524,0.2199,38.62,96,92,105713
1.8426,0.2248,38.62,96,92,105716
1.8524,0.2297,38.46,96,92,105720
1.8182,0.2248,38.58,96,92,105723
1.8280,0.2248,38.40,96,92,105726
1.7742,0.2248,38.55,96,92,105731
1.7546,0.2199,38.62,96,92,105734
1.7889,0.2102,38.55,96,92,105737
1.7400,0.2199,38.62,96,92,105741
1.7742,0.2297,38.33,96,92,105744
1.7253,0.2199,38.58,96,92,105747
1.7253,0.2199,38.68,96,92,105750
1.7253,0.2297,38.58,96,92,105754
1.7155,0.2199,38.62,96,92,105757
1.7546,0.2395,38.33,96,92,105760
1.7204,0.2102,38.55,96,92,105764
1.6960,0.2151,38.58,96,92,105767
1.6911,0.2297,38.58,96,92,105771
1.6911,0.2199,38.65,96,92,105775
1.7351,0.2297,38.40,96,92,105778
1.7107,0.2297,38.55,96,92,105781
1.7009,0.2199,38.52,96,92,105785
1.6813,0.2248,38.74,96,92,105788
1.6764,0.2248,38.68,96,92,105791
1.7058,0.2297,38.46,96,92,105794
1.6813,0.2248,38.62,96,92,105798
1.7107,0.2346,38.49,96,92,105801
1.7107,0.2248,38.62,96,92,105804
1.7351,0.2297,38.68,96,92,105808
1.7840,0.2248,38.52,96,92,105811
1.8182,0.2248,38.62,96,92,105815
1.9159,0.2248,38.46,96,92,105819
1.9844,0.2199,38.62,96,92,105822
2.1261,0.2199,38.62,96,92,105825
2.3265,0.2297,38.52,96,92,105828
2.5122,0.2248,38.81,96,92,105832
2.7859,0.2248,38.36,96,92,105835
2.9765,0.2248,38.52,96,92,105838
3.1183,0.2199,38.52,96,92,105842
3.1769,0.2346,38.55,96,92,105845
2.9814,0.2248,37.87,96,92,105848
2.7713,0.2346,38.36,96,92,105852
1.5543,0.2346,38.46,96,92,105857
1.4174,0.2297,38.58,96,92,105861
1.3490,0.2297,38.58,96,92,105864
1.3245,0.2297,38.58,96,92,105867
1.2805,0.2199,38.52,96,92,105871
1.2854,0.2590,38.55,96,92,105874
1.2757,0.2199,38.58,96,92,105877
1.3099,0.2248,38.46,96,92,105880
1.3099,0.2248,38.71,96,92,105884
1.3245,0.2248,38.58,96,92,105887
1.3636,0.2297,38.49,96,92,105890
1.3539,0.2346,38.68,96,92,105894
1.3978,0.2248,38.49,96,92,105897
1.3832,0.2199,38.62,96,92,105901
1.4027,0.2297,38.62,96,92,105905
1.4370,0.2297,38.55,96,92,105908
1.4418,0.2248,38.62,96,92,105911
1.4907,0.2248,38.43,96,92,105915
1.4956,0.2297,38.52,96,92,105918
1.5103,0.2248,38.62,96,92,105921
1.5396,0.2297,38.52,96,92,105924
1.5347,0.2199,38.62,96,92,105928
1.5787,0.2346,38.33,96,92,105931
1.5494,0.2199,38.43,96,92,105934
1.5543,0.2248,38.62,96,92,105938
1.5689,0.2248,38.58,96,92,105942
1.5689,0.2199,38.58,96,92,105945
1.6276,0.2493,38.36,96,92,105949
1.5934,0.2297,38.62,96,92,105952
1.5787,0.2151,38.55,96,92,105955
1.5689,0.2248,38.58,96,92,105959
1.5591,0.2346,38.62,96,92,105962
1.5934,0.2297,38.52,96,92,105965
1.5787,0.2297,38.55,96,92,105969
1.5934,0.2248,38.49,96,92,105972
1.5885,0.2248,38.65,96,92,105975
1.5982,0.2248,38.62,96,92,105978
1.6373,0.2297,38.46,96,92,105982
1.6325,0.2248,38.58,96,92,105986
1.6667,0.2444,38.52,96,92,105989
1.6764,0.2248,38.62,96,92,105993
1.6373,0.2248,38.62,96,92,105996
1.6373,0.2248,38.49,96,92,105999
1.6373,0.2199,38.62,96,92,106003
1.6373,0.2248,38.46,96,92,106006
1.6178,0.2248,38.62,96,92,106009
1.6325,0.2199,38.62,96,92,106012
1.6471,0.2297,38.52,96,92,106016
1.6276,0.2248,38.65,96,92,106019
1.6667,0.2297,38.40,96,92,106022
1.6813,0.2297,38.52,96,92,106027
1.6422,0.2199,38.65,96,92,106030
1.6667,0.2199,38.55,96,92,106033
1.6618,0.2248,38.62,96,92,106037
1.7107,0.2346,37.83,96,92,106040
1.6911,0.2248,38.49,96,92,106043
1.6862,0.2151,38.58,96,92,106047
1.7009,0.2248,38.62,96,92,106050
1.7107,0.2199,38.62,96,92,106053
1.7840,0.2395,38.40,96,92,106056
1.7546,0.2297,38.52,96,92,106060
1.7546,0.2151,38.52,96,92,106063
1.7400,0.2248,38.62,96,92,106066
1.7107,0.2493,38.62,96,92,106071
1.7204,0.2297,38.52,96,92,106074
1.6911,0.2248,38.46,96,92,106077
1.7155,0.2199,38.49,96,92,106081
1.6813,0.2248,38.62,96,92,106084
1.6960,0.2199,38.62,96,92,106087
1.7400,0.2297,38.46,96,92,106091
1.7351,0.2248,38.58,96,92,106094
1.7791,0.2346,38.49,96,92,106097
1.7546,0.2199,38.55,96,92,106100
1.7791,0.2199,38.65,96,92,106104
1.8084,0.2297,38.46,96,92,106107
1.8084,0.2248,38.65,96,92,106110
1.8475,0.2346,38.40,96,92,106115
1.8426,0.2248,38.52,96,92,106118
1.8524,0.2248,38.62,96,92,106121
1.8719,0.2346,38.52,96,92,106125
1.8573,0.2248,38.62,96,92,106128
1.8964,0.2297,38.40,96,92,106131
1.8524,0.2248,38.55,96,92,106135
1.8475,0.2199,38.62,96,92,106138
1.8622,0.2297,38.55,96,92,106141
1.8573,0.2248,38.58,96,92,106144
1.9013,0.2395,38.65,96,92,106148
1.8719,0.2346,38.49,96,92,106151
1.8622,0.2199,38.55,96,92,106155
1.8671,0.2297,38.58,96,92,106159
1.8768,0.2199,38.62,96,92,106162
1.9013,0.2297,38.43,96,92,106165
1.8719,0.2346,38.55,96,92,106169
1.8671,0.2248,38.52,96,92,106172
1.8475,0.2248,38.58,96,92,106175
1.8280,0.2248,38.58,96,92,106179
1.8573,0.2346,38.46,96,92,106182
1.8182,0.2248,38.58,96,92,106185
1.8231,0.2199,38.46,96,92,106188
1.7840,0.2248,38.62,96,92,106192
1.7840,0.2248,38.58,96,92,106195
1.7986,0.2248,38.55,96,92,106199
1.7937,0.2248,38.68,96,92,106203
1.8328,0.2248,38.49,96,92,106206
1.8084,0.2248,38.62,96,92,106209
1.7986,0.2248,38.62,96,92,106213
1.8377,0.2346,38.49,96,92,106216
1.7693,0.2395,38.62,96,92,106219
1.7937,0.2297,38.40,96,92,106223
1.7644,0.2248,38.49,96,92,106226
1.7546,0.2199,38.62,96,92,106229
1.7840,0.2297,38.52,96,92,106232
1.7595,0.2248,38.58,96,92,106236
1.8084,0.2493,38.36,96,92,106240
1.7791,0.2248,38.65,96,92,106243
1.7742,0.2151,38.62,96,92,106247
1.7889,0.2297,38.62,96,92,106250
1.7791,0.2248,38.58,96,92,106253
1.8377,0.2395,38.36,96,92,106257
1.8035,0.2297,38.40,96,92,106260
1.8133,0.2199,38.65,96,92,106263
1.8280,0.2199,38.62,96,92,106267
1.8377,0.2248,38.33,96,92,106270
1.8817,0.2395,38.49,96,92,106273
1.8573,0.2297,38.62,96,92,106276
1.8573,0.2248,38.58,96,92,106280
1.8426,0.2102,38.62,96,92,106284
1.8426,0.2248,38.62,96,92,106287
1.8866,0.2493,38.46,96,92,106291
1.8671,0.2248,38.58,96,92,106294
1.8915,0.2297,38.46,96,92,106297
1.8915,0.2297,38.62,96,92,106301
1.8671,0.2199,38.62,96,92,106304
1.8866,0.2346,38.49,96,92,106307
1.8768,0.2102,38.65,96,92,106311
1.9110,0.2248,38.43,96,92,106314
1.9110,0.2248,38.55,96,92,106317
1.9404,0.2248,38.62,96,92,106320
1.9697,0.2297,38.49,96,92,106324
1.9404,0.2297,38.62,96,92,106328
1.9599,0.2346,38.36,96,92,106331
1.8866,0.2444,38.58,96,92,106335
1.8719,0.2199,38.62,96,92,106338
1.8866,0.2297,38.55,96,92,106341
1.8573,0.2248,38.68,96,92,106345
1.8768,0.2346,38.30,96,92,106348
1.8280,0.2297,38.52,96,92,106351
1.7937,0.2542,38.62,96,92,106354
1.7840,0.2297,38.58,96,92,106358
1.7693,0.2248,38.49,96,92,106361
1.8182,0.2444,38.43,96,92,106364
1.7889,0.2297,38.52,96,92,106369
1.7693,0.2199,38.52,96,92,106372
1.7498,0.2346,38.62,96,92,106375
1.7351,0.2248,38.62,96,92,106379
1.7693,0.2395,38.46,96,92,106382
1.7546,0.2297,38.58,96,92,106385
1.7693,0.2248,38.49,96,92,106389
1.7742,0.2248,38.62,96,92,106392
1.7400,0.2248,38.58,96,92,106395
1.7498,0.2248,38.55,96,92,106398
1.7253,0.2248,38.62,96,92,106402
1.7498,0.2395,38.52,96,92,106405
1.7253,0.2248,38.62,96,92,106408
1.7498,0.2248,38.55,96,92,106413
1.8231,0.2346,38.49,96,92,106416
1.7742,0.2248,38.77,96,92,106419
1.8133,0.2248,38.43,96,92,106423
1.8182,0.2248,38.52,96,92,106426
1.8475,0.2248,38.52,96,92,106429
1.9355,0.2395,38.52,96,92,106433
2.0186,0.2248,38.62,96,92,106436
2.2239,0.2346,38.40,96,92,106439
2.3851,0.2199,38.52,96,92,106442
2.6100,0.2102,38.62,96,92,106446
2.8690,0.2297,38.65,96,92,106449
3.0938,0.2248,38.62,96,92,106452
3.3333,0.2444,38.33,96,92,106457
3.2551,0.2248,38.90,96,92,106460
3.0596,0.2199,38.58,96,92,106463
2.7615,0.2297,38.58,96,92,106467
1.4956,0.2248,38.62,96,92,106471
1.4125,0.2199,38.68,96,92,106475
1.3783,0.2395,38.46,96,92,106478
1.3245,0.2248,38.58,96,92,106481
1.3148,0.2297,38.52,96,92,106485
1.2952,0.2102,38.55,96,92,106488
1.3196,0.2248,38.62,96,92,106491
1.3685,0.2346,38.49,96,92,106494
1.3978,0.2102,38.62,96,92,106499
1.4418,0.2248,38.49,96,92,106502
1.4370,0.2346,38.52,96,92,106505
1.4565,0.2248,38.62,96,92,106509
1.4956,0.2297,38.52,96,92,106512
1.5494,0.2199,38.62,96,92,106515
1.5787,0.2297,38.40,96,92,106519
1.5494,0.2248,38.55,96,92,106522
1.5543,0.2248,38.62,96,92,106525
1.5934,0.2297,38.52,96,92,106529
1.6227,0.2248,38.65,96,92,106532
1.7009,0.2395,38.30,96,92,106535
1.6813,0.2297,38.58,96,92,106539
1.6862,0.2151,38.58,96,92,106543
1.6716,0.2297,38.65,96,92,106546
1.6764,0.2248,38.68,96,92,106549
1.7351,0.2346,38.43,96,92,106553
1.7009,0.2346,38.52,96,92,106556
1.7009,0.2199,38.49,96,92,106559
1.7009,0.2248,38.65,96,92,106563
1.7155,0.2248,38.52,96,92,106566
1.7498,0.2346,38.46,96,92,106569
1.7155,0.2248,38.58,96,92,106573
1.7351,0.2248,38.43,96,92,106576
1.7155,0.2248,38.62,96,92,106579
1.7058,0.2248,38.62,96,92,106583
1.7449,0.2102,38.52,96,92,106587
1.7253,0.2248,38.55,96,92,106590
1.7791,0.2248,38.46,96,92,106593
1.7742,0.2248,38.74,96,92,106597
1.7889,0.2248,38.62,96,92,106600
1.8231,0.2346,38.52,96,92,106603
1.8182,0.2248,38.58,96,92,106607
1.8817,0.2346,38.43,96,92,106610
1.8475,0.2297,38.52,96,92,106613
1.8280,0.2248,38.62,96,92,106617
1.8328,0.2297,38.55,96,92,106620
1.7986,0.2248,38.71,96,92,106624
1.8280,0.2346,38.33,96,92,106627
1.7644,0.2248,38.49,96,92,106631
1.7302,0.2248,38.58,96,92,106634
1.7595,0.2199,38.58,96,92,106637
1.7351,0.2248,38.71,96,92,106641
1.8133,0.2444,38.43,96,92,106644
1.7937,0.2297,38.43,96,92,106647
1.7986,0.2493,38.55,96,92,106651
1.8084,0.2248,38.62,96,92,106654
1.8133,0.2248,38.62,96,92,106657
1.8377,0.2395,38.49,96,92,106661
1.7986,0.2297,38.62,96,92,106664
1.8084,0.2248,38.46,96,92,106668
1.7889,0.2248,38.62,96,92,106671
1.7986,0.2248,38.65,96,92,106675
1.8280,0.2297,38.33,96,92,106678
1.7986,0.2248,38.58,96,92,106681
1.8133,0.2297,38.49,96,92,106685
1.7840,0.2151,38.58,96,92,106688
1.7937,0.2199,38.62,96,92,106691
1.8328,0.2248,38.55,96,92,106695
1.8573,0.2102,38.65,96,92,106698
1.8866,0.2248,38.46,96,92,106701
1.8817,0.2297,38.55,96,92,106705
1.8768,0.2248,38.62,96,92,106708
1.8719,0.2444,38.52,96,92,106712
1.8426,0.2102,38.62,96,92,106715
1.8915,0.2297,38.36,96,92,106719
1.8671,0.2199,38.58,96,92,106722
1.8671,0.2248,38.62,96,92,106725
1.8719,0.2297,38.71,96,92,106729
1.8671,0.2102,38.62,96,92,106732
1.9257,0.2395,38.30,96,92,106735
1.8964,0.2346,38.55,96,92,106739
1.9013,0.2102,38.58,96,92,106742
1.9062,0.2297,38.58,96,92,106745
1.9013,0.2444,38.68,96,92,106749
1.9355,0.2346,38.43,96,92,106753
1.8866,0.2248,38.52,96,92,106756
1.8524,0.2248,38.55,96,92,106759
1.8231,0.2346,38.62,96,92,106763
1.8231,0.2248,38.58,96,92,106766
1.8719,0.2297,38.46,96,92,106769
1.8475,0.2297,38.62,96,92,106773
1.8475,0.2297,38.46,96,92,106776
1.8035,0.2248,38.68,96,92,106779
1.7889,0.2199,38.62,96,92,106783
1.7791,0.2248,38.52,96,92,106786
1.7742,0.2248,38.68,96,92,106789
1.8035,0.2297,38.55,96,92,106793
1.7840,0.2248,38.71,96,92,106797
1.7840,0.2248,38.58,96,92,106800
1.8280,0.2346,38.49,96,92,106803
1.7546,0.2248,38.62,96,92,106807
1.7889,0.2297,38.36,96,92,106810
1.7791,0.2248,38.49,96,92,106813
1.7840,0.2248,38.62,96,92,106817
1.8426,0.2395,38.52,96,92,106820
1.8573,0.2248,38.62,96,92,106823
1.9110,0.2297,38.43,96,92,106827
1.8817,0.2248,38.52,96,92,106830
1.8524,0.2297,38.65,96,92,106833
1.8475,0.2297,38.58,96,92,106836
1.8328,0.2297,38.62,96,92,106841
1.8915,0.2297,38.36,96,92,106844
1.8524,0.2297,38.55,96,92,106847
1.8573,0.1906,38.58,96,92,106851
1.8622,0.2297,38.62,96,92,106854
1.8573,0.2248,38.68,96,92,106857
1.8915,0.2297,38.46,96,92,106861
1.8524,0.2346,38.62,96,92,106864
1.8573,0.2346,38.55,96,92,106867
1.8573,0.2248,38.68,96,92,106871
1.8719,0.2248,38.84,96,92,106874
1.9062,0.2346,38.49,96,92,106877
1.8817,0.2297,38.46,96,92,106881
1.9062,0.2297,38.46,96,92,106885
1.8817,0.2248,38.62,96,92,106888
1.8719,0.2248,38.65,96,92,106891
1.8768,0.2346,38.46,96,92,106895
1.8426,0.2248,38.68,96,92,106898
1.8622,0.2248,38.49,96,92,106901
1.8524,0.2248,38.58,96,92,106905
1.8573,0.2248,38.62,96,92,106908
1.8866,0.2297,38.46,96,92,106911
1.9159,0.2297,38.62,96,92,106915
1.9208,0.2346,38.36,96,92,106918
1.8964,0.2248,38.58,96,92,106921
1.8622,0.2248,38.58,96,92,106925
1.8671,0.2297,38.49,96,92,106929
1.8573,0.2248,38.62,96,92,106932
1.9257,0.2346,38.40,96,92,106935
1.9257,0.2444,38.55,96,92,106939
1.9355,0.2248,38.62,96,92,106942
1.9501,0.2395,38.62,96,92,106945
1.9257,0.2248,38.62,96,92,106949
1.9501,0.2444,38.36,96,92,106952
1.8573,0.2346,38.55,96,92,106955
1.8133,0.2199,38.58,96,92,106959
1.7840,0.2297,38.58,96,92,106962
1.7791,0.2199,38.62,96,92,106966
1.8231,0.2346,38.49,96,92,106969
1.8035,0.2346,38.55,96,92,106973
1.8182,0.2248,38.46,96,92,106976
1.7791,0.2248,38.62,96,92,106979
1.7986,0.2199,38.62,96,92,106983
1.7693,0.2297,38.55,96,92,106986
1.7449,0.2297,38.55,96,92,106989
1.7644,0.2346,38.52,96,92,106993
1.7253,0.2248,38.62,96,92,106996
1.7204,0.2248,38.58,96,92,106999
1.7449,0.2346,38.52,96,92,107003
1.7253,0.2444,38.62,96,92,107006
1.7546,0.2297,38.43,96,92,107010
1.7449,0.2248,38.62,96,92,107013
1.7449,0.2493,38.62,96,92,107017
1.7693,0.2346,38.52,96,92,107020
1.7449,0.2639,38.62,96,92,107023
1.7889,0.2346,38.33,96,92,107027
1.7742,0.2199,38.52,96,92,107030
1.7693,0.2199,38.62,96,92,107033
1.7840,0.2297,38.58,96,92,107037
1.7937,0.2199,38.55,96,92,107040
1.8817,0.2737,38.33,96,92,107043
1.8915,0.2248,38.52,96,92,107047
1.9599,0.2199,38.62,96,92,107051
2.0870,0.2199,38.58,96,92,107054
2.2532,0.2248,38.62,96,92,107057
2.5367,0.2395,38.46,96,92,107061
2.7566,0.2297,38.58,96,92,107064
3.0156,0.2248,38.62,96,92,107067
3.2258,0.2297,38.62,96,92,107071
3.3187,0.2248,38.62,96,92,107074
3.3040,0.2346,38.43,96,92,107077
1.7937,0.2297,38.68,96,92,107081
1.6080,0.2297,38.58,96,92,107084
1.5103,0.2297,38.43,96,92,107088
1.3978,0.2248,38.62,96,92,107091
1.3392,0.2346,38.62,96,92,107095
1.3050,0.2346,38.55,96,92,107099
1.2757,0.2248,38.68,96,92,107102
1.3001,0.2493,38.36,96,92,107105
1.2854,0.2199,38.68,96,92,107108
1.3148,0.2248,38.62,96,92,107112
1.3539,0.2297,38.58,96,92,107115
1.3685,0.2297,38.62,96,92,107118
1.4467,0.2395,38.36,96,92,107122
1.4223,0.2297,38.58,96,92,107125
1.4321,0.2199,38.62,96,92,107128
1.4467,0.2297,38.58,96,92,107132
1.4516,0.2248,38.55,96,92,107136
1.5054,0.2395,38.43,96,92,107139
1.4809,0.2297,38.58,96,92,107143
1.4956,0.2248,38.52,96,92,107146
1.5103,0.2199,38.62,96,92,107149
1.5152,0.2248,38.62,96,92,107152
1.5543,0.2346,38.46,96,92,107156
1.5494,0.2297,38.58,96,92,107159
1.5591,0.2297,38.43,96,92,107162
1.5787,0.2199,38.62,96,92,107166
1.5738,0.2248,38.65,96,92,107169
1.6129,0.2199,38.52,96,92,107172
1.6031,0.2248,38.58,96,92,107176
1.6373,0.2248,38.46,96,92,107180
1.6227,0.2248,38.62,96,92,107183
1.6373,0.2346,38.62,96,92,107187
1.6618,0.2346,38.52,96,92,107190
1.6471,0.2248,38.62,96,92,107193
1.6862,0.2346,38.43,96,92,107196
1.6764,0.2297,38.55,96,92,107200
1.6716,0.2248,38.65,96,92,107203
1.7058,0.2297,38.55,96,92,107206
1.6911,0.2248,38.74,96,92,107210
1.7400,0.2444,38.33,96,92,107213
1.7058,0.2297,38.49,96,92,107216
1.7058,0.2248,38.58,96,92,107220
1.7155,0.2248,38.58,96,92,107224
1.7107,0.2248,38.62,96,92,107227
1.7742,0.2444,38.40,96,92,107231
1.7400,0.2248,38.52,96,92,107234
1.7204,0.2248,38.55,96,92,107237
1.7058,0.2297,38.81,96,92,107240
1.7009,0.2102,38.62,96,92,107244
1.7253,0.2297,38.55,96,92,107247
1.6862,0.2297,38.62,96,92,107250
1.6911,0.2297,38.49,96,92,107254
1.6716,0.2444,38.58,96,92,107257
1.6764,0.2199,38.65,96,92,107260
1.7107,0.2346,38.46,96,92,107265
1.7058,0.2297,38.58,96,92,107268
1.7253,0.2346,38.49,96,92,107271
1.6911,0.2199,38.58,96,92,107275
1.7009,0.2248,38.58,96,92,107278
1.7204,0.2346,38.49,96,92,107281
1.7058,0.2248,38.62,96,92,107284
1.7302,0.2297,38.55,96,92,107288
1.7107,0.2248,38.58,96,92,107291
1.7009,0.2248,38.62,96,92,107294
1.7155,0.2297,38.43,96,92,107298
1.7351,0.2199,38.65,96,92,107301
1.7644,0.2346,38.36,96,92,107304
1.7351,0.2444,38.58,96,92,107309
1.7546,0.2248,38.65,96,92,107312
1.7840,0.2297,38.62,96,92,107315
1.7986,0.2199,38.62,96,92,107318
1.8671,0.2346,38.33,96,92,107322
1.8524,0.2248,38.55,96,92,107325
1.8524,0.2199,38.62,96,92,107328
1.8719,0.2590,38.62,96,92,107332
1.8671,0.2248,38.62,96,92,107335
1.9306,0.2444,38.43,96,92,107338
1.9159,0.2346,38.52,96,92,107342
1.9062,0.2102,38.52,96,92,107345
1.8964,0.2248,38.55,96,92,107348
1.9013,0.2395,38.58,96,92,107353
1.9501,0.2346,38.46,96,92,107356
1.9110,0.2297,38.58,96,92,107359
1.9159,0.2493,38.46,96,92,107362
1.8866,0.2248,38.62,96,92,107366
1.8817,0.2248,38.62,96,92,107369
1.8964,0.2297,38.52,96,92,107372
1.8817,0.2297,38.68,96,92,107376
1.9159,0.2639,38.49,96,92,107379
1.8964,0.2248,37.99,96,92,107382
1.9062,0.2297,38.62,96,92,107386
1.9355,0.2346,38.49,96,92,107389
1.8915,0.2297,38.68,96,92,107393
1.8964,0.2297,38.40,96,92,107397
1.8524,0.2248,38.46,96,92,107400
1.8280,0.2248,38.62,96,92,107403
1.8377,0.2297,37.93,96,92,107407
1.8035,0.2346,38.65,96,92,107410
1.8280,0.2346,38.33,96,92,107413
1.7889,0.2248,38.46,96,92,107416
1.7693,0.2248,38.62,96,92,107420
1.7693,0.2346,38.58,96,92,107423
1.7546,0.2248,38.55,96,92,107426
1.7937,0.2542,38.33,96,92,107430
1.7498,0.2297,38.40,96,92,107433
1.7351,0.2297,38.52,96,92,107437
1.7400,0.2297,38.58,96,92,107441
1.7302,0.2248,38.62,96,92,107444
1.7937,0.2346,38.49,96,92,107447
1.7546,0.2297,38.55,96,92,107450
1.7498,0.2248,38.49,96,92,107454
1.7400,0.2297,38.62,96,92,107457
1.7351,0.2248,38.62,96,92,107460
1.7742,0.2346,38.43,96,92,107464
1.7449,0.2297,38.58,96,92,107467
1.7693,0.2297,37.71,96,92,107470
1.7546,0.2346,38.68,96,92,107474
1.7644,0.2248,38.62,96,92,107478
1.7986,0.2590,38.49,96,92,107481
1.7937,0.2248,38.62,96,92,107485
1.8231,0.2248,38.46,96,92,107488
1.7986,0.2248,38.55,96,92,107491
1.8035,0.2102,38.62,96,92,107494
1.8280,0.2297,38.49,96,92,107498
1.8231,0.2248,38.62,96,92,107501
1.8768,0.2346,38.40,96,92,107504
1.8328,0.2248,38.62,96,92,107508
1.8377,0.2688,38.62,96,92,107511
1.8671,0.2297,38.62,96,92,107514
1.8475,0.2199,38.62,96,92,107518
1.9062,0.2346,38.33,96,92,107522
1.8817,0.2297,38.52,96,92,107525
1.8719,0.2297,38.62,96,92,107529
1.8817,0.2297,38.71,96,92,107532
1.8768,0.2248,38.58,96,92,107535
1.9404,0.2395,38.40,96,92,107538
1.9159,0.2346,38.55,96,92,107542
1.9062,0.2248,38.52,96,92,107545
1.9159,0.2199,38.58,96,92,107548
1.9355,0.2297,38.62,96,92,107552
1.9892,0.2346,38.46,96,92,107555
1.9697,0.2297,38.58,96,92,107558
1.9795,0.2297,38.52,96,92,107563
1.9453,0.2102,38.62,96,92,107566
1.9208,0.2248,38.58,96,92,107569
1.9159,0.2346,38.55,96,92,107573
1.8768,0.2297,38.58,96,92,107576
1.8719,0.2297,38.55,96,92,107579
1.8280,0.2102,38.58,96,92,107582
1.8084,0.2248,38.62,96,92,107586
1.8231,0.2346,38.49,96,92,107589
1.7889,0.2102,38.58,96,92,107592
1.8035,0.2297,38.43,96,92,107596
1.7742,0.2590,38.52,96,92,107599
1.7644,0.2151,38.58,96,92,107602
1.7742,0.2297,38.52,96,92,107607
1.7351,0.2248,38.58,96,92,107610
1.7595,0.2346,38.36,96,92,107613
1.7253,0.2297,38.55,96,92,107616
1.7155,0.2297,38.68,96,92,107620
1.7498,0.2297,38.55,96,92,107623
1.7351,0.2248,38.52,96,92,107626
1.7840,0.2346,38.30,96,92,107630
1.7498,0.2248,38.52,96,92,107633
1.7449,0.2199,38.58,96,92,107636
1.7498,0.2199,38.58,96,92,107640
1.7400,0.2248,38.62,96,92,107643
1.7889,0.2542,38.43,96,92,107646
1.7595,0.2297,38.55,96,92,107651
1.7595,0.2248,38.55,96,92,107654
1.7986,0.2297,38.62,96,92,107657
1.7937,0.2248,38.62,96,92,107660
1.8719,0.2346,38.40,96,92,107664
1.9013,0.2297,38.58,96,92,107667
1.9844,0.2297,38.46,96,92,107670
2.0674,0.2199,38.62,96,92,107674
2.2287,0.2248,38.58,96,92,107677
2.4291,0.2395,38.58,96,92,107680
2.6246,0.2248,38.58,96,92,107684
2.9179,0.2346,38.49,96,92,107687
3.1085,0.2297,38.36,96,92,107691
2.4976,0.2199,38.58,96,92,107695
2.2239,0.2248,38.62,96,92,107698
2.0039,0.2297,38.58,96,92,107702
1.7986,0.2248,38.58,96,92,107705
1.6911,0.2346,38.30,96,92,107708
1.5396,0.2297,38.52,96,92,107711
1.4516,0.2199,38.58,96,92,107715
1.4027,0.2297,38.58,96,92,107718
1.3685,0.2248,38.68,96,92,107721
1.4027,0.2444,38.40,96,92,107725
1.3734,0.2297,38.52,96,92,107728
1.3783,0.2248,38.58,96,92,107731
1.3881,0.2590,38.62,96,92,107736
1.3881,0.2102,38.62,96,92,107739
1.4321,0.2346,38.49,96,92,107742
1.4272,0.2346,38.58,96,92,107746
1.4516,0.2346,38.49,96,92,107749
1.4516,0.2297,38.58,96,92,107752
1.4614,0.2102,38.62,96,92,107755
1.4956,0.2297,38.62,96,92,107759
1.4907,0.2297,38.58,96,92,107762
1.5200,0.2346,38.49,96,92,107765
1.5054,0.2248,38.62,96,92,107769
1.5200,0.2346,38.62,96,92,107772
1.5591,0.2346,38.52,96,92,107776
1.5347,0.2297,38.62,96,92,107780
1.5640,0.2199,38.40,96,92,107783
1.5543,0.2248,38.52,96,92,107786
1.5543,0.2248,38.81,96,92,107789
1.5787,0.2297,38.55,96,92,107793
1.5689,0.2248,38.62,96,92,107796
1.6129,0.2590,38.36,96,92,107799
1.5885,0.2248,38.52,96,92,107803
1.5982,0.2248,38.62,96,92,107806
1.6178,0.2248,38.55,96,92,107809
1.6178,0.2248,38.62,96,92,107813
1.6667,0.2395,38.68,96,92,107816
1.6373,0.2297,38.52,96,92,107820
1.6373,0.2199,38.65,96,92,107824
1.6471,0.2248,38.62,96,92,107827
1.6569,0.2248,38.77,96,92,107830
1.7058,0.2444,38.40,96,92,107833
1.6813,0.2248,38.55,96,92,107837
1.6862,0.2248,38.52,96,92,107840
1.6813,0.2297,38.58,96,92,107843
1.6862,0.2248,38.62,96,92,107847
1.7204,0.2346,38.40,96,92,107850
1.7107,0.2297,38.55,96,92,107853
1.7155,0.2297,38.46,96,92,107857
1.6911,0.2542,38.62,96,92,107860
1.6911,0.2248,38.62,96,92,107864
1.7253,0.2542,38.49,96,92,107868
1.7009,0.2199,38.62,96,92,107871
1.7449,0.2346,38.46,96,92,107874
1.7204,0.2199,38.55,96,92,107877
1.7449,0.2102,38.62,96,92,107881
1.7400,0.2297,38.49,96,92,107884
1.7302,0.2248,38.58,96,92,107887
1.7546,0.2346,38.40,96,92,107891
1.7204,0.2248,38.65,96,92,107894
1.7155,0.2346,38.58,96,92,107897
1.7204,0.2346,38.58,96,92,107901
1.7155,0.2248,38.68,96,92,107905
1.7595,0.2346,38.30,96,92,107908
1.7449,0.2346,38.55,96,92,107911
1.7351,0.2248,38.62,96,92,107915
1.7693,0.2395,38.58,96,92,107918
1.7449,0.2248,38.62,96,92,107921
1.8035,0.2493,38.33,96,92,107925
1.7791,0.2297,38.49,96,92,107928
1.7693,0.2248,38.58,96,92,107931
1.7840,0.2639,38.62,96,92,107935
1.7840,0.2297,38.62,96,92,107938
1.8280,0.2395,38.46,96,92,107941
1.7986,0.2639,38.58,96,92,107945
1.8035,0.2297,38.49,96,92,107949
1.7937,0.2297,38.68,96,92,107952
1.7986,0.2248,38.68,96,92,107955
1.8231,0.2346,38.52,96,92,107959
1.8035,0.2297,38.58,96,92,107962
1.8280,0.2444,38.46,96,92,107965
1.8084,0.2248,38.68,96,92,107969
1.8182,0.2297,38.62,96,92,107972
1.8671,0.2395,38.46,96,92,107975
1.8280,0.2297,38.55,96,92,107979
1.8475,0.2297,38.46,96,92,107982
1.8231,0.2248,38.55,96,92,107985
1.8231,0.2248,38.58,96,92,107990
1.8524,0.2297,38.49,96,92,107993
1.8377,0.2297,38.52,96,92,107996
1.8768,0.2248,38.40,96,92,107999
1.8475,0.2297,38.52,96,92,108003
1.8475,0.2248,38.84,96,92,108006
1.8671,0.2346,38.55,96,92,108009
1.8573,0.2102,38.62,96,92,108013
1.9062,0.2346,38.27,96,92,108016
1.8768,0.2297,38.55,96,92,108019
1.8817,0.2248,38.58,96,92,108023
1.9013,0.2297,38.58,96,92,108026
1.8964,0.2248,38.62,96,92,108029
1.9501,0.2444,38.55,96,92,108034
1.8915,0.2395,38.49,96,92,108037
1.8622,0.2248,38.52,96,92,108040
1.8328,0.2297,38.62,96,92,108043
1.8280,0.2297,38.62,96,92,108047
1.8328,0.2346,38.46,96,92,108050
1.8035,0.2346,38.55,96,92,108053
1.8084,0.2297,38.49,96,92,108057
1.7791,0.2297,38.58,96,92,108060
1.7742,0.2297,38.62,96,92,108063
1.8035,0.2346,38.46,96,92,108067
1.7742,0.2297,38.58,96,92,108070
1.7986,0.2346,38.49,96,92,108073
1.7742,0.2248,38.65,96,92,108078
1.7693,0.2297,38.58,96,92,108081
1.7791,0.2346,38.52,96,92,108084
1.7791,0.2297,38.62,96,92,108087
1.8035,0.2297,38.49,96,92,108091
1.7791,0.2297,38.62,96,92,108094
1.7840,0.2248,38.71,96,92,108097
1.8133,0.2444,38.49,96,92,108101
1.7986,0.2297,38.55,96,92,108104
1.8426,0.2346,38.40,96,92,108107
1.8328,0.2346,38.49,96,92,108111
1.8328,0.2248,38.62,96,92,108114
1.8573,0.2395,38.52,96,92,108118
1.8475,0.2297,38.62,96,92,108121
1.9062,0.2395,38.40,96,92,108125
1.8964,0.2346,38.49,96,92,108128
1.8817,0.2102,38.65,96,92,108131
1.9013,0.2297,38.62,96,92,108135
1.9159,0.2248,38.62,96,92,108138
1.9599,0.2493,38.43,96,92,108141
1.9159,0.2346,38.52,96,92,108145
1.9062,0.2248,38.52,96,92,108148
1.8964,0.2297,38.49,96,92,108151
1.8915,0.2297,38.62,96,92,108155
1.9306,0.2346,38.46,96,92,108158
1.9110,0.2542,38.58,96,92,108162
1.9306,0.2346,38.52,96,92,108165
1.9208,0.2297,38.71,96,92,108169
1.9404,0.2346,38.62,96,92,108172
1.9990,0.2395,38.46,96,92,108175
1.9746,0.2297,38.49,96,92,108179
1.9990,0.2688,38.55,96,92,108182
1.9599,0.2151,38.62,96,92,108185
1.9550,0.2297,38.68,96,92,108189
1.9550,0.2346,38.49,96,92,108192
1.9159,0.2297,38.68,96,92,108195
1.9257,0.2297,38.77,96,92,108199
1.8866,0.2297,38.52,96,92,108203
1.8768,0.2248,38.62,96,92,108206
1.8768,0.2346,38.52,96,92,108209
1.8426,0.2199,38.58,96,92,108213
1.8622,0.2346,38.36,96,92,108216
1.8231,0.2248,38.58,96,92,108219
1.7791,0.2346,38.62,96,92,108223
1.7693,0.2346,38.62,96,92,108226
1.7449,0.2297,38.62,96,92,108229
1.7889,0.2444,38.33,96,92,108233
1.7546,0.2346,38.49,96,92,108236
1.7351,0.2248,38.58,96,92,108239
1.7400,0.2199,38.58,96,92,108243
1.7253,0.2248,38.62,96,92,108247
1.7742,0.2395,38.40,96,92,108250
1.7498,0.2346,38.55,96,92,108253
1.7449,0.2248,38.52,96,92,108257
1.7351,0.2542,38.58,96,92,108260
1.7351,0.2248,38.62,96,92,108263
1.7742,0.2444,38.43,96,92,108267
1.7449,0.2102,38.58,96,92,108270
1.7742,0.2297,38.46,96,92,108273
1.7644,0.2297,38.62,96,92,108277
1.7840,0.2248,38.62,96,92,108280
1.8280,0.2395,38.52,96,92,108283
1.8671,0.2346,38.58,96,92,108288
1.9599,0.2297,38.46,96,92,108291
2.0283,0.2297,38.68,96,92,108294
2.1701,0.2248,38.65,96,92,108297
2.3460,0.2297,38.49,96,92,108301
3.1867,0.2346,38.58,96,92,108304
3.0205,0.2297,38.55,96,92,108308
2.8201,0.2395,38.33,96,92,108311
2.4633,0.2297,38.46,96,92,108314
2.1603,0.2248,38.58,96,92,108318
1.9257,0.2493,38.52,96,92,108321
1.7253,0.2346,38.62,96,92,108324
1.6080,0.2444,38.46,96,92,108328
1.4614,0.2346,38.55,96,92,108332
1.3881,0.2248,38.52,96,92,108335
1.3392,0.2297,38.68,96,92,108338
1.3490,0.2297,38.62,96,92,108342
1.3294,0.2395,38.74,96,92,108345
1.3245,0.2248,38.62,96,92,108348
1.3587,0.2199,38.46,96,92,108352
1.3636,0.2297,38.62,96,92,108355
1.4125,0.2102,38.62,96,92,108358
1.4174,0.2395,38.52,96,92,108362
1.4125,0.2297,38.58,96,92,108365
1.4418,0.2346,38.46,96,92,108368
1.4272,0.2248,38.46,96,92,108372
1.4418,0.2297,38.62,96,92,108376
1.4712,0.2346,38.71,96,92,108379
1.5005,0.2297,38.62,96,92,108383
1.5152,0.2346,38.36,96,92,108386
1.5103,0.2248,38.52,96,92,108389
1.5249,0.2297,38.62,96,92,108392
1.5591,0.2297,38.58,96,92,108396
1.5591,0.2199,38.62,96,92,108399
1.6178,0.2346,38.33,96,92,108402
1.5885,0.2297,38.58,96,92,108406
1.5982,0.2297,38.65,96,92,108409
1.6178,0.2297,38.68,96,92,108412
1.6471,0.2199,38.62,96,92,108417
1.6813,0.2493,38.46,96,92,108420
1.6520,0.2444,38.55,96,92,108423
1.6422,0.2248,38.55,96,92,108427
1.6471,0.2346,38.58,96,92,108430
1.6520,0.2102,38.62,96,92,108433
1.6862,0.2395,38.40,96,92,108436
1.6618,0.2395,38.55,96,92,108440
1.6813,0.2346,38.62,96,92,108443
1.6667,0.2346,38.58,96,92,108446
1.6764,0.2248,38.62,96,92,108450
1.7058,0.2395,38.46,96,92,108453
1.6911,0.2444,38.58,96,92,108456
1.7253,0.2346,38.49,96,92,108461
1.6960,0.2297,38.55,96,92,108464
1.7009,0.2590,38.62,96,92,108467
1.7155,0.2346,38.52,96,92,108471
1.7058,0.2346,38.58,96,92,108474
1.7351,0.2297,38.52,96,92,108477
1.7253,0.2102,38.68,96,92,108480
1.7400,0.2248,38.62,96,92,108484
1.7644,0.2346,38.46,96,92,108487
1.7546,0.2297,38.62,96,92,108490
1.7840,0.2346,38.33,96,92,108494
1.7595,0.2444,38.58,96,92,108497
1.7498,0.2297,38.62,96,92,108500
1.7546,0.2395,38.52,96,92,108505
1.7400,0.2199,38.68,96,92,108508
1.7986,0.2297,38.30,96,92,108511
1.7742,0.2444,38.52,96,92,108514
1.7742,0.2199,38.68,96,92,108518
1.7742,0.2297,38.62,96,92,108521
1.7546,0.2297,38.62,96,92,108524
1.7986,0.2395,38.40,96,92,108528
1.7253,0.2297,38.52,96,92,108531
1.7107,0.2199,38.52,96,92,108534
1.7058,0.2297,38.62,96,92,108538
1.6960,0.2297,38.62,96,92,108541
1.7302,0.2444,38.52,96,92,108545
1.7204,0.2297,38.58,96,92,108549
1.7498,0.2297,38.52,96,92,108552
1.7400,0.2102,38.62,96,92,108555
1.7595,0.2248,38.62,96,92,108558
1.8035,0.2395,38.46,96,92,108562
1.7889,0.2346,38.58,96,92,108565
1.8182,0.2395,38.49,96,92,108568
1.7889,0.2542,38.58,96,92,108572
1.8133,0.2102,38.62,96,92,108575
1.7937,0.2346,38.46,96,92,108578
1.7644,0.2199,38.58,96,92,108582
1.7791,0.2346,38.43,96,92,108585
1.7400,0.2297,38.52,96,92,108589
1.7302,0.2346,38.58,96,92,108592
1.7546,0.2297,38.52,96,92,108596
1.7498,0.2248,38.65,96,92,108599
1.7889,0.2395,38.33,96,92,108602
1.7449,0.2248,38.58,96,92,108606
1.7400,0.2346,38.58,96,92,108609
1.7498,0.2346,38.58,96,92,108612
1.7351,0.2297,38.58,96,92,108616
1.7791,0.2444,38.43,96,92,108619
1.7498,0.2297,38.52,96,92,108622
1.7302,0.2248,38.58,96,92,108626
1.7400,0.2297,38.58,96,92,108630
1.7400,0.2297,38.62,96,92,108633
1.7791,0.2444,38.40,96,92,108636
1.7498,0.2346,38.52,96,92,108640
1.7351,0.2297,38.58,96,92,108643
1.7204,0.2248,38.62,96,92,108646
1.7107,0.2297,38.62,96,92,108650
1.7351,0.2346,38.46,96,92,108653
1.7107,0.2297,38.55,96,92,108656
1.7204,0.2297,38.46,96,92,108660
1.7009,0.2248,38.68,96,92,108663
1.7009,0.2248,38.62,96,92,108666
1.7107,0.2297,38.52,96,92,108670
1.7009,0.2248,38.62,96,92,108674
1.7253,0.2346,38.49,96,92,108677
1.6960,0.2248,38.52,96,92,108680
1.7204,0.2248,38.62,96,92,108684
1.7253,0.2346,38.46,96,92,108687
1.7058,0.2346,38.62,96,92,108690
1.7400,0.2346,38.40,96,92,108694
1.7204,0.2297,38.90,96,92,108697
1.7155,0.2297,38.58,96,92,108700
1.7400,0.2297,38.52,96,92,108704
1.7155,0.2297,38.62,96,92,108707
1.7644,0.2688,38.43,96,92,108710
1.7546,0.2297,38.52,96,92,108715
1.7644,0.2297,38.58,96,92,108718
1.7889,0.2346,38.58,96,92,108721
1.7840,0.2297,38.62,96,92,108724
1.8377,0.2493,38.30,96,92,108728
1.8035,0.2297,38.52,96,92,108731
1.8035,0.2248,38.62,96,92,108734
1.8133,0.2639,38.62,96,92,108738
1.8182,0.2297,38.62,96,92,108741
1.8671,0.2395,38.46,96,92,108744
1.8524,0.2346,38.55,96,92,108748
1.8573,0.2297,38.68,96,92,108751
1.8475,0.2297,38.62,96,92,108754
1.8524,0.2297,38.68,96,92,108759
1.8915,0.2639,38.43,96,92,108762
1.8719,0.2297,38.58,96,92,108765
1.8866,0.2297,38.49,96,92,108768
1.8671,0.2346,38.62,96,92,108772
1.8671,0.2248,38.62,96,92,108775
1.8866,0.2346,38.52,96,92,108778
1.8671,0.2297,38.62,96,92,108782
1.9013,0.2297,38.43,96,92,108785
1.8915,0.2102,38.58,96,92,108788
1.8964,0.2297,38.55,96,92,108792
1.9159,0.2346,38.55,96,92,108795
1.8964,0.2297,38.58,96,92,108798
1.9208,0.2346,38.33,96,92,108803
1.8475,0.2248,38.58,96,92,108806
1.8328,0.2346,38.65,96,92,108809
1.8231,0.2346,38.52,96,92,108812
1.7937,0.2297,38.62,96,92,108816
1.8280,0.2395,37.68,96,92,108819
1.7937,0.2444,38.49,96,92,108822
1.7742,0.2199,38.58,96,92,108826
1.7791,0.2297,38.68,96,92,108829
1.7742,0.2199,38.62,96,92,108832
1.8035,0.2297,38.43,96,92,108836
1.7449,0.2542,38.52,96,92,108839
1.7009,0.2199,38.52,96,92,108843
1.6813,0.2297,38.58,96,92,108846
1.6569,0.2297,38.65,96,92,108850
1.6764,0.2542,38.46,96,92,108853
1.6422,0.2346,38.58,96,92,108856
1.6520,0.2297,37.93,96,92,108860
1.6325,0.2248,38.58,96,92,108863
1.6325,0.2297,38.74,96,92,108866
1.6667,0.2346,38.55,96,92,108870
1.6471,0.2297,38.58,96,92,108873
1.6764,0.2346,38.49,96,92,108876
1.6813,0.2102,38.62,96,92,108880
1.6520,0.2297,38.62,96,92,108883
1.6716,0.2542,38.49,96,92,108887
1.6569,0.2297,38.62,96,92,108890
1.6960,0.2346,38.40,96,92,108894
1.7155,0.2248,38.55,96,92,108897
1.7595,0.2248,38.62,96,92,108900
1.8377,0.2346,38.52,96,92,108904
1.8915,0.2297,38.62,96,92,108907
2.0479,0.2346,38.40,96,92,108910
3.2014,0.2493,38.43,96,92,108914
3.1965,0.2346,38.55,96,92,108917
3.0841,0.2248,38.52,96,92,108921
2.8299,0.2297,38.62,96,92,108924
2.5220,0.2297,38.62,96,92,108928
2.2532,0.2395,38.52,96,92,108932
1.9599,0.2297,38.65,96,92,108935
1.7595,0.2346,38.46,96,92,108938
1.5787,0.2297,38.62,96,92,108941
1.4418,0.2346,38.58,96,92,108945
1.3685,0.2395,38.46,96,92,108948
1.2805,0.2297,38.58,96,92,108951
1.2610,0.2346,38.49,96,92,108955
1.2317,0.2248,38.58,96,92,108958
1.2414,0.2248,38.65,96,92,108961
1.2903,0.2346,38.46,96,92,108965
1.3099,0.2297,38.62,96,92,108968
1.3636,0.2297,38.40,96,92,108972
1.3783,0.2297,38.52,96,92,108976
1.4076,0.2248,38.62,96,92,108979
1.4467,0.2542,38.52,96,92,108982
1.4663,0.2297,38.62,96,92,108985
1.5249,0.2297,38.36,96,92,108989
1.5103,0.2199,38.58,96,92,108992
1.5347,0.2297,38.58,96,92,108995
1.5689,0.2297,38.58,96,92,108999
1.5738,0.2248,38.62,96,92,109002
1.6227,0.2395,38.40,96,92,109005
1.5982,0.2297,38.55,96,92,109009
1.6178,0.2248,38.58,96,92,109012
1.5934,0.2297,38.58,96,92,109016
1.6031,0.2248,38.62,96,92,109020
1.6764,0.2444,38.40,96,92,109023
1.6618,0.2346,38.71,96,92,109026
1.6569,0.2248,38.55,96,92,109029
1.6569,0.2297,38.62,96,92,109033
1.6667,0.2297,38.52,96,92,109036
1.7107,0.2346,38.46,96,92,109039
1.7058,0.2297,38.58,96,92,109043
1.7253,0.2590,38.58,96,92,109046
1.7107,0.2248,38.68,96,92,109049
1.7204,0.2297,38.62,96,92,109053
1.7400,0.2444,38.52,96,92,109057
1.7351,0.2297,38.62,96,92,109060
1.7351,0.2346,38.49,96,92,109063
1.7253,0.2248,38.62,96,92,109067
1.7644,0.2297,38.62,96,92,109070
1.7986,0.2346,38.40,96,92,109073
1.7693,0.2297,38.65,96,92,109077
1.7644,0.2297,38.43,96,92,109080
1.7400,0.2297,38.49,96,92,109083
1.7498,0.2346,38.62,96,92,109087
1.7546,0.2395,38.49,96,92,109090
1.7400,0.2346,38.62,96,92,109093
1.8182,0.2346,38.33,96,92,109097
1.7742,0.2297,38.52,96,92,109101
1.7644,0.2639,38.58,96,92,109104
1.7693,0.2346,38.62,96,92,109107
1.7742,0.2297,38.55,96,92,109111
1.8280,0.2395,38.33,96,92,109114
1.7889,0.2297,38.55,96,92,109117
1.7791,0.2248,38.55,96,92,109121
1.7889,0.2346,38.62,96,92,109124
1.7791,0.2297,38.58,96,92,109127
1.8426,0.2444,38.46,96,92,109131
1.7840,0.2297,38.65,96,92,109134
1.7889,0.2297,38.49,96,92,109137
1.8182,0.2346,38.58,96,92,109142
1.8133,0.2297,38.58,96,92,109145
1.8475,0.2395,38.40,96,92,109148
1.8280,0.2346,38.58,96,92,109151
1.8328,0.2297,38.52,96,92,109155
1.7986,0.2248,38.68,96,92,109158
1.7840,0.2297,38.62,96,92,109161
1.8133,0.2346,38.43,96,92,109165
1.8035,0.2199,38.62,96,92,109168
1.8475,0.2297,38.49,96,92,109171
1.8524,0.2248,38.62,96,92,109175
1.8866,0.2102,38.68,96,92,109178
1.9159,0.2346,38.49,96,92,109181
1.8915,0.2297,38.52,96,92,109185
1.8964,0.2395,38.40,96,92,109189
1.8475,0.2297,38.62,96,92,109192
1.8524,0.2297,38.55,96,92,109195
1.9159,0.2395,38.58,96,92,109199
1.8964,0.2297,38.58,96,92,109202
1.9404,0.2346,38.33,96,92,109205
1.8964,0.2297,38.52,96,92,109209
1.8768,0.2297,38.55,96,92,109212
1.8866,0.2346,38.58,96,92,109215
1.8768,0.2297,38.52,96,92,109219
1.9257,0.2444,38.36,96,92,109222
1.8817,0.2395,38.62,96,92,109225
1.8622,0.2297,38.55,96,92,109229
1.8622,0.2297,38.62,96,92,109233
1.8524,0.2297,38.58,96,92,109236
1.8866,0.2346,38.46,96,92,109239
1.8573,0.2297,38.55,96,92,109243
1.8524,0.2590,38.49,96,92,109246
1.8280,0.2297,38.62,96,92,109249
1.8182,0.2297,38.62,96,92,109253
1.8426,0.2395,38.55,96,92,109256
1.8426,0.2297,38.58,96,92,109259
1.8719,0.2346,38.43,96,92,109263
1.8426,0.2297,38.62,96,92,109266
1.8377,0.2297,38.84,96,92,109270
1.8817,0.2346,38.49,96,92,109274
1.8328,0.2297,38.62,96,92,109277
1.8622,0.2346,38.43,96,92,109280
1.8280,0.2297,38.49,96,92,109283
1.8035,0.2297,38.55,96,92,109287
1.8035,0.2297,38.49,96,92,109290
1.7889,0.2297,38.71,96,92,109293
1.8426,0.2346,38.33,96,92,109297
1.8524,0.2297,38.55,96,92,109300
1.8719,0.2297,38.52,96,92,109303
1.8817,0.2346,38.55,96,92,109307
1.8524,0.2297,38.62,96,92,109310
1.8866,0.2395,38.36,96,92,109314
1.8377,0.2102,38.55,96,92,109318
1.8377,0.2248,38.58,96,92,109321
1.8426,0.2395,38.62,96,92,109324
1.8524,0.2297,38.62,96,92,109327
1.9208,0.2493,38.40,96,92,109331
1.8719,0.2346,38.52,96,92,109334
1.8524,0.2248,38.55,96,92,109337
1.8377,0.2688,38.58,96,92,109341
1.8280,0.2102,38.62,96,92,109344
1.8768,0.2346,38.49,96,92,109347
1.8671,0.2346,38.55,96,92,109351
1.8622,0.2346,38.49,96,92,109355
1.8231,0.2590,38.62,96,92,109358
1.8280,0.2248,38.62,96,92,109361
1.8524,0.2395,38.49,96,92,109365
1.8426,0.2297,38.71,96,92,109368
1.8719,0.2395,38.49,96,92,109371
1.8377,0.2297,38.58,96,92,109375
1.8377,0.2297,38.58,96,92,109378
1.8719,0.2346,38.52,96,92,109381
1.8964,0.2297,38.62,96,92,109385
1.9550,0.2297,38.40,96,92,109388
1.9648,0.2297,38.58,96,92,109391
1.9648,0.2297,38.71,96,92,109395
1.9599,0.2346,38.52,96,92,109399
1.9453,0.2297,38.65,96,92,109402
2.0088,0.2346,38.36,96,92,109405
1.9941,0.2297,38.52,96,92,109409
1.9746,0.2297,38.52,96,92,109412
1.9892,0.2346,38.58,96,92,109415
1.9648,0.2297,38.71,96,92,109419
1.9990,0.2590,38.36,96,92,109422
1.9501,0.2297,38.49,96,92,109425
1.9404,0.2248,38.62,96,92,109429
1.9550,0.2346,38.68,96,92,109432
1.9306,0.2102,38.62,96,92,109435
1.9453,0.2444,38.33,96,92,109440
1.9062,0.2346,38.55,96,92,109443
1.8915,0.2297,38.49,96,92,109446
1.8622,0.2297,38.62,96,92,109449
1.8280,0.2297,38.62,96,92,109453
1.8573,0.2395,38.52,96,92,109456
1.8817,0.2346,38.62,96,92,109459
1.9159,0.2346,38.46,96,92,109463
1.9013,0.2395,38.55,96,92,109466
1.9013,0.2248,38.62,96,92,109469
1.9110,0.2395,38.43,96,92,109473
1.8622,0.2297,38.58,96,92,109476
1.8622,0.2297,38.46,96,92,109479
1.8426,0.2346,38.52,96,92,109484
1.8622,0.2297,38.62,96,92,109487
1.8866,0.2346,38.46,96,92,109490
1.8573,0.2297,38.62,96,92,109493
1.8915,0.2297,38.36,96,92,109497
1.8768,0.2590,38.52,96,92,109500
1.8475,0.2395,38.65,96,92,109503
1.8524,0.2346,38.65,96,92,109507
1.8475,0.2297,38.62,96,92,109510
1.9501,0.2395,38.36,96,92,109513
1.9990,0.2297,38.52,96,92,109517
2.1359,0.2151,38.62,96,92,109520
2.3314,0.2346,38.62,96,92,109523
3.3578,0.2346,38.71,96,92,109528
3.3431,0.2346,38.62,96,92,109531
3.2209,0.2395,38.43,96,92,109535
2.8641,0.2297,38.55,96,92,109538
2.5464,0.2346,38.46,96,92,109541
2.1945,0.2297,38.62,96,92,109544
1.9208,0.2297,38.58,96,92,109548
1.7302,0.2346,38.49,96,92,109551
1.5543,0.2297,38.62,96,92,109554
1.4663,0.2297,38.46,96,92,109558
1.3832,0.2248,38.55,96,92,109561
1.3636,0.2297,38.65,96,92,109564
1.3490,0.2346,38.49,96,92,109569
1.3294,0.2297,38.62,96,92,109572
1.3783,0.2346,38.40,96,92,109575
1.4272,0.2297,38.65,96,92,109579
1.4370,0.2297,38.71,96,92,109582
1.4809,0.2444,38.55,96,92,109585
1.5005,0.2297,38.62,96,92,109588
1.5445,0.2395,38.30,96,92,109592
1.5103,0.2395,38.52,96,92,109595
1.5200,0.2248,38.62,96,92,109598
1.5591,0.2346,38.58,96,92,109602
1.5591,0.2248,38.62,96,92,109605
1.5934,0.2493,38.43,96,92,109608
1.5640,0.2395,38.55,96,92,109613
1.5787,0.2248,38.52,96,92,109616
1.6129,0.2346,38.62,96,92,109619
1.6373,0.2102,38.62,96,92,109623
1.6764,0.2346,38.52,96,92,109626
1.6667,0.2346,38.58,96,92,109629
1.6618,0.2346,38.49,96,92,109632
1.6178,0.2297,38.62,96,92,109636
1.6080,0.2199,38.62,96,92,109639
1.6031,0.2346,38.55,96,92,109642
1.5689,0.2297,38.58,96,92,109646
1.5885,0.2346,38.49,96,92,109649
1.5738,0.2297,38.58,96,92,109652
1.6129,0.2102,38.62,96,92,109657
1.6129,0.2297,38.52,96,92,109660
1.5982,0.2248,38.62,96,92,109663
1.6471,0.2297,38.43,96,92,109667
1.6422,0.2297,38.52,96,92,109670
1.6325,0.2346,38.62,96,92,109673
1.6471,0.2395,38.43,96,92,109676
1.6276,0.2346,38.62,96,92,109680
1.6862,0.2346,38.33,96,92,109683
1.6520,0.2297,38.49,96,92,109686
1.6325,0.2346,38.62,96,92,109690
1.6471,0.2297,38.55,96,92,109693
1.6520,0.2248,38.68,96,92,109697
1.7107,0.2395,38.33,96,92,109701
1.6862,0.2297,38.49,96,92,109704
1.6911,0.2297,38.55,96,92,109707
1.6911,0.2297,38.65,96,92,109711
1.6813,0.2297,38.62,96,92,109714
1.7302,0.2493,38.52,96,92,109717
1.7058,0.2297,38.58,96,92,109720
1.7107,0.2346,38.52,96,92,109724
1.7009,0.2297,38.62,96,92,109727
1.7009,0.2297,38.62,96,92,109730
1.7449,0.2395,38.43,96,92,109734
1.7351,0.2297,38.58,96,92,109737
1.7449,0.2297,38.46,96,92,109741
1.6911,0.2297,38.58,96,92,109745
1.6667,0.2297,38.62,96,92,109748
1.6716,0.2248,38.55,96,92,109751
1.6520,0.2297,38.55,96,92,109755
1.7009,0.2297,38.49,96,92,109758
1.6862,0.2493,38.58,96,92,109761
1.6960,0.2297,38.62,96,92,109764
1.7253,0.2395,38.46,96,92,109768
1.7546,0.2199,38.62,96,92,109771
1.7693,0.2346,38.43,96,92,109774
1.7693,0.2199,38.65,96,92,109778
1.7986,0.2297,38.62,96,92,109782
1.8328,0.2395,38.55,96,92,109785
1.8280,0.2297,38.62,96,92,109789
1.8768,0.2395,38.36,96,92,109792
1.8719,0.2346,38.55,96,92,109795
1.8133,0.2248,38.74,96,92,109799
1.8182,0.2346,38.58,96,92,109802
1.8133,0.2297,38.62,96,92,109805
1.8768,0.2493,38.43,96,92,109808
1.8524,0.2297,38.49,96,92,109812
1.8524,0.2248,38.65,96,92,109815
1.8475,0.2346,38.62,96,92,109818
1.8231,0.2346,38.62,96,92,109822
1.8426,0.2639,38.49,96,92,109826
1.8231,0.2297,38.58,96,92,109829
1.8524,0.2297,38.68,96,92,109833
1.8328,0.2346,38.58,96,92,109836
1.8182,0.2297,38.65,96,92,109839
1.8328,0.2444,38.58,96,92,109843
1.8280,0.2346,38.62,96,92,109846
1.8573,0.2395,38.52,96,92,109849
1.8231,0.2346,38.62,96,92,109852
1.8231,0.2297,38.62,96,92,109856
1.8475,0.2395,38.46,96,92,109859
1.8133,0.2297,38.62,96,92,109862
1.8377,0.2346,38.40,96,92,109867
1.8377,0.2346,38.52,96,92,109870
1.8084,0.2297,38.68,96,92,109873
1.8133,0.2395,38.52,96,92,109877
1.7889,0.2297,38.62,96,92,109880
1.8231,0.2395,38.36,96,92,109883
1.7791,0.2297,38.52,96,92,109887
1.7546,0.2297,38.68,96,92,109890
1.7595,0.2297,38.55,96,92,109893
1.7693,0.2199,38.62,96,92,109896
1.8182,0.2395,38.33,96,92,109900
1.8133,0.2346,38.52,96,92,109903
1.7840,0.2248,38.58,96,92,109906
1.7791,0.2297,38.58,96,92,109911
1.7693,0.2346,38.62,96,92,109914
1.8231,0.2297,38.52,96,92,109917
1.8084,0.2346,38.55,96,92,109921
1.8475,0.2297,38.49,96,92,109924
1.8084,0.2493,38.62,96,92,109927
1.7986,0.2297,38.62,96,92,109931
1.8328,0.2395,38.55,96,92,109934
1.8280,0.2346,38.58,96,92,109937
1.8524,0.2346,38.46,96,92,109941
1.8377,0.2297,38.58,96,92,109944
1.8475,0.2346,38.55,96,92,109947
1.8817,0.2346,38.52,96,92,109950
1.8622,0.2297,38.58,96,92,109955
1.8964,0.2346,38.46,96,92,109958
1.8573,0.2248,38.58,96,92,109961
1.8475,0.2297,38.62,96,92,109965
1.8671,0.2346,38.52,96,92,109968
1.8573,0.2297,38.62,96,92,109971
1.8964,0.2590,38.36,96,92,109975
1.8768,0.2297,38.62,96,92,109978
1.8964,0.2297,38.58,96,92,109981
1.9257,0.2395,38.55,96,92,109984
1.9013,0.2297,38.58,96,92,109988
1.9404,0.2395,38.30,96,92,109991
1.9013,0.2395,38.49,96,92,109995
1.8866,0.2297,38.62,96,92,109999
1.9062,0.2346,38.55,96,92,110002
1.9306,0.2297,38.62,96,92,110005
2.0235,0.2493,38.46,96,92,110009
2.0430,0.2395,38.49,96,92,110012
2.0186,0.2248,38.55,96,92,110015
2.0088,0.2297,38.81,96,92,110019
1.9892,0.2297,38.71,96,92,110022
2.0137,0.2444,38.43,96,92,110025
1.9550,0.2297,38.58,96,92,110028
1.9355,0.2297,38.49,96,92,110032
1.9013,0.2346,38.58,96,92,110035
1.8866,0.2297,38.68,96,92,110039
1.8719,0.2395,38.55,96,92,110043
1.8328,0.2297,38.62,96,92,110046
1.8280,0.2346,38.46,96,92,110049
1.7889,0.2102,38.62,96,92,110053
1.7889,0.2297,38.65,96,92,110056
1.8133,0.2346,38.46,96,92,110059
1.7889,0.2297,38.62,96,92,110063
1.8035,0.2297,38.46,96,92,110066
1.7644,0.2199,38.52,96,92,110069
1.7644,0.2297,38.68,96,92,110072
1.7889,0.2395,38.46,96,92,110076
1.7791,0.2297,38.62,96,92,110080
1.8328,0.2346,38.36,96,92,110083
1.8035,0.2346,38.55,96,92,110087
1.8035,0.2297,38.77,96,92,110090
1.8084,0.2248,38.62,96,92,110093
1.7937,0.2395,38.62,96,92,110097
1.8426,0.2395,38.33,96,92,110100
1.8084,0.2346,38.55,96,92,110103
1.8182,0.2248,38.62,96,92,110106
1.8280,0.2297,38.65,96,92,110110
1.8524,0.2297,38.62,96,92,110113
1.8817,0.2493,38.40,96,92,110116
1.8573,0.2346,38.40,96,92,110120
1.8866,0.2346,38.55,96,92,110124
1.9453,0.2297,38.71,96,92,110127
2.0283,0.2297,38.58,96,92,110131
2.1896,0.2297,38.46,96,92,110134
3.3138,0.2346,38.49,96,92,110138
3.3871,0.2395,38.65,96,92,110141
3.3431,0.2346,38.46,96,92,110144
3.0401,0.2248,38.55,96,92,110148
2.6882,0.2297,38.65,96,92,110151
2.3754,0.2395,38.52,96,92,110154
2.0577,0.2297,38.62,96,92,110157
1.8524,0.2346,38.43,96,92,110161
1.6764,0.2297,38.62,96,92,110164
1.5054,0.2297,38.74,96,92,110168
1.4125,0.2346,38.62,96,92,110172
1.3343,0.2297,38.62,96,92,110175
1.3392,0.2395,38.33,96,92,110178
1.3148,0.2395,38.49,96,92,110182
1.2805,0.2248,38.65,96,92,110185
1.2903,0.2346,38.55,96,92,110188
1.3148,0.2297,38.62,96,92,110192
1.3832,0.2493,38.02,96,92,110195
1.3832,0.2395,38.52,96,92,110198
1.3881,0.2248,38.52,96,92,110201
1.4027,0.2346,38.58,96,92,110205
1.4565,0.2297,38.68,96,92,110209
1.4858,0.2395,38.46,96,92,110212
1.4858,0.2493,38.55,96,92,110216
1.5054,0.2346,38.49,96,92,110219
1.4809,0.2297,38.62,96,92,110222
1.4761,0.2297,38.62,96,92,110226
1.4907,0.2346,38.52,96,92,110229
1.4858,0.2346,38.58,96,92,110232
1.5152,0.2395,38.49,96,92,110236
1.5103,0.2248,38.58,96,92,110239
1.5347,0.2297,38.62,96,92,110242
1.5885,0.2395,38.52,96,92,110246
1.5836,0.2297,38.62,96,92,110249
1.6031,0.2346,38.71,96,92,110253
1.5591,0.2346,38.49,96,92,110256
1.5347,0.2297,38.58,96,92,110260
1.5445,0.2444,38.55,96,92,110263
1.5347,0.2297,38.62,96,92,110266
1.5836,0.2395,38.33,96,92,110270
1.5738,0.2346,38.52,96,92,110273
1.5689,0.2297,38.62,96,92,110276
1.5885,0.2542,38.58,96,92,110280
1.6031,0.2297,38.62,96,92,110283
1.6373,0.2493,38.46,96,92,110286
1.5934,0.2346,38.52,96,92,110290
1.5934,0.2248,38.55,96,92,110294
1.5885,0.2639,38.58,96,92,110297
1.5885,0.2297,38.62,96,92,110300
1.6373,0.2444,38.49,96,92,110304
1.6618,0.2346,38.55,96,92,110307
1.6520,0.2297,38.52,96,92,110310
1.6764,0.2346,38.62,96,92,110314
1.6813,0.2346,38.62,96,92,110317
1.7253,0.2395,38.40,96,92,110320
1.7107,0.2346,38.58,96,92,110324
1.7302,0.2346,38.52,96,92,110327
1.7009,0.2346,38.62,96,92,110330
1.6911,0.2102,38.62,96,92,110334
1.7058,0.2590,38.49,96,92,110338
1.6911,0.2248,38.62,96,92,110341
1.7155,0.2346,38.49,96,92,110344
1.7009,0.2297,38.55,96,92,110348
1.7107,0.2297,38.65,96,92,110351
1.7351,0.2346,38.62,96,92,110354
1.7253,0.2395,38.65,96,92,110358
1.7644,0.2346,38.36,96,92,110361
1.7253,0.2346,38.58,96,92,110364
1.7644,0.2248,38.58,96,92,110368
1.7595,0.2346,38.58,96,92,110371
1.7449,0.2346,38.62,96,92,110374
1.7986,0.2297,38.30,96,92,110379
1.7742,0.2346,37.77,96,92,110382
1.7693,0.2248,38.62,96,92,110385
1.7742,0.2297,38.58,96,92,110388
1.7742,0.2297,38.65,96,92,110392
1.8524,0.2395,38.43,96,92,110395
1.8084,0.2395,38.58,96,92,110398
1.8035,0.2346,38.52,96,92,110402
1.8231,0.2297,38.58,96,92,110405
1.8133,0.2297,38.62,96,92,110408
1.8475,0.2395,38.43,96,92,110412
1.8231,0.2346,38.58,96,92,110415
1.8426,0.2297,38.49,96,92,110418
1.8182,0.2297,38.36,96,92,110422
1.8182,0.2297,38.62,96,92,110426
1.8377,0.2395,38.52,96,92,110429
1.8622,0.2346,38.55,96,92,110432
1.8524,0.2395,38.68,96,92,110436
1.8231,0.2199,38.58,96,92,110439
1.8133,0.2297,38.62,96,92,110442
1.8377,0.2590,38.49,96,92,110446
1.8084,0.2297,38.62,96,92,110449
1.8377,0.2297,38.40,96,92,110452
1.8133,0.2346,38.49,96,92,110456
1.7986,0.2297,38.62,96,92,110459
1.8133,0.2590,38.49,96,92,110462
1.7937,0.2346,38.62,96,92,110467
1.8133,0.2297,38.33,96,92,110470
1.7693,0.2248,38.49,96,92,110473
1.7791,0.2297,38.62,96,92,110476
1.7546,0.2346,38.62,96,92,110480
1.7400,0.2395,38.68,96,92,110483
1.7937,0.2444,38.33,96,92,110486
1.7498,0.2444,38.46,96,92,110490
1.7595,0.2199,38.55,96,92,110493
1.7644,0.2297,38.49,96,92,110496
1.7693,0.2297,38.62,96,92,110500
1.8035,0.2444,38.46,96,92,110503
1.7742,0.2590,38.55,96,92,110507
1.7693,0.2346,38.49,96,92,110511
1.7546,0.2639,38.58,96,92,110514
1.7595,0.2297,38.62,96,92,110517
1.7937,0.2395,38.46,96,92,110520
1.7693,0.2346,38.58,96,92,110524
1.7693,0.2297,38.46,96,92,110527
1.7351,0.2346,38.62,96,92,110530
1.7351,0.2297,38.62,96,92,110534
1.7595,0.2346,38.46,96,92,110537
1.7351,0.2444,38.58,96,92,110540
1.7644,0.2297,38.46,96,92,110544
1.7351,0.2297,38.52,96,92,110547
1.7449,0.2297,38.62,96,92,110551
1.7644,0.2346,38.55,96,92,110555
1.7498,0.2297,38.62,96,92,110558
1.7986,0.2346,38.40,96,92,110561
1.7693,0.2297,38.36,96,92,110564
1.7889,0.2248,38.62,96,92,110568
1.8182,0.2395,38.49,96,92,110571
1.7986,0.2346,38.62,96,92,110574
1.8573,0.2297,38.30,96,92,110578
1.8328,0.2346,38.46,96,92,110581
1.8280,0.2542,38.62,96,92,110584
1.8475,0.2346,38.58,96,92,110588
1.8475,0.2297,38.58,96,92,110592
1.9062,0.2493,38.40,96,92,110595
1.8817,0.2395,38.52,96,92,110599
1.8719,0.2297,38.55,96,92,110602
1.8768,0.2346,38.58,96,92,110605
1.8768,0.2297,38.58,96,92,110608
1.9208,0.2444,38.46,96,92,110612
1.9062,0.2297,38.55,96,92,110615
1.9208,0.2346,38.46,96,92,110618
1.9257,0.2346,38.58,96,92,110622
1.9208,0.2297,38.58,96,92,110625
1.9550,0.2346,38.55,96,92,110628
1.9501,0.2346,38.58,96,92,110632
1.9795,0.2395,38.55,96,92,110636
1.9404,0.2297,38.62,96,92,110639
1.9404,0.2297,38.68,96,92,110643
1.9550,0.2493,38.46,96,92,110646
1.9159,0.2297,38.71,96,92,110649
1.9257,0.2493,38.43,96,92,110652
1.8964,0.2346,38.49,96,92,110656
1.8622,0.2297,38.18,96,92,110659
1.8719,0.2395,38.49,96,92,110662
1.8377,0.2248,38.58,96,92,110666
1.8671,0.2395,38.36,96,92,110669
1.8280,0.2297,38.52,96,92,110672
1.7937,0.2297,38.52,96,92,110676
1.7986,0.2346,38.55,96,92,110680
1.7791,0.2346,38.62,96,92,110683
1.8133,0.2493,38.30,96,92,110687
1.7644,0.2297,38.52,96,92,110690
1.7546,0.2248,38.68,96,92,110693
1.7644,0.2639,38.58,96,92,110696
1.7644,0.2346,38.62,96,92,110700
1.8084,0.2493,38.46,96,92,110703
1.7742,0.2346,38.55,96,92,110706
1.7742,0.2346,38.58,96,92,110710
1.7546,0.2297,38.58,96,92,110713
1.7498,0.2248,38.65,96,92,110716
1.7791,0.2444,38.49,96,92,110721
1.7498,0.2297,38.58,96,92,110724
1.7693,0.2346,38.52,96,92,110727
1.7498,0.2248,38.62,96,92,110731
1.7742,0.2297,38.68,96,92,110734
1.8328,0.2346,38.46,96,92,110737
1.8622,0.2395,38.58,96,92,110740
1.9550,0.2297,38.52,96,92,110744
2.0186,0.2395,38.36,96,92,110747
3.0547,0.2248,38.52,96,92,110751
3.2600,0.2297,38.62,96,92,110754
3.3480,0.2346,38.58,96,92,110757
3.2209,0.2297,38.62,96,92,110761
3.0303,0.2444,38.33,96,92,110765
2.6393,0.2346,38.49,96,92,110768
2.2825,0.2248,38.58,96,92,110772
2.0137,0.2346,38.58,96,92,110775
1.7791,0.2297,38.58,96,92,110778
1.6471,0.2395,38.49,96,92,110782
1.4956,0.2395,38.55,96,92,110785
1.3881,0.2297,38.52,96,92,110788
1.3196,0.2346,38.68,96,92,110791
1.3196,0.2297,38.55,96,92,110795
1.2952,0.2395,38.58,96,92,110798
1.2854,0.2395,38.58,96,92,110801
1.3148,0.2346,38.46,96,92,110806
1.3245,0.2297,38.65,96,92,110809
1.3490,0.2297,38.62,96,92,110812
1.3783,0.2346,38.46,96,92,110816
1.4076,0.2297,38.62,96,92,110819
1.4370,0.2346,38.49,96,92,110822
1.4370,0.2590,38.62,96,92,110826
1.4565,0.2346,38.68,96,92,110829
1.4907,0.2395,38.52,96,92,110832
1.4858,0.2542,38.58,96,92,110835
1.5200,0.2346,38.43,96,92,110839
1.5103,0.2346,38.49,96,92,110842
1.5103,0.2297,38.52,96,92,110845
1.5494,0.2395,38.49,96,92,110850
1.5298,0.2297,38.68,96,92,110853
1.5787,0.2395,38.27,96,92,110856
1.5640,0.2297,38.49,96,92,110860
1.5640,0.2297,38.62,96,92,110863
1.5787,0.2639,38.58,96,92,110866
1.5836,0.2346,38.62,96,92,110869
1.6373,0.2297,38.36,96,92,110873
1.6129,0.2346,38.52,96,92,110876
1.6080,0.2248,38.55,96,92,110879
1.6178,0.2297,38.71,96,92,110883
1.6227,0.2102,38.62,96,92,110886
1.6667,0.2444,38.52,96,92,110889
1.6520,0.2493,38.58,96,92,110894
1.6667,0.2346,38.49,96,92,110897
1.6618,0.2248,38.58,96,92,110900
1.6716,0.2102,38.62,96,92,110904
1.7058,0.2395,38.33,96,92,110907
1.7155,0.2346,38.58,96,92,110910
1.7058,0.2346,38.49,96,92,110913
1.6813,0.2297,38.58,96,92,110917
1.6764,0.2199,38.62,96,92,110920
1.6862,0.2346,38.55,96,92,110923
1.6569,0.2590,38.62,96,92,110927
1.6813,0.2346,38.46,96,92,110930
1.6471,0.2297,38.58,96,92,110934
1.6569,0.2297,38.62,96,92,110938
1.6813,0.2346,38.52,96,92,110941
1.6667,0.2297,38.62,96,92,110944
1.7009,0.2346,38.36,96,92,110948
1.6716,0.2346,38.62,96,92,110951
1.6862,0.2493,38.62,96,92,110954
1.7058,0.2346,38.55,96,92,110957
1.7107,0.2542,38.62,96,92,110961
1.7644,0.2395,38.33,96,92,110964
1.7449,0.2346,38.46,96,92,110967
1.7791,0.2297,38.62,96,92,110971
1.7546,0.2346,38.65,96,92,110974
1.7644,0.2297,38.62,96,92,110978
1.8426,0.2493,38.43,96,92,110982
1.7937,0.2395,38.49,96,92,110985
1.7937,0.2346,38.55,96,92,110988
1.7889,0.2346,38.62,96,92,110992
1.7937,0.2297,38.52,96,92,110995
1.8280,0.2346,38.49,96,92,110998
1.8182,0.2346,38.58,96,92,111001
1.8426,0.2297,38.49,96,92,111005
1.8328,0.2297,38.62,96,92,111008
1.8475,0.2297,38.62,96,92,111011
1.8671,0.2346,38.49,96,92,111015
1.8573,0.2346,38.65,96,92,111019
1.8915,0.2395,38.62,96,92,111022
1.8866,0.2346,38.58,96,92,111026
1.8964,0.2297,38.62,96,92,111029
1.9306,0.2444,38.55,96,92,111032
1.9159,0.2297,38.62,96,92,111036
1.9453,0.2346,38.40,96,92,111039
1.9257,0.2346,38.49,96,92,111042
1.9062,0.2297,38.62,96,92,111045
1.9453,0.2444,38.49,96,92,111049
1.9062,0.2297,38.62,96,92,111052
1.9501,0.2395,38.33,96,92,111055
1.9257,0.2346,38.52,96,92,111059
1.9110,0.2297,38.65,96,92,111063
1.9306,0.2346,38.55,96,92,111066
1.9159,0.2297,38.62,96,92,111070
1.9746,0.2493,38.36,96,92,111073
1.9355,0.2346,38.52,96,92,111076
1.9306,0.2248,38.55,96,92,111080
1.9355,0.2297,38.58,96,92,111083
1.9306,0.2297,38.62,96,92,111086
1.9550,0.2493,38.46,96,92,111090
1.9159,0.2346,38.55,96,92,111093
1.9013,0.2297,38.49,96,92,111096
1.8817,0.2346,38.62,96,92,111099
1.8719,0.2297,38.62,96,92,111104
1.8964,0.2688,38.43,96,92,111107
1.8622,0.2346,38.58,96,92,111110
1.8817,0.2346,38.55,96,92,111114
1.8915,0.2346,38.62,96,92,111117
1.8622,0.2297,38.62,96,92,111120
1.8866,0.2346,38.46,96,92,111124
1.8622,0.2297,38.62,96,92,111127
1.8866,0.2346,38.43,96,92,111130
1.8671,0.2346,38.55,96,92,111134
1.8573,0.2297,38.65,96,92,111137
1.8719,0.2346,38.52,96,92,111140
1.8817,0.2346,38.62,96,92,111143
1.9159,0.2346,38.40,96,92,111148
1.8817,0.2199,38.58,96,92,111151
1.8915,0.2297,38.58,96,92,111154
1.9110,0.2395,37.93,96,92,111158
1.9013,0.2346,38.62,96,92,111161
1.9404,0.2395,37.56,96,92,111164
1.9013,0.2395,38.52,96,92,111168
1.8817,0.2248,38.62,96,92,111171
1.8817,0.2248,38.58,96,92,111174
1.8768,0.2297,38.58,96,92,111178
1.9306,0.2493,38.46,96,92,111181
1.9013,0.2346,38.52,96,92,111184
1.8866,0.2346,38.52,96,92,111187
1.8817,0.2297,38.62,96,92,111192
1.8866,0.2199,38.62,96,92,111195
1.9110,0.2395,38.52,96,92,111198
1.8866,0.2395,38.58,96,92,111202
1.9062,0.2346,38.46,96,92,111205
1.8768,0.2297,38.62,96,92,111208
1.8866,0.2346,38.58,96,92,111212
1.8964,0.2297,38.49,96,92,111215
1.8964,0.2395,38.62,96,92,111218
1.9404,0.2297,38.49,96,92,111222
1.9208,0.2493,38.62,96,92,111225
1.9404,0.2199,38.58,96,92,111228
1.9746,0.2395,38.49,96,92,111232
1.9550,0.2248,38.55,96,92,111236
1.9941,0.2297,38.43,96,92,111239
1.9844,0.2297,38.40,96,92,111242
1.9892,0.2346,38.62,96,92,111246
2.0235,0.2395,38.58,96,92,111249
2.0039,0.2297,38.81,96,92,111252
2.0479,0.2737,38.33,96,92,111256
2.0137,0.2346,38.52,96,92,111259
1.9844,0.2297,38.62,96,92,111262
1.9795,0.2346,38.58,96,92,111265
1.9501,0.2346,38.68,96,92,111269
1.9795,0.2395,38.30,96,92,111272
1.9208,0.2346,38.49,96,92,111276
1.9110,0.2248,38.55,96,92,111280
1.9062,0.2297,38.58,96,92,111283
1.8964,0.2297,38.62,96,92,111286
1.9355,0.2493,38.43,96,92,111290
1.8964,0.2346,38.55,96,92,111293
1.8915,0.2297,38.52,96,92,111296
1.8719,0.2346,38.62,96,92,111300
1.8719,0.2297,38.62,96,92,111303
1.9013,0.2444,38.46,96,92,111306
1.8719,0.2346,38.58,96,92,111310
1.8964,0.2346,38.55,96,92,111313
1.8817,0.2248,38.62,96,92,111316
1.9159,0.2199,38.65,96,92,111320
1.9257,0.2346,38.46,96,92,111324
1.9013,0.2346,38.62,96,92,111327
1.9355,0.2346,38.49,96,92,111330
1.8964,0.2297,38.52,96,92,111334
1.8915,0.2199,38.62,96,92,111337
1.9110,0.2297,38.49,96,92,111340
1.8964,0.2590,38.58,96,92,111344
1.9355,0.2346,38.40,96,92,111347
1.9159,0.2297,38.62,96,92,111350
1.9648,0.2346,38.62,96,92,111353
1.9990,0.2346,38.55,96,92,111357
2.5073,0.2297,38.55,96,92,111362
2.7175,0.2297,38.58,96,92,111365
3.0254,0.2444,38.43,96,92,111368
3.2063,0.2395,38.55,96,92,111371
3.3382,0.2297,38.49,96,92,111375
3.3284,0.2346,38.58,96,92,111378
3.1427,0.2297,38.65,96,92,111381
2.9374,0.2346,38.46,96,92,111385
2.5611,0.2346,38.62,96,92,111388
2.2923,0.2346,38.46,96,92,111391
2.0186,0.2346,38.58,96,92,111395
1.8182,0.2297,38.49,96,92,111398
1.6764,0.2444,38.55,96,92,111401
1.5640,0.2346,38.58,96,92,111405
1.5103,0.2297,38.46,96,92,111409
1.4516,0.2395,38.65,96,92,111412
1.4272,0.2297,38.62,96,92,111415
1.4321,0.2395,38.65,96,92,111419
1.4174,0.2346,38.62,96,92,111422
1.4614,0.2346,38.49,96,92,111425
1.4614,0.2590,38.55,96,92,111429
1.4663,0.2297,38.62,96,92,111432
1.5054,0.2346,38.52,96,92,111435
1.5103,0.2297,38.62,96,92,111439
1.5689,0.2395,38.33,96,92,111442
1.5640,0.2346,38.49,96,92,111446
1.5787,0.2297,38.58,96,92,111449
1.6080,0.2346,38.55,96,92,111453
1.6178,0.2297,38.62,96,92,111456
1.6911,0.2493,38.40,96,92,111459
1.6667,0.2395,38.52,96,92,111463
1.6862,0.2346,38.55,96,92,111466
1.6764,0.2297,38.62,96,92,111469
1.6862,0.2395,38.62,96,92,111473
1.7253,0.2444,38.49,96,92,111476
1.7009,0.2346,38.58,96,92,111479
1.7400,0.2395,38.46,96,92,111483
1.7107,0.2297,38.55,96,92,111486
1.7204,0.2346,38.58,96,92,111490
1.7644,0.2395,38.46,96,92,111493
1.7400,0.2297,38.65,96,92,111497
1.7644,0.2395,38.55,96,92,111500
1.7449,0.2297,38.58,96,92,111503
1.7546,0.2297,38.62,96,92,111507
1.7791,0.2346,38.49,96,92,111510
1.7644,0.2346,38.65,96,92,111513
1.7986,0.2346,37.71,96,92,111517
1.7840,0.2346,38.55,96,92,111520
1.7937,0.2297,38.62,96,92,111523
1.8182,0.2395,38.55,96,92,111527
1.8084,0.2297,38.62,96,92,111531
1.8524,0.2346,38.36,96,92,111534
1.8133,0.2102,38.58,96,92,111537
1.8231,0.2297,38.77,96,92,111541
1.8328,0.2395,38.46,96,92,111544
1.8328,0.2297,38.62,96,92,111547
1.8817,0.2395,38.30,96,92,111551
1.8524,0.2346,38.52,96,92,111554
1.8231,0.2248,38.58,96,92,111557
1.8133,0.2346,38.58,96,92,111561
1.8084,0.2346,38.58,96,92,111564
1.8622,0.2444,38.43,96,92,111567
1.8622,0.2346,38.58,96,92,111571
1.8280,0.2297,38.52,96,92,111575
1.8182,0.2297,38.81,96,92,111578
1.8328,0.2199,38.62,96,92,111581
1.8573,0.2395,38.58,96,92,111585
1.8377,0.2346,38.58,96,92,111588
1.8622,0.2297,38.49,96,92,111591
1.8426,0.2346,38.58,96,92,111595
1.8475,0.2297,38.68,96,92,111598
1.8622,0.2493,38.52,96,92,111601
1.8524,0.2297,38.62,96,92,111605
1.8817,0.2639,38.46,96,92,111608
1.8573,0.2297,38.62,96,92,111611
1.8671,0.2297,38.55,96,92,111616
1.9062,0.2444,38.58,96,92,111619
1.8866,0.2297,38.84,96,92,111622
1.9355,0.2346,38.40,96,92,111626
1.9355,0.2346,38.55,96,92,111629
1.9306,0.2297,38.62,96,92,111632
1.9599,0.2395,38.49,96,92,111635
1.9501,0.2444,38.62,96,92,111639
2.0235,0.2395,38.30,96,92,111642
1.9844,0.2297,38.71,96,92,111645
1.9844,0.2248,38.58,96,92,111649
1.9941,0.2297,38.58,96,92,111652
1.9892,0.2297,38.65,96,92,111655
2.0430,0.2542,38.43,96,92,111660
1.9941,0.2444,38.58,96,92,111663
1.9844,0.2248,38.52,96,92,111666
2.0137,0.2346,38.58,96,92,111670
1.9697,0.2297,38.58,96,92,111673
2.0039,0.2444,38.49,96,92,111676
1.9648,0.2346,38.55,96,92,111679
1.9795,0.2297,38.49,96,92,111683
1.9941,0.2346,38.62,96,92,111686
1.9648,0.2297,38.62,96,92,111689
1.9990,0.2395,38.43,96,92,111693
1.9746,0.2297,38.58,96,92,111696
2.0039,0.2395,38.52,96,92,111699
1.9746,0.2248,38.93,96,92,111704
1.9844,0.2248,38.62,96,92,111707
2.0039,0.2346,38.55,96,92,111710
1.9844,0.2297,38.55,96,92,111713
2.0039,0.2346,38.43,96,92,111717
1.9746,0.2297,38.55,96,92,111720
1.9697,0.2297,38.58,96,92,111723
1.9844,0.2346,38.49,96,92,111727
1.9501,0.2297,38.62,96,92,111730
1.9746,0.2346,38.36,96,92,111733
1.9208,0.2248,38.58,96,92,111737
1.9159,0.2297,38.65,96,92,111740
1.9257,0.2395,38.55,96,92,111744
1.9110,0.2297,38.62,96,92,111748
1.9550,0.2444,38.30,96,92,111751
1.9159,0.2395,38.49,96,92,111754
1.8866,0.2346,38.62,96,92,111757
1.8817,0.2346,38.58,96,92,111761
1.8719,0.2297,38.62,96,92,111764
1.9257,0.2493,38.49,96,92,111767
1.8817,0.2395,38.55,96,92,111771
1.8719,0.2297,38.52,96,92,111774
1.8573,0.2297,38.58,96,92,111777
1.8573,0.2102,38.62,96,92,111781
1.8866,0.2395,38.46,96,92,111784
1.8719,0.2346,38.58,96,92,111788
1.8915,0.2346,38.46,96,92,111792
1.8768,0.2297,38.58,96,92,111795
1.8768,0.2199,38.62,96,92,111798
1.9013,0.2297,38.55,96,92,111801
1.8964,0.2297,38.62,96,92,111805
1.9306,0.2395,38.52,96,92,111808
1.9013,0.2297,38.62,96,92,111811
1.9062,0.2297,38.62,96,92,111815
1.9404,0.2297,38.52,96,92,111818
1.9159,0.2590,38.58,96,92,111821
1.9844,0.2346,38.43,96,92,111825
1.9355,0.2297,38.49,96,92,111828
1.9257,0.2395,38.62,96,92,111832
1.9550,0.2395,38.52,96,92,111836
1.9355,0.2297,38.62,96,92,111839
1.9941,0.2395,38.40,96,92,111842
1.9648,0.2248,38.65,96,92,111845
1.9941,0.2346,38.62,96,92,111849
1.9795,0.2346,38.55,96,92,111852
1.9746,0.2297,38.65,96,92,111855
2.0332,0.2395,38.36,96,92,111859
1.9990,0.2297,38.46,96,92,111862
2.0039,0.2297,38.58,96,92,111865
2.0137,0.2346,38.58,96,92,111869
2.0235,0.2297,38.58,96,92,111873
2.0723,0.2444,38.46,96,92,111876
2.0332,0.2346,38.58,96,92,111879
2.0186,0.2297,38.49,96,92,111883
1.9892,0.2346,38.62,96,92,111886
1.9648,0.2297,38.62,96,92,111889
1.9746,0.2395,38.65,96,92,111893
1.9355,0.2346,38.58,96,92,111896
1.9404,0.2346,38.46,96,92,111899
1.9110,0.2297,38.58,96,92,111903
1.9159,0.2297,38.62,96,92,111906
1.9208,0.2346,38.58,96,92,111909
1.8817,0.2248,38.58,96,92,111913
1.8964,0.2346,38.49,96,92,111917
1.8475,0.2248,38.65,96,92,111920
1.8377,0.2297,38.58,96,92,111923
1.8475,0.2346,38.49,96,92,111927
1.8280,0.2297,38.62,96,92,111930
1.8524,0.2297,38.36,96,92,111933
1.8231,0.2297,38.65,96,92,111937
1.8328,0.2297,38.58,96,92,111940
1.8524,0.2346,38.55,96,92,111943
1.8475,0.2297,38.58,96,92,111947
1.9306,0.2395,38.36,96,92,111950
1.8768,0.2297,38.52,96,92,111953
1.8573,0.2297,38.62,96,92,111958
1.8622,0.2297,38.62,96,92,111961
1.8573,0.2493,38.65,96,92,111964
1.9453,0.2395,38.40,96,92,111967
2.0772,0.2346,38.46,96,92,111972
2.1603,0.2297,38.71,96,92,111976
2.3363,0.2297,38.46,96,92,111979
2.5073,0.2199,38.62,96,92,111982
2.7468,0.2297,38.62,96,92,111985
3.0205,0.2248,38.52,96,92,111989
3.2307,0.2297,38.58,96,92,111992
3.3920,0.2346,38.49,96,92,111995
3.3089,0.2297,38.58,96,92,112000
3.1085,0.2297,38.62,96,92,112003
2.8348,0.2346,38.52,96,92,112006
2.4878,0.2493,38.65,96,92,112010
2.2581,0.2346,38.43,96,92,112013
1.9990,0.2297,38.52,96,92,112016
1.8084,0.2297,38.21,96,92,112019
1.6911,0.2395,38.52,96,92,112023
1.5885,0.2297,38.62,96,92,112026
1.5738,0.2346,38.40,96,92,112029
1.5445,0.2199,38.52,96,92,112033
1.4614,0.2248,38.65,96,92,112036
1.4418,0.2297,38.58,96,92,112039
1.4223,0.2248,38.62,96,92,112044
1.4663,0.2297,38.40,96,92,112047
1.4418,0.2395,38.52,96,92,112050
1.4467,0.2248,38.58,96,92,112053
1.4418,0.2297,38.65,96,92,112057
1.4516,0.2297,38.62,96,92,112060
1.5152,0.2444,38.55,96,92,112063
1.5200,0.2346,38.58,96,92,112067
1.5885,0.2297,38.49,96,92,112070
1.5885,0.2737,38.62,96,92,112073
1.6129,0.2297,38.62,96,92,112077
1.6618,0.2395,38.46,96,92,112080
1.6520,0.2102,38.62,96,92,112083
1.6813,0.2297,38.49,96,92,112088
1.6764,0.2297,38.77,96,92,112091
1.7009,0.2199,38.62,96,92,112094
1.7400,0.2297,38.46,96,92,112097
1.7302,0.2297,38.62,96,92,112101
1.7693,0.2346,38.46,96,92,112104
1.7498,0.2248,38.58,96,92,112107
1.7546,0.2248,38.62,96,92,112111
1.7693,0.2297,38.49,96,92,112114
1.7693,0.2102,38.62,96,92,112117
1.8084,0.2346,38.46,96,92,112121
1.7889,0.2297,38.68,96,92,112124
1.7986,0.2248,38.58,96,92,112128
1.8084,0.2297,38.55,96,92,112132
1.8035,0.2102,38.62,96,92,112135
1.8573,0.2346,38.33,96,92,112138
1.8328,0.2639,38.52,96,92,112141
1.8280,0.2199,38.62,96,92,112145
1.8377,0.2297,38.58,96,92,112148
1.8377,0.2248,38.62,96,92,112151
1.9062,0.2297,38.36,96,92,112155
1.8768,0.2346,38.49,96,92,112158
1.8671,0.2248,38.55,96,92,112161
1.8671,0.2297,38.62,96,92,112165
1.8866,0.2102,38.62,96,92,112168
1.9062,0.2346,38.43,96,92,112172
1.8866,0.2297,38.58,96,92,112176
1.8964,0.2297,38.52,96,92,112179
1.8719,0.2297,38.40,96,92,112182
1.8719,0.2248,38.58,96,92,112185
1.8817,0.2297,38.62,96,92,112189
1.8671,0.2444,38.65,96,92,112192
1.9159,0.2346,38.49,96,92,112195
1.8964,0.2542,38.62,96,92,112199
1.9110,0.2248,38.62,96,92,112202
1.9306,0.2346,38.49,96,92,112205
1.9159,0.2297,38.58,96,92,112209
1.9208,0.2346,38.43,96,92,112212
1.9110,0.2248,38.58,96,92,112216
1.9062,0.2395,38.58,96,92,112220
1.9208,0.2395,38.49,96,92,112223
1.8964,0.2297,38.62,96,92,112226
1.9501,0.2346,38.36,96,92,112229
1.9257,0.2297,37.77,96,92,112233
1.9208,0.2297,38.58,96,92,112236
1.9550,0.2346,38.55,96,92,112239
1.9306,0.2248,38.58,96,92,112243
1.9990,0.2395,38.43,96,92,112246
1.9453,0.2199,38.52,96,92,112249
1.9599,0.2199,38.58,96,92,112253
1.9697,0.2297,38.65,96,92,112257
1.9648,0.2248,38.62,96,92,112260
2.0137,0.2444,38.43,96,92,112263
1.9892,0.2346,38.55,96,92,112267
2.0088,0.2248,38.55,96,92,112270
2.0137,0.2297,38.58,96,92,112273
2.0137,0.2248,38.62,96,92,112277
2.0528,0.2395,38.43,96,92,112280
2.0137,0.2297,38.68,96,92,112283
2.0186,0.2395,38.46,96,92,112287
1.9892,0.2346,38.68,96,92,112290
1.9844,0.2248,38.62,96,92,112293
2.0039,0.2395,38.55,96,92,112297
1.9599,0.2199,38.58,96,92,112301
1.9697,0.2346,38.52,96,92,112304
1.9306,0.2248,38.65,96,92,112307
1.9648,0.2248,38.58,96,92,112311
1.9501,0.2297,38.52,96,92,112314
1.9453,0.2346,38.62,96,92,112317
1.9599,0.2297,38.43,96,92,112321
1.9159,0.2248,38.68,96,92,112324
1.9062,0.2102,38.62,96,92,112327
1.9306,0.2346,38.52,96,92,112331
1.9257,0.2199,38.55,96,92,112334
1.9550,0.2297,38.36,96,92,112337
1.9404,0.2297,38.52,96,92,112340
1.9257,0.2493,38.62,96,92,112345
1.9306,0.2297,38.55,96,92,112348
1.9110,0.2248,38.62,96,92,112351
1.9892,0.2395,38.33,96,92,112355
1.9110,0.2297,38.49,96,92,112358
1.8817,0.2248,38.62,96,92,112361
1.8768,0.2297,38.58,96,92,112365
1.8671,0.2346,38.62,96,92,112368
1.9159,0.2444,38.46,96,92,112371
1.8671,0.2297,38.58,96,92,112375
1.8426,0.2346,38.55,96,92,112378
1.8231,0.2297,38.62,96,92,112381
1.8084,0.2297,38.62,96,92,112386
1.8328,0.2346,38.52,96,92,112389
1.8231,0.2297,38.58,96,92,112392
1.8475,0.2248,38.43,96,92,112395
1.8377,0.2297,38.68,96,92,112399
1.8426,0.2297,38.62,96,92,112402
1.8719,0.2346,38.46,96,92,112405
1.8426,0.2297,38.58,96,92,112409
1.9110,0.2199,38.46,96,92,112412
1.8426,0.2248,38.55,96,92,112415
1.8377,0.2248,38.62,96,92,112419
1.8573,0.2346,38.49,96,92,112422
1.8475,0.2248,38.68,96,92,112425
1.8915,0.2346,38.40,96,92,112429
1.8719,0.2199,38.49,96,92,112433
1.8573,0.2248,38.62,96,92,112436
1.8671,0.2297,38.52,96,92,112439
1.8377,0.2297,38.62,96,92,112443
1.8671,0.2297,38.36,96,92,112446
1.8182,0.2297,38.52,96,92,112449
1.8231,0.2248,38.62,96,92,112453
1.8280,0.2346,38.62,96,92,112456
1.8231,0.2248,38.62,96,92,112459
1.9110,0.2444,38.33,96,92,112463
1.9062,0.2297,38.52,96,92,112466
1.9208,0.2102,38.55,96,92,112470
1.9404,0.2297,38.58,96,92,112473
1.9746,0.2346,38.68,96,92,112477
2.0088,0.2297,38.43,96,92,112480
1.9795,0.2297,38.46,96,92,112483
1.9795,0.2346,38.49,96,92,112487
1.9648,0.2102,38.58,96,92,112490
1.9550,0.2248,38.62,96,92,112493
1.9648,0.2542,38.46,96,92,112497
1.9013,0.2297,38.62,96,92,112500
1.8915,0.2297,38.46,96,92,112503
1.8524,0.2297,38.62,96,92,112506
1.8475,0.2248,38.68,96,92,112510
1.8573,0.2297,38.52,96,92,112514
1.8719,0.2199,38.62,96,92,112517
1.9013,0.2248,38.52,96,92,112521
1.8719,0.2248,38.58,96,92,112524
1.8768,0.2248,38.65,96,92,112527
1.8915,0.2297,38.46,96,92,112531
1.8671,0.2248,38.62,96,92,112534
1.8866,0.2297,37.62,96,92,112537
1.8671,0.2493,38.52,96,92,112541
1.8573,0.2248,38.68,96,92,112544
1.8671,0.2395,38.52,96,92,112547
1.8231,0.2248,38.62,96,92,112551
1.8671,0.2346,38.33,96,92,112555
1.8328,0.2297,38.52,96,92,112558
1.8280,0.2248,38.77,96,92,112561
1.8377,0.2297,38.58,96,92,112565
1.8671,0.2102,38.62,96,92,112568
1.9013,0.2444,38.40,96,92,112571
1.8622,0.2297,38.65,96,92,112575
1.8768,0.2102,38.52,96,92,112578
1.8964,0.2297,38.71,96,92,112581
2.1652,0.2248,38.58,96,92,112586
2.3216,0.2151,38.62,96,92,112589
2.5904,0.2346,38.58,96,92,112593
2.8250,0.2248,38.58,96,92,112596
3.1427,0.2102,38.46,96,92,112600
3.3382,0.2248,38.27,96,92,112604
3.4457,0.2151,38.68,96,92,112607
3.4164,0.2297,38.52,96,92,112610
3.1134,0.2346,38.58,96,92,112613
2.8348,0.2346,38.43,96,92,112617
2.4585,0.2297,38.52,96,92,112620
2.1750,0.2248,38.62,96,92,112623
1.9550,0.2346,38.55,96,92,112627
1.7204,0.2248,38.62,96,92,112630
1.6031,0.2346,38.36,96,92,112633
1.4614,0.2248,38.58,96,92,112637
1.4027,0.2248,38.62,96,92,112641
1.3978,0.2248,38.68,96,92,112644
1.3881,0.2248,37.99,96,92,112647
1.4321,0.2493,38.40,96,92,112651
1.4223,0.2346,38.58,96,92,112654
1.4321,0.2248,38.55,96,92,112657
1.4614,0.2199,38.58,96,92,112661
1.4516,0.2248,38.62,96,92,112664
1.4907,0.2395,38.62,96,92,112667
1.4858,0.2297,38.55,96,92,112671
1.5152,0.2297,38.52,96,92,112674
1.5249,0.2199,38.62,96,92,112677
1.5396,0.2248,38.58,96,92,112681
1.5591,0.2346,38.49,96,92,112685
1.5543,0.2248,38.68,96,92,112688
1.5982,0.2346,38.49,96,92,112691
1.5885,0.2248,38.65,96,92,112695
1.6031,0.2297,38.62,96,92,112698
1.6325,0.2297,38.49,96,92,112701
1.6422,0.2248,38.58,96,92,112705
1.6764,0.2199,38.46,96,92,112708
1.6667,0.2248,38.52,96,92,112711
1.6667,0.2248,38.62,96,92,112715
1.6813,0.2346,38.55,96,92,112718
1.6667,0.2297,38.62,96,92,112721
1.7204,0.2297,38.36,96,92,112726
1.7155,0.2297,38.52,96,92,112729
1.7204,0.2248,38.62,96,92,112732
1.7546,0.2297,38.55,96,92,112735
1.7546,0.2248,38.58,96,92,112739
1.7937,0.2395,38.33,96,92,112742
1.7449,0.2297,38.52,96,92,112745
1.7253,0.2248,38.58,96,92,112749
1.7204,0.2297,38.58,96,92,112752
1.7351,0.2248,38.62,96,92,112755
1.7791,0.2444,38.46,96,92,112759
1.7449,0.2346,38.58,96,92,112762
1.7498,0.2248,38.58,96,92,112765
1.7546,0.2542,38.58,96,92,112770
1.7449,0.2248,38.62,96,92,112773
1.7498,0.2493,38.49,96,92,112776
1.7107,0.2297,38.58,96,92,112779
1.7204,0.2297,38.55,96,92,112783
1.7449,0.2297,38.62,96,92,112786
1.7253,0.2248,38.68,96,92,112789
1.7546,0.2395,38.46,96,92,112793
1.7302,0.2297,38.62,96,92,112796
1.7449,0.2248,38.46,96,92,112799
1.7351,0.2199,38.52,96,92,112803
1.7058,0.2248,38.62,96,92,112806
1.7302,0.2346,38.43,96,92,112809
1.7204,0.2248,38.58,96,92,112814
1.7693,0.2297,38.40,96,92,112817
1.7498,0.2248,38.43,96,92,112820
1.7400,0.2248,38.62,96,92,112823
1.7742,0.2346,38.58,96,92,112827
1.7253,0.2248,38.62,96,92,112830
1.7546,0.2395,38.33,96,92,112833
1.7155,0.2248,38.58,96,92,112837
1.7155,0.2248,38.62,96,92,112840
1.7302,0.2102,38.58,96,92,112843
1.7204,0.2248,38.62,96,92,112847
1.7840,0.2493,38.33,96,92,112850
1.7742,0.2346,38.62,96,92,112854
1.7693,0.2199,38.58,96,92,112857
1.7937,0.2199,38.55,96,92,112861
1.8084,0.2248,38.62,96,92,112864
1.8671,0.2346,38.40,96,92,112867
1.8622,0.2346,38.55,96,92,112871
1.8817,0.2297,38.52,96,92,112874
1.8817,0.2199,38.58,96,92,112877
1.8964,0.2248,38.62,96,92,112881
1.9208,0.2590,38.49,96,92,112884
1.8866,0.2248,38.55,96,92,112887
1.9062,0.2297,38.46,96,92,112891
1.8817,0.2297,38.62,96,92,112894
1.8964,0.2248,38.62,96,92,112898
1.9159,0.2297,38.52,96,92,112901
1.9110,0.2297,38.55,96,92,112905
1.9355,0.2297,38.46,96,92,112908
1.8866,0.2248,38.62,96,92,112911
1.8866,0.2346,38.58,96,92,112915
1.9110,0.2297,38.55,96,92,112918
1.8768,0.2297,38.58,96,92,112921
1.9062,0.2346,38.36,96,92,112925
1.8768,0.2297,38.49,96,92,112928
1.8719,0.2297,38.62,96,92,112931
1.8768,0.2346,38.52,96,92,112935
1.8573,0.2346,38.62,96,92,112939
1.9013,0.2297,38.30,96,92,112942
1.8622,0.2151,38.55,96,92,112946
1.8475,0.2102,38.62,96,92,112949
1.8524,0.2297,38.58,96,92,112952
1.8426,0.2248,38.62,96,92,112955
1.9110,0.2395,38.40,96,92,112959
1.8377,0.2297,38.62,96,92,112962
1.8182,0.2297,38.52,96,92,112965
1.8035,0.2297,38.58,96,92,112969
1.7986,0.2248,38.52,96,92,112972
1.8475,0.2395,38.49,96,92,112975
1.8084,0.2346,38.58,96,92,112979
1.8182,0.2297,38.52,96,92,112983
1.7986,0.2297,38.58,96,92,112986
1.8035,0.2248,38.58,96,92,112989
1.8328,0.2346,38.49,96,92,112993
1.7937,0.2199,38.58,96,92,112996
1.8035,0.2297,38.49,96,92,112999
1.7693,0.2248,38.84,96,92,113003
1.7546,0.2151,38.62,96,92,113006
1.7644,0.2297,38.46,96,92,113009
1.7449,0.2199,38.62,96,92,113013
1.7791,0.2297,38.43,96,92,113016
1.7644,0.2248,38.52,96,92,113019
1.7693,0.2248,38.65,96,92,113024
1.7840,0.2346,38.58,96,92,113027
1.7693,0.2297,38.62,96,92,113030
1.8328,0.2346,38.36,96,92,113033
1.7644,0.2248,38.52,96,92,113037
1.7742,0.2248,38.68,96,92,113040
1.7986,0.2297,38.52,96,92,113043
1.7889,0.2346,38.62,96,92,113047
1.8377,0.2395,38.33,96,92,113050
1.7986,0.2297,38.55,96,92,113053
1.7889,0.2199,38.58,96,92,113057
1.7986,0.2297,38.68,96,92,113060
1.7986,0.2248,38.68,96,92,113063
1.8671,0.2395,38.43,96,92,113068
1.8328,0.2444,38.52,96,92,113071
1.8377,0.2102,38.52,96,92,113074
1.8377,0.2297,38.62,96,92,113077
1.8475,0.2248,38.62,96,92,113081
1.8866,0.2346,38.46,96,92,113084
1.8719,0.2590,38.58,96,92,113087
1.9013,0.2297,38.46,96,92,113091
1.8866,0.2297,38.62,96,92,113094
1.9013,0.2248,38.62,96,92,113097
1.9208,0.2297,38.52,96,92,113101
1.9062,0.2297,38.62,96,92,113104
1.9257,0.2297,38.52,96,92,113107
1.8768,0.2297,38.62,96,92,113112
1.8524,0.2248,38.58,96,92,113115
1.8524,0.2346,38.49,96,92,113118
1.8084,0.2297,38.65,96,92,113121
1.8231,0.2542,38.36,96,92,113125
1.7986,0.2346,38.49,96,92,113128
1.7742,0.2248,38.62,96,92,113131
1.7937,0.2297,38.52,96,92,113135
1.7693,0.2248,38.68,96,92,113138
1.8084,0.2248,38.33,96,92,113141
1.7693,0.2297,38.52,96,92,113145
1.7595,0.2297,38.65,96,92,113148
1.7644,0.2346,38.58,96,92,113152
1.7546,0.2199,38.62,96,92,113156
1.7986,0.2444,38.33,96,92,113159
1.7498,0.2297,38.55,96,92,113162
1.7351,0.2297,38.52,96,92,113165
1.7302,0.2297,38.58,96,92,113169
1.7302,0.2248,38.65,96,92,113172
1.7693,0.2493,38.49,96,92,113175
1.7449,0.2297,38.58,96,92,113179
1.7498,0.2297,38.49,96,92,113182
1.7302,0.2248,38.58,96,92,113185
1.7351,0.2346,38.62,96,92,113189
1.7742,0.2395,38.36,96,92,113192
2.0088,0.2346,38.49,96,92,113198
2.1212,0.2297,38.68,96,92,113201
2.3412,0.2346,38.43,96,92,113204
2.5367,0.2297,38.52,96,92,113208
2.7761,0.2248,38.65,96,92,113211
3.0547,0.2297,38.55,96,92,113214
3.2111,0.2297,38.11,96,92,113217
3.3529,0.2395,38.36,96,92,113221
3.1672,0.2248,38.49,96,92,113224
2.8983,0.2248,38.68,96,92,113227
2.5806,0.2297,38.58,96,92,113231
2.2532,0.2639,38.62,96,92,113234
2.0626,0.2493,38.36,96,92,113238
1.7791,0.2297,38.52,96,92,113242
1.5982,0.2199,38.52,96,92,113245
1.4809,0.2297,38.62,96,92,113248
1.4027,0.2248,38.84,96,92,113252
1.3832,0.2395,38.43,96,92,113255
1.3441,0.2297,38.68,96,92,113258
1.3392,0.2346,38.49,96,92,113261
1.3392,0.2297,38.62,96,92,113265
1.3587,0.2297,38.62,96,92,113268
1.4027,0.2346,38.46,96,92,113271
1.4076,0.2297,38.58,96,92,113275
1.4418,0.2346,38.52,96,92,113278
1.4370,0.2248,38.62,96,92,113282
1.4614,0.2248,38.58,96,92,113286
1.4956,0.2297,38.52,96,92,113289
1.5347,0.2346,38.58,96,92,113292
1.5494,0.2297,38.46,96,92,113296
1.5445,0.2346,38.62,96,92,113299
1.5543,0.2248,38.62,96,92,113302
1.5787,0.2395,38.52,96,92,113305
1.5689,0.2297,38.62,96,92,113309
1.6129,0.2346,38.33,96,92,113312
1.5934,0.2346,38.52,96,92,113315
1.5738,0.2248,38.62,96,92,113319
1.5787,0.2346,38.55,96,92,113323
1.5689,0.2297,38.68,96,92,113326
1.6031,0.2395,38.30,96,92,113330
1.5738,0.2346,38.49,96,92,113333
1.5689,0.2248,38.58,96,92,113336
1.5738,0.2297,38.55,96,92,113340
1.6080,0.2297,38.62,96,92,113343
1.6325,0.2444,38.43,96,92,113346
1.6031,0.2346,38.52,96,92,113349
1.6227,0.2297,38.52,96,92,113353
1.6178,0.2297,38.62,96,92,113356
1.6276,0.2297,38.65,96,92,113359
1.6569,0.2395,38.52,96,92,113363
1.6520,0.2297,38.65,96,92,113367
1.6764,0.2444,38.46,96,92,113370
1.6667,0.2297,38.55,96,92,113374
1.6764,0.2297,38.62,96,92,113377
1.7058,0.2395,38.46,96,92,113380
1.7107,0.2199,38.58,96,92,113384
1.7058,0.2297,38.49,96,92,113387
1.6911,0.2248,38.49,96,92,113390
1.7009,0.2199,38.62,96,92,113393
1.7204,0.2346,38.43,96,92,113397
1.6960,0.2297,38.62,96,92,113400
1.7546,0.2346,38.43,96,92,113403
1.7058,0.2297,38.52,96,92,113408
1.7058,0.2493,38.58,96,92,113411
1.7204,0.2346,38.52,96,92,113414
1.7058,0.2297,38.68,96,92,113418
1.7498,0.2395,38.36,96,92,113421
1.7155,0.2248,38.49,96,92,113424
1.7253,0.2199,38.65,96,92,113428
1.7351,0.2346,38.58,96,92,113431
1.7351,0.2297,38.58,96,92,113434
1.7937,0.2493,38.33,96,92,113437
1.7449,0.2297,38.55,96,92,113441
1.7498,0.2248,38.52,96,92,113444
1.7595,0.2297,38.58,96,92,113447
1.7644,0.2297,38.58,96,92,113452
1.8035,0.2346,38.43,96,92,113455
1.7889,0.2297,38.58,96,92,113458
1.7937,0.2297,38.49,96,92,113462
1.7889,0.2297,38.58,96,92,113465
1.7889,0.2346,38.58,96,92,113468
1.8231,0.2346,38.43,96,92,113472
1.8084,0.2297,38.58,96,92,113475
1.8328,0.2297,38.49,96,92,113478
1.8084,0.2395,38.62,96,92,113481
1.8475,0.2102,38.62,96,92,113485
1.8231,0.2297,38.58,96,92,113488
1.8182,0.2297,38.62,96,92,113491
1.8475,0.2346,38.46,96,92,113496
1.8231,0.2297,38.62,96,92,113499
1.8377,0.2102,38.62,96,92,113502
1.8719,0.2346,37.83,96,92,113506
1.8719,0.2102,38.62,96,92,113509
1.9110,0.2346,38.30,96,92,113512
1.8915,0.2395,38.49,96,92,113516
1.8768,0.2248,38.62,96,92,113519
1.8915,0.2346,38.68,96,92,113522
1.8719,0.2590,38.62,96,92,113525
1.9404,0.2346,38.43,96,92,113529
1.8768,0.2297,38.58,96,92,113532
1.8573,0.2346,38.62,96,92,113536
1.8524,0.2346,38.62,96,92,113540
1.8377,0.2297,38.49,96,92,113543
1.8817,0.2444,38.40,96,92,113546
1.8328,0.2297,38.58,96,92,113550
1.8182,0.2297,38.52,96,92,113553
1.8084,0.2297,38.58,96,92,113556
1.7986,0.2297,38.62,96,92,113560
1.8426,0.2444,38.52,96,92,113563
1.8035,0.2297,38.58,96,92,113566
1.8133,0.2297,38.52,96,92,113569
1.8084,0.2102,38.62,96,92,113573
1.7986,0.2297,38.65,96,92,113576
1.8231,0.2395,38.43,96,92,113580
1.7937,0.2297,38.62,96,92,113584
1.8133,0.2346,38.52,96,92,113587
1.8035,0.2199,38.55,96,92,113590
1.7791,0.2297,38.65,96,92,113594
1.8280,0.2346,38.46,96,92,113597
1.7791,0.2297,38.62,96,92,113600
1.8035,0.2297,38.36,96,92,113604
1.7791,0.2199,38.62,96,92,113607
1.7742,0.2297,38.62,96,92,113610
1.7889,0.2297,38.49,96,92,113613
1.7937,0.2199,38.58,96,92,113617
1.8133,0.2297,38.36,96,92,113620
1.7693,0.2248,38.55,96,92,113624
1.7791,0.2248,38.62,96,92,113628
1.7889,0.2346,38.58,96,92,113631
1.7840,0.2297,38.58,96,92,113634
1.8328,0.2444,38.40,96,92,113638
1.7937,0.2493,38.49,96,92,113641
1.7840,0.2248,38.58,96,92,113644
1.7791,0.2297,38.58,96,92,113648
1.7840,0.2542,38.62,96,92,113651
1.8231,0.2395,38.40,96,92,113654
1.8084,0.2542,38.52,96,92,113657
1.8182,0.2346,38.52,96,92,113661
1.8035,0.2297,38.62,96,92,113665
1.8084,0.2297,38.62,96,92,113668
1.8377,0.2346,38.46,96,92,113672
1.8280,0.2297,38.49,96,92,113675
1.8475,0.2395,38.46,96,92,113678
1.8328,0.2297,38.62,96,92,113682
1.8475,0.2444,38.58,96,92,113685
1.8768,0.2346,38.55,96,92,113688
1.8768,0.2297,38.62,96,92,113691
1.9159,0.2297,38.43,96,92,113695
1.8964,0.2297,38.58,96,92,113698
1.9110,0.2248,38.68,96,92,113701
1.9844,0.2346,38.49,96,92,113705
1.9501,0.2297,38.62,96,92,113709
1.9941,0.2248,38.36,96,92,113712
1.9746,0.2346,38.49,96,92,113716
1.9501,0.2248,38.58,96,92,113719
1.9550,0.2395,38.49,96,92,113722
1.9306,0.2297,38.62,96,92,113726
1.9599,0.2395,38.36,96,92,113729
1.9062,0.2297,38.49,96,92,113732
1.8817,0.2346,38.68,96,92,113735
1.8719,0.2395,38.58,96,92,113739
1.8573,0.2297,38.58,96,92,113742
1.9110,0.2493,38.36,96,92,113745
1.8719,0.2346,38.55,96,92,113750
1.8475,0.2248,38.68,96,92,113753
1.8328,0.2346,38.58,96,92,113756
1.8182,0.2248,38.68,96,92,113760
1.8426,0.2688,38.49,96,92,113763
1.8182,0.2346,38.58,96,92,113766
1.8280,0.2297,38.49,96,92,113770
1.8084,0.2102,38.58,96,92,113773
1.8133,0.2297,38.58,96,92,113776
1.8475,0.2346,38.40,96,92,113779
1.8280,0.2346,38.58,96,92,113783
1.8377,0.2297,38.49,96,92,113786
1.8035,0.2248,38.62,96,92,113789
1.7889,0.2199,38.62,96,92,113794
1.7937,0.2346,38.55,96,92,113797
1.7644,0.2590,38.62,96,92,113800
1.8133,0.2346,38.43,96,92,113804
1.7742,0.2444,38.36,96,92,113807
2.0088,0.2444,38.55,96,92,113812
2.1212,0.2346,38.68,96,92,113815
2.2874,0.2297,38.55,96,92,113818
2.4633,0.2297,38.65,96,92,113821
2.7566,0.2444,38.43,96,92,113825
2.9521,0.2346,38.52,96,92,113828
3.1476,0.2248,38.58,96,92,113831
3.2893,0.2346,38.58,96,92,113836
3.2649,0.2297,38.71,96,92,113839
3.1525,0.2395,38.43,96,92,113842
2.8104,0.2346,37.77,96,92,113846
2.5024,0.2297,38.49,96,92,113849
2.2141,0.2199,38.58,96,92,113852
1.9892,0.2297,38.62,96,92,113856
1.8280,0.2248,38.46,96,92,113859
1.6716,0.2297,38.55,96,92,113862
1.5640,0.2297,38.46,96,92,113865
1.4712,0.2639,38.58,96,92,113869
1.4370,0.2297,38.62,96,92,113872
1.4272,0.2395,38.52,96,92,113875
1.4125,0.2297,38.62,96,92,113880
1.4467,0.2297,38.65,96,92,113883
1.4467,0.2297,38.58,96,92,113886
1.4712,0.2297,38.74,96,92,113890
1.5152,0.2395,38.52,96,92,113893
1.5054,0.2297,38.62,96,92,113896
1.5543,0.2395,38.36,96,92,113900
1.5543,0.2346,38.52,96,92,113903
1.5591,0.2297,38.65,96,92,113906
1.5982,0.2346,38.55,96,92,113910
1.6031,0.2297,38.58,96,92,113913
1.6667,0.2395,38.30,96,92,113916
1.6520,0.2297,38.43,96,92,113920
1.6520,0.2199,38.58,96,92,113924
1.6667,0.2346,38.58,96,92,113927
1.6716,0.2297,38.62,96,92,113930
1.7253,0.2493,38.40,96,92,113934
1.7009,0.2297,38.55,96,92,113937
1.7009,0.2248,38.55,96,92,113940
1.6960,0.2346,38.62,96,92,113944
1.6960,0.2297,38.62,96,92,113947
1.7253,0.2444,38.52,96,92,113950
1.7253,0.2248,38.58,96,92,113953
1.7302,0.2297,38.49,96,92,113957
1.7155,0.2590,38.58,96,92,113960
1.7498,0.2297,38.58,96,92,113964
1.7546,0.2395,38.55,96,92,113968
1.7693,0.2297,38.58,96,92,113971
1.7693,0.2346,38.52,96,92,113974
1.7498,0.2248,38.62,96,92,113978
1.7889,0.2199,38.62,96,92,113981
1.7791,0.2346,38.46,96,92,113984
1.7889,0.2199,38.62,96,92,113988
1.8035,0.2297,38.46,96,92,113991
1.7840,0.2346,38.49,96,92,113994
1.7889,0.2297,38.58,96,92,113997
1.8084,0.2395,38.55,96,92,114001
1.7986,0.2297,38.52,96,92,114004
1.8622,0.2444,38.36,96,92,114008
1.7986,0.2493,38.55,96,92,114012
1.8377,0.2199,38.62,96,92,114015
1.8133,0.2346,38.58,96,92,114018
1.8133,0.2199,38.62,96,92,114022
1.8622,0.2444,38.33,96,92,114025
1.8280,0.2346,38.52,96,92,114028
1.8231,0.2248,38.55,96,92,114032
1.8182,0.2346,38.58,96,92,114035
1.8426,0.2297,38.62,96,92,114038
1.8671,0.2297,38.43,96,92,114041
1.8426,0.2395,38.55,96,92,114045
1.8377,0.2297,38.49,96,92,114049
1.8328,0.2297,38.62,96,92,114052
1.8328,0.2297,38.58,96,92,114056
1.8719,0.2346,38.46,96,92,114059
1.8475,0.2297,38.65,96,92,114062
1.8671,0.2688,38.49,96,92,114066
1.8426,0.2297,38.62,96,92,114069
1.8573,0.2248,38.62,96,92,114072
1.8768,0.2346,38.58,96,92,114076
1.8719,0.2297,38.62,96,92,114079
1.9013,0.2248,38.46,96,92,114082
1.8719,0.2346,38.62,96,92,114086
1.8768,0.2297,38.62,96,92,114089
1.9208,0.2346,38.49,96,92,114093
1.8817,0.2297,38.84,96,92,114096
1.9208,0.2395,38.36,96,92,114100
1.9013,0.2297,38.49,96,92,114103
1.8915,0.2248,38.58,96,92,114106
1.9257,0.2395,38.55,96,92,114110
1.9110,0.2248,38.62,96,92,114113
1.9795,0.2444,38.33,96,92,114116
1.9159,0.2297,38.46,96,92,114120
1.9062,0.2248,38.68,96,92,114123
1.9159,0.2297,38.58,96,92,114126
1.9062,0.2248,38.81,96,92,114130
1.9599,0.2395,38.43,96,92,114134
1.9159,0.2297,38.46,96,92,114137
1.9110,0.2346,38.52,96,92,114140
1.9013,0.2297,38.62,96,92,114144
1.9013,0.2248,38.62,96,92,114147
1.9453,0.2395,38.49,96,92,114150
1.9159,0.2297,38.58,96,92,114154
1.9306,0.2346,38.49,96,92,114157
1.9013,0.2297,38.68,96,92,114160
1.9013,0.2248,38.62,96,92,114164
1.9355,0.2395,38.49,96,92,114167
1.9062,0.2346,38.58,96,92,114170
1.9306,0.2444,38.52,96,92,114174
1.9013,0.2248,38.55,96,92,114178
1.9013,0.2248,38.58,96,92,114181
1.9208,0.2346,38.43,96,92,114184
1.8964,0.2297,38.62,96,92,114188
1.9208,0.2248,38.40,96,92,114191
1.9013,0.2248,38.52,96,92,114194
1.9013,0.2248,38.81,96,92,114198
1.9208,0.2346,38.55,96,92,114201
1.9013,0.2297,38.62,96,92,114204
1.9453,0.2346,38.36,96,92,114208
1.9013,0.2248,38.58,96,92,114211
1.9062,0.2248,38.65,96,92,114214
1.9062,0.2346,38.58,96,92,114219
1.9013,0.2297,38.62,96,92,114222
1.9599,0.2493,38.33,96,92,114225
1.9208,0.2346,38.49,96,92,114228
1.9013,0.2248,38.52,96,92,114232
1.9013,0.2297,38.58,96,92,114235
1.9013,0.2248,38.65,96,92,114238
1.9453,0.2395,38.43,96,92,114242
1.9159,0.2297,38.55,96,92,114245
1.9159,0.2297,38.55,96,92,114248
1.9110,0.2297,38.62,96,92,114252
1.9013,0.2248,38.62,96,92,114255
1.9306,0.2688,38.43,96,92,114258
1.9110,0.2199,38.68,96,92,114263
1.9453,0.2297,38.46,96,92,114266
1.9257,0.2542,38.62,96,92,114269
1.9355,0.2248,38.71,96,92,114272
1.9550,0.2346,38.55,96,92,114276
1.9501,0.2297,38.62,96,92,114279
1.9746,0.2297,38.46,96,92,114282
1.9404,0.2248,38.62,96,92,114286
1.9453,0.2248,38.62,96,92,114289
1.9795,0.2346,38.55,96,92,114292
1.9550,0.2248,38.62,96,92,114296
2.0039,0.2346,38.36,96,92,114299
1.9844,0.2395,38.49,96,92,114302
1.9844,0.2248,38.62,96,92,114307
2.0039,0.2346,38.52,96,92,114310
1.9941,0.2737,38.58,96,92,114313
2.0430,0.2346,38.36,96,92,114316
2.0137,0.2297,38.62,96,92,114320
2.0137,0.2297,38.62,96,92,114323
2.0332,0.2297,38.65,96,92,114326
2.0332,0.2248,38.62,96,92,114330
2.0870,0.2444,38.36,96,92,114333
2.0235,0.2297,38.52,96,92,114336
2.0039,0.2248,38.55,96,92,114340
1.9795,0.2297,38.65,96,92,114343
1.9599,0.2102,38.58,96,92,114347
1.9746,0.2395,38.46,96,92,114350
1.9257,0.2297,38.55,96,92,114354
1.9208,0.2199,38.49,96,92,114357
1.8964,0.2297,38.84,96,92,114360
1.8866,0.2248,38.62,96,92,114364
1.9208,0.2346,38.52,96,92,114367
1.8915,0.2346,38.65,96,92,114370
1.9453,0.2297,38.46,96,92,114374
1.8719,0.2248,38.77,96,92,114377
1.8719,0.2199,38.68,96,92,114380
1.8866,0.2297,38.71,96,92,114384
1.8622,0.2248,38.58,96,92,114387
1.8915,0.2248,38.43,96,92,114391
1.8573,0.2248,38.55,96,92,114394
1.8671,0.2297,38.68,96,92,114398
1.8866,0.2346,38.62,96,92,114401
1.8768,0.2248,38.62,96,92,114404
1.9257,0.2346,38.36,96,92,114408
1.8671,0.2199,38.93,96,92,114411
1.9013,0.2199,38.65,96,92,114414
1.8817,0.2297,38.55,96,92,114418
1.9453,0.2297,38.05,96,92,114422
1.9941,0.2248,38.58,96,92,114426
2.1065,0.2444,38.43,96,92,114429
2.1896,0.2297,38.46,96,92,114433
2.3460,0.2346,38.49,96,92,114437
2.5171,0.2248,38.62,96,92,114440
2.7419,0.2248,38.68,96,92,114443
3.0352,0.2395,38.43,96,92,114446
3.2014,0.2102,38.62,96,92,114450
3.3529,0.2297,38.49,96,92,114453
3.2698,0.2297,38.62,96,92,114456
3.0743,0.2248,38.65,96,92,114460
2.8055,0.2297,38.49,96,92,114463
2.4976,0.2493,38.65,96,92,114466
2.2581,0.2297,38.43,96,92,114470
2.0039,0.2248,38.62,96,92,114473
1.8280,0.2297,38.62,96,92,114477
1.7058,0.2297,38.52,96,92,114481
1.5836,0.2248,38.62,96,92,114484
1.5543,0.2346,38.36,96,92,114487
1.4858,0.2297,38.52,96,92,114490
1.4516,0.2199,38.58,96,92,114494
1.4565,0.2297,38.55,96,92,114497
1.4418,0.2248,38.62,96,92,114500
1.5054,0.2346,38.30,96,92,114504
1.4858,0.2248,38.43,96,92,114507
1.4956,0.2444,38.58,96,92,114510
1.5249,0.2297,38.58,96,92,114514
1.5396,0.2248,38.68,96,92,114518
1.6129,0.2493,38.40,96,92,114521
1.5982,0.2297,38.55,96,92,114525
1.6080,0.2248,38.52,96,92,114528
1.6178,0.2346,38.62,96,92,114531
1.6325,0.2248,38.15,96,92,114534
1.6862,0.2444,38.52,96,92,114538
1.6618,0.2248,38.58,96,92,114541
1.6813,0.2248,38.58,96,92,114544
1.6764,0.2248,38.62,96,92,114548
1.6764,0.2248,38.62,96,92,114551
1.7058,0.2444,38.43,96,92,114554
1.6862,0.2248,38.58,96,92,114558
1.7107,0.2297,38.52,96,92,114562
1.6960,0.2199,38.55,96,92,114565
1.6862,0.2248,38.71,96,92,114569
1.7107,0.2346,38.46,96,92,114572
1.7009,0.2248,38.62,96,92,114575
1.7302,0.2248,38.43,96,92,114578
1.7107,0.2297,38.52,96,92,114582
1.7107,0.2248,38.62,96,92,114585
1.7155,0.2297,38.46,96,92,114588
1.7058,0.2248,38.68,96,92,114592
1.7400,0.2297,38.36,96,92,114595
1.7009,0.2248,38.55,96,92,114598
1.7107,0.2297,38.62,96,92,114603
1.7155,0.2297,38.58,96,92,114606
1.7058,0.2248,38.62,96,92,114609
1.7546,0.2346,38.33,96,92,114613
1.7204,0.2297,38.46,96,92,114616
1.7204,0.2444,38.58,96,92,114619
1.7400,0.2297,38.58,96,92,114622
1.7449,0.2248,38.62,96,92,114626
1.8280,0.2346,38.43,96,92,114629
1.7742,0.2297,38.30,96,92,114632
1.7693,0.2542,38.49,96,92,114636
1.7595,0.2248,38.62,96,92,114639
1.7546,0.2199,38.33,96,92,114642
1.7889,0.2444,38.46,96,92,114647
1.7644,0.2248,38.62,96,92,114650
1.7791,0.2297,38.43,96,92,114653
1.7644,0.2102,38.62,96,92,114656
1.7693,0.2248,38.58,96,92,114660
1.7889,0.2199,38.52,96,92,114663
1.7840,0.2248,38.62,96,92,114666
1.8084,0.2248,38.46,96,92,114670
1.7889,0.2102,38.58,96,92,114673
1.7986,0.2199,38.65,96,92,114676
1.8280,0.2395,38.52,96,92,114680
1.8182,0.2248,38.62,96,92,114683
1.8524,0.2297,38.36,96,92,114686
1.8328,0.2248,38.52,96,92,114691
1.8182,0.2248,38.68,96,92,114694
1.8426,0.2102,38.55,96,92,114697
1.8280,0.2248,38.58,96,92,114701
1.8866,0.2297,38.36,96,92,114704
1.8671,0.2346,38.49,96,92,114707
1.8817,0.2199,38.55,96,92,114710
1.8964,0.2297,38.58,96,92,114714
1.8964,0.2248,38.58,96,92,114717
1.9697,0.2395,38.36,96,92,114720
1.9404,0.2102,38.55,96,92,114724
1.9404,0.2199,38.58,96,92,114727
1.9404,0.2199,38.62,96,92,114731
1.9306,0.2199,38.58,96,92,114735
1.9697,0.2346,38.49,96,92,114738
1.9501,0.2248,38.62,96,92,114741
1.9697,0.2151,38.46,96,92,114744
1.9599,0.2248,38.52,96,92,114748
1.9697,0.2297,38.65,96,92,114751
2.0137,0.2297,38.46,96,92,114754
1.9892,0.2151,38.52,96,92,114758
2.0186,0.2297,38.52,96,92,114761
1.9746,0.2199,38.65,96,92,114764
1.9697,0.2297,38.62,96,92,114768
1.9844,0.2297,38.49,96,92,114771
1.9453,0.2248,38.58,96,92,114775
1.9550,0.2493,38.43,96,92,114779
1.9159,0.2199,38.55,96,92,114782
1.9159,0.2199,38.62,96,92,114785
1.9501,0.2102,38.52,96,92,114788
1.9355,0.2199,38.68,96,92,114792
1.9844,0.2297,37.59,96,92,114795
1.9453,0.2151,38.58,96,92,114798
1.9501,0.2199,38.58,96,92,114802
1.9941,0.2297,38.55,96,92,114805
1.9453,0.2199,38.65,96,92,114808
1.9990,0.2248,38.27,96,92,114812
1.9697,0.2248,38.52,96,92,114816
1.9501,0.2151,38.68,96,92,114819
1.9746,0.2199,38.55,96,92,114823
1.9453,0.2199,38.62,96,92,114826
1.9892,0.2395,38.40,96,92,114829
1.9599,0.2102,38.55,96,92,114832
1.9355,0.2199,38.58,96,92,114836
1.9355,0.2395,38.58,96,92,114839
1.9501,0.2102,38.62,96,92,114842
1.9941,0.2346,38.46,96,92,114846
1.9697,0.2199,38.58,96,92,114849
1.9941,0.2248,38.46,96,92,114852
1.9550,0.2199,38.62,96,92,114856
1.9550,0.2248,38.62,96,92,114860
1.9795,0.2199,38.55,96,92,114863
1.9746,0.2199,38.77,96,92,114867
2.0039,0.2199,38.55,96,92,114870
1.9746,0.2199,38.62,96,92,114873
1.9746,0.2199,38.55,96,92,114876
2.0381,0.2297,38.52,96,92,114880
1.9795,0.2199,38.62,96,92,114883
2.0088,0.2151,38.40,96,92,114886
2.0283,0.2151,38.52,96,92,114890
1.9892,0.2199,38.62,96,92,114893
2.0235,0.2395,38.52,96,92,114896
2.0039,0.2199,38.58,96,92,114900
2.0577,0.2248,38.36,96,92,114904
2.0235,0.2151,38.62,96,92,114907
2.0088,0.2199,38.62,96,92,114910
2.0332,0.2248,38.55,96,92,114914
2.0235,0.2151,38.62,96,92,114917
2.0919,0.2297,38.33,96,92,114920
2.0626,0.2199,38.52,96,92,114924
2.0626,0.2151,38.58,96,92,114927
2.0772,0.2151,38.58,96,92,114930
2.0821,0.2199,38.62,96,92,114934
2.1457,0.2395,38.40,96,92,114937
2.1017,0.2248,38.52,96,92,114940
2.1017,0.2151,38.52,96,92,114944
2.0870,0.2199,38.65,96,92,114948
2.0674,0.2248,38.62,96,92,114951
2.0821,0.2102,38.46,96,92,114954
2.0186,0.2248,38.49,96,92,114958
2.0088,0.2199,38.49,96,92,114961
1.9795,0.2248,38.68,96,92,114964
1.9599,0.2199,38.62,96,92,114968
1.9844,0.2542,38.49,96,92,114971
1.9648,0.2199,38.62,96,92,114974
1.9844,0.2248,38.46,96,92,114978
1.9599,0.2199,38.58,96,92,114981
1.9453,0.2199,38.62,96,92,114984
1.9404,0.2248,38.52,96,92,114988
1.9159,0.1906,38.62,96,92,114992
1.9257,0.2199,38.43,96,92,114995
1.8866,0.2199,38.65,96,92,114998
1.8866,0.2151,38.62,96,92,115002
1.8964,0.2297,38.52,96,92,115005
1.8768,0.2199,38.65,96,92,115008
1.9257,0.2346,38.36,96,92,115012
1.9110,0.2199,38.52,96,92,115015
1.8964,0.2199,38.62,96,92,115018
1.9110,0.2248,38.55,96,92,115022
1.9013,0.2151,38.62,96,92,115025
1.9599,0.2346,38.33,96,92,115028
1.9990,0.2297,38.49,96,92,115034
2.0186,0.2199,38.58,96,92,115037
2.1163,0.2199,38.46,96,92,115040
2.2190,0.2297,38.58,96,92,115044
2.4096,0.2199,38.58,96,92,115047
2.6540,0.2199,38.62,96,92,115050
2.8886,0.2151,38.62,96,92,115054
3.1818,0.2297,38.49,96,92,115057
3.3333,0.2639,38.62,96,92,115060
3.4311,0.2102,38.62,96,92,115064
3.3431,0.2248,38.58,96,92,115067
3.0401,0.2151,38.62,96,92,115070
2.7761,0.2199,38.40,96,92,115075
2.4389,0.2199,38.84,96,92,115078
2.1603,0.2346,38.58,96,92,115081
1.9550,0.2297,38.52,96,92,115084
1.7400,0.2199,38.58,96,92,115088
1.6422,0.2199,38.33,96,92,115091
1.5298,0.2199,38.52,96,92,115094
1.4663,0.2151,38.49,96,92,115098
1.4321,0.2199,38.58,96,92,115101
1.3832,0.2199,38.46,96,92,115104
1.4321,0.2346,38.30,96,92,115108
1.4076,0.2199,38.52,96,92,115111
1.4370,0.2151,38.58,96,92,115115
1.4761,0.1906,38.58,96,92,115119
1.5005,0.2493,38.62,96,92,115122
1.5738,0.2346,38.43,96,92,115125
1.5494,0.2199,38.58,96,92,115128
1.5689,0.2151,38.52,96,92,115132
1.5689,0.2199,38.58,96,92,115135
1.5738,0.2151,38.62,96,92,115138
1.6520,0.2248,38.46,96,92,115142
1.6178,0.2199,38.58,96,92,115145
1.6422,0.2248,38.46,96,92,115148
1.6178,0.2151,38.62,96,92,115152
1.6178,0.2151,38.52,96,92,115155
1.6471,0.2199,38.49,96,92,115159
1.6422,0.2199,38.62,96,92,115163
1.6862,0.2151,38.46,96,92,115166
1.6813,0.2151,38.58,96,92,115169
1.7009,0.2151,38.62,96,92,115173
1.7204,0.2248,38.52,96,92,115176
1.7058,0.2199,38.55,96,92,115179
1.7351,0.2297,38.36,96,92,115182
1.6911,0.2151,38.58,96,92,115186
1.6911,0.2151,38.62,96,92,115189
1.6960,0.2199,38.55,96,92,115192
1.7058,0.2297,38.62,96,92,115196
1.7155,0.2297,38.30,96,92,115200
1.6813,0.2199,38.55,96,92,115203
1.6862,0.2151,38.58,96,92,115207
1.7155,0.2199,38.62,96,92,115210
1.7351,0.2151,38.65,96,92,115213
1.7986,0.2346,38.43,96,92,115217
1.7644,0.2248,38.46,96,92,115220
1.7546,0.2199,38.52,96,92,115223
1.7595,0.2199,38.58,96,92,115226
1.7693,0.2199,38.62,96,92,115230
1.8328,0.2297,38.43,96,92,115233
1.7644,0.2199,38.58,96,92,115236
1.7742,0.2199,38.46,96,92,115240
1.7449,0.2151,38.62,96,92,115244
1.7400,0.2151,38.68,96,92,115247
1.7644,0.2199,38.55,96,92,115251
1.7693,0.2199,38.62,96,92,115254
1.7986,0.2248,38.65,96,92,115257
1.7889,0.2199,38.65,96,92,115261
1.8035,0.2151,38.58,96,92,115264
1.8182,0.2493,38.55,96,92,115267
1.7742,0.2199,38.65,96,92,115270
1.7840,0.2346,38.36,96,92,115274
1.7742,0.2151,38.49,96,92,115277
1.7840,0.2151,38.58,96,92,115280
1.8182,0.2102,38.55,96,92,115284
1.8133,0.2151,38.58,96,92,115288
1.8671,0.2248,38.33,96,92,115291
1.8377,0.2199,38.55,96,92,115295
1.8280,0.2151,38.65,96,92,115298
1.8377,0.2248,38.58,96,92,115301
1.8377,0.2151,38.62,96,92,115305
1.8915,0.2346,38.30,96,92,115308
1.8475,0.2199,38.55,96,92,115311
1.8426,0.2151,38.55,96,92,115314
1.8524,0.2297,38.58,96,92,115318
1.8866,0.2151,38.62,96,92,115321
1.9550,0.2639,38.49,96,92,115324
1.9257,0.2199,38.58,96,92,115329
1.9404,0.2199,37.87,96,92,115332
1.9501,0.2102,38.62,96,92,115335
1.9648,0.2151,38.62,96,92,115339
1.9941,0.2395,38.49,96,92,115342
1.9599,0.2199,38.62,96,92,115345
1.9844,0.2297,38.49,96,92,115349
1.9550,0.2102,38.62,96,92,115352
1.9599,0.2151,38.62,96,92,115355
1.9844,0.2199,38.46,96,92,115359
1.9501,0.2151,38.58,96,92,115362
1.9746,0.2151,38.46,96,92,115365
1.9550,0.2151,38.55,96,92,115368
1.9746,0.2151,38.71,96,92,115373
1.9990,0.2346,38.52,96,92,115376
1.9844,0.2102,38.62,96,92,115379
1.9990,0.2248,38.36,96,92,115383
1.9550,0.2151,38.58,96,92,115386
1.9844,0.2151,38.62,96,92,115389
1.9990,0.2542,38.55,96,92,115393
1.9795,0.2199,38.68,96,92,115396
2.0235,0.2346,38.36,96,92,115399
1.9697,0.2199,38.52,96,92,115403
1.9404,0.2102,38.58,96,92,115406
1.9208,0.2199,38.58,96,92,115409
1.9013,0.2151,38.62,96,92,115412
1.9306,0.2297,38.36,96,92,115417
1.9062,0.2199,38.52,96,92,115420
1.9013,0.2151,38.49,96,92,115423
1.8915,0.2248,38.68,96,92,115427
1.8671,0.2151,38.62,96,92,115430
1.8719,0.2297,38.46,96,92,115433
1.8622,0.1906,38.58,96,92,115437
1.8915,0.2199,38.65,96,92,115440
1.8768,0.2151,38.62,96,92,115443
1.8915,0.2151,38.58,96,92,115447
1.9257,0.2248,38.55,96,92,115450
1.8524,0.2199,38.58,96,92,115453
1.8719,0.2199,38.65,96,92,115457
1.8475,0.2199,38.62,96,92,115461
1.8622,0.2151,38.71,96,92,115464
1.9306,0.2199,38.49,96,92,115467
1.8817,0.2199,38.62,96,92,115471
1.9257,0.2248,38.36,96,92,115474
1.9159,0.2199,38.49,96,92,115477
1.9062,0.2151,38.71,96,92,115481
1.9404,0.2346,38.52,96,92,115484
1.9062,0.2199,38.62,96,92,115487
1.9501,0.2297,38.36,96,92,115491
1.9257,0.2199,38.52,96,92,115494
1.9306,0.2151,38.62,96,92,115497
1.9453,0.2102,38.58,96,92,115501
1.9208,0.2151,38.65,96,92,115505
1.9746,0.2346,38.40,96,92,115508
1.9404,0.2248,38.52,96,92,115511
1.9355,0.2151,38.65,96,92,115515
1.9697,0.2151,38.58,96,92,115518
1.9550,0.2151,38.81,96,92,115521
2.0088,0.2297,38.49,96,92,115525
1.9599,0.2199,38.62,96,92,115528
1.9844,0.2199,38.58,96,92,115531
1.9844,0.2102,38.58,96,92,115535
1.9844,0.2151,38.62,96,92,115538
2.0088,0.2493,38.40,96,92,115542
1.9795,0.2199,38.62,96,92,115546
2.0283,0.2248,38.55,96,92,115549
2.0088,0.2346,38.62,96,92,115552
2.0088,0.2199,38.68,96,92,115555
2.0430,0.2248,38.52,96,92,115559
2.0186,0.2199,38.68,96,92,115562
2.0039,0.2199,38.43,96,92,115565
1.9306,0.2151,38.55,96,92,115569
1.9110,0.2151,38.62,96,92,115572
1.9208,0.2248,38.52,96,92,115575
1.9110,0.2199,38.68,96,92,115578
1.9453,0.2248,38.40,96,92,115582
1.8866,0.2248,38.68,96,92,115586
1.8866,0.1906,38.62,96,92,115589
1.8866,0.2248,38.52,96,92,115593
1.8573,0.2102,38.58,96,92,115596
1.8719,0.2297,37.56,96,92,115599
1.8231,0.2297,38.52,96,92,115603
1.8084,0.2102,38.58,96,92,115606
1.8231,0.2199,38.58,96,92,115609
1.8377,0.2102,38.68,96,92,115613
1.8817,0.2297,38.43,96,92,115616
1.8377,0.2199,38.55,96,92,115619
1.8377,0.2102,38.52,96,92,115623
1.8328,0.2199,38.77,96,92,115627
1.8231,0.2199,38.62,96,92,115630
1.8524,0.2297,38.46,96,92,115633
1.8280,0.2199,38.52,96,92,115637
1.8280,0.2199,38.46,96,92,115640
1.8035,0.2199,38.62,96,92,115643
1.9697,0.2199,37.87,96,92,115648
2.0528,0.2199,38.58,96,92,115651
2.2141,0.2297,38.52,96,92,115655
2.3656,0.2199,38.58,96,92,115658
2.6246,0.2248,38.43,96,92,115661
2.8299,0.2248,38.55,96,92,115665
3.0547,0.2151,38.62,96,92,115668
3.3040,0.2248,38.55,96,92,115672
3.3969,0.2199,38.77,96,92,115676
3.4262,0.2297,38.36,96,92,115679
3.1134,0.2248,38.49,96,92,115682
2.7517,0.2151,38.58,96,92,115685
2.4194,0.2248,38.58,96,92,115689
2.1261,0.2199,38.62,96,92,115692
1.9306,0.2346,38.40,96,92,115695
1.6862,0.2199,38.52,96,92,115699
1.5298,0.2151,38.49,96,92,115702
1.4223,0.2199,38.62,96,92,115705
1.3734,0.2199,38.62,96,92,115709
1.3734,0.2297,38.43,96,92,115713
1.3196,0.2248,38.58,96,92,115716
1.3099,0.2199,38.49,96,92,115719
1.3148,0.2199,38.55,96,92,115723
1.3343,0.2199,38.58,96,92,115726
1.3734,0.2346,38.46,96,92,115729
1.3636,0.2346,38.68,96,92,115733
1.4223,0.2297,38.49,96,92,115736
1.4076,0.2151,38.55,96,92,115739
1.4418,0.2199,38.55,96,92,115743
1.4858,0.2248,38.49,96,92,115746
1.4858,0.2199,38.62,96,92,115749
1.5298,0.2395,38.43,96,92,115753
1.5445,0.2199,38.52,96,92,115757
1.5689,0.2199,38.58,96,92,115760
1.5885,0.2346,38.55,96,92,115763
1.5689,0.1906,38.65,96,92,115767
1.6178,0.2248,38.33,96,92,115770
1.5982,0.2151,38.55,96,92,115773
1.5787,0.2199,38.62,96,92,115777
1.5885,0.2151,38.62,96,92,115780
1.5885,0.2199,38.65,96,92,115783
1.6520,0.2395,38.33,96,92,115787
1.6422,0.2248,38.58,96,92,115790
1.6520,0.2151,38.62,96,92,115793
1.6911,0.2102,38.58,96,92,115798
1.6569,0.2199,38.62,96,92,115801
1.6960,0.2297,38.46,96,92,115804
1.6667,0.2248,38.52,96,92,115807
1.6618,0.2199,38.58,96,92,115811
1.6471,0.2151,38.68,96,92,115814
1.6520,0.2151,38.65,96,92,115817
1.6911,0.2542,38.49,96,92,115821
1.6813,0.1906,38.62,96,92,115824
1.7009,0.2248,38.46,96,92,115827
1.6764,0.2199,38.62,96,92,115831
1.6764,0.2151,38.62,96,92,115834
1.6960,0.2444,38.55,96,92,115837
1.6862,0.1906,38.58,96,92,115842
1.7009,0.2199,38.46,96,92,115845
1.6667,0.2248,38.62,96,92,115848
1.6618,0.2199,38.58,96,92,115851
1.6862,0.2248,38.52,96,92,115855
1.6862,0.2199,38.62,96,92,115858
1.7302,0.2248,38.40,96,92,115861
1.7155,0.2199,38.49,96,92,115865
1.7009,0.2102,38.62,96,92,115868
1.7009,0.2297,38.36,96,92,115871
1.6813,0.2248,38.62,96,92,115875
1.7302,0.2297,38.33,96,92,115878
1.6960,0.2199,38.46,96,92,115881
1.6960,0.2199,38.58,96,92,115886
1.7107,0.2248,38.58,96,92,115889
1.7009,0.2199,38.68,96,92,115892
1.7351,0.2297,38.36,96,92,115895
1.6764,0.2248,38.58,96,92,115899
1.6667,0.2151,38.52,96,92,115902
1.6520,0.2199,38.58,96,92,115905
1.6520,0.2199,38.58,96,92,115909
1.7009,0.2248,38.49,96,92,115912
1.7155,0.2199,38.55,96,92,115915
1.7155,0.2199,38.55,96,92,115919
1.6960,0.2199,38.62,96,92,115922
1.7058,0.2199,38.62,96,92,115926
1.7498,0.2297,38.43,96,92,115930
1.7400,0.2248,38.55,96,92,115933
1.7644,0.2297,38.49,96,92,115936
1.7400,0.2444,38.62,96,92,115939
1.7498,0.2151,38.58,96,92,115943
1.7693,0.2297,38.46,96,92,115946
1.7742,0.2199,38.58,96,92,115949
1.7986,0.2199,38.46,96,92,115953
1.7986,0.2199,38.58,96,92,115956
1.8328,0.2102,38.62,96,92,115959
1.8280,0.2248,38.52,96,92,115963
1.8035,0.2248,38.58,96,92,115966
1.8231,0.2248,38.36,96,92,115970
1.7840,0.2151,38.58,96,92,115974
1.7840,0.2248,38.62,96,92,115977
1.8035,0.2297,38.62,96,92,115980
1.7889,0.2151,38.58,96,92,115983
1.8328,0.2346,38.30,96,92,115987
1.7889,0.2248,38.77,96,92,115990
1.7644,0.2151,38.58,96,92,115993
1.7644,0.2248,38.68,96,92,115997
1.7595,0.2199,38.62,96,92,116000
1.8231,0.2346,38.40,96,92,116003
1.8035,0.2297,38.52,96,92,116007
1.7986,0.2199,38.55,96,92,116011
1.7889,0.2199,38.65,96,92,116014
1.7742,0.2199,38.62,96,92,116017
1.7937,0.2248,38.46,96,92,116021
1.7644,0.2248,38.55,96,92,116024
1.7742,0.2199,38.55,96,92,116027
1.7498,0.2297,38.58,96,92,116031
1.7498,0.2199,38.58,96,92,116034
1.7693,0.2493,38.52,96,92,116037
1.7693,0.2297,38.58,96,92,116041
1.7986,0.2297,38.52,96,92,116044
1.7644,0.2199,38.68,96,92,116047
1.7644,0.2199,38.62,96,92,116051
1.7791,0.2297,38.46,96,92,116055
1.7400,0.2199,38.58,96,92,116058
1.7595,0.2248,38.40,96,92,116061
1.7302,0.2199,38.52,96,92,116065
1.7204,0.2199,38.62,96,92,116068
1.7449,0.2297,38.52,96,92,116071
1.7302,0.2199,38.62,96,92,116075
1.7644,0.2346,38.36,96,92,116078
1.7302,0.2199,38.46,96,92,116081
1.7204,0.2248,38.68,96,92,116085
1.7400,0.2248,38.58,96,92,116088
1.7400,0.2199,38.62,96,92,116091
1.7986,0.2346,38.36,96,92,116094
1.7595,0.2102,38.49,96,92,116099
1.7693,0.2151,38.65,96,92,116102
1.7742,0.2248,38.58,96,92,116105
1.7791,0.2199,38.81,96,92,116109
1.8328,0.2395,38.43,96,92,116112
1.8133,0.2297,38.52,96,92,116115
1.8182,0.2199,37.83,96,92,116119
1.8084,0.2248,38.62,96,92,116122
1.8133,0.2199,38.68,96,92,116125
1.8426,0.2346,38.43,96,92,116129
1.8133,0.2248,38.58,96,92,116132
1.8328,0.2248,38.46,96,92,116135
1.8133,0.2199,38.62,96,92,116139
1.8182,0.2199,38.58,96,92,116143
1.8524,0.2444,38.49,96,92,116146
1.8671,0.2199,38.58,96,92,116149
1.8817,0.2248,38.49,96,92,116153
1.8671,0.2199,38.58,96,92,116156
1.9062,0.2102,38.62,96,92,116159
1.9062,0.2248,38.58,96,92,116163
1.9013,0.2444,38.62,96,92,116166
1.9404,0.2248,38.40,96,92,116169
1.8964,0.2199,38.62,96,92,116173
1.9062,0.2199,38.62,96,92,116176
1.8622,0.2297,38.55,96,92,116179
1.8280,0.2199,38.58,96,92,116183
1.8280,0.2346,38.33,96,92,116187
1.7937,0.2248,38.65,96,92,116190
1.7791,0.2248,38.62,96,92,116193
1.7840,0.2297,38.68,96,92,116197
1.7693,0.2199,37.87,96,92,116200
1.8035,0.2444,38.33,96,92,116203
1.7498,0.2297,38.52,96,92,116207
1.7204,0.2199,38.55,96,92,116210
1.7155,0.2248,38.58,96,92,116213
1.6862,0.2199,38.62,96,92,116217
1.7107,0.2346,38.46,96,92,116220
1.6716,0.2297,38.55,96,92,116224
1.6716,0.2248,38.36,96,92,116227
1.6667,0.2199,38.58,96,92,116231
1.6667,0.2199,38.62,96,92,116234
1.6911,0.2297,38.55,96,92,116237
1.6813,0.2248,37.80,96,92,116241
1.7009,0.2297,38.46,96,92,116244
1.6667,0.2102,38.62,96,92,116247
1.6716,0.2199,38.62,96,92,116251
1.6911,0.2346,38.49,96,92,116254
1.8280,0.2346,38.52,96,92,116259
1.8719,0.2199,38.62,96,92,116262
2.0235,0.2346,38.36,96,92,116265
2.1408,0.2199,38.55,96,92,116270
2.3216,0.2199,38.62,96,92,116273
2.5611,0.2297,38.58,96,92,116276
2.7957,0.2199,38.58,96,92,116279
3.1232,0.2395,38.36,96,92,116283
3.2307,0.2297,38.52,96,92,116286
3.2014,0.2199,38.58,96,92,116289
3.0156,0.2248,38.65,96,92,116293
2.6931,0.2248,38.62,96,92,116296
2.3998,0.2395,38.46,96,92,116299
2.0528,0.2346,38.55,96,92,116303
1.7986,0.2346,38.49,96,92,116306
1.5885,0.2248,38.74,96,92,116310
1.4370,0.2493,38.68,96,92,116314
1.3587,0.2297,38.43,96,92,116317
1.2708,0.2248,38.55,96,92,116320
1.2463,0.2297,38.49,96,92,116323
1.2121,0.2248,38.62,96,92,116327
1.2072,0.2248,38.62,96,92,116330
1.2366,0.2297,38.46,96,92,116333
1.2463,0.2248,38.77,96,92,116337
1.2903,0.2248,38.49,96,92,116340
1.3343,0.2151,38.58,96,92,116343
1.3343,0.2248,38.62,96,92,116347
1.3734,0.2297,38.55,96,92,116350
1.3783,0.2248,38.62,96,92,116354
1.4370,0.2297,38.55,96,92,116358
1.4321,0.2199,38.58,96,92,116361
1.4418,0.2199,38.71,96,92,116364
1.4614,0.2297,38.62,96,92,116367
1.4663,0.2248,38.62,96,92,116371
1.5054,0.2737,38.30,96,92,116374
1.4907,0.2542,38.55,96,92,116377
1.5005,0.2199,38.62,96,92,116381
1.5200,0.2395,38.58,96,92,116384
1.5249,0.2199,38.68,96,92,116387
1.5787,0.2395,38.43,96,92,116391
1.5591,0.2346,38.55,96,92,116395
1.5640,0.2248,38.52,96,92,116398
1.5640,0.2248,38.62,96,92,116401
1.5689,0.2248,38.58,96,92,116405
1.5982,0.2346,38.46,96,92,116408
1.5787,0.2297,38.58,96,92,116411
1.5982,0.2248,38.46,96,92,116415
1.5836,0.2248,38.62,96,92,116418
1.5885,0.2248,38.58,96,92,116421
1.6129,0.2297,38.55,96,92,116425
1.5787,0.2248,38.62,96,92,116428
1.6031,0.2395,38.52,96,92,116431
1.5836,0.2248,38.62,96,92,116435
1.5982,0.2248,38.65,96,92,116439
1.6569,0.2346,38.49,96,92,116442
1.6129,0.2248,38.62,96,92,116446
1.6618,0.2297,38.43,96,92,116449
1.6373,0.2248,38.49,96,92,116452
1.6325,0.2248,38.58,96,92,116455
1.6618,0.2297,38.52,96,92,116459
1.6422,0.2248,38.58,96,92,116462
1.6911,0.2248,38.36,96,92,116465
1.6764,0.2248,38.52,96,92,116469
1.6764,0.2248,38.65,96,92,116472
1.6911,0.2297,38.55,96,92,116475
1.6862,0.2248,38.62,96,92,116480
1.7351,0.2395,38.33,96,92,116483
1.7009,0.2297,38.52,96,92,116486
1.7009,0.2199,38.58,96,92,116490
1.7058,0.2248,38.58,96,92,116493
1.7058,0.2199,38.62,96,92,116496
1.7498,0.2493,38.55,96,92,116499
1.7253,0.2102,38.55,96,92,116503
1.7351,0.2248,38.52,96,92,116506
1.7400,0.2102,38.58,96,92,116509
1.7351,0.2248,38.58,96,92,116513
1.7595,0.2346,38.40,96,92,116516
1.7302,0.2297,38.58,96,92,116519
1.7449,0.2297,38.49,96,92,116524
1.7204,0.2346,38.62,96,92,116527
1.7107,0.2102,38.62,96,92,116530
1.7400,0.2297,38.49,96,92,116533
1.7155,0.2248,38.52,96,92,116537
1.7498,0.2639,38.65,96,92,116540
1.7302,0.2199,38.58,96,92,116543
1.7351,0.2248,38.65,96,92,116547
1.7595,0.2297,38.52,96,92,116550
1.7449,0.2248,38.62,96,92,116553
1.7791,0.2297,38.40,96,92,116557
1.7595,0.2248,38.62,96,92,116560
1.7595,0.2248,38.55,96,92,116563
1.7791,0.2248,38.55,96,92,116568
1.7644,0.2248,38.62,96,92,116571
1.8084,0.2346,38.33,96,92,116574
1.7986,0.2102,38.49,96,92,116577
1.7889,0.2248,38.62,96,92,116581
1.8182,0.2297,38.58,96,92,116584
1.8035,0.2248,38.62,96,92,116587
1.8524,0.2444,38.52,96,92,116591
1.8035,0.2297,38.49,96,92,116594
1.7840,0.2199,38.62,96,92,116597
1.7791,0.2346,38.58,96,92,116601
1.7693,0.2297,38.62,96,92,116604
1.8133,0.2346,38.49,96,92,116608
1.7742,0.2199,38.58,96,92,116612
1.7889,0.2248,38.49,96,92,116615
1.7644,0.2248,38.49,96,92,116618
1.7644,0.2248,38.58,96,92,116621
1.7889,0.2297,38.62,96,92,116625
1.7693,0.2297,38.58,96,92,116628
1.7840,0.2102,38.46,96,92,116631
1.7595,0.2248,38.58,96,92,116635
1.7546,0.2248,38.62,96,92,116638
1.7791,0.2297,38.46,96,92,116641
1.7498,0.2102,38.58,96,92,116645
1.7644,0.2248,38.43,96,92,116648
1.7449,0.2248,38.49,96,92,116652
1.7400,0.2199,38.58,96,92,116656
1.7546,0.2297,38.52,96,92,116659
1.7351,0.2248,38.62,96,92,116662
1.7693,0.2346,38.36,96,92,116665
1.7449,0.2297,38.58,96,92,116669
1.7400,0.2346,38.62,96,92,116672
1.7595,0.2346,38.55,96,92,116675
1.7498,0.2248,38.68,96,92,116679
1.7986,0.2737,38.33,96,92,116682
1.7644,0.2248,38.52,96,92,116685
1.7693,0.2199,38.62,96,92,116689
1.7937,0.2346,38.58,96,92,116692
1.7791,0.2248,38.62,96,92,116696
1.8426,0.2395,38.40,96,92,116700
1.8133,0.2297,37.83,96,92,116703
1.8133,0.2248,38.52,96,92,116706
1.8182,0.2297,38.62,96,92,116709
1.8182,0.2248,38.58,96,92,116713
1.8573,0.2346,38.49,96,92,116716
1.8426,0.2297,38.77,96,92,116719
1.8573,0.2346,38.49,96,92,116723
1.8475,0.2297,38.62,96,92,116726
1.8524,0.2248,38.74,96,92,116729
1.8817,0.2444,38.49,96,92,116733
1.8622,0.2297,38.58,96,92,116737
1.8915,0.2297,38.49,96,92,116740
1.8671,0.2493,38.62,96,92,116744
1.8768,0.2248,38.62,96,92,116747
1.8964,0.2395,38.49,96,92,116750
1.8915,0.2199,38.62,96,92,116753
1.9208,0.2297,38.43,96,92,116757
1.8964,0.2346,38.58,96,92,116760
1.9159,0.2248,38.62,96,92,116763
1.9501,0.2346,38.52,96,92,116767
1.9453,0.2102,38.65,96,92,116770
2.0137,0.2297,38.36,96,92,116773
1.9990,0.2297,38.49,96,92,116777
1.9746,0.2102,38.62,96,92,116781
1.9746,0.2297,38.55,96,92,116784
1.9550,0.2297,38.62,96,92,116788
1.9844,0.2444,38.36,96,92,116791
1.9257,0.2346,38.49,96,92,116794
1.8817,0.2248,38.58,96,92,116797
1.8671,0.2297,38.58,96,92,116801
1.8475,0.2297,38.62,96,92,116804
1.8817,0.2297,38.43,96,92,116807
1.8377,0.2297,38.52,96,92,116811
1.8280,0.2248,38.49,96,92,116814
1.8133,0.2297,38.62,96,92,116817
1.8035,0.2297,38.62,96,92,116822
1.8133,0.2297,38.55,96,92,116825
1.7937,0.2297,38.58,96,92,116828
1.8035,0.2199,38.46,96,92,116832
1.7791,0.2297,38.55,96,92,116835
1.7791,0.2297,38.58,96,92,116838
1.8133,0.2297,38.49,96,92,116841
1.7937,0.2297,38.62,96,92,116845
1.8426,0.2346,38.49,96,92,116848
1.7889,0.2248,38.52,96,92,116851
1.7742,0.2248,38.52,96,92,116855
1.7840,0.2297,38.46,96,92,116858
1.7644,0.2248,38.58,96,92,116861
1.7889,0.2346,38.36,96,92,116866
1.9355,0.2444,38.43,96,92,116870
1.9257,0.2297,38.52,96,92,116874
2.0039,0.2346,38.52,96,92,116877
2.1261,0.2102,38.62,96,92,116880
2.2776,0.2248,38.58,96,92,116884
2.5318,0.2444,38.46,96,92,116887
2.7273,0.2297,38.58,96,92,116890
2.9717,0.2248,38.52,96,92,116893
3.1525,0.2297,38.58,96,92,116897
3.2502,0.2248,38.62,96,92,116900
3.2405,0.2395,38.49,96,92,116903
2.9668,0.2297,38.58,96,92,116908
2.6833,0.2297,38.52,96,92,116911
2.3412,0.2297,38.62,96,92,116914
2.0772,0.2248,38.58,96,92,116918
1.8866,0.2297,38.55,96,92,116921
1.6911,0.2297,38.62,96,92,116924
1.5885,0.2297,38.46,96,92,116928
1.4712,0.2248,38.52,96,92,116931
1.4223,0.2248,38.58,96,92,116934
1.3832,0.2297,38.49,96,92,116937
1.3587,0.2297,38.58,96,92,116941
1.3783,0.2248,38.36,96,92,116944
1.3587,0.2248,38.87,96,92,116947
1.3832,0.2590,38.62,96,92,116952
1.4467,0.2346,38.55,96,92,116955
1.4174,0.2248,38.58,96,92,116958
1.4712,0.2639,38.30,96,92,116962
1.4614,0.2346,38.52,96,92,116965
1.4614,0.2248,38.62,96,92,116968
1.4907,0.2346,38.58,96,92,116971
1.5054,0.2102,38.58,96,92,116975
1.5640,0.2297,38.36,96,92,116978
1.5543,0.2346,38.46,96,92,116981
1.5591,0.2248,38.55,96,92,116985
1.5738,0.2297,38.65,96,92,116988
1.5836,0.2346,38.62,96,92,116992
1.6276,0.2297,38.46,96,92,116996
1.6031,0.2297,38.55,96,92,116999
1.6471,0.2102,38.49,96,92,117002
1.6080,0.2297,38.71,96,92,117006
1.6373,0.2297,38.58,96,92,117009
1.6276,0.2297,38.43,96,92,117012
1.6178,0.2297,38.58,96,92,117015
1.6471,0.2444,38.49,96,92,117019
1.6276,0.2297,38.62,96,92,117022
1.6373,0.2542,38.62,96,92,117025
1.6716,0.2346,38.49,96,92,117029
1.6520,0.2297,38.62,96,92,117032
1.6813,0.2346,38.43,96,92,117036
1.6618,0.2297,38.52,96,92,117040
1.6618,0.2688,38.58,96,92,117043
1.6764,0.2297,38.49,96,92,117046
1.6716,0.2248,38.71,96,92,117050
1.7204,0.2346,38.43,96,92,117053
1.7009,0.2297,38.55,96,92,117056
1.6911,0.2248,38.62,96,92,117059
1.7009,0.2346,38.55,96,92,117063
1.6862,0.2248,38.62,96,92,117066
1.7449,0.2395,38.33,96,92,117069
1.7058,0.2297,38.52,96,92,117073
1.7204,0.2248,38.62,96,92,117076
1.7302,0.2590,38.62,96,92,117080
1.7302,0.2248,38.62,96,92,117084
1.7791,0.2786,38.43,96,92,117087
1.7498,0.2346,38.58,96,92,117090
1.7498,0.2248,38.52,96,92,117094
1.7840,0.2199,38.62,96,92,117097
1.7644,0.2346,38.62,96,92,117100
1.8035,0.2395,38.49,96,92,117103
1.8280,0.2346,38.58,96,92,117107
1.8084,0.2346,38.46,96,92,117110
1.7889,0.2297,38.62,96,92,117113
1.7889,0.2102,38.62,96,92,117117
1.8182,0.2395,38.49,96,92,117121
1.7937,0.2346,38.62,96,92,117124
1.8231,0.2346,38.49,96,92,117128
1.7937,0.2248,38.55,96,92,117131
1.8231,0.2297,38.62,96,92,117134
1.7937,0.2297,38.55,96,92,117138
1.7742,0.2248,38.58,96,92,117141
1.7986,0.2346,38.43,96,92,117144
1.7693,0.2248,38.65,96,92,117147
1.7986,0.2199,38.62,96,92,117151
1.8084,0.2346,38.55,96,92,117154
1.7937,0.2199,38.62,96,92,117157
1.8377,0.2297,38.33,96,92,117161
1.8182,0.2297,38.77,96,92,117165
1.8084,0.2248,38.68,96,92,117168
1.8182,0.2297,38.68,96,92,117172
1.8035,0.2248,38.62,96,92,117175
1.8524,0.2444,38.33,96,92,117178
1.8133,0.2297,38.49,96,92,117182
1.7986,0.2248,38.55,96,92,117185
1.8035,0.2297,38.58,96,92,117188
1.8035,0.2248,38.62,96,92,117191
1.8475,0.2639,38.43,96,92,117195
1.8084,0.2346,38.58,96,92,117198
1.8133,0.2248,38.55,96,92,117201
1.7986,0.2297,38.62,96,92,117206
1.7986,0.2297,38.62,96,92,117209
1.8280,0.2395,38.52,96,92,117212
1.8182,0.2297,38.62,96,92,117216
1.8328,0.2297,38.46,96,92,117219
1.8280,0.2102,38.62,96,92,117222
1.7937,0.2248,38.58,96,92,117226
1.8133,0.2346,38.46,96,92,117229
1.7840,0.2297,38.62,96,92,117232
1.8182,0.2297,38.62,96,92,117235
1.7986,0.2248,38.52,96,92,117239
1.8133,0.2297,38.62,96,92,117242
1.8328,0.2590,38.55,96,92,117245
1.8426,0.2297,38.68,96,92,117250
1.8524,0.2297,38.40,96,92,117253
1.8231,0.2297,38.52,96,92,117256
1.8035,0.2297,38.68,96,92,117260
1.8231,0.2346,38.81,96,92,117263
1.7986,0.2493,38.68,96,92,117266
1.8475,0.2395,38.33,96,92,117269
1.7742,0.2297,38.52,96,92,117273
1.7840,0.2248,38.62,96,92,117276
1.7644,0.2297,38.58,96,92,117279
1.7498,0.2199,38.68,96,92,117283
1.8035,0.2493,38.40,96,92,117286
1.7693,0.2346,38.62,96,92,117289
1.7595,0.2248,38.58,96,92,117294
1.7595,0.2346,38.62,96,92,117297
1.7546,0.2297,38.62,96,92,117300
1.7986,0.2395,38.43,96,92,117304
1.7742,0.2297,38.49,96,92,117307
1.7840,0.2590,38.49,96,92,117310
1.7840,0.2248,38.62,96,92,117313
1.7644,0.2297,38.62,96,92,117317
1.7937,0.2493,38.46,96,92,117320
1.7693,0.2346,38.62,96,92,117323
1.7986,0.2346,38.52,96,92,117327
1.7644,0.2346,38.62,96,92,117330
1.7693,0.2248,38.62,96,92,117334
1.7840,0.2297,38.58,96,92,117338
1.7889,0.2199,38.62,96,92,117341
1.8084,0.2346,38.43,96,92,117344
1.7937,0.2395,38.68,96,92,117348
1.8328,0.2102,38.62,96,92,117351
1.8426,0.2346,38.49,96,92,117354
1.8573,0.2297,38.62,96,92,117357
1.8817,0.2297,38.36,96,92,117361
1.8719,0.2297,38.52,96,92,117364
1.8671,0.2297,38.68,96,92,117367
1.9013,0.2297,38.68,96,92,117371
1.8964,0.2199,38.62,96,92,117374
1.9648,0.2395,38.30,96,92,117378
1.9257,0.2297,38.43,96,92,117382
1.9257,0.2346,38.58,96,92,117385
1.9306,0.2297,38.58,96,92,117388
1.9306,0.2297,38.65,96,92,117392
1.9795,0.2395,38.43,96,92,117395
1.9355,0.2346,38.71,96,92,117398
1.9208,0.2493,38.55,96,92,117401
1.8964,0.2102,38.62,96,92,117405
1.8719,0.2688,38.62,96,92,117408
1.8866,0.2395,38.52,96,92,117411
1.8426,0.2297,38.65,96,92,117415
1.8426,0.2590,38.46,96,92,117419
1.8133,0.2297,38.62,96,92,117422
1.8035,0.2297,38.58,96,92,117426
1.8622,0.2444,38.46,96,92,117429
1.7889,0.2297,38.81,96,92,117432
1.8035,0.2395,38.49,96,92,117436
1.7595,0.2248,38.55,96,92,117439
1.7498,0.2297,38.58,96,92,117442
1.7693,0.2395,38.46,96,92,117445
1.7449,0.2297,38.58,96,92,117449
1.7693,0.2346,38.33,96,92,117452
1.7449,0.2297,38.52,96,92,117455
1.7498,0.2297,38.65,96,92,117459
1.7742,0.2444,38.55,96,92,117463
1.7693,0.2297,38.62,96,92,117466
1.8231,0.2346,38.30,96,92,117470
1.7937,0.2248,38.58,96,92,117473
1.7937,0.2248,38.68,96,92,117476
1.7986,0.2542,38.55,96,92,117480
1.8964,0.2395,38.62,96,92,117484
1.9550,0.2297,38.58,96,92,117488
2.0870,0.2395,38.52,96,92,117491
2.1896,0.2248,38.58,96,92,117494
2.3803,0.2346,38.49,96,92,117497
2.5660,0.2297,38.58,96,92,117501
2.8006,0.2297,38.62,96,92,117505
3.0743,0.2395,38.52,96,92,117508
3.1965,0.2346,38.65,96,92,117512
3.2747,0.2346,38.52,96,92,117515
3.0890,0.2297,38.58,96,92,117518
2.8152,0.2102,38.58,96,92,117522
2.5367,0.2297,38.49,96,92,117525
2.2336,0.2395,38.58,96,92,117528
2.0235,0.2346,38.43,96,92,117531
1.7937,0.2297,38.58,96,92,117535
1.6373,0.2346,38.62,96,92,117538
1.5396,0.2395,38.68,96,92,117541
1.4761,0.2102,38.62,96,92,117545
1.4321,0.2395,38.71,96,92,117549
1.3930,0.2395,38.52,96,92,117552
1.3539,0.2297,38.62,96,92,117556
1.3587,0.2346,38.58,96,92,117559
1.3587,0.2297,38.58,96,92,117562
1.4027,0.2493,38.36,96,92,117566
1.3978,0.2346,38.49,96,92,117569
1.3930,0.2248,38.55,96,92,117572
1.4027,0.2346,38.58,96,92,117576
1.4125,0.2297,38.62,96,92,117579
1.4712,0.2395,38.49,96,92,117582
1.4614,0.2346,38.55,96,92,117585
1.4809,0.2297,38.43,96,92,117590
1.4809,0.2346,38.65,96,92,117593
1.4956,0.2248,38.68,96,92,117596
1.5298,0.2346,38.52,96,92,117600
1.5591,0.2297,38.58,96,92,117603
1.5640,0.2297,38.55,96,92,117606
1.5494,0.2199,38.62,96,92,117610
1.5738,0.2297,38.62,96,92,117613
1.6080,0.2395,38.52,96,92,117616
1.6031,0.2199,38.58,96,92,117620
1.6178,0.2297,38.52,96,92,117623
1.6031,0.2248,38.52,96,92,117626
1.6129,0.2199,38.62,96,92,117629
1.6276,0.2444,38.46,96,92,117634
1.6227,0.2102,38.62,96,92,117637
1.6373,0.2346,38.36,96,92,117640
1.6373,0.2346,38.55,96,92,117644
1.6080,0.2297,38.62,96,92,117647
1.6325,0.2346,38.58,96,92,117650
1.6325,0.2199,38.62,96,92,117654
1.6862,0.2395,38.33,96,92,117657
1.6569,0.2199,38.52,96,92,117660
1.6618,0.2248,38.58,96,92,117664
1.6667,0.2297,38.62,96,92,117667
1.6667,0.2297,38.62,96,92,117670
1.7302,0.2444,38.46,96,92,117673
1.6960,0.2395,38.55,96,92,117678
1.7009,0.2248,38.52,96,92,117681
1.6911,0.2297,38.58,96,92,117684
1.6960,0.2297,38.62,96,92,117688
1.7302,0.2395,38.43,96,92,117691
1.7058,0.2395,38.58,96,92,117694
1.7204,0.2346,38.49,96,92,117698
1.6960,0.2297,38.58,96,92,117701
1.6960,0.2297,38.68,96,92,117704
1.7253,0.2297,38.49,96,92,117708
1.7155,0.2297,38.62,96,92,117711
1.7498,0.2395,38.49,96,92,117714
1.7351,0.2248,38.65,96,92,117718
1.7693,0.2151,38.62,96,92,117722
1.7644,0.2297,38.52,96,92,117725
1.7595,0.2297,38.62,96,92,117728
1.7840,0.2346,38.43,96,92,117732
1.7693,0.2297,38.62,96,92,117735
1.7840,0.2102,38.62,96,92,117738
1.8035,0.2346,38.55,96,92,117742
1.7889,0.2248,38.58,96,92,117745
1.8377,0.2395,38.33,96,92,117748
1.8133,0.2297,38.49,96,92,117752
1.8035,0.2297,38.62,96,92,117755
1.8133,0.2346,38.55,96,92,117758
1.8133,0.2346,38.62,96,92,117762
1.8817,0.2493,38.36,96,92,117766
1.8573,0.2444,38.49,96,92,117769
1.8573,0.2248,38.55,96,92,117772
1.8671,0.2297,38.55,96,92,117776
1.8622,0.2199,38.62,96,92,117779
1.9062,0.2395,38.46,96,92,117782
1.8768,0.2395,38.55,96,92,117786
1.8915,0.2346,38.49,96,92,117789
1.8768,0.2297,38.74,96,92,117792
1.8719,0.2248,38.62,96,92,117796
1.8915,0.2395,38.15,96,92,117799
1.8768,0.2346,38.58,96,92,117803
1.8915,0.2346,38.46,96,92,117806
1.8671,0.2297,38.33,96,92,117810
1.8671,0.2346,38.62,96,92,117813
1.9013,0.2395,38.49,96,92,117816
1.8719,0.2248,38.58,96,92,117820
1.8866,0.2346,38.43,96,92,117823
1.8573,0.2297,38.52,96,92,117826
1.8328,0.2444,38.62,96,92,117830
1.8377,0.2395,38.55,96,92,117833
1.8035,0.2297,38.65,96,92,117836
1.8280,0.2346,38.36,96,92,117840
1.7889,0.2346,38.52,96,92,117843
1.7644,0.2248,38.62,96,92,117847
1.7791,0.2297,38.55,96,92,117851
1.7693,0.2639,38.58,96,92,117854
1.8231,0.2395,38.30,96,92,117857
1.7791,0.2395,38.49,96,92,117860
1.7644,0.2199,38.62,96,92,117864
1.7693,0.2297,38.58,96,92,117867
1.7595,0.2199,38.62,96,92,117870
1.8133,0.2493,38.49,96,92,117874
1.7840,0.2297,38.55,96,92,117877
1.7791,0.2297,38.55,96,92,117880
1.7644,0.2493,38.62,96,92,117884
1.7693,0.2297,38.62,96,92,117888
1.8035,0.2395,38.43,96,92,117891
1.7791,0.2346,38.55,96,92,117895
1.7937,0.2297,38.49,96,92,117898
1.7742,0.2297,38.62,96,92,117901
1.7791,0.2102,38.62,96,92,117904
1.8133,0.2346,38.46,96,92,117908
1.7986,0.2395,38.58,96,92,117911
1.8280,0.2297,38.46,96,92,117914
1.7986,0.2248,38.62,96,92,117918
1.7986,0.2297,38.65,96,92,117921
1.8231,0.2395,38.36,96,92,117924
1.8084,0.2346,38.62,96,92,117928
1.8377,0.2297,38.36,96,92,117932
1.8084,0.2199,38.58,96,92,117935
1.8035,0.2199,38.62,96,92,117939
1.8328,0.2346,38.49,96,92,117942
1.8231,0.2395,38.62,96,92,117945
1.8866,0.2395,38.33,96,92,117948
1.8719,0.2297,38.49,96,92,117952
1.8719,0.2248,38.58,96,92,117955
1.8964,0.2346,38.62,96,92,117958
1.8866,0.2297,38.62,96,92,117962
1.9404,0.2493,38.36,96,92,117965
1.9013,0.2346,38.52,96,92,117968
1.8817,0.2151,38.52,96,92,117972
1.8817,0.2297,38.65,96,92,117976
1.8817,0.2297,38.62,96,92,117979
1.9355,0.2297,38.46,96,92,117983
1.9110,0.2297,38.58,96,92,117986
1.9257,0.2297,38.46,96,92,117989
1.9208,0.2297,38.62,96,92,117992
1.9306,0.2248,38.62,96,92,117996
1.9697,0.2395,38.55,96,92,117999
1.9599,0.2297,38.71,96,92,118002
1.9844,0.2444,38.46,96,92,118006
1.9501,0.2297,38.62,96,92,118009
1.9453,0.2297,38.58,96,92,118012
1.9648,0.2346,38.46,96,92,118017
1.9159,0.2297,38.58,96,92,118020
1.9208,0.2395,38.40,96,92,118023
1.8964,0.2297,38.52,96,92,118027
1.8768,0.2297,38.68,96,92,118030
1.8866,0.2395,38.55,96,92,118033
1.8475,0.2297,38.62,96,92,118036
1.8768,0.2346,38.33,96,92,118040
1.8475,0.2297,38.52,96,92,118043
1.8182,0.2297,38.74,96,92,118046
1.8133,0.2346,38.55,96,92,118050
1.8035,0.2297,38.68,96,92,118053
1.8573,0.2395,38.30,96,92,118056
1.8182,0.2297,38.52,96,92,118061
1.8084,0.2248,38.65,96,92,118064
1.7986,0.2688,38.62,96,92,118067
1.7840,0.2346,38.62,96,92,118071
1.8328,0.2493,38.43,96,92,118074
1.8182,0.2346,38.55,96,92,118077
1.8035,0.2297,38.55,96,92,118080
1.8231,0.2346,38.58,96,92,118084
1.7937,0.2297,38.62,96,92,118087
1.8328,0.2395,38.65,96,92,118090
1.9208,0.2346,38.46,96,92,118095
1.9453,0.2395,38.62,96,92,118098
2.0381,0.2297,38.40,96,92,118103
2.1163,0.2248,38.71,96,92,118106
2.2727,0.2199,38.62,96,92,118109
2.4829,0.2395,38.55,96,92,118113
2.6882,0.2297,38.58,96,92,118116
3.0059,0.2444,38.36,96,92,118119
3.1525,0.2248,38.52,96,92,118123
3.2845,0.2297,38.62,96,92,118126
3.2796,0.2297,38.65,96,92,118129
3.0890,0.2199,38.65,96,92,118133
2.8641,0.2395,38.30,96,92,118136
2.5024,0.2297,38.52,96,92,118139
2.2190,0.2199,38.58,96,92,118142
2.0137,0.2346,38.58,96,92,118147
1.7986,0.2297,38.62,96,92,118150
1.7009,0.2493,38.40,96,92,118153
1.5591,0.2346,38.52,96,92,118157
1.4761,0.2248,38.52,96,92,118160
1.4272,0.2346,38.62,96,92,118163
1.4076,0.2297,38.62,96,92,118167
1.4223,0.2395,38.30,96,92,118170
1.4223,0.2346,38.58,96,92,118173
1.4565,0.2346,38.49,96,92,118176
1.4761,0.2297,38.62,96,92,118180
1.5103,0.2297,38.58,96,92,118183
1.5591,0.2297,38.68,96,92,118187
1.5787,0.2493,38.58,96,92,118191
1.6325,0.2346,38.52,96,92,118194
1.6276,0.2297,38.58,96,92,118197
1.6325,0.2248,38.58,96,92,118201
1.6520,0.2297,38.52,96,92,118204
1.6471,0.2297,38.62,96,92,118207
1.6813,0.2346,38.43,96,92,118211
1.6764,0.2297,38.52,96,92,118214
1.6716,0.2297,38.65,96,92,118217
1.6960,0.2395,38.58,96,92,118220
1.6716,0.2297,38.49,96,92,118224
1.7155,0.2346,38.43,96,92,118227
1.6960,0.2248,38.55,96,92,118231
1.6862,0.2542,38.58,96,92,118235
1.6960,0.2346,38.58,96,92,118238
1.6862,0.2297,38.62,96,92,118241
1.7449,0.2395,38.27,96,92,118245
1.7204,0.2297,38.49,96,92,118248
1.7155,0.2248,38.58,96,92,118251
1.7107,0.2346,38.58,96,92,118254
1.7009,0.2297,38.68,96,92,118258
1.7302,0.2444,38.46,96,92,118261
1.7009,0.2346,38.55,96,92,118264
1.6960,0.2297,38.52,96,92,118268
1.6813,0.2346,38.58,96,92,118272
1.6862,0.2297,38.62,96,92,118275
1.7155,0.2395,38.49,96,92,118279
1.7204,0.2297,38.58,96,92,118282
1.7351,0.2297,38.46,96,92,118285
1.7253,0.2542,38.65,96,92,118289
1.7351,0.2102,38.62,96,92,118292
1.7546,0.2346,38.46,96,92,118295
1.7253,0.2346,38.58,96,92,118298
1.7400,0.2346,38.46,96,92,118302
1.7058,0.2248,38.58,96,92,118305
1.7155,0.2248,38.58,96,92,118308
1.7351,0.2346,38.49,96,92,118312
1.7253,0.2297,38.77,96,92,118316
1.7546,0.2346,38.40,96,92,118319
1.7204,0.2297,38.65,96,92,118323
1.7204,0.2248,38.84,96,92,118326
1.7302,0.2395,38.55,96,92,118329
1.7155,0.2297,38.71,96,92,118333
1.7791,0.2444,38.33,96,92,118336
1.7644,0.2297,38.52,96,92,118339
1.7449,0.2248,38.62,96,92,118342
1.7449,0.2297,38.58,96,92,118346
1.7449,0.2297,38.55,96,92,118349
1.8084,0.2444,38.36,96,92,118352
1.7791,0.2395,38.49,96,92,118356
1.7742,0.2542,38.55,96,92,118360
1.7840,0.2297,38.62,96,92,118363
1.7840,0.2297,38.71,96,92,118367
1.8182,0.2346,38.46,96,92,118370
1.7840,0.2297,38.77,96,92,118373
1.7840,0.2297,38.46,96,92,118377
1.7791,0.2102,38.62,96,92,118380
1.7986,0.2248,38.62,96,92,118383
1.8671,0.2346,38.52,96,92,118386
1.8426,0.2297,38.58,96,92,118390
1.8573,0.2346,38.46,96,92,118393
1.8133,0.2297,38.62,96,92,118396
1.8231,0.2248,37.96,96,92,118401
1.8719,0.2444,38.49,96,92,118404
1.8622,0.2297,38.68,96,92,118407
1.8719,0.2444,38.49,96,92,118411
1.8524,0.2346,38.52,96,92,118414
1.8573,0.2248,38.62,96,92,118417
1.8817,0.2395,38.52,96,92,118421
1.8524,0.2297,38.62,96,92,118424
1.8768,0.2346,38.33,96,92,118427
1.8426,0.2346,38.52,96,92,118430
1.8231,0.2248,38.62,96,92,118434
1.8475,0.2248,38.55,96,92,118437
1.8768,0.2102,38.58,96,92,118440
1.9013,0.2395,38.30,96,92,118445
1.8622,0.2248,38.52,96,92,118448
1.8622,0.2151,38.58,96,92,118451
1.8622,0.2297,38.62,96,92,118455
1.8426,0.2248,38.62,96,92,118458
1.8719,0.2444,38.33,96,92,118461
1.8328,0.2346,38.55,96,92,118465
1.8426,0.2102,38.52,96,92,118468
1.8231,0.2297,38.58,96,92,118471
1.8328,0.2199,38.62,96,92,118474
1.8719,0.2395,38.43,96,92,118478
1.8524,0.2248,38.55,96,92,118481
1.8280,0.2346,38.49,96,92,118484
1.7937,0.2297,38.55,96,92,118489
1.8035,0.2248,38.62,96,92,118492
1.8475,0.2297,38.52,96,92,118495
1.8280,0.2297,38.71,96,92,118499
1.8622,0.2639,38.49,96,92,118502
1.8377,0.2248,38.58,96,92,118505
1.8377,0.2248,38.62,96,92,118508
1.8328,0.2248,38.55,96,92,118512
1.8133,0.2102,38.58,96,92,118515
1.8280,0.2297,38.77,96,92,118518
1.7986,0.2395,38.68,96,92,118522
1.8133,0.2248,38.62,96,92,118525
1.8426,0.2444,38.62,96,92,118529
1.8426,0.2297,38.62,96,92,118533
1.9110,0.2346,38.33,96,92,118536
1.8915,0.2395,38.49,96,92,118539
1.8768,0.2248,38.62,96,92,118543
1.8915,0.2444,38.58,96,92,118546
1.8768,0.2248,38.62,96,92,118549
1.9306,0.2297,38.30,96,92,118552
1.8817,0.2297,38.43,96,92,118556
1.8671,0.2248,38.58,96,92,118559
1.8719,0.2297,38.58,96,92,118562
1.8866,0.2297,38.52,96,92,118566
1.9599,0.2395,38.43,96,92,118569
1.9355,0.2297,38.55,96,92,118573
1.9453,0.2248,38.52,96,92,118577
1.9453,0.2297,38.58,96,92,118580
1.9501,0.2248,38.62,96,92,118583
1.9844,0.2395,38.52,96,92,118587
1.9550,0.2297,38.58,96,92,118590
1.9697,0.2297,38.52,96,92,118593
1.9648,0.2297,38.62,96,92,118596
1.9795,0.2248,38.62,96,92,118600
2.0283,0.2395,38.49,96,92,118603
2.0039,0.2297,38.62,96,92,118606
2.0235,0.2297,38.49,96,92,118610
1.9844,0.2248,38.49,96,92,118614
1.9795,0.2248,38.65,96,92,118617
1.9892,0.2297,38.46,96,92,118621
1.9697,0.2248,38.58,96,92,118624
1.9941,0.2346,38.43,96,92,118627
1.9550,0.2248,38.55,96,92,118630
1.9355,0.2297,38.62,96,92,118634
1.9404,0.2297,38.55,96,92,118637
1.9208,0.2248,38.68,96,92,118640
1.9550,0.2346,38.33,96,92,118644
1.8915,0.2346,38.58,96,92,118647
1.8866,0.2248,38.58,96,92,118650
1.9013,0.2346,38.58,96,92,118654
1.8719,0.2297,38.81,96,92,118658
1.9404,0.2395,38.33,96,92,118661
1.8622,0.2297,38.52,96,92,118665
1.8377,0.2248,38.52,96,92,118668
1.8426,0.2297,38.58,96,92,118671
1.8573,0.2248,38.68,96,92,118674
1.9208,0.2639,38.40,96,92,118678
1.8964,0.2346,38.55,96,92,118681
1.8964,0.2248,38.52,96,92,118684
1.8817,0.2639,38.58,96,92,118688
1.8817,0.2248,38.62,96,92,118691
1.8915,0.2346,38.43,96,92,118694
1.8817,0.2199,38.58,96,92,118699
1.8866,0.2297,38.46,96,92,118702
1.8573,0.2297,38.62,96,93,118705
1.9892,0.2248,38.58,96,93,118710
2.0919,0.2102,38.62,96,93,118713
2.2630,0.2346,38.58,96,93,118717
2.4340,0.2199,38.58,96,93,118720
2.7370,0.2346,38.33,96,93,118723
2.9570,0.2297,38.46,96,93,118726
3.1818,0.2248,38.62,96,93,118730
3.4018,0.2346,38.55,96,93,118733
3.4409,0.2248,38.58,96,93,118736
3.3920,0.2542,38.33,96,93,118740
3.0352,0.2297,38.68,96,93,118744
2.6686,0.2199,38.58,96,93,118747
2.3803,0.2395,38.58,96,93,118751
2.0430,0.2248,38.62,96,93,118754
1.8719,0.2444,38.46,96,93,118757
1.6618,0.2297,38.62,96,93,118760
1.5347,0.2297,38.49,96,93,118764
1.4565,0.2297,38.62,96,93,118767
1.4076,0.2199,38.62,96,93,118770
1.4027,0.2395,38.52,96,93,118774
1.3734,0.2297,38.55,96,93,118777
1.3978,0.2346,38.46,96,93,118780
1.3978,0.2297,38.62,96,93,118785
1.4321,0.2199,38.62,96,93,118788
1.4956,0.2395,38.40,96,93,118791
1.5152,0.2297,38.62,96,93,118795
1.5543,0.2297,38.02,96,93,118798
1.5543,0.2737,38.58,96,93,118801
1.5934,0.2248,38.62,96,93,118804
1.6325,0.2590,38.46,96,93,118808
1.6569,0.2297,38.58,96,93,118811
1.6911,0.2346,38.40,96,93,118814
1.6813,0.2346,38.52,96,93,118818
1.6862,0.2248,38.62,96,93,118821
1.7155,0.2297,38.58,96,93,118824
1.7204,0.2248,38.58,96,93,118829
1.7742,0.2395,38.33,96,93,118832
1.7351,0.2248,38.58,96,93,118835
1.7351,0.2297,38.62,96,93,118839
1.7351,0.2297,38.58,96,93,118842
1.7302,0.2199,38.58,96,93,118845
1.7889,0.2395,38.36,96,93,118848
1.7595,0.2297,38.55,96,93,118852
1.7498,0.2248,38.52,96,93,118855
1.7498,0.2297,38.58,96,93,118858
1.7449,0.2248,38.15,96,93,118862
1.7840,0.2444,38.40,96,93,118865
1.7644,0.2297,38.58,96,93,118868
1.7742,0.2297,38.46,96,93,118873
1.7644,0.2297,38.58,96,93,118876
1.7791,0.2248,38.62,96,93,118879
1.8475,0.2346,38.46,96,93,118883
1.7986,0.2297,38.58,96,93,118886
1.8377,0.2297,38.49,96,93,118889
1.8231,0.2444,38.62,96,93,118892
1.8328,0.2248,38.62,96,93,118896
1.8426,0.2297,38.49,96,93,118899
1.8328,0.2199,38.58,96,93,118902
1.8671,0.2248,38.46,96,93,118906
1.8377,0.2248,38.62,96,93,118909
1.8524,0.2248,38.62,96,93,118913
1.8671,0.2297,38.49,96,93,118917
1.8426,0.2297,38.62,96,93,118920
1.8719,0.2346,38.36,96,93,118923
1.8426,0.2395,38.49,96,93,118927
1.8280,0.2248,38.62,96,93,118930
1.8426,0.2395,38.52,96,93,118933
1.8328,0.2346,38.62,96,93,118936
1.8768,0.2395,38.30,96,93,118940
1.8377,0.2346,38.49,96,93,118943
1.8280,0.2248,38.62,96,93,118946
1.8280,0.2297,38.68,96,93,118950
1.8182,0.2444,38.62,96,93,118953
1.8719,0.2444,38.43,96,93,118957
1.8231,0.2297,38.52,96,93,118961
1.8475,0.2248,38.49,96,93,118964
1.8231,0.2297,37.87,96,93,118967
1.8328,0.2199,38.58,96,93,118971
1.8622,0.2395,38.52,96,93,118974
1.8426,0.2297,38.58,96,93,118977
1.8671,0.2346,38.49,96,93,118980
1.8475,0.2297,38.77,96,93,118984
1.8622,0.2346,38.58,96,93,118987
1.9013,0.2297,38.46,96,93,118990
1.8964,0.2297,38.55,96,93,118994
1.9404,0.2346,38.49,96,93,118998
1.9110,0.2248,38.55,96,93,119001
1.9208,0.2248,38.58,96,93,119005
1.9550,0.2346,38.49,96,93,119008
1.9453,0.2297,38.52,96,93,119011
1.9892,0.2346,38.40,96,93,119015
1.9648,0.2248,38.55,96,93,119018
1.9550,0.2248,38.62,96,93,119021
1.9697,0.2444,38.55,96,93,119024
1.9501,0.2297,38.62,96,93,119028
1.9892,0.2346,38.27,96,93,119031
1.9453,0.2248,38.55,96,93,119034
1.9501,0.2248,38.58,96,93,119038
1.9550,0.2297,38.58,96,93,119042
1.9453,0.2248,38.68,96,93,119045
2.0039,0.2688,38.30,96,93,119049
1.9697,0.2248,38.55,96,93,119052
1.9550,0.2102,38.58,96,93,119055
1.9648,0.2297,38.58,96,93,119058
1.9648,0.2248,38.62,96,93,119062
2.0186,0.2395,38.43,96,93,119065
1.9795,0.2297,38.52,96,93,119068
1.9501,0.2248,38.49,96,93,119072
1.9159,0.2297,38.62,96,93,119075
1.8915,0.2248,38.62,96,93,119078
1.9110,0.2346,38.46,96,93,119083
1.8768,0.2297,38.52,96,93,119086
1.8915,0.2346,38.46,96,93,119089
1.8719,0.2297,38.58,96,93,119093
1.8719,0.2248,38.62,96,93,119096
1.8768,0.2102,38.52,96,93,119099
1.8524,0.2297,38.58,96,93,119102
1.8671,0.2297,38.46,96,93,119106
1.8280,0.2297,38.62,96,93,119109
1.8280,0.2248,38.65,96,93,119112
1.8524,0.2346,38.46,96,93,119116
1.8231,0.2297,38.52,96,93,119119
1.8573,0.2346,38.43,96,93,119122
1.8426,0.2297,38.52,96,93,119127
1.8328,0.2248,38.55,96,93,119130
1.8524,0.2297,38.52,96,93,119133
1.8377,0.2248,38.58,96,93,119137
1.8964,0.2444,38.33,96,93,119140
1.8671,0.2297,38.52,96,93,119143
1.8671,0.2346,38.68,96,93,119147
1.8817,0.2297,38.62,96,93,119150
1.8817,0.2248,38.58,96,93,119153
1.9404,0.2395,38.40,96,93,119156
1.8964,0.2297,38.55,96,93,119160
1.8915,0.2248,38.52,96,93,119163
1.8915,0.2297,38.58,96,93,119166
1.8915,0.2248,38.58,96,93,119171
1.9697,0.2395,38.52,96,93,119174
1.9110,0.2297,38.58,96,93,119177
1.9257,0.2297,38.46,96,93,119181
1.9013,0.2297,38.58,96,93,119184
1.9062,0.2248,38.58,96,93,119187
1.9453,0.2346,38.46,96,93,119191
1.9257,0.2639,38.65,96,93,119194
1.9697,0.2346,38.52,96,93,119197
1.9404,0.2199,38.58,96,93,119200
1.9453,0.2248,38.62,96,93,119204
1.9941,0.2346,38.49,96,93,119207
1.9599,0.2248,38.58,96,93,119211
1.9941,0.2248,38.40,96,93,119215
1.9795,0.2297,38.58,96,93,119218
1.9990,0.2248,38.62,96,93,119221
2.0381,0.2346,38.46,96,93,119225
2.0381,0.2248,38.58,96,93,119228
2.0821,0.2346,38.33,96,93,119231
2.0381,0.2199,38.55,96,93,119234
2.0332,0.2297,38.65,96,93,119238
2.0283,0.2199,38.58,96,93,119241
1.9892,0.2248,38.62,96,93,119244
2.0186,0.2346,38.36,96,93,119248
1.9599,0.2297,38.52,96,93,119251
1.9404,0.2199,38.62,96,93,119255
1.9404,0.2199,38.55,96,93,119259
1.9306,0.2199,38.62,96,93,119262
1.9795,0.2395,38.62,96,93,119265
1.9404,0.2346,38.52,96,93,119269
1.9306,0.2248,38.52,96,93,119272
1.9208,0.2248,38.62,96,93,119275
1.9062,0.2248,38.68,96,93,119278
1.9306,0.2297,38.46,96,93,119282
1.8964,0.2297,38.58,96,93,119285
1.9110,0.2297,38.46,96,93,119288
1.8719,0.2248,38.62,96,93,119292
1.8622,0.2199,38.62,96,93,119296
1.8719,0.2248,38.65,96,93,119299
1.8622,0.2248,38.62,96,93,119303
1.8964,0.2346,38.49,96,93,119306
1.8719,0.2297,38.58,96,93,119309
1.9062,0.2102,38.58,96,93,119313
1.9062,0.2346,38.55,96,93,119316
1.9648,0.2297,38.58,96,93,119321
2.0039,0.2346,38.68,96,93,119324
2.1359,0.2346,38.30,96,93,119327
2.1994,0.2248,38.71,96,93,119330
2.3314,0.2248,38.58,96,93,119334
2.5269,0.2248,38.62,96,93,119337
2.7419,0.2199,38.62,96,93,119341
3.0596,0.2395,38.43,96,93,119345
3.2356,0.2297,38.55,96,93,119348
3.3773,0.2248,38.49,96,93,119351
3.3627,0.2248,38.68,96,93,119355
3.1867,0.2248,38.58,96,93,119358
2.9277,0.2395,38.49,96,93,119361
2.5806,0.2297,38.58,96,93,119365
2.3069,0.2248,38.49,96,93,119368
2.0577,0.2248,38.62,96,93,119371
1.8573,0.2199,38.65,96,93,119374
1.7302,0.2346,38.49,96,93,119378
1.5885,0.2248,38.58,96,93,119382
1.5249,0.2297,38.52,96,93,119385
1.4516,0.2248,38.58,96,93,119389
1.4272,0.2199,38.62,96,93,119392
1.4272,0.2248,38.43,96,93,119395
1.4223,0.2248,38.62,96,93,119399
1.4663,0.2248,38.40,96,93,119402
1.4614,0.2199,38.55,96,93,119405
1.4761,0.2248,38.62,96,93,119409
1.5054,0.2297,38.52,96,93,119412
1.5298,0.2102,38.62,96,93,119415
1.5689,0.2346,38.33,96,93,119418
1.5543,0.2248,38.55,96,93,119422
1.5885,0.2248,38.62,96,93,119426
1.6178,0.2297,38.62,96,93,119429
1.6325,0.2248,38.62,96,93,119433
1.6960,0.2444,38.40,96,93,119436
1.6716,0.2248,38.58,96,93,119439
1.6716,0.2199,38.55,96,93,119443
1.6813,0.2248,38.58,96,93,119446
1.6862,0.2199,38.62,96,93,119449
1.7302,0.2346,38.40,96,93,119453
1.7155,0.2297,38.55,96,93,119456
1.7253,0.2248,38.87,96,93,119459
1.7253,0.2248,38.62,96,93,119462
1.7351,0.2199,38.62,96,93,119467
1.7644,0.2297,38.43,96,93,119470
1.7449,0.2248,38.58,96,93,119473
1.7791,0.2297,38.49,96,93,119477
1.7595,0.2199,38.65,96,93,119480
1.7644,0.2199,38.62,96,93,119483
1.7840,0.2248,38.52,96,93,119487
1.7840,0.2199,38.58,96,93,119490
1.8182,0.2248,38.49,96,93,119493
1.7986,0.2248,38.62,96,93,119497
1.8084,0.2199,38.65,96,93,119500
1.8280,0.2248,38.52,96,93,119503
1.8133,0.2248,38.62,96,93,119506
1.8377,0.2542,38.40,96,93,119511
1.8426,0.2102,38.49,96,93,119514
1.8035,0.2199,38.62,96,93,119517
1.8182,0.2346,38.55,96,93,119521
1.7986,0.2248,38.62,96,93,119524
1.8475,0.2346,38.36,96,93,119527
1.8084,0.2248,38.49,96,93,119531
1.7937,0.2199,38.62,96,93,119534
1.7986,0.2248,38.62,96,93,119537
1.7937,0.2102,38.62,96,93,119540
1.8475,0.2395,38.36,96,93,119544
1.8182,0.2395,38.52,96,93,119547
1.8035,0.1906,38.55,96,93,119550
1.8084,0.2248,38.68,96,93,119555
1.8084,0.2248,38.62,96,93,119558
1.8573,0.2297,38.52,96,93,119561
1.8377,0.2248,38.58,96,93,119565
1.8524,0.2248,38.46,96,93,119568
1.8377,0.2248,38.46,96,93,119571
1.8426,0.2248,38.68,96,93,119575
1.8817,0.2297,38.46,96,93,119578
1.8573,0.2248,38.55,96,93,119581
1.8866,0.2346,38.49,96,93,119584
1.8622,0.2199,38.58,96,93,119588
1.8671,0.2199,38.71,96,93,119591
1.8817,0.2297,38.52,96,93,119595
1.8817,0.2199,38.58,96,93,119599
1.9159,0.2199,38.43,96,93,119602
1.8964,0.2199,38.65,96,93,119605
1.9013,0.2542,38.62,96,93,119609
1.9355,0.2297,38.52,96,93,119612
1.9257,0.2199,38.74,96,93,119615
1.9746,0.2493,38.33,96,93,119619
1.9404,0.2199,38.62,96,93,119622
1.9453,0.2199,38.58,96,93,119625
1.9844,0.2199,38.55,96,93,119628
1.9404,0.2199,38.71,96,93,119632
1.9941,0.2395,38.30,96,93,119635
1.9599,0.2248,38.52,96,93,119639
1.9404,0.2151,38.77,96,93,119643
1.9404,0.2248,38.58,96,93,119646
1.9355,0.2199,38.68,96,93,119649
1.9795,0.2346,38.27,96,93,119653
1.9355,0.2102,38.52,96,93,119656
1.9257,0.2199,38.52,96,93,119659
1.9110,0.2248,38.62,96,93,119663
1.9355,0.2151,38.62,96,93,119666
1.9306,0.2297,38.43,96,93,119669
1.9404,0.2199,38.58,96,93,119672
1.9257,0.2248,38.46,96,93,119676
1.9013,0.2248,38.65,96,93,119680
1.9062,0.2248,38.62,96,93,119683
1.9110,0.2248,38.65,96,93,119687
1.8964,0.2248,38.58,96,93,119690
1.9306,0.2102,38.49,96,93,119693
1.8915,0.2199,38.62,96,93,119697
1.8964,0.2297,38.68,96,93,119700
1.9159,0.2297,38.49,96,93,119703
1.8768,0.2248,38.62,96,93,119707
1.9013,0.2248,38.40,96,93,119710
1.8671,0.2248,38.49,96,93,119713
1.8426,0.2248,38.62,96,93,119716
1.8622,0.2297,38.52,96,93,119720
1.8328,0.2444,38.68,96,93,119724
1.8817,0.2346,38.33,96,93,119727
1.8426,0.2248,38.52,96,93,119731
1.8280,0.2151,38.68,96,93,119734
1.8377,0.2248,38.58,96,93,119737
1.8231,0.2199,38.65,96,93,119741
1.8768,0.2444,38.36,96,93,119744
1.8280,0.2248,38.52,96,93,119747
1.8133,0.2248,38.55,96,93,119751
1.8084,0.2248,38.58,96,93,119754
1.8035,0.2248,38.58,96,93,119757
1.8524,0.2346,38.46,96,93,119760
1.8182,0.2297,38.55,96,93,119764
1.8133,0.2248,38.46,96,93,119768
1.7937,0.2248,38.58,96,93,119771
1.7889,0.2199,38.71,96,93,119775
1.8231,0.2346,38.43,96,93,119778
1.7937,0.2248,38.52,96,93,119781
1.8182,0.2248,38.46,96,93,119785
1.7937,0.2248,38.62,96,93,119788
1.7937,0.2199,38.58,96,93,119791
1.8524,0.2346,38.52,96,93,119795
1.7986,0.2199,38.62,96,93,119798
1.8231,0.2248,38.43,96,93,119801
1.7986,0.2199,38.55,96,93,119804
1.8084,0.2199,38.62,96,93,119809
1.8377,0.2199,38.52,96,93,119812
1.8377,0.2199,38.58,96,93,119815
1.8915,0.2297,38.36,96,93,119819
1.8622,0.2151,38.58,96,93,119822
1.8768,0.2199,38.62,96,93,119825
1.9110,0.2297,38.55,96,93,119829
1.8915,0.2248,38.62,96,93,119832
1.9648,0.2346,38.30,96,93,119835
1.9453,0.2248,38.62,96,93,119839
1.9501,0.2493,38.62,96,93,119842
1.9697,0.2248,38.58,96,93,119845
1.9599,0.2199,38.84,96,93,119848
2.0186,0.2395,38.40,96,93,119853
1.9599,0.2297,38.52,96,93,119856
1.9306,0.2199,38.52,96,93,119859
1.9257,0.2102,38.43,96,93,119863
1.8622,0.2199,38.62,96,93,119866
1.8719,0.2346,38.43,96,93,119869
1.8280,0.2248,38.58,96,93,119873
1.8377,0.2248,38.49,96,93,119876
1.7986,0.2199,38.62,96,93,119879
1.7889,0.2199,38.62,96,93,119883
1.7937,0.2248,38.46,96,93,119886
1.7693,0.2199,38.62,96,93,119889
1.7937,0.2297,38.49,96,93,119892
1.7546,0.2151,38.62,96,93,119897
1.7546,0.2199,38.62,96,93,119900
1.7742,0.2297,38.49,96,93,119903
1.7449,0.2199,38.58,96,93,119907
1.7742,0.2248,38.40,96,93,119910
1.7644,0.2248,38.52,96,93,119913
1.7644,0.2199,38.62,96,93,119917
1.7986,0.2395,38.52,96,93,119920
1.7840,0.2199,38.58,96,93,119923
1.8280,0.2297,38.40,96,93,119927
1.8426,0.2297,38.43,96,93,119930
1.8377,0.2248,38.55,96,93,119934
1.8915,0.2297,38.49,96,93,119938
1.9159,0.2248,38.62,96,93,119941
1.9892,0.2151,38.68,96,93,119944
2.1310,0.2297,38.52,96,93,119948
2.2483,0.2395,38.58,96,93,119951
2.4438,0.2248,38.46,96,93,119954
2.6344,0.2248,38.65,96,93,119958
2.8641,0.2248,38.68,96,93,119961
3.1329,0.2297,38.49,96,93,119964
3.2209,0.2248,38.62,96,93,119968
3.2454,0.2248,38.46,96,93,119971
3.0401,0.2199,38.55,96,93,119974
2.7615,0.2346,38.62,96,93,119979
2.4976,0.2297,38.46,96,93,119982
2.1994,0.2199,38.62,96,93,119985
2.0283,0.2199,38.40,96,93,119989
1.7889,0.2248,38.49,96,93,119992
1.6325,0.2199,38.58,96,93,119995
1.5445,0.2102,38.55,96,93,119998
1.4467,0.2248,38.62,96,93,120002
1.4370,0.2297,38.30,96,93,120005
1.3734,0.2199,38.55,96,93,120008
1.3685,0.2199,38.62,96,93,120012
1.3783,0.2248,38.58,96,93,120015
1.3881,0.2248,38.55,96,93,120018
1.4614,0.2444,38.36,96,93,120023
1.4467,0.2297,38.81,96,93,120026
1.4565,0.2248,38.58,96,93,120029
1.4761,0.2248,38.30,96,93,120033
1.4907,0.2248,38.65,96,93,120036
1.5396,0.2346,38.43,96,93,120039
1.5396,0.2297,38.68,96,93,120042
1.5591,0.2590,38.52,96,93,120046
1.5543,0.2199,38.62,96,93,120049
1.5689,0.2199,38.62,96,93,120052
1.6031,0.2297,38.55,96,93,120056
1.6080,0.2248,38.62,96,93,120059
1.6276,0.2346,38.46,96,93,120062
1.6178,0.2199,38.65,96,93,120067
1.6276,0.2199,38.65,96,93,120070
1.6422,0.2248,38.52,96,93,120073
1.6471,0.2248,38.65,96,93,120076
1.6813,0.2248,38.46,96,93,120080
1.6618,0.2199,38.65,96,93,120083
1.6716,0.2248,38.68,96,93,120086
1.6911,0.2297,38.55,96,93,120090
1.6862,0.2102,38.62,96,93,120093
1.7009,0.2297,38.36,96,93,120096
1.6911,0.2297,38.58,96,93,120100
1.6862,0.2542,38.62,96,93,120103
1.7155,0.2297,38.71,96,93,120107
1.7107,0.2248,38.58,96,93,120111
1.7644,0.2346,38.30,96,93,120114
1.7400,0.2346,38.55,96,93,120117
1.7449,0.2151,38.58,96,93,120120
1.7498,0.2248,38.68,96,93,120124
1.7546,0.2199,38.62,96,93,120127
1.8328,0.2395,38.43,96,93,120130
1.7840,0.2297,38.62,96,93,120134
1.7840,0.2346,38.55,96,93,120137
1.7742,0.2102,38.62,96,93,120140
1.7840,0.2199,38.62,96,93,120144
1.8231,0.2346,38.49,96,93,120147
1.7840,0.2248,38.58,96,93,120151
1.7937,0.2248,38.46,96,93,120155
1.7693,0.2248,38.62,96,93,120158
1.7644,0.2199,38.84,96,93,120161
1.7986,0.2346,38.46,96,93,120164
1.7742,0.2248,38.58,96,93,120168
1.7986,0.2346,38.49,96,93,120171
1.7791,0.2199,38.55,96,93,120174
1.7840,0.2199,38.62,96,93,120178
1.8035,0.2297,38.52,96,93,120181
1.7937,0.2248,38.62,96,93,120184
1.8231,0.2248,38.40,96,93,120188
1.8084,0.2199,38.55,96,93,120192
1.8035,0.2199,38.68,96,93,120195
1.8133,0.2297,38.52,96,93,120199
1.7937,0.2151,38.68,96,93,120202
1.8377,0.2297,38.33,96,93,120205
1.7889,0.2199,38.55,96,93,120208
1.7889,0.2102,38.58,96,93,120212
1.7889,0.2248,38.58,96,93,120215
1.7840,0.2199,38.58,96,93,120218
1.8328,0.2395,38.33,96,93,120222
1.8084,0.2297,38.52,96,93,120225
1.7986,0.2199,38.58,96,93,120228
1.8182,0.2248,38.58,96,93,120232
1.8182,0.2199,38.58,96,93,120236
1.8817,0.2346,38.43,96,93,120239
1.8573,0.2297,38.55,96,93,120243
1.8524,0.2199,38.49,96,93,120246
1.8377,0.2248,38.62,96,93,120249
1.8377,0.2199,38.62,96,93,120252
1.8671,0.2346,38.49,96,93,120256
1.8475,0.2248,38.58,96,93,120259
1.8622,0.2297,38.43,96,93,120262
1.8426,0.2248,38.65,96,93,120266
1.8475,0.2248,38.58,96,93,120269
1.8573,0.2248,38.52,96,93,120272
1.8475,0.2248,38.71,96,93,120276
1.8719,0.2248,38.46,96,93,120280
1.8426,0.2248,38.58,96,93,120283
1.8426,0.2248,38.62,96,93,120287
1.8671,0.2346,38.46,96,93,120290
1.8426,0.2199,38.62,96,93,120293
1.8817,0.2297,38.40,96,93,120296
1.8671,0.2297,38.55,96,93,120300
1.8671,0.2199,38.62,96,93,120303
1.8719,0.2346,38.46,96,93,120306
1.8524,0.2199,38.62,96,93,120310
1.8915,0.2346,38.30,96,93,120313
1.8622,0.2248,38.49,96,93,120316
1.8328,0.2199,38.58,96,93,120321
1.8231,0.2395,38.62,96,93,120324
1.8133,0.2199,38.62,96,93,120327
1.8573,0.2395,38.49,96,93,120331
1.8035,0.2199,38.55,96,93,120334
1.7937,0.2199,38.52,96,93,120337
1.7889,0.2248,38.62,96,93,120341
1.7937,0.2248,38.62,96,93,120344
1.8328,0.2493,38.55,96,93,120347
1.8133,0.2297,38.58,96,93,120350
1.8377,0.2248,38.49,96,93,120354
1.8133,0.2346,38.58,96,93,120357
1.8280,0.2199,38.65,96,93,120360
1.8671,0.2346,38.15,96,93,120365
1.8426,0.2248,38.58,96,93,120368
1.8622,0.2297,38.49,96,93,120371
1.8182,0.2199,38.52,96,93,120375
1.8377,0.2199,38.58,96,93,120378
1.8280,0.2297,38.46,96,93,120381
1.8133,0.2297,38.58,96,93,120385
1.8524,0.2346,38.40,96,93,120388
1.8280,0.2248,38.58,96,93,120391
1.8280,0.2248,38.62,96,93,120394
1.8524,0.2297,38.55,96,93,120398
1.8475,0.2248,38.62,96,93,120401
1.8964,0.2346,38.33,96,93,120404
1.8573,0.2199,38.52,96,93,120409
1.8719,0.2248,38.62,96,93,120412
1.8768,0.2297,38.55,96,93,120415
1.8817,0.2248,38.68,96,93,120419
1.9013,0.2297,38.36,96,93,120422
1.8768,0.2297,38.52,96,93,120425
1.8768,0.2151,38.55,96,93,120429
1.8915,0.2248,38.58,96,93,120432
1.9355,0.2102,38.62,96,93,120435
1.9501,0.2346,38.46,96,93,120438
1.9306,0.2199,38.55,96,93,120442
1.9355,0.2248,38.49,96,93,120445
1.9257,0.2248,38.55,96,93,120449
1.9355,0.2151,38.58,96,93,120453
1.9795,0.2297,38.43,96,93,120456
1.9697,0.2248,38.58,96,93,120459
1.9990,0.2248,38.46,96,93,120463
1.9599,0.2248,38.65,96,93,120466
1.9550,0.2395,38.62,96,93,120469
1.9648,0.2102,38.52,96,93,120473
1.9257,0.2248,38.65,96,93,120476
1.9159,0.2542,38.46,96,93,120479
1.8671,0.2248,38.65,96,93,120482
1.8524,0.2297,38.62,96,93,120486
1.8817,0.2346,38.49,96,93,120489
1.8133,0.2248,38.58,96,93,120493
1.8328,0.2395,38.36,96,93,120497
1.8133,0.2297,38.49,96,93,120500
1.8035,0.2199,38.65,96,93,120503
1.8231,0.2297,38.55,96,93,120507
1.8133,0.2248,38.55,96,93,120510
1.8524,0.2444,38.30,96,93,120513
1.8133,0.2248,38.58,96,93,120517
1.8084,0.2248,38.62,96,93,120520
1.8182,0.2248,38.58,96,93,120523
1.8084,0.2248,38.62,96,93,120526
1.8622,0.2395,38.36,96,93,120530
1.8377,0.2297,38.62,96,93,120534
1.8280,0.2199,38.52,96,93,120537
1.8231,0.2248,38.58,96,93,120541
1.8768,0.2297,38.62,96,93,120544
1.9062,0.2248,38.62,96,93,120548
1.9697,0.2297,38.55,96,93,120551
2.0283,0.2102,38.62,96,93,120554
2.0919,0.2248,38.46,96,93,120558
2.1799,0.2199,38.52,96,93,120561
2.3265,0.2248,38.65,96,93,120564
2.5611,0.2297,38.40,96,93,120568
2.7615,0.2248,38.58,96,93,120571
3.0645,0.2297,38.40,96,93,120574
3.2209,0.2297,38.52,96,93,120578
3.2796,0.2151,38.62,96,93,120582
3.2258,0.2297,38.55,96,93,120585
2.9668,0.2248,38.58,96,93,120588
2.7322,0.2395,38.30,96,93,120592
2.3607,0.2248,38.49,96,93,120595
2.0870,0.2151,38.58,96,93,120598
1.8671,0.2248,38.62,96,93,120602
1.6764,0.2493,38.62,96,93,120605
1.5934,0.2395,38.43,96,93,120608
1.4761,0.2297,38.55,96,93,120612
1.4174,0.2199,38.49,96,93,120615
1.3832,0.2248,38.55,96,93,120619
1.3636,0.2297,38.58,96,93,120622
1.3978,0.2297,38.43,96,93,120626
1.3978,0.2542,38.62,96,93,120629
1.4223,0.2199,38.49,96,93,120632
1.4223,0.2248,38.62,96,93,120636
1.4321,0.2248,38.62,96,93,120639
1.4761,0.2297,38.43,96,93,120642
1.4809,0.2248,37.87,96,93,120646
1.5249,0.2493,38.55,96,93,120649
1.5249,0.2199,38.58,96,93,120652
1.5445,0.2199,38.62,96,93,120656
1.6129,0.2102,38.49,96,93,120659
1.5885,0.2248,38.62,96,93,120663
1.6373,0.2297,38.40,96,93,120666
1.6325,0.2248,38.58,96,93,120670
1.6373,0.2199,38.62,96,93,120673
1.6325,0.2639,38.58,96,93,120676
1.5982,0.2248,38.62,96,93,120680
1.6373,0.2297,38.33,96,93,120683
1.6520,0.2248,38.52,96,93,120686
1.6178,0.2199,38.62,96,93,120690
1.6422,0.2297,38.62,96,93,120693
1.6373,0.2199,38.62,96,93,120696
1.7107,0.2297,38.33,96,93,120700
1.6911,0.2248,38.49,96,93,120704
1.6862,0.2199,38.58,96,93,120707
1.6813,0.2248,38.71,96,93,120710
1.6813,0.2248,38.62,96,93,120714
1.7351,0.2297,38.43,96,93,120717
1.7155,0.2297,38.55,96,93,120720
1.7302,0.2199,38.49,96,93,120724
1.6960,0.2248,38.58,96,93,120727
1.6911,0.2199,38.62,96,93,120730
1.7107,0.2297,38.55,96,93,120734
1.7009,0.2248,38.58,96,93,120737
1.7302,0.2297,38.43,96,93,120740
1.7058,0.2199,38.65,96,93,120744
1.7107,0.2248,38.62,96,93,120748
1.7498,0.2346,38.49,96,93,120751
1.7302,0.2248,38.58,96,93,120754
1.7644,0.2199,38.46,96,93,120758
1.7449,0.2199,38.55,96,93,120761
1.7595,0.2199,38.68,96,93,120764
1.7986,0.2297,38.52,96,93,120768
1.7986,0.2248,38.62,96,93,120771
1.8426,0.2297,38.36,96,93,120774
1.8133,0.2297,38.55,96,93,120778
1.7889,0.2199,38.58,96,93,120781
1.8133,0.2346,38.55,96,93,120784
1.7742,0.2248,38.68,96,93,120788
1.8280,0.2346,38.36,96,93,120792
1.7937,0.2248,38.58,96,93,120795
1.7986,0.2248,38.58,96,93,120798
1.8133,0.2102,38.65,96,93,120802
1.8133,0.2248,38.58,96,93,120805
1.8915,0.2444,38.43,96,93,120808
1.8475,0.2297,38.55,96,93,120812
1.8426,0.2199,38.90,96,93,120815
1.8377,0.2102,38.58,96,93,120818
1.8328,0.2248,38.62,96,93,120822
1.8622,0.2688,38.43,96,93,120825
1.8182,0.2297,38.46,96,93,120828
1.8280,0.2199,38.46,96,93,120833
1.8573,0.2102,38.62,96,93,120836
1.8524,0.2248,38.65,96,93,120839
1.8915,0.2346,38.49,96,93,120842
1.8817,0.2248,38.58,96,93,120846
1.9110,0.2297,38.49,96,93,120849
1.8964,0.2199,38.62,96,93,120852
1.9062,0.2248,38.62,96,93,120856
1.9110,0.2248,38.46,96,93,120859
1.8964,0.2199,38.62,96,93,120862
1.9110,0.2248,38.40,96,93,120866
1.8866,0.2199,38.62,96,93,120869
1.9062,0.2199,38.62,96,93,120872
1.9208,0.2297,38.49,96,93,120877
1.8915,0.2199,38.62,96,93,120880
1.9110,0.2346,38.36,96,93,120883
1.8866,0.2297,38.49,96,93,120886
1.8817,0.2248,38.68,96,93,120890
1.9013,0.2346,38.62,96,93,120893
1.8915,0.2248,38.62,96,93,120896
1.9550,0.2395,38.33,96,93,120900
1.9306,0.2248,38.49,96,93,120903
1.9159,0.2199,38.55,96,93,120906
1.9062,0.2248,38.71,96,93,120910
1.8915,0.2248,38.62,96,93,120913
1.9453,0.2395,38.46,96,93,120916
1.9110,0.2297,38.62,96,93,120921
1.8866,0.2199,38.49,96,93,120924
1.8524,0.2248,38.62,96,93,120927
1.8524,0.2151,38.62,96,93,120930
1.8817,0.2297,38.52,96,93,120934
1.8915,0.2542,38.55,96,93,120937
1.9208,0.2297,38.46,96,93,120940
1.8964,0.2297,38.62,96,93,120944
1.9110,0.2199,38.58,96,93,120947
1.9501,0.2297,38.46,96,93,120950
1.9404,0.2199,38.62,96,93,120954
1.9159,0.2248,38.46,96,93,120957
1.8768,0.2199,38.52,96,93,120961
1.8768,0.2297,38.62,96,93,120965
1.9013,0.2297,38.81,96,93,120968
1.8915,0.2248,38.58,96,93,120971
1.9453,0.2102,38.43,96,93,120974
1.9159,0.2297,38.58,96,93,120978
1.8964,0.2395,38.58,96,93,120981
1.8964,0.2297,38.55,96,93,120984
1.8915,0.2248,38.62,96,93,120988
1.9550,0.2346,38.30,96,93,120991
1.9208,0.2248,38.52,96,93,120994
1.9208,0.2199,38.62,96,93,120998
1.9404,0.2639,38.58,96,93,121001
1.9404,0.2248,38.65,96,93,121005
2.0039,0.2444,38.58,96,93,121009
1.9453,0.2297,38.52,96,93,121012
1.9208,0.2199,38.58,96,93,121015
1.9013,0.2248,38.68,96,93,121018
1.9062,0.2199,38.62,96,93,121022
1.9599,0.2297,38.43,96,93,121025
1.9453,0.2297,38.62,96,93,121028
1.9746,0.2102,38.49,96,93,121032
1.9599,0.2248,38.68,96,93,121035
1.9501,0.2248,38.58,96,93,121038
1.9844,0.2297,38.43,96,93,121042
1.9795,0.2248,38.58,96,93,121046
2.0088,0.2444,38.55,96,93,121049
2.0186,0.2248,38.62,96,93,121052
1.9941,0.2248,38.62,96,93,121056
2.0039,0.2346,38.52,96,93,121059
2.0283,0.2102,38.58,96,93,121062
2.0430,0.2248,38.46,96,93,121066
2.0332,0.2297,38.62,96,93,121069
2.0430,0.2199,38.62,96,93,121072
2.0528,0.2297,38.49,96,93,121076
2.0528,0.2248,38.62,96,93,121079
2.1359,0.2346,38.36,96,93,121082
2.0674,0.2248,38.49,96,93,121085
2.0088,0.2248,38.65,96,93,121090
1.9844,0.2346,38.52,96,93,121093
1.9257,0.2248,38.62,96,93,121096
1.9599,0.2346,38.33,96,93,121100
1.9110,0.2248,38.49,96,93,121103
1.8964,0.2248,38.62,96,93,121106
1.9062,0.2297,38.55,96,93,121110
1.8915,0.2248,38.62,96,93,121113
1.9208,0.2444,38.40,96,93,121116
1.8573,0.2297,38.55,96,93,121120
1.8475,0.2199,38.58,96,93,121123
1.8671,0.2297,38.58,96,93,121126
1.8524,0.2248,38.52,96,93,121129
1.8964,0.2346,38.49,96,93,121134
1.8768,0.2297,38.55,96,93,121137
1.8768,0.2297,38.49,96,93,121140
1.8671,0.2248,38.62,96,93,121144
1.8866,0.2248,38.71,96,93,121147
1.9208,0.2346,38.46,96,92,121150
1.8866,0.2346,38.49,96,92,121154
1.8964,0.2248,38.62,96,92,121157
1.9599,0.2297,38.33,96,92,121161
1.9746,0.2199,38.55,96,92,121164
2.0626,0.2248,38.65,96,92,121167
2.2141,0.2297,38.52,96,92,121171
2.3705,0.2248,38.62,96,92,121175
2.6686,0.2346,38.33,96,92,121178
2.8690,0.2199,38.55,96,92,121182
3.1232,0.2248,38.62,96,92,121185
3.3187,0.2297,38.58,96,92,121188
3.4066,0.2248,38.62,96,92,121191
3.4457,0.2444,38.40,96,92,121195
3.1281,0.2297,38.55,96,92,121198
2.7566,0.2151,38.55,96,92,121201
2.4096,0.2248,38.55,96,92,121205
2.1261,0.2199,38.58,96,92,121208
1.9355,0.2346,38.43,96,92,121211
1.7155,0.2493,38.62,96,92,121216
1.5738,0.2199,38.49,96,92,121219
1.4614,0.2248,38.68,96,92,121222
1.4076,0.2248,38.62,96,92,121225
1.4272,0.2297,38.46,96,92,121229
1.4125,0.2248,38.62,96,92,121232
1.4418,0.2395,38.46,96,92,121235
1.4370,0.2248,38.62,96,92,121239
1.4565,0.2248,38.58,96,92,121242
1.4956,0.2297,38.52,96,92,121245
1.5152,0.2248,38.65,96,92,121249
1.5396,0.2346,38.40,96,92,121252
1.5200,0.2248,38.58,96,92,121255
1.5543,0.2199,38.58,96,92,121260
1.5934,0.2395,38.55,96,92,121263
1.6080,0.2248,38.58,96,92,121266
1.6667,0.2542,38.36,96,92,121270
1.6618,0.2346,38.52,96,92,121273
1.6471,0.2248,38.62,96,92,121276
1.6667,0.2297,38.58,96,92,121279
1.6911,0.2248,38.68,96,92,121283
1.7644,0.2395,38.36,96,92,121286
1.7302,0.2346,38.46,96,92,121289
1.7107,0.2199,38.77,96,92,121293
1.7498,0.2248,38.62,96,92,121296
1.7253,0.2248,38.62,96,92,121299
1.7644,0.2688,38.49,96,92,121304
1.7351,0.2297,38.55,96,92,121307
1.7449,0.2248,38.49,96,92,121310
1.7742,0.2102,38.62,96,92,121314
1.7546,0.2199,38.49,96,92,121317
1.7742,0.2346,38.52,96,92,121320
1.7449,0.2346,38.62,96,92,121323
1.7644,0.2297,38.65,96,92,121327
1.7546,0.2248,38.62,96,92,121330
1.7595,0.2248,38.68,96,92,121333
1.7986,0.2395,38.49,96,92,121337
1.7791,0.2248,38.68,96,92,121340
1.7986,0.2151,38.46,96,92,121344
1.7644,0.2248,38.52,96,92,121348
1.7791,0.2248,38.52,96,92,121351
1.7937,0.2297,38.46,96,92,121354
1.7546,0.2248,38.68,96,92,121358
1.7644,0.2346,38.36,96,92,121361
1.7351,0.2297,38.55,96,92,121364
1.7400,0.2248,38.46,96,92,121367
1.7693,0.2395,38.55,96,92,121371
1.7742,0.2248,38.55,96,92,121374
1.8377,0.2346,38.52,96,92,121377
1.7986,0.2248,38.55,96,92,121381
1.7937,0.2248,37.90,96,92,121384
1.7937,0.2297,38.58,96,92,121388
1.7742,0.2248,38.62,96,92,121392
1.8133,0.2590,38.40,96,92,121395
1.7937,0.2102,38.55,96,92,121398
1.7840,0.2199,38.52,96,92,121402
1.7840,0.2346,38.58,96,92,121405
1.7889,0.2199,38.62,96,92,121408
1.8426,0.2346,38.43,96,92,121411
1.8524,0.2297,38.55,96,92,121415
1.8426,0.2297,38.49,96,92,121418
1.8035,0.2297,38.46,96,92,121421
1.7742,0.2346,38.62,96,92,121425
1.7937,0.2346,38.49,96,92,121428
1.7937,0.2248,38.55,96,92,121432
1.8475,0.2395,38.46,96,92,121436
1.8231,0.2248,38.62,96,92,121439
1.8182,0.2248,38.58,96,92,121442
1.8524,0.2199,38.52,96,92,121446
1.8426,0.2248,38.62,96,92,121449
1.8817,0.2248,38.40,96,92,121452
1.8768,0.2248,38.62,96,92,121455
1.8866,0.2199,38.46,96,92,121459
1.9013,0.2346,38.52,96,92,121462
1.8866,0.2248,38.58,96,92,121465
1.9453,0.2248,38.36,96,92,121469
1.9257,0.2297,38.52,96,92,121473
1.9062,0.2346,38.62,96,92,121476
1.9110,0.2297,38.55,96,92,121480
1.9013,0.2248,38.55,96,92,121483
1.9550,0.2346,38.33,96,92,121486
1.9208,0.2297,38.49,96,92,121490
1.9013,0.2542,38.55,96,92,121493
1.9062,0.2297,38.58,96,92,121496
1.9110,0.2297,38.65,96,92,121499
1.9697,0.2493,38.46,96,92,121503
1.9208,0.2297,38.55,96,92,121506
1.9013,0.2248,38.49,96,92,121509
1.8719,0.2248,38.58,96,92,121513
1.8671,0.2248,38.58,96,92,121517
1.8866,0.2346,38.52,96,92,121520
1.8768,0.2297,38.65,96,92,121524
1.8964,0.2297,38.43,96,92,121527
1.8719,0.2248,38.62,96,92,121530
1.8524,0.2590,38.58,96,92,121534
1.8671,0.2444,38.46,96,92,121537
1.8133,0.2297,38.58,96,92,121540
1.8280,0.2248,38.46,96,92,121543
1.7986,0.2248,38.55,96,92,121547
1.8084,0.2248,38.71,96,92,121550
1.8377,0.2346,38.46,96,92,121553
1.8084,0.2297,38.68,96,92,121558
1.8328,0.2297,38.40,96,92,121561
1.8084,0.2102,38.55,96,92,121564
1.7986,0.2248,38.62,96,92,121568
1.8084,0.2297,38.52,96,92,121571
1.8084,0.2248,38.58,96,92,121574
1.8280,0.2346,38.33,96,92,121577
1.7986,0.2248,38.52,96,92,121581
1.8231,0.2297,38.68,96,92,121584
1.8328,0.2297,38.68,96,92,121587
1.8231,0.2248,38.58,96,92,121591
1.8671,0.2444,38.36,96,92,121594
1.8328,0.2297,38.55,96,92,121597
1.8280,0.2248,38.55,96,92,121602
1.8328,0.2346,38.58,96,92,121605
1.8377,0.2199,38.62,96,92,121608
1.8768,0.2297,38.40,96,92,121612
1.8915,0.2297,38.55,96,92,121615
1.8817,0.2346,38.46,96,92,121618
1.8622,0.2248,38.81,96,92,121622
1.8622,0.2199,38.62,96,92,121625
1.8915,0.2346,38.49,96,92,121628
1.8768,0.2248,38.58,96,92,121631
1.9013,0.2395,38.46,96,92,121635
1.8768,0.2248,38.62,96,92,121638
1.8622,0.2248,38.62,96,92,121641
1.8671,0.2297,38.49,96,92,121646
1.8524,0.2248,38.62,96,92,121649
1.8719,0.2199,38.40,96,92,121652
1.8524,0.2248,38.65,96,92,121656
1.8719,0.2248,38.58,96,92,121659
1.9306,0.2346,38.52,96,92,121662
1.9062,0.2248,38.65,96,92,121666
1.9599,0.2297,38.33,96,92,121669
1.9501,0.2346,38.52,96,92,121672
1.9453,0.2248,38.62,96,92,121675
1.9795,0.2346,38.55,96,92,121679
1.9697,0.2248,38.62,96,92,121682
2.0332,0.2346,38.33,96,92,121686
1.9892,0.2297,38.55,96,92,121690
1.9746,0.2199,38.58,96,92,121693
1.9453,0.2297,38.65,96,92,121696
1.8964,0.2248,38.65,96,92,121700
1.9306,0.2297,38.43,96,92,121703
1.8671,0.2297,38.55,96,92,121706
1.8573,0.2248,38.55,96,92,121709
1.8328,0.2248,38.68,96,92,121713
1.8231,0.2248,38.62,96,92,121716
1.8377,0.2346,38.52,96,92,121719
1.8133,0.2297,38.58,96,92,121723
1.8328,0.2297,38.49,96,92,121726
1.8084,0.2248,38.55,96,92,121730
1.8231,0.2199,38.62,96,92,121734
1.8328,0.2346,38.46,96,92,121737
1.8035,0.2346,38.68,96,92,121740
1.8182,0.2346,38.49,96,92,121744
1.7840,0.2199,38.52,96,92,121747
1.7791,0.2297,38.62,96,92,121750
1.7937,0.2297,38.46,96,92,121754
1.7693,0.2248,38.52,96,92,121757
1.7889,0.2346,38.40,96,92,121760
1.8280,0.2346,38.30,96,92,121764
1.8084,0.2248,38.52,96,92,121767
1.8328,0.2199,38.62,96,92,121771
1.8719,0.2542,38.58,96,92,121775
1.9257,0.2248,38.62,96,92,121778
2.0772,0.2444,38.43,96,92,121781
2.1603,0.2395,38.55,96,92,121785
2.3118,0.2248,38.52,96,92,121788
2.5073,0.2346,38.62,96,92,121791
2.7419,0.2248,38.62,96,92,121795
3.0547,0.2346,38.40,96,92,121798
3.2307,0.2297,38.55,96,92,121801
3.3382,0.2297,38.46,96,92,121804
3.2111,0.2248,38.62,96,92,121808
2.9472,0.2199,38.62,96,92,121811
2.6442,0.2395,38.49,96,92,121815
2.2825,0.2297,38.58,96,92,121819
2.0430,0.2346,38.52,96,92,121822
1.7595,0.2248,38.62,96,92,121825
1.5640,0.2248,38.58,96,92,121829
1.4223,0.2297,38.55,96,92,121832
1.3099,0.2297,38.58,96,92,121835
1.2610,0.2297,38.43,96,92,121838
1.2463,0.2199,38.62,96,92,121842
1.2268,0.2248,38.62,96,92,121845
1.2610,0.2346,38.52,96,92,121848
1.2854,0.2248,38.62,96,92,121852
1.3441,0.2297,38.36,96,92,121856
1.3490,0.2248,38.52,96,92,121859
1.3636,0.2248,38.62,96,92,121863
1.3881,0.2248,38.55,96,92,121866
1.3978,0.2199,38.62,96,92,121869
1.4614,0.2346,38.33,96,92,121873
1.4467,0.2151,38.52,96,92,121876
1.4516,0.2199,38.58,96,92,121879
1.4858,0.2297,38.65,96,92,121883
1.5054,0.2297,38.58,96,92,121886
1.5738,0.2395,38.43,96,92,121889
1.5591,0.2297,38.62,96,92,121892
1.5640,0.2248,38.52,96,92,121896
1.5689,0.2297,38.62,96,92,121900
1.5689,0.2444,38.62,96,92,121903
1.6031,0.2346,38.52,96,92,121907
1.5787,0.2297,38.58,96,92,121910
1.6031,0.2395,38.46,96,92,121913
1.5885,0.2248,38.62,96,92,121917
1.5934,0.2248,38.58,96,92,121920
1.6276,0.2395,38.49,96,92,121923
1.6031,0.2297,38.62,96,92,121927
1.6667,0.2297,38.46,96,92,121930
1.6031,0.2248,38.55,96,92,121933
1.5982,0.2199,38.68,96,92,121936
1.6178,0.2297,38.46,96,92,121940
1.6031,0.2493,38.62,96,92,121944
1.6373,0.2346,38.40,96,92,121947
1.6227,0.2346,38.68,96,92,121951
1.6227,0.2346,38.62,96,92,121954
1.6422,0.2297,38.55,96,92,121957
1.6227,0.2248,38.62,96,92,121961
1.6618,0.2346,38.33,96,92,121964
1.6227,0.2248,38.52,96,92,121967
1.6227,0.2297,38.68,96,92,121971
1.6373,0.2297,38.65,96,92,121974
1.6716,0.2151,38.65,96,92,121977
1.6960,0.2444,38.40,96,92,121980
1.6667,0.2297,38.62,96,92,121985
1.6716,0.2199,38.55,96,92,121988
1.6764,0.2297,38.62,96,92,121991
1.6813,0.2297,38.62,96,92,121995
1.7155,0.2297,38.43,96,92,121998
1.6862,0.2297,38.55,96,92,122001
1.7009,0.2297,38.49,96,92,122005
1.6764,0.2248,38.58,96,92,122008
1.6764,0.2248,38.58,96,92,122011
1.7009,0.2297,38.49,96,92,122015
1.6716,0.2297,38.58,96,92,122018
1.6960,0.2395,38.49,96,92,122021
1.6813,0.2248,38.62,96,92,122024
1.6911,0.2248,38.58,96,92,122029
1.7107,0.2199,38.52,96,92,122032
1.7058,0.2248,38.58,96,92,122035
1.7253,0.2248,38.43,96,92,122039
1.7058,0.2248,38.62,96,92,122042
1.7107,0.2248,38.62,96,92,122045
1.7302,0.2297,38.55,96,92,122049
1.7204,0.2248,38.62,96,92,122052
1.7644,0.2395,38.36,96,92,122055
1.7791,0.2346,38.52,96,92,122059
1.7546,0.2248,38.62,96,92,122062
1.7742,0.2346,38.55,96,92,122065
1.7644,0.2297,38.62,96,92,122068
1.8133,0.2395,38.21,96,92,122073
1.7791,0.2297,38.49,96,92,122076
1.7840,0.2199,38.62,96,92,122079
1.7986,0.2590,38.62,96,92,122083
1.7986,0.2248,38.62,96,92,122086
1.8475,0.2444,38.43,96,92,122089
1.7986,0.2346,38.55,96,92,122093
1.8182,0.2248,38.49,96,92,122096
1.7791,0.2297,38.62,96,92,122099
1.7791,0.2199,38.62,96,92,122103
1.8133,0.2395,38.52,96,92,122106
1.7889,0.2590,38.65,96,92,122109
1.7986,0.2346,38.46,96,92,122113
1.7791,0.2297,38.52,96,92,122117
1.7791,0.2542,38.62,96,92,122120
1.8035,0.2297,38.46,96,92,122123
1.7840,0.2346,38.62,96,92,122127
1.8426,0.2346,38.49,96,92,122130
1.7742,0.2199,38.62,96,92,122133
1.7644,0.2248,38.52,96,92,122137
1.7791,0.2297,38.49,96,92,122140
1.7498,0.2248,38.62,96,92,122143
1.7791,0.2297,38.40,96,92,122146
1.7644,0.2248,38.55,96,92,122150
1.7644,0.2248,38.62,96,92,122153
1.7791,0.2395,38.52,96,92,122157
1.7693,0.2248,38.58,96,92,122161
1.7791,0.2297,38.33,96,92,122164
1.7253,0.2297,38.58,96,92,122167
1.7155,0.2248,38.62,96,92,122171
1.7155,0.2346,38.55,96,92,122174
1.7058,0.2297,38.68,96,92,122177
1.7546,0.2444,38.36,96,92,122181
1.7204,0.2346,38.49,96,92,122184
1.7204,0.2199,38.58,96,92,122187
1.7204,0.2346,38.62,96,92,122190
1.7253,0.2248,38.62,96,92,122194
1.7742,0.2395,38.40,96,92,122198
1.7449,0.2297,38.55,96,92,122201
1.7546,0.2248,38.49,96,92,122205
1.7400,0.2297,38.62,96,92,122208
1.7644,0.2102,38.62,96,92,122211
1.7595,0.2346,38.40,96,92,122215
1.7742,0.2297,38.55,96,92,122218
1.7644,0.2297,38.46,96,92,122221
1.7546,0.2248,38.62,96,92,122225
1.7693,0.2248,38.62,96,92,122228
1.7840,0.2297,38.84,96,92,122231
1.7840,0.2639,38.62,96,92,122234
1.8182,0.2346,38.46,96,92,122238
1.7791,0.2297,38.40,96,92,122242
1.7791,0.2590,38.58,96,92,122245
1.8084,0.2346,38.49,96,92,122249
1.7791,0.2297,38.62,96,92,122252
1.8182,0.2346,38.40,96,92,122255
1.8035,0.2297,38.49,96,92,122259
1.7937,0.2297,38.65,96,92,122262
1.8182,0.2346,38.58,96,92,122265
1.8035,0.2248,38.62,96,92,122269
1.8573,0.2493,38.33,96,92,122272
1.8328,0.2297,37.80,96,92,122275
1.8426,0.2346,38.65,96,92,122278
1.8671,0.2346,38.58,96,92,122283
1.8622,0.2248,38.62,96,92,122286
1.9306,0.2493,38.36,96,92,122289
1.8964,0.2297,38.52,96,92,122293
1.8964,0.2248,38.62,96,92,122296
1.8915,0.2297,38.58,96,92,122299
1.8817,0.2248,38.62,96,92,122303
1.9013,0.2444,38.49,96,92,122306
1.8524,0.2346,38.58,96,92,122309
1.8328,0.2297,38.65,96,92,122313
1.7889,0.2297,38.58,96,92,122316
1.7644,0.2248,38.58,96,92,122319
1.7840,0.2248,38.55,96,92,122322
1.7546,0.2297,38.58,96,92,122327
1.7742,0.2346,38.52,96,92,122330
1.7449,0.2248,38.55,96,92,122333
1.7351,0.2248,38.71,96,92,122337
1.7400,0.2297,38.49,96,92,122340
1.7204,0.2297,38.65,96,92,122343
1.7400,0.2297,38.46,96,92,122347
1.7302,0.2297,38.55,96,92,122350
1.6960,0.2248,38.49,96,92,122353
1.7107,0.2444,38.55,96,92,122357
1.6960,0.2248,38.62,96,92,122360
1.7302,0.2346,38.33,96,92,122363
1.7009,0.2102,38.55,96,92,122366
1.7058,0.2248,38.65,96,92,122371
1.7155,0.2297,38.68,96,92,122374
1.7253,0.2346,38.58,96,92,122378
1.7595,0.2248,38.58,96,92,122381
1.8133,0.2297,38.46,96,92,122384
1.8280,0.2346,38.55,96,92,122388
1.8866,0.2346,38.49,96,92,122391
1.9501,0.2297,38.55,96,92,122394
2.0723,0.2248,38.62,96,92,122398
2.2678,0.2395,38.49,96,92,122401
2.4438,0.2297,38.58,96,92,122404
2.7175,0.2346,38.49,96,92,122408
2.9326,0.2297,38.74,96,92,122412
3.1378,0.2297,38.58,96,92,122415
3.2649,0.2297,38.49,96,92,122418
3.1769,0.2297,38.58,96,92,122422
2.9912,0.2346,38.43,96,92,122425
2.6393,0.2297,38.46,96,92,122428
2.3314,0.2248,38.58,96,92,122432
2.0772,0.2395,38.52,96,92,122435
1.8280,0.2493,38.58,96,92,122438
1.6862,0.2346,38.36,96,92,122442
1.5298,0.2297,38.49,96,92,122445
1.4223,0.2346,38.68,96,92,122448
1.3734,0.2297,38.52,96,92,122452
1.3294,0.2297,38.62,96,92,122456
1.3490,0.2444,38.15,96,92,122459
1.3099,0.2297,38.55,96,92,122463
1.3343,0.2248,38.55,96,92,122466
1.3343,0.2297,38.84,96,92,122469
1.3539,0.2297,38.62,96,92,122472
1.4076,0.2395,38.46,96,92,122476
1.3978,0.2297,38.62,96,92,122479
1.4125,0.2346,38.52,96,92,122482
1.4174,0.2297,38.62,96,92,122486
1.4321,0.2151,38.68,96,92,122489
1.4614,0.2297,38.55,96,92,122492
1.4565,0.2297,38.58,96,92,122497
1.5103,0.2346,38.46,96,92,122500
1.4761,0.2297,38.55,96,92,122503
1.4956,0.2297,38.68,96,92,122507
1.5200,0.2395,38.49,96,92,122510
1.5005,0.2395,38.58,96,92,122513
1.5298,0.2346,38.49,96,92,122516
1.5103,0.2248,38.49,96,92,122520
1.5152,0.2248,38.62,96,92,122523
1.5445,0.2395,38.55,96,92,122526
1.5347,0.2297,38.62,96,92,122530
1.5689,0.2297,38.36,96,92,122533
1.5494,0.2346,38.62,96,92,122536
1.5689,0.2199,38.62,96,92,122541
1.5640,0.2346,38.55,96,92,122544
1.5591,0.2248,38.62,96,92,122547
1.6129,0.2395,38.33,96,92,122551
1.5738,0.2297,38.52,96,92,122554
1.5885,0.2102,38.58,96,92,122557
1.5787,0.2297,38.58,96,92,122560
1.5738,0.2248,38.62,96,92,122564
1.6227,0.2444,38.43,96,92,122567
1.5934,0.2297,38.40,96,92,122570
1.5885,0.2199,38.55,96,92,122574
1.5836,0.2297,38.65,96,92,122577
1.5836,0.2248,38.62,96,92,122580
1.6227,0.2395,38.43,96,92,122585
1.6031,0.2297,38.62,96,92,122588
1.6422,0.2346,38.49,96,92,122591
1.6080,0.2297,38.62,96,92,122595
1.6178,0.2297,38.52,96,92,122598
1.6813,0.2395,38.49,96,92,122601
1.6373,0.2297,38.62,96,92,122604
1.6618,0.2346,38.46,96,92,122608
1.6764,0.2199,38.58,96,92,122611
1.6569,0.2297,38.58,96,92,122614
1.6764,0.2297,38.52,96,92,122618
1.6667,0.2102,38.62,96,92,122621
1.7058,0.2297,38.43,96,92,122625
1.7058,0.2248,38.68,96,92,122629
1.6960,0.2297,38.58,96,92,122632
1.7155,0.2346,38.55,96,92,122635
1.7302,0.2102,38.62,96,92,122639
1.7498,0.2346,38.33,96,92,122642
1.7302,0.2444,38.55,96,92,122645
1.7351,0.2199,38.62,96,92,122648
1.7351,0.2590,38.62,96,92,122652
1.7400,0.2102,38.58,96,92,122655
1.7742,0.2444,38.33,96,92,122658
1.7351,0.2493,38.55,96,92,122662
1.7204,0.2248,38.52,96,92,122665
1.7351,0.2297,38.65,96,92,122669
1.7351,0.2346,38.62,96,92,122673
1.7937,0.2444,38.43,96,92,122676
1.7644,0.2297,38.52,96,92,122679
1.7889,0.2297,38.49,96,92,122683
1.7742,0.2297,38.62,96,92,122686
1.7791,0.2346,38.62,96,92,122689
1.8084,0.2395,38.40,96,92,122692
1.7937,0.2297,38.55,96,92,122696
1.8377,0.2395,38.43,96,92,122699
1.7889,0.2297,38.62,96,92,122702
1.7889,0.2199,38.58,96,92,122706
1.8133,0.2297,38.49,96,92,122710
1.7937,0.2199,38.58,96,92,122713
1.7986,0.2297,38.46,96,92,122717
1.7791,0.2297,38.55,96,92,122720
1.7986,0.2199,38.58,96,92,122723
1.8035,0.2346,38.49,96,92,122727
1.7791,0.2346,38.58,96,92,122730
1.8035,0.2297,38.40,96,92,122733
1.7791,0.2297,38.52,96,92,122736
1.7644,0.2346,38.62,96,92,122740
1.7742,0.2346,38.62,96,92,122743
1.7595,0.2199,38.62,96,92,122746
1.8133,0.2444,38.33,96,92,122750
1.7595,0.2297,38.55,96,92,122754
1.7546,0.2199,38.62,96,92,122757
1.7595,0.2297,38.62,96,92,122761
1.7498,0.2346,38.62,96,92,122764
1.7986,0.2493,38.43,96,92,122767
1.7595,0.2590,38.52,96,92,122771
1.7498,0.2248,38.52,96,92,122774
1.7400,0.2297,38.62,96,92,122777
1.7302,0.2395,38.68,96,92,122780
1.7595,0.2297,38.46,96,92,122784
1.7351,0.2248,38.55,96,92,122787
1.7449,0.2346,38.46,96,92,122790
1.7155,0.2297,38.71,96,92,122795
1.7107,0.2199,38.62,96,92,122798
1.7302,0.2444,37.87,96,92,122801
1.7107,0.2395,38.58,96,92,122805
1.7449,0.2346,38.49,96,92,122808
1.7155,0.2248,38.58,96,92,122811
1.7155,0.2395,38.58,96,92,122815
1.7253,0.2395,38.52,96,92,122818
1.7155,0.2297,38.52,96,92,122821
1.7400,0.2346,38.43,96,92,122824
1.7155,0.2297,38.58,96,92,122828
1.7204,0.2297,38.65,96,92,122831
1.7449,0.2444,38.52,96,92,122834
1.7400,0.2297,38.81,96,92,122839
1.7937,0.2248,38.36,96,92,122842
1.7840,0.2297,38.49,96,92,122845
1.7742,0.2297,38.55,96,92,122849
1.7986,0.2395,38.52,96,92,122852
1.7889,0.2297,38.65,96,92,122855
1.8377,0.2786,38.33,96,92,122859
1.8035,0.2297,38.52,96,92,122862
1.7937,0.2248,38.55,96,92,122865
1.7986,0.2346,38.62,96,92,122868
1.7986,0.2297,38.62,96,92,122872
1.8573,0.2444,38.46,96,92,122875
1.8377,0.2346,38.58,96,92,122878
1.8475,0.2297,38.52,96,92,122883
1.8475,0.2346,38.62,96,92,122886
1.8426,0.2297,38.62,96,92,122889
1.8915,0.2346,38.58,96,92,122893
1.8671,0.2297,38.62,96,92,122896
1.8964,0.2346,38.46,96,92,122899
1.8817,0.2297,38.62,96,92,122903
1.8964,0.2297,38.58,96,92,122906
1.9453,0.2395,38.49,96,92,122909
1.9257,0.2297,38.62,96,92,122913
1.9453,0.2346,38.49,96,92,122916
1.9159,0.2297,38.55,96,92,122919
1.8964,0.2297,37.83,96,92,122923
1.9013,0.2346,38.43,96,92,122927
1.8524,0.2297,38.58,96,92,122930
1.8622,0.2444,38.33,96,92,122933
1.8182,0.2346,38.55,96,92,122937
1.7937,0.2297,38.27,96,92,122940
1.7986,0.2346,38.55,96,92,122943
1.7840,0.2297,38.62,96,92,122947
1.8231,0.2395,38.49,96,92,122950
1.7840,0.2346,38.52,96,92,122953
1.7644,0.2248,38.62,96,92,122956
1.7644,0.2297,38.74,96,92,122960
1.7498,0.2297,38.62,96,92,122963
1.7937,0.2493,38.40,96,92,122967
1.7546,0.2444,38.55,96,92,122971
1.7449,0.2248,38.52,96,92,122974
1.7400,0.2297,38.55,96,92,122977
1.7351,0.2199,38.68,96,92,122981
1.7791,0.2395,38.43,96,92,122984
1.7644,0.2297,38.49,96,92,122988
1.7449,0.2297,38.62,96,92,122991
1.7791,0.2542,38.55,96,92,122994
1.7693,0.2248,38.71,96,92,122998
1.7986,0.2297,38.58,96,92,123001
1.8475,0.2346,38.49,96,92,123004
1.8768,0.2297,38.62,96,92,123008
1.9697,0.2346,38.46,96,92,123012
2.0186,0.2297,38.62,96,92,123015
2.1457,0.2297,38.62,96,92,123018
2.3314,0.2395,38.55,96,92,123022
2.5220,0.2297,38.68,96,92,123025
2.8250,0.2395,38.30,96,92,123028
3.0205,0.2346,38.52,96,92,123032
3.1818,0.2199,38.58,96,92,123035
3.2551,0.2346,38.77,96,92,123038
3.1329,0.2493,38.58,96,92,123042
2.9765,0.2493,38.40,96,92,123045
2.6149,0.2395,38.58,96,92,123048
2.2972,0.2297,38.52,96,92,123052
2.0479,0.2297,38.65,96,92,123056
1.8377,0.2297,38.68,96,92,123059
1.7155,0.2395,38.46,96,92,123062
1.5689,0.2297,38.68,96,92,123066
1.4858,0.2444,38.55,96,92,123069
1.4174,0.2346,38.62,96,92,123072
1.3881,0.2297,38.81,96,92,123076
1.3783,0.2395,38.55,96,92,123079
1.3636,0.2297,38.71,96,92,123082
1.3832,0.2884,38.46,96,92,123086
1.3734,0.2297,38.81,96,92,123089
1.3930,0.2297,38.58,96,92,123092
1.4223,0.2297,38.52,96,92,123096
1.4272,0.2444,38.58,96,92,123100
1.4663,0.2346,38.43,96,92,123103
1.4614,0.2297,38.52,96,92,123106
1.4712,0.2297,38.62,96,92,123110
1.5103,0.2395,38.62,96,92,123113
1.5103,0.2395,38.62,96,92,123116
1.5640,0.2346,38.33,96,92,123120
1.5591,0.2346,37.96,96,92,123123
1.5591,0.2346,38.58,96,92,123126
1.5836,0.2297,38.58,96,92,123130
1.5787,0.2297,38.58,96,92,123133
1.6325,0.2639,38.30,96,92,123137
1.5982,0.2297,38.49,96,92,123140
1.6031,0.2248,38.62,96,92,123144
1.6227,0.2346,38.52,96,92,123147
1.6276,0.2493,38.62,96,92,123150
1.6862,0.2542,38.43,96,92,123154
1.6618,0.2297,38.55,96,92,123157
1.6764,0.2590,38.55,96,92,123160
1.6764,0.2297,38.58,96,92,123164
1.6862,0.2297,38.62,96,92,123167
1.7302,0.2395,38.43,96,92,123170
1.7107,0.2297,38.58,96,92,123174
1.7302,0.2444,38.46,96,92,123177
1.7107,0.2297,38.62,96,92,123181
1.7107,0.2297,38.77,96,92,123184
1.7742,0.2346,38.49,96,92,123188
1.7302,0.2297,38.58,96,92,123191
1.7644,0.2346,38.81,96,92,123194
1.7449,0.2248,38.55,96,92,123198
1.7546,0.2297,38.62,96,92,123201
1.7742,0.2639,38.52,96,92,123204
1.7644,0.2346,38.62,96,92,123208
1.7986,0.2297,38.40,96,92,123211
1.7742,0.2346,38.65,96,92,123214
1.7889,0.2297,38.62,96,92,123218
1.8035,0.2395,38.55,96,92,123222
1.7937,0.2297,38.62,96,92,123225
1.8328,0.2395,38.71,96,92,123228
1.8084,0.2346,38.55,96,92,123232
1.7937,0.2346,38.65,96,92,123235
1.7986,0.2395,38.65,96,92,123238
1.7889,0.2346,38.62,96,92,123242
1.8426,0.2493,38.36,96,92,123245
1.8133,0.2346,38.49,96,92,123248
1.8182,0.2248,38.55,96,92,123252
1.8182,0.2297,38.71,96,92,123255
1.8524,0.2346,38.65,96,92,123258
1.8622,0.2395,38.46,96,92,123262
1.8377,0.2346,38.55,96,92,123266
1.8573,0.2346,38.49,96,92,123269
1.8377,0.2297,38.62,96,92,123272
1.8426,0.2590,38.68,96,92,123276
1.8719,0.2395,38.55,96,92,123279
1.8524,0.2297,38.62,96,92,123282
1.8768,0.2688,38.55,96,92,123286
1.8573,0.2297,38.65,96,92,123289
1.8719,0.2542,38.58,96,92,123292
1.9208,0.2395,38.49,96,92,123296
1.8964,0.2297,38.62,96,92,123299
1.9355,0.2297,38.46,96,92,123302
1.9306,0.2297,38.52,96,92,123307
1.9257,0.2297,38.55,96,92,123310
1.9599,0.2395,38.49,96,92,123313
1.9306,0.2297,38.62,96,92,123316
1.9697,0.2395,38.33,96,92,123320
1.9404,0.2395,38.55,96,92,123323
1.9257,0.2297,38.81,96,92,123326
1.9306,0.2395,38.55,96,92,123330
1.9110,0.2297,38.62,96,92,123333
1.9501,0.2395,38.27,96,92,123336
1.9062,0.2346,38.52,96,92,123340
1.9062,0.2248,38.65,96,92,123343
1.9110,0.2346,38.58,96,92,123346
1.9062,0.2297,38.58,96,92,123351
1.9550,0.2493,38.43,96,92,123354
1.9404,0.2395,38.49,96,92,123357
1.8915,0.2297,38.52,96,92,123360
1.8768,0.2346,38.58,96,92,123364
1.8719,0.2297,38.65,96,92,123367
1.8964,0.2444,38.49,96,92,123370
1.8622,0.2297,38.58,96,92,123374
1.8671,0.2346,38.30,96,92,123377
1.8377,0.2248,38.55,96,92,123380
1.8231,0.2346,38.62,96,92,123384
1.8524,0.2444,38.49,96,92,123387
1.8231,0.2297,38.58,96,92,123390
1.8622,0.2444,38.49,96,92,123394
1.8084,0.2297,38.62,96,92,123398
1.8035,0.2346,38.58,96,92,123401
1.8133,0.2346,38.52,96,92,123404
1.7986,0.2346,38.58,96,92,123408
1.8231,0.2346,38.43,96,92,123411
1.7986,0.2297,38.65,96,92,123414
1.8084,0.2297,38.36,96,92,123418
1.8328,0.2493,38.49,96,92,123421
1.8084,0.2297,38.62,96,92,123424
1.8475,0.2395,38.40,96,92,123428
1.8231,0.2346,38.49,96,92,123431
1.8035,0.2297,38.62,96,92,123435
1.8182,0.2346,38.55,96,92,123438
1.7986,0.2297,38.62,96,92,123442
1.8475,0.2493,38.30,96,92,123445
1.8133,0.2297,38.46,96,92,123448
1.7986,0.2297,38.55,96,92,123452
1.7986,0.2346,38.58,96,92,123455
1.8133,0.2297,38.65,96,92,123458
1.8768,0.2395,38.43,96,92,123462
1.8573,0.2346,38.55,96,92,123465
1.8719,0.2297,37.83,96,92,123468
1.8866,0.2346,38.58,96,92,123472
1.8573,0.2297,38.58,96,92,123475
1.8817,0.2395,38.52,96,92,123479
1.8622,0.2346,38.58,96,92,123482
1.8866,0.2346,38.46,96,92,123486
1.8768,0.2346,38.62,96,92,123489
1.8817,0.2297,38.62,96,92,123492
1.9159,0.2639,38.55,96,92,123496
1.9013,0.2346,38.58,96,92,123499
1.9355,0.2346,38.49,96,92,123502
1.9257,0.2346,38.55,96,92,123506
1.9257,0.2297,38.62,96,92,123509
1.9550,0.2395,38.46,96,92,123512
1.9453,0.2346,38.62,96,92,123516
1.9892,0.2395,38.36,96,92,123520
1.9648,0.2297,38.55,96,92,123523
1.9599,0.2297,38.62,96,92,123527
1.9795,0.2395,38.58,96,92,123530
1.9941,0.2346,38.62,96,92,123533
2.0479,0.2444,38.33,96,92,123536
2.0039,0.2346,38.52,96,92,123540
1.9844,0.2346,38.58,96,92,123543
1.9844,0.2346,38.58,96,92,123546
1.9501,0.2346,38.62,96,92,123550
1.9844,0.2493,38.40,96,92,123553
1.9257,0.2395,38.55,96,92,123556
1.8915,0.2346,38.55,96,92,123560
1.8719,0.2346,38.52,96,92,123564
1.8524,0.2346,38.68,96,92,123567
1.8866,0.2444,38.43,96,92,123570
1.8524,0.2395,38.55,96,92,123574
1.8671,0.2346,38.46,96,92,123577
1.8280,0.2297,38.65,96,92,123580
1.8133,0.2493,38.62,96,92,123584
1.8133,0.2395,38.49,96,92,123587
1.7742,0.2297,38.58,96,92,123590
1.7840,0.2395,38.49,96,92,123594
1.7546,0.2297,38.65,96,92,123597
1.7546,0.2297,38.52,96,92,123601
1.7595,0.2297,38.62,96,92,123604
1.7791,0.2395,38.55,96,92,123608
1.7498,0.2346,38.62,96,92,123612
1.7937,0.2395,38.33,96,92,123615
1.7644,0.2346,38.52,96,92,123618
1.7595,0.2395,38.62,96,92,123621
1.7840,0.2346,38.55,96,92,123625
1.7889,0.2297,38.62,96,92,123628
1.8719,0.2542,38.36,96,92,123631
1.8817,0.2737,38.52,96,92,123635
1.9453,0.2297,38.55,96,92,123638
2.0577,0.2297,38.71,96,92,123641
2.1994,0.2639,38.58,96,92,123645
2.4389,0.2444,38.43,96,92,123649
2.6491,0.2297,38.58,96,92,123652
2.9130,0.2346,38.46,96,92,123656
3.1183,0.2395,38.58,96,92,123659
3.2502,0.2297,38.68,96,92,123662
3.2551,0.2590,38.55,96,92,123665
3.0352,0.2346,38.68,96,92,123669
2.7664,0.2395,38.46,96,92,123672
2.4096,0.2542,38.58,96,92,123675
2.1359,0.2248,38.65,96,92,123679
1.9355,0.2444,38.46,96,92,123682
1.7107,0.2395,38.68,96,92,123685
1.5836,0.2346,38.46,96,92,123689
1.4663,0.2297,38.55,96,92,123693
1.4027,0.2297,38.58,96,92,123696
1.3832,0.2297,38.46,96,92,123699
1.3392,0.2297,38.71,96,92,123703
1.3441,0.2493,38.40,96,92,123706
1.3343,0.2395,38.55,96,92,123709
1.3490,0.2590,38.62,96,92,123713
1.4174,0.2395,38.55,96,92,123716
1.4027,0.2297,38.46,96,92,123719
1.4614,0.2688,38.33,96,92,123723
1.4418,0.2297,38.58,96,92,123726
1.4516,0.2737,38.65,96,92,123729
1.4663,0.2346,38.58,96,92,123734
1.4761,0.2395,38.65,96,92,123737
1.5591,0.2542,38.43,96,92,123740
1.5152,0.2395,38.55,96,92,123743
1.5200,0.2297,38.52,96,92,123747
1.5249,0.2346,38.58,96,92,123750
1.5249,0.2297,38.77,96,92,123753
1.5640,0.2444,38.40,96,92,123757
1.5543,0.2346,38.58,96,92,123760
1.5738,0.2346,38.52,96,92,123763
1.5640,0.2346,38.62,96,92,123767
1.5689,0.2297,38.62,96,92,123770
1.6080,0.2444,38.49,96,92,123773
1.5982,0.2395,38.58,96,92,123778
1.6276,0.2395,38.55,96,92,123781
1.6129,0.2297,38.65,96,92,123784
1.6129,0.2297,38.62,96,92,123787
1.6178,0.2346,38.58,96,92,123791
1.5982,0.2346,38.68,96,92,123794
1.6227,0.2346,38.43,96,92,123797
1.6129,0.2346,38.62,96,92,123801
1.6276,0.2346,38.62,96,92,123804
1.6373,0.2395,38.68,96,92,123807
1.6325,0.2346,38.62,96,92,123811
1.6716,0.2395,38.33,96,92,123814
1.6520,0.2395,38.55,96,92,123817
1.6520,0.2297,38.68,96,92,123822
1.6667,0.2395,38.68,96,92,123825
1.6422,0.2297,38.62,96,92,123828
1.6960,0.2493,38.33,96,92,123831
1.6618,0.2346,38.46,96,92,123835
1.6569,0.2297,38.55,96,92,123838
1.6716,0.2346,38.55,96,92,123841
1.6862,0.2346,38.65,96,92,123845
1.7058,0.2444,38.46,96,92,123848
1.6764,0.2395,38.55,96,92,123851
1.6716,0.2346,38.49,96,92,123855
1.6716,0.2297,38.52,96,92,123858
1.6813,0.2297,38.62,96,92,123862
1.7009,0.2395,38.74,96,92,123866
1.6911,0.2346,38.62,96,92,123869
1.7302,0.2346,38.43,96,92,123872
1.7155,0.2297,38.52,96,92,123875
1.7155,0.2346,38.62,96,92,123879
1.7449,0.2444,38.46,96,92,123882
1.7302,0.2297,38.55,96,92,123885
1.7595,0.2346,38.46,96,92,123889
1.7351,0.2297,38.55,96,92,123892
1.7449,0.2297,38.58,96,92,123895
1.7742,0.2395,38.46,96,92,123899
1.7498,0.2493,38.62,96,92,123902
1.7840,0.2395,38.36,96,92,123906
1.7498,0.2395,38.43,96,92,123910
1.7791,0.2346,38.68,96,92,123913
1.7644,0.2395,38.55,96,92,123916
1.7546,0.2297,38.77,96,92,123919
1.8133,0.2493,38.33,96,92,123923
1.7840,0.2297,38.49,96,92,123926
1.8035,0.2297,38.62,96,92,123929
1.8328,0.2297,38.58,96,92,123933
1.8475,0.2297,38.65,96,92,123936
1.9257,0.2542,38.40,96,92,123939
1.8622,0.2395,38.55,96,92,123943
1.8475,0.2639,38.52,96,92,123947
1.8524,0.2346,38.65,96,92,123950
1.8573,0.2248,38.65,96,92,123954
1.9013,0.2444,38.43,96,92,123957
1.8719,0.2395,38.71,96,92,123960
1.8719,0.2346,38.49,96,92,123964
1.8426,0.2297,38.58,96,92,123967
1.8280,0.2297,37.90,96,92,123970
1.8524,0.2493,38.49,96,92,123973
1.8231,0.2297,38.62,96,92,123977
1.8426,0.2395,38.49,96,92,123980
1.8133,0.2346,38.62,96,92,123983
1.7986,0.2297,38.62,96,92,123987
1.8084,0.2346,38.52,96,92,123991
1.8084,0.2346,38.62,96,92,123994
1.8377,0.2346,38.43,96,92,123998
1.8035,0.2346,38.62,96,92,124001
1.8182,0.2346,38.62,96,92,124004
1.8328,0.2444,38.55,96,92,124007
1.8084,0.2346,38.62,96,92,124011
1.8426,0.2395,38.40,96,92,124014
1.8084,0.2346,38.49,96,92,124017
1.7937,0.2346,38.62,96,92,124021
1.7986,0.2395,38.65,96,92,124024
1.7889,0.2297,38.62,96,92,124027
1.8377,0.2444,38.30,96,92,124032
1.7889,0.2346,38.46,96,92,124035
1.8084,0.2102,38.55,96,92,124038
1.7644,0.2346,38.58,96,92,124042
1.7498,0.2297,38.58,96,92,124045
1.7937,0.2542,38.43,96,92,124048
1.7644,0.2395,38.58,96,92,124051
1.7742,0.2297,38.49,96,92,124055
1.7986,0.2395,38.58,96,92,124058
1.7840,0.2297,38.65,96,92,124061
1.8182,0.2395,38.52,96,92,124065
1.8035,0.2297,38.58,96,92,124068
1.8231,0.2346,38.46,96,92,124071
1.8280,0.2346,38.62,96,92,124076
1.8280,0.2297,38.62,96,92,124079
1.8622,0.2493,38.46,96,92,124082
1.8328,0.2346,38.68,96,92,124086
1.8719,0.2346,38.55,96,92,124089
1.8426,0.2297,38.55,96,92,124092
1.8475,0.2297,38.84,96,92,124095
1.8817,0.2395,38.46,96,92,124099
1.8719,0.2346,38.58,96,92,124102
1.9110,0.2395,38.40,96,92,124105
1.8866,0.2346,38.52,96,92,124109
1.8768,0.2346,38.49,96,92,124112
1.9013,0.2542,38.55,96,92,124115
1.8964,0.2346,38.62,96,92,124120
1.9648,0.2444,38.36,96,92,124123
1.9355,0.2346,38.55,96,92,124126
1.9550,0.2346,38.65,96,92,124130
1.9599,0.2395,38.58,96,92,124133
1.9453,0.2297,38.62,96,92,124136
2.0039,0.2542,38.36,96,92,124139
2.0137,0.2346,38.55,96,92,124143
1.9844,0.2297,38.55,96,92,124146
2.0039,0.2346,38.62,96,92,124149
1.9697,0.2346,38.62,96,92,124153
1.9990,0.2444,38.36,96,92,124156
1.9550,0.2395,38.55,96,92,124160
1.9599,0.2346,38.49,96,92,124164
1.9257,0.2493,38.65,96,92,124167
1.8915,0.2346,38.62,96,92,124170
1.8768,0.2444,38.49,96,92,124174
1.8475,0.2346,38.62,96,92,124177
1.8475,0.2395,38.46,96,92,124180
1.8133,0.2346,38.58,96,92,124183
1.8182,0.2346,38.62,96,92,124187
1.8182,0.2346,38.62,96,92,124190
1.8035,0.2346,38.62,96,92,124193
1.8182,0.2346,38.43,96,92,124197
1.7693,0.2346,38.58,96,92,124200
1.7498,0.2346,38.62,96,92,124204
1.7546,0.2444,38.62,96,92,124208
1.7351,0.2346,38.65,96,92,124211
1.7204,0.2248,38.58,96,92,124215
1.7937,0.2542,38.43,96,92,124218
1.7693,0.2395,38.71,96,92,124221
1.7840,0.2297,38.55,96,92,124225
1.8084,0.2346,38.62,96,92,124228
1.7937,0.2297,38.62,96,92,124231
1.8328,0.2444,38.43,96,92,124234
1.8035,0.2395,38.58,96,92,124238
1.8133,0.2297,38.52,96,92,124241
1.8133,0.2346,38.62,96,92,124244
1.8475,0.2346,38.58,96,92,124249
1.9501,0.2395,38.58,96,92,124252
2.0381,0.2346,38.58,96,92,124255
2.1896,0.2395,38.49,96,92,124259
2.3509,0.2688,38.58,96,92,124262
2.5904,0.2346,38.58,96,92,124265
2.8983,0.2444,38.46,96,92,124268
3.0938,0.2346,38.65,96,92,124272
3.2893,0.2444,38.40,96,92,124275
3.2698,0.2346,38.52,96,92,124278
3.1232,0.2297,38.81,96,92,124282
2.8788,0.2395,38.46,96,92,124285
2.5171,0.2346,38.58,96,92,124289
2.2581,0.2493,38.36,96,92,124293
1.9746,0.2395,38.55,96,92,124296
1.7498,0.2493,38.62,96,92,124299
1.5885,0.2346,38.55,96,92,124303
1.4565,0.2297,38.58,96,92,124306
1.4125,0.2493,38.36,96,92,124309
1.3294,0.2346,38.55,96,92,124312
1.3148,0.2297,38.65,96,92,124316
1.3245,0.2346,38.58,96,92,124319
1.3539,0.2297,38.62,96,92,124322
1.4321,0.2639,38.40,96,92,124326
1.4272,0.2395,38.55,96,92,124329
1.4174,0.2346,38.55,96,92,124333
1.4223,0.2346,38.62,96,92,124337
1.4223,0.2346,38.62,96,92,124340
1.4761,0.2590,38.40,96,92,124343
1.4809,0.2297,38.58,96,92,124347
1.5152,0.2346,38.46,96,92,124350
1.5200,0.2444,38.62,96,92,124353
1.5445,0.2346,38.58,96,92,124356
1.5640,0.2444,37.71,96,92,124360
1.5494,0.2395,38.52,96,92,124363
1.5885,0.2346,38.49,96,92,124366
1.5934,0.2346,38.62,96,92,124370
1.6276,0.2346,38.62,96,92,124374
1.6764,0.2395,38.52,96,92,124377
1.6716,0.2346,38.62,96,92,124381
1.6911,0.2346,38.43,96,92,124384
1.6569,0.2346,38.62,96,92,124387
1.6569,0.2346,38.58,96,92,124391
1.6667,0.2395,38.58,96,92,124394
1.6569,0.2444,38.62,96,92,124397
1.6911,0.2444,38.33,96,92,124400
1.6716,0.2444,38.49,96,92,124404
1.6716,0.2297,38.58,96,92,124407
1.6911,0.2395,38.62,96,92,124410
1.6813,0.2297,38.62,96,92,124414
1.7351,0.2542,38.30,96,92,124418
1.7107,0.2346,38.52,96,92,124421
1.7204,0.2297,38.55,96,92,124425
1.7351,0.2297,38.55,96,92,124428
1.7400,0.2346,38.62,96,92,124431
1.7840,0.2493,38.40,96,92,124435
1.7546,0.2346,38.55,96,92,124438
1.7595,0.2346,38.49,96,92,124441
1.7400,0.2346,38.58,96,92,124444
1.7253,0.2444,38.62,96,92,124448
1.7400,0.2444,38.58,96,92,124451
1.7253,0.2346,38.52,96,92,124454
1.7498,0.2346,38.46,96,92,124459
1.7351,0.2346,38.71,96,92,124462
1.7400,0.2346,38.62,96,92,124465
1.7693,0.2444,38.46,96,92,124469
1.7546,0.2688,38.62,96,92,124472
1.7889,0.2346,38.49,96,92,124475
1.7644,0.2346,38.62,96,92,124479
1.7742,0.2688,38.62,96,92,124482
1.8035,0.2395,38.55,96,92,124485
1.7889,0.2346,38.65,96,92,124488
1.8133,0.2493,38.36,96,92,124492
1.7791,0.2395,38.55,96,92,124495
1.7546,0.2444,38.62,96,92,124498
1.7644,0.2395,38.58,96,92,124503
1.7595,0.2346,38.46,96,92,124506
1.8133,0.2444,38.33,96,92,124509
1.7791,0.2297,38.58,96,92,124513
1.7791,0.2297,38.58,96,92,124516
1.7840,0.2297,38.58,96,92,124519
1.7937,0.2346,38.58,96,92,124523
1.8964,0.2493,38.40,96,92,124526
1.8280,0.2395,38.55,96,92,124529
1.8231,0.2346,38.58,96,92,124532
1.8280,0.2395,38.58,96,92,124536
1.8280,0.2297,38.65,96,92,124539
1.8768,0.2493,38.43,96,92,124542
1.8671,0.2395,38.55,96,92,124547
1.8915,0.2346,38.46,96,92,124550
1.9013,0.2346,38.62,96,92,124553
1.8817,0.2297,38.62,96,92,124557
1.9013,0.2493,38.55,96,92,124560
1.8671,0.2346,38.62,96,92,124563
1.8915,0.2444,38.55,96,92,124567
1.8622,0.2395,38.71,96,92,124570
1.8671,0.2297,38.62,96,92,124573
1.8817,0.2444,38.52,96,92,124576
1.8719,0.2346,38.58,96,92,124580
1.9013,0.2346,37.65,96,92,124583
1.8671,0.2346,38.62,96,92,124587
1.8719,0.2346,38.71,96,92,124591
1.8768,0.2493,38.52,96,92,124594
1.8475,0.2297,38.68,96,92,124597
1.8817,0.2444,38.36,96,92,124601
1.8671,0.2444,38.52,96,92,124604
1.8328,0.2297,38.55,96,92,124607
1.8426,0.2395,38.55,96,92,124611
1.8182,0.2346,38.74,96,92,124614
1.8573,0.2542,38.33,96,92,124617
1.8182,0.2395,38.43,96,92,124621
1.7986,0.2346,38.55,96,92,124624
1.7986,0.2346,38.58,96,92,124627
1.7889,0.2346,38.74,96,92,124631
1.8328,0.2786,38.46,96,92,124635
1.8084,0.2395,38.58,96,92,124638
1.8182,0.2346,38.46,96,92,124641
1.8084,0.2346,38.58,96,92,124645
1.7986,0.2297,38.68,96,92,124648
1.8133,0.2590,38.55,96,92,124651
1.8182,0.2346,38.58,96,92,124655
1.7889,0.2395,38.49,96,92,124658
1.7449,0.2346,38.58,96,92,124661
1.7351,0.2346,38.58,96,92,124665
1.7693,0.2444,38.43,96,92,124668
1.7302,0.2346,38.62,96,92,124672
1.7644,0.2346,37.77,96,92,124675
1.7351,0.2395,38.52,96,92,124679
1.7400,0.2346,38.58,96,92,124682
1.7644,0.2542,38.43,96,92,124685
1.7595,0.2346,38.62,96,92,124689
1.7986,0.2395,38.46,96,92,124692
1.7840,0.2493,38.52,96,92,124695
1.7791,0.2346,38.55,96,92,124699
1.7986,0.2444,38.62,96,92,124702
1.7840,0.2346,38.62,96,92,124705
1.8377,0.2444,38.33,96,92,124709
1.7986,0.2346,38.52,96,92,124712
1.8035,0.2297,38.62,96,92,124716
1.8133,0.2395,38.58,96,92,124719
1.8182,0.2346,38.62,96,92,124723
1.8719,0.2542,38.40,96,92,124726
1.8280,0.2444,38.52,96,92,124729
1.8475,0.2346,38.58,96,92,124733
1.8084,0.2395,38.62,96,92,124736
1.8133,0.2346,38.65,96,92,124739
1.8328,0.2444,38.43,96,92,124743
1.8377,0.2444,38.55,96,92,124746
1.8426,0.2444,38.46,96,92,124749
1.8328,0.2346,38.62,96,92,124753
1.8475,0.2346,38.62,96,92,124756
1.8768,0.2493,38.43,96,92,124760
1.8622,0.2346,38.58,96,92,124763
1.8964,0.2444,38.49,96,92,124767
1.8817,0.2346,38.62,96,92,124770
1.8915,0.2346,38.58,96,92,124773
1.9013,0.2395,38.52,96,92,124777
1.8768,0.2346,38.58,96,92,124780
1.8817,0.2737,38.40,96,92,124783
1.8328,0.2346,38.84,96,92,124787
1.8084,0.2444,38.62,96,92,124790
1.8035,0.2444,38.55,96,92,124793
1.7693,0.2248,38.62,96,92,124797
1.8035,0.2444,38.36,96,92,124801
1.7791,0.2395,38.46,96,92,124804
1.7840,0.2346,38.62,96,92,124807
1.7693,0.2395,38.62,96,92,124811
1.7449,0.2395,38.58,96,92,124814
1.7889,0.2493,38.33,96,92,124817
1.7204,0.2444,38.46,96,92,124822
1.6960,0.2395,38.58,96,92,124825
1.7155,0.2346,38.49,96,92,124829
1.7009,0.2346,38.62,96,92,124832
1.7058,0.2346,38.87,96,92,124835
1.7253,0.2395,38.55,96,92,124839
1.7204,0.2346,38.71,96,92,124843
1.7449,0.2444,38.49,96,92,124846
1.7204,0.2297,38.58,96,92,124850
1.7302,0.2346,38.68,96,92,124853
1.7644,0.2493,38.49,96,92,124856
1.7595,0.2346,38.62,96,92,124859
1.8084,0.2395,38.43,96,92,124863
1.8573,0.2346,38.52,96,92,124866
1.8768,0.2346,38.62,96,92,124869
1.9990,0.2444,38.52,96,92,124873
2.1310,0.2346,38.62,96,92,124876
2.3509,0.2444,38.33,96,92,124879
2.5464,0.2395,38.52,96,92,124883
2.7810,0.2346,38.58,96,92,124887
3.0499,0.2297,38.55,96,92,124890
3.2160,0.2346,38.68,96,92,124893
3.3529,0.2444,38.33,96,92,124897
3.1525,0.2346,38.55,96,92,124900
2.8690,0.2297,38.65,96,92,124903
2.5513,0.2297,38.55,96,92,124907
2.2385,0.2346,38.62,96,92,124910
2.0381,0.2590,38.43,96,92,124913
1.7986,0.2444,38.52,96,92,124917
1.6178,0.2297,38.52,96,92,124920
1.4956,0.2346,38.58,96,92,124923
1.4076,0.2297,38.62,96,92,124928
1.3930,0.2493,38.46,96,92,124931
1.3490,0.2297,38.55,96,92,124934
1.3490,0.2395,38.46,96,92,124937
1.3343,0.2297,38.62,96,92,124941
1.3490,0.2346,38.62,96,92,124944
1.3930,0.2493,38.55,96,92,124947
1.3930,0.2346,38.58,96,92,124951
1.4418,0.2444,38.49,96,92,124954
1.4321,0.2346,38.87,96,92,124957
1.4712,0.2395,38.68,96,92,124961
1.4858,0.2395,38.58,96,92,124964
1.4907,0.2346,38.62,96,92,124967
1.5298,0.2346,38.40,96,92,124972
1.5298,0.2346,38.65,96,92,124975
1.5445,0.2346,38.62,96,92,124978
1.5640,0.2444,38.55,96,92,124981
1.5591,0.2590,38.55,96,92,124985
1.6129,0.2444,38.36,96,92,124988
1.5885,0.2395,38.52,96,92,124991
1.5738,0.2444,38.62,96,92,124995
1.5836,0.2395,37.83,96,92,124998
1.5738,0.2297,38.62,96,92,125001
1.6325,0.2493,38.33,96,92,125005
1.6031,0.2444,38.49,96,92,125008
1.6080,0.2346,38.55,96,92,125011
1.6178,0.2395,38.58,96,92,125016
1.6227,0.2542,38.62,96,92,125019
1.6716,0.2444,38.49,96,92,125022
1.6373,0.2395,38.52,96,92,125025
1.6422,0.2444,38.49,96,92,125029
1.6373,0.2297,38.58,96,92,125032
1.6373,0.2395,38.62,96,92,125035
1.6667,0.2444,38.55,96,92,125039
1.6373,0.2346,38.55,96,92,125042
1.6813,0.2444,38.46,96,92,125045
1.6667,0.2346,38.62,96,92,125049
1.6813,0.2346,38.62,96,92,125052
1.7107,0.2444,38.49,96,92,125056
1.6862,0.2346,38.62,96,92,125060
1.7107,0.2346,38.46,96,92,125063
1.6862,0.2346,38.46,96,92,125066
1.6813,0.2346,38.58,96,92,125069
1.7058,0.2297,38.52,96,92,125073
1.6911,0.2346,37.90,96,92,125076
1.7204,0.2395,38.36,96,92,125079
1.7009,0.2395,38.55,96,92,125083
1.6960,0.2346,38.49,96,92,125086
1.7155,0.2395,38.55,96,92,125089
1.7058,0.2297,38.62,96,92,125093
1.7595,0.2444,38.30,96,92,125096
1.7302,0.2346,38.55,96,92,125100
1.7351,0.2297,38.62,96,92,125104
1.7400,0.2444,38.58,96,92,125107
1.7351,0.2346,38.71,96,92,125110
1.7889,0.2639,38.43,96,92,125113
1.7498,0.2395,38.55,96,92,125117
1.7400,0.2346,38.49,96,92,125120
1.7449,0.2395,38.58,96,92,125123
1.7400,0.2346,38.71,96,92,125127
1.7742,0.2444,38.40,96,92,125130
1.7595,0.2297,38.55,96,92,125133
1.7742,0.2395,38.58,96,92,125137
1.7644,0.2444,38.65,96,92,125140
1.7840,0.2346,38.62,96,92,125144
1.8133,0.2444,38.58,96,92,125148
1.8084,0.2297,38.62,96,92,125151
1.8719,0.2395,38.49,96,92,125154
1.8377,0.2346,38.62,96,92,125157
1.8475,0.2444,38.65,96,92,125161
1.8573,0.2346,38.52,96,92,125164
1.8524,0.2297,38.62,96,92,125167
1.8817,0.2395,38.43,96,92,125171
1.8573,0.2346,38.62,96,92,125174
1.8622,0.2395,38.68,96,92,125177
1.8817,0.2297,38.52,96,92,125181
1.8622,0.2639,38.62,96,92,125185
1.9110,0.2444,38.33,96,92,125188
1.8866,0.2395,38.46,96,92,125192
1.8719,0.2395,38.62,96,92,125195
1.8866,0.2395,38.52,96,92,125198
1.8719,0.2590,38.62,96,92,125201
1.9257,0.2493,38.33,96,92,125205
1.8817,0.2395,38.52,96,92,125208
1.8719,0.2395,38.58,96,92,125211
1.8671,0.2297,38.62,96,92,125215
1.8622,0.2346,38.62,96,92,125218
1.9159,0.2542,38.43,96,92,125221
1.8671,0.2395,38.55,96,92,125225
1.8475,0.2346,38.52,96,92,125229
1.8377,0.2297,38.65,96,92,125232
1.8280,0.2346,38.62,96,92,125236
1.8475,0.2444,38.65,96,92,125239
1.8231,0.2493,38.62,96,92,125242
1.8475,0.2395,38.46,96,92,125245
1.8084,0.2444,38.58,96,92,125249
1.8084,0.2395,38.62,96,92,125252
1.8377,0.2297,38.49,96,92,125255
1.8084,0.2346,38.58,96,92,125259
1.8573,0.2395,38.46,96,92,125262
1.8133,0.2346,38.52,96,92,125265
1.8133,0.2444,38.58,96,92,125270
1.8328,0.2395,38.55,96,92,125273
1.8084,0.2346,38.62,96,92,125276
1.8377,0.2444,38.36,96,92,125280
1.8084,0.2395,38.55,96,92,125283
1.7986,0.2346,38.58,96,92,125286
1.8231,0.2395,38.55,96,92,125289
1.7986,0.2346,38.58,96,92,125293
1.8475,0.2444,38.33,96,92,125296
1.8084,0.2346,38.52,96,92,125299
1.8084,0.2346,38.62,96,92,125303
1.8182,0.2444,38.58,96,92,125306
1.8133,0.2346,38.62,96,92,125309
1.8719,0.2590,38.36,96,92,125314
1.8377,0.2444,38.55,96,92,125317
1.8280,0.2346,38.52,96,92,125320
1.8280,0.2395,38.62,96,92,125324
1.8328,0.2346,38.62,96,92,125327
1.8719,0.2444,38.46,96,92,125330
1.8475,0.2395,38.58,96,92,125333
1.8475,0.2346,38.49,96,92,125337
1.8524,0.2346,38.62,96,92,125340
1.8231,0.2346,38.62,96,92,125343
1.8426,0.2395,38.49,96,92,125347
1.8182,0.2297,38.58,96,92,125350
1.8328,0.2444,38.49,96,92,125353
1.8035,0.2395,38.62,96,92,125358
1.7986,0.2346,38.65,96,92,125361
1.8133,0.2395,38.52,96,92,125364
1.8035,0.2346,38.58,96,92,125368
1.8280,0.2346,38.40,96,92,125371
1.7937,0.2346,38.65,96,92,125374
1.8035,0.2639,38.62,96,92,125377
1.8231,0.2444,38.49,96,92,125381
1.8084,0.2297,38.68,96,92,125384
1.8573,0.2395,38.40,96,92,125387
1.8328,0.2297,38.49,96,92,125391
1.8182,0.2346,38.65,96,92,125394
1.8133,0.2395,38.55,96,92,125398
1.7742,0.2346,38.58,96,92,125402
1.7937,0.2395,38.33,96,92,125405
1.7351,0.2395,38.46,96,92,125408
1.7302,0.2346,38.58,96,92,125412
1.6862,0.2297,38.58,96,92,125415
1.6764,0.2395,38.62,96,92,125418
1.7155,0.2493,38.46,96,92,125421
1.6813,0.2444,38.55,96,92,125425
1.6813,0.2346,38.46,96,92,125428
1.6569,0.2346,38.62,96,92,125431
1.6129,0.2346,38.62,96,92,125436
1.6276,0.2346,38.58,96,92,125440
1.6373,0.2444,38.52,96,92,125444
1.6276,0.2346,38.62,96,92,125447
1.6569,0.2395,38.40,96,92,125450
1.6471,0.2346,38.49,96,92,125454
1.6471,0.2346,38.62,96,92,125457
1.6764,0.2444,38.52,96,92,125460
1.6618,0.2786,38.62,96,92,125464
1.7107,0.2395,38.33,96,92,125467
1.6862,0.2346,38.49,96,92,125470
1.6764,0.2346,38.62,96,92,125474
1.6960,0.2297,38.58,96,92,125477
1.7058,0.2346,38.71,96,92,125480
1.7791,0.2590,38.36,96,92,125484
1.7840,0.2346,38.24,96,92,125488
1.8328,0.2590,38.55,96,92,125491
1.9208,0.2297,38.62,96,92,125494
2.0332,0.2297,38.62,96,92,125498
2.2678,0.2493,38.46,96,92,125501
2.3998,0.2395,38.62,96,92,125504
2.6295,0.2346,38.58,96,92,125508
2.8641,0.2297,38.58,96,92,125511
3.0694,0.2297,38.65,96,92,125514
3.2307,0.2444,38.43,96,92,125517
3.1378,0.2346,38.58,96,92,125521
2.9423,0.2395,38.46,96,92,125524
2.6002,0.2444,38.62,96,92,125528
2.2972,0.2346,38.62,96,92,125532
2.0528,0.2395,38.43,96,92,125535
1.7986,0.2395,38.58,96,92,125538
1.6813,0.2346,38.49,96,92,125542
1.4809,0.2297,38.58,96,92,125545
1.3832,0.2346,38.58,96,92,125548
1.3392,0.2395,38.49,96,92,125552
1.2952,0.2346,38.58,96,92,125555
1.2952,0.2493,38.36,96,92,125558
1.2805,0.2346,38.52,96,92,125561
1.3001,0.2346,38.62,96,92,125565
1.3392,0.2395,38.55,96,92,125569
1.3490,0.2346,38.58,96,92,125572
1.4125,0.2444,38.30,96,92,125576
1.3978,0.2395,38.52,96,92,125579
1.4027,0.2297,38.58,96,92,125582
1.4272,0.2395,38.55,96,92,125586
1.4321,0.2346,38.58,96,92,125589
1.4956,0.2590,38.43,96,92,125592
1.4712,0.2444,38.52,96,92,125596
1.4761,0.2737,38.52,96,92,125599
1.4858,0.2346,38.62,96,92,125602
1.4956,0.2346,38.49,96,92,125605
1.5396,0.2444,38.43,96,92,125609
1.5249,0.2297,38.55,96,92,125613
1.5445,0.2346,38.02,96,92,125616
1.5396,0.2346,38.62,96,92,125620
1.5494,0.2346,38.68,96,92,125623
1.5738,0.2346,38.68,96,92,125626
1.5738,0.2346,38.58,96,92,125630
1.5934,0.2395,38.65,96,92,125633
1.5885,0.2346,38.62,96,92,125636
1.5934,0.2297,38.62,96,92,125640
1.6325,0.2444,38.49,96,92,125643
1.6178,0.2346,38.58,96,92,125646
1.6471,0.2346,38.43,96,92,125649
1.6373,0.2395,38.52,96,92,125654
1.6422,0.2346,38.62,96,92,125657
1.6618,0.2444,38.55,96,92,125660
1.6520,0.2346,38.62,96,92,125664
1.6960,0.2444,38.43,96,92,125667
1.6764,0.2444,38.52,96,92,125670
1.6813,0.2346,38.62,96,92,125674
1.6862,0.2395,38.55,96,92,125677
1.6764,0.2395,38.62,96,92,125680
1.7302,0.2444,38.30,96,92,125684
1.6911,0.2395,38.52,96,92,125687
1.6813,0.2346,38.58,96,92,125690
1.7009,0.2395,38.58,96,92,125693
1.6960,0.2395,38.65,96,92,125698
1.7546,0.2493,38.43,96,92,125701
1.7253,0.2395,38.55,96,92,125704
1.7253,0.2346,38.55,96,92,125708
1.7253,0.2346,38.58,96,92,125711
1.7302,0.2346,38.58,96,92,125714
1.7644,0.2395,38.43,96,92,125718
1.7400,0.2395,38.58,96,92,125721
1.7546,0.2395,38.46,96,92,125724
1.7449,0.2346,38.62,96,92,125728
1.7449,0.2346,38.62,96,92,125731
1.7693,0.2542,38.55,96,92,125734
1.7546,0.2346,38.62,96,92,125737
1.7791,0.2395,38.46,96,92,125742
1.7693,0.2346,38.55,96,92,125745
1.7498,0.2346,38.52,96,92,125748
1.7546,0.2346,38.49,96,92,125752
1.7498,0.2346,38.62,96,92,125755
1.7840,0.2395,38.46,96,92,125758
1.7644,0.2297,38.65,96,92,125762
1.7693,0.2297,38.55,96,92,125765
1.7937,0.2346,38.52,96,92,125768
1.7791,0.2346,38.58,96,92,125772
1.8328,0.2444,38.36,96,92,125775
1.8280,0.2395,38.52,96,92,125778
1.8084,0.2297,38.62,96,92,125782
1.8280,0.2346,38.58,96,92,125786
1.8280,0.2346,38.58,96,92,125789
1.8866,0.2542,38.33,96,92,125792
1.8524,0.2297,38.55,96,92,125796
1.8426,0.2297,38.58,96,92,125799
1.8377,0.2346,38.58,96,92,125802
1.8377,0.2346,38.62,96,92,125806
1.8719,0.2444,38.40,96,92,125809
1.8475,0.2346,38.55,96,92,125812
1.8524,0.2346,38.49,96,92,125816
1.8377,0.2395,38.55,96,92,125819
1.8475,0.2346,38.62,96,92,125822
1.8524,0.2444,38.55,96,92,125826
1.8280,0.2542,38.58,96,92,125830
1.8377,0.2395,38.46,96,92,125833
1.8084,0.2493,38.62,96,92,125836
1.8133,0.2444,38.58,96,92,125840
1.8328,0.2444,38.46,96,92,125843
1.7986,0.2346,38.58,96,92,125846
1.8231,0.2346,38.43,96,92,125850
1.7937,0.2346,38.55,96,92,125853
1.7889,0.2395,38.62,96,92,125856
1.8084,0.2395,38.55,96,92,125860
1.7840,0.2346,38.62,96,92,125863
1.8133,0.2395,38.36,96,92,125867
1.7840,0.2395,38.58,96,92,125870
1.7693,0.2346,38.62,96,92,125874
1.7840,0.2395,38.55,96,92,125877
1.7644,0.2346,38.62,96,92,125880
1.8133,0.2444,38.30,96,92,125884
1.7742,0.2297,38.52,96,92,125887
1.7791,0.2346,38.62,96,92,125890
1.7937,0.2297,38.58,96,92,125894
1.7937,0.2346,38.62,96,92,125897
1.8719,0.2493,38.43,96,92,125900
1.8475,0.2444,38.55,96,92,125904
1.8475,0.2346,38.52,96,92,125907
1.8524,0.2297,38.62,96,92,125911
1.8671,0.2493,38.58,96,92,125914
1.9208,0.2444,38.43,96,92,125918
1.9208,0.2395,38.58,96,92,125921
1.9844,0.2444,38.46,96,92,125924
1.9501,0.2346,38.68,96,92,125928
1.9795,0.2493,38.62,96,92,125931
2.0332,0.2493,38.52,96,92,125934
2.0283,0.2346,38.62,96,92,125938
2.0870,0.2444,38.52,96,92,125941
2.0723,0.2346,38.62,96,92,125944
2.0821,0.2346,38.62,96,92,125947
2.1114,0.2297,38.52,96,92,125952
2.1017,0.2346,38.58,96,92,125955
2.1310,0.2444,38.43,96,92,125958
2.1163,0.2346,38.71,96,92,125962
2.1261,0.2688,38.62,96,92,125965
2.1505,0.2444,38.52,96,92,125968
2.1261,0.2346,38.58,96,92,125972
2.1701,0.2444,38.36,96,92,125975
2.1457,0.2395,38.49,96,92,125978
2.1310,0.2542,38.68,96,92,125982
2.1554,0.2395,38.55,96,92,125985
2.1457,0.2395,38.49,96,92,125988
2.2385,0.2444,38.30,96,92,125991
2.1896,0.2346,38.52,96,92,125996
2.1896,0.2297,38.55,96,92,125999
2.1994,0.2395,38.55,96,92,126002
2.1945,0.2297,38.62,96,92,126006
2.2678,0.2639,38.43,96,92,126009
2.2434,0.2395,38.55,96,92,126012
2.2483,0.2297,38.55,96,92,126016
2.2385,0.2297,38.58,96,92,126019
2.2239,0.2297,38.62,96,92,126022
2.2336,0.2737,38.52,96,92,126025
2.1701,0.2346,38.55,96,92,126029
2.1408,0.2297,38.49,96,92,126032
2.0772,0.2444,38.58,96,92,126035
2.0528,0.2346,38.58,96,92,126040
2.0772,0.2493,38.49,95,92,126043
1.9648,0.2444,38.65,95,92,126048
1.9306,0.2346,38.55,95,92,126051
1.9550,0.2395,38.36,95,92,126054
1.9159,0.2395,38.62,95,92,126058
1.9110,0.2346,38.62,95,92,126061
1.9110,0.2395,38.58,95,92,126064
1.8964,0.2395,38.58,95,92,126068
1.9453,0.2395,38.30,95,92,126071
1.9013,0.2346,38.52,95,92,126074
1.9013,0.2297,38.58,95,92,126078
1.9062,0.2395,38.68,95,92,126082
1.9013,0.2395,38.62,95,92,126085
1.9550,0.2493,38.43,95,92,126088
1.9257,0.2395,38.52,95,92,126092
1.9306,0.2346,38.49,95,92,126095
1.9306,0.2395,38.52,95,92,126098
1.9550,0.2346,38.58,95,92,126102
2.0137,0.2395,38.43,95,92,126105
2.0186,0.2395,38.43,95,92,126108
2.0723,0.2542,38.49,95,92,126112
2.1408,0.2346,38.58,95,92,126115
2.2092,0.2297,38.62,95,92,126118
2.3803,0.2639,38.52,95,92,126121
2.5513,0.2346,38.58,95,92,126126
2.8201,0.2444,38.49,95,92,126129
3.0254,0.2346,38.58,95,92,126132
3.2502,0.2346,38.62,95,92,126136
3.3969,0.2395,38.52,95,92,126139
3.3480,0.2346,38.62,95,92,126142
3.1916,0.2493,38.40,95,92,126146
2.8446,0.2346,38.65,95,92,126149
2.5269,0.2542,38.62,95,92,126152
2.2678,0.2444,38.52,95,92,126156
1.9892,0.2346,38.55,95,92,126159
1.8377,0.2444,38.36,95,92,126162
1.6716,0.2395,38.52,95,92,126166
1.5640,0.2444,38.62,95,92,126170
1.5103,0.2395,38.55,95,92,126173
1.4614,0.2346,38.58,95,92,126176
1.5103,0.2542,38.36,95,92,126180
1.4370,0.2395,38.46,95,92,126183
1.4272,0.2346,38.58,95,92,126186
1.4370,0.2297,38.58,95,92,126190
1.4418,0.2346,38.65,95,92,126193
1.4956,0.2444,38.43,95,92,126196
1.4907,0.2395,38.68,95,92,126200
1.5054,0.2346,38.52,95,92,126203
1.5054,0.2346,38.62,95,92,126206
1.5200,0.2346,38.74,95,92,126210
1.5543,0.2493,38.55,95,92,126214
1.5543,0.2346,38.62,95,92,126217
1.5738,0.2395,38.18,95,92,126220
1.5640,0.2346,38.62,95,92,126224
1.5738,0.2346,38.65,95,92,126227
1.6129,0.2493,38.49,95,92,126230
1.5982,0.2346,38.62,95,92,126234
1.6373,0.2737,38.46,95,92,126237
1.6227,0.2297,38.52,95,92,126240
1.6373,0.2346,38.68,95,92,126244
1.6618,0.2395,38.46,95,92,126247
1.6569,0.2346,38.81,95,92,126251
1.6911,0.2395,38.36,95,92,126254
1.6667,0.2297,38.58,95,92,126258
1.6569,0.2346,38.52,95,92,126261
1.6716,0.2444,38.55,95,92,126264
1.6667,0.2346,38.62,95,92,126268
1.7204,0.2444,38.40,95,92,126271
1.6960,0.2297,38.52,95,92,126274
1.6960,0.2346,38.62,95,92,126278
1.6911,0.2395,38.65,95,92,126281
1.6862,0.2346,38.62,95,92,126284
1.7400,0.2688,38.40,95,92,126288
1.7058,0.2688,38.55,95,92,126291
1.7155,0.2199,38.55,95,92,126295
1.7155,0.2395,38.62,95,92,126298
1.7253,0.2346,38.62,95,92,126302
1.7595,0.2444,38.49,95,92,126305
1.7546,0.2444,38.55,95,92,126308
1.7546,0.2297,38.49,95,92,126312
1.7400,0.2346,38.58,95,92,126315
1.7400,0.2346,38.68,95,92,126318
1.7693,0.2444,38.46,95,92,126322
1.7400,0.2639,38.62,95,92,126325
1.7791,0.2395,38.46,95,92,126328
1.7204,0.2346,38.55,95,92,126332
1.7204,0.2346,38.62,95,92,126336
1.7400,0.2395,38.55,95,92,126339
1.7400,0.2346,38.81,95,92,126342
1.7742,0.2346,38.40,95,92,126346
1.7644,0.2297,38.62,95,92,126349
1.7742,0.2346,38.62,95,92,126352
1.7986,0.2444,38.55,95,92,126356
1.7840,0.2346,38.58,95,92,126359
1.8280,0.2737,38.40,95,92,126362
1.7937,0.2444,38.49,95,92,126366
1.7889,0.2297,38.58,95,92,126369
1.8084,0.2395,38.55,95,92,126372
1.8084,0.2346,38.62,95,92,126375
1.8475,0.2444,38.30,95,92,126380
1.8035,0.2346,38.49,95,92,126383
1.7937,0.2346,38.58,95,92,126386
1.8084,0.2395,38.62,95,92,126390
1.8133,0.2395,38.58,95,92,126393
1.8817,0.2493,38.40,95,92,126396
1.8426,0.2395,38.52,95,92,126400
1.8426,0.2248,38.52,95,92,126403
1.8524,0.2346,38.62,95,92,126406
1.8622,0.2444,38.62,95,92,126410
1.9110,0.2493,38.55,95,92,126413
1.8915,0.2395,38.49,95,92,126416
1.9062,0.2395,38.49,95,92,126419
1.8964,0.2346,38.62,95,92,126424
1.8915,0.2346,38.62,95,92,126427
1.9257,0.2493,38.46,95,92,126430
1.8719,0.2395,38.62,95,92,126434
1.8866,0.2444,38.49,95,92,126437
1.8475,0.2297,38.68,95,92,126440
1.8475,0.2346,38.58,95,92,126444
1.8719,0.2395,38.49,95,92,126447
1.8524,0.2346,38.65,95,92,126450
1.8622,0.2444,38.40,95,92,126454
1.8231,0.2346,38.55,95,92,126457
1.8133,0.2346,38.62,95,92,126460
1.8280,0.2395,38.52,95,92,126464
1.8133,0.2346,37.83,95,92,126468
1.8524,0.2346,38.36,95,92,126471
1.8084,0.2346,38.58,95,92,126474
1.8084,0.2346,38.71,95,92,126478
1.8328,0.2395,38.55,95,92,126481
1.7791,0.2346,38.74,95,92,126484
1.8280,0.2444,38.33,95,92,126488
1.8035,0.2395,38.49,95,92,126491
1.7791,0.2297,38.71,95,92,126494
1.7791,0.2346,38.58,95,92,126498
1.7644,0.2346,38.62,95,92,126501
1.8035,0.2444,38.40,95,92,126504
1.7791,0.2395,38.55,95,92,126508
1.7791,0.2346,38.52,95,92,126512
1.7742,0.2395,38.58,95,92,126515
1.7889,0.2346,38.62,95,92,126518
1.8182,0.2444,38.46,95,92,126522
1.8084,0.2444,38.58,95,92,126525
1.8182,0.2395,38.46,95,92,126528
1.7889,0.2346,38.58,95,92,126532
1.7840,0.2297,38.58,95,92,126535
1.7791,0.2395,38.62,95,92,126538
1.7595,0.2346,38.58,95,92,126542
1.7595,0.2346,38.46,95,92,126545
1.7155,0.2346,38.58,95,92,126548
1.7302,0.2346,38.62,95,92,126552
1.7498,0.2444,38.52,95,92,126556
1.7302,0.2346,38.62,95,92,126559
1.7742,0.2444,38.36,95,92,126562
1.7693,0.2444,38.49,95,92,126566
1.7644,0.2346,38.62,95,92,126569
1.7791,0.2493,38.55,95,92,126572
1.7595,0.2395,38.62,95,92,126576
1.7986,0.2444,38.49,95,92,126579
1.7644,0.2444,38.49,95,92,126582
1.7546,0.2346,38.62,95,92,126586
1.7693,0.2395,38.55,95,92,126589
1.7791,0.2346,38.62,95,92,126593
1.8231,0.2542,38.46,95,92,126596
1.7937,0.2444,38.55,95,92,126600
1.7937,0.2346,38.55,95,92,126603
1.7840,0.2395,38.58,95,92,126606
1.7840,0.2297,38.62,95,92,126610
1.8280,0.2493,38.71,95,92,126613
1.8231,0.2444,38.58,95,92,126616
1.8524,0.2297,38.46,95,92,126620
1.8671,0.2395,38.58,95,92,126623
1.8671,0.2297,38.62,95,92,126626
1.9062,0.2395,38.46,95,92,126630
1.8719,0.2395,38.68,95,92,126633
1.8866,0.2346,38.49,95,92,126637
1.8524,0.2346,38.55,95,92,126641
1.8377,0.2346,38.71,95,92,126644
1.8426,0.2346,38.46,95,92,126647
1.7986,0.2444,38.62,95,92,126650
1.7986,0.2395,38.36,95,92,126654
1.7791,0.2542,38.36,95,92,126658
1.7302,0.2346,38.65,95,92,126662
1.7107,0.2297,38.55,95,92,126665
1.7009,0.2346,38.58,95,92,126668
1.7009,0.2346,38.62,95,92,126672
1.7546,0.2835,38.43,95,92,126675
1.7253,0.2395,38.58,95,92,126679
1.7009,0.2346,38.52,95,92,126683
1.6813,0.2346,38.62,95,92,126686
1.6862,0.2297,38.62,95,92,126689
1.7253,0.2444,38.43,95,92,126693
1.6960,0.2395,38.62,95,92,126696
1.7155,0.2395,38.52,95,92,126699
1.6911,0.2395,38.62,95,92,126702
1.7009,0.2346,38.62,95,92,126706
1.7155,0.2395,38.55,95,92,126709
1.6813,0.2395,38.55,95,92,126712
1.7058,0.2346,38.49,95,92,126716
1.7009,0.2346,38.58,95,92,126720
1.7351,0.2346,38.65,95,92,126723
1.7791,0.2444,38.33,95,92,126727
1.8084,0.2395,38.62,95,92,126730
1.8964,0.2395,38.40,95,92,126733
1.9453,0.2346,38.46,95,92,126737
2.1017,0.2346,38.62,95,92,126740
2.2825,0.2444,38.55,95,92,126743
2.4878,0.2444,38.62,95,92,126746
2.8348,0.2444,38.33,95,92,126750
3.0254,0.2395,38.58,95,92,126753
3.1818,0.2395,38.65,95,92,126756
3.2405,0.2395,38.58,95,92,126760
3.0987,0.2346,38.65,95,92,126764
2.9130,0.2590,38.36,95,92,126767
2.5220,0.2297,38.52,95,92,126771
2.1799,0.2346,38.55,95,92,126774
1.9110,0.2395,38.58,95,92,126777
1.6911,0.2346,38.62,95,92,126781
1.5543,0.2493,38.43,95,92,126784
1.4125,0.2444,38.55,95,92,126787
1.3539,0.2297,38.49,95,92,126790
1.3196,0.2395,38.58,95,92,126794
1.3001,0.2297,38.62,95,92,126797
1.2952,0.2542,38.55,95,92,126800
1.2708,0.2395,38.58,95,92,126804
1.2854,0.2395,38.46,95,92,126808
1.3099,0.2346,38.58,95,92,126811
1.3392,0.2346,38.58,95,92,126815
1.3881,0.2444,38.55,95,92,126818
1.4076,0.2346,38.58,95,92,126821
1.4565,0.2395,38.46,95,92,126825
1.4565,0.2346,38.74,95,92,126828
1.4663,0.2297,38.62,95,92,126831
1.5005,0.2395,38.58,95,92,126834
1.5054,0.2346,38.58,95,92,126838
1.5543,0.2346,38.36,95,92,126841
1.5445,0.2395,38.68,95,92,126844
1.5396,0.2346,38.58,95,92,126849
1.5640,0.2444,38.55,95,92,126852
1.5591,0.2346,38.62,95,92,126855
1.5982,0.2542,38.30,95,92,126859
1.5640,0.2297,38.52,95,92,126862
1.5543,0.2297,38.65,95,92,126865
1.5396,0.2542,38.58,95,92,126868
1.5347,0.2346,38.62,95,92,126872
1.5982,0.2590,38.40,95,92,126875
1.5787,0.2346,38.55,95,92,126878
1.5836,0.2346,38.55,95,92,126882
1.5738,0.2444,38.58,95,92,126885
1.5738,0.2346,38.62,95,92,126888
1.6178,0.2444,37.65,95,92,126893
1.6227,0.2395,38.58,95,92,126896
1.6325,0.2346,38.52,95,92,126899
1.6178,0.2493,38.58,95,92,126903
1.6129,0.2444,38.62,95,92,126906
1.6373,0.2444,38.49,95,92,126909
1.6373,0.2688,38.55,95,92,126912
1.6667,0.2395,38.49,95,92,126916
1.6276,0.2297,38.62,95,92,126919
1.6276,0.2346,38.62,95,92,126922
1.6325,0.2395,38.52,95,92,126926
1.6471,0.2395,38.62,95,92,126929
1.7107,0.2346,38.43,95,92,126932
1.6862,0.2395,38.65,95,92,126937
1.6862,0.2395,38.58,95,92,126940
1.7058,0.2297,38.52,95,92,126943
1.6960,0.2395,38.62,95,92,126947
1.7449,0.2444,38.36,95,92,126950
1.7351,0.2444,37.96,95,92,126953
1.7302,0.2639,38.65,95,92,126956
1.7400,0.2444,38.58,95,92,126960
1.7107,0.2346,38.71,95,92,126963
1.7449,0.2542,38.30,95,92,126966
1.7107,0.2395,38.52,95,92,126970
1.7058,0.2346,38.55,95,92,126973
1.7204,0.2395,38.58,95,92,126977
1.7253,0.2346,38.52,95,92,126981
1.7840,0.2639,38.43,95,92,126984
1.7742,0.2297,38.55,95,92,126987
1.7498,0.2346,38.55,95,92,126991
1.7742,0.2346,38.62,95,92,126994
1.7546,0.2346,38.65,95,92,126997
1.7889,0.2542,38.55,95,92,127000
1.7840,0.2395,38.58,95,92,127004
1.8231,0.2395,38.49,95,92,127007
1.8084,0.2395,38.62,95,92,127010
1.8426,0.2297,38.62,95,92,127014
1.8817,0.2346,38.46,95,92,127017
1.8524,0.2395,38.65,95,92,127021
1.8719,0.2395,38.55,95,92,127025
1.8475,0.2346,38.55,95,92,127028
1.8622,0.2346,38.71,95,92,127031
1.8915,0.2395,38.43,95,92,127035
1.8622,0.2297,38.62,95,92,127038
1.8719,0.2444,38.36,95,92,127041
1.8231,0.2297,38.46,95,92,127045
1.8084,0.2346,38.62,95,92,127048
1.8328,0.2395,38.55,95,92,127051
1.8280,0.2297,38.58,95,92,127054
1.8915,0.2493,38.36,95,92,127058
1.8573,0.2346,38.52,95,92,127062
1.8426,0.2346,38.62,95,92,127065
1.8328,0.2395,38.58,95,92,127069
1.8182,0.2395,38.62,95,92,127072
1.8719,0.2542,38.40,95,92,127075
1.8280,0.2493,38.62,95,92,127079
1.8133,0.2346,38.62,95,92,127082
1.8084,0.2395,38.58,95,92,127085
1.8084,0.2346,38.21,95,92,127089
1.8426,0.2444,38.43,95,92,127092
1.8182,0.2395,38.58,95,92,127095
1.8231,0.2395,38.46,95,92,127098
1.8280,0.2395,38.62,95,92,127102
1.7986,0.2346,38.62,95,92,127106
1.8231,0.2542,38.46,95,92,127109
1.7937,0.2297,38.62,95,92,127113
1.8231,0.2444,38.52,95,92,127116
1.7986,0.2395,38.62,95,92,127119
1.8133,0.2346,38.58,95,92,127123
1.8231,0.2395,38.49,95,92,127126
1.8035,0.2297,38.62,95,92,127129
1.8182,0.2395,38.40,95,92,127133
1.7840,0.2346,38.62,95,92,127136
1.7791,0.2346,38.58,95,92,127139
1.7937,0.2493,38.46,95,92,127142
1.7693,0.2395,38.62,95,92,127147
1.8084,0.2493,38.33,95,92,127150
1.7986,0.2395,38.52,95,92,127153
1.7840,0.2395,38.62,95,92,127157
1.8280,0.2395,38.58,95,92,127160
1.7986,0.2346,38.71,95,92,127163
1.8524,0.2493,38.30,95,92,127167
1.8133,0.2395,38.46,95,92,127170
1.8084,0.2346,38.55,95,92,127173
1.8426,0.2346,38.58,95,92,127177
1.8280,0.2346,38.62,95,92,127180
1.8719,0.2542,38.49,95,92,127183
1.8377,0.2395,38.55,95,92,127186
1.8280,0.2395,38.58,95,92,127191
1.7986,0.2395,38.58,95,92,127194
1.7889,0.2395,38.65,95,92,127197
1.8377,0.2444,38.52,95,92,127201
1.8035,0.2297,38.58,95,92,127204
1.8328,0.2395,38.55,95,92,127207
1.8182,0.2395,38.65,95,92,127211
1.8377,0.2346,38.62,95,92,127214
1.8719,0.2639,38.55,95,92,127217
1.8475,0.2395,38.58,95,92,127221
1.8768,0.2395,38.58,95,92,127224
1.8573,0.2395,38.52,95,92,127227
1.8622,0.2297,38.58,95,92,127230
1.8817,0.2395,38.46,95,92,127235
1.8768,0.2395,38.58,95,92,127238
1.9159,0.2444,38.36,95,92,127241
1.9257,0.2395,38.58,95,92,127245
1.9159,0.2346,38.62,95,92,127248
1.9453,0.2444,38.55,95,92,127251
1.9355,0.2395,38.62,95,92,127255
1.9844,0.2493,38.30,95,92,127258
1.9306,0.2346,38.55,95,92,127261
1.9208,0.2346,38.58,95,92,127265
1.9013,0.2395,38.62,95,92,127268
1.8035,0.2395,38.52,95,92,127273
1.8035,0.2395,38.65,95,92,127277
1.8377,0.2493,38.43,95,92,127280
1.8084,0.2590,38.55,95,92,127284
1.8182,0.2395,38.46,95,92,127287
1.7889,0.2395,38.65,95,92,127290
1.7791,0.2395,38.62,95,92,127293
1.7840,0.2444,38.43,95,92,127297
1.7644,0.2542,38.65,95,92,127300
1.7937,0.2444,38.43,95,92,127303
1.7742,0.2346,38.68,95,92,127307
1.7791,0.2493,38.62,95,92,127310
1.7986,0.2297,38.52,95,92,127313
1.7791,0.2395,38.62,95,92,127318
1.8377,0.2444,38.36,95,92,127321
1.7742,0.2346,38.58,95,92,127324
1.7742,0.2346,38.62,95,92,127328
1.7840,0.2444,38.77,95,92,127331
1.7791,0.2346,38.62,95,92,127334
1.8475,0.2493,38.36,95,92,127337
1.8426,0.2346,38.49,95,92,127341
1.8768,0.2346,38.58,95,92,127344
1.9257,0.2444,38.62,95,92,127347
2.0039,0.2346,38.62,95,92,127351
2.1701,0.2297,38.40,95,92,127354
2.2972,0.2639,38.58,95,92,127357
2.4927,0.2395,38.52,95,92,127362
2.7273,0.2395,38.62,95,92,127365
2.9668,0.2346,38.62,95,92,127368
3.2209,0.2493,38.49,95,92,127372
3.3089,0.2395,38.58,95,92,127375
3.2942,0.2444,38.49,95,92,127378
3.0743,0.2346,38.58,95,92,127381
2.7273,0.2346,38.68,95,92,127385
2.4242,0.2346,38.52,95,92,127388
2.1212,0.2395,38.58,95,92,127391
1.9013,0.2444,38.43,95,92,127395
1.6813,0.2395,38.62,95,92,127398
1.5396,0.2346,38.49,95,92,127401
1.4614,0.2395,38.49,95,92,127406
1.3832,0.2395,38.58,95,92,127409
1.3685,0.2395,38.40,95,92,127412
1.3392,0.2395,38.49,95,92,127416
1.3343,0.2346,37.90,95,92,127419
1.3685,0.2444,38.52,95,92,127422
1.3734,0.2395,38.62,95,92,127425
1.4272,0.2444,38.33,95,92,127429
1.4125,0.2395,38.52,95,92,127432
1.4370,0.2346,38.62,95,92,127435
1.4663,0.2395,38.58,95,92,127439
1.4761,0.2395,38.62,95,92,127442
1.5396,0.2590,38.36,95,92,127446
1.5200,0.2444,38.55,95,92,127450
1.5298,0.2346,38.52,95,92,127453
1.5445,0.2444,38.62,95,92,127456
1.5640,0.2346,38.58,95,92,127460
1.6178,0.2542,38.55,95,92,127463
1.6031,0.2395,38.55,95,92,127466
1.6227,0.2346,38.49,95,92,127469
1.6227,0.2395,38.62,95,92,127473
1.6325,0.2297,38.58,95,92,127476
1.6764,0.2542,38.40,95,92,127479
1.6618,0.2395,38.58,95,92,127483
1.6862,0.2444,38.40,95,92,127486
1.6667,0.2444,38.58,95,92,127490
1.6667,0.2346,38.62,95,92,127494
1.6911,0.2395,38.46,95,92,127497
1.6862,0.2395,38.58,95,92,127500
1.7107,0.2395,38.46,95,92,127504
1.6911,0.2395,38.58,95,92,127507
1.7058,0.2346,38.62,95,92,127510
1.7204,0.2444,38.52,95,92,127513
1.7107,0.2395,38.68,95,92,127517
1.7546,0.2444,38.36,95,92,127520
1.7253,0.2346,38.58,95,92,127523
1.7400,0.2346,38.65,95,92,127527
1.7449,0.2444,38.55,95,92,127531
1.7449,0.2346,38.62,95,92,127534
1.7986,0.2493,38.33,95,92,127538
1.7791,0.2395,38.49,95,92,127541
1.7889,0.2346,38.58,95,92,127544
1.7840,0.2395,38.71,95,92,127548
1.7840,0.2248,38.68,95,92,127551
1.8475,0.2542,38.43,95,92,127554
1.8182,0.2542,38.52,95,92,127557
1.8426,0.2346,38.52,95,92,127561
1.8084,0.2395,38.62,95,92,127564
1.8133,0.2346,38.62,95,92,127567
1.8524,0.2493,38.46,95,92,127571
1.8280,0.2395,38.55,95,92,127575
1.8524,0.2444,38.46,95,92,127578
1.8377,0.2346,38.62,95,92,127582
1.8426,0.2346,38.62,95,92,127585
1.8524,0.2346,38.55,95,92,127588
1.8475,0.2493,38.62,95,92,127592
1.8719,0.2395,38.46,95,92,127595
1.8524,0.2395,38.58,95,92,127598
1.8915,0.2346,38.62,95,92,127601
1.9062,0.2444,38.52,95,92,127605
1.8915,0.2346,38.62,95,92,127608
1.9306,0.2395,38.43,95,92,127611
1.9159,0.2395,38.49,95,92,127616
1.9110,0.2444,38.68,95,92,127619
1.9453,0.2444,38.46,95,92,127622
1.9306,0.2395,38.62,95,92,127626
1.9844,0.2297,38.33,95,92,127629
1.9501,0.2444,38.49,95,92,127632
1.9550,0.2346,38.62,95,92,127636
1.9697,0.2395,38.77,95,92,127639
1.9697,0.2297,38.58,95,92,127642
2.0332,0.2590,38.36,95,92,127646
1.9941,0.2786,38.55,95,92,127649
1.9941,0.2346,38.55,95,92,127652
1.9892,0.2395,38.52,95,92,127655
1.9941,0.2346,38.62,95,92,127660
2.0235,0.2542,38.55,95,92,127663
1.9941,0.2493,38.55,95,92,127666
1.9941,0.2395,38.49,95,92,127670
1.9697,0.2395,38.58,95,92,127673
1.9746,0.2346,38.62,95,92,127676
2.0088,0.2493,38.49,95,92,127680
1.9697,0.2395,38.58,95,92,127683
1.9990,0.2444,38.49,95,92,127686
1.9697,0.2346,38.62,95,92,127690
1.9648,0.2346,38.62,95,92,127693
1.9746,0.2395,38.58,95,92,127696
1.9550,0.2346,38.68,95,92,127699
1.9795,0.2395,38.43,95,92,127704
1.9501,0.2346,38.58,95,92,127707
1.9795,0.2395,38.62,95,92,127710
1.9599,0.2444,38.52,95,92,127714
1.9404,0.2444,38.58,95,92,127717
1.9795,0.2444,38.33,95,92,127720
1.9355,0.2590,38.55,95,92,127724
1.9453,0.2346,38.62,95,92,127727
1.9501,0.2444,38.52,95,92,127730
1.9306,0.2346,38.62,95,92,127734
1.9795,0.2493,37.56,95,92,127737
1.9599,0.2493,38.49,95,92,127740
1.9208,0.2297,38.55,95,92,127744
1.9257,0.2493,38.55,95,92,127748
1.9306,0.2395,38.65,95,92,127751
1.9795,0.2493,38.40,95,92,127754
1.9550,0.2444,38.55,95,92,127758
1.9453,0.2346,38.52,95,92,127761
1.9355,0.2395,38.58,95,92,127764
1.9355,0.2346,38.62,95,92,127768
1.9697,0.2444,38.87,95,92,127771
1.9501,0.2395,38.58,95,92,127774
1.9795,0.2297,38.46,95,92,127778
1.9599,0.2590,38.58,95,92,127781
1.9648,0.2346,38.65,95,92,127784
1.9795,0.2395,38.58,95,92,127789
1.9746,0.2395,38.58,95,92,127792
2.0088,0.2346,38.46,95,92,127795
1.9795,0.2346,38.55,95,92,127798
1.9941,0.2248,38.62,95,92,127802
2.0283,0.2444,38.49,95,92,127805
2.0039,0.2444,38.68,95,92,127808
2.0577,0.2444,38.36,95,92,127812
2.0186,0.2395,38.52,95,92,127815
2.0088,0.2346,38.71,95,92,127818
2.0381,0.2444,38.52,95,92,127822
2.0137,0.2395,38.62,95,92,127825
2.0674,0.2444,38.33,95,92,127828
2.0283,0.2346,38.52,95,92,127832
2.0332,0.2346,38.62,95,92,127836
2.0479,0.2395,38.65,95,92,127839
2.0430,0.2346,38.62,95,92,127842
2.1065,0.2590,38.33,95,92,127846
2.0723,0.2395,38.49,95,92,127849
2.0772,0.2346,38.65,95,92,127852
2.0919,0.2395,38.62,95,92,127856
2.0968,0.2346,38.62,95,92,127859
2.1554,0.2493,38.43,95,92,127862
2.1310,0.2444,38.55,95,92,127865
2.1408,0.2346,38.52,95,92,127869
2.1408,0.2493,38.58,95,92,127873
2.1799,0.2346,38.65,95,92,127876
2.1896,0.2444,38.46,95,93,127880
2.0870,0.2395,38.55,95,93,127884
2.0479,0.2346,38.62,95,93,127888
2.0674,0.2346,38.40,95,93,127891
2.0332,0.2297,38.55,95,93,127894
2.0283,0.2346,38.65,95,93,127898
2.0479,0.2493,38.52,95,93,127901
2.0186,0.2346,38.62,95,93,127904
2.0626,0.2444,38.40,95,93,127907
2.0381,0.2395,38.55,95,93,127911
2.0039,0.2346,38.62,95,93,127915
2.0039,0.2395,38.58,95,93,127918
1.9795,0.2395,38.58,95,93,127922
2.0430,0.2493,38.30,95,93,127925
1.9990,0.2395,38.46,95,93,127928
1.9844,0.2346,38.96,95,93,127932
1.9892,0.2297,38.58,95,93,127935
1.9746,0.2346,38.58,95,93,127938
2.0283,0.2786,38.40,95,93,127942
1.9844,0.2395,38.55,95,93,127945
1.9697,0.2346,38.71,95,93,127948
1.9599,0.2346,38.62,95,93,127951
1.9599,0.2297,38.62,95,93,127955
2.0039,0.2444,38.46,95,93,127959
1.9941,0.2395,38.55,95,93,127962
2.0381,0.2297,38.46,95,93,127966
2.0479,0.2542,38.58,95,93,127969
2.0968,0.2346,38.62,95,93,127972
2.1799,0.2395,38.58,95,93,127976
2.2630,0.2542,38.58,95,93,127979
2.4438,0.2395,38.49,95,93,127982
2.5806,0.2444,38.68,95,93,127986
2.8348,0.2346,38.58,95,93,127989
3.0890,0.2444,38.46,95,93,127992
3.2845,0.2346,38.58,95,93,127995
3.4751,0.2395,38.43,95,93,128000
3.4360,0.2346,38.46,95,93,128003
3.2454,0.2395,38.65,95,93,128006
2.9912,0.2444,38.52,95,93,128010
2.6491,0.2346,38.62,95,93,128013
2.4585,0.2444,38.43,95,93,128016
2.1457,0.2346,38.52,95,93,128020
1.9453,0.2297,38.62,95,93,128023
1.8328,0.2395,38.62,95,93,128026
1.6862,0.2346,38.62,95,93,128029
1.6569,0.2444,38.30,95,93,128033
1.5738,0.2346,38.52,95,93,128036
1.5543,0.2297,38.65,95,93,128039
1.5494,0.2444,38.58,95,93,128044
1.5543,0.2346,38.62,95,93,128047
1.6178,0.2786,38.46,95,93,128050
1.6080,0.2395,38.58,95,93,128054
1.6178,0.2297,38.49,95,93,128057
1.6325,0.2395,38.62,95,93,128060
1.6422,0.2297,38.62,95,93,128064
1.7009,0.2493,38.43,95,93,128067
1.7009,0.2297,38.58,95,93,128070
1.7351,0.2395,38.46,95,93,128073
1.7351,0.2590,38.62,95,93,128077
1.7498,0.2346,38.62,95,93,128080
1.7986,0.2395,38.49,95,93,128083
1.7986,0.2346,38.58,95,93,128088
1.8426,0.2297,38.49,95,93,128091
1.8182,0.2297,38.65,95,93,128094
1.8524,0.2395,38.62,95,93,128098
1.8328,0.2395,38.52,95,93,128101
1.8231,0.2346,38.58,95,93,128104
1.8671,0.2346,38.40,95,93,128108
1.8475,0.2346,38.68,95,93,128111
1.8573,0.2297,38.62,95,93,128114
1.8817,0.2297,38.55,95,93,128117
1.8671,0.2297,38.62,95,93,128121
1.9159,0.2395,38.33,95,93,128124
1.8915,0.2395,38.55,95,93,128128
1.8768,0.2346,38.58,95,93,128132
1.8915,0.2395,38.55,95,93,128135
1.8768,0.2297,38.68,95,93,128138
1.9306,0.2590,38.33,95,93,128142
1.8964,0.2395,38.49,95,93,128145
1.8866,0.2297,38.52,95,93,128148
1.8964,0.2346,38.58,95,93,128152
1.9013,0.2346,38.62,95,93,128155
1.9501,0.2444,38.49,95,93,128158
1.9159,0.2395,38.55,95,93,128161
1.9257,0.2297,38.49,95,93,128165
1.9062,0.2346,38.62,95,93,128168
1.9062,0.2346,38.62,95,93,128172
1.9257,0.2395,38.65,95,93,128176
1.9013,0.2297,38.58,95,93,128179
1.9355,0.2346,38.46,95,93,128182
1.8915,0.2346,38.62,95,93,128186
1.8964,0.2395,38.62,95,93,128189
1.9306,0.2444,38.52,95,93,128192
1.8964,0.2444,38.62,95,93,128195
1.9208,0.2346,38.46,95,93,128199
1.8915,0.2297,38.71,95,93,128202
1.8866,0.2395,38.62,95,93,128205
1.9110,0.2395,38.46,95,93,128209
1.8964,0.2346,38.65,95,93,128212
1.9355,0.2395,38.36,95,93,128216
1.9110,0.2395,38.46,95,93,128220
1.9062,0.2395,38.62,95,93,128223
1.9257,0.2395,38.62,95,93,128226
1.9110,0.2297,38.58,95,93,128230
1.9697,0.2542,38.33,95,93,128233
1.9355,0.2346,38.52,95,93,128236
1.9404,0.2346,38.58,95,93,128239
1.9453,0.2444,38.58,95,93,128243
1.9501,0.2297,38.74,95,93,128246
2.0186,0.2444,38.40,95,93,128249
1.9844,0.2395,38.55,95,93,128253
1.9795,0.2297,38.65,95,93,128257
1.9746,0.2346,38.58,95,93,128260
1.9746,0.2297,38.62,95,93,128264
2.0137,0.2493,38.43,95,93,128267
1.9941,0.2297,38.55,95,93,128270
2.0039,0.2346,38.52,95,93,128274
1.9844,0.2346,38.62,95,93,128277
2.0088,0.2346,38.65,95,93,128280
2.0186,0.2395,38.49,95,93,128283
1.9941,0.2297,38.58,95,93,128287
2.0186,0.2395,38.43,95,93,128290
1.9844,0.2297,38.58,95,93,128293
1.9795,0.2297,38.62,95,93,128297
1.9844,0.2444,38.55,95,93,128301
1.9697,0.2297,38.58,95,93,128304
1.9892,0.2346,38.40,95,93,128308
1.9550,0.2346,38.58,95,93,128311
1.9599,0.2297,38.62,95,93,128314
1.9795,0.2395,38.43,95,93,128317
1.9453,0.2346,38.62,95,93,128321
1.9795,0.2395,38.15,95,93,128324
1.9501,0.2395,38.49,95,93,128327
1.9306,0.2346,38.62,95,93,128331
1.9746,0.2346,38.55,95,93,128334
1.9257,0.2346,38.62,95,93,128337
1.9648,0.2444,38.36,95,93,128342
1.9257,0.2346,38.52,95,93,128345
1.9062,0.2346,38.62,95,93,128348
1.9062,0.2346,38.58,95,93,128352
1.9257,0.2346,38.62,95,93,128355
1.9550,0.2493,38.46,95,93,128358
1.9062,0.2297,38.52,95,93,128361
1.9062,0.2346,38.52,95,93,128365
1.8915,0.2346,38.52,95,93,128368
1.8866,0.2297,38.62,95,93,128371
1.9159,0.2444,38.52,95,93,128375
1.8866,0.2395,38.55,95,93,128378
1.8964,0.2346,38.49,95,93,128381
1.8719,0.2346,38.62,95,93,128386
1.8915,0.2346,38.62,95,93,128389
1.9062,0.2444,38.33,95,93,128392
1.8719,0.2346,38.58,95,93,128396
1.8915,0.2395,38.49,95,93,128399
1.8573,0.2297,38.52,95,93,128402
1.8671,0.2395,38.62,95,93,128405
1.8915,0.2395,38.02,95,93,128409
1.8817,0.2639,38.62,95,93,128412
1.9062,0.2346,38.40,95,93,128415
1.8817,0.2297,38.55,95,93,128419
1.8866,0.2297,38.58,95,93,128422
1.9208,0.2346,38.55,95,93,128425
1.8964,0.2297,38.62,95,93,128430
1.9355,0.2395,38.36,95,93,128433
1.8866,0.2346,38.71,95,93,128436
1.8915,0.2444,38.62,95,93,128440
1.9159,0.2395,38.55,95,93,128443
1.9013,0.2297,38.52,95,93,128446
1.9746,0.2444,38.33,95,93,128449
1.9257,0.2395,38.49,95,93,128453
1.9159,0.2297,38.71,95,93,128456
1.9208,0.2395,38.62,95,93,128459
1.9159,0.2297,38.62,95,93,128463
1.9648,0.2444,38.40,95,93,128466
1.9404,0.2395,38.52,95,93,128470
1.9453,0.2346,38.49,95,93,128474
1.9404,0.2444,38.62,95,93,128477
1.9599,0.2346,38.62,95,93,128480
1.9990,0.2395,38.46,95,93,128483
1.9990,0.2346,38.58,95,93,128487
2.0332,0.2346,38.46,95,93,128490
2.0283,0.2297,38.58,95,93,128493
1.9844,0.2297,38.62,95,93,128498
1.9697,0.2297,38.58,95,93,128501
1.9648,0.2395,38.52,95,93,128505
1.9208,0.2297,38.58,95,93,128508
1.9453,0.2444,38.33,95,93,128512
1.9110,0.2346,38.49,95,93,128516
1.8817,0.2297,38.58,95,93,128519
1.8768,0.2395,38.58,95,93,128522
1.8475,0.2297,38.58,95,93,128526
1.8866,0.2444,38.33,95,93,128529
1.8377,0.2346,37.68,95,93,128532
1.8182,0.2297,38.62,95,93,128536
1.8182,0.2346,38.62,95,93,128539
1.8084,0.2297,38.68,95,93,128542
1.8573,0.2493,38.49,95,93,128545
1.8280,0.2395,38.58,95,93,128549
1.8426,0.2346,38.52,95,93,128552
1.8426,0.2395,38.62,95,93,128556
1.8524,0.2297,38.43,95,93,128560
1.8866,0.2639,38.49,95,93,128563
1.8817,0.2346,38.58,95,93,128566
1.9110,0.2346,38.43,95,93,128570
1.9062,0.2346,38.68,95,93,128573
1.9159,0.2297,38.62,95,93,128576
1.9501,0.2444,38.49,95,93,128579
1.9306,0.2297,38.58,95,93,128583
1.9697,0.2346,38.49,95,93,128586
1.9648,0.2395,38.55,95,93,128589
2.0186,0.2346,38.62,95,93,128593
2.0968,0.2395,38.46,95,93,128596
2.1603,0.2346,38.68,95,93,128600
2.3363,0.2346,38.43,95,93,128604
2.4731,0.2346,38.49,95,93,128607
2.6882,0.2737,38.58,95,93,128610
2.9668,0.2297,38.55,95,93,128614
3.1867,0.2297,38.58,95,93,128617
3.4506,0.2493,38.33,95,93,128620
3.4262,0.2297,38.52,95,93,128623
3.2991,0.2297,38.62,95,93,128627
3.0547,0.2346,38.58,95,93,128630
2.7224,0.2297,38.58,95,93,128633
2.4976,0.2590,38.33,95,93,128637
2.2043,0.2395,38.52,95,93,128641
1.9941,0.2297,38.58,95,93,128644
1.8622,0.2346,38.58,95,93,128648
1.7253,0.2297,38.62,95,93,128651
1.6911,0.2395,38.49,95,93,128654
1.6178,0.2395,38.62,95,93,128658
1.5787,0.2346,38.55,95,93,128661
1.5396,0.2248,38.62,95,93,128664
1.5200,0.2346,38.62,95,93,128667
1.5543,0.2395,38.52,95,93,128671
1.5543,0.2297,38.58,95,93,128674
1.6031,0.2346,38.46,95,93,128677
1.5982,0.2297,38.62,95,93,128681
1.6520,0.2346,38.62,95,93,128685
1.6471,0.2346,38.65,95,93,128688
1.6520,0.2542,38.58,95,93,128692
1.7009,0.2346,38.46,95,93,128695
1.7009,0.2346,38.58,95,93,128698
1.7155,0.2346,38.62,95,93,128702
1.7449,0.2346,38.52,95,93,128705
1.7449,0.2346,38.58,95,93,128708
1.7889,0.2395,38.40,95,93,128711
1.7937,0.2395,38.55,95,93,128715
1.8035,0.2346,38.62,95,93,128718
1.8328,0.2395,38.46,95,93,128721
1.8084,0.2297,38.62,95,93,128726
1.8475,0.2395,38.30,95,93,128729
1.8035,0.2346,38.49,95,93,128732
1.8035,0.2297,38.62,95,93,128736
1.8084,0.2346,38.62,95,93,128739
1.8084,0.2395,38.68,95,93,128742
1.8719,0.2493,38.36,95,93,128745
1.8280,0.2395,38.52,95,93,128749
1.8231,0.2346,38.52,95,93,128752
1.8182,0.2346,38.55,95,93,128755
1.8182,0.2346,38.62,95,93,128759
1.8671,0.2444,38.49,95,93,128762
1.8524,0.2346,38.58,95,93,128765
1.8768,0.2346,38.49,95,93,128770
1.8426,0.2297,38.62,95,93,128773
1.8475,0.2346,38.62,95,93,128776
1.8719,0.2444,38.81,95,93,128780
1.8573,0.2395,38.52,95,93,128783
1.8671,0.2395,38.49,95,93,128786
1.8328,0.2297,38.58,95,93,128789
1.8524,0.2346,38.62,95,93,128793
1.8524,0.2395,38.46,95,93,128796
1.8426,0.2346,38.58,95,93,128799
1.8671,0.2346,38.40,95,93,128803
1.8328,0.2297,38.55,95,93,128806
1.8280,0.2248,38.62,95,93,128809
1.8426,0.2297,38.55,95,93,128814
1.8328,0.2297,38.62,95,93,128817
1.8768,0.2493,38.36,95,93,128820
1.8426,0.2297,38.77,95,93,128824
1.8426,0.2444,38.62,95,93,128827
1.8426,0.2395,38.55,95,93,128830
1.8133,0.2297,38.65,95,93,128833
1.8524,0.2444,38.30,95,93,128837
1.8133,0.2297,38.55,95,93,128840
1.7937,0.2297,38.65,95,93,128843
1.7986,0.2297,38.58,95,93,128847
1.7889,0.2297,38.81,95,93,128850
1.8475,0.2493,38.40,95,93,128854
1.8084,0.2395,38.55,95,93,128858
1.7986,0.2297,38.52,95,93,128861
1.8035,0.2395,38.58,95,93,128864
1.8084,0.2346,38.62,95,93,128868
1.8524,0.2395,38.46,95,93,128871
1.8426,0.2444,38.58,95,93,128874
1.8768,0.2346,38.49,95,93,128877
1.8768,0.2297,38.52,95,93,128881
1.8915,0.2346,38.62,95,93,128884
1.9355,0.2346,38.55,95,93,128887
1.9208,0.2346,38.58,95,93,128891
1.9453,0.2639,38.49,95,93,128894
1.9159,0.2297,38.62,95,93,128898
1.9208,0.2297,38.58,95,93,128902
1.9501,0.2493,38.46,95,93,128905
1.9355,0.2297,38.62,95,93,128908
1.9648,0.2346,38.36,95,93,128911
1.9355,0.2346,38.52,95,93,128915
1.9159,0.2297,38.62,95,93,128918
1.9159,0.2444,38.52,95,93,128921
1.8817,0.2297,38.62,95,93,128925
1.9062,0.2395,38.33,95,93,128928
1.9013,0.2346,38.58,95,93,128931
1.8524,0.2297,38.62,95,93,128935
1.8622,0.2395,38.55,95,93,128939
1.8573,0.2346,38.58,95,93,128942
1.9110,0.2493,38.33,95,93,128946
1.8573,0.2346,38.49,95,93,128949
1.8328,0.2297,38.55,95,93,128952
1.8231,0.2346,38.68,95,93,128955
1.8084,0.2346,38.58,95,93,128959
1.8573,0.2493,38.43,95,93,128962
1.8328,0.2395,38.55,95,93,128965
1.8622,0.2346,38.55,95,93,128969
1.8084,0.2688,38.55,95,93,128972
1.7986,0.2737,38.62,95,93,128975
1.8377,0.2444,38.46,95,93,128979
1.8133,0.2395,38.55,95,93,128983
1.8377,0.2346,38.46,95,93,128986
1.8035,0.2297,38.71,95,93,128990
1.8084,0.2248,38.62,95,93,128993
1.8280,0.2395,38.52,95,93,128996
1.7889,0.2297,38.58,95,93,128999
1.8084,0.2346,38.46,95,93,129003
1.7742,0.2297,38.58,95,93,129006
1.7742,0.2297,38.62,95,93,129009
1.7742,0.2395,38.52,95,93,129013
1.7400,0.2346,38.58,95,93,129016
1.7498,0.2297,37.65,95,93,129019
1.7155,0.2346,38.62,95,93,129024
1.7302,0.2297,38.62,95,93,129027
1.7693,0.2444,38.52,95,93,129030
1.7693,0.2346,38.62,95,93,129033
1.8377,0.2444,38.33,95,93,129037
1.8328,0.2395,38.49,95,93,129040
1.8280,0.2297,38.62,95,93,129043
1.8426,0.2346,38.55,95,93,129047
1.8328,0.2346,38.62,95,93,129050
1.8768,0.2493,38.43,95,93,129053
1.8231,0.2395,38.49,95,93,129057
1.7986,0.2248,38.90,95,93,129060
1.7937,0.2639,38.62,95,93,129063
1.8084,0.2346,38.62,95,93,129068
1.8426,0.2444,38.46,95,93,129071
1.8133,0.2395,38.62,95,93,129074
1.8182,0.2346,38.49,95,93,129077
1.8084,0.2346,38.71,95,93,129081
1.8280,0.2346,38.62,95,93,129084
1.8524,0.2395,38.65,95,93,129087
1.8280,0.2346,38.58,95,93,129091
1.8426,0.2346,38.49,95,93,129094
1.8231,0.2346,38.58,95,93,129097
1.8328,0.2297,38.58,95,93,129101
1.8719,0.2444,38.46,95,93,129104
1.9257,0.2395,38.52,95,93,129110
1.8915,0.2346,38.62,95,93,129113
1.9257,0.2395,38.43,95,93,129116
1.8719,0.2346,38.62,95,93,129120
1.8328,0.2590,38.68,95,93,129123
1.8084,0.2395,38.58,95,93,129126
1.7840,0.2297,38.62,95,93,129129
1.8328,0.2493,38.30,95,93,129133
1.8133,0.2346,38.52,95,93,129136
1.7791,0.2297,38.55,95,93,129139
1.7791,0.2297,38.58,95,93,129143
1.7693,0.2297,38.62,95,93,129146
1.7986,0.2493,38.49,95,93,129149
1.7644,0.2395,38.55,95,93,129154
1.7595,0.2346,38.49,95,93,129157
1.7498,0.2346,38.62,95,93,129160
1.7546,0.2297,38.62,95,93,129164
1.7840,0.2444,38.43,95,93,129167
1.7693,0.2346,38.58,95,93,129170
1.7889,0.2395,38.49,95,93,129173
1.7498,0.2297,38.65,95,93,129177
1.7400,0.2346,38.68,95,93,129180
1.7693,0.2346,38.49,95,93,129183
1.7546,0.2346,38.58,95,93,129187
1.7840,0.2346,38.49,95,93,129190
1.7840,0.2346,38.58,95,93,129193
1.7546,0.2297,38.55,95,93,129198
1.7791,0.2444,38.49,95,93,129201
1.7840,0.2346,38.62,95,93,129204
1.8377,0.2346,38.55,95,93,129207
1.8231,0.2346,38.58,95,93,129211
1.8719,0.2297,38.62,95,93,129214
1.9844,0.2444,38.55,95,93,129217
2.1261,0.2346,38.58,95,93,129221
2.3851,0.2395,38.33,95,93,129224
2.6149,0.2444,38.52,95,93,129227
2.8006,0.2297,38.65,95,93,129231
3.0499,0.2688,38.55,95,93,129234
3.2454,0.2346,38.62,95,93,129238
3.4409,0.2493,38.36,95,93,129242
3.2845,0.2444,38.49,95,93,129245
3.0059,0.2346,38.58,95,93,129248
2.6540,0.2346,38.62,95,93,129251
2.3069,0.2297,38.52,95,93,129255
2.0674,0.2493,38.43,95,93,129258
1.8133,0.2395,38.55,95,93,129261
1.6618,0.2346,38.49,95,93,129265
1.5249,0.2346,38.58,95,93,129268
1.4370,0.2297,37.87,95,93,129271
1.3783,0.2444,38.55,95,93,129275
1.3050,0.2346,38.58,95,93,129278
1.2854,0.2395,38.49,95,93,129282
1.2805,0.2346,38.58,95,93,129286
1.3245,0.2297,38.62,95,93,129289
1.3783,0.2688,38.49,95,93,129292
1.3832,0.2297,38.68,95,93,129295
1.4418,0.2346,38.46,95,93,129299
1.4663,0.2395,38.55,95,93,129302
1.5005,0.2297,38.62,95,93,129305
1.5152,0.2395,38.49,95,93,129309
1.4907,0.2297,38.62,95,93,129312
1.5249,0.2395,38.52,95,93,129315
1.5347,0.2346,38.58,95,93,129319
1.5445,0.2297,38.62,95,93,129323
1.5787,0.2395,38.62,95,93,129326
1.5934,0.2346,38.58,95,93,129329
1.6520,0.2395,38.33,95,93,129333
1.6276,0.2444,38.55,95,93,129336
1.6520,0.2346,38.58,95,93,129339
1.6520,0.2346,38.58,95,93,129343
1.6618,0.2297,38.62,95,93,129346
1.7155,0.2493,38.40,95,93,129349
1.6716,0.2395,37.77,95,93,129353
1.6520,0.2248,38.52,95,93,129356
1.6471,0.2346,38.62,95,93,129359
1.6276,0.2297,38.62,95,93,129363
1.6471,0.2346,38.40,95,93,129367
1.6080,0.2395,38.65,95,93,129370
1.6227,0.2346,38.46,95,93,129373
1.6471,0.2346,38.58,95,93,129377
1.6618,0.2297,38.62,95,93,129380
1.6862,0.2346,38.49,95,93,129383
1.6764,0.2346,38.58,95,93,129387
1.6862,0.2395,38.52,95,93,129390
1.6422,0.2395,38.62,95,93,129393
1.6227,0.2297,38.58,95,93,129397
1.6276,0.2346,38.52,95,93,129400
1.6276,0.2542,38.62,95,93,129403
1.6618,0.2346,38.43,95,93,129408
1.6422,0.2346,38.58,95,93,129411
1.6618,0.2346,38.58,95,93,129414
1.6813,0.2395,38.52,95,93,129417
1.6716,0.2346,38.62,95,93,129421
1.6960,0.2395,38.33,95,93,129424
1.6764,0.2346,38.55,95,93,129427
1.6618,0.2297,38.58,95,93,129431
1.6667,0.2346,38.62,95,93,129434
1.6422,0.2346,38.62,95,93,129437
1.7155,0.2444,38.46,95,93,129441
1.7009,0.2346,38.49,95,93,129444
1.7009,0.2297,38.58,95,93,129447
1.7009,0.2346,38.77,95,93,129452
1.6764,0.2835,38.58,95,93,129455
1.7302,0.2493,38.46,95,93,129458
1.7204,0.2395,38.58,95,93,129461
1.7351,0.2346,38.49,95,93,129465
1.7302,0.2297,38.62,95,93,129468
1.7302,0.2395,38.58,95,93,129471
1.7546,0.2395,38.52,95,93,129475
1.7351,0.2346,38.62,95,93,129478
1.7449,0.2590,38.49,95,93,129481
1.7253,0.2297,38.58,95,93,129485
1.7302,0.2297,38.62,95,93,129488
1.7693,0.2639,38.46,95,93,129491
1.7546,0.2346,38.65,95,93,129496
1.7937,0.2346,38.46,95,93,129499
1.7791,0.2346,38.52,95,93,129502
1.7840,0.2346,38.62,95,93,129505
1.8280,0.2395,38.46,95,93,129509
1.8280,0.2346,38.58,95,93,129512
1.8622,0.2346,37.62,95,93,129515
1.8328,0.2346,38.55,95,93,129519
1.8182,0.2297,38.62,95,93,129522
1.8133,0.2395,38.46,95,93,129525
1.7986,0.2346,38.62,95,93,129529
1.8280,0.2444,38.40,95,93,129532
1.7986,0.2346,38.58,95,93,129536
1.8231,0.2346,38.62,95,93,129539
1.8328,0.2395,38.62,95,93,129543
1.8133,0.2346,38.62,95,93,129546
1.8671,0.2542,38.33,95,93,129549
1.8182,0.2542,38.52,95,93,129553
1.7937,0.2297,38.55,95,93,129556
1.7889,0.2639,38.62,95,93,129559
1.7889,0.2346,38.62,95,93,129563
1.8133,0.2444,37.68,95,93,129566
1.7791,0.2395,38.55,95,93,129569
1.7937,0.2346,38.30,95,93,129573
1.7791,0.2248,38.62,95,93,129576
1.7791,0.2297,38.62,95,93,129580
1.7986,0.2444,38.65,95,93,129584
1.7937,0.2346,38.58,95,93,129587
1.7840,0.2395,38.46,95,93,129590
1.7546,0.2493,38.62,95,93,129593
1.7498,0.2297,38.58,95,93,129597
1.7449,0.2346,38.49,95,93,129600
1.7302,0.2346,38.58,95,93,129603
1.7449,0.2297,38.46,95,93,129607
1.7058,0.2395,38.62,95,93,129610
1.7009,0.2346,38.58,95,93,129613
1.7155,0.2395,38.62,95,93,129617
1.6960,0.2346,38.58,95,93,129620
1.7400,0.2395,38.36,95,93,129624
1.7155,0.2395,38.58,95,93,129627
1.6960,0.2297,38.62,95,93,129631
1.7058,0.2395,38.52,95,93,129634
1.6813,0.2297,38.71,95,93,129637
1.7253,0.2493,38.30,95,93,129641
1.6960,0.2346,38.52,95,93,129644
1.6960,0.2297,38.65,95,93,129647
1.7107,0.2395,38.58,95,93,129651
1.7107,0.2297,38.62,95,93,129654
1.7840,0.2493,38.36,95,93,129657
1.7449,0.2297,38.52,95,93,129661
1.7449,0.2297,38.58,95,93,129665
1.7253,0.2395,38.58,95,93,129668
1.7058,0.2297,38.58,95,93,129671
1.7155,0.2444,38.68,95,93,129675
1.6862,0.2884,38.62,95,93,129678
1.6813,0.2346,38.49,95,93,129681
1.6764,0.2297,38.62,95,93,129685
1.6862,0.2346,38.58,95,93,129688
1.7204,0.2444,38.49,95,93,129691
1.6960,0.2395,38.62,95,93,129695
1.7302,0.2444,38.49,95,93,129698
1.7058,0.2297,38.46,95,93,129701
1.7155,0.2248,38.62,95,93,129705
1.7351,0.2395,38.46,95,93,129709
1.7351,0.2395,38.58,95,93,129712
1.7742,0.2346,38.40,95,93,129715
1.8719,0.2444,38.43,95,93,129720
1.8328,0.2346,38.46,95,93,129723
1.8328,0.2346,38.65,95,93,129727
1.8377,0.2395,38.58,95,93,129730
1.8231,0.2297,38.62,95,93,129733
1.8719,0.2542,38.40,95,93,129737
1.8084,0.2395,38.55,95,93,129740
1.7742,0.2297,38.52,95,93,129743
1.7595,0.2346,38.58,95,93,129747
1.7449,0.2297,38.62,95,93,129751
1.7742,0.2542,38.43,95,93,129754
1.7400,0.2395,38.55,95,93,129758
1.7400,0.2835,38.46,95,93,129761
1.7449,0.2346,38.62,95,93,129764
1.7058,0.2297,38.62,95,93,129767
1.7155,0.2395,38.46,95,93,129771
1.7009,0.2346,38.58,95,93,129774
1.7107,0.2395,38.49,95,93,129777
1.6813,0.2346,38.52,95,93,129781
1.7009,0.2346,38.62,95,93,129784
1.6862,0.2346,38.52,95,93,129787
1.6764,0.2346,38.81,95,93,129792
1.6960,0.2444,38.46,95,93,129795
1.6764,0.2297,38.68,95,93,129798
1.6813,0.2297,38.49,95,93,129801
1.7155,0.2395,38.55,95,93,129805
1.7107,0.2297,38.62,95,93,129808
1.7498,0.2493,38.36,95,93,129811
1.7204,0.2395,38.52,95,93,129815
1.7204,0.2346,38.65,95,93,129818
1.7449,0.2395,38.55,95,93,129821
1.7449,0.2346,38.62,95,93,129825
1.8377,0.2444,38.30,95,93,129828
1.8573,0.2297,38.49,95,93,129831
1.9306,0.2297,38.90,95,93,129836
2.0577,0.2395,38.58,95,93,129839
2.2092,0.2395,38.62,95,93,129842
2.4927,0.2493,38.40,95,93,129845
2.6833,0.2395,38.52,95,93,129849
2.9326,0.2346,38.58,95,93,129852
3.1378,0.2297,38.62,95,93,129855
3.2307,0.2346,38.68,95,93,129859
3.2014,0.2444,38.49,95,93,129862
2.9130,0.2395,38.49,95,93,129865
2.5904,0.2346,38.46,95,93,129869
2.2385,0.2346,38.62,95,93,129872
1.9501,0.2346,38.65,95,93,129875
1.7400,0.2444,38.46,95,93,129879
1.5249,0.2346,38.58,95,93,129883
1.4027,0.2444,37.90,95,93,129886
1.2854,0.2346,38.58,95,93,129889
1.2366,0.2346,38.62,95,93,129893
1.2219,0.2395,38.52,95,93,129896
1.2023,0.2395,38.68,95,93,129899
1.2317,0.2346,38.43,95,93,129903
1.2268,0.2346,38.55,95,93,129906
1.2610,0.2297,38.62,95,93,129909
1.3001,0.2346,38.49,95,93,129912
1.3196,0.2346,38.62,95,93,129916
1.3734,0.2395,38.36,95,93,129920
1.3783,0.2346,38.55,95,93,129923
1.4076,0.2346,38.65,95,93,129927
1.4418,0.2639,38.55,95,93,129930
1.4614,0.2346,38.62,95,93,129933
1.5200,0.2444,38.30,95,93,129937
1.5249,0.2395,38.49,95,93,129940
1.5347,0.2395,38.62,95,93,129943
1.5591,0.2395,38.58,95,93,129947
1.5689,0.2297,38.62,95,93,129950
1.6325,0.2542,38.40,95,93,129953
1.6031,0.2444,38.62,95,93,129956
1.6031,0.2395,38.52,95,93,129960
1.5885,0.2346,38.68,95,93,129964
1.5885,0.2297,38.58,95,93,129967
1.6471,0.2395,38.46,95,93,129971
1.6129,0.2395,38.58,95,93,129974
1.6227,0.2395,38.49,95,93,129977
1.6031,0.2346,38.62,95,93,129981
1.5982,0.2346,38.58,95,93,129984
1.6276,0.2346,38.55,95,93,129987
1.6129,0.2346,38.52,95,93,129991
1.6422,0.2346,38.65,95,93,129994
1.6227,0.2346,38.58,95,93,129997
1.6325,0.2297,38.62,95,93,130000
1.6618,0.2786,38.55,95,93,130004
1.6471,0.2297,38.58,95,93,130008
1.6716,0.2346,38.40,95,93,130011
1.6520,0.2346,38.52,95,93,130015
1.6471,0.2346,38.62,95,93,130018
1.6716,0.2395,38.49,95,93,130021
1.6569,0.2297,38.62,95,93,130025
1.6960,0.2395,38.33,95,93,130028
1.6716,0.2346,38.52,95,93,130031
1.6569,0.2297,38.62,95,93,130035
1.6618,0.2688,38.68,95,93,130038
1.6471,0.2346,38.68,95,93,130041
1.6960,0.2493,38.36,95,93,130044
1.6960,0.2346,38.55,95,93,130049
1.6716,0.2297,38.58,95,93,130052
1.6813,0.2493,38.58,95,93,130055
1.6862,0.2346,38.62,95,93,130059
1.7400,0.2493,38.43,95,93,130062
1.7449,0.2444,38.52,95,93,130065
1.7204,0.2346,38.49,95,93,130069
1.7155,0.2346,38.58,95,93,130072
1.7204,0.2346,38.68,95,93,130075
1.7644,0.2444,38.40,95,93,130078
1.7351,0.2395,38.71,95,93,130082
1.7498,0.2395,38.43,95,93,130085
1.7302,0.2346,38.62,95,93,130088
1.7302,0.2297,38.58,95,93,130093
1.7449,0.2444,38.49,95,93,130096
1.7351,0.2346,38.62,95,93,130099
1.7595,0.2395,38.52,95,93,130103
1.7351,0.2346,38.58,95,93,130106
1.7449,0.2297,38.65,95,93,130109
1.7693,0.2542,38.49,95,93,130113
1.7644,0.2346,38.58,95,93,130116
1.8133,0.2395,38.52,95,93,130119
1.7986,0.2346,38.62,95,93,130122
1.8035,0.2297,38.68,95,93,130126
1.8280,0.2395,38.52,95,93,130129
1.8231,0.2346,38.62,95,93,130132
1.8671,0.2444,38.36,95,93,130137
1.8426,0.2444,38.52,95,93,130140
1.8328,0.2346,38.62,95,93,130143
1.8475,0.2346,38.58,95,93,130147
1.8426,0.2346,38.62,95,93,130150
1.9062,0.2542,38.33,95,93,130153
1.8866,0.2395,38.49,95,93,130157
1.8671,0.2346,38.55,95,93,130160
1.8719,0.2346,38.58,95,93,130163
1.8671,0.2346,38.62,95,93,130166
1.9159,0.2444,38.52,95,93,130170
1.8866,0.2346,38.55,95,93,130173
1.8964,0.2297,38.49,95,93,130177
1.8719,0.2346,38.71,95,93,130181
1.8622,0.2346,38.65,95,93,130184
1.8964,0.2395,38.65,95,93,130187
1.8768,0.2444,38.58,95,93,130191
1.8915,0.2395,38.49,95,93,130194
1.8573,0.2395,38.62,95,93,130197
1.8573,0.2297,38.62,95,93,130201
1.8866,0.2493,38.84,95,93,130204
1.8622,0.2297,38.62,95,93,130207
1.8768,0.2346,38.58,95,93,130211
1.8475,0.2542,38.52,95,93,130214
1.8377,0.2297,38.58,95,93,130217
1.8475,0.2444,38.46,95,93,130221
1.8377,0.2346,38.62,95,93,130225
1.8524,0.2395,38.36,95,93,130228
1.8182,0.2346,38.52,95,93,130231
1.8035,0.2346,38.58,95,93,130235
1.8133,0.2395,38.62,95,93,130238
1.7986,0.2346,38.62,95,93,130241
1.8475,0.2444,38.30,95,93,130245
1.7986,0.2346,38.52,95,93,130248
1.7986,0.2346,38.65,95,93,130251
1.8133,0.2395,38.58,95,93,130254
1.8035,0.2444,38.65,95,93,130258
1.8475,0.2493,38.43,95,93,130262
1.8280,0.2395,38.58,95,93,130265
1.8280,0.2395,38.55,95,93,130269
1.8328,0.2346,38.65,95,93,130272
1.8426,0.2297,38.62,95,93,130275
1.8915,0.2444,38.43,95,93,130279
1.8719,0.2688,38.58,95,93,130282
1.8866,0.2444,38.49,95,93,130285
1.8719,0.2297,38.62,95,93,130289
1.8719,0.2493,38.62,95,93,130292
1.8915,0.2395,38.46,95,93,130295
1.8817,0.2346,38.52,95,93,130298
1.9159,0.2444,38.55,95,93,130302
1.8964,0.2346,38.58,95,93,130306
1.9062,0.2297,38.68,95,93,130309
1.9257,0.2346,38.49,95,93,130313
1.9208,0.2297,38.62,95,93,130316
1.9501,0.2346,38.43,95,93,130319
1.9159,0.2346,38.62,95,93,130323
1.9404,0.2346,38.62,95,93,130326
1.9697,0.2590,38.52,95,93,130329
1.9795,0.2395,38.58,95,93,130334
2.0186,0.2346,38.58,95,93,130337
2.0772,0.2493,38.43,95,93,130341
2.0479,0.2444,38.52,95,93,130344
2.0430,0.2248,38.52,95,93,130348
2.0332,0.2346,38.58,95,93,130351
2.0235,0.2297,38.68,95,93,130355
2.0430,0.2444,38.46,95,93,130358
1.9941,0.2395,38.58,95,93,130361
1.9746,0.2297,38.49,95,93,130365
1.9208,0.2346,38.49,95,93,130368
1.8915,0.2346,38.62,95,93,130371
1.8866,0.2395,38.55,95,93,130375
1.8573,0.2346,38.84,95,93,130378
1.8671,0.2346,38.49,95,93,130381
1.8231,0.2346,38.55,95,93,130384
1.8182,0.2346,38.62,95,93,130388
1.8182,0.2444,38.49,95,93,130392
1.7791,0.2346,38.58,95,93,130395
1.7840,0.2297,38.43,95,93,130399
1.7644,0.2346,38.52,95,93,130402
1.7546,0.2346,38.58,95,93,130405
1.7742,0.2444,38.81,95,93,130409
1.7498,0.2297,38.62,95,93,130412
1.7889,0.2297,38.36,95,93,130415
1.7644,0.2395,38.52,95,93,130419
1.7546,0.2346,38.62,95,93,130422
1.7644,0.2395,38.58,95,93,130425
1.7498,0.2346,38.65,95,93,130428
1.7986,0.2346,38.30,95,93,130433
1.7595,0.2346,38.52,95,93,130436
1.7595,0.2297,38.77,95,93,130439
1.7742,0.2346,38.55,95,93,130443
1.7840,0.2346,38.81,95,93,130446
1.8573,0.2493,38.43,95,93,130449
1.8622,0.2395,38.55,95,93,130453
1.9110,0.2297,38.49,95,93,130456
1.9795,0.2346,38.65,95,93,130459
2.0870,0.2297,38.62,95,93,130463
2.2776,0.2444,38.43,95,93,130466
2.4291,0.2395,38.58,95,93,130469
2.6735,0.2346,38.46,95,93,130472
2.8739,0.2444,38.68,95,93,130477
3.0938,0.2297,38.62,95,93,130480
3.2649,0.2444,38.46,95,93,130483
3.2209,0.2346,38.58,95,93,130487
3.0890,0.2395,38.52,95,93,130490
2.7517,0.2346,38.62,95,93,130493
2.4389,0.2639,38.58,95,93,130497
2.1799,0.2346,38.49,95,93,130500
1.9110,0.2346,38.62,95,93,130503
1.7498,0.2346,38.36,95,93,130506
1.5738,0.2297,38.62,95,93,130510
1.4712,0.2297,38.58,95,93,130513
1.4223,0.2395,38.55,95,93,130516
1.3734,0.2346,38.68,95,93,130521
1.3881,0.2542,38.36,95,93,130524
1.3685,0.2444,38.52,95,93,130527
1.3685,0.2297,38.65,95,93,130531
1.3978,0.2395,38.55,95,93,130534
1.4223,0.2297,38.62,95,93,130537
1.4858,0.2493,38.33,95,93,130541
1.4761,0.2346,38.52,95,93,130544
1.4809,0.2297,38.58,95,93,130547
1.5005,0.2346,38.58,95,93,130550
1.5347,0.2346,38.58,95,93,130554
1.5787,0.2493,38.46,95,93,130557
1.5689,0.2346,38.55,95,93,130561
1.5787,0.2346,38.49,95,93,130565
1.5787,0.2346,38.62,95,93,130568
1.5836,0.2346,38.58,95,93,130571
1.6129,0.2444,38.55,95,93,130575
1.5982,0.2346,38.58,95,93,130578
1.6325,0.2395,38.49,95,93,130581
1.6325,0.2346,38.62,95,93,130585
1.6325,0.2346,38.58,95,93,130588
1.6667,0.2493,38.52,95,93,130591
1.6471,0.2297,38.62,95,93,130595
1.6716,0.2346,38.49,95,93,130598
1.6813,0.2346,38.52,95,93,130601
1.6520,0.2297,38.62,95,93,130605
1.6716,0.2395,38.49,95,93,130609
1.6520,0.2346,38.62,95,93,130612
1.6813,0.2395,38.40,95,93,130615
1.6569,0.2395,38.58,95,93,130619
1.6520,0.2346,38.62,95,93,130622
1.6716,0.2395,38.55,95,93,130625
1.6667,0.2346,38.62,95,93,130629
1.7204,0.2444,38.55,95,93,130632
1.6960,0.2346,38.52,95,93,130635
1.6960,0.2297,38.62,95,93,130639
1.7107,0.2346,38.49,95,93,130642
1.7107,0.2346,38.58,95,93,130646
1.7693,0.2493,38.52,95,93,130649
1.7302,0.2493,38.62,95,93,130653
1.7253,0.2346,38.55,95,93,130656
1.7253,0.2346,38.65,95,93,130659
1.7253,0.2248,38.62,95,93,130663
1.7644,0.2444,38.43,95,93,130666
1.7351,0.2493,38.62,95,93,130669
1.7595,0.2346,38.46,95,93,130673
1.7351,0.2395,37.83,95,93,130676
1.7351,0.2248,38.58,95,93,130679
1.7595,0.2444,38.49,95,93,130683
1.7351,0.2346,38.65,95,93,130686
1.7595,0.2493,38.49,95,93,130690
1.7400,0.2346,38.62,95,93,130693
1.7498,0.2688,38.62,95,93,130697
1.7595,0.2346,38.49,95,93,130700
1.7546,0.2297,38.62,95,93,130703
1.7986,0.2346,38.40,95,93,130707
1.7791,0.2297,38.58,95,93,130710
1.7791,0.2297,38.62,95,93,130713
1.7986,0.2444,38.49,95,93,130717
1.7791,0.2346,38.62,95,93,130720
1.8182,0.2444,38.36,95,93,130723
1.7986,0.2395,38.49,95,93,130727
1.7889,0.2297,38.52,95,93,130731
1.8182,0.2395,38.55,95,93,130734
1.8231,0.2346,38.55,95,93,130737
1.8964,0.2542,38.40,95,93,130741
1.8719,0.2346,38.52,95,93,130744
1.8719,0.2297,38.52,95,93,130747
1.8719,0.2346,38.58,95,93,130751
1.8817,0.2297,38.62,95,93,130754
1.9306,0.2493,38.49,95,93,130757
1.9013,0.2395,38.55,95,93,130761
1.9013,0.2346,38.55,95,93,130764
1.8817,0.2688,38.62,95,93,130767
1.8768,0.2346,38.68,95,93,130771
1.9013,0.2590,38.52,95,93,130775
1.9062,0.2346,38.58,95,93,130778
1.8915,0.2297,38.49,95,93,130781
1.8866,0.2346,38.58,95,93,130785
1.8524,0.2346,38.74,95,93,130788
1.8768,0.2542,38.43,95,93,130791
1.8426,0.2346,38.58,95,93,130795
1.8573,0.2346,38.49,95,93,130798
1.8231,0.2346,38.55,95,93,130801
1.8182,0.2346,38.62,95,93,130805
1.8182,0.2444,38.46,95,93,130808
1.7889,0.2444,38.65,95,93,130811
1.8133,0.2395,38.33,95,93,130816
1.7986,0.2395,38.55,95,93,130819
1.7644,0.2297,38.62,95,93,130822
1.7693,0.2395,38.71,95,93,130825
1.7498,0.2542,38.62,95,93,130829
1.7986,0.2444,38.33,95,93,130832
1.7595,0.2346,38.58,95,93,130835
1.7595,0.2346,38.62,95,93,130839
1.7644,0.2395,38.65,95,93,130842
1.7498,0.2346,38.62,95,93,130845
1.8035,0.2542,38.40,95,93,130849
1.7644,0.2444,38.52,95,93,130852
1.7742,0.2346,38.52,95,93,130855
1.7449,0.2346,38.58,95,93,130860
1.7449,0.2346,38.58,95,93,130863
1.7693,0.2297,38.43,95,93,130866
1.7449,0.2444,38.62,95,93,130869
1.7595,0.2444,38.49,95,93,130873
1.7449,0.2346,38.58,95,93,130876
1.7498,0.2346,38.62,95,93,130879
1.7840,0.2444,38.55,95,93,130883
1.7644,0.2395,38.46,95,93,130886
1.7889,0.2444,38.49,95,93,130889
1.7644,0.2297,38.62,95,93,130893
1.7791,0.2346,38.55,95,93,130896
1.7986,0.2346,38.55,95,93,130899
1.7986,0.2346,38.65,95,93,130904
1.8231,0.2346,38.40,95,93,130907
1.7986,0.2346,38.71,95,93,130910
1.8035,0.2297,38.62,95,93,130913
1.8475,0.2395,38.49,95,93,130917
1.8035,0.2346,38.65,95,93,130920
1.8475,0.2786,38.33,95,93,130923
1.8231,0.2395,38.46,95,93,130927
1.8133,0.2346,38.62,95,93,130930
1.8328,0.2395,38.58,95,93,130933
1.8280,0.2297,38.62,95,93,130937
1.8817,0.2786,38.36,95,93,130940
1.8866,0.2395,38.46,95,93,130946
1.8671,0.2297,38.58,95,93,130949
1.8915,0.2346,38.46,95,93,130952
1.8768,0.2395,38.58,95,93,130956
1.8817,0.2297,38.33,95,93,130959
1.9013,0.2346,38.52,95,93,130962
1.9062,0.2346,38.55,95,93,130965
1.9453,0.2395,38.49,95,93,130969
1.9355,0.2346,38.58,95,93,130972
1.9257,0.2346,38.65,95,93,130975
1.9453,0.2444,38.43,95,93,130979
1.9062,0.2346,38.58,95,93,130982
1.9257,0.2395,38.52,95,93,130985
1.8915,0.2346,38.55,95,93,130990
1.8719,0.2346,38.62,95,93,130993
1.8719,0.2444,38.46,95,93,130996
1.8524,0.2395,38.62,95,93,131000
1.8866,0.2444,38.33,95,93,131003
1.8524,0.2395,38.52,95,93,131006
1.8377,0.2346,38.62,95,93,131009
1.8475,0.2395,38.55,95,93,131013
1.8328,0.2346,38.62,95,93,131016
1.8964,0.2395,38.33,95,93,131019
1.8377,0.2346,38.49,95,93,131023
1.8328,0.2346,38.52,95,93,131026
1.8377,0.2297,38.58,95,93,131030
1.8280,0.2639,38.58,95,93,131034
1.8671,0.2493,38.46,95,93,131037
1.8377,0.2395,38.62,95,93,131040
1.8377,0.2395,38.49,95,93,131044
1.8328,0.2346,38.65,95,93,131047
1.8377,0.2346,38.62,95,93,131050
1.8817,0.2297,38.43,95,93,131053
1.8671,0.2395,38.55,95,93,131057
1.8768,0.2395,38.46,95,93,131060
1.8475,0.2346,38.46,95,93,131063
1.8622,0.2395,38.65,95,93,131067
1.8915,0.2395,38.49,95,93,131070
1.8915,0.2346,38.52,95,93,131074
1.9550,0.2346,38.46,95,93,131078
1.9697,0.2297,38.58,95,93,131081
2.0381,0.2444,38.58,95,93,131084
2.1457,0.2346,38.49,95,93,131088
2.2532,0.2297,38.58,95,93,131091
2.4633,0.2395,38.55,95,93,131094
2.6344,0.2346,38.62,95,93,131097
2.8690,0.2297,38.65,95,93,131101
3.1281,0.2395,38.55,95,93,131104
3.2747,0.2346,38.62,95,93,131107
3.3920,0.2444,38.49,95,93,131111
3.2014,0.2346,38.52,95,93,131115
2.9032,0.2346,38.55,95,93,131118
2.5953,0.2444,38.62,95,93,131122
2.2776,0.2346,38.62,95,93,131125
2.0968,0.2542,38.43,95,93,131128
1.8426,0.2493,38.49,95,93,131132
1.6764,0.2346,38.55,95,93,131135
1.5640,0.2346,38.52,95,93,131138
1.4858,0.2346,38.58,95,93,131141
1.4712,0.2444,38.46,95,93,131145
1.4223,0.2395,38.52,95,93,131148
1.4174,0.2346,38.49,95,93,131151
1.4076,0.2297,38.58,95,93,131155
1.4174,0.2346,38.65,95,93,131159
1.4663,0.2493,38.55,95,93,131162
1.4565,0.2346,38.65,95,93,131166
1.4907,0.2444,38.49,95,93,131169
1.4907,0.2346,38.62,95,93,131172
1.5103,0.2297,38.62,95,93,131175
1.5494,0.2688,38.49,95,93,131179
1.5494,0.2346,38.58,95,93,131182
1.5836,0.2346,38.46,95,93,131185
1.5885,0.2346,38.52,95,93,131189
1.5885,0.2297,38.58,95,93,131192
1.6178,0.2395,38.46,95,93,131195
1.6129,0.2346,38.62,95,93,131200
1.6618,0.2395,38.36,95,93,131203
1.6471,0.2395,38.55,95,93,131206
1.6520,0.2346,38.62,95,93,131210
1.6764,0.2395,38.55,95,93,131213
1.6667,0.2346,38.62,95,93,131216
1.7107,0.2444,38.33,95,93,131219
1.6764,0.2346,38.52,95,93,131223
1.6764,0.2346,38.62,95,93,131226
1.6764,0.2395,38.58,95,93,131229
1.6813,0.2346,38.62,95,93,131233
1.7351,0.2542,38.40,95,93,131236
1.7107,0.2444,38.55,95,93,131239
1.7107,0.2346,38.52,95,93,131244
1.7009,0.2444,38.58,95,93,131247
1.7253,0.2346,38.62,95,93,131250
1.7449,0.2444,38.43,95,93,131254
1.7302,0.2444,38.55,95,93,131257
1.7351,0.2297,38.49,95,93,131260
1.7155,0.2346,38.65,95,93,131263
1.7253,0.2542,38.58,95,93,131267
1.7449,0.2297,38.52,95,93,131270
1.7107,0.2395,38.58,95,93,131273
1.7204,0.2444,38.49,95,93,131277
1.6813,0.2346,38.58,95,93,131280
1.6716,0.2346,38.55,95,93,131283
1.6716,0.2395,38.52,95,93,131288
1.6569,0.2346,38.71,95,93,131291
1.6813,0.2444,38.40,95,93,131294
1.6667,0.2346,38.58,95,93,131298
1.6862,0.2346,38.62,95,93,131301
1.7204,0.2444,38.55,95,93,131304
1.7058,0.2346,38.52,95,93,131307
1.7498,0.2639,38.40,95,93,131311
1.7351,0.2395,38.55,95,93,131314
1.7155,0.2346,38.74,95,93,131317
1.7302,0.2444,38.55,95,93,131321
1.7302,0.2346,38.58,95,93,131324
1.7937,0.2493,38.30,95,93,131328
1.7595,0.2395,38.49,95,93,131332
1.7400,0.2297,38.58,95,93,131335
1.7400,0.2639,38.58,95,93,131338
1.7400,0.2346,38.58,95,93,131342
1.7986,0.2493,38.43,95,93,131345
1.7742,0.2346,38.55,95,93,131348
1.7986,0.2346,38.49,95,93,131351
1.7840,0.2395,38.62,95,93,131355
1.7986,0.2346,38.62,95,93,131358
1.8182,0.2444,38.52,95,93,131361
1.8084,0.2395,38.71,95,93,131365
1.8426,0.2444,38.46,95,93,131368
1.8280,0.2395,38.65,95,93,131372
1.8426,0.2639,38.62,95,93,131376
1.8817,0.2444,38.49,95,93,131379
1.8671,0.2346,38.68,95,93,131382
1.9110,0.2297,38.46,95,93,131386
1.8915,0.2346,38.52,95,93,131389
1.8915,0.2444,38.58,95,93,131392
1.9062,0.2493,38.46,95,93,131395
1.8719,0.2444,38.62,95,93,131399
1.8964,0.2395,38.36,95,93,131402
1.8671,0.2395,38.58,95,93,131405
1.8524,0.2346,38.62,95,93,131409
1.8524,0.2395,38.58,95,93,131412
1.8280,0.2346,38.58,95,93,131416
1.8768,0.2395,38.33,95,93,131420
1.8328,0.2346,38.52,95,93,131423
1.8377,0.2395,38.62,95,93,131426
1.8475,0.2297,38.58,95,93,131430
1.8426,0.2444,38.68,95,93,131433
1.9013,0.2542,38.40,95,93,131436
1.8622,0.2444,38.52,95,93,131439
1.8475,0.2493,38.55,95,93,131443
1.8475,0.2395,38.58,95,93,131446
1.8475,0.2346,38.62,95,93,131449
1.8768,0.2444,38.43,95,93,131453
1.8475,0.2395,38.52,95,93,131457
1.8475,0.2346,38.46,95,93,131460
1.8280,0.2346,38.62,95,93,131464
1.8280,0.2346,38.81,95,93,131467
1.8475,0.2493,38.49,95,93,131470
1.8328,0.2395,38.58,95,93,131474
1.8671,0.2395,38.49,95,93,131477
1.8328,0.2444,38.62,95,93,131480
1.8182,0.2297,38.62,95,93,131483
1.8182,0.2493,38.52,95,93,131487
1.8084,0.2346,38.62,95,93,131490
1.8280,0.2395,38.43,95,93,131493
1.8035,0.2346,38.68,95,93,131497
1.8084,0.2346,38.62,95,93,131501
1.8182,0.2493,38.52,95,93,131504
1.7840,0.2346,38.62,95,93,131508
1.8182,0.2444,38.40,95,93,131511
1.7937,0.2444,38.55,95,93,131514
1.7693,0.2346,38.62,95,93,131518
1.7840,0.2346,38.58,95,93,131521
1.7693,0.2346,38.58,95,93,131524
1.8182,0.2493,38.30,95,93,131527
1.7840,0.2542,38.49,95,93,131531
1.7644,0.2395,38.58,95,93,131534
1.7546,0.2395,37.80,95,93,131537
1.7400,0.2346,38.62,95,93,131542
1.7840,0.2590,38.43,95,93,131545
1.7595,0.2444,38.55,95,93,131548
1.7644,0.2346,38.43,95,93,131552
1.7644,0.2346,38.58,95,93,131555
1.7889,0.2346,38.62,95,93,131560
1.7889,0.2346,38.58,95,93,131563
1.8182,0.2542,38.49,95,93,131566
1.7937,0.2346,38.68,95,93,131570
1.8133,0.2395,38.40,95,93,131573
1.8035,0.2346,38.49,95,93,131576
1.8035,0.2346,38.62,95,93,131579
1.8328,0.2297,38.49,95,93,131584
1.8328,0.2346,38.58,95,93,131587
1.8964,0.2444,38.33,95,93,131590
1.8817,0.2346,38.55,95,93,131594
1.8866,0.2346,38.58,95,93,131597
1.9062,0.2444,38.58,95,93,131600
1.8915,0.2346,38.62,95,93,131604
1.9501,0.2493,38.36,95,93,131607
1.9013,0.2346,38.52,95,93,131610
1.8768,0.2297,38.58,95,93,131614
1.8475,0.2444,38.58,95,93,131617
1.8182,0.2297,38.62,95,93,131620
1.8475,0.2590,38.46,95,93,131623
1.8084,0.2297,38.55,95,93,131628
1.8084,0.2346,38.65,95,93,131631
1.7986,0.2346,38.58,95,93,131634
1.8035,0.2346,38.58,95,93,131638
1.8377,0.2444,38.40,95,93,131641
1.8035,0.2297,38.58,95,93,131644
1.8084,0.2395,38.46,95,93,131648
1.7693,0.2444,38.58,95,93,131651
1.7840,0.2346,38.62,95,93,131654
1.7840,0.2444,38.55,95,93,131658
1.7546,0.2395,38.62,95,93,131661
1.8084,0.2395,38.49,95,93,131664
1.7546,0.2297,38.58,95,93,131667
1.7693,0.2346,38.49,95,93,131672
1.7840,0.2346,38.49,95,93,131675
1.7595,0.2297,38.62,95,93,131678
1.7742,0.2395,38.33,95,93,131682
1.7351,0.2297,38.62,95,93,131685
1.7400,0.2346,38.58,95,93,131688
1.7693,0.2444,38.52,95,93,131692
1.7644,0.2346,38.81,95,93,131695
1.8475,0.2395,38.33,95,93,131698
1.8133,0.2395,38.49,95,93,131701
1.8426,0.2346,38.62,95,93,131705
1.9062,0.2395,38.58,95,93,131708
1.9892,0.2346,38.65,95,93,131712
2.1896,0.2542,38.36,95,93,131716
2.3460,0.2444,38.55,95,93,131719
2.5758,0.2639,38.55,95,93,131722
2.8348,0.2395,38.58,95,93,131726
3.0792,0.2346,38.74,95,93,131729
3.3089,0.2737,38.46,95,93,131732
3.2893,0.2395,38.55,95,93,131736
3.1427,0.2395,38.49,95,93,131739
2.8201,0.2346,38.62,95,93,131742
2.4976,0.2346,38.68,95,93,131746
2.2190,0.2395,38.68,95,93,131749
1.9599,0.2395,38.58,95,93,131752
1.7546,0.2297,38.46,95,93,131756
1.5738,0.2395,38.58,95,93,131760
1.4516,0.2297,38.62,95,93,131763
1.3930,0.2639,38.49,95,93,131766
1.3294,0.2395,38.58,95,93,131770
1.3245,0.2395,38.40,95,93,131773
1.3099,0.2395,38.52,95,93,131776
1.3294,0.2297,38.62,95,93,131780
1.3685,0.2639,38.55,95,93,131783
1.3783,0.2346,38.62,95,93,131786
1.4370,0.2444,38.36,95,93,131790
1.4761,0.2395,38.52,95,93,131793
1.4663,0.2297,38.62,95,93,131796
1.4956,0.2395,38.58,95,93,131800
1.5054,0.2346,38.62,95,93,131804
1.5494,0.2297,38.30,95,93,131807
1.5298,0.2444,38.55,95,93,131810
1.5445,0.2346,38.58,95,93,131814
1.5689,0.2395,38.58,95,93,131817
1.5934,0.2346,38.62,95,93,131820
1.6569,0.2542,38.43,95,93,131824
1.6276,0.2395,38.55,95,93,131827
1.6471,0.2346,38.52,95,93,131830
1.6276,0.2542,38.62,95,93,131834
1.6276,0.2297,38.62,95,93,131837
1.6471,0.2444,38.49,95,93,131841
1.6227,0.2395,38.58,95,93,131844
1.6569,0.2395,38.46,95,93,131848
1.6569,0.2346,38.62,95,93,131851
1.6716,0.2346,38.62,95,93,131854
1.6911,0.2444,38.49,95,93,131858
1.6813,0.2444,38.62,95,93,131861
1.7155,0.2395,38.49,95,93,131864
1.6813,0.2346,38.71,95,93,131868
1.6911,0.2395,38.65,95,93,131871
1.7009,0.2395,38.52,95,93,131874
1.6911,0.2395,38.62,95,93,131878
1.7644,0.2395,38.36,95,93,131881
1.7058,0.2346,38.62,95,93,131885
1.7155,0.2395,38.58,95,93,131888
1.7351,0.2395,38.55,95,93,131892
1.7155,0.2590,38.58,95,93,131895
1.7595,0.2395,38.43,95,93,131898
1.7351,0.2297,38.55,95,93,131902
1.7253,0.2346,38.62,95,93,131905
1.7253,0.2395,38.55,95,93,131908
1.7009,0.2346,38.62,95,93,131912
1.7449,0.2590,38.36,95,93,131915
1.7058,0.2444,38.46,95,93,131918
1.6960,0.2346,38.58,95,93,131922
1.7058,0.2395,38.62,95,93,131926
1.7009,0.2346,38.62,95,93,131929
1.7498,0.2493,38.43,95,93,131932
1.7449,0.2395,38.55,95,93,131936
1.7693,0.2395,38.46,95,93,131939
1.7498,0.2395,38.68,95,93,131942
1.7546,0.2346,38.71,95,93,131946
1.7644,0.2590,38.55,95,93,131949
1.7449,0.2395,38.58,95,93,131952
1.7546,0.2444,38.46,95,93,131956
1.7840,0.2395,38.58,95,93,131959
1.7791,0.2346,38.62,95,93,131962
1.8084,0.2493,38.49,95,93,131966
1.7693,0.2395,38.58,95,93,131970
1.7742,0.2395,38.46,95,93,131973
1.7644,0.2346,38.52,95,93,131976
1.7791,0.2395,38.62,95,93,131980
1.8084,0.2444,38.36,95,93,131983
1.7937,0.2346,38.62,95,93,131986
1.8573,0.2444,38.43,95,93,131990
1.8377,0.2395,38.55,95,93,131993
1.8426,0.2346,38.62,95,93,131996
1.8573,0.2444,38.55,95,93,132000
1.8573,0.2444,38.58,95,93,132003
1.9306,0.2493,38.30,95,93,132006
1.9013,0.2346,38.49,95,93,132011
1.9062,0.2346,38.62,95,93,132014
1.9013,0.2297,38.55,95,93,132017
1.8915,0.2346,38.58,95,93,132020
1.9404,0.2542,38.43,95,93,132024
1.9110,0.2444,38.46,95,93,132027
1.9159,0.2493,38.49,95,93,132030
1.9159,0.2395,38.71,95,93,132034
1.9062,0.2346,38.58,95,93,132037
1.9501,0.2395,38.40,95,93,132040
1.8915,0.2395,38.65,95,93,132044
1.9013,0.2590,38.55,95,93,132047
1.8915,0.2395,38.58,95,93,132050
1.8915,0.2297,38.65,95,93,132054
1.9110,0.2493,38.55,95,93,132058
1.8964,0.2395,38.58,95,93,132061
1.8964,0.2444,38.49,95,93,132064
1.8524,0.2395,38.21,95,93,132068
1.8426,0.2346,38.58,95,93,132071
1.8377,0.2395,38.52,95,93,132074
1.8084,0.2395,38.55,95,93,132078
1.8280,0.2346,38.43,95,93,132081
1.8084,0.2346,38.68,95,93,132084
1.8231,0.2297,38.62,95,93,132088
1.8671,0.2493,38.49,95,93,132091
1.8328,0.2395,38.55,95,93,132094
1.8622,0.2444,38.33,95,93,132098
1.8280,0.2395,38.49,95,93,132102
1.8035,0.2346,38.65,95,93,132105
1.8231,0.2444,38.55,95,93,132108
1.8133,0.2395,38.58,95,93,132112
1.8719,0.2395,38.30,95,93,132115
1.8328,0.2395,38.49,95,93,132118
1.8280,0.2346,38.55,95,93,132122
1.8524,0.2444,38.62,95,93,132125
1.8426,0.2346,38.62,95,93,132128
1.9013,0.2542,38.49,95,93,132132
1.8622,0.2444,38.55,95,93,132135
1.8426,0.2346,38.58,95,93,132139
1.8328,0.2346,38.62,95,93,132142
1.8475,0.2346,38.58,95,93,132146
1.8817,0.2493,38.55,95,93,132149
1.8768,0.2395,38.55,95,93,132152
1.9013,0.2395,38.52,95,93,132156
1.8719,0.2395,38.62,95,93,132159
1.8671,0.2346,38.68,95,93,132162
1.8817,0.2493,38.46,95,93,132166
1.8817,0.2395,38.55,95,93,132170
1.8671,0.2346,38.58,95,93,132174
1.9159,0.2444,38.33,95,93,132177
1.8915,0.2346,38.52,95,93,132180
1.8964,0.2346,38.62,95,93,132185
1.9257,0.2444,38.55,95,93,132188
1.9257,0.2346,38.62,95,93,132191
1.9844,0.2542,38.43,95,93,132194
1.9453,0.2346,38.55,95,93,132198
1.9306,0.2297,38.55,95,93,132201
1.9306,0.2395,38.62,95,93,132204
1.9306,0.2297,38.58,95,93,132208
1.9990,0.2493,38.49,95,93,132211
1.9795,0.2444,38.55,95,93,132214
1.9941,0.2297,38.52,95,93,132218
1.9697,0.2444,38.58,95,93,132221
1.9550,0.2346,38.58,95,93,132225
1.9648,0.2493,38.55,95,93,132229
1.9013,0.2444,38.58,95,93,132232
1.8866,0.2395,38.49,95,93,132235
1.8377,0.2395,38.40,95,93,132238
1.8280,0.2493,38.58,95,93,132242
1.8475,0.2297,38.49,95,93,132245
1.8231,0.2395,37.87,95,93,132248
1.8524,0.2346,38.52,95,93,132252
1.8182,0.2346,38.55,95,93,132255
1.8133,0.2395,38.65,95,93,132258
1.8280,0.2395,38.49,95,93,132262
1.7937,0.2395,38.68,95,93,132265
1.8133,0.2395,38.36,95,93,132269
1.7840,0.2395,38.65,95,93,132273
1.7889,0.2493,38.62,95,93,132276
1.8035,0.2297,38.55,95,93,132279
1.7791,0.2346,38.55,95,93,132282
1.8231,0.2395,38.33,95,93,132286
1.7937,0.2444,38.65,95,93,132289
1.7840,0.2346,38.65,95,93,132292
1.7986,0.2395,38.55,95,93,132296
1.8035,0.2346,38.62,95,93,132299
1.8622,0.2933,38.36,95,93,132302
1.8133,0.2493,38.58,95,93,132306
1.7986,0.2395,38.52,95,93,132310
1.7986,0.2395,38.62,95,93,132313
1.8182,0.2346,38.71,95,93,132317
1.8866,0.2395,38.46,95,93,132320
1.8964,0.2444,38.55,95,93,132323
1.9746,0.2395,38.46,95,93,132326
2.0674,0.2395,38.62,95,93,132330
2.1896,0.2346,38.58,95,93,132333
2.3900,0.2542,38.55,95,93,132336
2.6002,0.2444,38.58,95,93,132340
2.8739,0.2444,38.49,95,93,132343
3.0694,0.2346,38.58,95,93,132346
3.2600,0.2346,38.62,95,93,132350
3.3480,0.2493,38.84,95,93,132354
3.1965,0.2395,38.58,95,93,132357
2.9228,0.2395,38.46,95,93,132361
2.5513,0.2346,38.49,95,93,132364
2.2141,0.2395,38.62,95,93,132367
1.9599,0.2493,38.49,95,93,132370
1.7155,0.2346,38.68,95,93,132374
1.5836,0.2444,38.43,95,93,132377
1.4370,0.2639,38.52,95,93,132380
1.3490,0.2395,38.68,95,93,132384
1.3050,0.2444,38.55,95,93,132387
1.2757,0.2346,38.58,95,93,132390
1.3001,0.2590,38.27,95,93,132395
1.2757,0.2297,38.52,95,93,132398
1.3050,0.2346,38.58,95,93,132401
1.3343,0.2395,38.58,95,93,132404
1.3539,0.2297,38.58,95,93,132408
1.4223,0.2590,38.49,95,93,132411
1.4076,0.2346,38.55,95,93,132414
1.4370,0.2346,38.52,95,93,132418
1.4370,0.2444,38.58,95,93,132421
1.4565,0.2444,38.62,95,93,132424
1.5054,0.2493,38.43,95,93,132428
1.5347,0.2444,38.55,95,93,132431
1.5249,0.2395,38.46,95,93,132434
1.5200,0.2395,38.58,95,93,132439
1.5298,0.2248,38.62,95,93,132442
1.5591,0.2493,38.49,95,93,132445
1.5543,0.2395,38.65,95,93,132448
1.5885,0.2395,38.49,95,93,132452
1.5689,0.2395,38.71,95,93,132455
1.5787,0.2346,38.58,95,93,132458
1.5787,0.2444,38.52,95,93,132462
1.5836,0.2395,38.55,95,93,132465
1.6031,0.2395,38.43,95,93,132468
1.5836,0.2395,38.62,95,93,132472
1.6129,0.2346,38.62,95,93,132475
1.6178,0.2444,38.65,95,93,132478
1.6178,0.2395,38.58,95,93,132483
1.6569,0.2444,38.33,95,93,132486
1.6471,0.2444,38.49,95,93,132489
1.6325,0.2346,38.68,95,93,132492
1.6373,0.2444,38.68,95,93,132496
1.6276,0.2493,38.58,95,93,132499
1.6813,0.2542,38.33,95,93,132502
1.6422,0.2395,38.62,95,93,132506
1.6325,0.2346,38.58,95,93,132509
1.6325,0.2395,38.62,95,93,132512
1.6325,0.2395,38.55,95,93,132516
1.7107,0.2493,38.49,95,93,132519
1.6520,0.2395,38.52,95,93,132523
1.6569,0.2395,38.46,95,93,132527
1.6422,0.2395,38.62,95,93,132530
1.6373,0.2444,38.62,95,93,132533
1.6569,0.2444,38.55,95,93,132537
1.6471,0.2346,38.49,95,93,132540
1.6716,0.2346,38.43,95,93,132543
1.6569,0.2395,38.58,95,93,132546
1.6667,0.2395,38.62,95,93,132550
1.6960,0.2493,38.46,95,93,132553
1.6813,0.2493,38.58,95,93,132556
1.7155,0.2395,38.43,95,93,132560
1.7058,0.2395,38.55,95,93,132563
1.7058,0.2346,38.62,95,93,132567
1.7302,0.2786,38.49,95,93,132571
1.7498,0.2395,38.62,95,93,132574
1.7595,0.2444,38.36,95,93,132577
1.7351,0.2444,38.55,95,93,132581
1.7351,0.2346,38.62,95,93,132584
1.7449,0.2542,38.58,95,93,132587
1.7742,0.2395,38.62,95,93,132590
1.8035,0.2297,38.30,95,93,132594
1.7791,0.2395,38.55,95,93,132597
1.7937,0.2346,38.58,95,93,132600
1.8084,0.2395,38.52,95,93,132604
1.8182,0.2395,38.62,95,93,132608
1.8866,0.2542,38.49,95,93,132611
1.8622,0.2444,38.52,95,93,132615
1.8671,0.2346,38.49,95,93,132618
1.8573,0.2395,38.58,95,93,132621
1.8573,0.2395,38.62,95,93,132625
1.8866,0.2493,38.43,95,93,132628
1.8524,0.2444,38.55,95,93,132631
1.8671,0.2297,38.46,95,93,132635
1.8475,0.2297,38.62,95,93,132638
1.8817,0.2395,38.62,95,93,132641
1.8768,0.2444,38.52,95,93,132644
1.8524,0.2493,38.58,95,93,132648
1.8768,0.2395,38.49,95,93,132652
1.8377,0.2346,38.55,95,93,132655
1.8328,0.2395,38.58,95,93,132659
1.8524,0.2444,38.62,95,93,132662
1.8377,0.2346,38.62,95,93,132665
1.8768,0.2395,38.40,95,93,132669
1.8328,0.2395,38.77,95,93,132672
1.8280,0.2346,38.62,95,93,132675
1.8475,0.2493,38.52,95,93,132679
1.8182,0.2395,38.62,95,93,132682
1.8524,0.2493,38.33,95,93,132685
1.8133,0.2444,38.49,95,93,132688
1.8231,0.2346,38.62,95,93,132692
1.7889,0.2493,38.55,95,93,132696
1.7791,0.2346,38.62,95,93,132699
1.8231,0.2590,38.55,95,93,132703
1.7840,0.2542,38.52,95,93,132706
1.7546,0.2346,38.52,95,93,132709
1.7546,0.2786,38.62,95,93,132713
1.7889,0.2395,38.65,95,93,132716
1.7889,0.2493,38.52,95,93,132719
1.7742,0.2346,38.55,95,93,132723
1.7791,0.2297,38.49,95,93,132726
1.7595,0.2346,38.62,95,93,132729
1.7644,0.2346,38.58,95,93,132732
1.7840,0.2444,38.46,95,93,132737
1.7693,0.2444,38.55,95,93,132740
1.7986,0.2493,38.49,95,93,132743
1.7644,0.2444,38.62,95,93,132747
1.7693,0.2297,38.62,95,93,132750
1.7937,0.2444,38.43,95,93,132753
1.7742,0.2395,38.62,95,93,132757
1.7986,0.2395,38.43,95,93,132760
1.7840,0.2444,38.49,95,93,132763
1.7791,0.2395,38.58,95,93,132767
1.7937,0.2542,38.55,95,93,132770
1.7693,0.2346,38.62,95,93,132773
1.8084,0.2444,38.33,95,93,132777
1.8133,0.2542,38.46,95,93,132781
1.7840,0.2444,38.55,95,93,132785
1.7986,0.2346,38.49,95,93,132788
1.7986,0.2395,38.58,95,93,132791
1.8035,0.2395,38.58,95,93,132794
1.8377,0.2493,38.46,95,93,132798
1.8182,0.2493,38.55,95,93,132801
1.8328,0.2395,38.49,95,93,132804
1.8426,0.2395,38.58,95,93,132808
1.8133,0.2297,38.62,95,93,132811
1.8524,0.2835,38.49,95,93,132814
1.8377,0.2395,38.62,95,93,132818
1.8817,0.2395,38.52,95,93,132822
1.8719,0.2395,38.55,95,93,132825
1.8964,0.2395,38.55,95,93,132829
1.9404,0.2395,38.49,95,93,132832
1.9355,0.2395,38.68,95,93,132835
1.9697,0.2444,38.46,95,93,132839
1.9453,0.2395,38.49,95,93,132842
1.9257,0.2346,38.71,95,93,132845
1.9355,0.2493,38.52,95,93,132848
1.8866,0.2395,38.62,95,93,132852
1.9208,0.2493,38.33,95,93,132855
1.8622,0.2395,38.55,95,93,132858
1.8524,0.2346,38.71,95,93,132862
1.8524,0.2444,38.55,95,93,132866
1.8426,0.2395,38.62,95,93,132869
1.8866,0.2542,38.36,95,93,132873
1.8377,0.2542,38.55,95,93,132876
1.8084,0.2346,37.77,95,93,132879
1.7986,0.2395,38.58,95,93,132883
1.7742,0.2395,38.68,95,93,132886
1.7986,0.2493,38.40,95,93,132889
1.7742,0.2395,38.55,95,93,132892
1.7693,0.2395,38.46,95,93,132896
1.7791,0.2395,38.62,95,93,132899
1.7400,0.2297,38.62,95,93,132902
1.7644,0.2444,38.49,95,93,132907
1.7498,0.2444,38.58,95,93,132910
1.7644,0.2493,38.49,95,93,132913
1.7546,0.2395,38.71,95,93,132917
1.7644,0.2346,38.68,95,93,132920
1.7840,0.2297,38.55,95,93,132923
1.7840,0.2395,38.62,95,93,132926
1.8035,0.2444,38.40,95,93,132930
1.7889,0.2297,38.62,95,93,132933
1.8035,0.2395,38.52,95,93,132936
1.8475,0.2493,38.52,95,93,132940
1.8671,0.2395,38.58,95,93,132943
1.9648,0.2395,38.36,95,93,132946
2.0186,0.2444,38.71,95,93,132951
2.1212,0.2346,38.62,95,93,132954
2.2972,0.2444,38.55,95,93,132957
2.4780,0.2395,38.62,95,93,132961
2.7859,0.2542,38.33,95,93,132964
2.9863,0.2395,38.58,95,93,132967
3.1769,0.2346,38.62,95,93,132971
3.2991,0.2444,38.58,95,93,132974
3.2258,0.2395,38.52,95,93,132977
3.0890,0.2639,38.40,95,93,132980
2.7273,0.2346,38.52,95,93,132984
2.4096,0.2346,38.52,95,93,132987
2.1310,0.2493,38.62,95,93,132990
1.8915,0.2395,38.62,95,93,132995
1.7400,0.2493,38.58,95,93,132998
1.5787,0.2444,38.62,95,93,133001
1.5005,0.2346,38.49,95,93,133005
1.4027,0.2395,38.58,95,93,133008
1.3734,0.2346,38.58,95,93,133011
1.3685,0.2493,38.43,95,93,133014
1.3343,0.2590,38.65,95,93,133018
1.3490,0.2493,38.49,95,93,133021
1.3490,0.2297,38.55,95,93,133024
1.3636,0.2395,38.74,95,93,133028
1.3832,0.2444,38.46,95,93,133031
1.4027,0.2395,38.68,95,93,133035
1.4516,0.2737,38.40,95,93,133039
1.4663,0.2395,38.55,95,93,133042
1.4956,0.2346,38.65,95,93,133045
1.5249,0.2542,38.52,95,93,133049
1.5396,0.2297,38.65,95,93,133052
1.5934,0.2444,38.33,95,93,133055
1.5787,0.2346,37.93,95,93,133058
1.6031,0.2346,38.62,95,93,133062
1.6178,0.2395,38.58,95,93,133065
1.6227,0.2590,38.62,95,93,133068
1.6911,0.2590,38.33,95,93,133072
1.6618,0.2395,38.77,95,93,133075
1.6618,0.2346,38.52,95,93,133079
1.6764,0.2395,38.81,95,93,133083
1.6813,0.2248,38.62,95,93,133086
1.7302,0.2493,38.43,95,93,133089
1.7058,0.2493,38.52,95,93,133093
1.7107,0.2346,38.49,95,93,133096
1.7009,0.2395,38.62,95,93,133099
1.7058,0.2346,38.43,95,93,133102
1.7351,0.2493,38.46,95,93,133106
1.7204,0.2297,38.58,95,93,133109
1.7400,0.2444,38.46,95,93,133112
1.7204,0.2395,38.62,95,93,133116
1.7253,0.2395,38.62,95,93,133120
1.7400,0.2493,38.52,95,93,133123
1.7400,0.2395,38.58,95,93,133127
1.7742,0.2395,38.46,95,93,133130
1.7400,0.2884,38.62,95,93,133133
1.7351,0.2444,38.62,95,93,133137
1.7498,0.2444,38.62,95,93,133140
1.7302,0.2395,38.58,95,93,133143
1.7546,0.2444,38.40,95,93,133146
1.7302,0.2395,38.52,95,93,133150
1.7204,0.2346,38.58,95,93,133153
1.7400,0.2444,37.93,95,93,133156
1.7204,0.2395,38.62,95,93,133160
1.7644,0.2542,38.33,95,93,133164
1.7302,0.2395,38.46,95,93,133167
1.7253,0.2346,38.62,95,93,133171
1.7302,0.2444,38.58,95,93,133174
1.7204,0.2395,38.62,95,93,133177
1.7742,0.2542,38.36,95,93,133181
1.7351,0.2444,38.52,95,93,133184
1.7498,0.2346,38.52,95,93,133187
1.7351,0.2395,38.74,95,93,133190
1.7742,0.2346,38.62,95,93,133194
1.7791,0.2493,38.49,95,93,133197
1.7595,0.2444,38.62,95,93,133200
1.7937,0.2346,38.46,95,93,133204
1.7693,0.2395,38.58,95,93,133208
1.8084,0.2395,38.62,95,93,133211
1.8280,0.2493,38.43,95,93,133215
1.8133,0.2444,38.58,95,93,133218
1.8622,0.2493,38.49,95,93,133221
1.8377,0.2297,38.49,95,93,133225
1.8475,0.2444,38.62,95,93,133228
1.8719,0.2444,38.52,95,93,133231
1.8671,0.2688,38.58,95,93,133234
1.9013,0.2444,38.40,95,93,133238
1.8817,0.2395,38.55,95,93,133241
1.8866,0.2346,38.58,95,93,133244
1.8964,0.2493,38.52,95,93,133249
1.8817,0.2395,38.52,95,93,133252
1.9159,0.2835,38.33,95,93,133255
1.8622,0.2346,38.58,95,93,133259
1.8671,0.2346,38.58,95,93,133262
1.8719,0.2444,38.55,95,93,133265
1.8622,0.2395,38.71,95,93,133269
1.9110,0.2590,38.30,95,93,133272
1.8622,0.2395,38.52,95,93,133275
1.8524,0.2346,38.55,95,93,133278
1.8573,0.2444,38.58,95,93,133282
1.8573,0.2346,38.58,95,93,133285
1.9062,0.2542,38.43,95,93,133288
1.8671,0.2395,38.52,95,93,133293
1.8573,0.2297,38.52,95,93,133296
1.8475,0.2395,38.55,95,93,133299
1.8524,0.2346,38.62,95,93,133303
1.8719,0.2493,38.49,95,93,133306
1.8377,0.2493,38.55,95,93,133309
1.8573,0.2395,38.58,95,93,133313
1.8280,0.2395,38.58,95,93,133316
1.8475,0.2395,38.58,95,93,133319
1.8426,0.2395,38.55,95,93,133322
1.8328,0.2786,38.58,95,93,133326
1.8573,0.2395,38.49,95,93,133329
1.8231,0.2444,38.62,95,93,133332
1.8426,0.2395,38.62,95,93,133337
1.8426,0.2444,38.40,95,93,133340
1.8182,0.2395,38.58,95,93,133343
1.8426,0.2444,38.40,95,93,133347
1.8182,0.2395,38.49,95,93,133350
1.8377,0.2346,38.62,95,93,133353
1.8280,0.2493,38.49,95,93,133357
1.8035,0.2688,38.68,95,93,133360
1.8817,0.2444,38.33,95,93,133363
1.8133,0.2395,38.46,95,93,133366
1.8231,0.2395,38.62,95,93,133370
1.8182,0.2395,38.58,95,93,133373
1.8182,0.2395,38.62,95,93,133377
1.8817,0.2493,38.36,95,93,133381
1.8377,0.2444,38.52,95,93,133384
1.8426,0.2346,38.52,95,93,133387
1.8426,0.2395,38.68,95,93,133391
1.8573,0.2395,38.62,95,93,133394
1.8622,0.2395,38.58,95,93,133398
1.9208,0.2395,38.46,95,93,133401
1.8719,0.2395,38.62,95,93,133404
1.9013,0.2346,38.49,95,93,133408
1.8768,0.2346,38.55,95,93,133411
1.8817,0.2346,38.68,95,93,133414
1.9013,0.2444,38.43,95,93,133417
1.8964,0.2395,38.62,95,93,133422
1.9404,0.2444,38.40,95,93,133425
1.9257,0.2395,38.55,95,93,133428
1.9257,0.2395,37.87,95,93,133432
1.9550,0.2444,38.55,95,93,133435
1.9404,0.2346,38.62,95,93,133438
2.0088,0.2493,38.36,95,93,133442
1.9941,0.2395,38.52,95,93,133445
1.9844,0.2346,38.62,95,93,133448
2.0039,0.2444,38.62,95,93,133452
2.0430,0.2444,38.65,95,93,133455
2.0723,0.2590,38.36,95,93,133458
2.0332,0.2444,38.43,95,93,133462
2.0088,0.2346,38.52,95,93,133466
2.0039,0.2395,38.55,95,93,133469
1.9746,0.2346,38.58,95,93,133472
1.9990,0.2493,38.36,95,93,133476
1.9404,0.2444,38.55,95,93,133479
1.9208,0.2395,38.55,95,93,133482
1.8915,0.2444,38.58,95,93,133486
1.8817,0.2346,38.62,95,93,133489
1.8964,0.2444,38.46,95,93,133492
1.8671,0.2444,38.55,95,93,133495
1.8719,0.2395,38.46,95,93,133499
1.8328,0.2395,38.58,95,93,133502
1.8231,0.2395,38.58,95,93,133506
1.8280,0.2493,38.49,95,93,133510
1.8133,0.2395,38.58,95,93,133513
1.8377,0.2297,38.46,95,93,133516
1.8035,0.2346,38.68,95,93,133520
1.7986,0.2395,38.62,95,93,133523
1.8231,0.2444,38.62,95,93,133526
1.7986,0.2346,38.58,95,93,133530
1.8426,0.2444,38.40,95,93,133533
1.8231,0.2590,38.46,95,93,133536
1.8133,0.2346,38.68,95,93,133539
1.8280,0.2444,37.77,95,93,133543
1.8084,0.2639,38.58,95,93,133547
1.8719,0.2493,38.30,95,93,133550
1.8084,0.2395,38.52,95,93,133554
1.7986,0.2688,38.62,95,93,133557
1.8182,0.2444,38.58,95,93,133560
1.8328,0.2395,38.71,95,93,133564
1.9306,0.2590,38.36,95,93,133567
1.9453,0.2444,38.52,95,93,133570
2.0235,0.2346,38.74,95,93,133574
2.1359,0.2346,38.62,95,93,133577
2.2923,0.2395,38.62,95,93,133580
2.5367,0.2493,38.55,95,93,133583
2.7419,0.2395,38.62,95,93,133587
2.9961,0.2395,38.46,95,93,133591
3.1574,0.2395,38.58,95,93,133594
3.2258,0.2395,38.74,95,93,133598
3.1818,0.2590,38.46,95,93,133601
2.8935,0.2395,38.58,95,93,133604
2.6295,0.2493,38.49,95,93,133608
2.3265,0.2346,38.58,95,93,133611
2.0674,0.2395,38.62,95,93,133614
1.8817,0.2444,38.46,95,93,133618
1.7058,0.2297,38.58,95,93,133621
1.6031,0.2395,38.43,95,93,133624
1.4956,0.2493,38.52,95,93,133627
1.4418,0.2395,38.68,95,93,133632
1.4027,0.2444,38.58,95,93,133635
1.3832,0.2444,38.58,95,93,133638
1.3978,0.2395,38.43,95,93,133642
1.3832,0.2346,38.55,95,93,133645
1.4027,0.2444,38.68,95,93,133648
1.4272,0.2444,38.62,95,93,133652
1.4321,0.2346,38.68,95,93,133655
1.4858,0.2493,38.30,95,93,133658
1.4809,0.2444,38.52,95,93,133661
1.4907,0.2346,38.71,95,93,133665
1.5103,0.2395,38.58,95,93,133668
1.5298,0.2395,37.83,95,93,133671
1.5885,0.2639,38.40,95,93,133676
1.5689,0.2444,38.52,95,93,133679
1.5738,0.2346,38.49,95,93,133682
1.5885,0.2346,38.65,95,93,133686
1.6031,0.2346,38.62,95,93,133689
1.6471,0.2493,38.49,95,93,133692
1.6471,0.2395,38.62,95,93,133696
1.6764,0.2395,38.52,95,93,133699
1.6764,0.2444,38.68,95,93,133702
1.6764,0.2395,38.62,95,93,133705
1.7058,0.2395,38.55,95,93,133709
1.7107,0.2395,38.62,95,93,133712
1.7449,0.2493,38.55,95,93,133715
1.7253,0.2395,38.65,95,93,133720
1.7253,0.2346,38.68,95,93,133723
1.7400,0.2542,38.55,95,93,133726
1.7155,0.2297,38.58,95,93,133730
1.7351,0.2395,38.40,95,93,133733
1.7155,0.2346,38.49,95,93,133736
1.7155,0.2346,38.58,95,93,133740
1.7155,0.2493,38.52,95,93,133743
1.7155,0.2346,38.58,95,93,133746
1.7644,0.2444,38.36,95,93,133749
1.7400,0.2444,38.52,95,93,133753
1.7644,0.2346,38.62,95,93,133756
1.7449,0.2444,38.77,95,93,133760
1.7351,0.2395,38.58,95,93,133764
1.7986,0.2590,38.33,95,93,133767
1.7595,0.2395,38.46,95,93,133770
1.7595,0.2395,38.55,95,93,133774
1.7644,0.2395,38.58,95,93,133777
1.7644,0.2395,38.65,95,93,133780
1.8084,0.2542,38.46,95,93,133784
1.7791,0.2395,38.65,95,93,133787
1.7937,0.2395,38.49,95,93,133790
1.7840,0.2395,38.62,95,93,133793
1.7937,0.2395,38.68,95,93,133797
1.8280,0.2737,38.49,95,93,133800
1.7986,0.2395,38.58,95,93,133804
1.8084,0.2444,38.49,95,93,133808
1.7937,0.2346,38.62,95,93,133811
1.7791,0.2395,38.62,95,93,133814
1.7937,0.2542,38.46,95,93,133818
1.7889,0.2444,38.62,95,93,133821
1.8084,0.2395,38.58,95,93,133824
1.7840,0.2346,38.46,95,93,133827
1.7889,0.2444,38.68,95,93,133831
1.8084,0.2297,38.49,95,93,133834
1.8035,0.2395,38.62,95,93,133837
1.8524,0.2444,38.36,95,93,133841
1.8377,0.2395,38.58,95,93,133844
1.8573,0.2346,38.68,95,93,133848
1.8817,0.2444,38.52,95,93,133852
1.8719,0.2395,38.62,95,93,133855
1.9257,0.2737,38.36,95,93,133858
1.9062,0.2395,38.49,95,93,133862
1.9013,0.2346,38.65,95,93,133865
1.9208,0.2444,38.55,95,93,133868
1.9110,0.2395,38.58,95,93,133871
1.9453,0.2590,38.30,95,93,133875
1.8768,0.2542,38.49,95,93,133878
1.8524,0.2346,38.55,95,93,133881
1.8475,0.2395,38.52,95,93,133885
1.8426,0.2346,38.58,95,93,133889
1.9013,0.2493,38.43,95,93,133892
1.8719,0.2688,38.52,95,93,133896
1.8817,0.2395,38.49,95,93,133899
1.8622,0.2395,38.62,95,93,133902
1.8475,0.2346,38.65,95,93,133906
1.8622,0.2444,38.55,95,93,133909
1.8328,0.2395,38.58,95,93,133912
1.8719,0.2395,38.43,95,93,133915
1.8182,0.2395,38.62,95,93,133919
1.8573,0.2346,38.58,95,93,133922
1.8573,0.2444,38.46,95,93,133925
1.8328,0.2395,38.62,95,93,133929
1.8426,0.2395,38.43,95,93,133933
1.8133,0.2346,38.58,95,93,133936
1.7986,0.2590,38.62,95,93,133940
1.8035,0.2444,38.49,95,93,133943
1.7791,0.2395,38.65,95,93,133946
1.8084,0.2542,38.33,95,93,133949
1.7889,0.2297,38.55,95,93,133953
1.7840,0.2297,38.58,95,93,133956
1.7986,0.2835,38.52,95,93,133959
1.8182,0.2444,38.62,95,93,133963
1.8280,0.2493,38.33,95,93,133966
1.7889,0.2346,38.52,95,93,133969
1.7742,0.2346,38.58,95,93,133974
1.7742,0.2444,38.58,95,93,133977
1.7693,0.2395,38.68,95,93,133980
1.8328,0.2590,38.49,95,93,133984
1.7986,0.2444,38.52,95,93,133987
1.7889,0.2346,38.55,95,93,133990
1.7937,0.2395,38.65,95,93,133993
1.8231,0.2346,38.62,95,93,133997
1.8328,0.2493,38.52,95,93,134000
1.8524,0.2395,38.46,95,93,134004
1.8426,0.2688,38.62,95,93,134007
1.8915,0.2346,38.43,95,93,134010
1.8426,0.2346,38.58,95,93,134014
1.8426,0.2297,38.62,95,93,134018
1.8671,0.2395,38.49,95,93,134021
1.8573,0.2395,38.65,95,93,134025
1.9013,0.2444,38.40,95,93,134028
1.8817,0.2297,38.58,95,93,134031
1.9062,0.2346,38.58,95,93,134035
1.9404,0.2444,38.55,95,93,134038
1.9306,0.2395,38.58,95,93,134041
1.9795,0.2590,38.30,95,93,134044
1.9501,0.2395,38.49,95,93,134048
1.9355,0.2346,38.58,95,93,134051
1.9648,0.2395,38.55,95,93,134054
1.9453,0.2395,38.65,95,93,134059
2.0235,0.2981,38.40,95,93,134062
2.0039,0.2493,38.52,95,93,134065
2.0039,0.2346,38.55,95,93,134069
2.0088,0.2395,38.68,95,93,134072
2.0137,0.2395,38.58,95,93,134075
2.0577,0.2737,38.43,95,93,134078
2.0137,0.2395,38.55,95,93,134082
1.9892,0.2395,38.49,95,93,134085
1.9746,0.2346,38.58,95,93,134088
1.9013,0.2395,38.52,95,93,134092
1.8964,0.2444,38.55,95,93,134095
1.8524,0.2395,38.58,95,93,134098
1.8524,0.2395,38.49,95,93,134103
1.8133,0.2395,38.58,95,93,134106
1.8182,0.2346,38.58,95,93,134109
1.8426,0.2639,38.49,95,93,134113
1.8035,0.2395,38.65,95,93,134116
1.8084,0.2395,38.43,95,93,134119
1.7693,0.2395,38.52,95,93,134122
1.7449,0.2346,38.62,95,93,134126
1.7449,0.2395,38.46,95,93,134129
1.7155,0.2297,38.58,95,93,134132
1.7302,0.2444,38.36,95,93,134136
1.6911,0.2444,38.55,95,93,134139
1.6813,0.2395,38.62,95,93,134142
1.7009,0.2493,38.52,95,93,134147
1.7009,0.2395,38.58,95,93,134150
1.7644,0.2297,38.30,95,93,134153
1.7400,0.2395,38.52,95,93,134157
1.7546,0.2590,38.58,95,93,134160
1.7644,0.2395,38.58,95,93,134163
1.7595,0.2395,38.62,95,93,134166
1.8133,0.2493,38.36,95,93,134170
1.7644,0.2444,38.49,95,93,134173
1.7644,0.2395,38.52,95,93,134176
1.7791,0.2395,38.55,95,93,134180
1.8084,0.2688,38.58,95,93,134183
1.8866,0.2493,38.43,95,93,134187
1.9404,0.2444,38.55,95,93,134191
2.0772,0.2444,38.46,95,93,134194
2.2239,0.2395,38.62,95,93,134197
2.4389,0.2346,38.65,95,93,134201
2.7615,0.2395,38.49,95,93,134204
2.9570,0.2297,38.58,95,93,134207
3.2014,0.2444,38.40,95,93,134210
3.2502,0.2297,38.62,95,93,134214
3.1769,0.2395,38.62,95,93,134217
2.9521,0.2395,38.58,95,93,134220
2.6197,0.2639,38.58,95,93,134224
2.3460,0.2395,38.43,95,93,134227
2.0381,0.2395,38.74,95,93,134231
1.8084,0.2248,38.58,95,93,134235
1.6422,0.2444,38.52,95,93,134238
1.4956,0.2395,38.62,95,93,134241
1.4418,0.2444,38.36,95,93,134244
1.3783,0.2444,38.55,95,93,134248
1.3441,0.2346,38.58,95,93,134251
1.3490,0.2444,38.62,95,93,134254
1.3441,0.2688,38.62,95,93,134258
1.3978,0.2542,38.30,95,93,134261
1.3881,0.2395,38.52,95,93,134264
1.4076,0.2297,38.55,95,93,134268
1.4418,0.2297,38.62,95,93,134272
1.4565,0.2444,38.62,95,93,134275
1.5152,0.2542,38.46,95,93,134279
1.5103,0.2444,37.96,95,93,134282
1.5249,0.2395,38.49,95,93,134285
1.5249,0.2395,38.58,95,93,134288
1.5445,0.2395,38.62,95,93,134292
1.5934,0.2493,38.52,95,93,134295
1.5787,0.2395,38.52,95,93,134298
1.6129,0.2493,38.43,95,93,134302
1.6031,0.2395,38.65,95,93,134305
1.6129,0.2444,38.62,95,93,134308
1.6471,0.2493,38.49,95,93,134312
1.6276,0.2395,38.71,95,93,134316
1.6716,0.2346,38.49,95,93,134319
1.6471,0.2346,38.58,95,93,134323
1.6667,0.2395,38.55,95,93,134326
1.6960,0.2444,38.46,95,93,134329
1.6911,0.2346,38.58,95,93,134333
1.7155,0.2346,38.40,95,93,134336
1.6764,0.2297,38.58,95,93,134339
1.6667,0.2395,38.68,95,93,134342
1.7009,0.2395,38.58,95,93,134346
1.7107,0.2395,38.62,95,93,134349
1.7498,0.2493,38.40,95,93,134352
1.6960,0.2297,38.52,95,93,134356
1.6911,0.2346,38.62,95,93,134360
1.7009,0.2444,38.58,95,93,134363
1.7107,0.2297,38.62,95,93,134367
1.7693,0.2590,38.36,95,93,134370
1.7400,0.2444,38.55,95,93,134373
1.7449,0.2346,38.52,95,93,134376
1.7400,0.2395,38.55,95,93,134380
1.7498,0.2346,38.62,95,93,134383
1.7595,0.2493,38.43,95,93,134386
1.7204,0.2786,38.55,95,93,134390
1.7204,0.2395,38.46,95,93,134393
1.7107,0.2395,38.18,95,93,134396
1.7204,0.2688,38.62,95,93,134401
1.7449,0.2297,38.58,95,93,134404
1.7107,0.2395,38.02,95,93,134407
1.7302,0.2444,38.40,95,93,134411
1.7204,0.2395,38.62,95,93,134414
1.7351,0.2395,38.58,95,93,134417
1.7498,0.2395,38.49,95,93,134420
1.7498,0.2346,38.68,95,93,134424
1.7742,0.2395,38.46,95,93,134427
1.7351,0.2346,38.62,95,93,134430
1.7302,0.2346,38.58,95,93,134434
1.7449,0.2444,38.52,95,93,134437
1.7400,0.2395,38.62,95,93,134440
1.7742,0.2444,38.40,95,93,134445
1.7400,0.2737,38.55,95,93,134448
1.7351,0.2346,38.58,95,93,134451
1.7302,0.2444,38.43,95,93,134455
1.7253,0.2444,38.62,95,93,134458
1.7986,0.2493,38.30,95,93,134461
1.7937,0.2688,38.52,95,93,134464
1.8035,0.2346,38.58,95,93,134468
1.8133,0.2395,38.58,95,93,134471
1.8231,0.2395,38.62,95,93,134474
1.8768,0.2542,38.43,95,93,134478
1.8377,0.2444,38.52,95,93,134481
1.8426,0.2346,38.55,95,93,134484
1.8426,0.2297,38.58,95,93,134489
1.8426,0.2444,38.55,95,93,134492
1.8817,0.2493,38.49,95,93,134495
1.8573,0.2395,38.58,95,93,134498
1.8671,0.2395,38.46,95,93,134502
1.8328,0.2395,38.52,95,93,134505
1.8328,0.2395,38.62,95,93,134508
1.8719,0.2493,38.46,95,93,134512
1.8377,0.2395,38.68,95,93,134515
1.8573,0.2444,38.49,95,93,134518
1.8280,0.2297,38.55,95,93,134522
1.8231,0.2395,38.62,95,93,134525
1.8231,0.2444,38.49,95,93,134529
1.7986,0.2395,38.62,95,93,134533
1.8328,0.2346,38.43,95,93,134536
1.8182,0.2395,38.55,95,93,134539
1.8084,0.2346,38.68,95,93,134543
1.8084,0.2493,38.52,95,93,134546
1.7742,0.2395,38.62,95,93,134549
1.8182,0.2444,38.36,95,93,134552
1.7986,0.2395,38.55,95,93,134556
1.8035,0.2639,38.65,95,93,134559
1.8084,0.2395,38.52,95,93,134562
1.7986,0.2395,38.62,95,93,134566
1.8524,0.2590,38.30,95,93,134569
1.8426,0.2395,38.49,95,93,134573
1.7937,0.2346,38.58,95,93,134577
1.7937,0.2688,38.58,95,93,134580
1.7693,0.2395,38.62,95,93,134583
1.8084,0.2493,38.43,95,93,134586
1.7986,0.2395,38.62,95,93,134590
1.7840,0.2395,38.46,95,93,134593
1.7644,0.2395,38.62,95,93,134596
1.7351,0.2395,38.62,95,93,134600
1.7595,0.2493,38.49,95,93,134603
1.7400,0.2395,38.55,95,93,134606
1.7595,0.2395,38.46,95,93,134610
1.7449,0.2395,38.62,95,93,134614
1.7791,0.2346,38.58,95,93,134618
1.7693,0.2395,38.62,95,93,134621
1.7986,0.2493,38.52,95,93,134624
1.7889,0.2444,38.55,95,93,134628
1.8280,0.2493,38.33,95,93,134631
1.8084,0.2444,38.55,95,93,134634
1.7986,0.2542,38.62,95,93,134638
1.8231,0.2444,38.55,95,93,134641
1.8280,0.2639,38.62,95,93,134644
1.9110,0.2493,38.33,95,93,134647
1.8328,0.2444,38.46,95,93,134651
1.8182,0.2346,38.55,95,93,134654
1.8231,0.2297,38.58,95,93,134658
1.8084,0.2346,38.62,95,93,134662
1.8328,0.2590,38.43,95,93,134665
1.8084,0.2444,38.55,95,93,134668
1.8182,0.2395,38.52,95,93,134672
1.8182,0.2346,38.58,95,93,134675
1.8231,0.2395,38.58,95,93,134678
1.8768,0.2493,38.52,95,93,134682
1.8964,0.2395,38.55,95,93,134685
1.9453,0.2395,38.40,95,93,134688
1.9306,0.2297,38.62,95,93,134691
1.9355,0.2395,38.58,95,93,134695
1.9648,0.2493,38.49,95,93,134699
1.9257,0.2395,38.62,95,93,134702
1.9257,0.2395,38.65,95,93,134706
1.8524,0.2346,38.52,95,93,134709
1.8231,0.2395,38.62,95,93,134712
1.8280,0.2444,38.46,95,93,134716
1.8133,0.2297,38.58,95,93,134719
1.8524,0.2444,38.33,95,93,134722
1.8573,0.2395,38.55,95,93,134726
1.8280,0.2297,38.62,95,93,134729
1.8524,0.2444,38.55,95,93,134732
1.8133,0.2395,38.62,95,93,134735
1.8377,0.2493,38.40,95,93,134739
1.7937,0.2346,38.52,95,93,134743
1.7986,0.2346,38.58,95,93,134746
1.8035,0.2688,38.55,95,93,134750
1.7889,0.2395,38.62,95,93,134753
1.8524,0.2590,38.40,95,93,134756
1.8280,0.2786,38.55,95,93,134760
1.8328,0.2395,38.55,95,93,134763
1.8084,0.2346,38.58,95,93,134766
1.8035,0.2444,38.62,95,93,134770
1.8573,0.2493,38.43,95,93,134773
1.8475,0.2444,38.55,95,93,134776
1.8768,0.2444,38.49,95,93,134779
1.8280,0.2395,38.58,95,93,134784
1.8328,0.2395,38.62,95,93,134787
1.9062,0.2493,38.49,95,93,134790
1.9306,0.2395,38.65,95,93,134794
1.9941,0.2444,38.49,95,93,134797
1.9941,0.2297,38.62,95,93,134800
2.0381,0.2395,38.71,95,93,134804
2.1457,0.2444,38.55,95,93,134807
2.2972,0.2297,38.62,95,93,134810
2.5367,0.2395,38.43,95,93,134813
2.7322,0.2395,38.62,95,93,134817
2.9863,0.2395,38.62,95,93,134820
3.2796,0.2493,38.55,95,93,134823
3.4213,0.2395,38.62,95,93,134828
3.4897,0.2542,38.33,95,93,134831
3.2698,0.2395,38.46,95,93,134834
2.9521,0.2297,38.62,95,93,134838
2.6197,0.2444,38.55,95,93,134841
2.2923,0.2297,38.62,95,93,134844
2.0772,0.2493,38.36,95,93,134848
1.8133,0.2395,38.46,95,93,134851
1.6276,0.2346,38.58,95,93,134854
1.5054,0.2395,38.62,95,93,134858
1.4125,0.2297,38.62,95,93,134861
1.4174,0.2542,38.40,95,93,134864
1.3832,0.2444,38.55,95,93,134867
1.3881,0.2297,38.46,95,93,134872
1.3930,0.2493,38.58,95,93,134875
1.4223,0.2395,38.62,95,93,134878
1.4663,0.2444,38.49,95,93,134882
1.4858,0.2395,38.58,95,93,134885
1.5396,0.2444,38.43,95,93,134888
1.5591,0.2395,38.58,95,93,134892
1.5543,0.2395,38.77,95,93,134895
1.5738,0.2444,38.55,95,93,134898
1.5787,0.2395,38.65,95,93,134902
1.6227,0.2395,38.49,95,93,134905
1.6129,0.2346,38.55,95,93,134908
1.6373,0.2395,38.68,95,93,134912
1.6813,0.2395,38.43,95,93,134916
1.6471,0.2395,38.71,95,93,134919
1.6520,0.2395,38.36,95,93,134922
1.6178,0.2395,38.55,95,93,134926
1.6325,0.2395,38.62,95,93,134929
1.6667,0.2444,38.55,95,93,134932
1.6520,0.2395,38.62,95,93,134936
1.6862,0.2542,38.33,95,93,134939
1.6764,0.2395,38.62,95,93,134942
1.7009,0.2395,38.58,95,93,134946
1.7107,0.2395,38.62,95,93,134949
1.6520,0.2395,38.58,95,93,134952
1.6862,0.2493,38.40,95,93,134956
1.6325,0.2444,38.55,95,93,134960
1.6129,0.2346,38.40,95,93,134963
1.6031,0.2395,38.65,95,93,134966
1.6178,0.2346,38.08,95,93,134970
1.6911,0.2493,38.40,95,93,134973
1.7009,0.2395,38.55,95,93,134976
1.7107,0.2395,38.49,95,93,134980
1.7009,0.2395,38.62,95,93,134983
1.7253,0.2395,38.62,95,93,134986
1.7498,0.2493,38.49,95,93,134990
1.7204,0.2639,38.58,95,93,134993
1.7351,0.2444,38.49,95,93,134996
1.7155,0.2395,38.65,95,93,135000
1.7351,0.2395,38.58,95,93,135004
1.7644,0.2444,38.46,95,93,135007
1.7498,0.2395,38.52,95,93,135010
1.7498,0.2493,38.43,95,93,135014
1.7009,0.2395,38.55,95,93,135017
1.6862,0.2297,38.58,95,93,135020
1.7009,0.2395,38.55,95,93,135024
1.6764,0.2395,38.81,95,93,135027
1.7302,0.2444,38.33,95,93,135030
1.7107,0.2444,38.49,95,93,135034
1.7107,0.2346,38.65,95,93,135037
1.7400,0.2444,38.52,95,93,135041
1.7302,0.2395,38.58,95,93,135044
1.7791,0.2493,38.27,95,93,135048
1.7302,0.2297,38.46,95,93,135051
1.7302,0.2346,38.68,95,93,135054
1.7498,0.2444,38.58,95,93,135058
1.7302,0.2395,38.62,95,93,135061
1.7546,0.2542,38.52,95,93,135064
1.7107,0.2444,38.62,95,93,135068
1.7204,0.2346,38.52,95,93,135071
1.7351,0.2395,38.52,95,93,135074
1.7595,0.2297,38.62,95,93,135078
1.8231,0.2493,38.52,95,93,135081
1.8328,0.2395,38.62,95,93,135085
1.8817,0.2297,38.46,95,93,135088
1.8671,0.2542,38.62,95,93,135092
1.8768,0.2395,38.62,95,93,135095
1.9110,0.2493,38.46,95,93,135098
1.8817,0.2297,38.58,95,93,135102
1.9110,0.2395,38.46,95,93,135105
1.8768,0.2395,38.52,95,93,135108
1.8866,0.2297,38.65,95,93,135112
1.9062,0.2444,38.46,95,93,135115
1.8719,0.2395,38.62,95,93,135118
1.8915,0.2444,38.46,95,93,135122
1.8573,0.2395,38.52,95,93,135126
1.8426,0.2395,38.62,95,93,135129
1.8573,0.2493,38.52,95,93,135132
1.8622,0.2346,38.58,95,93,135136
1.9110,0.2493,38.40,95,93,135139
1.8524,0.2395,38.49,95,93,135142
1.8377,0.2395,38.58,95,93,135146
1.8524,0.2444,38.71,95,93,135149
1.8475,0.2444,38.68,95,93,135152
1.9013,0.2590,38.36,95,93,135156
1.8573,0.2444,38.46,95,93,135159
1.8475,0.2346,38.52,95,93,135162
1.8524,0.2395,38.55,95,93,135166
1.8622,0.2346,38.62,95,93,135170
1.8915,0.2493,38.43,95,93,135173
1.8524,0.2395,38.55,95,93,135176
1.8426,0.2297,38.46,95,93,135180
1.8133,0.2542,38.58,95,93,135183
1.8084,0.2395,38.65,95,93,135186
1.8280,0.2493,38.55,95,93,135190
1.7937,0.2444,38.58,95,93,135193
1.8084,0.2542,38.49,95,93,135196
1.7546,0.2395,38.84,95,93,135200
1.7742,0.2346,38.62,95,93,135203
1.7840,0.2444,38.36,95,93,135206
1.7791,0.2346,38.62,95,93,135211
1.7986,0.2444,38.43,95,93,135214
1.7840,0.2444,38.62,95,93,135217
1.7791,0.2395,38.58,95,93,135221
1.8035,0.2493,38.52,95,92,135224
1.7986,0.2444,38.68,95,92,135228
1.7889,0.2493,38.58,95,92,135231
1.8328,0.2493,38.40,95,92,135234
1.7742,0.2493,38.52,95,92,135237
1.7693,0.2346,38.52,95,92,135241
1.7546,0.2395,38.58,95,92,135244
1.7840,0.2395,38.58,95,92,135247
1.8280,0.2590,38.43,95,92,135251
1.8035,0.2395,38.62,95,92,135255
1.8133,0.2395,38.49,95,92,135258
1.7889,0.2346,38.62,95,92,135262
1.7937,0.2346,38.77,95,92,135265
1.8133,0.2444,38.55,95,92,135268
1.8084,0.2297,38.58,95,92,135272
1.8231,0.2493,38.62,95,92,135275
1.7986,0.2395,38.55,95,92,135278
1.8035,0.2395,38.58,95,92,135281
1.8280,0.2493,38.52,95,92,135285
1.7986,0.2297,38.58,95,92,135288
1.8426,0.2395,38.46,95,92,135291
1.8280,0.2395,38.49,95,92,135296
1.8328,0.2395,38.58,95,92,135299
1.8671,0.2542,38.55,95,92,135302
1.8671,0.2395,38.58,95,92,135306
1.9208,0.2493,38.36,95,92,135309
1.8866,0.2346,38.52,95,92,135312
1.8671,0.2395,38.71,95,92,135316
1.8524,0.2542,38.68,95,92,135319
1.8182,0.2297,38.58,95,92,135322
1.8377,0.2493,38.30,95,92,135325
1.7889,0.2395,38.49,95,92,135329
1.7498,0.2346,38.55,95,92,135332
1.7400,0.2346,38.58,95,92,135335
1.7302,0.2297,38.65,95,92,135340
1.7644,0.2493,38.43,95,92,135343
1.7400,0.2444,38.55,95,92,135346
1.7253,0.2395,38.49,95,92,135350
1.7253,0.2395,38.58,95,92,135353
1.6813,0.2395,38.62,95,92,135356
1.6960,0.2493,38.52,95,92,135360
1.6618,0.2395,38.58,95,92,135363
1.6911,0.2395,38.46,95,92,135366
1.6764,0.2395,38.52,95,92,135369
1.6813,0.2444,38.62,95,92,135373
1.7009,0.2395,38.49,95,92,135376
1.6813,0.2395,38.58,95,92,135379
1.7058,0.2444,38.46,95,92,135384
1.6813,0.2297,38.55,95,92,135387
1.6813,0.2395,38.62,95,92,135390
1.7009,0.2444,38.49,95,92,135394
1.6911,0.2395,38.62,95,92,135397
1.7351,0.2737,38.33,95,92,135400
1.7253,0.2395,38.65,95,92,135404
1.7498,0.2444,38.62,95,92,135407
1.7791,0.2297,38.55,95,92,135410
1.7791,0.2444,38.62,95,92,135413
1.8671,0.2493,38.33,95,92,135417
1.8915,0.2444,38.46,95,92,135420
1.9892,0.2346,38.58,95,92,135424
2.1652,0.2444,38.58,95,92,135428
2.3656,0.2395,38.58,95,92,135431
2.7028,0.2590,38.40,95,92,135434
2.9130,0.2493,38.58,95,92,135438
3.1281,0.2639,38.55,95,92,135441
3.2502,0.2297,38.58,95,92,135444
3.2014,0.2395,38.65,95,92,135448
3.0401,0.2493,38.43,95,92,135451
2.6540,0.2395,38.55,95,92,135454
2.3216,0.2395,38.49,95,92,135457
2.0283,0.2395,38.62,95,92,135461
1.7498,0.2395,38.74,95,92,135464
1.5738,0.2395,38.52,95,92,135468
1.4223,0.2395,38.58,95,92,135472
1.3343,0.2493,38.55,95,92,135475
1.2561,0.2297,38.62,95,92,135478
1.2317,0.2395,38.58,95,92,135482
1.2463,0.2444,38.46,95,92,135485
1.2219,0.2395,38.68,95,92,135488
1.2610,0.2590,38.40,95,92,135492
1.3050,0.2444,38.58,95,92,135495
1.3148,0.2346,38.68,95,92,135498
1.3441,0.2590,38.49,95,92,135501
1.3685,0.2395,38.62,95,92,135505
1.3930,0.2444,38.33,95,92,135508
1.3881,0.2444,38.55,95,92,135512
1.4027,0.2297,38.62,95,92,135516
1.4321,0.2493,38.52,95,92,135519
1.4418,0.2346,38.62,95,92,135522
1.5054,0.2493,38.33,95,92,135526
1.4858,0.2395,38.49,95,92,135529
1.4907,0.2297,38.58,95,92,135532
1.5152,0.2395,38.58,95,92,135536
1.5152,0.2395,38.62,95,92,135539
1.5591,0.2590,38.49,95,92,135542
1.5396,0.2395,38.55,95,92,135545
1.5445,0.2395,38.49,95,92,135549
1.5445,0.2444,38.62,95,92,135553
1.5738,0.2395,38.62,95,92,135556
1.5885,0.2493,38.46,95,92,135560
1.5689,0.2395,38.58,95,92,135563
1.5885,0.2395,38.49,95,92,135566
1.5738,0.2542,38.62,95,92,135570
1.5738,0.2395,38.58,95,92,135573
1.6031,0.2444,38.46,95,92,135576
1.5885,0.2688,38.62,95,92,135580
1.6325,0.2395,38.49,95,92,135583
1.6031,0.2346,38.62,95,92,135586
1.6471,0.2346,38.58,95,92,135589
1.6178,0.2444,38.49,95,92,135593
1.6031,0.2444,38.58,95,92,135597
1.6325,0.2395,38.36,95,92,135600
1.6129,0.2346,38.68,95,92,135604
1.6276,0.2346,38.58,95,92,135607
1.6520,0.2444,38.68,95,92,135610
1.6471,0.2346,38.58,95,92,135614
1.7009,0.2493,38.33,95,92,135617
1.6716,0.2444,38.55,95,92,135620
1.6569,0.2395,38.62,95,92,135624
1.6667,0.2444,38.55,95,92,135627
1.6618,0.2395,38.58,95,92,135630
1.7155,0.2590,38.40,95,92,135633
1.6716,0.2493,38.55,95,92,135638
1.6569,0.2542,38.52,95,92,135641
1.6618,0.2395,38.58,95,92,135644
1.6569,0.2346,38.62,95,92,135648
1.6911,0.2688,38.49,95,92,135651
1.6618,0.2444,38.62,95,92,135654
1.6716,0.2395,38.52,95,92,135658
1.6911,0.2395,38.62,95,92,135661
1.6618,0.2395,38.58,95,92,135664
1.6813,0.2395,38.55,95,92,135668
1.6813,0.2395,38.58,95,92,135671
1.7058,0.2493,38.49,95,92,135674
1.6813,0.2297,38.62,95,92,135677
1.6911,0.2395,37.83,95,92,135682
1.7204,0.2542,38.49,95,92,135685
1.7107,0.2395,38.62,95,92,135688
1.7449,0.2395,38.46,95,92,135692
1.7400,0.2395,38.52,95,92,135695
1.7351,0.2395,38.65,95,92,135698
1.7693,0.2493,38.55,95,92,135702
1.7595,0.2395,38.62,95,92,135705
1.8133,0.2444,38.33,95,92,135708
1.7937,0.2297,38.55,95,92,135712
1.7937,0.2395,38.55,95,92,135715
1.8084,0.2395,38.55,95,92,135718
1.8035,0.2346,38.62,95,92,135721
1.8524,0.2493,38.30,95,92,135726
1.8133,0.2395,38.49,95,92,135729
1.8035,0.2297,38.55,95,92,135732
1.8084,0.2444,38.62,95,92,135736
1.8035,0.2346,38.62,95,92,135739
1.8573,0.2542,38.74,95,92,135742
1.8280,0.2493,38.55,95,92,135746
1.8377,0.2297,38.52,95,92,135749
1.8280,0.2395,38.58,95,92,135752
1.8280,0.2395,38.62,95,92,135756
1.8671,0.2493,38.81,95,92,135759
1.8426,0.2395,38.58,95,92,135762
1.8573,0.2395,38.46,95,92,135766
1.8231,0.2346,38.58,95,92,135770
1.8133,0.2395,38.58,95,92,135773
1.8328,0.2444,38.43,95,92,135776
1.7937,0.2395,38.58,95,92,135780
1.8035,0.2395,38.46,95,92,135783
1.7595,0.2346,38.52,95,92,135786
1.7498,0.2346,38.62,95,92,135790
1.7595,0.2444,38.49,95,92,135793
1.7400,0.2395,38.58,95,92,135796
1.7644,0.2444,38.40,95,92,135800
1.7351,0.2395,38.65,95,92,135803
1.7351,0.2395,38.58,95,92,135806
1.7546,0.2493,38.55,95,92,135810
1.7302,0.2444,38.62,95,92,135814
1.7742,0.2444,38.36,95,92,135817
1.7498,0.2444,38.52,95,92,135820
1.7351,0.2346,38.58,95,92,135824
1.7351,0.2444,38.55,95,92,135827
1.7204,0.2395,38.58,95,92,135830
1.7644,0.2493,38.40,95,92,135834
1.7644,0.2444,38.46,95,92,135837
1.7644,0.2395,38.58,95,92,135841
1.7889,0.2444,38.46,95,92,135844
1.7693,0.2297,38.58,95,92,135847
1.7742,0.2444,38.58,95,92,135852
1.7889,0.2395,38.52,95,92,135855
1.7889,0.2395,38.58,95,92,135858
1.8182,0.2542,38.46,95,92,135862
1.7937,0.2395,38.62,95,92,135865
1.7937,0.2297,38.58,95,92,135868
1.8133,0.2444,38.49,95,92,135871
1.8035,0.2444,38.62,95,92,135875
1.8768,0.2493,38.36,95,92,135878
1.8231,0.2444,38.30,95,92,135881
1.8133,0.2346,38.62,95,92,135885
1.8328,0.2444,38.52,95,92,135888
1.8182,0.2395,38.62,95,92,135891
1.8719,0.2542,38.30,95,92,135896
1.8426,0.2395,38.52,95,92,135899
1.8377,0.2346,38.62,95,92,135902
1.8524,0.2444,38.62,95,92,135906
1.8524,0.2395,38.65,95,92,135909
1.9257,0.2590,38.36,95,92,135912
1.9013,0.2444,38.58,95,92,135915
1.9159,0.2346,38.52,95,92,135919
1.9208,0.2395,38.58,95,92,135922
1.9355,0.2395,38.77,95,92,135925
1.9746,0.2542,38.49,95,92,135929
1.9453,0.2395,38.58,95,92,135932
1.9453,0.2737,38.46,95,92,135936
1.9013,0.2395,38.49,95,92,135940
1.8768,0.2493,38.62,95,92,135943
1.8817,0.2493,38.46,95,92,135946
1.8377,0.2395,38.62,95,92,135950
1.8573,0.2395,38.52,95,92,135953
1.8182,0.2297,38.55,95,92,135956
1.8182,0.2395,38.55,95,92,135959
1.8231,0.2444,38.46,95,92,135963
1.7937,0.2395,38.52,95,92,135966
1.8084,0.2444,38.40,95,92,135969
1.7791,0.2297,38.55,95,92,135973
1.7595,0.2346,38.62,95,92,135976
1.7937,0.2395,38.55,95,92,135980
1.7351,0.2395,38.68,95,92,135984
1.7840,0.2493,38.40,95,92,135987
1.7400,0.2346,38.58,95,92,135990
1.7498,0.2346,38.65,95,92,135994
1.7498,0.2297,38.62,95,92,135997
1.7449,0.2395,38.58,95,92,136000
1.8328,0.2590,38.33,95,92,136004
1.7644,0.2346,38.52,95,92,136007
1.7546,0.2346,38.65,95,92,136010
1.7889,0.2395,38.58,95,92,136013
1.7791,0.2395,38.62,95,92,136017
1.8377,0.2737,38.46,95,92,136020
1.8377,0.2444,38.55,95,92,136024
1.8768,0.2395,38.46,95,92,136028
1.9355,0.2444,38.62,95,92,136031
1.9599,0.2395,38.58,95,92,136034
2.0772,0.2346,38.49,95,92,136038
2.1799,0.2346,38.58,95,92,136041
2.3607,0.2444,38.46,95,92,136044
2.5367,0.2395,38.81,95,92,136047
2.8055,0.2346,38.58,95,92,136051
3.0401,0.2395,38.58,95,92,136054
3.2258,0.2395,38.62,95,92,136057
3.3480,0.2542,38.43,95,92,136061
3.2209,0.2395,38.62,95,92,136065
2.9765,0.2395,38.65,95,92,136068
2.6979,0.2444,38.49,95,92,136072
2.3656,0.2395,38.65,95,92,136075
2.1359,0.2444,38.40,95,92,136078
1.9013,0.2395,38.49,95,92,136082
1.7058,0.2297,38.62,95,92,136085
1.5885,0.2493,38.49,95,92,136088
1.4712,0.2395,38.62,95,92,136091
1.4516,0.2493,38.33,95,92,136095
1.3881,0.2395,38.49,95,92,136098
1.3587,0.2346,38.62,95,92,136101
1.3539,0.2395,38.55,95,92,136105
1.3587,0.2395,38.65,95,92,136109
1.4223,0.2590,38.36,95,92,136112
1.4125,0.2395,38.52,95,92,136116
1.4125,0.2346,38.58,95,92,136119
1.4223,0.2395,38.65,95,92,136122
1.4370,0.2346,38.62,95,92,136126
1.4809,0.2493,38.40,95,92,136129
1.4809,0.2395,38.62,95,92,136132
1.5103,0.2444,38.49,95,92,136135
1.5103,0.2395,38.58,95,92,136139
1.5200,0.2395,38.58,95,92,136142
1.5494,0.2444,38.43,95,92,136145
1.5445,0.2590,38.58,95,92,136150
1.5689,0.2493,38.46,95,92,136153
1.5591,0.2297,38.58,95,92,136156
1.5640,0.2395,38.62,95,92,136160
1.5836,0.2444,38.52,95,92,136163
1.5689,0.2297,38.62,95,92,136166
1.5934,0.2395,38.46,95,92,136169
1.5640,0.2444,38.68,95,92,136173
1.5689,0.2297,38.62,95,92,136176
1.5836,0.2444,38.55,95,92,136179
1.5689,0.2395,38.62,95,92,136183
1.6227,0.2444,38.36,95,92,136186
1.5885,0.2297,38.55,95,92,136189
1.6129,0.2395,38.65,95,92,136194
1.6276,0.2786,38.55,95,92,136197
1.6178,0.2395,38.58,95,92,136200
1.6618,0.2493,38.27,95,92,136204
1.6276,0.2395,38.55,95,92,136207
1.6227,0.2346,38.58,95,92,136210
1.6373,0.2395,38.58,95,92,136214
1.6276,0.2395,38.62,95,92,136217
1.6813,0.2542,38.40,95,92,136220
1.6618,0.2444,38.55,95,92,136223
1.6569,0.2395,37.77,95,92,136227
1.6471,0.2444,38.58,95,92,136230
1.6471,0.2297,38.58,95,92,136233
1.6813,0.2493,38.58,95,92,136238
1.6667,0.2346,38.58,95,92,136241
1.6813,0.2395,38.46,95,92,136244
1.6618,0.2493,38.58,95,92,136248
1.6716,0.2346,38.62,95,92,136251
1.6911,0.2395,38.49,95,92,136254
1.6813,0.2444,38.58,95,92,136258
1.7058,0.2395,38.49,95,92,136261
1.6716,0.2444,38.68,95,92,136264
1.6813,0.2297,38.62,95,92,136267
1.7009,0.2493,38.52,95,92,136271
1.6911,0.2395,38.62,95,92,136274
1.7204,0.2444,38.58,95,92,136278
1.7009,0.2444,38.46,95,92,136282
1.7302,0.2395,38.62,95,92,136285
1.7253,0.2639,38.52,95,92,136288
1.7107,0.2346,38.58,95,92,136292
1.7595,0.2444,38.33,95,92,136295
1.7302,0.2395,38.49,95,92,136298
1.7400,0.2346,38.62,95,92,136302
1.7449,0.2444,38.62,95,92,136305
1.7498,0.2688,38.62,95,92,136308
1.8182,0.2590,38.36,95,92,136311
1.7889,0.2444,38.52,95,92,136315
1.8328,0.2395,38.55,95,92,136318
1.8133,0.2444,38.55,95,92,136322
1.8231,0.2395,38.62,95,92,136326
1.8719,0.2493,38.46,95,92,136329
1.8524,0.2395,38.58,95,92,136332
1.8719,0.2395,38.49,95,92,136336
1.8768,0.2395,38.62,95,92,136339
1.8573,0.2395,38.62,95,92,136342
1.8817,0.2884,38.43,95,92,136346
1.8524,0.2395,38.58,95,92,136349
1.8719,0.2444,38.49,95,92,136352
1.8377,0.2346,38.58,95,92,136355
1.8280,0.2346,38.62,95,92,136359
1.8426,0.2444,38.46,95,92,136363
1.8231,0.2395,38.62,95,92,136366
1.8524,0.2444,38.43,95,92,136370
1.8328,0.2444,38.55,95,92,136373
1.8231,0.2395,38.68,95,92,136376
1.8377,0.2395,38.52,95,92,136380
1.8182,0.2395,38.58,95,92,136383
1.8573,0.2444,38.52,95,92,136386
1.8084,0.2346,38.52,95,92,136390
1.8231,0.2346,38.62,95,92,136393
1.8328,0.2542,38.55,95,92,136396
1.8231,0.2297,38.62,95,92,136400
1.8719,0.2590,38.36,95,92,136403
1.8377,0.2590,38.55,95,92,136407
1.8182,0.2346,38.55,95,92,136410
1.8231,0.2493,38.58,95,92,136414
1.8182,0.2395,38.62,95,92,136417
1.8622,0.2493,38.40,95,92,136420
1.8280,0.2444,38.52,95,92,136424
1.8231,0.2395,38.49,95,92,136427
1.8035,0.2590,38.58,95,92,136430
1.8280,0.2395,38.62,95,92,136434
1.8280,0.2444,38.43,95,92,136437
1.8035,0.2444,38.58,95,92,136440
1.8182,0.2395,38.46,95,92,136444
1.7986,0.2395,38.62,95,92,136448
1.8035,0.2395,38.58,95,92,136452
1.8182,0.2639,38.62,95,92,136455
1.8573,0.2542,38.49,95,92,136458
1.8426,0.2395,38.58,95,92,136461
1.8915,0.2444,38.33,95,92,136465
1.8671,0.2444,38.52,95,92,136468
1.8524,0.2395,38.52,95,92,136471
1.8573,0.2444,38.55,95,92,136475
1.8524,0.2395,38.81,95,92,136478
1.9355,0.2542,38.33,95,92,136481
1.8817,0.2395,38.52,95,92,136485
1.8768,0.2346,38.55,95,92,136488
1.8768,0.2395,38.58,95,92,136492
1.8866,0.2297,38.71,95,92,136496
1.9355,0.2542,38.43,95,92,136499
1.9159,0.2444,38.55,95,92,136502
1.9257,0.2395,38.43,95,92,136505
1.9208,0.2395,38.58,95,92,136509
1.9306,0.2395,38.62,95,92,136512
1.9648,0.2542,38.55,95,92,136515
1.9599,0.2395,38.62,95,92,136519
1.9892,0.2395,38.46,95,92,136522
1.9746,0.2395,38.58,95,92,136525
1.9844,0.2346,38.65,95,92,136529
2.0235,0.2590,38.55,95,92,136532
1.9990,0.2395,38.62,95,92,136536
2.0332,0.2395,38.46,95,92,136540
2.0137,0.2493,38.52,95,92,136543
2.0186,0.2444,38.62,95,92,136546
2.0381,0.2395,38.46,95,92,136549
2.0137,0.2395,38.62,95,92,136553
2.0430,0.2444,38.36,95,92,136556
2.0039,0.2346,38.55,95,92,136559
1.9844,0.2297,38.58,95,92,136563
1.9746,0.2444,38.71,95,92,136566
1.9306,0.2248,38.62,95,92,136569
1.9550,0.2444,38.33,95,92,136573
1.9013,0.2346,38.49,95,92,136577
1.9013,0.2346,38.65,95,92,136580
1.9062,0.2297,38.55,95,92,136583
1.8915,0.2346,38.62,95,92,136587
1.9355,0.2590,38.33,95,92,136590
1.8817,0.2395,38.52,95,92,136593
1.8866,0.2346,38.55,95,92,136597
1.8524,0.2395,38.52,95,92,136600
1.8426,0.2395,38.68,95,92,136603
1.8768,0.2297,38.43,95,92,136607
1.8426,0.2786,38.52,95,92,136610
1.8426,0.2346,38.46,95,92,136613
1.8280,0.2395,38.58,95,92,136617
1.8280,0.2346,38.65,95,92,136621
1.8475,0.2444,38.46,95,92,136624
1.8231,0.2297,38.58,95,92,136627
1.8475,0.2395,38.49,95,92,136631
1.8280,0.2444,38.62,95,92,136634
1.8377,0.2346,38.62,95,92,136637
1.8524,0.2639,38.55,95,92,136641
1.8524,0.2395,38.58,95,92,136644
1.8915,0.2395,38.46,95,92,136647
1.8866,0.2297,38.58,95,92,136651
1.9257,0.2346,38.58,95,92,136654
1.9941,0.2444,38.36,95,92,136657
2.0381,0.2297,38.58,95,92,136662
2.1701,0.2444,38.43,95,92,136665
2.2776,0.2542,38.49,95,92,136668
2.4340,0.2346,38.62,95,92,136671
2.6686,0.2737,38.52,95,92,136675
2.8886,0.2395,38.62,95,92,136678
3.2111,0.2297,38.30,95,92,136681
3.3236,0.2346,38.55,95,92,136685
3.3627,0.2346,38.62,95,92,136688
3.2063,0.2395,38.58,95,92,136691
2.9277,0.2346,38.58,95,92,136695
2.7224,0.2590,38.43,95,92,136698
2.3509,0.2444,38.68,95,92,136701
2.1017,0.2297,38.49,95,92,136705
1.9159,0.2346,38.58,95,92,136709
1.7351,0.2346,38.46,95,92,136712
1.6422,0.2493,38.49,95,92,136715
1.5494,0.2395,38.62,95,92,136719
1.5152,0.2493,38.46,95,92,136722
1.4712,0.2395,38.77,95,92,136725
1.4614,0.2346,38.58,95,92,136729
1.4858,0.2493,38.46,95,92,136732
1.4809,0.2395,38.62,95,92,136735
1.5249,0.2395,38.52,95,92,136739
1.5249,0.2297,38.55,95,92,136742
1.5445,0.2346,38.71,95,92,136745
1.5787,0.2444,38.46,95,92,136750
1.5885,0.2297,38.62,95,92,136753
1.6373,0.2395,38.40,95,92,136756
1.6618,0.2346,38.55,95,92,136759
1.6618,0.2346,38.62,95,92,136763
1.6862,0.2346,38.52,95,92,136766
1.7058,0.2346,38.62,95,92,136769
1.7351,0.2297,38.33,95,92,136773
1.7302,0.2346,38.55,95,92,136776
1.7351,0.2346,38.02,95,92,136779
1.7644,0.2688,38.52,95,92,136783
1.7693,0.2346,38.62,95,92,136786
1.8280,0.2493,38.33,95,92,136790
1.8328,0.2395,38.52,95,92,136794
1.8035,0.2346,38.58,95,92,136797
1.8133,0.2444,38.58,95,92,136800
1.8084,0.2346,38.62,95,92,136803
1.8573,0.2493,38.43,95,92,136807
1.8231,0.2444,38.55,95,92,136810
1.8182,0.2346,38.49,95,92,136813
1.8133,0.2346,38.46,95,92,136817
1.8133,0.2395,38.62,95,92,136820
1.8426,0.2444,38.52,95,92,136823
1.8231,0.2395,38.58,95,92,136827
1.8475,0.2395,38.46,95,92,136830
1.8182,0.2346,38.62,95,92,136834
1.8231,0.2493,38.65,95,92,136838
1.8377,0.2395,38.55,95,92,136841
1.8280,0.2493,38.62,95,92,136844
1.8573,0.2346,38.46,95,92,136847
1.8328,0.2688,38.58,95,92,136851
1.8377,0.2346,38.62,95,92,136854
1.8671,0.2444,38.62,95,92,136857
1.8622,0.2346,38.58,95,92,136861
1.8915,0.2395,38.36,95,92,136864
1.8719,0.2493,38.49,95,92,136867
1.8671,0.2346,38.62,95,92,136871
1.8817,0.2444,38.52,95,92,136875
1.8719,0.2346,38.62,95,92,136878
1.9257,0.2444,38.33,95,92,136882
1.8866,0.2395,38.49,95,92,136885
1.8817,0.2297,38.58,95,92,136888
1.8915,0.2395,38.55,95,92,136891
1.8866,0.2444,38.62,95,92,136895
1.9599,0.2297,38.43,95,92,136898
1.9208,0.2639,38.52,95,92,136901
1.9355,0.2346,38.52,95,92,136905
1.9257,0.2346,38.58,95,92,136908
1.9453,0.2346,38.65,95,92,136911
1.9746,0.2493,38.62,95,92,136915
1.9550,0.2688,38.58,95,92,136919
1.9795,0.2395,38.49,95,92,136922
1.9648,0.2346,38.62,95,92,136926
1.9746,0.2395,38.58,95,92,136929
2.0137,0.2444,38.49,95,92,136932
1.9892,0.2493,38.62,95,92,136935
2.0283,0.2395,38.46,95,92,136939
2.0039,0.2346,38.58,95,92,136942
2.0186,0.2346,38.71,95,92,136945
2.0430,0.2444,38.46,95,92,136949
2.0381,0.2346,38.62,95,92,136952
2.0674,0.2346,38.43,95,92,136955
2.0430,0.2395,38.55,95,92,136960
2.0528,0.2346,38.62,95,92,136963
2.0821,0.2297,38.49,95,92,136966
2.0626,0.2346,38.58,95,92,136969
2.1017,0.2395,38.36,95,92,136973
2.0577,0.2297,38.55,95,92,136976
2.0626,0.2346,38.62,95,92,136979
2.0772,0.2493,38.58,95,92,136983
2.0577,0.2297,38.58,95,92,136986
2.1065,0.2444,38.27,95,92,136989
2.0626,0.2346,38.49,95,92,136993
2.0430,0.2346,38.62,95,92,136996
2.0381,0.2395,38.65,95,92,136999
2.0283,0.2346,38.55,95,92,137003
2.0821,0.2493,38.36,95,92,137007
2.0381,0.2444,38.49,95,92,137010
2.0186,0.2297,38.55,95,92,137013
2.0137,0.2346,38.58,95,92,137017
2.0039,0.2444,38.62,95,92,137020
2.0528,0.2395,38.46,95,92,137023
1.9990,0.2395,38.55,95,92,137027
1.9892,0.2346,38.55,95,92,137030
1.9550,0.2346,38.58,95,92,137033
1.9550,0.2346,38.62,95,92,137036
1.9697,0.2346,38.52,95,92,137040
1.9453,0.2395,38.62,95,92,137043
1.9697,0.2395,38.68,95,92,137047
1.9355,0.2297,38.62,95,92,137051
1.9453,0.2346,38.65,95,92,137054
1.9892,0.2444,38.46,95,92,137057
1.9062,0.2493,38.55,95,92,137061
1.8671,0.2346,38.62,95,92,137064
1.9062,0.2444,38.40,95,92,137068
1.8671,0.2395,38.55,95,92,137071
1.8573,0.2297,38.65,95,92,137074
1.8719,0.2395,38.62,95,92,137078
1.8768,0.2346,38.62,95,92,137081
1.9355,0.2542,38.43,95,92,137084
1.9062,0.2395,38.52,95,92,137088
1.8866,0.2297,38.55,95,92,137092
1.8768,0.2395,38.58,95,92,137095
1.8719,0.2297,38.62,95,92,137098
1.9159,0.2688,38.49,95,92,137102
1.9062,0.2346,38.55,95,92,137105
1.9257,0.2297,38.55,95,92,137108
1.9355,0.2346,38.58,95,92,137112
1.9208,0.2297,38.58,95,92,137115
1.9550,0.2444,38.43,95,92,137118
1.9306,0.2346,38.58,95,92,137122
1.9550,0.2395,38.46,95,92,137125
1.9257,0.2297,38.62,95,92,137128
1.9404,0.2590,38.62,95,92,137132
1.9795,0.2346,38.46,95,92,137136
1.9795,0.2297,38.62,95,92,137139
2.0137,0.2444,38.55,95,92,137142
1.9941,0.2346,38.58,95,92,137146
2.0039,0.2297,38.62,95,92,137149
2.0332,0.2444,38.49,95,92,137152
2.0235,0.2346,38.68,95,92,137156
2.0674,0.2346,38.40,95,92,137159
2.0577,0.2297,38.62,95,92,137162
2.0723,0.2297,38.81,95,92,137165
2.1017,0.2444,38.55,95,92,137169
2.0821,0.2297,38.62,95,92,137172
2.1310,0.2444,38.33,95,92,137176
2.1017,0.2346,38.52,95,92,137180
2.0626,0.2346,38.62,95,92,137183
2.0577,0.2493,38.55,95,92,137186
2.0235,0.2346,38.62,95,92,137190
2.0528,0.2542,38.40,95,92,137193
1.9941,0.2346,38.49,95,92,137196
1.9453,0.2297,38.55,95,92,137199
1.9306,0.2297,38.65,95,92,137203
1.9257,0.2346,38.58,95,92,137206
1.9892,0.2444,38.46,95,92,137209
1.9404,0.2346,38.52,95,92,137213
1.9355,0.2346,38.49,95,92,137217
1.9062,0.2346,38.58,95,92,137220
1.8915,0.2639,38.58,95,92,137224
1.9062,0.2395,38.52,95,92,137227
1.8768,0.2346,38.68,95,92,137230
1.8866,0.2688,38.49,95,92,137234
1.8573,0.2346,38.65,95,92,137237
1.8671,0.2346,38.62,95,92,137240
1.9208,0.2395,38.46,95,92,137243
1.8866,0.2346,38.62,95,92,137247
1.9159,0.2346,38.43,95,92,137250
1.8817,0.2346,38.52,95,92,137253
1.8866,0.2297,38.74,95,92,137257
1.9110,0.2395,38.49,95,92,137261
1.8964,0.2297,38.58,95,92,137264
1.9550,0.2590,38.36,95,92,137268
1.9550,0.2297,38.55,95,92,137271
1.9697,0.2297,38.71,95,92,137274
2.0235,0.2346,38.55,95,92,137278
2.0674,0.2346,38.62,95,92,137281
2.2092,0.2444,37.65,95,92,137284
2.2923,0.2346,38.52,95,92,137287
2.4731,0.2248,38.68,95,92,137291
2.7126,0.2395,38.62,95,92,137294
2.9717,0.2297,38.62,95,92,137297
3.3040,0.2493,38.40,95,92,137302
3.4262,0.2639,38.52,95,92,137305
3.4702,0.2346,38.52,95,92,137308
3.2991,0.2346,38.58,95,92,137312
3.0059,0.2395,38.58,95,92,137315
2.7175,0.2395,38.40,95,92,137318
2.3803,0.2395,38.62,95,92,137322
2.1261,0.2346,38.49,95,92,137325
1.9355,0.2346,38.58,95,92,137328
1.7449,0.2346,38.62,95,92,137331
1.6373,0.2346,38.46,95,92,137335
1.5347,0.2346,38.58,95,92,137338
1.5054,0.2395,38.55,95,92,137341
1.4663,0.2493,38.62,95,92,137346
1.4614,0.2297,38.62,95,92,137349
1.4809,0.2590,38.52,95,92,137352
1.5152,0.2346,38.58,95,92,137356
1.5249,0.2346,38.46,95,92,137359
1.5200,0.2346,38.58,95,92,137362
1.5298,0.2346,38.62,95,92,137365
1.5445,0.2395,38.40,95,92,137369
1.5347,0.2346,38.71,95,92,137372
1.5836,0.2395,38.36,95,92,137375
1.5836,0.2395,38.52,95,92,137379
1.5982,0.2395,38.58,95,92,137382
1.6276,0.2395,38.58,95,92,137385
1.6227,0.2248,38.58,95,92,137390
1.6813,0.2444,38.30,95,92,137393
1.6569,0.2346,38.43,95,92,137396
1.6618,0.2346,38.58,95,92,137400
1.6813,0.2297,38.58,95,92,137403
1.6862,0.2297,38.71,95,92,137406
1.7498,0.2542,38.43,95,92,137409
1.7204,0.2395,38.55,95,92,137413
1.7204,0.2346,38.52,95,92,137416
1.7302,0.2346,38.58,95,92,137419
1.7302,0.2297,38.62,95,92,137423
1.7693,0.2395,38.49,95,92,137426
1.7595,0.2297,38.58,95,92,137430
1.7742,0.2346,38.46,95,92,137434
1.7595,0.2297,38.58,95,92,137437
1.7644,0.2297,38.65,95,92,137440
1.8133,0.2444,38.46,95,92,137444
1.7791,0.2297,38.58,95,92,137447
1.8084,0.2395,38.49,95,92,137450
1.7840,0.2297,38.55,95,92,137453
1.7889,0.2297,38.68,95,92,137457
1.8133,0.2346,38.49,95,92,137460
1.7986,0.2297,38.65,95,92,137463
1.8231,0.2346,38.43,95,92,137467
1.8084,0.2297,38.52,95,92,137470
1.8133,0.2395,37.83,95,92,137474
1.8328,0.2493,38.52,95,92,137478
1.8084,0.2346,38.62,95,92,137481
1.8426,0.2395,38.33,95,92,137484
1.7937,0.2346,38.55,95,92,137488
1.8035,0.2297,38.62,95,92,137491
1.8084,0.2346,38.46,95,92,137494
1.8035,0.2346,38.58,95,92,137497
1.8622,0.2542,38.33,95,92,137501
1.8231,0.2297,38.58,95,92,137504
1.8182,0.2346,38.55,95,92,137507
1.8231,0.2346,38.68,95,92,137511
1.8133,0.2346,38.58,95,92,137515
1.8622,0.2395,38.40,95,92,137518
1.8377,0.2297,38.52,95,92,137522
1.8768,0.2346,38.49,95,92,137525
1.8328,0.2346,38.68,95,92,137528
1.8426,0.2395,38.58,95,92,137532
1.8768,0.2395,38.46,95,92,137535
1.8475,0.2346,38.84,95,92,137538
1.8817,0.2346,38.43,95,92,137541
1.8622,0.2297,38.62,95,92,137545
1.8768,0.2395,38.65,95,92,137548
1.8964,0.2297,38.52,95,92,137551
1.8915,0.2297,38.58,95,92,137555
1.9306,0.2248,38.52,95,92,137559
1.9257,0.2297,38.49,95,92,137562
1.9355,0.2248,38.58,95,92,137566
1.9648,0.2395,38.52,95,92,137569
1.9501,0.2297,38.62,95,92,137572
1.9990,0.2395,38.36,95,92,137576
1.9746,0.2346,38.52,95,92,137579
1.9599,0.2297,38.62,95,92,137582
1.9795,0.2395,38.52,95,92,137585
1.9550,0.2297,38.58,95,92,137589
2.0039,0.2444,38.30,95,92,137592
1.9648,0.2346,38.58,95,92,137595
1.9648,0.2297,38.58,95,92,137600
1.9990,0.2346,38.55,95,92,137603
1.9990,0.2297,38.62,95,92,137606
2.0577,0.2590,38.36,95,92,137610
1.9892,0.2297,38.55,95,92,137613
1.9501,0.2297,38.58,95,92,137616
1.9257,0.2590,38.58,95,92,137620
1.9257,0.2297,38.62,95,92,137623
1.9648,0.2444,38.52,95,92,137626
1.9453,0.2346,38.58,95,92,137629
1.9257,0.2346,38.49,95,92,137633
1.9062,0.2346,38.68,95,92,137636
1.9159,0.2346,38.58,95,92,137639
1.9501,0.2395,38.55,95,92,137644
1.9599,0.2395,38.58,95,92,137647
1.9892,0.2297,38.11,95,92,137650
1.9648,0.2248,38.52,95,92,137654
1.9550,0.2346,38.62,95,92,137657
1.9599,0.2346,38.46,95,92,137660
1.9355,0.2346,38.58,95,92,137664
1.9697,0.2346,38.46,95,92,137667
1.9355,0.2395,38.33,95,92,137671
1.8866,0.2297,38.52,95,92,137674
1.8768,0.2199,38.58,95,92,137677
1.8866,0.2346,38.62,95,92,137680
1.8817,0.2297,38.58,95,92,137684
1.9550,0.2297,38.43,95,92,137688
1.9208,0.2395,38.68,95,92,137691
1.9013,0.2542,38.52,95,92,137695
1.8915,0.2297,38.65,95,92,137698
1.8915,0.2297,38.62,95,92,137701
1.9550,0.2444,38.43,95,92,137705
1.9355,0.2346,38.62,95,92,137708
1.9746,0.2346,38.49,95,92,137711
1.9306,0.2297,38.58,95,92,137715
1.9257,0.2297,38.58,95,92,137718
1.9550,0.2444,38.52,95,92,137721
1.9306,0.2297,38.58,95,92,137724
1.9697,0.2395,38.46,95,92,137729
1.9501,0.2346,38.62,95,92,137732
1.9599,0.2297,38.62,95,92,137735
1.9795,0.2346,38.52,95,92,137739
1.9892,0.2346,38.58,95,92,137742
2.0088,0.2297,38.43,95,92,137745
1.9941,0.2493,38.58,95,92,137749
2.0137,0.2297,38.58,95,92,137752
2.0381,0.2395,38.52,95,92,137755
1.9990,0.2346,38.58,95,92,137759
2.0186,0.2395,38.36,95,92,137762
1.9941,0.2395,38.52,95,92,137765
1.9892,0.2297,38.65,95,92,137768
2.0332,0.2395,38.55,95,92,137773
2.0381,0.2297,38.62,95,92,137776
2.1163,0.2444,38.27,95,92,137779
2.0968,0.2297,38.49,95,92,137783
2.1065,0.2346,38.71,95,92,137786
2.1163,0.2542,38.62,95,92,137789
2.1065,0.2346,38.62,95,92,137793
2.1408,0.2493,38.40,95,92,137796
2.0723,0.2395,38.58,95,92,137799
2.0430,0.2542,38.52,95,92,137802
2.0283,0.2346,38.58,95,92,137806
2.0137,0.2297,38.52,95,92,137809
2.0479,0.2493,38.49,95,92,137812
2.0186,0.2199,38.55,95,92,137817
2.0137,0.2346,38.49,95,92,137820
1.9795,0.2297,38.62,95,92,137823
1.9648,0.2346,38.62,95,92,137827
1.9892,0.2395,38.46,95,92,137830
1.9746,0.2346,38.58,95,92,137833
1.9501,0.2395,38.46,95,92,137836
1.9013,0.2297,38.46,95,92,137840
1.8866,0.2688,38.62,95,92,137843
1.8964,0.2297,38.49,95,92,137846
1.8817,0.2297,38.58,95,92,137850
1.9062,0.2395,38.43,95,92,137853
1.8768,0.2297,38.58,95,92,137857
1.8671,0.2346,38.58,95,92,137861
1.8768,0.2395,38.52,95,92,137864
1.8573,0.2297,38.62,95,92,137867
1.9208,0.2395,38.43,95,92,137871
1.8817,0.2297,38.55,95,92,137874
1.8964,0.2297,38.58,95,92,137877
1.9208,0.2395,38.55,95,92,137880
1.9110,0.2639,38.62,95,92,137884
1.9844,0.2395,38.30,95,92,137887
1.9697,0.2346,38.52,95,92,137890
2.0088,0.2248,38.62,95,92,137894
2.0968,0.2297,38.58,95,92,137897
2.1945,0.2346,38.62,95,92,137901
2.4145,0.2688,38.52,95,92,137905
2.5758,0.2395,38.52,95,92,137908
2.8006,0.2297,38.55,95,92,137911
3.0450,0.2297,38.62,95,92,137914
3.2698,0.2395,38.62,95,92,137918
3.4604,0.2395,38.46,95,92,137921
3.3969,0.2346,38.55,95,92,137924
3.2160,0.2346,38.43,95,92,137928
2.8543,0.2297,38.62,95,92,137931
2.5122,0.2444,38.62,95,92,137934
2.2287,0.2297,38.52,95,92,137938
1.9599,0.2297,38.55,95,92,137942
1.7937,0.2444,38.46,95,92,137945
1.6178,0.2297,38.62,95,92,137949
1.5152,0.2248,38.68,95,92,137952
1.4761,0.2297,38.49,95,92,137955
1.4272,0.2199,38.62,95,92,137959
1.4418,0.2346,38.40,95,92,137962
1.4418,0.2346,38.46,95,92,137965
1.4614,0.2248,38.68,95,92,137968
1.5152,0.2395,38.46,95,92,137972
1.5249,0.2395,38.68,95,92,137975
1.5885,0.2395,38.33,95,92,137978
1.5738,0.2395,38.52,95,92,137982
1.5934,0.2346,38.62,95,92,137986
1.6178,0.2346,38.62,95,92,137989
1.6178,0.2395,38.62,95,92,137993
1.6764,0.2493,38.36,95,92,137996
1.6471,0.2444,38.52,95,92,137999
1.6618,0.2248,38.55,95,92,138003
1.6764,0.2297,38.58,95,92,138006
1.7058,0.2346,38.62,95,92,138009
1.7155,0.2444,38.46,95,92,138012
1.6813,0.2346,38.62,95,92,138016
1.6911,0.2346,38.49,95,92,138019
1.6764,0.2346,38.62,95,92,138022
1.6960,0.2395,38.58,95,92,138027
1.7400,0.2395,38.43,95,92,138030
1.7302,0.2395,38.62,95,92,138033
1.7693,0.2395,38.46,95,92,138037
1.7400,0.2297,38.62,95,92,138040
1.7400,0.2297,38.58,95,92,138043
1.7791,0.2444,38.49,95,92,138046
1.7498,0.2297,38.58,95,92,138050
1.7840,0.2346,38.52,95,92,138053
1.7595,0.2639,38.62,95,92,138056
1.7644,0.2297,38.62,95,92,138060
1.7742,0.2346,38.52,95,92,138063
1.7644,0.2248,38.62,95,92,138066
1.8133,0.2346,38.40,95,92,138071
1.7742,0.2346,38.58,95,92,138074
1.7791,0.2297,38.58,95,92,138077
1.7840,0.2395,38.62,95,92,138081
1.7595,0.2346,38.62,95,92,138084
1.8035,0.2444,38.30,95,92,138087
1.7693,0.2346,38.68,95,92,138090
1.7595,0.2542,38.62,95,92,138094
1.7644,0.2346,38.58,95,92,138097
1.7498,0.2297,38.62,95,92,138100
1.7986,0.2493,38.43,95,92,138104
1.7693,0.2395,38.49,95,92,138107
1.7644,0.2297,38.52,95,92,138110
1.7595,0.2297,38.58,95,92,138115
1.7595,0.2297,38.62,95,92,138118
1.7937,0.2493,38.43,95,92,138121
1.7840,0.2297,38.74,95,92,138125
1.7986,0.2346,38.46,95,92,138128
1.7840,0.2346,38.65,95,92,138131
1.7889,0.2297,38.65,95,92,138134
1.7986,0.2444,38.52,95,92,138138
1.7840,0.2297,38.58,95,92,138141
1.8035,0.2395,38.58,95,92,138144
1.7840,0.2297,38.62,95,92,138148
1.7840,0.2297,38.62,95,92,138151
1.8084,0.2395,38.43,95,92,138155
1.7840,0.2346,38.58,95,92,138159
1.8133,0.2297,38.43,95,92,138162
1.7937,0.2297,38.46,95,92,138165
1.7986,0.2346,38.58,95,92,138168
1.8328,0.2395,38.49,95,92,138172
1.8231,0.2444,38.58,95,92,138175
1.8671,0.2444,38.30,95,92,138178
1.8475,0.2444,37.77,95,92,138182
1.8524,0.2346,38.65,95,92,138185
1.8719,0.2395,38.55,95,92,138188
1.8573,0.2297,38.62,95,92,138192
1.9110,0.2395,38.30,95,92,138195
1.8671,0.2346,38.33,95,92,138199
1.8671,0.2297,38.58,95,92,138203
1.8719,0.2346,38.71,95,92,138206
1.8671,0.2346,38.62,95,92,138209
1.9257,0.2493,38.43,95,92,138213
1.9013,0.2493,38.55,95,92,138216
1.9013,0.2346,38.52,95,92,138219
1.8866,0.2639,38.62,95,92,138222
1.9013,0.2346,38.62,95,92,138226
1.9159,0.2444,38.43,95,92,138229
1.8915,0.2346,38.71,95,92,138232
1.8866,0.2346,38.46,95,92,138236
1.8573,0.2639,38.65,95,92,138240
1.8573,0.2346,38.62,95,92,138243
1.8768,0.2395,38.49,95,92,138247
1.8573,0.2395,38.62,95,92,138250
1.8866,0.2346,38.46,95,92,138253
1.8426,0.2297,38.65,95,92,138257
1.8328,0.2346,38.62,95,92,138260
1.8475,0.2346,38.58,95,92,138263
1.8280,0.2688,38.62,95,92,138266
1.8671,0.2395,38.40,95,92,138270
1.8035,0.2297,38.68,95,92,138273
1.7889,0.2346,38.62,95,92,138276
1.8035,0.2395,38.52,95,92,138280
1.7693,0.2346,38.58,95,92,138285
1.7644,0.2297,38.55,95,92,138289
1.8133,0.2395,38.40,95,92,138292
1.7937,0.2395,38.52,95,92,138295
1.8084,0.2297,38.49,95,92,138299
1.8377,0.2346,38.58,95,92,138302
1.8280,0.2297,38.58,95,92,138305
1.8573,0.2444,38.43,95,92,138309
1.8426,0.2346,38.55,95,92,138312
1.8426,0.2346,38.43,95,92,138315
1.8426,0.2346,38.62,95,92,138318
1.8133,0.2297,38.46,95,92,138322
1.8231,0.2346,38.52,95,92,138326
1.8133,0.2346,38.62,95,92,138329
1.8377,0.2395,38.52,95,92,138333
1.8084,0.2297,38.62,95,92,138336
1.8182,0.2297,38.05,95,92,138339
1.8475,0.2444,38.46,95,92,138343
1.8231,0.2297,38.62,95,92,138346
1.8573,0.2395,38.36,95,92,138349
1.8328,0.2346,38.49,95,92,138353
1.8328,0.2297,38.62,95,92,138356
1.8573,0.2346,38.68,95,92,138359
1.8377,0.2297,38.62,95,92,138362
1.8768,0.2444,38.36,95,92,138366
1.8475,0.2346,38.52,95,92,138370
1.8426,0.2297,38.62,95,92,138373
1.8573,0.2590,38.55,95,92,138377
1.8866,0.2346,38.62,95,92,138380
1.9110,0.2493,38.24,95,92,138383
1.8964,0.2395,38.55,95,92,138387
1.8817,0.2297,38.65,95,92,138390
1.8866,0.2346,38.58,95,92,138393
1.8866,0.2346,38.62,95,92,138397
1.9404,0.2493,38.49,95,92,138400
1.9257,0.2346,38.58,95,92,138403
1.9404,0.2395,38.49,95,92,138406
1.9257,0.2395,38.58,95,92,138411
1.9404,0.2346,38.58,95,92,138414
1.9355,0.2444,38.43,95,92,138417
1.8817,0.2346,38.62,95,92,138421
1.8719,0.2395,38.46,95,92,138424
1.8133,0.2297,38.58,95,92,138427
1.7889,0.2297,38.68,95,92,138431
1.7937,0.2297,38.49,95,92,138434
1.7693,0.2297,38.81,95,92,138437
1.7889,0.2346,38.46,95,92,138441
1.7595,0.2346,38.55,95,92,138444
1.7498,0.2297,38.65,95,92,138447
1.7546,0.2395,38.49,95,92,138450
1.7204,0.2346,38.58,95,92,138455
1.7449,0.2297,38.36,95,92,138458
1.7058,0.2590,38.62,95,92,138461
1.7058,0.2346,38.62,95,92,138465
1.7204,0.2297,38.55,95,92,138468
1.7107,0.2297,38.58,95,92,138471
1.7693,0.2444,38.30,95,92,138475
1.7400,0.2395,38.49,95,92,138478
1.7302,0.2395,38.62,95,92,138481
1.7351,0.2395,38.58,95,92,138484
1.7400,0.2346,38.65,95,92,138488
1.7986,0.2542,38.40,95,92,138491
1.7742,0.2297,38.49,95,92,138494
1.7742,0.2297,38.62,95,92,138499
1.7840,0.2395,38.58,95,92,138502
1.7986,0.2346,38.62,95,92,138505
1.8622,0.2444,38.43,95,92,138509
1.8671,0.2444,38.55,95,92,138512
1.9208,0.2346,38.40,95,92,138515
1.9599,0.2346,38.71,95,92,138518
2.0479,0.2395,38.62,95,92,138522
2.1945,0.2395,38.55,95,92,138525
2.3412,0.2346,38.62,95,92,138528
2.5806,0.2395,38.46,95,92,138532
2.7810,0.2346,38.74,95,92,138535
3.0254,0.2493,38.65,95,92,138539
3.2649,0.2444,38.49,95,92,138543
3.2942,0.2346,38.62,95,92,138546
3.2307,0.2395,38.43,95,92,138549
2.9570,0.2346,38.49,95,92,138553
2.6295,0.2346,38.58,95,92,138556
2.3509,0.2444,38.46,95,92,138559
2.0674,0.2395,38.58,95,92,138562
1.8866,0.2395,38.36,95,92,138566
1.6813,0.2395,38.58,95,92,138569
1.5445,0.2346,38.62,95,92,138572
1.4663,0.2395,38.55,95,92,138576
1.3930,0.2297,38.62,95,92,138579
1.4321,0.2395,38.43,95,92,138583
1.3490,0.2346,38.55,95,92,138587
1.3490,0.2395,38.62,95,92,138590
1.3685,0.2297,38.65,95,92,138593
1.3881,0.2395,38.58,95,92,138597
1.4516,0.2297,38.43,95,92,138600
1.4321,0.2395,38.58,95,92,138603
1.4712,0.2346,38.52,95,92,138606
1.4516,0.2346,38.58,95,92,138610
1.4663,0.2346,38.62,95,92,138613
1.5152,0.2444,38.43,95,92,138616
1.5103,0.2346,38.55,95,92,138620
1.5347,0.2297,38.46,95,92,138624
1.5249,0.2346,38.62,95,92,138627
1.5298,0.2395,38.62,95,92,138631
1.5591,0.2444,38.52,95,92,138634
1.5494,0.2346,38.58,95,92,138637
1.5787,0.2395,38.46,95,92,138641
1.5640,0.2395,38.58,95,92,138644
1.5689,0.2346,38.62,95,92,138647
1.5787,0.2346,38.52,95,92,138650
1.5689,0.2297,38.52,95,92,138654
1.5934,0.2542,38.40,95,92,138657
1.5738,0.2346,38.62,95,92,138660
1.5787,0.2346,38.62,95,92,138664
1.6031,0.2395,38.55,95,92,138668
1.5934,0.2444,38.58,95,92,138671
1.6520,0.2395,38.33,95,92,138675
1.6325,0.2395,38.68,95,92,138678
1.6276,0.2346,38.65,95,92,138681
1.6422,0.2395,38.55,95,92,138685
1.6373,0.2395,38.62,95,92,138688
1.6911,0.2542,38.33,95,92,138691
1.6569,0.2395,38.49,95,92,138695
1.6618,0.2297,38.55,95,92,138698
1.6667,0.2346,38.58,95,92,138701
1.6716,0.2346,38.68,95,92,138704
1.6960,0.2444,38.46,95,92,138708
1.6716,0.2346,38.58,95,92,138712
1.6813,0.2297,38.49,95,92,138715
1.6667,0.2346,38.58,95,92,138719
1.6764,0.2346,38.62,95,92,138722
1.6862,0.2395,38.58,95,92,138725
1.6716,0.2395,38.62,95,92,138729
1.7009,0.2395,38.46,95,92,138732
1.6764,0.2346,38.62,95,92,138735
1.7107,0.2346,38.62,95,92,138739
1.7204,0.2444,38.46,95,92,138742
1.7058,0.2346,38.58,95,92,138745
1.7204,0.2346,38.43,95,92,138748
1.7058,0.2346,38.43,95,92,138753
1.7058,0.2346,38.65,95,92,138756
1.7351,0.2444,38.49,95,92,138759
1.7155,0.2346,38.58,95,92,138763
1.7498,0.2346,38.43,95,92,138766
1.7253,0.2395,38.49,95,92,138769
1.7204,0.2395,38.68,95,92,138773
1.7351,0.2395,38.55,95,92,138776
1.7253,0.2346,38.58,95,92,138779
1.7840,0.2493,38.30,95,92,138782
1.7449,0.2346,38.58,95,92,138786
1.7498,0.2297,38.58,95,92,138789
1.7791,0.2395,38.58,95,92,138792
1.7644,0.2346,38.58,95,92,138797
1.8280,0.2590,38.43,95,92,138800
1.8035,0.2395,38.55,95,92,138803
1.8035,0.2346,38.71,95,92,138807
1.7986,0.2297,38.58,95,92,138810
1.8084,0.2297,38.65,95,92,138813
1.8524,0.2444,38.40,95,92,138817
1.8231,0.2297,38.55,95,92,138820
1.8377,0.2346,38.52,95,92,138823
1.8182,0.2444,38.62,95,92,138826
1.8231,0.2346,38.62,95,92,138830
1.8475,0.2444,38.52,95,92,138833
1.8280,0.2346,38.58,95,92,138836
1.8622,0.2444,38.49,95,92,138841
1.8280,0.2346,38.62,95,92,138844
1.8182,0.2346,38.62,95,92,138847
1.8328,0.2395,38.49,95,92,138851
1.8133,0.2395,38.58,95,92,138854
1.8573,0.2346,38.40,95,92,138857
1.7986,0.2346,38.58,95,92,138861
1.8182,0.2346,38.62,95,92,138864
1.8084,0.2444,38.52,95,92,138867
1.7791,0.2444,38.58,95,92,138870
1.8084,0.2444,38.36,95,92,138874
1.7840,0.2395,38.49,95,92,138877
1.7693,0.2444,38.62,95,92,138881
1.7791,0.2395,38.55,95,92,138885
1.7693,0.2444,38.62,95,92,138888
1.8524,0.2493,38.33,95,92,138891
1.7840,0.2444,38.49,95,92,138896
1.7644,0.2395,38.65,95,92,138899
1.7791,0.2395,38.46,95,92,138903
1.7595,0.2297,38.62,95,92,138906
1.7644,0.2395,38.68,95,92,138909
1.7742,0.2346,38.49,95,92,138913
1.7644,0.2297,38.58,95,92,138916
1.7889,0.2395,38.46,95,92,138919
1.7595,0.2346,38.62,95,92,138924
1.7595,0.2346,38.62,95,92,138927
1.7840,0.2444,38.49,95,92,138930
1.7644,0.2346,38.68,95,92,138933
1.7937,0.2346,38.43,95,92,138937
1.7840,0.2297,38.49,95,92,138940
1.7742,0.2346,38.58,95,92,138943
1.7986,0.2444,38.58,95,92,138947
1.7791,0.2346,38.71,95,92,138950
1.8231,0.2395,38.33,95,92,138953
1.7937,0.2590,38.52,95,92,138957
1.7937,0.2493,38.62,95,92,138960
1.8084,0.2297,38.55,95,92,138963
1.8084,0.2346,38.21,95,92,138968
1.8622,0.2884,38.36,95,92,138971
1.8231,0.2395,38.55,95,92,138974
1.8182,0.2346,38.52,95,92,138977
1.8231,0.2395,38.62,95,92,138981
1.8182,0.2346,38.58,95,92,138984
1.8622,0.2493,38.49,95,92,138987
1.8426,0.2395,38.52,95,92,138991
1.8573,0.2444,38.55,95,92,138994
1.8524,0.2493,38.62,95,92,138997
1.8964,0.2346,38.62,95,92,139001
1.9062,0.2444,38.43,95,92,139004
1.9159,0.2395,38.55,95,92,139008
1.9306,0.2444,38.49,95,92,139012
1.9159,0.2346,38.55,95,92,139015
1.9306,0.2346,38.62,95,92,139018
1.9501,0.2493,38.55,95,92,139022
1.9550,0.2346,38.58,95,92,139025
1.9990,0.2297,38.43,95,92,139028
1.9844,0.2346,38.52,95,92,139031
1.9844,0.2346,38.62,95,92,139035
1.9990,0.2444,38.74,95,92,139038
1.9648,0.2297,38.62,95,92,139041
1.9892,0.2395,38.33,95,92,139045
1.9110,0.2346,38.55,95,92,139048
1.8719,0.2346,38.62,95,92,139052
1.8573,0.2395,38.46,95,92,139056
1.8231,0.2346,38.62,95,92,139059
1.8622,0.2493,38.30,95,92,139062
1.8182,0.2639,38.43,95,92,139066
1.7937,0.2346,38.58,95,92,139069
1.7791,0.2395,38.58,95,92,139072
1.7644,0.2346,38.65,95,92,139075
1.8035,0.2493,38.43,95,92,139079
1.7644,0.2444,38.52,95,92,139082
1.7546,0.2346,38.49,95,92,139085
1.7400,0.2346,38.65,95,92,139089
1.7400,0.2346,38.62,95,92,139092
1.7742,0.2444,38.49,95,92,139096
1.7644,0.2395,38.58,95,92,139100
1.7937,0.2444,38.43,95,92,139103
1.7840,0.2346,38.62,95,92,139106
1.7937,0.2346,38.62,95,92,139110
1.8084,0.2297,38.52,95,92,139113
1.7986,0.2346,38.68,95,92,139116
1.8182,0.2395,38.49,95,92,139119
1.7840,0.2346,37.96,95,92,139123
1.7840,0.2346,38.49,95,92,139126
1.8328,0.2395,38.49,95,92,139129
1.8084,0.2346,38.58,95,92,139133
1.8671,0.2688,38.40,95,92,139137
1.8915,0.2346,38.49,95,92,139140
1.9404,0.2346,38.58,95,92,139144
2.0479,0.2444,38.49,95,92,139147
2.1457,0.2346,38.58,95,92,139150
2.3460,0.2444,38.33,95,92,139153
2.4976,0.2688,38.46,95,92,139157
2.7126,0.2346,38.62,95,92,139160
2.9619,0.2395,38.55,95,92,139163
3.1378,0.2542,38.68,95,92,139167
3.3089,0.2493,38.33,95,92,139170
3.1378,0.2395,38.49,95,92,139173
2.8935,0.2248,38.55,95,92,139177
2.5806,0.2346,38.58,95,92,139181
2.2776,0.2346,38.58,95,92,139184
2.0821,0.2493,38.46,95,92,139188
1.8328,0.2395,38.58,95,92,139191
1.6667,0.2346,38.49,95,92,139194
1.5200,0.2395,38.68,95,92,139197
1.4467,0.2346,38.55,95,92,139201
1.4223,0.2395,38.43,95,92,139204
1.3734,0.2395,38.65,95,92,139207
1.3685,0.2688,38.49,95,92,139211
1.3539,0.2346,38.62,95,92,139214
1.3636,0.2346,38.71,95,92,139217
1.4076,0.2444,38.49,95,92,139222
1.4076,0.2297,38.58,95,92,139225
1.4418,0.2346,38.49,95,92,139228
1.4272,0.2444,38.55,95,92,139231
1.4467,0.2297,38.62,95,92,139235
1.4712,0.2395,38.49,95,92,139238
1.4761,0.2346,38.62,95,92,139241
1.5200,0.2395,38.43,95,92,139245
1.5005,0.2395,38.62,95,92,139248
1.5103,0.2297,38.62,95,92,139251
1.5347,0.2444,38.55,95,92,139255
1.5249,0.2346,38.62,95,92,139258
1.5787,0.2444,38.40,95,92,139261
1.5591,0.2444,38.55,95,92,139266
1.5543,0.2297,38.62,95,92,139269
1.5591,0.2346,38.58,95,92,139272
1.5591,0.2297,38.58,95,92,139276
1.6080,0.2493,38.43,95,92,139279
1.5689,0.2395,38.49,95,92,139282
1.5689,0.2297,38.52,95,92,139285
1.5640,0.2346,38.62,95,92,139289
1.5934,0.2346,38.58,95,92,139292
1.6031,0.2444,38.46,95,92,139295
1.5836,0.2395,38.55,95,92,139299
1.6227,0.2395,38.46,95,92,139302
1.5934,0.2346,38.68,95,92,139305
1.6227,0.2395,38.62,95,92,139310
1.6276,0.2444,38.58,95,92,139313
1.6178,0.2346,38.55,95,92,139316
1.6471,0.2542,38.52,95,92,139319
1.6325,0.2346,38.68,95,92,139323
1.6373,0.2542,38.62,95,92,139326
1.6618,0.2395,38.49,95,92,139329
1.6373,0.2395,38.68,95,92,139333
1.6667,0.2395,38.40,95,92,139336
1.6471,0.2346,38.46,95,92,139339
1.6520,0.2444,38.65,95,92,139343
1.6764,0.2444,38.49,95,92,139346
1.6667,0.2346,38.62,95,92,139350
1.7107,0.2395,38.33,95,92,139354
1.6862,0.2346,38.49,95,92,139357
1.6764,0.2248,38.58,95,92,139360
1.6911,0.2395,38.55,95,92,139363
1.6813,0.2346,38.62,95,92,139367
1.7302,0.2444,38.30,95,92,139370
1.6911,0.2395,38.52,95,92,139373
1.6862,0.2346,38.65,95,92,139377
1.6862,0.2395,38.58,95,92,139380
1.6813,0.2346,38.62,95,92,139383
1.7400,0.2493,38.24,95,92,139387
1.6813,0.2395,38.55,95,92,139390
1.6764,0.2346,38.49,95,92,139394
1.6667,0.2297,38.62,95,92,139398
1.6618,0.2346,38.58,95,92,139401
1.6960,0.2395,38.43,95,92,139404
1.6764,0.2395,38.77,95,92,139408
1.6960,0.2395,38.43,95,92,139411
1.6716,0.2395,38.62,95,92,139414
1.6813,0.2346,38.68,95,92,139417
1.7204,0.2395,38.49,95,92,139421
1.7107,0.2297,38.62,95,92,139424
1.7498,0.2346,38.46,95,92,139427
1.7351,0.2444,38.58,95,92,139431
1.7351,0.2346,38.58,95,92,139435
1.7840,0.2395,38.49,95,92,139438
1.7546,0.2346,38.68,95,92,139442
1.7986,0.2542,38.36,95,92,139445
1.7742,0.2346,38.58,95,92,139448
1.7742,0.2346,38.58,95,92,139452
1.7889,0.2444,38.55,95,92,139455
1.7595,0.2346,38.65,95,92,139458
1.8035,0.2542,38.33,95,92,139461
1.7791,0.2395,38.52,95,92,139465
1.7644,0.2346,38.62,95,92,139468
1.7742,0.2395,38.58,95,92,139471
1.7644,0.2346,38.58,95,92,139475
1.8182,0.2542,38.36,95,92,139479
1.7840,0.2444,38.52,95,92,139482
1.7742,0.2346,38.55,95,92,139486
1.7693,0.2346,38.58,95,92,139489
1.7498,0.2297,38.62,95,92,139492
1.7693,0.2444,38.49,95,92,139496
1.7400,0.2395,38.55,95,92,139499
1.7498,0.2395,38.52,95,92,139502
1.7351,0.2444,38.62,95,92,139505
1.7400,0.2346,38.58,95,92,139510
1.7449,0.2346,38.58,95,92,139513
1.7595,0.2297,38.46,95,92,139517
1.7253,0.2346,38.58,95,92,139521
1.7498,0.2444,38.43,95,92,139524
1.7351,0.2444,38.52,95,92,139528
1.7595,0.2346,38.62,95,92,139531
1.7498,0.2444,38.55,95,92,139534
1.7400,0.2346,38.65,95,92,139538
1.7840,0.2493,38.30,95,92,139541
1.7351,0.2444,38.49,95,92,139544
1.7204,0.2346,38.58,95,92,139548
1.7204,0.2395,38.58,95,92,139551
1.7155,0.2346,38.58,95,92,139554
1.8084,0.2542,38.43,95,92,139557
1.7546,0.2444,38.46,95,92,139561
1.7595,0.2297,38.52,95,92,139565
1.7644,0.2395,38.55,95,92,139568
1.7595,0.2346,38.62,95,92,139572
1.7840,0.2493,38.49,95,92,139575
1.7644,0.2395,38.49,95,92,139578
1.7742,0.2346,38.46,95,92,139582
1.7644,0.2395,38.65,95,92,139585
1.7693,0.2346,38.62,95,92,139588
1.8084,0.2444,38.49,95,92,139592
1.7986,0.2395,38.58,95,92,139595
1.8328,0.2395,38.49,95,92,139598
1.8035,0.2346,38.58,95,92,139601
1.8084,0.2346,38.62,95,92,139606
1.8231,0.2444,38.55,95,92,139609
1.8084,0.2346,38.58,95,92,139612
1.8426,0.2395,38.52,95,92,139616
1.8182,0.2395,38.52,95,92,139619
1.8280,0.2297,38.62,95,92,139622
1.8475,0.2493,38.55,95,92,139626
1.8475,0.2346,38.62,95,92,139629
1.8915,0.2444,38.33,95,92,139632
1.8622,0.2346,38.55,95,92,139636
1.8768,0.2346,38.71,95,92,139639
1.9159,0.2395,38.58,95,92,139642
1.9110,0.2346,38.68,95,92,139645
1.9892,0.2542,38.33,95,92,139650
1.9795,0.2297,38.49,95,92,139653
1.9697,0.2346,38.58,95,92,139656
1.9746,0.2395,38.62,95,92,139660
1.9697,0.2346,38.62,95,92,139663
2.0088,0.2786,38.40,95,92,139666
1.9550,0.2395,38.52,95,92,139670
1.9404,0.2297,38.52,95,92,139673
1.9013,0.2395,38.58,95,92,139676
1.8768,0.2444,38.62,95,92,139680
1.8719,0.2444,38.46,95,92,139683
1.8426,0.2395,38.58,95,92,139686
1.8182,0.2395,38.46,95,92,139689
1.7791,0.2639,38.62,95,92,139694
1.7644,0.2346,38.58,95,92,139697
1.7742,0.2395,38.49,95,92,139700
1.7595,0.2395,38.58,95,92,139704
1.7840,0.2297,38.46,95,92,139707
1.7351,0.2297,38.62,95,92,139710
1.7302,0.2346,38.58,95,92,139714
1.7449,0.2444,38.46,95,92,139717
1.7302,0.2346,38.58,95,92,139720
1.7693,0.2395,38.36,95,92,139724
1.7546,0.2444,38.49,95,92,139727
1.7400,0.2346,38.58,95,92,139730
1.7449,0.2444,38.52,95,92,139734
1.7204,0.2346,38.62,95,92,139738
1.7644,0.2493,38.36,95,92,139741
1.7253,0.2346,38.55,95,92,139744
1.7253,0.2346,38.62,95,92,139748
1.7400,0.2444,38.55,95,92,139751
1.7595,0.2395,38.58,95,92,139754
1.8328,0.2590,38.40,95,92,139758
1.8084,0.2737,38.52,95,92,139761
1.8328,0.2346,38.52,95,92,139764
1.8817,0.2297,38.62,95,92,139768
1.9501,0.2395,38.58,95,92,139771
2.1163,0.2493,38.49,95,92,139774
2.2581,0.2346,38.62,95,92,139778
2.4829,0.2346,38.49,95,92,139782
2.7077,0.2395,38.55,95,92,139785
2.9521,0.2346,38.68,95,92,139788
3.2014,0.2493,38.46,95,92,139792
3.2405,0.2444,38.58,95,92,139795
3.2160,0.2444,38.55,95,92,139798
2.9570,0.2297,38.58,95,92,139802
2.6540,0.2346,38.52,95,92,139805
2.3754,0.2444,38.52,95,92,139808
2.0870,0.2346,38.68,95,92,139812
1.8817,0.2346,38.49,95,92,139815
1.6667,0.2395,38.52,95,92,139819
1.5249,0.2297,38.62,95,92,139822
1.4516,0.2444,38.52,95,92,139826
1.3930,0.2346,38.62,95,92,139829
1.4076,0.2444,38.40,95,92,139832
1.3734,0.2346,38.55,95,92,139836
1.3832,0.2297,38.62,95,92,139839
1.4076,0.2688,38.55,95,92,139842
1.4321,0.2395,38.62,95,92,139846
1.5005,0.2493,38.27,95,92,139849
1.4907,0.2884,38.55,95,92,139852
1.4907,0.2346,38.58,95,92,139856
1.5005,0.2493,38.62,95,92,139859
1.5054,0.2493,38.62,95,92,139863
1.5689,0.2493,38.43,95,92,139866
1.5591,0.2590,38.55,95,92,139870
1.5738,0.2444,38.52,95,92,139873
1.5982,0.2395,38.62,95,92,139876
1.6080,0.2346,38.58,95,92,139880
1.6471,0.2395,38.46,95,92,139883
1.6227,0.2395,38.55,95,92,139886
1.6667,0.2395,38.49,95,92,139890
1.6569,0.2395,38.62,95,92,139893
1.6813,0.2395,38.65,95,92,139896
1.7107,0.2297,38.52,95,92,139900
1.6960,0.2395,38.65,95,92,139904
1.7155,0.2542,38.46,95,92,139907
1.6813,0.2346,38.55,95,92,139910
1.6862,0.2346,38.68,95,92,139914
1.7058,0.2444,38.49,95,92,139917
1.6911,0.2395,38.62,95,92,139920
1.7253,0.2395,38.36,95,92,139924
1.7107,0.2395,38.46,95,92,139927
1.7351,0.2395,38.68,95,92,139930
1.7595,0.2444,38.62,95,92,139934
1.7449,0.2444,38.58,95,92,139937
1.8280,0.2444,38.33,95,92,139940
1.7595,0.2395,38.46,95,92,139944
1.7498,0.2346,38.62,95,92,139948
1.7498,0.2395,38.58,95,92,139951
1.7351,0.2346,38.62,95,92,139954
1.7889,0.2639,38.36,95,92,139958
1.7595,0.2395,38.58,95,92,139961
1.7498,0.2346,38.52,95,92,139964
1.7351,0.2444,38.58,95,92,139968
1.7302,0.2346,38.46,95,92,139971
1.7644,0.2493,38.46,95,92,139974
1.7351,0.2395,38.58,95,92,139978
1.7498,0.2395,38.49,95,92,139981
1.7302,0.2395,38.58,95,92,139984
1.7302,0.2346,38.46,95,92,139988
1.7693,0.2444,38.43,95,92,139992
1.7351,0.2395,38.65,95,92,139995
1.7449,0.2737,38.49,95,92,139998
1.7155,0.2346,38.58,95,92,140002
1.7155,0.2346,38.71,95,92,140005
1.7498,0.2444,38.49,95,92,140008
1.7400,0.2346,38.65,95,92,140012
1.7546,0.2395,38.40,95,92,140015
1.7253,0.2346,38.55,95,92,140018
1.7253,0.2346,38.58,95,92,140022
1.7498,0.2444,38.49,95,92,140025
1.7351,0.2346,38.71,95,92,140028
1.7693,0.2395,38.36,95,92,140033
1.7302,0.2346,38.55,95,92,140036
1.7351,0.2346,38.65,95,92,140039
1.7644,0.2444,38.68,95,92,140042
1.7400,0.2346,38.58,95,92,140046
1.8133,0.2786,38.30,95,92,140049
1.8280,0.2444,38.52,95,92,140052
1.8328,0.2297,38.58,95,92,140056
1.8524,0.2395,38.58,95,92,140059
1.8475,0.2346,38.62,95,92,140062
1.9013,0.2542,38.40,95,92,140066
1.8719,0.2444,38.52,95,92,140069
1.8964,0.2346,38.52,95,92,140072
1.9062,0.2639,38.58,95,92,140077
1.9062,0.2346,38.65,95,92,140080
1.9159,0.2444,38.52,95,92,140083
1.8915,0.2493,38.55,95,92,140086
1.9159,0.2395,38.58,95,92,140090
1.8866,0.2297,38.62,95,92,140093
1.8915,0.2297,38.62,95,92,140096
1.9208,0.2395,38.49,95,92,140100
1.9208,0.2395,38.62,95,92,140103
1.9501,0.2395,38.49,95,92,140106
1.9453,0.2346,38.58,95,92,140110
1.9110,0.2297,38.58,95,92,140113
1.9208,0.2444,38.49,95,92,140116
1.8915,0.2395,38.46,95,92,140122
1.8866,0.2346,38.58,95,92,140125
1.9453,0.2493,38.30,95,92,140129
1.8915,0.2444,38.46,95,92,140132
1.8671,0.2346,38.58,95,92,140135
1.8524,0.2737,38.58,95,92,140139
1.8426,0.2346,38.62,95,92,140142
1.8768,0.2542,38.43,95,92,140145
1.8377,0.2395,38.62,95,92,140148
1.8426,0.2346,38.49,95,92,140152
1.8328,0.2395,38.62,95,92,140155
1.8328,0.2297,38.65,95,92,140158
1.8524,0.2493,38.52,95,92,140163
1.8377,0.2395,38.58,95,92,140166
1.8524,0.2297,38.46,95,92,140169
1.8231,0.2297,38.58,95,92,140173
1.8182,0.2297,38.58,95,92,140176
1.8426,0.2444,38.58,95,92,140179
1.8182,0.2395,38.62,95,92,140183
1.8475,0.2395,38.55,95,92,140186
1.8280,0.2395,38.52,95,92,140189
1.8377,0.2346,38.58,95,92,140192
1.8475,0.2444,38.46,95,92,140196
1.8328,0.2395,38.58,95,92,140199
1.8866,0.2395,38.40,95,92,140203
1.8328,0.2346,38.55,95,92,140207
1.8231,0.2346,38.58,95,92,140210
1.8280,0.2395,38.49,95,92,140213
1.8231,0.2346,38.62,95,92,140217
1.8719,0.2542,38.30,95,92,140220
1.8377,0.2346,38.55,95,92,140223
1.8377,0.2346,38.62,95,92,140227
1.8671,0.2395,38.58,95,92,140230
1.8524,0.2346,38.05,95,92,140233
1.9257,0.2884,38.36,95,92,140236
1.9013,0.2444,38.52,95,92,140240
1.8964,0.2346,37.77,95,92,140243
1.9013,0.2395,38.58,95,92,140247
1.8915,0.2346,38.62,95,92,140251
1.9257,0.2542,38.40,95,92,140254
1.9062,0.2395,38.58,95,92,140257
1.9208,0.2444,38.46,95,92,140261
1.9501,0.2346,38.62,95,92,140264
1.9355,0.2346,38.65,95,92,140267
1.9844,0.2395,38.52,95,92,140271
1.9795,0.2395,38.58,95,92,140274
2.0088,0.2444,38.49,95,92,140277
1.9599,0.2346,37.93,95,92,140280
1.9404,0.2639,38.58,95,92,140284
1.9355,0.2395,38.52,95,92,140288
1.9062,0.2395,38.68,95,92,140291
1.9062,0.2639,38.46,95,92,140295
1.8524,0.2346,38.62,95,92,140298
1.8280,0.2346,38.58,95,92,140301
1.8182,0.2444,38.49,95,92,140305
1.7840,0.2395,38.62,95,92,140308
1.8377,0.2444,38.36,95,92,140311
1.7840,0.2444,38.49,95,92,140314
1.7742,0.2346,38.62,95,92,140318
1.7840,0.2444,38.55,95,92,140321
1.7595,0.2346,38.68,95,92,140324
1.7986,0.2542,38.30,95,92,140328
1.7644,0.2395,38.49,95,92,140332
1.7498,0.2444,38.62,95,92,140335
1.7498,0.2395,38.62,95,92,140339
1.7302,0.2346,38.62,95,92,140342
1.7742,0.2590,38.40,95,92,140345
1.7498,0.2395,38.55,95,92,140349
1.7204,0.2297,38.08,95,92,140352
1.7107,0.2395,38.71,95,92,140355
1.7058,0.2297,38.58,95,92,140358
1.7351,0.2493,38.46,95,92,140362
1.7107,0.2444,38.58,95,92,140365
1.7204,0.2297,38.52,95,92,140368
1.7058,0.2395,38.62,95,92,140372
1.7400,0.2346,38.62,95,92,140376
1.7693,0.2493,38.46,95,92,140379
1.7742,0.2444,38.58,95,92,140383
1.8475,0.2493,38.49,95,92,140386
1.8964,0.2346,38.58,95,92,140389
2.0235,0.2346,38.58,95,92,140393
2.2141,0.2444,38.49,95,92,140396
2.4047,0.2395,38.52,95,92,140399
2.6833,0.2444,38.40,95,92,140402
2.9130,0.2346,38.52,95,92,140406
3.1329,0.2346,38.58,95,92,140409
3.2845,0.2444,38.52,95,92,140412
3.2111,0.2346,38.55,95,92,140417
3.0547,0.2542,38.33,95,92,140420
2.6637,0.2297,38.55,95,92,140423
2.3314,0.2346,38.68,95,92,140427
2.0479,0.2395,38.58,95,92,140430
1.7889,0.2346,38.58,95,92,140433
1.6764,0.2542,38.36,95,92,140437
1.4614,0.2395,38.68,95,92,140440
1.3587,0.2346,38.55,95,92,140443
1.3050,0.2346,38.77,95,92,140446
1.2708,0.2395,38.62,95,92,140450
1.2903,0.2493,38.40,95,92,140453
1.2708,0.2444,38.58,95,92,140456
1.2903,0.2493,38.49,95,92,140461
1.3148,0.2395,38.62,95,92,140464
1.3392,0.2346,38.68,95,92,140467
1.3783,0.2444,38.49,95,92,140471
1.3685,0.2297,38.58,95,92,140474
1.3978,0.2395,38.49,95,92,140477
1.4223,0.2395,38.58,95,92,140481
1.4027,0.2346,38.81,95,92,140484
1.4370,0.2395,38.52,95,92,140487
1.4418,0.2297,38.62,95,92,140490
1.4809,0.2395,38.40,95,92,140494
1.4712,0.2395,38.62,95,92,140497
1.4907,0.2346,38.52,95,92,140500
1.5152,0.2444,38.52,95,92,140505
1.5005,0.2346,38.65,95,92,140508
1.5298,0.2444,38.40,95,92,140511
1.5054,0.2395,38.52,95,92,140515
1.5005,0.2346,38.65,95,92,140518
1.5200,0.2444,38.55,95,92,140521
1.5152,0.2297,38.62,95,92,140525
1.5640,0.2444,37.56,95,92,140528
1.5640,0.2395,38.49,95,92,140531
1.5396,0.2297,38.62,95,92,140534
1.5494,0.2395,38.62,95,92,140538
1.5787,0.2346,38.62,95,92,140541
1.6080,0.2590,38.36,95,92,140545
1.5836,0.2688,38.68,95,92,140549
1.5885,0.2346,38.52,95,92,140552
1.5885,0.2395,38.71,95,92,140555
1.5836,0.2346,38.62,95,92,140559
1.6227,0.2493,38.49,95,92,140562
1.5982,0.2444,38.58,95,92,140565
1.6129,0.2297,38.46,95,92,140569
1.6031,0.2444,38.62,95,92,140572
1.6227,0.2297,38.62,95,92,140575
1.6667,0.2493,38.46,95,92,140578
1.6569,0.2395,38.62,95,92,140582
1.6813,0.2444,38.49,95,92,140585
1.6618,0.2346,38.55,95,92,140589
1.6569,0.2346,38.68,95,92,140593
1.6813,0.2297,38.49,95,92,140596
1.6569,0.2395,38.62,95,92,140599
1.6813,0.2395,38.40,95,92,140603
1.6716,0.2346,38.55,95,92,140606
1.6667,0.2346,38.65,95,92,140609
1.6813,0.2737,38.55,95,92,140613
1.6716,0.2297,38.58,95,92,140616
1.7204,0.2444,38.33,95,92,140619
1.6813,0.2346,38.55,95,92,140623
1.6862,0.2297,38.58,95,92,140626
1.6862,0.2395,38.58,95,92,140630
1.6862,0.2346,38.58,95,92,140633
1.7302,0.2639,38.43,95,92,140637
1.6911,0.2395,38.52,95,92,140640
1.6813,0.2346,38.52,95,92,140643
1.6813,0.2297,38.58,95,92,140647
1.6716,0.2346,37.87,95,92,140650
1.7058,0.2542,38.43,95,92,140653
1.6862,0.2444,38.55,95,92,140657
1.6960,0.2444,38.52,95,92,140660
1.6960,0.2297,38.58,95,92,140663
1.7009,0.2297,38.62,95,92,140667
1.7351,0.2542,38.49,95,92,140670
1.7204,0.2395,38.58,95,92,140674
1.7595,0.2395,38.68,95,92,140677
1.7400,0.2444,38.65,95,92,140681
1.7498,0.2297,38.62,95,92,140684
1.7595,0.2395,38.52,95,92,140687
1.7498,0.2297,38.58,95,92,140691
1.7742,0.2297,38.46,95,92,140694
1.7449,0.2297,38.68,95,92,140697
1.7498,0.2346,38.62,95,92,140701
1.7644,0.2444,38.40,95,92,140704
1.7742,0.2395,38.62,95,92,140707
1.7840,0.2444,38.36,95,92,140711
1.7644,0.2395,38.49,95,92,140715
1.7840,0.2346,38.62,95,92,140718
1.7840,0.2346,38.52,95,92,140721
1.7644,0.2493,38.62,95,92,140725
1.8084,0.2493,38.30,95,92,140728
1.7840,0.2444,38.46,95,92,140733
1.7546,0.2395,38.52,95,92,140736
1.7889,0.2444,38.49,95,92,140739
1.7351,0.2395,38.58,95,92,140743
1.7351,0.2346,38.58,95,92,140746
1.7595,0.2297,38.55,95,92,140749
1.7351,0.2395,38.77,95,92,140753
1.7449,0.2444,38.46,95,92,140756
1.7155,0.2395,38.55,95,92,140760
1.7009,0.2297,38.68,95,92,140764
1.7204,0.2444,38.49,95,92,140767
1.6911,0.2542,38.62,95,92,140770
1.7204,0.2395,38.43,95,92,140773
1.6911,0.2346,38.62,95,92,140777
1.6862,0.2395,38.55,95,92,140780
1.6960,0.2493,38.52,95,92,140783
1.6862,0.2346,38.58,95,92,140787
1.7302,0.2493,38.33,95,92,140790
1.6960,0.2395,38.46,95,92,140793
1.6862,0.2395,38.62,95,92,140797
1.6960,0.2395,38.55,95,92,140801
1.6960,0.2346,38.05,95,92,140804
1.7546,0.2493,38.27,95,92,140808
1.7253,0.2346,38.52,95,92,140811
1.7302,0.2297,38.58,95,92,140814
1.7449,0.2444,38.58,95,92,140817
1.7449,0.2346,38.71,95,92,140821
1.8035,0.2688,38.40,95,92,140824
1.7840,0.2444,38.52,95,92,140827
1.7693,0.2346,38.52,95,92,140831
1.7693,0.2346,38.58,95,92,140834
1.7742,0.2346,38.62,95,92,140837
1.8084,0.2444,38.40,95,92,140841
1.8035,0.2395,38.55,95,92,140845
1.7986,0.2297,38.49,95,92,140848
1.7742,0.2346,38.62,95,92,140852
1.7742,0.2346,38.58,95,92,140855
1.8035,0.2493,38.49,95,92,140858
1.7889,0.2395,38.58,95,92,140861
1.8280,0.2395,38.49,95,92,140865
1.7986,0.2395,38.71,95,92,140868
1.8035,0.2346,38.62,95,92,140871
1.8133,0.2395,38.49,95,92,140875
1.7986,0.2395,38.62,95,92,140878
1.8280,0.2395,38.52,95,92,140881
1.8084,0.2395,38.58,95,92,140886
1.8182,0.2346,38.62,95,92,140889
1.8426,0.2493,38.49,95,92,140892
1.8328,0.2395,38.62,95,92,140895
1.8817,0.2444,38.46,95,92,140899
1.8671,0.2737,38.49,95,92,140902
1.8719,0.2346,38.62,95,92,140905
1.8768,0.2493,38.52,95,92,140909
1.8866,0.2346,38.62,95,92,140912
1.8915,0.2493,38.33,95,92,140915
1.8280,0.2346,38.46,95,92,140919
1.7889,0.2346,38.58,95,92,140922
1.7693,0.2395,38.58,95,92,140925
1.7449,0.2395,38.62,95,92,140930
1.7840,0.2542,38.43,95,92,140933
1.7400,0.2493,38.58,95,92,140936
1.7351,0.2395,38.49,95,92,140939
1.7204,0.2297,38.58,95,92,140943
1.7107,0.2297,38.74,95,92,140946
1.7400,0.2493,38.52,95,92,140949
1.6960,0.2395,38.62,95,92,140953
1.7009,0.2444,38.46,95,92,140956
1.6667,0.2346,38.62,95,92,140959
1.6764,0.2346,38.74,95,92,140963
1.7009,0.2542,38.46,95,92,140966
1.6764,0.2395,38.62,95,92,140969
1.6960,0.2493,38.46,95,92,140974
1.6618,0.2346,38.55,95,92,140977
1.6667,0.2346,38.62,95,92,140980
1.7155,0.2395,38.46,95,92,140983
1.6764,0.2297,38.58,95,92,140987
1.7107,0.2395,38.40,95,92,140990
1.6960,0.2346,38.52,95,92,140993
1.6911,0.2346,38.62,95,92,140997
1.7155,0.2444,38.52,95,92,141000
1.7204,0.2346,38.62,95,92,141003
1.7889,0.2444,38.40,95,92,141007
1.7889,0.2346,38.58,95,92,141010
1.8573,0.2346,38.68,95,92,141014
1.9453,0.2395,37.96,95,92,141018
2.0626,0.2346,38.62,95,92,141021
2.2776,0.2590,38.33,95,92,141024
2.4389,0.2395,38.52,95,92,141027
2.6588,0.2346,38.55,95,92,141031
2.9130,0.2395,38.77,95,92,141034
3.1085,0.2395,38.62,95,92,141037
3.2845,0.2542,38.40,95,92,141041
3.1769,0.2444,38.68,95,92,141044
2.9619,0.2639,38.49,95,92,141047
2.6393,0.2395,38.65,95,92,141051
2.3363,0.2346,38.58,95,92,141054
2.1017,0.2444,38.49,95,92,141058
1.8573,0.2395,38.58,95,92,141061
1.6960,0.2297,38.46,95,92,141065
1.5396,0.2395,38.58,95,92,141068
1.4370,0.2346,38.62,95,92,141071
1.3832,0.2493,38.49,95,92,141075
1.3343,0.2346,38.65,95,92,141078
1.3392,0.2395,38.49,95,92,141081
1.3099,0.2395,38.58,95,92,141085
1.3441,0.2346,38.62,95,92,141088
1.3685,0.2444,38.49,95,92,141091
1.3978,0.2444,38.62,95,92,141095
1.4076,0.2444,38.36,95,92,141099
1.4027,0.2395,38.49,95,92,141102
1.4174,0.2346,38.68,95,92,141105
1.4565,0.2444,38.68,95,92,141109
1.4565,0.2297,38.65,95,92,141112
1.5445,0.2493,38.30,95,92,141115
1.4907,0.2395,38.49,95,92,141119
1.5054,0.2346,38.62,95,92,141122
1.5347,0.2395,38.58,95,92,141125
1.5396,0.2346,38.65,95,92,141129
1.5934,0.2542,38.36,95,92,141132
1.5591,0.2444,38.52,95,92,141135
1.5738,0.2346,38.52,95,92,141139
1.5689,0.2395,38.62,95,92,141143
1.5738,0.2346,38.62,95,92,141146
1.6129,0.2493,38.49,95,92,141149
1.5934,0.2639,38.58,95,92,141153
1.6178,0.2395,38.46,95,92,141156
1.6031,0.2395,38.58,95,92,141159
1.6129,0.2395,38.62,95,92,141163
1.6569,0.2493,38.43,95,92,141166
1.6471,0.2444,38.68,95,92,141169
1.6813,0.2395,38.49,95,92,141173
1.6667,0.2297,38.55,95,92,141176
1.6716,0.2346,38.62,95,92,141179
1.6911,0.2346,38.49,95,92,141184
1.6813,0.2395,38.65,95,92,141187
1.7107,0.2444,38.40,95,92,141190
1.6911,0.2297,38.55,95,92,141193
1.7009,0.2346,38.62,95,92,141197
1.7204,0.2395,38.52,95,92,141200
1.7155,0.2297,38.68,95,92,141203
1.7546,0.2444,38.27,95,92,141207
1.7204,0.2346,38.55,95,92,141210
1.7253,0.2346,38.68,95,92,141213
1.7595,0.2444,38.55,95,92,141217
1.7351,0.2346,38.62,95,92,141220
1.7840,0.2493,38.30,95,92,141223
1.7595,0.2444,38.52,95,92,141228
1.7449,0.2297,38.58,95,92,141231
1.7546,0.2493,38.58,95,92,141234
1.7546,0.2346,38.62,95,92,141237
1.8084,0.2542,38.40,95,92,141241
1.7791,0.2444,38.55,95,92,141244
1.7791,0.2346,38.52,95,92,141247
1.7693,0.2395,38.58,95,92,141251
1.7693,0.2346,38.58,95,92,141254
1.7986,0.2444,38.46,95,92,141257
1.7742,0.2444,38.62,95,92,141261
1.7937,0.2395,38.46,95,92,141264
1.7693,0.2346,38.62,95,92,141267
1.8084,0.2346,38.68,95,92,141272
1.7937,0.2395,38.55,95,92,141275
1.7889,0.2395,38.55,95,92,141278
1.8231,0.2395,38.55,95,92,141281
1.7986,0.2395,38.58,95,92,141285
1.8182,0.2346,38.62,95,92,141288
1.8377,0.2444,38.55,95,92,141291
1.8280,0.2346,38.58,95,92,141295
1.8622,0.2395,38.36,95,92,141298
1.8475,0.2639,38.55,95,92,141301
1.8426,0.2346,38.58,95,92,141305
1.8622,0.2884,38.62,95,92,141308
1.8768,0.2346,38.62,95,92,141312
1.9013,0.2493,38.33,95,92,141316
1.8622,0.2395,38.55,95,92,141319
1.8573,0.2346,38.62,95,92,141322
1.8573,0.2395,38.55,95,92,141325
1.8475,0.2395,38.62,95,92,141329
1.9062,0.2590,38.43,95,92,141332
1.8768,0.2444,38.52,95,92,141335
1.8719,0.2297,38.52,95,92,141339
1.8719,0.2444,38.58,95,92,141342
1.8524,0.2444,38.68,95,92,141347
1.8573,0.2297,38.62,95,92,141350
1.8817,0.2493,38.46,95,92,141353
1.8475,0.2395,38.58,95,92,141358
1.8671,0.2395,38.46,95,92,141361
1.8328,0.2346,38.52,95,92,141364
1.8231,0.2395,38.62,95,92,141368
1.8426,0.2493,38.49,95,92,141371
1.8231,0.2395,38.62,95,92,141374
1.8573,0.2542,38.36,95,92,141378
1.8231,0.2395,38.55,95,92,141381
1.8133,0.2639,38.62,95,92,141384
1.8231,0.2444,38.55,95,92,141388
1.8035,0.2346,38.84,95,92,141391
1.8524,0.2542,38.30,95,92,141394
1.8084,0.2395,38.49,95,92,141398
1.7986,0.2346,38.58,95,92,141402
1.7937,0.2395,38.58,95,92,141405
1.7840,0.2346,38.62,95,92,141408
1.8280,0.2542,38.46,95,92,141412
1.7986,0.2444,38.55,95,92,141415
1.7889,0.2346,38.46,95,92,141418
1.7791,0.2395,38.58,95,92,141422
1.7840,0.2346,38.65,95,92,141425
1.8182,0.2737,38.43,95,92,141428
1.7986,0.2395,38.58,95,92,141432
1.8182,0.2395,38.43,95,92,141435
1.7937,0.2346,38.62,95,92,141438
1.8035,0.2346,38.62,95,92,141442
1.8328,0.2444,38.55,95,92,141446
1.8182,0.2395,38.58,95,92,141449
1.8524,0.2346,38.46,95,92,141452
1.8328,0.2395,38.58,95,92,141456
1.8377,0.2346,38.58,95,92,141459
1.8622,0.2395,38.49,95,92,141462
1.8475,0.2395,38.65,95,92,141466
1.8768,0.2444,38.40,95,92,141469
1.8524,0.2395,38.68,95,92,141472
1.8622,0.2346,38.58,95,92,141475
1.9062,0.2444,38.52,95,92,141479
1.8719,0.2346,38.74,95,92,141483
1.9208,0.2444,38.33,95,92,141486
1.9013,0.2444,38.49,95,92,141490
1.8817,0.2346,38.71,95,92,141493
1.9062,0.2395,38.55,95,92,141496
1.8964,0.2346,38.62,95,92,141500
1.9550,0.2590,38.33,95,92,141503
1.9208,0.2395,38.52,95,92,141506
1.9208,0.2346,38.65,95,92,141510
1.9257,0.2493,38.55,95,92,141513
1.9306,0.2346,38.62,95,92,141516
1.9844,0.2493,37.77,95,92,141519
1.9697,0.2395,38.58,95,92,141523
1.9844,0.2395,38.49,95,92,141527
1.9746,0.2639,38.58,95,92,141530
1.9746,0.2297,38.68,95,92,141534
1.9941,0.2444,38.68,95,92,141537
1.9599,0.2395,38.58,95,92,141540
1.9550,0.2395,38.46,95,92,141544
1.9062,0.2297,38.58,95,92,141547
1.8768,0.2346,38.65,95,92,141550
1.8915,0.2493,38.49,95,92,141554
1.8377,0.2444,38.65,95,92,141557
1.8524,0.2395,38.46,95,92,141560
1.8182,0.2346,38.52,95,92,141563
1.8035,0.2346,38.58,95,92,141568
1.8133,0.2444,38.46,95,92,141571
1.7840,0.2395,38.58,95,92,141574
1.8182,0.2444,38.40,95,92,141578
1.7693,0.2395,38.55,95,92,141581
1.7546,0.2542,38.58,95,92,141584
1.7791,0.2395,38.55,95,92,141588
1.7546,0.2346,38.77,95,92,141591
1.8035,0.2688,38.30,95,92,141594
1.7546,0.2297,38.58,95,92,141598
1.7644,0.2346,38.62,95,92,141601
1.7937,0.2395,38.58,95,92,141604
1.7693,0.2395,38.58,95,92,141607
1.8133,0.2542,38.43,95,92,141612
1.7791,0.2297,38.52,95,92,141615
1.7742,0.2346,38.52,95,92,141618
1.7742,0.2395,38.58,95,92,141622
1.7693,0.2346,38.68,95,92,141625
1.8133,0.2444,38.40,95,92,141628
1.8133,0.2395,38.58,95,92,141632
1.8475,0.2493,38.49,95,92,141635
1.9013,0.2346,38.58,95,92,141638
1.9208,0.2297,38.62,95,92,141642
2.0283,0.2542,38.46,95,92,141645
2.1212,0.2395,38.58,95,92,141648
2.3069,0.2444,38.49,95,92,141651
2.4731,0.2395,38.71,95,92,141656
2.7077,0.2444,38.62,95,92,141659
2.9619,0.2395,38.52,95,92,141662
3.1378,0.2444,38.52,95,92,141666
3.2649,0.2444,38.43,95,92,141669
3.1525,0.2395,38.58,95,92,141672
2.9326,0.2346,38.62,95,92,141676
2.6588,0.2444,38.52,95,92,141679
2.3314,0.2395,38.58,95,92,141682
2.1163,0.2542,38.33,95,92,141685
1.8768,0.2444,38.49,95,92,141689
1.6960,0.2346,38.65,95,92,141692
1.5787,0.2444,38.52,95,92,141696
1.4761,0.2297,38.65,95,92,141700
1.4663,0.2590,38.27,95,92,141703
1.4076,0.2395,38.52,95,92,141706
1.3783,0.2346,38.58,95,92,141710
1.3783,0.2444,38.58,95,92,141713
1.3783,0.2346,38.62,95,92,141716
1.4418,0.2542,38.40,95,92,141720
1.4321,0.2444,38.55,95,92,141723
1.4370,0.2346,38.52,95,92,141726
1.4467,0.2590,38.81,95,92,141729
1.4663,0.2346,38.62,95,92,141733
1.5054,0.2493,38.40,95,92,141736
1.5005,0.2444,38.58,95,92,141740
1.5249,0.2395,38.49,95,92,141744
1.5200,0.2395,38.52,95,92,141747
1.5347,0.2688,38.58,95,92,141750
1.5689,0.2493,38.43,95,92,141754
1.5591,0.2395,38.62,95,92,141757
1.5982,0.2493,38.46,95,92,141760
1.5640,0.2346,38.55,95,92,141764
1.5738,0.2346,38.46,95,92,141767
1.6031,0.2444,38.49,95,92,141770
1.5982,0.2395,38.71,95,92,141773
1.6325,0.2395,38.40,95,92,141777
1.6227,0.2346,38.55,95,92,141780
1.6276,0.2346,38.62,95,92,141784
1.6471,0.2444,38.55,95,92,141788
1.6325,0.2395,38.68,95,92,141791
1.6764,0.2444,38.33,95,92,141794
1.6373,0.2346,38.52,95,92,141798
1.6471,0.2395,38.62,95,92,141801
1.6569,0.2444,38.58,95,92,141804
1.6569,0.2248,38.62,95,92,141808
1.7107,0.2297,38.33,95,92,141811
1.6764,0.2395,38.49,95,92,141814
1.6716,0.2346,38.55,95,92,141817
1.6764,0.2395,38.49,95,92,141821
1.6813,0.2444,38.62,95,92,141825
1.7302,0.2493,38.43,95,92,141828
1.7058,0.2688,38.55,95,92,141832
1.7107,0.2395,38.46,95,92,141835
1.7009,0.2395,38.58,95,92,141838
1.7058,0.2346,38.68,95,92,141842
1.7400,0.2395,38.49,95,92,141845
1.7253,0.2444,38.58,95,92,141848
1.7498,0.2395,38.52,95,92,141852
1.7302,0.2542,38.62,95,92,141855
1.7449,0.2297,38.62,95,92,141858
1.7644,0.2493,38.52,95,92,141861
1.7595,0.2395,38.62,95,92,141865
1.7986,0.2395,38.52,95,92,141869
1.7791,0.2346,38.58,95,92,141872
1.7791,0.2346,38.62,95,92,141876
1.7937,0.2444,38.55,95,92,141879
1.7742,0.2395,38.62,95,92,141882
1.8035,0.2444,38.33,95,92,141886
1.7840,0.2444,38.49,95,92,141889
1.7742,0.2346,38.58,95,92,141892
1.7840,0.2590,38.55,95,92,141896
1.7546,0.2346,38.58,95,92,141899
1.8084,0.2493,38.08,95,92,141902
1.7791,0.2395,38.49,95,92,141905
1.7840,0.2297,38.62,95,92,141910
1.8084,0.2395,38.58,95,92,141913
1.8133,0.2346,38.62,95,92,141916
1.8768,0.2493,38.36,95,92,141920
1.8377,0.2444,38.65,95,92,141923
1.8377,0.2590,38.55,95,92,141926
1.8377,0.2395,38.58,95,92,141930
1.8426,0.2346,38.62,95,92,141933
1.8817,0.2493,38.49,95,92,141936
1.8573,0.2395,38.58,95,92,141940
1.8719,0.2444,38.46,95,92,141943
1.8524,0.2395,38.55,95,92,141946
1.8475,0.2346,38.58,95,92,141949
1.8768,0.2297,38.46,95,92,141954
1.8573,0.2444,38.52,95,92,141958
1.8426,0.2590,38.62,95,92,141962
1.8817,0.2395,38.43,95,92,141965
1.8524,0.2444,38.02,95,92,141968
1.8475,0.2346,38.58,95,92,141972
1.8719,0.2444,38.55,95,92,141975
1.8475,0.2395,38.62,95,92,141978
1.8964,0.2395,38.30,95,92,141982
1.8426,0.2395,38.55,95,92,141985
1.8328,0.2444,38.58,95,92,141988
1.8231,0.2395,38.58,95,92,141992
1.8231,0.2493,38.55,95,92,141996
1.8768,0.2542,38.43,95,92,141999
1.8524,0.2444,38.52,95,92,142002
1.8328,0.2297,38.55,95,92,142006
1.8084,0.2395,38.77,95,92,142009
1.7937,0.2346,38.58,95,92,142012
1.8524,0.2590,38.43,95,92,142016
1.7937,0.2395,38.55,95,92,142019
1.8035,0.2737,38.46,95,92,142022
1.7791,0.2444,38.58,95,92,142026
1.7840,0.2346,38.58,95,92,142029
1.8035,0.2639,38.55,95,92,142032
1.7937,0.2395,38.58,95,92,142036
1.8084,0.2444,38.49,95,92,142040
1.7742,0.2346,38.58,95,92,142043
1.7742,0.2346,38.62,95,92,142046
1.7986,0.2395,38.62,95,92,142050
1.7986,0.2493,38.65,95,92,142053
1.8426,0.2395,38.43,95,92,142056
1.8133,0.2542,38.58,95,92,142060
1.8035,0.2297,38.62,95,92,142063
1.8280,0.2493,38.40,95,92,142066
1.8084,0.2346,38.68,95,92,142070
1.8475,0.2444,38.36,95,92,142073
1.8377,0.2395,38.46,95,92,142076
1.8524,0.2346,38.65,95,92,142081
1.8573,0.2444,38.46,95,92,142084
1.8524,0.2346,38.62,95,92,142087
1.9013,0.2542,38.33,95,92,142090
1.8622,0.2737,38.49,95,92,142094
1.8524,0.2346,38.55,95,92,142097
1.8475,0.2395,38.77,95,92,142100
1.8377,0.2444,38.68,95,92,142104
1.8817,0.2493,38.43,95,92,142107
1.8622,0.2444,38.55,95,92,142110
1.8671,0.2395,38.49,95,92,142114
1.8671,0.2395,38.58,95,92,142117
1.8719,0.2346,38.62,95,92,142120
1.8915,0.2444,38.49,95,92,142125
1.8817,0.2493,38.62,95,92,142128
1.9062,0.2444,38.46,95,92,142131
1.8915,0.2395,38.58,95,92,142134
1.9159,0.2395,38.68,95,92,142138
1.9404,0.2297,38.46,95,92,142141
1.9208,0.2395,38.55,95,92,142144
1.9648,0.2395,38.43,95,92,142148
1.9453,0.2346,38.58,95,92,142151
1.9550,0.2639,38.55,95,92,142154
1.9697,0.2444,38.46,95,92,142158
1.9355,0.2395,38.65,95,92,142161
1.9453,0.2542,38.40,95,92,142164
1.8964,0.2297,38.55,95,92,142169
1.8671,0.2346,38.74,95,92,142172
1.8671,0.2444,38.55,95,92,142175
1.8377,0.2395,38.58,95,92,142178
1.8719,0.2444,38.52,95,92,142182
1.8084,0.2346,38.55,95,92,142185
1.7986,0.2346,38.74,95,92,142188
1.7840,0.2444,38.58,95,92,142192
1.7644,0.2346,38.62,95,92,142195
1.8084,0.2590,38.36,95,92,142198
1.7644,0.2493,38.55,95,92,142202
1.7351,0.2346,38.52,95,92,142205
1.7351,0.2395,38.58,95,92,142209
1.7204,0.2346,38.68,95,92,142213
1.7449,0.2493,38.43,95,92,142216
1.7253,0.2395,38.65,95,92,142219
1.7400,0.2395,38.46,95,92,142222
1.7253,0.2395,38.58,95,92,142226
1.7302,0.2297,38.65,95,92,142229
1.7546,0.2444,38.49,95,92,142232
1.7351,0.2395,38.55,95,92,142236
1.7644,0.2444,38.49,95,92,142239
1.7400,0.2542,38.62,95,92,142242
1.7498,0.2444,38.58,95,92,142246
1.7595,0.2395,38.52,95,92,142249
1.7693,0.2395,38.58,95,92,142253
1.8133,0.2346,38.40,95,92,142257
1.8280,0.2395,38.58,95,92,142260
1.9013,0.2346,38.62,95,92,142263
1.9746,0.2493,38.49,95,92,142266
2.0430,0.2444,38.62,95,92,142270
2.2336,0.2444,38.33,95,92,142273
2.3754,0.2297,38.49,95,92,142276
2.5855,0.2346,38.58,95,92,142280
2.8690,0.2444,38.55,95,92,142283
3.0890,0.2395,38.62,95,92,142286
3.3382,0.2493,38.30,95,92,142290
3.2893,0.2493,38.52,95,92,142294
3.1134,0.2297,38.62,95,92,142297
2.8299,0.2395,38.55,95,92,142300
2.5024,0.2346,38.68,95,92,142304
2.2776,0.2542,38.43,95,92,142307
1.9795,0.2493,38.55,95,92,142310
1.7791,0.2346,38.52,95,92,142314
1.6227,0.2395,38.58,95,92,142317
1.5152,0.2346,38.62,95,92,142320
1.4663,0.2493,38.49,95,92,142324
1.3881,0.2395,38.58,95,92,142327
1.3734,0.2395,38.46,95,92,142330
1.3636,0.2395,38.58,95,92,142334
1.3587,0.2297,38.62,95,92,142338
1.3881,0.2493,38.46,95,92,142341
1.3783,0.2395,38.58,95,92,142345
1.4027,0.2395,38.46,95,92,142348
1.4174,0.2346,38.52,95,92,142351
1.4565,0.2297,38.62,95,92,142354
1.5005,0.2493,38.49,95,92,142358
1.5103,0.2444,38.62,95,92,142361
1.5543,0.2395,38.40,95,92,142364
1.5494,0.2346,38.52,95,92,142368
1.5689,0.2346,38.65,95,92,142371
1.5982,0.2444,38.52,95,92,142374
1.5982,0.2493,38.68,95,92,142379
1.6471,0.2444,38.33,95,92,142382
1.6031,0.2395,38.52,95,92,142385
1.6080,0.2297,38.58,95,92,142389
1.6129,0.2395,38.62,95,92,142392
1.6227,0.2444,38.62,95,92,142395
1.6911,0.2590,38.40,95,92,142398
1.6569,0.2444,38.52,95,92,142402
1.6373,0.2444,38.58,95,92,142405
1.6325,0.2395,38.58,95,92,142408
1.6325,0.2346,38.58,95,92,142412
1.6764,0.2493,38.43,95,92,142415
1.6667,0.2444,38.55,95,92,142418
1.6813,0.2395,38.49,95,92,142423
1.6667,0.2395,38.55,95,92,142426
1.6667,0.2444,38.62,95,92,142429
1.6862,0.2444,38.71,95,92,142433
1.6716,0.2444,38.58,95,92,142436
1.7009,0.2444,38.46,95,92,142439
1.6862,0.2395,38.62,95,92,142442
1.6911,0.2346,38.62,95,92,142446
1.7009,0.2395,38.52,95,92,142449
1.7009,0.2395,38.65,95,92,142452
1.7351,0.2639,38.46,95,92,142456
1.7009,0.2395,38.77,95,92,142459
1.6764,0.2346,38.62,95,92,142462
1.6862,0.2444,38.55,95,92,142467
1.6716,0.2346,38.58,95,92,142470
1.7009,0.2395,38.36,95,92,142473
1.6716,0.2444,38.52,95,92,142477
1.6569,0.2346,38.58,95,92,142480
1.6862,0.2444,38.55,95,92,142483
1.6716,0.2395,38.58,95,92,142486
1.7302,0.2493,38.30,95,92,142490
1.7155,0.2395,38.55,95,92,142493
1.7302,0.2395,38.55,95,92,142496
1.7595,0.2297,38.62,95,92,142500
1.7546,0.2395,38.71,95,92,142503
1.8035,0.2542,38.43,95,92,142507
1.7595,0.2444,38.62,95,92,142511
1.7595,0.2346,38.52,95,92,142514
1.7400,0.2395,38.58,95,92,142517
1.7155,0.2346,38.62,95,92,142521
1.7400,0.2493,38.55,95,92,142524
1.7204,0.2297,38.58,95,92,142527
1.7351,0.2444,38.46,95,92,142530
1.7253,0.2395,38.58,95,92,142534
1.7498,0.2346,38.71,95,92,142537
1.7986,0.2444,38.46,95,92,142540
1.7791,0.2395,38.62,95,92,142544
1.8573,0.2395,38.49,95,92,142547
1.8231,0.2346,38.52,95,92,142551
1.8475,0.2346,38.62,95,92,142555
1.8524,0.2297,38.46,95,92,142558
1.8231,0.2737,38.62,95,92,142561
1.8768,0.2395,38.36,95,92,142565
1.9453,0.2590,38.36,95,92,142569
1.9013,0.2346,38.49,95,92,142573
1.8866,0.2346,38.58,95,92,142576
1.8768,0.2395,38.62,95,92,142579
1.8622,0.2248,38.62,95,92,142583
1.9062,0.2493,38.46,95,92,142586
1.8817,0.2395,38.68,95,92,142589
1.9062,0.2297,38.49,95,92,142593
1.9062,0.2395,38.77,95,92,142597
1.9062,0.2688,38.62,95,92,142600
1.9355,0.2297,38.43,95,92,142603
1.8915,0.2346,38.52,95,92,142607
1.9208,0.2395,38.46,95,92,142610
1.8475,0.2395,38.58,95,92,142613
1.8377,0.2346,38.65,95,92,142617
1.8671,0.2444,38.49,95,92,142620
1.8524,0.2884,38.58,95,92,142623
1.8768,0.2395,38.46,95,92,142627
1.8328,0.2346,38.65,95,92,142630
1.8768,0.2346,38.62,95,92,142633
1.8817,0.2444,38.49,95,92,142638
1.8671,0.2395,38.71,95,92,142641
1.8964,0.2444,38.33,95,92,142644
1.8231,0.2346,38.58,95,92,142647
1.8133,0.2346,38.62,95,92,142651
1.8182,0.2444,38.55,95,92,142654
1.7937,0.2395,38.58,95,92,142657
1.8524,0.2493,38.30,95,92,142661
1.8133,0.2395,38.49,95,92,142664
1.7986,0.2248,38.58,95,92,142667
1.8182,0.2395,38.58,95,92,142671
1.8231,0.2444,38.65,95,92,142674
1.8719,0.2542,38.43,95,92,142678
1.8133,0.2835,38.55,95,92,142682
1.7937,0.2346,38.49,95,92,142685
1.7986,0.2395,38.68,95,92,142688
1.8231,0.2346,38.58,95,92,142691
1.8622,0.2493,38.46,95,92,142695
1.8475,0.2395,38.71,95,92,142698
1.8671,0.2346,38.46,95,92,142701
1.8524,0.2297,38.58,95,92,142705
1.8475,0.2542,38.68,95,92,142708
1.8671,0.2395,38.55,95,92,142711
1.8719,0.2395,38.52,95,92,142715
1.9208,0.2542,38.49,95,92,142718
1.8768,0.2395,38.71,95,92,142722
1.8622,0.2639,38.62,95,92,142726
1.8768,0.2444,38.49,95,92,142729
1.8622,0.2395,38.68,95,92,142732
1.9110,0.2444,38.40,95,92,142735
1.9159,0.2395,38.49,95,92,142739
1.9257,0.2346,38.49,95,92,142742
1.9404,0.2444,38.49,95,92,142745
1.8964,0.2346,38.68,95,92,142749
1.9355,0.2444,38.33,95,92,142752
1.8915,0.2395,38.49,95,92,142755
1.8964,0.2346,38.84,95,92,142759
1.9355,0.2395,38.55,95,92,142763
1.9746,0.2395,38.77,95,92,142766
2.0577,0.2639,38.36,95,92,142770
2.0137,0.2444,38.55,95,92,142773
2.0088,0.2346,38.52,95,92,142776
2.0088,0.2395,38.62,95,92,142779
2.0039,0.2395,38.62,95,92,142783
2.0430,0.2493,38.55,95,92,142786
1.9844,0.2395,38.55,95,92,142789
1.9453,0.2346,38.49,95,92,142793
1.8915,0.2395,38.46,95,92,142796
1.8768,0.2395,38.65,95,92,142799
1.8866,0.2493,38.40,95,92,142803
1.8524,0.2346,38.55,95,92,142807
1.8817,0.2395,38.46,95,92,142810
1.8622,0.2395,38.62,95,92,142814
1.8524,0.2346,38.62,95,92,142817
1.8622,0.2297,38.49,95,92,142820
1.8280,0.2395,38.58,95,92,142823
1.8573,0.2444,38.46,95,92,142827
1.8328,0.2346,38.55,95,92,142830
1.8328,0.2395,38.65,95,92,142833
1.8475,0.2444,38.49,95,92,142837
1.8084,0.2346,38.52,95,92,142840
1.8328,0.2639,38.36,95,92,142843
1.8182,0.2346,38.58,95,92,142848
1.8524,0.2395,38.58,95,92,142851
1.8964,0.2444,38.55,95,92,142854
1.8768,0.2395,38.62,95,92,142858
1.9257,0.2395,38.30,95,92,142861
1.8866,0.2297,38.52,95,92,142864
1.8866,0.2346,38.58,95,92,142867
1.9013,0.2297,38.58,95,92,142871
1.8915,0.2346,38.18,95,92,142874
1.9550,0.2590,38.43,95,92,142877
1.9501,0.2444,38.55,95,92,142881
1.9990,0.2346,38.46,95,92,142884
2.0870,0.2444,38.58,95,92,142887
2.2385,0.2346,38.62,95,92,142892
2.4731,0.2493,38.46,95,92,142895
2.6735,0.2444,38.55,95,92,142898
2.9570,0.2297,38.49,95,92,142901
3.1769,0.2395,38.68,95,92,142905
3.3724,0.2444,38.62,95,92,142908
3.4457,0.2444,38.65,95,92,142911
3.2845,0.2395,38.55,95,92,142915
3.0401,0.2395,38.49,95,92,142918
2.6344,0.2395,38.58,95,92,142921
2.3021,0.2346,38.58,95,92,142925
2.0479,0.2297,38.49,95,92,142928
1.7889,0.2395,38.62,95,92,142931
1.6227,0.2395,38.46,95,92,142936
1.4761,0.2395,38.49,95,92,142939
1.3978,0.2346,38.62,95,92,142942
1.3490,0.2493,38.52,95,92,142946
1.3099,0.2346,38.55,95,92,142949
1.3392,0.2297,38.33,95,92,142952
1.3343,0.2346,38.52,95,92,142955
1.3539,0.2395,38.62,95,92,142959
1.3832,0.2395,38.62,95,92,142962
1.3978,0.2297,38.62,95,92,142965
1.4663,0.2493,38.33,95,92,142969
1.4516,0.2346,38.49,95,92,142972
1.4565,0.2346,38.55,95,92,142976
1.4614,0.2542,38.58,95,92,142980
1.4712,0.2297,38.65,95,92,142983
1.5298,0.2542,38.33,95,92,142986
1.5054,0.2444,38.58,95,92,142990
1.5249,0.2395,38.52,95,92,142993
1.5200,0.2395,38.58,95,92,142996
1.5445,0.2395,38.58,95,92,142999
1.5640,0.2493,38.43,95,92,143003
1.5494,0.2346,38.55,95,92,143006
1.6031,0.2395,38.46,95,92,143009
1.5738,0.2395,38.65,95,92,143013
1.5836,0.2346,38.62,95,92,143016
1.6178,0.2297,38.49,95,92,143020
1.6031,0.2395,38.71,95,92,143024
1.6373,0.2395,38.49,95,92,143027
1.6227,0.2346,38.58,95,92,143030
1.6325,0.2346,37.83,95,92,143033
1.6422,0.2493,38.55,95,92,143037
1.6325,0.2346,38.62,95,92,143040
1.6667,0.2444,38.36,95,92,143043
1.6471,0.2297,38.58,95,92,143047
1.6471,0.2297,38.58,95,92,143050
1.6813,0.2395,38.55,95,92,143053
1.6569,0.2395,38.52,95,92,143057
1.7155,0.2639,38.33,95,92,143060
1.6960,0.2297,38.52,95,92,143064
1.6813,0.2346,38.65,95,92,143068
1.6911,0.2444,38.55,95,92,143071
1.6764,0.2346,38.68,95,92,143074
1.7351,0.2786,38.40,95,92,143078
1.7058,0.2444,38.52,95,92,143081
1.6960,0.2346,38.52,95,92,143084
1.6911,0.2395,38.58,95,92,143087
1.6911,0.2297,38.62,95,92,143091
1.7351,0.2493,38.46,95,92,143094
1.7302,0.2444,38.58,95,92,143097
1.7546,0.2395,38.52,95,92,143101
1.7498,0.2395,38.62,95,92,143105
1.7498,0.2346,38.62,95,92,143108
1.7595,0.2493,38.55,95,92,143112
1.7302,0.2395,38.58,95,92,143115
1.7400,0.2444,38.62,95,92,143118
1.7009,0.2395,38.58,95,92,143122
1.7204,0.2346,38.62,95,92,143125
1.7498,0.2493,38.55,95,92,143128
1.7302,0.2297,38.65,95,92,143131
1.7546,0.2395,38.36,95,92,143135
1.7400,0.2395,38.49,95,92,143138
1.7400,0.2346,38.65,95,92,143141
1.7693,0.2639,38.46,95,92,143145
1.7595,0.2346,38.62,95,92,143149
1.7889,0.2444,38.33,95,92,143152
1.7742,0.2395,38.52,95,92,143156
1.7498,0.2346,38.62,95,92,143159
1.7742,0.2395,38.58,95,92,143162
1.7791,0.2444,38.58,95,92,143166
1.8426,0.2493,38.30,95,92,143169
1.8084,0.2493,38.49,95,92,143172
1.8280,0.2346,38.55,95,92,143175
1.8182,0.2395,38.58,95,92,143179
1.8328,0.2395,38.65,95,92,143183
1.8280,0.2444,38.58,95,92,143187
1.8671,0.2297,38.49,95,92,143191
1.8377,0.2346,38.58,95,92,143194
1.8719,0.2444,38.52,95,92,143198
1.8426,0.2346,38.55,95,92,143201
1.8328,0.2493,38.58,95,92,143204
1.8475,0.2395,38.46,95,92,143208
1.8280,0.2493,38.58,95,92,143211
1.8573,0.2444,38.43,95,92,143214
1.8328,0.2395,38.02,95,92,143218
1.8182,0.2639,38.68,95,92,143221
1.8231,0.2444,38.58,95,92,143224
1.7937,0.2395,38.68,95,92,143227
1.8182,0.2542,38.36,95,92,143232
1.7693,0.2346,38.62,95,92,143235
1.7693,0.2346,38.62,95,92,143238
1.7791,0.2444,38.58,95,92,143242
1.7693,0.2395,38.58,95,92,143245
1.8231,0.2493,38.36,95,92,143248
1.7889,0.2395,38.65,95,92,143252
1.7693,0.2346,38.62,95,92,143255
1.7693,0.2395,38.68,95,92,143258
1.7644,0.2395,38.55,95,92,143262
1.8035,0.2493,38.43,95,92,143265
1.7693,0.2444,38.58,95,92,143268
1.7742,0.2737,38.49,95,92,143271
1.7693,0.2395,38.62,95,92,143276
1.7644,0.2346,38.68,95,92,143279
1.7889,0.2493,38.46,95,92,143282
1.7644,0.2395,38.58,95,92,143286
1.7791,0.2395,38.46,95,92,143289
1.7644,0.2346,38.62,95,92,143292
1.7644,0.2590,38.58,95,92,143296
1.7791,0.2444,38.52,95,92,143299
1.7840,0.2395,38.58,95,92,143302
1.8084,0.2395,38.62,95,92,143306
1.7791,0.2346,38.62,95,92,143309
1.7791,0.2346,38.62,95,92,143312
1.7986,0.2444,38.46,95,92,143315
1.7742,0.2395,38.62,95,92,143320
1.8084,0.2444,38.40,95,92,143323
1.7791,0.2444,38.46,95,92,143326
1.7546,0.2297,38.62,95,92,143330
1.7791,0.2395,38.68,95,92,143333
1.7644,0.2297,38.62,95,92,143336
1.8084,0.2493,38.27,95,92,143340
1.7693,0.2395,38.52,95,92,143343
1.7644,0.2297,38.65,95,92,143346
1.7742,0.2444,38.55,95,92,143350
1.7693,0.2346,38.62,95,92,143353
1.8231,0.2590,38.40,95,92,143356
1.7889,0.2444,38.55,95,92,143361
1.7986,0.2346,38.52,95,92,143364
1.7937,0.2346,38.62,95,92,143367
1.7937,0.2346,38.81,95,92,143370
1.8231,0.2737,38.49,95,92,143374
1.8133,0.2395,38.55,95,92,143377
1.8426,0.2395,38.43,95,92,143380
1.8377,0.2297,38.62,95,92,143384
1.8475,0.2346,38.65,95,92,143387
1.9257,0.2395,38.46,95,92,143390
1.8768,0.2395,38.62,95,92,143394
1.9110,0.2444,38.49,95,92,143397
1.8915,0.2297,38.58,95,92,143400
1.8866,0.2346,38.55,95,92,143405
1.8866,0.2444,38.46,95,92,143408
1.8426,0.2346,38.71,95,92,143411
1.8377,0.2444,38.40,95,92,143414
1.7889,0.2395,38.55,95,92,143418
1.7644,0.2346,38.62,95,92,143421
1.7693,0.2590,38.55,95,92,143424
1.7400,0.2395,38.62,95,92,143428
1.7791,0.2444,38.33,95,92,143431
1.7498,0.2346,38.55,95,92,143434
1.7253,0.2346,38.62,95,92,143438
1.7204,0.2444,38.62,95,92,143441
1.7009,0.2346,38.62,95,92,143444
1.7449,0.2590,38.46,95,92,143449
1.7107,0.2395,38.52,95,92,143452
1.6960,0.2346,38.55,95,92,143455
1.7009,0.2493,38.62,95,92,143458
1.7009,0.2444,38.65,95,92,143462
1.7400,0.2542,38.43,95,92,143465
1.7155,0.2444,38.52,95,92,143468
1.7302,0.2444,38.49,95,92,143472
1.7058,0.2395,38.58,95,92,143475
1.7058,0.2346,38.62,95,92,143478
1.7253,0.2542,38.49,95,92,143482
1.7009,0.2395,38.68,95,92,143485
1.7107,0.2395,38.46,95,92,143489
1.6911,0.2444,38.62,95,92,143493
1.7009,0.2590,38.62,95,92,143496
1.7253,0.2444,38.52,95,92,143499
1.7498,0.2395,38.62,95,92,143502
1.8231,0.2395,38.62,95,92,143506
1.8671,0.2297,38.62,95,92,143509
1.9746,0.2395,38.84,95,92,143512
2.1554,0.2493,38.52,95,92,143516
2.3118,0.2346,38.52,95,92,143519
2.5855,0.2346,38.36,95,92,143522
2.8104,0.2297,38.49,95,92,143526
3.0254,0.2346,38.52,95,92,143529
3.2209,0.2444,38.55,95,92,143533
3.2160,0.2395,38.62,95,92,143537
3.1378,0.2444,38.30,95,92,143540
2.7761,0.2297,38.49,95,92,143543
2.4291,0.2346,38.62,95,92,143546
2.1261,0.2688,38.62,95,92,143550
1.8573,0.2346,38.62,95,92,143553
1.7155,0.2590,38.55,95,92,143556
1.5152,0.2444,38.55,95,92,143560
1.4027,0.2346,38.58,95,92,143563
1.3294,0.2395,38.62,95,92,143566
1.2903,0.2297,38.62,95,92,143570
1.2952,0.2981,38.52,95,92,143574
1.2757,0.2395,38.62,95,92,143577
1.2854,0.2395,38.49,95,92,143581
1.3343,0.2444,38.62,95,92,143584
1.3343,0.2297,38.58,95,92,143587
1.3832,0.2493,38.40,95,92,143590
1.3783,0.2395,38.58,95,92,143594
1.4223,0.2444,38.49,95,92,143597
1.4321,0.2248,38.52,95,92,143600
1.4565,0.2346,38.62,95,92,143604
1.4907,0.2493,38.49,95,92,143607
1.5298,0.2346,38.62,95,92,143610
1.5494,0.2395,38.49,95,92,143614
1.5836,0.2395,38.52,95,92,143618
1.5640,0.2297,38.62,95,92,143621
1.5885,0.2444,38.52,95,92,143625
1.5836,0.2248,38.58,95,92,143628
1.6276,0.2297,38.33,95,92,143631
1.6031,0.2248,38.55,95,92,143634
1.6227,0.2346,38.62,95,92,143638
1.6276,0.2444,38.58,95,92,143641
1.6276,0.2346,38.62,95,92,143644
1.6764,0.2493,38.46,95,92,143648
1.6422,0.2444,38.55,95,92,143651
1.6471,0.2297,38.52,95,92,143654
1.6813,0.2395,38.58,95,92,143659
1.6618,0.2297,38.58,95,92,143662
1.6960,0.2493,38.46,95,92,143665
1.6716,0.2395,38.58,95,92,143669
1.6764,0.2395,38.62,95,92,143672
1.6618,0.2395,38.58,95,92,143675
1.6618,0.2346,38.62,95,92,143678
1.6862,0.2444,38.46,95,92,143682
1.6667,0.2444,38.68,95,92,143685
1.6813,0.2395,38.46,95,92,143688
1.6618,0.2395,38.55,95,92,143692
1.6716,0.2395,38.62,95,92,143695
1.6764,0.2395,38.74,95,92,143698
1.6667,0.2444,38.68,95,92,143703
1.7009,0.2395,38.46,95,92,143706
1.6813,0.2346,38.65,95,92,143709
1.7253,0.2444,38.65,95,92,143713
1.7253,0.2444,38.55,95,92,143716
1.7204,0.2395,38.62,95,92,143719
1.7546,0.2444,38.46,95,92,143723
1.7400,0.2542,38.55,95,92,143726
1.7351,0.2444,38.62,95,92,143729
1.7449,0.2639,38.55,95,92,143732
1.7253,0.2346,38.58,95,92,143736
1.7791,0.2493,38.30,95,92,143739
1.7351,0.2444,38.49,95,92,143742
1.7302,0.2346,38.58,95,92,143747
1.7253,0.2590,38.58,95,92,143750
1.7204,0.2346,38.62,95,92,143753
1.7742,0.2542,38.49,95,92,143757
1.7351,0.2395,38.58,95,92,143760
1.7302,0.2346,38.58,95,92,143763
1.7204,0.2395,38.58,95,92,143767
1.7302,0.2297,38.58,95,92,143770
1.7644,0.2493,38.49,95,92,143773
1.7595,0.2346,38.55,95,92,143776
1.7840,0.2395,38.46,95,92,143780
1.7742,0.2395,38.62,95,92,143783
1.7986,0.2346,38.58,95,92,143787
1.8328,0.2493,38.49,94,92,143791
1.8524,0.2493,38.52,94,92,143795
1.8475,0.2297,38.62,94,92,143799
1.8964,0.2444,38.33,94,92,143802
1.8719,0.2346,38.43,94,92,143805
1.8719,0.2444,38.62,94,92,143809
1.8866,0.2297,38.55,94,92,143812
1.8768,0.2346,38.71,94,92,143815
1.9257,0.2590,38.33,94,92,143819
1.8817,0.2395,38.52,94,92,143822
1.8719,0.2346,38.58,94,92,143825
1.8719,0.2395,38.62,94,92,143828
1.8622,0.2346,38.68,94,92,143833
1.9110,0.2493,38.40,94,92,143836
1.8866,0.2395,38.55,94,92,143839
1.8768,0.2346,38.49,94,92,143843
1.8964,0.2395,38.62,94,92,143846
1.8671,0.2297,38.62,94,92,143849
1.8964,0.2639,38.43,94,92,143853
1.8671,0.2395,38.58,94,92,143856
1.8817,0.2395,38.43,94,92,143859
1.8475,0.2346,38.58,94,92,143863
1.8426,0.2346,38.81,94,92,143866
1.8622,0.2346,38.49,94,92,143869
1.8328,0.2395,38.58,94,92,143873
1.8524,0.2395,38.46,94,92,143877
1.8133,0.2346,38.58,94,92,143880
1.8133,0.2346,38.68,94,92,143883
1.8182,0.2346,38.49,94,92,143887
1.8231,0.2395,38.62,94,92,143890
1.8280,0.2444,38.43,94,92,143893
1.7986,0.2395,38.62,94,92,143897
1.8035,0.2346,38.65,94,92,143900
1.8231,0.2444,38.58,94,92,143903
1.7889,0.2395,38.62,94,92,143907
1.8377,0.2444,38.33,94,92,143910
1.8084,0.2493,38.55,94,92,143913
1.7986,0.2346,38.65,94,92,143917
1.8133,0.2395,38.58,94,92,143921
1.8133,0.2346,38.62,94,92,143924
1.8622,0.2590,38.40,94,92,143927
1.8280,0.2444,38.46,94,92,143931
1.8084,0.2346,38.52,94,92,143934
1.8084,0.2395,38.58,94,92,143937
1.8035,0.2346,38.49,94,92,143941
1.8426,0.2542,38.55,94,92,143944
1.8133,0.2395,38.58,94,92,143947
1.8182,0.2395,38.46,94,92,143951
1.8231,0.2346,38.58,94,92,143954
1.7986,0.2395,38.58,94,92,143958
1.8231,0.2444,38.55,94,92,143961
1.8133,0.2395,38.68,94,92,143965
1.8377,0.2444,38.55,94,92,143968
1.8182,0.2395,38.58,94,92,143971
1.8182,0.2346,38.58,94,92,143975
1.8475,0.2444,38.49,94,92,143978
1.8231,0.2346,37.83,94,92,143981
1.8426,0.2346,38.43,94,92,143985
1.8231,0.2346,38.52,94,92,143988
1.8182,0.2346,38.65,94,92,143991
1.8426,0.2297,38.49,94,92,143995
1.8328,0.2395,38.58,94,92,143998
1.8817,0.2444,38.33,94,92,144002
1.8622,0.2444,38.55,94,92,144005
1.8671,0.2346,38.62,94,92,144009
1.9159,0.2395,38.55,94,92,144012
1.9062,0.2297,38.62,94,92,144015
1.9697,0.2493,38.27,94,92,144019
1.9306,0.2395,38.55,94,92,144022
1.9257,0.2297,38.77,94,92,144025
1.9159,0.2444,38.58,94,92,144029
1.8964,0.2346,38.58,94,92,144032
1.9257,0.2542,38.43,94,92,144035
1.8719,0.2444,38.55,94,92,144039
1.8524,0.2346,38.49,94,92,144043
1.8377,0.2395,38.65,94,92,144046
1.8231,0.2346,38.68,94,92,144049
1.8426,0.2542,38.55,94,92,144053
1.8035,0.2395,38.58,94,92,144056
1.8084,0.2395,38.49,94,92,144059
1.7791,0.2395,38.58,94,92,144063
1.7693,0.2395,38.58,94,92,144066
1.7791,0.2493,38.52,94,92,144069
1.7498,0.2395,38.62,94,92,144073
1.7693,0.2395,38.49,94,92,144076
1.7449,0.2346,38.58,94,92,144079
1.7400,0.2346,38.77,94,92,144083
1.7498,0.2493,38.55,94,92,144087
1.7400,0.2297,38.62,94,92,144090
1.7644,0.2395,38.58,94,92,144093
1.7400,0.2395,38.58,94,92,144097
1.7449,0.2346,38.65,94,92,144100
1.7644,0.2493,38.55,94,92,144103
1.7498,0.2395,38.62,94,92,144107
1.7937,0.2444,38.36,94,92,144110
1.7889,0.2395,38.52,94,92,144113
1.7791,0.2346,38.65,94,92,144117
1.8035,0.2444,38.58,94,92,144120
1.8280,0.2346,38.62,94,92,144123
1.9257,0.2493,38.33,94,92,144126
1.9404,0.2444,38.46,94,92,144131
2.0235,0.2297,38.58,94,92,144134
2.1505,0.2395,38.65,94,92,144137
2.3118,0.2346,38.62,94,92,144141
2.6197,0.2493,38.43,94,92,144144
2.7761,0.2395,38.62,94,92,144147
3.0156,0.2639,38.46,94,92,144151
3.1916,0.2395,38.58,94,92,144154
3.2502,0.2346,38.65,94,92,144157
3.1916,0.2493,38.30,94,92,144161
2.9130,0.2297,38.55,94,92,144164
2.6246,0.2395,38.52,94,92,144167
2.3021,0.2395,38.62,94,92,144171
2.0479,0.2346,38.65,94,92,144175
1.8719,0.2835,38.49,94,92,144178
1.6764,0.2395,38.58,94,92,144181
1.5836,0.2395,38.49,94,92,144185
1.5005,0.2346,38.55,94,92,144188
1.4370,0.2346,38.58,94,92,144191
1.4174,0.2444,38.46,94,92,144195
1.3978,0.2346,38.62,94,92,144198
1.4174,0.2395,38.40,94,92,144201
1.4516,0.2444,38.52,94,92,144205
1.4321,0.2297,38.62,94,92,144208
1.4565,0.2444,38.52,94,92,144211
1.4809,0.2346,38.62,94,92,144215
1.5152,0.2444,38.36,94,92,144219
1.4858,0.2248,38.52,94,92,144222
1.5152,0.2346,38.62,94,92,144225
1.5298,0.2395,38.62,94,92,144229
1.5298,0.2297,38.62,94,92,144232
1.5885,0.2590,38.33,94,92,144235
1.5640,0.2395,38.52,94,92,144239
1.5738,0.2346,38.55,94,92,144242
1.5885,0.2395,38.62,94,92,144245
1.5982,0.2346,38.62,94,92,144249
1.6471,0.2493,38.40,94,92,144252
1.6373,0.2444,38.55,94,92,144256
1.6520,0.2297,38.49,94,92,144259
1.6520,0.2395,38.65,94,92,144263
1.6618,0.2346,38.62,94,92,144266
1.6960,0.2444,38.40,94,92,144269
1.6813,0.2395,38.62,94,92,144273
1.7058,0.2346,38.46,94,92,144276
1.6862,0.2395,38.62,94,92,144279
1.6911,0.2297,38.68,94,92,144283
1.7107,0.2395,38.52,94,92,144286
1.6960,0.2395,38.62,94,92,144289
1.7155,0.2346,38.40,94,92,144292
1.7155,0.2346,38.62,94,92,144296
1.7107,0.2346,37.99,94,92,144300
1.7253,0.2444,38.49,94,92,144303
1.7155,0.2395,38.62,94,92,144307
1.7498,0.2688,38.46,94,92,144310
1.7644,0.2346,38.49,94,92,144313
1.7253,0.2346,38.62,94,92,144317
1.7498,0.2444,38.55,94,92,144320
1.7351,0.2346,38.62,94,92,144323
1.7840,0.2493,38.33,94,92,144327
1.7449,0.2297,38.46,94,92,144330
1.7400,0.2346,38.68,94,92,144333
1.7498,0.2395,38.55,94,92,144336
1.7498,0.2346,38.62,94,92,144340
1.8133,0.2542,38.40,94,92,144344
1.7791,0.2395,38.52,94,92,144347
1.7791,0.2346,38.58,94,92,144351
1.7742,0.2395,38.15,94,92,144354
1.7791,0.2346,38.62,94,92,144357
1.8182,0.2493,38.55,94,92,144361
1.7937,0.2493,38.55,94,92,144364
1.8133,0.2395,38.49,94,92,144367
1.7889,0.2395,38.62,94,92,144371
1.7840,0.2346,38.62,94,92,144374
1.8182,0.2493,38.46,94,92,144377
1.7986,0.2395,38.58,94,92,144381
1.8280,0.2493,38.49,94,92,144385
1.7986,0.2346,38.55,94,92,144388
1.8328,0.2346,38.62,94,92,144391
1.8182,0.2444,38.62,94,92,144395
1.8377,0.2346,38.55,94,92,144398
1.8426,0.2395,38.36,94,92,144401
1.8915,0.2493,38.33,95,92,144406
1.8573,0.2346,38.52,95,92,144409
1.8622,0.2346,38.58,95,92,144413
1.8768,0.2395,38.71,95,92,144416
1.8866,0.2346,38.68,95,92,144419
1.9453,0.2542,38.49,95,92,144423
1.9110,0.2688,38.55,95,92,144427
1.9110,0.2346,38.49,95,92,144430
1.8964,0.2542,38.62,95,92,144434
1.8964,0.2346,38.62,95,92,144437
1.9257,0.2493,38.77,95,92,144440
1.8866,0.2395,38.62,95,92,144444
1.9013,0.2395,38.46,95,92,144447
1.8719,0.2346,38.62,95,92,144450
1.8719,0.2346,38.62,95,92,144453
1.9013,0.2444,38.46,95,92,144457
1.8817,0.2444,38.58,95,92,144460
1.9208,0.2395,38.49,95,92,144463
1.9013,0.2346,38.62,95,92,144467
1.9355,0.2444,38.62,95,92,144471
1.9208,0.2444,38.55,95,92,144474
1.9013,0.2639,38.55,95,92,144478
1.9257,0.2395,38.40,95,92,144481
1.8719,0.2395,38.49,95,92,144484
1.8719,0.2297,38.62,95,92,144487
1.8866,0.2444,38.55,95,92,144491
1.8622,0.2395,38.62,95,92,144494
1.9159,0.2542,38.33,95,92,144497
1.8768,0.2444,38.49,95,92,144501
1.8524,0.2395,38.62,95,92,144504
1.8573,0.2395,38.58,95,92,144507
1.8426,0.2395,38.62,95,92,144512
1.9208,0.2590,38.33,95,92,144515
1.8377,0.2444,38.52,95,92,144518
1.8182,0.2542,38.52,95,92,144522
1.8475,0.2444,38.58,95,92,144525
1.8133,0.2346,38.62,95,92,144528
1.8524,0.2493,38.49,95,92,144531
1.8182,0.2395,38.55,95,92,144535
1.8280,0.2395,38.49,95,92,144538
1.8426,0.2346,38.62,95,92,144541
1.8133,0.2346,38.58,95,92,144545
1.8377,0.2444,38.55,95,92,144548
1.8280,0.2395,38.58,95,92,144551
1.8524,0.2444,38.49,95,92,144556
1.8280,0.2395,38.62,95,92,144559
1.8280,0.2346,38.62,95,92,144562
1.8622,0.2444,38.49,95,92,144566
1.8377,0.2395,38.62,95,92,144569
1.8573,0.2395,38.43,95,92,144572
1.8426,0.2395,38.52,95,92,144575
1.8475,0.2346,38.62,95,92,144579
1.8719,0.2395,38.49,95,92,144582
1.8573,0.2346,38.49,95,92,144585
1.9062,0.2493,38.36,95,92,144589
1.8964,0.2395,38.55,95,92,144592
1.9062,0.2346,38.62,95,92,144595
1.9306,0.2395,38.55,95,92,144600
1.9159,0.2346,38.62,95,92,144603
1.9648,0.2493,38.27,95,92,144606
1.9159,0.2395,38.52,95,92,144610
1.9110,0.2346,38.58,95,92,144613
1.9110,0.2395,38.58,95,92,144616
1.9159,0.2395,38.65,95,92,144620
1.9746,0.2786,38.43,95,92,144623
1.9550,0.2444,38.55,95,92,144626
1.9550,0.2346,38.52,95,92,144629
1.9550,0.2346,38.58,95,92,144633
1.9697,0.2346,38.62,95,92,144636
2.0088,0.2493,38.43,95,92,144640
1.9892,0.2542,38.55,95,92,144644
2.0088,0.2395,38.49,95,92,144647
1.9844,0.2395,38.62,95,92,144650
1.9746,0.2542,38.49,95,92,144654
1.9844,0.2542,38.55,95,92,144657
1.9453,0.2346,38.77,95,92,144660
1.9550,0.2493,38.49,95,92,144663
1.9062,0.2395,38.62,95,92,144667
1.8817,0.2346,38.58,95,92,144670
1.9062,0.2395,38.49,95,92,144673
1.8475,0.2395,38.36,95,92,144677
1.8573,0.2444,38.40,95,92,144680
1.8133,0.2395,38.55,95,92,144684
1.8328,0.2444,38.62,95,92,144688
1.8328,0.2297,38.52,95,92,144691
1.8035,0.2444,38.62,95,92,144694
1.8328,0.2444,38.33,95,92,144698
1.7889,0.2444,38.46,95,92,144701
1.7644,0.2444,38.62,95,92,144704
1.7742,0.2444,38.55,95,92,144707
1.7791,0.2346,38.62,95,92,144711
1.8475,0.2493,38.36,95,92,144714
1.8133,0.2639,38.49,95,92,144717
1.7986,0.2346,38.55,95,92,144721
1.7986,0.2395,38.58,95,92,144724
1.7889,0.2346,38.58,95,92,144728
1.8573,0.2542,38.36,95,92,144732
1.7986,0.2395,38.55,95,92,144735
1.8035,0.2395,38.49,95,92,144738
1.8182,0.2395,38.62,95,92,144742
1.8377,0.2395,38.58,95,92,144745
1.9257,0.2395,38.52,95,92,144748
1.9404,0.2395,38.58,95,92,144751
2.0186,0.2395,38.21,95,92,144755
2.0821,0.2395,38.68,95,92,144758
2.2141,0.2346,38.58,95,92,144761
2.4291,0.2493,38.49,95,92,144765
2.6197,0.2297,38.58,95,92,144769
2.8935,0.2395,38.43,95,92,144772
3.0987,0.2346,38.52,95,92,144776
3.2698,0.2297,38.62,95,92,144779
3.3480,0.2444,38.49,95,92,144782
3.1916,0.2395,38.62,95,92,144786
2.9717,0.2444,38.36,95,92,144789
2.6149,0.2444,38.58,95,92,144792
2.3167,0.2346,38.62,95,92,144795
2.0577,0.2444,38.43,95,92,144799
1.8231,0.2395,38.62,95,92,144802
1.7058,0.2493,38.30,95,92,144805
1.5494,0.2395,38.52,95,92,144809
1.4809,0.2395,38.58,95,92,144813
1.4467,0.2395,38.58,95,92,144816
1.4174,0.2346,38.58,95,92,144820
1.4516,0.2542,38.36,95,92,144823
1.4223,0.2444,38.71,95,92,144826
1.4272,0.2346,38.55,95,92,144830
1.4418,0.2395,38.55,95,92,144833
1.4516,0.2297,38.62,95,92,144836
1.4858,0.2493,38.43,95,92,144839
1.4809,0.2395,38.58,95,92,144843
1.5054,0.2346,38.52,95,92,144846
1.5152,0.2395,38.62,95,92,144849
1.5445,0.2346,38.62,95,92,144854
1.5934,0.2444,38.49,95,92,144857
1.5982,0.2395,38.65,95,92,144860
1.6325,0.2444,38.49,95,92,144864
1.6227,0.2395,38.62,95,92,144867
1.6325,0.2346,38.62,95,92,144870
1.6520,0.2395,38.49,95,92,144874
1.6471,0.2395,38.62,95,92,144877
1.6862,0.2395,38.40,95,92,144880
1.6764,0.2297,38.62,95,92,144883
1.6911,0.2346,38.40,95,92,144887
1.7107,0.2444,38.55,95,92,144890
1.6960,0.2395,38.65,95,92,144893
1.7400,0.2444,38.36,95,92,144898
1.7204,0.2444,38.52,95,92,144901
1.7058,0.2346,38.65,95,92,144904
1.7204,0.2590,38.55,95,92,144908
1.7302,0.2395,38.62,95,92,144911
1.7889,0.2493,38.30,95,92,144914
1.7693,0.2444,38.49,95,92,144917
1.7693,0.2346,38.58,95,92,144921
1.7742,0.2395,38.77,95,92,144924
1.7595,0.2297,38.62,95,92,144927
1.7986,0.2493,38.43,95,92,144931
1.7498,0.2639,38.55,95,92,144934
1.7644,0.2444,38.52,95,92,144937
1.7351,0.2395,38.52,95,92,144942
1.7498,0.2395,38.62,95,92,144945
1.7742,0.2493,38.52,95,92,144948
1.7644,0.2395,38.46,95,92,144952
1.7791,0.2688,38.49,95,92,144955
1.7546,0.2395,38.58,95,92,144958
1.7498,0.2395,38.58,95,92,144961
1.7986,0.2542,38.46,95,92,144965
1.7546,0.2395,38.55,95,92,144968
1.7986,0.2444,38.49,95,92,144971
1.7693,0.2346,38.55,95,92,144975
1.7742,0.2346,38.62,95,92,144978
1.7889,0.2395,38.52,95,92,144982
1.7742,0.2395,38.58,95,92,144986
1.8084,0.2395,38.36,95,92,144989
1.7742,0.2395,38.62,95,92,144992
1.7693,0.2297,38.62,95,92,144996
1.7889,0.2444,38.52,95,92,144999
1.7840,0.2346,38.58,95,92,145002
1.8377,0.2444,38.33,95,92,145005
1.8084,0.2395,38.55,95,92,145009
1.8182,0.2346,38.62,95,92,145012
1.8426,0.2395,38.24,95,92,145015
1.8475,0.2395,38.62,95,92,145020
1.8573,0.2346,38.62,95,92,145024
1.9013,0.2493,38.43,95,92,145028
1.8719,0.2444,38.68,95,92,145031
1.8817,0.2395,38.46,95,92,145034
1.8573,0.2395,38.58,95,92,145038
1.8622,0.2346,38.52,95,92,145041
1.8915,0.2297,38.49,95,92,145044
1.8768,0.2395,38.68,95,92,145048
1.9110,0.2933,38.49,95,92,145051
1.9013,0.2346,38.58,95,92,145054
1.9159,0.2346,38.68,95,92,145057
1.9355,0.2493,38.49,95,92,145061
1.9159,0.2395,38.62,95,92,145064
1.9257,0.2395,38.52,95,92,145068
1.8817,0.2297,38.62,95,92,145072
1.8768,0.2346,38.77,95,92,145075
1.8964,0.2493,38.55,95,92,145078
1.8671,0.2395,38.71,95,92,145082
1.9062,0.2493,38.33,95,92,145085
1.8768,0.2444,38.52,95,92,145088
1.8622,0.2346,38.68,95,92,145092
1.8719,0.2297,38.58,95,92,145095
1.8573,0.2395,38.81,95,92,145098
1.9159,0.2835,38.43,95,92,145101
1.8866,0.2395,38.49,95,92,145105
1.8622,0.2346,38.49,95,92,145108
1.8524,0.2395,38.68,95,92,145112
1.8328,0.2297,38.58,95,92,145116
1.8768,0.2493,38.15,95,92,145119
1.8573,0.2395,38.55,95,92,145122
1.8524,0.2395,38.52,95,92,145126
1.8280,0.2395,38.62,95,92,145129
1.8328,0.2346,38.62,95,92,145132
1.8671,0.2542,38.52,95,92,145136
1.8768,0.2444,38.58,95,92,145139
1.8915,0.2444,38.46,95,92,145142
1.8719,0.2395,38.58,95,92,145145
1.8719,0.2297,38.62,95,92,145149
1.8866,0.2444,38.49,95,92,145153
1.8426,0.2395,38.58,95,92,145156
1.8622,0.2395,38.55,95,92,145160
1.8328,0.2346,38.52,95,92,145163
1.8231,0.2346,38.62,95,92,145166
1.8622,0.2395,38.49,95,92,145170
1.8622,0.2346,38.62,95,92,145173
1.9257,0.2444,38.36,95,92,145176
1.9208,0.2395,38.55,95,92,145180
1.9208,0.2346,38.62,95,92,145183
1.9208,0.2444,38.55,95,92,145186
1.9208,0.2346,38.65,95,92,145189
1.9501,0.2444,38.30,95,92,145193
1.9062,0.2297,38.52,95,92,145197
1.9110,0.2346,38.62,95,92,145200
1.9208,0.2444,38.65,95,92,145204
1.9110,0.2248,38.62,95,92,145207
1.9746,0.2542,38.43,95,92,145210
1.9404,0.2493,38.52,95,92,145214
1.9208,0.2444,38.52,95,92,145217
1.9110,0.2395,38.58,95,92,145220
1.9110,0.2590,38.68,95,92,145224
1.9550,0.2493,38.46,95,92,145227
1.9404,0.2688,38.55,95,92,145230
1.9697,0.2444,38.46,95,92,145233
1.9599,0.2297,38.58,95,92,145238
1.9550,0.2297,38.68,95,92,145241
1.9550,0.2542,38.55,95,92,145244
1.9306,0.2395,38.58,95,92,145248
1.9746,0.2444,38.46,95,92,145251
1.9599,0.2395,38.58,95,92,145254
1.9697,0.2346,38.62,95,92,145258
1.9795,0.2444,38.52,95,92,145261
1.9746,0.2395,38.62,95,92,145264
2.0137,0.2395,38.40,95,92,145268
1.9648,0.2346,38.62,95,92,145271
1.9208,0.2346,38.58,95,92,145274
1.8964,0.2493,38.55,95,92,145277
1.8475,0.2346,38.68,95,92,145282
1.8768,0.2297,38.33,95,92,145285
1.8377,0.2444,38.49,95,92,145288
1.8133,0.2346,38.58,95,92,145292
1.8280,0.2444,38.11,95,92,145295
1.8133,0.2444,38.68,95,92,145298
1.8622,0.2542,38.33,95,92,145302
1.8328,0.2346,38.49,95,92,145305
1.8231,0.2297,38.58,95,92,145308
1.8084,0.2395,38.68,95,92,145312
1.7791,0.2346,38.55,95,92,145315
1.8035,0.2493,38.30,95,92,145318
1.7595,0.2444,38.52,95,92,145321
1.7693,0.2248,38.49,95,92,145326
1.7644,0.2297,38.62,95,92,145329
1.7644,0.2444,38.68,95,92,145332
1.7889,0.2444,38.52,95,92,145336
1.7644,0.2395,38.68,95,92,145339
1.7693,0.2639,38.43,95,92,145342
1.7449,0.2395,38.62,95,92,145346
1.7546,0.2346,38.65,95,92,145349
1.7986,0.2493,38.46,95,92,145352
1.7644,0.2297,38.58,95,92,145356
1.8133,0.2444,38.46,95,92,145359
1.8182,0.2346,38.55,95,92,145362
1.8964,0.2346,38.62,95,92,145366
1.9746,0.2395,38.46,95,92,145370
2.0381,0.2346,38.58,95,92,145373
2.2092,0.2395,38.36,95,92,145376
2.3607,0.2444,38.52,95,92,145380
2.5660,0.2346,38.62,95,92,145383
2.8348,0.2395,38.55,95,92,145386
3.0596,0.2297,38.62,95,92,145390
3.3333,0.2493,38.27,95,92,145393
3.3284,0.2346,38.52,95,92,145396
3.2014,0.2346,38.96,95,92,145400
2.9179,0.2493,38.58,95,92,145403
2.5660,0.2395,38.65,95,92,145406
2.3118,0.2590,38.33,95,92,145410
1.9892,0.2395,38.52,95,92,145414
1.7742,0.2297,38.55,95,92,145417
1.6276,0.2395,38.58,95,92,145420
1.5054,0.2346,38.62,95,92,145424
1.4418,0.2493,38.40,95,92,145427
1.3685,0.2395,38.62,95,92,145430
1.3245,0.2297,38.49,95,92,145434
1.2952,0.2590,38.58,95,92,145437
1.2952,0.2493,38.62,95,92,145440
1.3539,0.2444,38.46,95,92,145443
1.3734,0.2395,38.58,95,92,145447
1.4272,0.2444,38.46,95,92,145451
1.4321,0.2395,38.62,95,92,145454
1.4565,0.2395,38.58,95,92,145458
1.4956,0.2395,38.52,95,92,145461
1.4956,0.2395,38.33,95,92,145464
1.5396,0.2444,38.43,95,92,145468
1.5591,0.2395,38.65,95,92,145471
1.5982,0.2346,38.62,95,92,145474
1.6276,0.2444,38.52,95,92,145478
1.6178,0.2346,38.62,95,92,145481
1.6618,0.2444,38.36,95,92,145484
1.6471,0.2444,38.52,95,92,145488
1.6422,0.2346,38.62,95,92,145491
1.6569,0.2444,38.62,95,92,145495
1.6373,0.2590,38.58,95,92,145498
1.6764,0.2493,38.27,95,92,145502
1.6471,0.2395,38.81,95,92,145505
1.6422,0.2346,38.58,95,92,145508
1.6520,0.2395,38.58,95,92,145512
1.6569,0.2346,38.62,95,92,145515
1.7058,0.2590,38.40,95,92,145518
1.6764,0.2444,38.52,95,92,145522
1.6716,0.2346,38.68,95,92,145525
1.6716,0.2346,38.62,95,92,145528
1.6764,0.2395,38.65,95,92,145532
1.7058,0.2444,38.52,95,92,145536
1.6960,0.2395,38.58,95,92,145539
1.7204,0.2395,38.24,95,92,145542
1.6911,0.2395,38.58,95,92,145546
1.7009,0.2346,38.62,95,92,145549
1.7253,0.2493,38.46,95,92,145552
1.6960,0.2297,38.62,95,92,145556
1.7155,0.2395,38.46,95,92,145559
1.6911,0.2346,38.55,95,92,145562
1.6764,0.2346,38.84,95,92,145566
1.6911,0.2444,38.46,95,92,145569
1.6716,0.2395,38.84,95,92,145572
1.7107,0.2444,38.36,95,92,145576
1.6911,0.2395,38.55,95,92,145580
1.6911,0.2444,38.62,95,92,145583
1.7155,0.2444,38.55,95,92,145586
1.7058,0.2395,38.81,95,92,145590
1.7595,0.2444,38.33,95,92,145593
1.7351,0.2346,38.52,95,92,145596
1.7449,0.2297,38.62,95,92,145600
1.7595,0.2395,38.58,95,92,145603
1.7693,0.2346,38.58,95,92,145606
1.8328,0.2493,38.40,95,92,145610
1.7889,0.2444,38.65,95,92,145613
1.7742,0.2346,38.52,95,92,145616
1.7742,0.2395,38.58,95,92,145620
1.7742,0.2346,38.58,95,92,145624
1.8133,0.2493,38.40,95,92,145627
1.8426,0.2346,38.49,95,92,145631
1.8328,0.2346,38.58,95,92,145634
1.8719,0.2297,38.46,95,92,145637
1.8475,0.2346,38.58,95,92,145641
1.8573,0.2444,38.62,95,92,145644
1.8768,0.2297,38.49,95,92,145647
1.8573,0.2395,38.58,95,92,145651
1.8817,0.2444,38.36,95,92,145654
1.8524,0.2395,38.62,95,92,145657
1.8524,0.2688,38.62,95,92,145661
1.8768,0.2444,38.55,95,92,145665
1.8671,0.2395,38.58,95,92,145668
1.9257,0.2493,38.33,95,92,145672
1.9013,0.2444,38.52,95,92,145675
1.8915,0.2395,38.58,95,92,145678
1.8915,0.2395,38.52,95,92,145682
1.8768,0.2590,38.62,95,92,145685
1.9306,0.2590,38.36,95,92,145688
1.8817,0.2493,38.52,95,92,145691
1.8671,0.2297,38.52,95,92,145695
1.8671,0.2297,38.58,95,92,145698
1.8671,0.2346,37.83,95,92,145701
1.9013,0.2493,38.46,95,92,145705
1.8768,0.2395,38.58,95,92,145709
1.8817,0.2395,38.43,95,92,145712
1.8622,0.2346,38.62,95,92,145716
1.8671,0.2346,38.62,95,92,145719
1.8964,0.2444,38.49,95,92,145722
1.8719,0.2395,38.58,95,92,145725
1.8866,0.2444,38.46,95,92,145729
1.8573,0.2346,38.58,95,92,145732
1.8475,0.2346,38.62,95,92,145735
1.8622,0.2444,38.55,95,92,145739
1.8280,0.2395,38.15,95,92,145742
1.8426,0.2346,38.40,95,92,145745
1.8133,0.2395,38.49,95,92,145750
1.7937,0.2346,38.58,95,92,145753
1.8084,0.2493,38.52,95,92,145756
1.7889,0.2395,38.58,95,92,145760
1.8328,0.2444,38.33,95,92,145763
1.8084,0.2346,38.52,95,92,145766
1.8084,0.2297,38.62,95,92,145769
1.8231,0.2444,38.62,95,92,145773
1.8328,0.2346,38.58,95,92,145776
1.8719,0.2493,38.33,95,92,145779
1.8280,0.2395,38.49,95,92,145783
1.8231,0.2346,38.58,95,92,145786
1.8231,0.2395,38.58,95,92,145789
1.8231,0.2297,38.62,95,92,145794
1.8817,0.2542,38.40,95,92,145797
1.8573,0.2493,38.55,95,92,145800
1.8622,0.2346,38.49,95,92,145804
1.8524,0.2444,38.58,95,92,145807
1.8524,0.2346,38.62,95,92,145810
1.8866,0.2493,38.46,95,92,145813
1.8671,0.2395,38.58,95,92,145817
1.8866,0.2395,38.52,95,92,145820
1.8671,0.2297,38.58,95,92,145823
1.8719,0.2297,38.62,95,92,145827
1.8964,0.2493,38.49,95,92,145830
1.8866,0.2395,38.62,95,92,145833
1.9159,0.2395,38.49,95,92,145838
1.8866,0.2346,38.58,95,92,145841
1.9013,0.2346,38.62,95,92,145844
1.9159,0.2444,38.62,95,92,145848
1.8915,0.2395,38.58,95,92,145851
1.9306,0.2395,38.40,95,92,145854
1.8866,0.2395,38.58,95,92,145857
1.8915,0.2297,38.68,95,92,145861
1.9110,0.2297,38.55,95,92,145864
1.8964,0.2346,38.65,95,92,145867
1.9599,0.2297,38.36,95,92,145871
1.9404,0.2444,38.52,95,92,145874
1.9306,0.2395,38.62,95,92,145878
1.9404,0.2395,38.21,95,92,145882
1.9257,0.2688,38.55,95,92,145885
1.9892,0.2639,38.33,95,92,145888
1.9062,0.2493,38.74,95,92,145892
1.8671,0.2346,38.52,95,92,145895
1.8426,0.2395,38.58,95,92,145898
1.8231,0.2346,38.68,95,92,145901
1.8524,0.2542,38.46,95,92,145905
1.8133,0.2444,38.62,95,92,145908
1.8133,0.2346,38.49,95,92,145911
1.7791,0.2395,38.62,95,92,145915
1.7644,0.2346,38.62,95,92,145918
1.7742,0.2444,38.55,95,92,145922
1.7498,0.2395,38.65,95,92,145926
1.7693,0.2542,38.49,95,92,145929
1.7400,0.2395,38.65,95,92,145932
1.7400,0.2346,38.58,95,92,145936
1.7742,0.2444,38.52,95,92,145939
1.7449,0.2395,38.58,95,92,145942
1.7644,0.2444,38.43,95,92,145946
1.7400,0.2395,38.52,95,92,145949
1.7351,0.2346,38.58,95,92,145952
1.7498,0.2493,38.49,95,92,145955
1.7253,0.2395,38.68,95,92,145959
1.7595,0.2395,38.33,95,92,145963
1.7302,0.2346,38.55,95,92,145966
1.7253,0.2346,38.62,95,92,145970
1.7400,0.2444,38.58,95,92,145973
1.7498,0.2297,38.62,95,92,145976
1.8231,0.2493,38.27,95,92,145980
1.8280,0.2395,38.49,95,92,145983
1.8817,0.2346,38.62,95,92,145986
1.9746,0.2395,38.58,95,92,145990
2.0919,0.2346,38.62,95,92,145993
2.3118,0.2542,38.43,95,92,145996
2.4780,0.2297,38.55,95,92,145999
2.7126,0.2395,38.52,95,92,146003
2.9472,0.2297,38.58,95,92,146007
3.1378,0.2346,38.43,95,92,146010
3.2796,0.2444,38.43,95,92,146014
3.1525,0.2395,38.62,95,92,146017
2.9326,0.2444,38.43,95,92,146020
2.5758,0.2297,38.62,95,92,146024
2.2532,0.2346,38.65,95,92,146027
2.0088,0.2444,38.49,95,92,146030
1.7644,0.2395,38.58,95,92,146034
1.6031,0.2395,38.46,95,92,146037
1.4418,0.2346,38.58,95,92,146040
1.3587,0.2346,38.62,95,92,146043
1.3148,0.2297,38.52,95,92,146048
1.2757,0.2395,38.52,95,92,146051
1.2757,0.2639,38.40,95,92,146054
1.2561,0.2395,38.62,95,92,146058
1.2805,0.2395,38.58,95,92,146061
1.3294,0.2395,38.58,95,92,146064
1.3343,0.2395,38.52,95,92,146068
1.3930,0.2444,38.33,95,92,146071
1.4027,0.2297,38.52,95,92,146074
1.4174,0.2346,38.62,95,92,146077
1.4467,0.2395,38.55,95,92,146081
1.4712,0.2346,38.62,95,92,146084
1.5396,0.2639,38.36,95,92,146087
1.5347,0.2444,38.49,95,92,146092
1.5445,0.2346,38.52,95,92,146095
1.5982,0.2444,38.58,95,92,146098
1.5787,0.2297,38.62,95,92,146102
1.6373,0.2493,38.49,95,92,146105
1.6129,0.2395,38.55,95,92,146108
1.6276,0.2395,38.46,95,92,146112
1.6276,0.2395,38.58,95,92,146115
1.6227,0.2346,38.52,95,92,146118
1.6667,0.2395,38.55,95,92,146121
1.6373,0.2395,38.62,95,92,146125
1.6618,0.2444,38.46,95,92,146128
1.6422,0.2297,38.62,95,92,146131
1.6471,0.2346,38.62,95,92,146136
1.6911,0.2493,38.49,95,92,146139
1.6618,0.2395,38.58,95,92,146142
1.6813,0.2395,38.43,95,92,146146
1.6716,0.2297,38.52,95,92,146149
1.6716,0.2346,38.62,95,92,146152
1.6911,0.2493,38.52,95,92,146156
1.6764,0.2395,38.58,95,92,146159
1.7302,0.2395,38.36,95,92,146162
1.6862,0.2395,38.84,95,92,146166
1.6813,0.2346,38.62,95,92,146169
1.6960,0.2395,38.55,95,92,146172
1.6911,0.2346,38.65,95,92,146176
1.7498,0.2493,38.30,95,92,146180
1.7107,0.2395,38.55,95,92,146183
1.7107,0.2346,38.52,95,92,146186
1.7107,0.2395,38.62,95,92,146190
1.7107,0.2346,38.58,95,92,146193
1.7937,0.2493,38.43,95,92,146196
1.7302,0.2395,38.62,95,92,146200
1.7302,0.2346,38.52,95,92,146203
1.7204,0.2395,38.58,95,92,146206
1.7204,0.2346,38.84,95,92,146210
1.7449,0.2542,38.40,95,92,146213
1.7204,0.2395,38.62,95,92,146216
1.7351,0.2395,38.43,95,92,146220
1.7107,0.2395,38.58,95,92,146224
1.7155,0.2297,38.62,95,92,146227
1.7351,0.2395,38.49,95,92,146230
1.7058,0.2297,38.58,95,92,146234
1.7351,0.2395,38.65,95,92,146237
1.7058,0.2346,38.40,95,92,146240
1.7400,0.2346,38.58,95,92,146244
1.7498,0.2346,38.62,95,92,146247
1.7791,0.2346,38.55,95,92,146251
1.7791,0.2297,38.62,95,92,146254
1.8426,0.2590,38.33,95,92,146257
1.8231,0.2444,38.52,95,92,146260
1.8231,0.2346,38.58,95,92,146265
1.8426,0.2493,38.58,95,92,146268
1.8475,0.2346,38.62,95,92,146271
1.9208,0.2542,38.40,95,92,146275
1.8866,0.2395,38.55,95,92,146278
1.8866,0.2346,38.52,95,92,146281
1.8768,0.2395,38.68,95,92,146285
1.8719,0.2346,38.62,95,92,146288
1.9208,0.2542,38.46,95,92,146291
1.8915,0.2395,37.96,95,92,146295
1.9013,0.2493,38.46,95,92,146298
1.8768,0.2297,38.62,95,92,146301
1.8768,0.2395,38.58,95,92,146305
1.8915,0.2346,38.52,95,92,146309
1.8768,0.2297,38.62,95,92,146312
1.9013,0.2444,38.52,95,92,146315
1.8719,0.2395,38.62,95,92,146319
1.8622,0.2297,38.62,95,92,146322
1.8866,0.2444,38.49,95,92,146325
1.8524,0.2395,38.58,95,92,146329
1.8915,0.2395,38.43,95,92,146332
1.8524,0.2395,38.49,95,92,146335
1.8426,0.2346,38.52,95,92,146339
1.8573,0.2493,38.52,95,92,146342
1.8280,0.2395,38.68,95,92,146345
1.8671,0.2737,38.36,95,92,146349
1.8328,0.2297,38.52,95,92,146353
1.8182,0.2346,38.62,95,92,146356
1.8280,0.2395,38.58,95,92,146359
1.8084,0.2346,38.62,95,92,146363
1.8573,0.2542,38.36,95,92,146366
1.8035,0.2395,38.52,95,92,146369
1.7889,0.2346,38.58,95,92,146373
1.7937,0.2493,38.62,95,92,146376
1.7742,0.2346,38.52,95,92,146379
1.8182,0.2590,38.46,95,92,146383
1.7986,0.2444,38.55,95,92,146386
1.8084,0.2346,37.77,95,92,146390
1.8084,0.2395,38.58,95,92,146393
1.7986,0.2346,38.55,95,92,146397
1.8328,0.2444,38.46,95,92,146400
1.8084,0.2395,38.58,95,92,146403
1.8280,0.2297,38.46,95,92,146407
1.8084,0.2395,38.52,95,92,146410
1.8133,0.2297,38.58,95,92,146413
1.8328,0.2395,38.49,95,92,146417
1.8133,0.2395,38.65,95,92,146420
1.8426,0.2346,38.46,95,92,146423
1.8182,0.2297,38.55,95,92,146426
1.8231,0.2346,38.62,95,92,146430
1.8377,0.2395,38.46,95,92,146434
1.8328,0.2395,38.65,95,92,146437
1.8671,0.2444,38.40,95,92,146441
1.8426,0.2297,38.62,95,92,146444
1.8524,0.2395,38.55,95,92,146447
1.8866,0.2444,38.55,95,92,146451
1.8573,0.2346,38.62,95,92,146454
1.9404,0.2444,38.30,95,92,146457
1.8768,0.2395,38.46,95,92,146461
1.8671,0.2346,38.68,95,92,146464
1.8866,0.2395,38.55,95,92,146467
1.8719,0.2346,38.62,95,92,146471
1.9306,0.2590,38.36,95,92,146475
1.9013,0.2444,38.49,95,92,146478
1.9062,0.2346,38.55,95,92,146481
1.9208,0.2346,38.62,95,92,146485
1.9355,0.2346,38.58,95,92,146488
1.9892,0.2444,38.46,95,92,146491
1.9844,0.2346,38.52,95,92,146495
2.0137,0.2444,38.49,95,92,146498
2.0039,0.2297,38.62,95,92,146501
1.9990,0.2395,38.62,95,92,146505
2.0088,0.2444,38.55,95,92,146508
1.9844,0.2297,38.58,95,92,146511
1.9795,0.2395,38.46,95,92,146514
1.9257,0.2395,38.52,95,92,146519
1.9013,0.2297,38.68,95,92,146522
1.9110,0.2737,38.46,95,92,146525
1.8768,0.2395,38.62,95,92,146529
1.8817,0.2395,38.43,95,92,146532
1.8573,0.2346,38.52,95,92,146535
1.8426,0.2346,38.62,95,92,146539
1.8622,0.2444,38.49,95,92,146542
1.8280,0.2346,38.62,95,92,146545
1.8573,0.2444,38.33,95,92,146549
1.8133,0.2444,38.55,95,92,146552
1.8035,0.2346,38.62,95,92,146555
1.8133,0.2493,38.55,95,92,146558
1.7986,0.2297,38.62,95,92,146563
1.8426,0.2493,38.30,95,92,146566
1.8084,0.2297,38.52,95,92,146569
1.8035,0.2297,38.62,95,92,146573
1.8035,0.2493,38.62,95,92,146576
1.7986,0.2297,38.65,95,92,146579
1.8524,0.2542,38.36,95,92,146583
1.8328,0.2395,38.55,95,92,146586
1.7742,0.2297,38.52,95,92,146589
1.7693,0.2346,38.62,95,92,146593
1.7693,0.2346,38.62,95,92,146596
1.8133,0.2493,38.40,95,92,146599
1.8182,0.2395,38.58,95,92,146603
1.8719,0.2395,37.80,95,92,146607
1.9062,0.2346,38.58,95,92,146610
1.9844,0.2395,38.58,95,92,146613
2.1212,0.2493,38.52,95,92,146617
2.2385,0.2346,38.58,95,92,146620
2.4829,0.2493,38.49,95,92,146623
2.6393,0.2346,38.58,95,92,146627
2.8788,0.2346,38.62,95,92,146630
3.1232,0.2297,38.52,95,92,146633
3.2307,0.2395,38.71,95,92,146637
3.2600,0.2639,38.40,95,92,146640
3.0303,0.2297,38.62,95,92,146643
2.7468,0.2346,38.52,95,92,146647
2.4633,0.2493,38.52,95,92,146651
2.1554,0.2395,38.65,95,92,146654
1.9550,0.2639,38.33,95,92,146657
1.7400,0.2444,38.52,95,92,146661
1.5787,0.2346,38.74,95,92,146664
1.4907,0.2444,38.55,95,92,146667
1.4174,0.2346,38.58,95,92,146671
1.4223,0.2493,38.27,95,92,146674
1.3734,0.2395,38.49,95,92,146677
1.3587,0.2346,38.58,95,92,146681
1.3783,0.2444,38.58,95,92,146684
1.3881,0.2346,38.65,95,92,146688
1.4516,0.2493,38.46,95,92,146691
1.4272,0.2395,38.55,95,92,146695
1.4418,0.2346,38.74,95,92,146698
1.4370,0.2346,38.62,95,92,146701
1.4418,0.2346,38.74,95,92,146705
1.4712,0.2493,38.55,95,92,146708
1.4712,0.2395,38.62,95,92,146711
1.4956,0.2395,38.46,95,92,146715
1.4858,0.2297,38.62,95,92,146718
1.5005,0.2346,38.71,95,92,146721
1.5396,0.2639,38.49,95,92,146725
1.5298,0.2395,38.68,95,92,146728
1.5591,0.2346,38.43,95,92,146732
1.5738,0.2346,38.52,95,92,146735
1.5591,0.2346,38.71,95,92,146739
1.5982,0.2395,38.46,95,92,146742
1.5885,0.2346,38.62,95,92,146745
1.6373,0.2444,38.36,95,92,146749
1.6373,0.2444,38.55,95,92,146752
1.6373,0.2346,38.62,95,92,146755
1.6667,0.2395,38.55,95,92,146759
1.6520,0.2297,38.62,95,92,146762
1.7009,0.2493,37.93,95,92,146765
1.7009,0.2444,38.52,95,92,146769
1.6667,0.2297,38.62,95,92,146772
1.6667,0.2444,38.62,95,92,146776
1.6618,0.2346,38.62,95,92,146779
1.7058,0.2542,38.43,95,92,146783
1.6618,0.2737,38.55,95,92,146786
1.6618,0.2297,38.52,95,92,146789
1.6569,0.2444,38.58,95,92,146793
1.6667,0.2346,38.62,95,92,146796
1.6960,0.2493,38.36,95,92,146799
1.6813,0.2395,38.58,95,92,146803
1.6960,0.2395,38.46,95,92,146806
1.6862,0.2639,38.58,95,92,146809
1.6911,0.2346,38.62,95,92,146813
1.7302,0.2493,38.49,95,92,146817
1.7253,0.2395,38.62,95,92,146820
1.7595,0.2395,38.49,95,92,146823
1.7449,0.2346,38.58,95,92,146827
1.7546,0.2297,38.62,95,92,146830
1.7791,0.2395,38.52,95,92,146833
1.7693,0.2346,38.62,95,92,146837
1.7937,0.2395,38.40,95,92,146840
1.7742,0.2297,38.62,95,92,146843
1.7840,0.2346,38.81,95,92,146847
1.7986,0.2444,38.52,95,92,146850
1.8231,0.2346,38.58,95,92,146854
1.8133,0.2346,38.62,95,92,146857
1.8817,0.2542,38.15,95,92,146861
1.8622,0.2444,38.52,95,92,146865
1.8719,0.2346,38.52,95,92,146868
1.8866,0.2395,38.58,95,92,146871
1.9355,0.2346,38.62,95,92,146874
1.9501,0.2444,38.49,95,92,146878
1.9404,0.2639,38.55,95,92,146881
1.9550,0.2395,38.49,95,92,146884
1.9453,0.2346,38.71,95,92,146888
1.9501,0.2346,38.62,95,92,146891
1.9746,0.2395,38.52,95,92,146894
1.9648,0.2346,38.62,95,92,146898
2.0137,0.2444,38.49,95,92,146902
1.9599,0.2346,38.58,95,92,146905
1.9648,0.2346,38.62,95,92,146909
1.9941,0.2297,38.52,95,92,146912
1.9648,0.2395,38.62,95,92,146915
1.9892,0.2297,38.43,95,92,146918
1.9550,0.2395,38.49,95,92,146922
1.9355,0.2444,38.62,95,92,146925
1.9501,0.2639,38.52,95,92,146928
1.9208,0.2444,38.58,95,92,146932
1.9404,0.2444,38.46,95,92,146935
1.8964,0.2346,38.55,95,92,146938
1.8768,0.2346,38.62,95,92,146942
1.8817,0.2395,38.77,95,92,146946
1.8573,0.2395,38.58,95,92,146949
1.9062,0.2493,38.33,95,92,146953
1.8573,0.2395,38.49,95,92,146956
1.8573,0.2346,38.55,95,92,146959
1.8475,0.2395,38.58,95,92,146962
1.8328,0.2346,38.68,95,92,146966
1.8768,0.2297,38.49,95,92,146969
1.8426,0.2395,38.55,95,92,146972
1.8426,0.2346,38.49,95,92,146976
1.8280,0.2395,38.62,95,92,146979
1.8622,0.2395,38.58,95,92,146982
1.8622,0.2444,38.43,95,92,146987
1.8426,0.2395,38.58,95,92,146990
1.8573,0.2395,38.46,95,92,146993
1.8280,0.2346,38.58,95,92,146997
1.8280,0.2346,38.62,95,92,147000
1.8475,0.2395,38.46,95,92,147003
1.8280,0.2346,38.58,95,92,147007
1.8622,0.2297,38.46,95,92,147010
1.8328,0.2346,38.55,95,92,147013
1.8377,0.2346,38.58,95,92,147016
1.8426,0.2395,38.52,95,92,147020
1.8182,0.2346,38.62,95,92,147023
1.8524,0.2444,38.36,95,92,147026
1.8231,0.2248,38.58,95,92,147031
1.8475,0.2395,38.58,95,92,147034
1.8671,0.2444,38.55,95,92,147037
1.8573,0.2346,38.62,95,92,147041
1.9257,0.2493,38.27,95,92,147044
1.9208,0.2395,38.49,95,92,147047
1.8866,0.2297,38.58,95,92,147051
1.8915,0.2395,38.55,95,92,147054
1.8915,0.2346,38.62,95,92,147057
1.9501,0.2493,38.40,95,92,147060
1.9306,0.2395,38.62,95,92,147064
1.9110,0.2346,38.52,95,92,147067
1.8964,0.2395,38.58,95,92,147070
1.8915,0.2346,38.62,95,92,147075
1.9257,0.2444,38.40,95,92,147078
1.8915,0.2346,38.58,95,92,147081
1.9062,0.2395,38.46,95,92,147085
1.8768,0.2346,38.62,95,92,147088
1.8817,0.2346,38.58,95,92,147091
1.9062,0.2346,38.52,95,92,147095
1.9110,0.2395,38.58,95,92,147098
1.9550,0.2395,38.46,95,92,147101
1.9404,0.2346,38.62,95,92,147104
1.9892,0.2444,38.62,95,92,147108
1.9892,0.2444,38.52,95,92,147111
1.9795,0.2346,38.62,95,92,147115
2.0235,0.2395,37.93,95,92,147119
2.0088,0.2590,38.55,95,92,147122
2.0039,0.2444,38.58,95,92,147125
2.0283,0.2444,38.52,95,92,147129
1.9892,0.2346,38.77,95,92,147132
2.0186,0.2444,38.33,95,92,147135
1.9697,0.2346,38.55,95,92,147139
1.9404,0.2346,38.81,95,92,147142
1.9306,0.2493,38.55,95,92,147145
1.9110,0.2297,38.62,95,92,147148
1.9501,0.2493,38.33,95,92,147152
1.8915,0.2346,38.43,95,92,147155
1.8671,0.2297,38.55,95,92,147159
1.8622,0.2395,38.58,95,92,147163
1.8426,0.2346,38.74,95,92,147166
1.8817,0.2493,38.55,95,92,147169
1.8475,0.2395,38.55,95,92,147173
1.8475,0.2346,38.71,95,92,147176
1.8231,0.2346,38.58,95,92,147179
1.8231,0.2297,38.58,95,92,147183
1.8573,0.2444,38.43,95,92,147186
1.8133,0.2493,38.58,95,92,147189
1.8280,0.2395,38.46,95,92,147192
1.8133,0.2297,38.58,95,92,147196
1.8231,0.2346,38.58,95,92,147200
1.8524,0.2297,38.49,95,92,147203
1.8280,0.2346,38.71,95,92,147207
1.8475,0.2346,38.36,95,92,147210
1.8231,0.2346,38.55,95,92,147213
1.8280,0.2346,38.58,95,92,147217
1.8719,0.2395,38.52,95,92,147220
1.8719,0.2346,38.58,95,92,147223
1.9208,0.2639,38.36,95,92,147227
1.8964,0.2297,38.62,95,92,147230
1.9404,0.2346,38.58,95,92,147233
2.0332,0.2395,38.55,95,92,147236
2.1212,0.2346,38.62,95,92,147240
2.3460,0.2444,38.30,95,92,147244
2.5220,0.2346,38.49,95,92,147247
2.7419,0.2346,38.58,95,92,147251
2.9912,0.2493,38.55,95,92,147254
3.1720,0.2346,38.58,95,92,147257
3.3431,0.2542,38.40,95,92,147261
3.1916,0.2395,38.55,95,92,147264
2.9326,0.2346,38.52,95,92,147267
2.6149,0.2395,38.65,95,92,147271
2.3069,0.2346,38.58,95,92,147274
2.0772,0.2395,38.49,95,92,147277
1.8328,0.2395,38.58,95,92,147280
1.6618,0.2395,38.49,95,92,147284
1.5249,0.2346,38.58,95,92,147288
1.4223,0.2346,38.65,95,92,147291
1.3881,0.2395,38.55,95,92,147295
1.3441,0.2395,38.62,95,92,147298
1.3392,0.2493,38.49,95,92,147301
1.2854,0.2297,38.62,95,92,147305
1.3148,0.2346,38.62,95,92,147308
1.3734,0.2395,38.49,95,92,147311
1.3832,0.2395,38.52,95,92,147315
1.4223,0.2297,38.43,95,92,147318
1.4223,0.2297,38.52,95,92,147321
1.4321,0.2346,38.46,95,92,147324
1.4712,0.2444,38.52,95,92,147329
1.4761,0.2346,38.52,95,92,147332
1.5298,0.2395,38.40,95,92,147335
1.5249,0.2297,38.55,95,92,147339
1.5200,0.2346,38.58,95,92,147342
1.5347,0.2444,38.62,95,92,147345
1.5347,0.2346,38.62,95,92,147349
1.5836,0.2493,38.30,95,92,147352
1.5640,0.2346,38.52,95,92,147355
1.5689,0.2297,38.58,95,92,147359
1.5787,0.2395,38.62,95,92,147362
1.5787,0.2346,38.62,95,92,147365
1.6422,0.2493,38.43,95,92,147368
1.6276,0.2444,38.55,95,92,147373
1.6373,0.2297,38.52,95,92,147376
1.6422,0.2346,38.62,95,92,147379
1.6618,0.2297,38.62,95,92,147383
1.7107,0.2786,38.43,95,92,147386
1.6911,0.2297,38.58,95,92,147389
1.7058,0.2395,38.49,95,92,147393
1.6764,0.2590,38.68,95,92,147396
1.6764,0.2346,38.62,95,92,147399
1.7009,0.2395,38.49,95,92,147403
1.6813,0.2346,38.58,95,92,147406
1.7107,0.2346,38.46,95,92,147409
1.6764,0.2346,38.65,95,92,147412
1.6764,0.2346,38.58,95,92,147417
1.6960,0.2444,38.49,95,92,147420
1.6960,0.2297,38.58,95,92,147423
1.7204,0.2395,38.46,95,92,147427
1.6911,0.2346,38.62,95,92,147430
1.7009,0.2297,38.62,95,92,147433
1.7107,0.2688,38.62,95,92,147437
1.7009,0.2346,38.58,95,92,147440
1.7449,0.2444,38.33,95,92,147443
1.7204,0.2444,38.55,95,92,147446
1.7058,0.2297,38.62,95,92,147450
1.7009,0.2346,38.58,95,92,147453
1.7009,0.2346,38.62,95,92,147457
1.7644,0.2542,38.33,95,92,147461
1.7742,0.2444,38.49,95,92,147464
1.7546,0.2395,38.55,95,92,147468
1.7644,0.2444,38.46,95,92,147471
1.7351,0.2346,38.62,95,92,147474
1.7351,0.2444,38.68,95,92,147478
1.7546,0.2346,38.52,95,92,147481
1.7498,0.2346,38.62,95,92,147484
1.8084,0.2395,38.46,95,92,147488
1.7595,0.2346,38.65,95,92,147491
1.7595,0.2493,38.58,95,92,147494
1.7791,0.2395,38.49,95,92,147497
1.7693,0.2346,38.77,95,92,147502
1.8280,0.2737,38.40,95,92,147505
1.8426,0.2346,38.49,95,92,147508
1.8475,0.2346,38.68,95,92,147512
1.8866,0.2444,38.52,95,92,147515
1.8671,0.2297,38.58,95,92,147518
1.9159,0.2493,38.30,95,92,147522
1.8866,0.2346,38.52,95,92,147525
1.8768,0.2346,38.62,95,92,147528
1.9013,0.2346,38.62,95,92,147532
1.8573,0.2346,38.87,95,92,147535
1.9110,0.2542,38.36,95,92,147538
1.8768,0.2395,38.55,95,92,147543
1.8817,0.2346,38.52,95,92,147546
1.8768,0.2395,38.62,95,92,147549
1.8768,0.2346,38.58,95,92,147552
1.9208,0.2493,38.52,95,92,147556
1.9208,0.2395,38.58,95,92,147559
1.9306,0.2346,38.46,95,92,147562
1.9110,0.2297,38.62,95,92,147566
1.9013,0.2346,38.62,95,92,147569
1.9355,0.2590,38.46,95,92,147572
1.9306,0.2395,38.65,95,92,147576
1.9550,0.2493,38.52,95,92,147579
1.9013,0.2346,38.58,95,92,147582
1.8573,0.2346,38.62,95,92,147587
1.8622,0.2395,38.49,95,92,147590
1.8475,0.2346,38.77,95,92,147593
1.8915,0.2835,38.40,95,92,147596
1.8768,0.2346,38.55,95,92,147600
1.8622,0.2346,38.65,95,92,147603
1.8573,0.2444,38.49,95,92,147606
1.8231,0.2346,38.58,95,92,147610
1.8817,0.2395,38.40,95,92,147613
1.8377,0.2346,38.58,95,92,147616
1.8182,0.2346,38.62,95,92,147620
1.8035,0.2395,38.65,95,92,147623
1.7889,0.2346,38.58,95,92,147627
1.8231,0.2493,38.30,95,92,147630
1.8035,0.2395,38.58,95,92,147634
1.7986,0.2346,38.62,95,92,147637
1.8133,0.2395,38.58,95,92,147640
1.8084,0.2346,38.62,95,92,147644
1.8671,0.2542,38.40,95,92,147647
1.8328,0.2444,38.52,95,92,147650
1.8133,0.2346,38.52,95,92,147654
1.8035,0.2346,38.58,95,92,147657
1.8035,0.2297,38.58,95,92,147660
1.8475,0.2444,38.46,95,92,147663
1.8231,0.2444,38.55,95,92,147667
1.8328,0.2395,38.49,95,92,147671
1.8475,0.2346,38.62,95,92,147674
1.8719,0.2297,38.68,95,92,147678
1.8915,0.2395,38.62,95,92,147681
1.8719,0.2444,38.58,95,92,147684
1.9013,0.2444,38.49,95,92,147688
1.8719,0.2444,38.62,95,92,147691
1.8671,0.2346,38.58,95,92,147694
1.8817,0.2444,38.46,95,92,147698
1.8622,0.2346,38.58,95,92,147701
1.8768,0.2395,38.40,95,92,147704
1.8622,0.2346,38.52,95,92,147707
1.8573,0.2297,38.58,95,92,147712
1.8768,0.2444,38.52,95,92,147715
1.8524,0.2346,38.58,95,92,147718
1.8964,0.2346,38.33,95,92,147722
1.8719,0.2346,38.40,95,92,147725
1.8719,0.2688,38.62,95,92,147728
1.8964,0.2395,38.62,95,92,147732
1.8915,0.2346,38.65,95,92,147735
1.9550,0.2639,38.30,95,92,147738
1.9159,0.2346,38.52,95,92,147742
1.9159,0.2297,38.58,95,92,147745
1.9208,0.2346,38.58,95,92,147748
1.8915,0.2346,38.62,95,92,147751
1.9159,0.2590,38.43,95,92,147756
1.8719,0.2395,38.55,95,92,147759
1.8475,0.2346,38.49,95,92,147762
1.8524,0.2444,38.58,95,92,147766
1.8231,0.2346,38.62,95,92,147769
1.8622,0.2493,38.43,95,92,147772
1.8133,0.2395,38.58,95,92,147776
1.8328,0.2395,38.46,95,92,147779
1.8182,0.2346,38.62,95,92,147782
1.7937,0.2297,38.62,95,92,147786
1.7791,0.2346,38.49,95,92,147789
1.7449,0.2346,38.58,95,92,147792
1.7644,0.2395,38.49,95,92,147795
1.7302,0.2346,38.52,95,92,147800
1.7400,0.2346,38.68,95,92,147803
1.7742,0.2395,38.52,95,92,147806
1.7791,0.2346,38.52,95,92,147810
1.8084,0.2395,38.40,95,92,147813
1.7840,0.2346,38.62,95,92,147816
1.7889,0.2444,38.58,95,92,147820
1.8377,0.2395,38.55,95,92,147823
1.8084,0.2346,38.62,95,92,147826
1.8768,0.2737,38.40,95,92,147830
1.8768,0.2444,38.49,95,92,147833
1.8475,0.2346,38.74,95,92,147836
1.8280,0.2395,38.55,95,92,147840
1.8231,0.2297,38.62,95,92,147844
1.9159,0.2639,38.36,95,92,147847
1.9404,0.2395,38.49,95,92,147850
1.9892,0.2297,38.55,95,92,147854
2.0968,0.2395,38.62,95,92,147857
2.2532,0.2346,38.62,95,92,147860
2.5073,0.2493,38.43,95,92,147864
2.7077,0.2444,38.55,95,92,147867
2.9814,0.2297,38.49,95,92,147870
3.2160,0.2395,38.74,95,92,147873
3.3920,0.2346,38.68,95,92,147877
3.4311,0.2297,38.55,95,92,147880
3.1965,0.2395,38.55,95,92,147884
2.8983,0.2346,38.46,95,92,147888
2.4927,0.2346,38.58,95,92,147891
2.1799,0.2346,38.58,95,92,147894
1.9306,0.2444,38.49,95,92,147898
1.6960,0.2444,38.62,95,92,147901
1.5689,0.2346,38.46,95,92,147904
1.4467,0.2346,38.49,95,92,147908
1.3783,0.2444,38.68,95,92,147911
1.3539,0.2395,38.49,95,92,147914
1.3245,0.2248,38.62,95,92,147917
1.3441,0.2444,38.43,95,92,147921
1.3441,0.2639,38.52,95,92,147924
1.4027,0.2346,38.62,95,92,147928
1.4272,0.2395,38.62,95,92,147932
1.4272,0.2346,38.40,95,92,147935
1.4761,0.2639,38.36,95,92,147938
1.4565,0.2346,38.65,95,92,147942
1.4761,0.2346,38.62,95,92,147945
1.5103,0.2395,38.65,95,92,147948
1.5640,0.2346,38.68,95,92,147952
1.6129,0.2493,38.36,95,92,147955
1.5836,0.2395,38.58,95,92,147958
1.5885,0.2346,38.52,95,92,147961
1.5885,0.2346,38.58,95,92,147965
1.5982,0.2346,38.55,95,92,147969
1.6569,0.2395,38.43,95,92,147972
1.5934,0.2395,37.83,95,92,147976
1.5982,0.2542,38.55,95,92,147979
1.5885,0.2297,38.62,95,92,147982
1.5982,0.2346,38.65,95,92,147986
1.6373,0.2395,38.52,95,92,147989
1.6373,0.2297,38.58,95,92,147992
1.6667,0.2444,38.02,95,92,147996
1.6422,0.2590,38.62,95,92,147999
1.6520,0.2346,38.62,95,92,148002
1.6716,0.2346,38.49,95,92,148005
1.6764,0.2346,38.62,95,92,148009
1.7058,0.2395,38.43,95,92,148013
1.6813,0.2395,38.62,95,92,148016
1.6960,0.2346,38.62,95,92,148020
1.7155,0.2444,38.65,95,92,148023
1.7107,0.2395,38.58,95,92,148026
1.7351,0.2444,38.36,95,92,148030
1.7058,0.2444,38.52,95,92,148033
1.6960,0.2297,38.62,95,92,148036
1.7155,0.2590,38.52,95,92,148040
1.7253,0.2346,38.62,95,92,148043
1.7840,0.2493,38.40,95,92,148046
1.7498,0.2346,38.43,95,92,148050
1.7400,0.2346,38.55,95,92,148054
1.7400,0.2395,38.71,95,92,148057
1.7400,0.2444,38.58,95,92,148060
1.7937,0.2542,38.46,95,92,148064
1.7742,0.2297,38.46,95,92,148067
1.7791,0.2395,38.49,95,92,148070
1.7889,0.2395,38.58,95,92,148074
1.7595,0.2346,38.62,95,92,148077
1.7693,0.2297,38.71,95,92,148081
1.8035,0.2395,38.49,95,92,148084
1.7840,0.2297,38.58,95,92,148087
1.8133,0.2395,38.43,95,92,148091
1.7986,0.2395,38.52,95,92,148094
1.7986,0.2346,38.62,95,92,148098
1.8182,0.2444,38.55,95,92,148101
1.7986,0.2346,38.58,95,92,148105
1.8573,0.2444,38.49,95,92,148108
1.8426,0.2395,38.52,95,92,148111
1.8328,0.2297,38.58,95,92,148115
1.8475,0.2395,38.62,95,92,148118
1.8475,0.2346,38.62,95,92,148121
1.9110,0.2493,38.30,95,92,148125
1.8866,0.2346,38.52,95,92,148128
1.9062,0.2346,38.62,95,92,148131
1.9062,0.2395,38.55,95,92,148135
1.9013,0.2346,38.62,95,92,148139
1.9453,0.2542,38.46,95,92,148142
1.9013,0.2395,38.52,95,92,148145
1.8866,0.2346,38.49,95,92,148149
1.8719,0.2737,38.58,95,92,148152
1.8768,0.2346,38.62,95,92,148155
1.9110,0.2444,38.84,95,92,148159
1.8915,0.2346,38.58,95,92,148162
1.9013,0.2297,38.49,95,92,148165
1.8768,0.2395,38.58,95,92,148169
1.8671,0.2346,38.58,95,92,148172
1.8817,0.2395,38.55,95,92,148175
1.8524,0.2590,38.58,95,92,148179
1.8719,0.2444,38.49,95,92,148183
1.8377,0.2346,38.58,95,92,148186
1.8328,0.2346,38.68,95,92,148189
1.8426,0.2346,38.52,95,92,148193
1.8328,0.2395,38.65,95,92,148196
1.8573,0.2395,38.74,95,92,148199
1.8280,0.2346,38.62,95,92,148203
1.8231,0.2346,38.30,95,92,148206
1.8231,0.2590,38.55,95,92,148209
1.7889,0.2346,38.62,95,92,148213
1.8133,0.2444,38.33,95,92,148216
1.7791,0.2395,38.55,95,92,148219
1.7644,0.2346,38.62,95,92,148224
1.7644,0.2297,38.55,95,92,148227
1.7498,0.2346,38.62,95,92,148230
1.7937,0.2444,38.36,95,92,148233
1.7400,0.2493,38.62,95,92,148237
1.7204,0.2346,38.52,95,92,148240
1.7058,0.2395,38.58,95,92,148243
1.7107,0.2346,38.58,95,92,148247
1.7644,0.2395,38.46,95,92,148250
1.7351,0.2395,38.62,95,92,148253
1.7449,0.2444,38.46,95,92,148257
1.7253,0.2395,38.62,95,92,148260
1.7400,0.2346,38.68,95,92,148263
1.7449,0.2444,38.55,95,92,148268
1.7351,0.2395,38.58,95,92,148271
1.7595,0.2395,38.49,95,92,148274
1.7253,0.2346,38.58,95,92,148278
1.7204,0.2346,38.58,95,92,148281
1.7400,0.2444,38.49,95,92,148284
1.7058,0.2395,38.58,95,92,148287
1.7546,0.2395,38.40,95,92,148291
1.6960,0.2395,38.52,95,92,148294
1.6813,0.2493,38.58,95,92,148297
1.6911,0.2395,38.49,95,92,148301
1.6716,0.2346,38.62,95,92,148304
1.7107,0.2444,38.33,95,92,148307
1.6764,0.2346,38.52,95,92,148312
1.6618,0.2346,38.62,95,92,148315
1.6667,0.2395,38.58,95,92,148318
1.6520,0.2346,38.58,95,92,148322
1.6960,0.2590,38.36,95,92,148325
1.6667,0.2346,38.55,95,92,148328
1.6716,0.2346,38.58,95,92,148331
1.6862,0.2395,38.58,95,92,148335
1.6911,0.2297,38.65,95,92,148338
1.7449,0.2493,38.46,95,92,148341
1.7253,0.2444,38.55,95,92,148345
1.7449,0.2395,38.52,95,92,148348
1.7302,0.2688,38.58,95,92,148352
1.7498,0.2444,38.62,95,92,148356
1.7840,0.2444,37.80,95,92,148359
1.7693,0.2444,38.58,95,92,148362
1.7889,0.2297,38.46,95,92,148366
1.7742,0.2346,38.71,95,92,148369
1.7693,0.2395,38.62,95,92,148372
1.7840,0.2395,38.49,95,92,148375
1.7498,0.2395,38.65,95,92,148379
1.7742,0.2395,38.49,95,92,148382
1.7009,0.2346,38.58,95,92,148385
1.6813,0.2346,38.62,95,92,148389
1.6813,0.2395,38.43,95,92,148392
1.6471,0.2395,38.62,95,92,148396
1.6618,0.2346,38.36,95,92,148400
1.6227,0.2346,38.62,95,92,148403
1.6227,0.2639,38.65,95,92,148406
1.6325,0.2444,38.55,95,92,148410
1.6178,0.2590,38.68,95,92,148413
1.6618,0.2493,38.30,95,92,148416
1.6325,0.2395,38.55,95,92,148419
1.6178,0.2346,38.62,95,92,148423
1.6178,0.2395,38.58,95,92,148426
1.6080,0.2346,38.65,95,92,148429
1.6618,0.2639,38.40,95,92,148433
1.6325,0.2444,38.55,95,92,148436
1.6276,0.2542,38.52,95,92,148440
1.6373,0.2395,38.62,95,92,148444
1.6471,0.2346,38.68,95,92,148447
1.6862,0.2493,38.46,95,92,148450
1.6667,0.2395,38.65,95,92,148454
1.6862,0.2395,38.46,95,92,148457
1.6764,0.2395,38.62,95,92,148460
1.6960,0.2346,38.58,95,92,148463
1.7400,0.2346,38.52,95,92,148467
1.7595,0.2395,38.58,95,92,148470
1.8328,0.2444,38.58,95,92,148473
1.8866,0.2395,38.65,95,92,148477
1.9990,0.2346,37.87,95,92,148481
2.1896,0.2444,38.49,95,92,148484
2.3705,0.2297,38.58,95,92,148488
2.6442,0.2395,38.43,95,92,148491
2.8690,0.2395,38.49,95,92,148494
3.0792,0.2346,38.62,95,92,148498
3.2405,0.2493,38.58,95,92,148501
3.1769,0.2346,38.58,95,92,148504
3.0450,0.2493,38.36,95,92,148507
2.6833,0.2395,38.55,95,92,148511
2.3460,0.2346,38.62,95,92,148514
2.0723,0.2346,38.55,95,92,148517
1.8182,0.2346,38.62,95,92,148521
1.6813,0.2493,38.30,95,92,148525
1.5005,0.2346,38.52,95,92,148528
1.3978,0.2346,38.62,95,92,148532
1.3490,0.2395,38.58,95,92,148535
1.3343,0.2444,38.68,95,92,148538
1.3392,0.2542,38.52,95,92,148541
1.3001,0.2444,38.68,95,92,148545
1.3392,0.2346,38.55,95,92,148548
1.3245,0.2444,38.58,95,92,148551
1.3441,0.2346,38.62,95,92,148555
1.3881,0.2493,38.46,95,92,148558
1.3832,0.2444,38.58,95,92,148561
1.4174,0.2346,38.49,95,92,148566
1.4125,0.2395,38.74,95,92,148569
1.4272,0.2346,38.58,95,92,148572
1.4663,0.2444,38.52,95,92,148576
1.4614,0.2395,38.65,95,92,148579
1.5005,0.2542,38.49,95,92,148582
1.5249,0.2346,38.58,95,92,148585
1.5054,0.2346,38.62,95,92,148589
1.5249,0.2444,38.52,95,92,148592
1.5152,0.2395,38.62,95,92,148595
1.5494,0.2395,38.52,95,92,148599
1.5445,0.2395,38.62,95,92,148602
1.5494,0.2346,38.62,95,92,148605
1.5689,0.2639,38.52,95,92,148610
1.5640,0.2346,38.62,95,92,148613
1.6031,0.2444,38.40,95,92,148616
1.5934,0.2395,38.49,95,92,148620
1.5934,0.2297,38.65,95,92,148623
1.6080,0.2395,38.55,95,92,148626
1.6031,0.2444,38.62,95,92,148629
1.6618,0.2493,38.40,95,92,148633
1.6618,0.2444,38.49,95,92,148636
1.6276,0.2297,38.55,95,92,148639
1.6373,0.2444,38.55,95,92,148643
1.6618,0.2346,38.62,95,92,148646
1.6960,0.2493,38.46,95,92,148649
1.6618,0.2346,38.55,95,92,148654
1.6667,0.2346,38.46,95,92,148657
1.6569,0.2737,38.58,95,92,148660
1.6569,0.2346,38.58,95,92,148664
1.6764,0.2444,38.52,95,92,148667
1.6618,0.2395,38.58,95,92,148670
1.6716,0.2395,38.52,95,92,148673
1.6422,0.2395,38.62,95,92,148677
1.6520,0.2346,38.62,95,92,148680
1.6813,0.2493,38.49,95,92,148683
1.6764,0.2444,38.52,95,92,148687
1.6618,0.2346,38.58,95,92,148690
1.7107,0.2444,38.33,95,92,148695
1.7009,0.2346,38.49,95,92,148698
1.6813,0.2297,38.62,95,92,148701
1.6960,0.2444,38.62,95,92,148705
1.6911,0.2346,38.58,95,92,148708
1.7449,0.2590,38.33,95,92,148711
1.7155,0.2346,38.55,95,92,148715
1.7155,0.2346,38.52,95,92,148718
1.7204,0.2395,38.77,95,92,148721
1.7253,0.2444,38.58,95,92,148724
1.7693,0.2542,38.46,95,92,148728
1.7595,0.2395,38.46,95,92,148731
1.7742,0.2346,38.55,95,92,148734
1.7742,0.2395,38.68,95,92,148739
1.7840,0.2688,38.62,95,92,148742
1.8377,0.2493,38.43,95,92,148745
1.8084,0.2395,38.81,95,92,148749
1.8328,0.2590,38.43,95,92,148752
1.8182,0.2444,38.62,95,92,148755
1.8231,0.2297,38.62,95,92,148759
1.8524,0.2444,38.52,95,92,148762
1.8475,0.2395,38.62,95,92,148765
1.8768,0.2346,38.52,95,92,148768
1.8573,0.2346,38.58,95,92,148772
1.8622,0.2297,38.62,95,92,148775
1.8817,0.2542,38.52,95,92,148779
1.8768,0.2346,38.58,95,92,148783
1.9013,0.2395,38.36,95,92,148786
1.8573,0.2346,38.68,95,92,148789
1.8671,0.2346,38.58,95,92,148793
1.8768,0.2444,38.49,95,92,148796
1.8671,0.2346,38.62,95,92,148799
1.9159,0.2493,38.30,95,92,148803
1.8817,0.2395,38.49,95,92,148806
1.8573,0.2297,38.58,95,92,148809
1.8524,0.2444,38.58,95,92,148812
1.8377,0.2346,38.62,95,92,148816
1.8768,0.2542,38.77,95,92,148819
1.8377,0.2444,38.52,95,92,148823
1.8182,0.2346,38.52,95,92,148827
1.8133,0.2493,38.62,95,92,148830
1.8182,0.2346,38.58,95,92,148833
1.8426,0.2493,38.58,95,92,148837
1.8084,0.2444,38.58,95,92,148840
1.8182,0.2395,38.49,95,92,148843
1.7840,0.2395,38.58,95,92,148847
1.7742,0.2542,38.65,95,92,148850
1.7889,0.2444,38.55,95,92,148853
1.7791,0.2346,38.81,95,92,148856
1.7986,0.2444,38.46,95,92,148860
1.7791,0.2395,38.49,95,92,148864
1.7840,0.2346,38.62,95,92,148867
1.8084,0.2395,38.49,95,92,148871
1.7889,0.2395,38.65,95,92,148874
1.8084,0.2444,38.43,95,92,148877
1.7937,0.2395,38.52,95,92,148881
1.7840,0.2346,38.74,95,92,148884
1.8035,0.2395,38.49,95,92,148887
1.7791,0.2395,38.58,95,92,148890
1.8133,0.2444,38.36,95,92,148894
1.7791,0.2444,38.52,95,92,148897
1.7693,0.2346,38.62,95,92,148900
1.7791,0.2444,38.62,95,92,148904
1.7644,0.2346,38.62,95,92,148908
1.8035,0.2493,38.30,95,92,148911
1.7693,0.2395,38.49,95,92,148915
1.7644,0.2346,38.68,95,92,148918
1.7742,0.2395,38.58,95,92,148921
1.7644,0.2542,38.58,95,92,148925
1.8182,0.2542,38.43,95,92,148928
1.7889,0.2444,38.36,95,92,148931
1.7791,0.2346,38.52,95,92,148934
1.7791,0.2395,38.55,95,92,148938
1.7840,0.2395,38.62,95,92,148941
1.8231,0.2444,38.43,95,92,148944
1.8035,0.2444,38.52,95,92,148948
1.8280,0.2297,38.49,95,92,148952
1.8133,0.2395,38.58,95,92,148955
1.8231,0.2395,38.62,95,92,148959
1.8622,0.2444,38.52,95,92,148962
1.8524,0.2346,38.65,95,92,148965
1.8866,0.2542,38.49,95,92,148969
1.8671,0.2346,38.68,95,92,148972
1.8768,0.2346,38.62,95,92,148975
1.8964,0.2395,38.49,95,92,148978
1.8915,0.2297,38.62,95,92,148982
1.9355,0.2395,38.52,95,92,148985
1.9208,0.2297,38.62,95,92,148988
1.9306,0.2346,37.83,95,92,148993
1.9453,0.2786,38.55,95,92,148996
1.9159,0.2346,38.58,95,92,148999
1.9501,0.2444,38.33,95,92,149003
1.9013,0.2297,38.52,95,92,149006
1.8671,0.2346,38.58,95,92,149009
1.8622,0.2395,38.55,95,92,149013
1.8426,0.2346,38.58,95,92,149016
1.8866,0.2542,38.36,95,92,149019
1.8377,0.2444,38.46,95,92,149023
1.8182,0.2346,38.55,95,92,149026
1.8084,0.2395,38.62,95,92,149029
1.7937,0.2346,38.58,95,92,149032
1.8280,0.2444,38.46,95,92,149037
1.7840,0.2395,38.58,95,92,149040
1.7791,0.2297,38.49,95,92,149043
1.7546,0.2297,38.58,95,92,149047
1.7546,0.2346,38.62,95,92,149050
1.7742,0.2444,38.55,95,92,149053
1.7644,0.2395,38.58,95,92,149057
1.7742,0.2395,38.46,95,92,149060
1.7449,0.2346,38.58,95,92,149063
1.7498,0.2346,38.62,95,92,149066
1.7742,0.2444,38.36,95,92,149070
1.7546,0.2297,38.62,95,92,149073
1.7742,0.2395,38.46,95,92,149076
1.7546,0.2395,38.55,95,92,149081
1.7595,0.2346,38.62,95,92,149084
1.7937,0.2590,38.49,95,92,149087
1.7937,0.2346,38.68,95,92,149091
1.8622,0.2444,38.36,95,92,149094
1.8817,0.2395,38.62,95,92,149097
1.9355,0.2346,38.62,95,92,149101
2.0528,0.2444,38.77,95,92,149104
2.1652,0.2346,38.62,95,92,149107
2.4145,0.2395,38.33,95,92,149110
2.5513,0.2346,38.52,95,92,149114
2.7810,0.2395,38.62,95,92,149117
3.0303,0.2395,38.58,95,92,149121
3.2014,0.2395,38.62,95,92,149125
3.3773,0.2493,38.40,95,92,149128
3.1867,0.2444,38.55,95,92,149131
2.9228,0.2346,38.52,95,92,149135
2.6149,0.2395,38.58,95,92,149138
2.3167,0.2346,38.71,95,92,149141
2.1065,0.2444,38.43,95,92,149145
1.8671,0.2395,38.55,95,92,149148
1.7155,0.2444,38.55,95,92,149151
1.5787,0.2395,38.58,95,92,149154
1.4907,0.2346,38.46,95,92,149158
1.4712,0.2493,38.49,95,92,149161
1.4223,0.2297,38.62,95,92,149165
1.4223,0.2493,38.52,95,92,149169
1.4370,0.2346,38.62,95,92,149172
1.4272,0.2346,38.65,95,92,149175
1.4761,0.2395,38.52,95,92,149179
1.4809,0.2395,38.62,95,92,149182
1.5152,0.2444,38.40,95,92,149185
1.5103,0.2297,38.58,95,92,149189
1.5298,0.2346,37.83,95,92,149192
1.5591,0.2395,38.55,95,92,149195
1.5591,0.2395,38.71,95,92,149198
1.6129,0.2493,38.33,95,92,149202
1.6129,0.2444,38.52,95,92,149206
1.6178,0.2346,38.58,95,92,149209
1.6422,0.2346,38.62,95,92,149213
1.6520,0.2346,38.62,95,92,149216
1.7107,0.2786,38.36,95,92,149219
1.6911,0.2395,38.49,95,92,149223
1.6862,0.2346,38.52,95,92,149226
1.7058,0.2444,38.62,95,92,149229
1.6960,0.2346,38.58,95,92,149233
1.7400,0.2493,38.46,95,92,149236
1.7107,0.2395,38.55,95,92,149239
1.7058,0.2346,38.52,95,92,149242
1.7058,0.2395,38.58,95,92,149246
1.7058,0.2346,38.58,95,92,149250
1.7253,0.2444,38.52,95,92,149253
1.7107,0.2395,38.65,95,92,149257
1.7302,0.2444,38.46,95,92,149260
1.7107,0.2395,38.71,95,92,149263
1.7204,0.2346,38.62,95,92,149267
1.7644,0.2493,38.49,95,92,149270
1.7449,0.2346,38.58,95,92,149273
1.7889,0.2395,38.46,95,92,149277
1.7546,0.2346,38.62,95,92,149280
1.7693,0.2493,38.58,95,92,149283
1.7889,0.2444,38.46,95,92,149286
1.7742,0.2493,38.58,95,92,149291
1.8084,0.2444,38.43,95,92,149294
1.8426,0.2542,38.33,95,92,149298
1.8133,0.2395,38.49,95,92,149301
1.8182,0.2346,38.52,95,92,149304
1.8280,0.2395,38.62,95,92,149308
1.8280,0.2444,38.65,95,92,149311
1.8719,0.2493,38.46,95,92,149314
1.8328,0.2395,38.58,95,92,149318
1.8426,0.2444,38.49,95,92,149321
1.8328,0.2395,38.74,95,92,149324
1.8377,0.2346,38.62,95,92,149328
1.8768,0.2444,38.43,95,92,149331
1.8524,0.2395,38.52,95,92,149335
1.8768,0.2444,38.46,95,92,149338
1.8573,0.2395,38.62,95,92,149342
1.8573,0.2346,38.58,95,92,149345
1.8768,0.2297,38.49,95,92,149348
1.8573,0.2395,38.55,95,92,149352
1.8817,0.2395,38.49,95,92,149355
1.8573,0.2297,38.55,95,92,149358
1.8671,0.2346,38.58,95,92,149362
1.8817,0.2444,38.49,95,92,149365
1.8817,0.2395,38.65,95,92,149368
1.9306,0.2395,38.36,95,92,149372
1.9013,0.2346,38.62,95,92,149376
1.9208,0.2346,38.62,95,92,149379
1.9501,0.2444,38.55,95,92,149383
1.9453,0.2248,38.68,95,92,149386
2.0039,0.2493,38.30,95,92,149389
1.9746,0.2395,38.52,95,92,149392
1.9648,0.2346,38.58,95,92,149396
1.9697,0.2395,38.58,95,92,149399
1.9599,0.2297,38.52,95,92,149402
2.0137,0.2542,38.43,95,92,149406
1.9697,0.2444,38.52,95,92,149409
1.9599,0.2346,38.52,95,92,149412
1.9550,0.2395,38.58,95,92,149416
1.9550,0.2346,38.65,95,92,149420
1.9844,0.2493,38.49,95,92,149423
1.9501,0.2395,38.58,95,92,149426
1.9550,0.2395,38.46,95,92,149430
1.9257,0.2395,38.62,95,92,149433
1.9208,0.2346,38.62,95,92,149436
1.9404,0.2395,38.55,95,92,149440
1.9257,0.2493,38.58,95,92,149443
1.9501,0.2297,38.52,95,92,149446
1.9159,0.2444,38.58,95,92,149450
1.9208,0.2346,38.62,95,92,149453
1.9453,0.2444,38.49,95,92,149456
1.9110,0.2444,38.62,95,92,149460
1.9355,0.2297,38.40,95,92,149464
1.9013,0.2395,38.52,95,92,149467
1.8817,0.2346,38.68,95,92,149470
1.8964,0.2493,38.49,95,92,149474
1.8671,0.2346,38.62,95,92,149477
1.9159,0.2444,38.36,95,92,149480
1.8671,0.2346,38.58,95,92,149484
1.8573,0.2395,38.62,95,92,149487
1.8622,0.2395,38.58,95,92,149490
1.8524,0.2346,38.58,95,92,149494
1.9013,0.2542,38.30,95,92,149497
1.8524,0.2395,38.52,95,92,149500
1.8524,0.2346,38.62,95,92,149505
1.8475,0.2444,38.58,95,92,149508
1.8426,0.2346,38.65,95,92,149511
1.8915,0.2590,38.49,95,92,149514
1.8671,0.2444,38.55,95,92,149518
1.8671,0.2346,38.49,95,92,149521
1.8573,0.2395,38.65,95,92,149524
1.8524,0.2346,38.65,95,92,149528
1.8768,0.2444,38.43,95,92,149531
1.8475,0.2395,38.52,95,92,149534
1.8719,0.2493,38.49,95,92,149538
1.8524,0.2346,38.62,95,92,149541
1.8622,0.2395,38.62,95,92,149544
1.8915,0.2444,38.49,95,92,149549
1.8817,0.2395,38.58,95,92,149552
1.9208,0.2395,38.46,95,92,149555
1.9208,0.2346,38.58,95,92,149558
1.9062,0.2346,38.62,95,92,149562
1.9208,0.2395,38.49,95,92,149565
1.9110,0.2395,38.58,95,92,149568
1.9404,0.2444,38.40,95,92,149572
1.9062,0.2395,38.62,95,92,149575
1.9013,0.2346,38.52,95,92,149578
1.9355,0.2444,38.52,95,92,149582
1.9208,0.2297,38.62,95,92,149585
1.9795,0.2493,37.96,95,92,149588
1.9550,0.2395,38.52,95,92,149593
1.9453,0.2346,38.62,95,92,149596
1.9599,0.2493,38.62,95,92,149599
1.9648,0.2346,38.62,95,92,149602
2.0430,0.2590,38.58,95,92,149606
2.0186,0.2346,38.55,95,92,149609
2.0332,0.2346,38.55,95,92,149612
2.0186,0.2395,38.58,95,92,149616
2.0088,0.2297,38.58,95,92,149619
2.0479,0.2493,38.52,95,92,149622
2.0088,0.2542,38.52,95,92,149626
1.9990,0.2639,38.55,95,92,149629
1.9844,0.2395,38.58,95,92,149633
1.9501,0.2395,38.62,95,92,149636
1.9501,0.2444,38.55,95,92,149640
1.8915,0.2395,38.58,95,92,149643
1.8866,0.2688,38.55,95,92,149646
1.8573,0.2395,38.68,95,92,149650
1.8573,0.2395,38.62,95,92,149653
1.8866,0.2493,38.49,95,92,149656
1.8426,0.2395,38.62,95,92,149660
1.8622,0.2395,38.46,95,92,149663
1.8182,0.2346,38.58,95,92,149666
1.8182,0.2346,38.62,95,92,149670
1.8426,0.2444,38.52,95,92,149673
1.8280,0.2297,38.62,95,92,149677
1.9013,0.2395,38.43,95,92,149680
1.8377,0.2395,37.83,95,92,149684
1.8328,0.2346,38.62,95,92,149687
1.8475,0.2444,38.58,95,92,149690
1.8328,0.2346,38.71,95,92,149694
1.8768,0.2493,38.33,95,92,149697
1.8426,0.2346,38.58,95,92,149700
1.8524,0.2346,38.62,95,92,149704
1.8524,0.2395,38.58,95,92,149707
1.8328,0.2346,38.58,95,92,149710
1.8768,0.2542,38.40,95,92,149714
1.8573,0.2444,38.58,95,92,149718
1.8573,0.2346,38.49,95,92,149721
1.8719,0.2395,38.65,95,92,149724
1.8964,0.2346,38.58,95,92,149728
1.9941,0.2493,38.43,95,92,149731
2.0674,0.2395,38.52,95,92,149734
2.2336,0.2639,38.46,95,92,149738
2.4194,0.2297,38.62,95,92,149741
2.6637,0.2346,38.62,95,92,149744
2.9912,0.2493,38.52,95,92,149748
3.1623,0.2395,38.58,95,92,149751
3.3627,0.2444,38.52,95,92,149754
3.3333,0.2297,38.65,95,92,149758
3.1916,0.2297,38.62,95,92,149762
2.9277,0.2395,38.52,95,92,149765
2.6051,0.2346,38.62,95,92,149768
2.3265,0.2395,38.43,95,92,149772
2.0430,0.2590,38.62,95,92,149775
1.8719,0.2346,38.62,95,92,149778
1.7155,0.2444,38.55,95,92,149782
1.6031,0.2346,38.62,95,92,149785
1.5494,0.2444,38.36,95,92,149788
1.4809,0.2493,38.52,95,92,149792
1.4467,0.2346,38.62,95,92,149795
1.4321,0.2688,38.55,95,92,149798
1.4272,0.2297,38.68,95,92,149803
1.4858,0.2493,38.46,95,92,149806
1.4809,0.2297,38.46,95,92,149809
1.4858,0.2346,38.55,95,92,149812
1.5005,0.2444,38.65,95,92,149816
1.5103,0.2444,38.65,95,92,149819
1.5689,0.2542,38.43,95,92,149822
1.5591,0.2444,38.62,95,92,149826
1.5738,0.2444,38.52,95,92,149829
1.5836,0.2395,38.62,95,92,149832
1.5982,0.2346,38.62,95,92,149836
1.6227,0.2444,38.52,95,92,149839
1.6080,0.2346,38.68,95,92,149842
1.6373,0.2395,38.46,95,92,149847
1.6080,0.2346,38.58,95,92,149850
1.6080,0.2444,38.58,95,92,149853
1.6422,0.2493,38.49,95,92,149856
1.6276,0.2542,38.62,95,92,149860
1.6569,0.2346,38.46,95,92,149863
1.6471,0.2346,38.55,95,92,149866
1.6667,0.2346,38.68,95,92,149870
1.7058,0.2444,38.46,95,92,149873
1.7009,0.2395,38.62,95,92,149876
1.7498,0.2444,38.43,95,92,149880
1.7155,0.2346,38.49,95,92,149883
1.7204,0.2395,38.62,95,92,149886
1.7253,0.2444,38.55,95,92,149891
1.7058,0.2590,38.68,95,92,149894
1.7449,0.2542,38.33,95,92,149897
1.7107,0.2542,38.55,95,92,149900
1.7058,0.2346,38.62,95,92,149904
1.7009,0.2395,38.58,95,92,149907
1.7155,0.2346,38.65,95,92,149911
1.7595,0.2395,38.62,95,92,149914
1.7791,0.2444,38.43,95,92,149917
1.7595,0.2346,38.55,95,92,149921
1.7889,0.2395,38.46,95,92,149924
1.7400,0.2395,38.62,95,92,149927
1.7400,0.2346,38.58,95,92,149932
1.8035,0.2444,38.49,95,92,149935
1.7644,0.2297,38.62,95,92,149938
1.7937,0.2395,38.46,95,92,149942
1.7889,0.2346,38.58,95,92,149945
1.7595,0.2346,38.62,95,92,149948
1.7693,0.2395,38.52,95,92,149951
1.7595,0.2444,38.62,95,92,149955
1.8133,0.2395,38.40,95,92,149958
1.7791,0.2346,38.62,95,92,149961
1.7889,0.2346,38.62,95,92,149965
1.7986,0.2444,38.55,95,92,149968
1.7791,0.2346,38.62,95,92,149971
1.7986,0.2444,38.33,95,92,149976
1.7498,0.2493,38.52,95,92,149979
1.7400,0.2297,38.65,95,92,149982
1.7546,0.2444,38.55,95,92,149986
1.7498,0.2346,38.62,95,92,149989
1.8035,0.2590,38.49,95,92,149992
1.7693,0.2542,38.49,95,92,149995
1.7840,0.2346,38.52,95,92,149999
1.7986,0.2395,38.65,95,92,150002
1.8035,0.2688,38.58,95,92,150005
1.8573,0.2444,38.46,95,92,150009
1.8377,0.2395,38.55,95,92,150012
1.8866,0.2444,38.49,95,92,150016
1.8622,0.2395,38.62,95,92,150020
1.8915,0.2346,38.62,95,92,150023
1.8719,0.2444,38.55,95,92,150026
1.8475,0.2297,38.58,95,92,150030
1.8768,0.2444,38.49,95,92,150033
1.8377,0.2395,38.62,95,92,150036
1.8426,0.2346,38.62,95,92,150040
1.8671,0.2444,38.40,95,92,150043
1.8475,0.2444,38.58,95,92,150046
1.8671,0.2395,38.49,95,92,150049
1.8426,0.2346,38.52,95,92,150053
1.8231,0.2395,38.58,95,92,150056
1.8280,0.2444,38.49,95,92,150060
1.8084,0.2395,38.62,95,92,150064
1.8622,0.2297,38.36,95,92,150067
1.8280,0.2346,38.52,95,92,150070
1.8280,0.2444,38.58,95,92,150074
1.8133,0.2395,38.65,95,92,150077
1.7986,0.2248,38.58,95,92,150080
1.8475,0.2493,38.36,95,92,150083
1.8133,0.2395,38.49,95,92,150087
1.8280,0.2346,38.58,95,92,150090
1.8231,0.2395,38.71,95,92,150093
1.8133,0.2346,38.62,95,92,150097
1.8475,0.2493,38.49,95,92,150100
1.8133,0.2395,38.55,95,92,150104
1.8182,0.2346,38.49,95,92,150108
1.8280,0.2395,38.62,95,92,150111
1.8182,0.2297,38.62,95,92,150114
1.8377,0.2444,38.43,95,92,150118
1.8035,0.2297,38.58,95,92,150121
1.8182,0.2395,38.43,95,92,150124
1.7937,0.2444,38.62,95,92,150128
1.7937,0.2346,38.62,95,92,150131
1.8035,0.2395,38.55,95,92,150134
1.7986,0.2395,38.58,95,92,150137
1.8622,0.2346,38.46,95,92,150141
1.8671,0.2395,38.58,95,92,150145
1.8866,0.2346,38.62,95,92,150148
1.8964,0.2639,38.52,95,92,150152
1.8719,0.2444,38.65,95,92,150155
1.9062,0.2444,38.40,95,92,150158
1.8475,0.2346,38.58,95,92,150162
1.8377,0.2346,38.62,95,92,150165
1.8475,0.2444,38.58,95,92,150168
1.8280,0.2346,38.62,95,92,150172
1.9110,0.2493,38.43,95,92,150175
1.9110,0.2444,38.52,95,92,150178
1.9159,0.2346,38.62,95,92,150181
1.9355,0.2444,38.62,95,92,150185
1.9599,0.2346,38.68,95,92,150189
1.9795,0.2542,38.43,95,92,150192
1.9453,0.2395,38.55,95,92,150196
1.9306,0.2297,38.58,95,92,150199
1.8964,0.2346,38.65,95,92,150202
1.8866,0.2346,38.62,95,92,150206
1.9208,0.2444,38.43,95,92,150209
1.8866,0.2395,38.58,95,92,150212
1.9013,0.2395,38.49,95,92,150216
1.8915,0.2590,38.58,95,92,150219
1.9110,0.2297,38.62,95,92,150222
1.9453,0.2395,38.52,95,92,150226
1.9550,0.2395,38.58,95,92,150230
1.9892,0.2444,38.49,95,92,150233
1.9550,0.2395,38.65,95,92,150236
1.9795,0.2346,38.62,95,92,150240
2.0137,0.2590,38.46,95,92,150243
1.9844,0.2346,38.58,95,92,150246
1.9990,0.2395,38.43,95,92,150250
1.9501,0.2395,38.52,95,92,150253
1.9208,0.2346,38.62,95,92,150256
1.9453,0.2590,38.52,95,92,150260
1.9110,0.2395,38.58,95,92,150263
1.9404,0.2297,38.33,95,92,150266
1.8817,0.2395,38.55,95,92,150270
1.8768,0.2346,38.62,95,92,150274
1.8964,0.2395,38.62,95,92,150277
1.8719,0.2346,38.62,95,92,150280
1.9013,0.2590,38.36,95,92,150284
1.8524,0.2444,38.52,95,92,150287
1.8377,0.2346,38.55,95,92,150290
1.8133,0.2395,38.65,95,92,150294
1.8182,0.2346,38.62,95,92,150297
1.8377,0.2493,38.55,95,92,150300
1.8133,0.2444,38.58,95,92,150304
1.8133,0.2395,38.49,95,92,150307
1.7889,0.2444,38.62,95,92,150310
1.7937,0.2297,38.62,95,92,150315
1.8231,0.2444,38.40,95,92,150318
1.7986,0.2395,38.58,95,92,150321
1.8133,0.2444,38.49,95,92,150324
1.7937,0.2346,38.62,95,92,150328
1.7889,0.2346,38.62,95,92,150331
1.8084,0.2395,38.52,95,92,150334
1.8035,0.2346,38.58,95,92,150338
1.8671,0.2395,38.46,95,92,150341
1.8573,0.2346,38.52,95,92,150344
1.8573,0.2346,38.62,95,92,150348
1.9257,0.2444,38.52,95,92,150351
1.9892,0.2346,38.58,95,92,150354
2.1359,0.2346,38.36,95,92,150359
2.2336,0.2297,38.62,95,92,150362
2.4291,0.2346,38.62,95,92,150365
2.6979,0.2444,38.58,95,92,150368
2.9521,0.2395,38.62,95,92,150372
3.2698,0.2542,38.30,95,92,150375
3.3578,0.2395,38.52,95,92,150378
3.3138,0.2346,38.96,95,92,150382
3.1183,0.2395,38.62,95,92,150385
2.7713,0.2346,38.62,95,92,150388
2.4976,0.2639,38.40,95,92,150392
2.1505,0.2444,38.52,95,92,150395
1.8915,0.2346,38.52,95,92,150398
1.7009,0.2493,38.62,95,92,150403
1.5885,0.2346,38.62,95,92,150406
1.5005,0.2444,38.43,95,92,150409
1.4223,0.2395,38.62,95,92,150412
1.3881,0.2297,38.49,95,92,150416
1.3539,0.2346,38.65,95,92,150419
1.3539,0.2346,38.58,95,92,150422
1.3930,0.2395,38.55,95,92,150426
1.4174,0.2395,38.62,95,92,150429
1.4614,0.2444,38.52,95,92,150432
1.4467,0.2346,38.62,95,92,150436
1.4907,0.2346,38.62,95,92,150439
1.4907,0.2444,38.49,95,92,150443
1.4858,0.2542,38.62,95,92,150447
1.5445,0.2395,38.43,95,92,150450
1.5200,0.2346,38.49,95,92,150453
1.5249,0.2395,38.58,95,92,150456
1.5640,0.2493,38.52,95,92,150460
1.5689,0.2346,38.71,95,92,150463
1.6227,0.2444,38.36,95,92,150466
1.6129,0.2346,38.58,95,92,150470
1.6178,0.2395,38.65,95,92,150473
1.6276,0.2395,38.58,95,92,150476
1.6325,0.2346,38.62,95,92,150480
1.6716,0.2493,38.33,95,92,150483
1.6276,0.2346,38.55,95,92,150487
1.6178,0.2542,38.58,95,92,150490
1.6178,0.2395,38.62,95,92,150494
1.6178,0.2395,38.62,95,92,150497
1.6667,0.2493,38.46,95,92,150500
1.6422,0.2395,38.62,95,92,150504
1.6471,0.2346,38.49,95,92,150507
1.6325,0.2346,38.55,95,92,150510
1.6276,0.2346,38.62,95,92,150514
1.6618,0.2444,38.43,95,92,150517
1.6960,0.2395,38.43,95,92,150521
1.6716,0.2493,38.62,95,92,150524
1.7009,0.2395,38.40,95,92,150528
1.6813,0.2346,37.80,95,92,150532
1.6960,0.2590,38.58,95,92,150535
1.7204,0.2493,38.55,95,92,150538
1.7107,0.2297,38.62,95,92,150542
1.7546,0.2444,38.36,95,92,150545
1.7253,0.2346,38.55,95,92,150548
1.7351,0.2297,38.71,95,92,150551
1.7546,0.2444,38.58,95,92,150555
1.7204,0.2346,38.65,95,92,150558
1.7693,0.2590,38.43,95,92,150561
1.7351,0.2395,38.55,95,92,150565
1.7351,0.2297,38.52,95,92,150568
1.7546,0.2297,38.62,95,92,150572
1.7546,0.2346,38.11,95,92,150576
1.7889,0.2542,38.40,95,92,150579
1.7595,0.2395,38.55,95,92,150582
1.7546,0.2346,38.52,95,92,150586
1.7351,0.2395,38.62,95,92,150589
1.7253,0.2346,38.71,95,92,150592
1.7546,0.2395,38.46,95,92,150595
1.7253,0.2395,38.58,95,92,150599
1.7449,0.2395,38.49,95,92,150602
1.7253,0.2395,38.62,95,92,150605
1.7302,0.2297,38.65,95,92,150609
1.7449,0.2346,38.52,95,92,150612
1.7546,0.2346,38.62,95,92,150616
1.7791,0.2346,38.46,95,92,150620
1.7693,0.2444,38.62,95,92,150623
1.7742,0.2297,38.62,95,92,150626
1.7937,0.2493,38.52,95,92,150630
1.7791,0.2297,38.62,95,92,150633
1.8231,0.2444,38.18,95,92,150636
1.8182,0.2346,38.49,95,92,150639
1.7937,0.2346,38.62,95,92,150643
1.8133,0.2346,38.55,95,92,150646
1.8133,0.2346,38.62,95,92,150649
1.8524,0.2493,38.33,95,92,150653
1.8182,0.2395,38.49,95,92,150657
1.8035,0.2297,38.58,95,92,150660
1.7986,0.2444,38.62,95,92,150664
1.7840,0.2346,38.62,95,92,150667
1.8328,0.2493,38.40,95,92,150670
1.7937,0.2395,38.62,95,92,150674
1.7937,0.2346,38.52,95,92,150677
1.7791,0.2395,37.93,95,92,150680
1.7937,0.2346,38.68,95,92,150683
1.8084,0.2493,38.49,95,92,150687
1.7840,0.2395,38.46,95,92,150690
1.7937,0.2395,38.46,95,92,150693
1.7693,0.2346,38.77,95,92,150697
1.7742,0.2346,38.65,95,92,150701
1.8035,0.2297,38.46,95,92,150704
1.7742,0.2444,38.62,95,92,150708
1.8035,0.2395,38.52,95,92,150711
1.7693,0.2297,38.58,95,92,150714
1.7693,0.2346,38.58,95,92,150718
1.7791,0.2395,38.49,95,92,150721
1.7546,0.2346,38.55,95,92,150724
1.7742,0.2346,38.40,95,92,150727
1.7449,0.2297,38.55,95,92,150731
1.7449,0.2346,38.52,95,92,150734
1.7693,0.2444,38.52,95,92,150737
1.7351,0.2346,38.62,95,92,150742
1.7693,0.2444,38.33,95,92,150745
1.7204,0.2297,38.55,95,92,150748
1.7204,0.2346,38.65,95,92,150752
1.7107,0.2395,38.55,95,92,150755
1.7107,0.2346,38.65,95,92,150758
1.7595,0.2542,38.33,95,92,150762
1.7253,0.2297,38.49,95,92,150765
1.7204,0.2297,38.52,95,92,150768
1.7302,0.2395,38.58,95,92,150771
1.7253,0.2346,38.62,95,92,150775
1.7693,0.2444,38.40,95,92,150778
1.7449,0.2395,38.55,95,92,150781
1.7498,0.2346,38.49,95,92,150786
1.7400,0.2346,38.62,95,92,150789
1.7400,0.2346,38.62,95,92,150792
1.7644,0.2444,38.46,95,92,150796
1.7400,0.2395,38.58,95,92,150799
1.7595,0.2297,38.46,95,92,150802
1.7400,0.2346,38.58,95,92,150806
1.7498,0.2346,38.62,95,92,150809
1.7742,0.2395,38.65,95,92,150812
1.7693,0.2688,38.55,95,92,150815
1.7986,0.2346,38.46,95,92,150819
1.7693,0.2493,38.58,95,92,150822
1.8035,0.2346,38.58,95,92,150825
1.8035,0.2444,38.49,95,92,150830
1.7791,0.2444,38.62,95,92,150833
1.8231,0.2395,38.36,95,92,150836
1.7937,0.2395,38.46,95,92,150840
1.7937,0.2346,38.58,95,92,150843
1.8182,0.2444,38.55,95,92,150846
1.8084,0.2395,38.58,95,92,150850
1.8671,0.2493,38.33,95,92,150853
1.8426,0.2688,38.43,95,92,150856
1.8475,0.2346,38.62,95,92,150859
1.8622,0.2297,38.58,95,92,150863
1.8573,0.2346,38.74,95,92,150866
1.9062,0.2590,38.40,95,92,150870
1.8475,0.2395,38.52,95,92,150874
1.8231,0.2297,38.58,95,92,150877
1.7937,0.2346,38.58,95,92,150880
1.7791,0.2346,38.58,95,92,150884
1.8084,0.2493,38.49,95,92,150887
1.7742,0.2395,38.62,95,92,150890
1.7742,0.2395,38.46,95,92,150894
1.7449,0.2297,38.62,95,92,150897
1.7302,0.2346,38.62,95,92,150900
1.7498,0.2542,38.46,95,92,150903
1.7155,0.2346,38.58,95,92,150907
1.7302,0.2493,38.46,95,92,150910
1.7058,0.2346,38.58,95,92,150914
1.7107,0.2346,38.55,95,92,150918
1.7107,0.2395,38.49,95,92,150921
1.6960,0.2297,38.58,95,92,150924
1.7351,0.2346,38.43,95,92,150928
1.7058,0.2346,38.55,95,92,150931
1.7107,0.2346,38.49,95,92,150934
1.7204,0.2444,38.49,95,92,150938
1.7107,0.2346,38.58,95,92,150941
1.7449,0.2444,38.43,95,92,150944
1.7107,0.2346,38.55,95,92,150947
1.7107,0.2346,38.71,95,92,150951
1.7155,0.2395,38.58,95,92,150955
1.7058,0.2346,38.58,95,92,150958
1.7693,0.2493,38.30,95,92,150962
1.7693,0.2395,38.52,95,92,150965
1.7742,0.2297,38.58,95,92,150968
1.8426,0.2346,38.68,95,92,150972
1.9062,0.2346,38.58,95,92,150975
2.0577,0.2542,38.81,95,92,150978
2.1701,0.2395,38.58,95,92,150982
2.3460,0.2297,38.52,95,92,150985
2.5513,0.2346,38.58,95,92,150988
2.7957,0.2444,38.68,95,92,150991
3.0743,0.2444,38.49,95,92,150995
3.2063,0.2346,38.58,95,92,150999
3.2698,0.2395,38.46,95,92,151002
3.0890,0.2346,38.62,95,92,151006
2.8152,0.2346,38.68,95,92,151009
2.5024,0.2346,38.62,95,92,151012
2.1945,0.2444,38.58,95,92,151016
1.9648,0.2395,38.49,95,92,151019
1.7351,0.2444,38.58,95,92,151022
1.5934,0.2346,38.62,95,92,151026
1.5005,0.2395,38.49,95,92,151029
1.4027,0.2346,38.62,95,92,151032
1.3832,0.2395,38.40,95,92,151035
1.3539,0.2346,38.52,95,92,151040
1.3343,0.2395,38.62,95,92,151043
1.3539,0.2444,38.55,95,92,151046
1.3587,0.2346,38.62,95,92,151050
1.4125,0.2444,38.46,95,92,151053
1.3978,0.2346,38.55,95,92,151056
1.4174,0.2346,38.62,95,92,151060
1.4712,0.2346,38.65,95,92,151063
1.4516,0.2297,38.62,95,92,151066
1.5249,0.2542,38.33,95,92,151070
1.5054,0.2395,38.52,95,92,151073
1.5249,0.2346,38.58,95,92,151076
1.5298,0.2590,38.58,95,92,151079
1.5445,0.2346,38.58,95,92,151084
1.5885,0.2493,38.46,95,92,151087
1.5738,0.2395,38.58,95,92,151090
1.5982,0.2395,38.49,95,92,151094
1.5885,0.2444,38.58,95,92,151097
1.6031,0.2297,38.62,95,92,151100
1.6373,0.2444,38.49,95,92,151104
1.6227,0.2297,38.62,95,92,151107
1.6569,0.2444,38.52,95,92,151110
1.6422,0.2248,38.55,95,92,151114
1.6520,0.2297,38.62,95,92,151117
1.6716,0.2346,38.55,95,92,151120
1.6618,0.2346,38.62,95,92,151124
1.6862,0.2395,38.55,95,92,151128
1.6960,0.2444,38.33,94,92,151133
1.6813,0.2346,38.52,94,92,151136
1.6667,0.2297,38.58,94,92,151139
1.6764,0.2395,38.58,94,92,151142
1.6813,0.2297,38.58,94,92,151146
1.7302,0.2493,38.58,94,92,151149
1.6960,0.2444,38.58,94,92,151152
1.6911,0.2346,38.52,94,92,151156
1.6960,0.2444,38.62,94,92,151159
1.7009,0.2346,38.62,94,92,151162
1.7449,0.2444,38.55,94,92,151166
1.7253,0.2395,38.58,94,92,151170
1.7449,0.2395,38.46,94,92,151173
1.7302,0.2493,38.62,94,92,151177
1.7400,0.2346,38.62,94,92,151180
1.7644,0.2395,38.49,94,92,151183
1.7742,0.2444,38.58,94,92,151186
1.7742,0.2395,38.52,94,92,151190
1.7449,0.2346,38.65,94,92,151193
1.7840,0.2346,38.62,94,92,151196
1.7693,0.2297,38.52,94,92,151200
1.7546,0.2346,38.62,94,92,151203
1.7791,0.2395,38.40,94,92,151206
1.7449,0.2346,38.71,94,92,151211
1.7791,0.2395,38.62,94,92,151214
1.7644,0.2395,38.55,94,92,151217
1.7498,0.2444,38.62,94,92,151221
1.7986,0.2444,38.33,94,92,151224
1.7693,0.2395,38.55,94,92,151227
1.7546,0.2395,38.65,94,92,151230
1.7693,0.2395,38.58,94,92,151234
1.7693,0.2639,38.62,94,92,151237
1.8377,0.2493,38.36,94,92,151240
1.7986,0.2395,38.52,94,92,151244
1.8035,0.2346,38.55,94,92,151247
1.7986,0.2346,38.68,94,92,151250
1.7986,0.2688,38.62,94,92,151255
1.8280,0.2444,38.52,94,92,151258
1.8133,0.2395,38.58,94,92,151261
1.8231,0.2444,38.49,94,92,151265
1.8035,0.2297,38.62,94,92,151268
1.8182,0.2346,38.62,94,92,151271
1.8426,0.2395,38.55,94,92,151275
1.8328,0.2395,38.58,94,92,151278
1.8524,0.2493,38.46,94,92,151281
1.8231,0.2346,38.62,94,92,151284
1.8231,0.2346,38.62,94,92,151288
1.8328,0.2444,38.52,94,92,151291
1.8084,0.2346,38.62,94,92,151294
1.8328,0.2346,38.43,94,92,151299
1.8035,0.2346,38.46,94,92,151302
1.7889,0.2346,38.58,94,92,151305
1.7986,0.2493,38.52,94,92,151309
1.7742,0.2444,38.62,94,92,151312
1.8182,0.2444,38.36,94,92,151315
1.7889,0.2395,38.52,94,92,151319
1.7986,0.2395,38.62,94,92,151322
1.7889,0.2395,38.58,94,92,151325
1.7644,0.2395,38.62,94,92,151328
1.8182,0.2444,38.30,94,92,151332
1.7644,0.2346,38.55,94,92,151335
1.7546,0.2346,38.58,94,92,151339
1.7644,0.2395,38.58,94,92,151343
1.7546,0.2346,38.62,94,92,151346
1.8035,0.2493,38.46,94,92,151349
1.7791,0.2395,38.55,94,92,151353
1.7791,0.2346,38.52,94,92,151356
1.7742,0.2346,38.62,94,92,151359
1.7791,0.2346,38.62,94,92,151363
1.8035,0.2444,38.43,94,92,151366
1.7595,0.2395,38.58,94,92,151369
1.7840,0.2297,38.46,94,92,151373
1.7644,0.2346,38.62,94,92,151376
1.7595,0.2346,38.62,94,92,151379
1.7937,0.2346,38.90,94,92,151383
1.7791,0.2297,38.58,94,92,151387
1.8182,0.2395,38.46,94,92,151390
1.7840,0.2346,38.58,94,92,151393
1.7889,0.2297,38.62,94,92,151397
1.8084,0.2395,38.49,94,92,151400
1.7986,0.2346,38.68,94,92,151403
1.8377,0.2444,38.36,94,92,151407
1.8182,0.2346,38.62,94,92,151410
1.8426,0.2688,38.58,94,92,151413
1.8719,0.2395,38.52,94,92,151416
1.8817,0.2346,37.87,94,92,151420
1.9599,0.2542,38.33,94,92,151424
1.9648,0.2395,38.52,94,92,151427
1.9892,0.2346,38.62,94,92,151431
2.0430,0.2297,38.55,94,92,151434
2.1065,0.2297,38.62,94,92,151437
2.2336,0.2688,38.40,94,92,151441
2.2678,0.2444,38.52,94,92,151444
2.3460,0.2297,38.52,94,92,151447
2.4438,0.2346,38.62,94,92,151451
2.5513,0.2346,38.62,94,92,151454
2.6931,0.2444,38.18,94,92,151457
2.7419,0.2395,38.55,94,92,151460
2.8446,0.2297,38.55,94,92,151464
2.8983,0.2395,38.55,94,92,151468
2.9863,0.2346,38.62,94,92,151471
3.1036,0.2444,38.55,94,92,151475
3.1574,0.2444,38.58,94,92,151478
3.2600,0.2297,38.46,94,92,151481
3.2747,0.2590,38.58,94,92,151485
3.3333,0.2346,38.65,94,92,151488
3.4018,0.2444,38.49,94,92,151491
3.3236,0.2346,38.62,94,92,151495
3.2356,0.2297,38.46,94,92,151498
2.9668,0.2346,37.80,94,92,151501
2.6344,0.2346,38.62,94,92,151504
2.2825,0.2297,38.49,94,92,151508
1.8671,0.2346,38.74,94,92,151512
1.5152,0.2444,38.36,94,92,151515
1.1926,0.2395,38.49,94,92,151519
0.9824,0.2346,38.62,94,92,151522
0.8651,0.2395,38.58,94,92,151525
0.8211,0.2346,38.68,94,92,151529
0.8651,0.2444,38.40,94,92,151532
0.9189,0.2346,38.52,94,92,151535
1.0020,0.2346,38.65,94,92,151538
1.0997,0.2395,38.58,94,92,151542
1.1584,0.2542,38.58,94,92,151545
1.2366,0.2542,38.43,94,92,151548
1.2170,0.2444,38.58,94,92,151553
1.2072,0.2346,38.52,94,92,151556
1.2121,0.2346,38.62,94,92,151559
1.2170,0.2346,38.62,94,92,151563
1.2610,0.2493,38.43,94,92,151566
1.2561,0.2493,38.55,94,92,151569
1.3099,0.2444,38.46,94,92,151573
1.2854,0.2346,38.81,94,92,151576
1.3050,0.2395,38.62,94,92,151579
1.3343,0.2444,38.52,94,92,151582
1.3392,0.2346,38.52,94,92,151586
1.3734,0.2444,38.49,94,92,151589
1.3539,0.2297,38.62,94,92,151592
1.3734,0.2395,38.62,94,92,151597
1.3881,0.2395,38.49,94,92,151600
1.3832,0.2346,38.65,94,92,151603
1.3978,0.2590,38.40,94,92,151607
1.3734,0.2297,38.62,94,92,151610
1.3881,0.2346,38.58,94,92,151613
1.4370,0.2395,38.52,94,92,151617
1.3930,0.2346,38.62,94,92,151620
1.4174,0.2395,38.36,94,92,151623
1.3930,0.2395,38.55,94,92,151626
1.3832,0.2346,38.55,94,92,151630
1.3978,0.2395,38.55,94,92,151633
1.3783,0.2297,38.62,94,92,151636
1.4174,0.2444,38.36,94,92,151641
1.3832,0.2395,38.58,94,92,151644
1.3734,0.2297,38.52,94,92,151647
1.3930,0.2395,38.62,94,92,151651
1.3783,0.2297,38.65,94,92,151654
1.4125,0.2493,38.49,94,92,151657
1.3930,0.2395,38.55,94,92,151661
1.3978,0.2346,38.49,94,92,151664
1.3978,0.2248,38.58,94,92,151667
1.4125,0.2346,38.62,94,92,151670
1.4418,0.2493,38.52,94,92,151674
1.4370,0.2346,38.62,94,92,151677
1.4663,0.2395,38.55,94,92,151681
1.4565,0.2346,38.65,94,92,151685
1.4712,0.2297,37.99,94,92,151688
1.5152,0.2395,38.46,94,92,151691
1.5152,0.2346,38.58,94,92,151695
1.5640,0.2346,38.46,94,92,151698
1.5640,0.2346,38.55,94,92,151701
1.5885,0.2542,38.58,94,92,151705
1.6373,0.2444,38.49,94,92,151708
1.6471,0.2444,38.62,94,92,151711
1.7107,0.2395,38.43,94,92,151715
1.7155,0.2395,38.55,94,92,151718
1.7449,0.2395,38.62,94,92,151721
1.7791,0.2395,38.58,94,92,151725
1.7889,0.2346,38.62,94,92,151729
1.9013,0.2444,38.33,94,92,151732
1.8573,0.2346,38.52,94,92,151735
1.8817,0.2346,38.58,94,92,151739
1.9159,0.2395,38.58,95,92,151742
1.9892,0.2346,38.71,95,92,151747
1.9990,0.2346,38.62,95,92,151750
2.0381,0.2493,38.46,95,92,151753
2.0088,0.2395,38.58,95,92,151757
2.0381,0.2444,38.49,95,92,151760
2.0137,0.2297,38.58,95,92,151763
2.0137,0.2297,38.65,95,92,151768
2.0283,0.2493,38.49,95,92,151771
1.9941,0.2346,38.58,95,92,151774
2.0088,0.2346,38.46,95,92,151777
1.9648,0.2346,38.68,95,92,151781
1.9501,0.2297,38.68,95,92,151784
1.9501,0.2297,38.52,95,92,151787
1.9110,0.2346,38.62,95,92,151791
1.9306,0.2395,38.36,95,92,151794
1.8817,0.2346,38.71,95,92,151797
1.8768,0.2346,38.62,95,92,151801
1.8817,0.2297,38.55,95,92,151804
1.8622,0.2346,38.58,95,92,151808
1.9062,0.2542,38.30,95,92,151812
1.8719,0.2395,38.55,95,92,151815
1.8524,0.2346,38.62,95,92,151818
1.8573,0.2395,38.58,95,92,151821
1.8475,0.2542,38.62,95,92,151825
1.9013,0.2493,38.40,95,92,151828
1.8671,0.2493,38.62,95,92,151831
1.8524,0.2346,38.52,95,92,151835
1.8377,0.2346,38.58,95,92,151838
1.8280,0.2248,38.62,95,92,151841
1.8573,0.2444,38.49,95,92,151845
1.8328,0.2346,38.62,95,92,151848
1.8524,0.2346,38.46,95,92,151852
1.8280,0.2346,38.81,95,92,151856
1.8280,0.2395,38.62,95,92,151859
1.8475,0.2346,38.52,95,92,151862
1.8328,0.2346,38.62,95,92,151865
1.8524,0.2444,38.55,95,92,151869
1.8182,0.2346,38.62,95,92,151872
1.8133,0.2395,38.62,95,92,151875
1.8377,0.2444,38.49,95,92,151879
1.8133,0.2444,38.58,95,92,151882
1.8426,0.2395,38.40,95,92,151885
1.8328,0.2346,38.49,95,92,151889
1.8231,0.2493,38.65,95,92,151892
1.8524,0.2444,38.52,95,92,151896
1.8328,0.2493,38.58,95,92,151900
1.8866,0.2444,38.36,95,92,151903
1.8573,0.2346,38.55,95,92,151906
1.8524,0.2346,38.62,95,92,151910
1.8622,0.2395,38.77,95,92,151913
1.8524,0.2444,38.62,95,92,151916
1.9062,0.2297,38.33,95,92,151919
1.8671,0.2395,38.55,95,92,151923
1.8671,0.2346,38.55,95,92,151926
1.8622,0.2395,38.58,95,92,151929
1.8573,0.2297,38.62,95,92,151933
1.8915,0.2493,37.77,95,92,151937
1.8622,0.2639,38.55,95,92,151940
1.8719,0.2297,38.52,95,92,151944
1.8524,0.2346,38.58,95,92,151947
1.8573,0.2297,38.62,95,92,151950
1.8866,0.2493,38.43,95,92,151954
1.8573,0.2346,38.58,95,92,151957
1.8671,0.2493,38.49,95,92,151960
1.8328,0.2346,38.58,95,92,151963
1.8182,0.2346,38.65,95,92,151967
1.8328,0.2395,38.46,95,92,151970
1.8133,0.2444,38.62,95,92,151973
1.8328,0.2395,38.46,95,92,151977
1.8084,0.2444,38.55,95,92,151981
1.8084,0.2346,38.62,95,92,151984
1.8328,0.2444,38.84,95,92,151988
1.8133,0.2395,38.58,95,92,151991
1.8573,0.2297,38.36,95,92,151994
1.8133,0.2346,38.55,95,92,151998
1.8133,0.2346,38.62,95,92,152001
1.8328,0.2688,38.62,95,92,152004
1.8231,0.2346,38.62,95,92,152008
1.8671,0.2542,38.33,95,92,152011
1.8280,0.2395,38.52,95,92,152014
1.8084,0.2297,37.77,95,92,152017
1.8084,0.2346,38.58,95,92,152022
1.8084,0.2346,38.62,95,92,152025
1.8573,0.2444,38.43,95,92,152028
1.8231,0.2395,38.55,95,92,152032
1.8231,0.2346,38.52,95,92,152035
1.7986,0.2444,38.58,95,92,152038
1.7889,0.2346,38.62,95,92,152042
1.8084,0.2444,38.46,95,92,152045
1.8182,0.2395,38.58,95,92,152048
1.7986,0.2395,38.49,95,92,152052
1.7693,0.2346,38.49,95,92,152055
1.7693,0.2346,38.62,95,92,152058
1.7791,0.2395,38.62,95,92,152061
1.7742,0.2444,38.62,95,92,152066
1.8035,0.2346,38.46,95,92,152069
1.7840,0.2639,38.65,95,92,152072
1.8084,0.2346,38.62,95,92,152076
1.8084,0.2444,38.52,95,92,152079
1.7889,0.2590,38.68,95,92,152082
1.8377,0.2395,38.43,95,92,152086
1.8231,0.2297,38.52,95,92,152089
1.8280,0.2346,38.65,95,92,152092
1.8671,0.2444,38.55,95,92,152096
1.8671,0.2493,38.62,95,92,152099
1.9306,0.2444,38.33,95,92,152102
1.9013,0.2737,38.55,95,92,152105
1.8964,0.2346,38.58,95,92,152110
1.9110,0.2395,38.62,95,92,152113
1.9159,0.2786,38.65,95,92,152116
2.0235,0.2542,38.36,95,92,152120
1.9453,0.2395,38.55,95,92,152123
1.9404,0.2346,38.52,95,92,152126
1.9257,0.2346,38.68,95,92,152130
1.9306,0.2346,38.62,95,92,152133
1.9306,0.2444,38.55,95,92,152136
1.8817,0.2688,38.58,95,92,152140
1.8915,0.2395,38.49,95,92,152143
1.8573,0.2346,38.65,95,92,152146
1.8866,0.2346,38.62,95,92,152150
1.8866,0.2493,38.49,95,92,152154
1.8768,0.2395,38.62,95,92,152157
1.8719,0.2444,38.52,95,92,152160
1.8377,0.2297,38.58,95,92,152164
1.8573,0.2346,38.58,95,92,152167
1.8426,0.2395,38.52,95,92,152170
1.8182,0.2346,38.62,95,92,152174
1.8328,0.2395,38.40,95,92,152177
1.8035,0.2346,38.77,95,92,152180
1.7986,0.2346,38.84,95,92,152184
1.8133,0.2395,38.52,95,92,152187
1.8035,0.2297,38.62,95,92,152190
1.8524,0.2444,38.36,95,92,152194
1.8133,0.2346,38.58,95,92,152198
1.8182,0.2395,38.62,95,92,152201
1.8328,0.2395,38.58,95,92,152204
1.8084,0.2346,38.58,95,92,152208
1.8573,0.2590,38.33,95,92,152211
1.8280,0.2395,38.55,95,92,152214
1.8231,0.2297,38.68,95,92,152218
1.8475,0.2395,38.58,95,92,152221
1.8768,0.2297,38.68,95,92,152224
1.9746,0.2444,38.40,95,92,152228
2.0088,0.2395,38.55,95,92,152231
2.1017,0.2346,38.52,95,92,152235
2.2190,0.2542,38.58,95,92,152238
2.3949,0.2346,38.58,95,92,152242
2.6540,0.2444,38.49,95,92,152245
2.8690,0.2395,38.62,95,92,152248
3.1232,0.2346,38.52,95,92,152252
3.2405,0.2346,38.62,95,92,152255
3.2600,0.2639,38.62,95,92,152258
3.1378,0.2346,38.52,95,92,152262
2.8397,0.2297,38.58,95,92,152265
2.5611,0.2395,38.46,95,92,152268
2.2287,0.2297,38.62,95,92,152272
1.9795,0.2346,38.65,95,92,152275
1.8084,0.2444,38.52,95,92,152279
1.6422,0.2346,38.71,95,92,152282
1.5591,0.2395,38.40,95,92,152286
1.4565,0.2297,38.49,95,92,152289
1.3978,0.2297,38.68,95,92,152292
1.4027,0.2395,38.55,95,92,152296
1.3441,0.2297,38.65,95,92,152299
1.3881,0.2444,38.33,95,92,152302
1.3783,0.2297,38.52,95,92,152306
1.3978,0.2346,38.58,95,92,152309
1.4223,0.2346,38.58,95,92,152312
1.4418,0.2346,38.58,95,92,152316
1.5103,0.2542,38.33,95,92,152320
1.4907,0.2297,38.55,95,92,152323
1.5103,0.2297,38.30,95,92,152326
1.5200,0.2395,38.58,95,92,152330
1.5347,0.2346,38.62,95,92,152333
1.5738,0.2786,38.46,95,92,152336
1.5787,0.2395,38.58,95,92,152340
1.5640,0.2297,38.52,95,92,152343
1.5591,0.2395,38.68,95,92,152346
1.5591,0.2346,38.62,95,92,152350
1.5836,0.2444,38.27,95,92,152353
1.5591,0.2395,38.46,95,92,152358
1.5591,0.2346,38.58,95,92,152361
1.5934,0.2395,38.40,95,92,152365
1.5836,0.2346,38.52,95,92,152369
1.5934,0.2346,38.62,95,92,152372
1.6080,0.2444,38.52,95,92,152375
1.5934,0.2297,38.58,95,92,152378
1.6325,0.2297,38.33,95,92,152382
1.5934,0.2444,38.55,95,92,152385
1.5982,0.2297,38.62,95,92,152388
1.6129,0.2346,38.65,95,92,152392
1.6276,0.2346,38.62,95,92,152395
1.6813,0.2542,38.40,95,92,152398
1.6569,0.2639,38.58,95,92,152402
1.6716,0.2346,38.55,95,92,152406
1.6764,0.2395,38.62,95,92,152409
1.6813,0.2297,38.62,95,92,152413
1.7107,0.2444,38.40,95,92,152416
1.6813,0.2395,38.58,95,92,152419
1.6911,0.2395,38.49,95,92,152422
1.6716,0.2444,38.58,95,92,152426
1.6813,0.2346,38.62,95,92,152429
1.7058,0.2688,38.55,95,92,152432
1.6960,0.2346,38.58,95,92,152436
1.7155,0.2444,38.49,95,92,152439
1.6960,0.2346,38.62,95,92,152442
1.7058,0.2297,38.62,95,92,152446
1.7253,0.2346,38.49,95,92,152450
1.7204,0.2346,38.62,95,92,152453
1.7644,0.2395,38.46,95,92,152457
1.7498,0.2346,38.58,95,92,152460
1.7498,0.2346,38.62,95,92,152463
1.7644,0.2444,38.62,95,92,152467
1.7546,0.2346,38.62,95,92,152470
1.8035,0.2444,38.36,95,92,152473
1.7937,0.2444,38.52,95,92,152476
1.7889,0.2346,38.62,95,92,152480
1.8182,0.2444,38.55,95,92,152483
1.7840,0.2297,38.58,95,92,152486
1.8377,0.2493,38.40,95,92,152491
1.8133,0.2395,38.49,95,92,152494
1.8133,0.2346,37.87,95,92,152497
1.8524,0.2346,38.62,95,92,152501
1.8328,0.2346,38.62,95,92,152504
1.8719,0.2493,38.49,95,92,152507
1.8573,0.2444,38.55,95,92,152511
1.8573,0.2346,37.93,95,92,152514
1.8377,0.2395,38.58,95,92,152517
1.8328,0.2346,38.62,95,92,152520
1.8622,0.2786,38.55,95,92,152524
1.8573,0.2346,38.55,95,92,152527
1.8817,0.2395,38.46,95,92,152530
1.8573,0.2346,38.62,95,92,152535
1.8622,0.2346,38.62,95,92,152538
1.8768,0.2395,38.46,95,92,152541
1.8475,0.2346,38.55,95,92,152545
1.8671,0.2346,38.43,95,92,152548
1.8524,0.2346,38.52,95,92,152551
1.8475,0.2346,38.58,95,92,152555
1.8573,0.2395,38.49,95,92,152558
1.8182,0.2346,38.68,95,92,152561
1.8328,0.2639,38.36,95,92,152564
1.7986,0.2297,38.55,95,92,152568
1.7937,0.2346,38.65,95,92,152571
1.8231,0.2444,38.55,95,92,152574
1.8182,0.2297,38.65,95,92,152579
1.8622,0.2444,38.36,95,92,152582
1.8133,0.2297,38.52,95,92,152585
1.8182,0.2346,38.55,95,92,152589
1.8182,0.2395,38.58,95,92,152592
1.8084,0.2346,38.68,95,92,152595
1.8475,0.2493,38.46,95,92,152599
1.8084,0.2395,38.68,95,92,152602
1.7889,0.2346,38.52,95,92,152605
1.7742,0.2297,38.58,95,92,152609
1.7693,0.2346,38.81,95,92,152612
1.8328,0.2444,38.43,95,92,152615
1.7937,0.2395,38.55,95,92,152619
1.8133,0.2444,38.46,95,92,152623
1.7937,0.2297,38.58,95,92,152626
1.7937,0.2346,38.58,95,92,152629
1.8133,0.2297,38.52,95,92,152633
1.7937,0.2346,38.40,95,92,152636
1.8133,0.2444,38.49,95,92,152639
1.7937,0.2346,38.58,95,92,152643
1.8035,0.2346,38.52,95,92,152646
1.8231,0.2444,38.49,95,92,152649
1.8084,0.2346,38.58,95,92,152653
1.8377,0.2395,38.33,95,92,152656
1.8035,0.2297,38.62,95,92,152659
1.8133,0.2297,38.68,95,92,152663
1.8231,0.2395,38.55,95,92,152667
1.8035,0.2444,38.62,95,92,152670
1.8524,0.2493,38.33,95,92,152673
1.8280,0.2395,38.49,95,92,152677
1.8133,0.2297,38.62,95,92,152680
1.8280,0.2395,38.58,95,92,152683
1.8328,0.2346,38.58,95,92,152687
1.8915,0.2493,38.43,95,92,152690
1.8475,0.2444,38.52,95,92,152693
1.8377,0.2395,38.52,95,92,152697
1.8426,0.2346,38.58,95,92,152700
1.8426,0.2346,38.74,95,92,152704
1.8768,0.2444,38.55,95,92,152707
1.8475,0.2297,38.58,95,92,152711
1.8671,0.2346,38.49,95,92,152714
1.8573,0.2346,38.58,95,92,152717
1.8817,0.2395,38.62,95,92,152721
1.9062,0.2395,38.52,95,92,152724
1.9062,0.2346,38.68,95,92,152727
1.9306,0.2444,38.49,95,92,152731
1.8964,0.2346,38.71,95,92,152734
1.8866,0.2346,38.65,95,92,152737
1.9208,0.2444,38.52,95,92,152741
1.9013,0.2395,38.65,95,92,152744
1.9355,0.2346,38.43,95,92,152748
1.8671,0.2346,38.55,95,92,152752
1.8133,0.2639,38.62,95,92,152755
1.8182,0.2444,37.90,95,92,152758
1.7986,0.2590,38.65,95,92,152761
1.8328,0.2444,38.40,95,92,152765
1.7986,0.2346,38.52,95,92,152768
1.7840,0.2297,38.58,95,92,152771
1.7986,0.2493,38.58,95,92,152775
1.7644,0.2297,38.68,95,92,152778
1.8280,0.2493,38.36,95,92,152781
1.7937,0.2346,38.55,95,92,152785
1.7889,0.2346,38.55,95,92,152788
1.7840,0.2346,38.58,95,92,152792
1.7742,0.2346,38.81,95,92,152796
1.8084,0.2639,38.43,95,92,152799
1.7889,0.2297,38.55,95,92,152802
1.8084,0.2346,38.62,95,92,152805
1.7889,0.2346,38.62,95,92,152809
1.7644,0.2297,38.62,95,92,152812
1.7840,0.2444,38.49,95,92,152815
1.7546,0.2297,38.58,95,92,152819
1.7693,0.2395,38.46,95,92,152822
1.7498,0.2346,38.62,95,92,152825
1.7546,0.2346,38.62,95,92,152829
1.7840,0.2444,38.49,95,92,152833
1.8182,0.2346,38.62,95,92,152836
1.8671,0.2346,38.46,95,92,152840
1.8719,0.2688,38.58,95,92,152843
1.9257,0.2297,38.62,95,92,152846
2.0332,0.2395,38.52,95,92,152849
2.1603,0.2346,38.62,95,92,152853
2.3754,0.2395,38.36,95,92,152856
2.5513,0.2346,38.62,95,92,152859
2.8055,0.2346,38.68,95,92,152863
3.0841,0.2395,38.55,95,92,152866
3.2258,0.2688,38.62,95,92,152869
3.3382,0.2444,38.33,95,92,152873
3.1281,0.2395,38.52,95,92,152877
2.7908,0.2297,38.62,95,92,152880
2.4487,0.2395,38.65,95,92,152884
2.1114,0.2297,38.58,95,92,152887
1.9013,0.2542,38.43,95,92,152890
1.6618,0.2444,38.52,95,92,152893
1.5103,0.2786,38.55,95,92,152897
1.4125,0.2346,38.58,95,92,152900
1.3343,0.2346,38.62,95,92,152903
1.3196,0.2346,38.55,95,92,152907
1.2805,0.2297,38.58,95,92,152910
1.2952,0.2346,38.49,95,92,152913
1.3392,0.2346,38.68,95,92,152918
1.3539,0.2346,38.68,95,92,152921
1.3832,0.2444,38.55,95,92,152924
1.3734,0.2297,38.58,95,92,152927
1.3978,0.2395,38.49,95,92,152931
1.4370,0.2346,38.62,95,92,152934
1.4614,0.2346,38.62,95,92,152937
1.5103,0.2493,38.55,95,92,152941
1.4907,0.2297,38.58,95,92,152944
1.5103,0.2346,38.36,95,92,152947
1.5054,0.2395,38.52,95,92,152951
1.5347,0.2297,38.62,95,92,152954
1.5591,0.2395,38.49,95,92,152957
1.5445,0.2297,38.62,95,92,152962
1.5689,0.2444,38.33,95,92,152965
1.6276,0.2493,38.33,95,92,152970
1.6080,0.2395,38.55,95,92,152973
1.6178,0.2297,38.62,95,92,152976
1.6373,0.2297,38.68,95,92,152980
1.6520,0.2346,38.71,95,92,152983
1.6862,0.2542,38.49,95,92,152986
1.6716,0.2297,38.58,95,92,152989
1.6813,0.2346,38.46,95,92,152993
1.6667,0.2346,38.62,95,92,152996
1.6618,0.2346,38.74,95,92,152999
1.7009,0.2493,38.49,95,92,153004
1.6716,0.2297,38.65,95,92,153007
1.6862,0.2444,38.49,95,92,153010
1.6960,0.2297,38.55,95,92,153014
1.6667,0.2297,38.62,95,92,153017
1.6764,0.2346,38.46,95,92,153020
1.6618,0.2346,38.62,95,92,153024
1.6764,0.2395,38.40,95,92,153027
1.6667,0.2297,38.52,95,92,153030
1.6667,0.2297,38.62,95,92,153033
1.6862,0.2444,38.58,95,92,153037
1.6667,0.2297,38.62,95,92,153040
1.7107,0.2395,38.36,95,92,153043
1.6813,0.2590,38.55,95,92,153048
1.6960,0.2346,38.58,95,92,153051
1.7058,0.2395,38.58,95,92,153054
1.6960,0.2346,38.62,95,92,153058
1.7595,0.2493,38.30,95,92,153061
1.7253,0.2395,38.55,95,92,153064
1.7009,0.2297,38.52,95,92,153068
1.6911,0.2395,38.58,95,92,153071
1.6764,0.2346,38.65,95,92,153074
1.7449,0.2639,38.43,95,92,153077
1.7351,0.2444,38.55,95,92,153081
1.7498,0.2346,38.52,95,92,153084
1.7644,0.2297,38.62,95,92,153088
1.7840,0.2297,38.62,95,92,153092
1.8231,0.2444,38.49,95,92,153095
1.7986,0.2297,38.62,95,92,153098
1.8035,0.2395,38.43,95,92,153102
1.7889,0.2444,38.62,95,92,153105
1.7546,0.2346,38.62,95,92,153108
1.7693,0.2346,38.55,95,92,153112
1.7742,0.2346,37.83,95,92,153115
1.8280,0.2346,38.49,95,92,153118
1.8182,0.2346,38.65,95,92,153121
1.8280,0.2346,38.71,95,92,153125
1.8524,0.2395,38.49,95,92,153128
1.8377,0.2346,38.58,95,92,153132
1.8719,0.2786,38.40,95,92,153136
1.8573,0.2346,38.52,95,92,153139
1.8426,0.2346,38.81,95,92,153142
1.8524,0.2297,38.55,95,92,153146
1.8280,0.2346,38.62,95,92,153149
1.8817,0.2542,38.33,95,92,153152
1.8426,0.2346,38.46,95,92,153156
1.8328,0.2346,38.65,95,92,153159
1.8231,0.2297,38.58,95,92,153162
1.8133,0.2395,38.65,95,92,153166
1.8573,0.2493,38.43,95,92,153169
1.8035,0.2444,38.52,95,92,153172
1.7889,0.2346,38.52,95,92,153176
1.7644,0.2297,38.62,95,92,153180
1.7644,0.2297,38.62,95,92,153183
1.7986,0.2444,38.52,95,92,153186
1.7595,0.2395,38.58,95,92,153190
1.7595,0.2346,38.49,95,92,153193
1.7302,0.2346,38.55,95,92,153196
1.7400,0.2395,38.62,95,92,153200
1.7644,0.2493,38.46,95,92,153203
1.7351,0.2395,38.62,95,92,153206
1.7595,0.2297,38.49,95,92,153210
1.7155,0.2297,38.55,95,92,153213
1.7009,0.2297,38.58,95,92,153217
1.7107,0.2395,38.46,95,92,153221
1.7204,0.2346,38.62,95,92,153224
1.7204,0.2297,38.40,95,92,153227
1.7009,0.2346,38.49,95,92,153230
1.7009,0.2590,38.62,95,92,153234
1.7204,0.2395,38.52,95,92,153237
1.7107,0.2297,38.62,95,92,153240
1.7546,0.2444,38.36,95,92,153244
1.7155,0.2297,38.55,95,92,153247
1.7155,0.2346,38.58,95,92,153250
1.7204,0.2395,38.55,95,92,153254
1.7155,0.2346,38.58,95,92,153257
1.7693,0.2493,38.33,95,92,153261
1.7400,0.2395,38.52,95,92,153264
1.7253,0.2297,38.52,95,92,153268
1.7302,0.2395,38.62,95,92,153271
1.7302,0.2346,38.52,95,92,153274
1.7840,0.2786,38.40,95,92,153278
1.7693,0.2395,38.55,95,92,153281
1.7693,0.2346,38.52,95,92,153284
1.7644,0.2346,38.62,95,92,153288
1.7595,0.2297,38.62,95,92,153291
1.7889,0.2346,38.49,95,92,153294
1.7791,0.2346,38.62,95,92,153298
1.8084,0.2395,38.43,95,92,153302
1.7840,0.2346,38.62,95,92,153305
1.7889,0.2395,38.62,95,92,153308
1.7937,0.2444,38.52,95,92,153312
1.8133,0.2346,38.62,95,92,153315
1.8231,0.2346,38.43,95,92,153318
1.7986,0.2346,38.62,95,92,153322
1.7937,0.2346,38.68,95,92,153325
1.8084,0.2444,38.52,95,92,153328
1.7986,0.2297,38.62,95,92,153332
1.8524,0.2395,38.36,95,92,153335
1.8475,0.2395,38.52,95,92,153338
1.8475,0.2346,38.62,95,92,153342
1.8817,0.2395,38.55,95,92,153346
1.8719,0.2346,38.62,95,92,153349
1.9355,0.2444,38.36,95,92,153353
1.9013,0.2395,38.52,95,92,153356
1.9013,0.2297,38.55,95,92,153359
1.9013,0.2346,38.58,95,92,153362
1.8964,0.2346,38.62,95,92,153366
1.9404,0.2884,38.43,95,92,153369
1.8817,0.2395,38.55,95,92,153372
1.8573,0.2346,38.52,95,92,153376
1.8280,0.2444,38.62,95,92,153379
1.8084,0.2346,38.62,95,92,153382
1.8280,0.2395,38.52,95,92,153387
1.7889,0.2346,38.58,95,92,153390
1.7889,0.2297,38.46,95,92,153393
1.7595,0.2346,38.62,95,92,153397
1.7449,0.2297,38.74,95,92,153400
1.7644,0.2688,38.49,95,92,153403
1.7253,0.2297,38.58,95,92,153406
1.7498,0.2395,38.58,95,92,153410
1.7253,0.2395,38.58,95,92,153413
1.7400,0.2346,38.62,95,92,153416
1.7644,0.2395,38.55,95,92,153420
1.7595,0.2297,38.62,95,92,153423
1.7889,0.2395,38.40,95,92,153426
1.7889,0.2346,38.55,95,92,153431
1.7595,0.2297,38.62,95,92,153434
1.7791,0.2395,38.58,95,92,153437
1.7742,0.2346,38.62,95,92,153441
1.8133,0.2444,38.36,95,92,153444
1.7791,0.2346,38.52,95,92,153447
1.7840,0.2346,38.62,95,92,153450
1.7986,0.2395,38.62,95,92,153454
1.8084,0.2346,38.62,95,92,153457
1.8915,0.2542,38.30,95,92,153460
1.8866,0.2395,38.52,95,92,153464
1.9404,0.2346,38.58,95,92,153467
2.0235,0.2395,38.46,95,92,153470
2.1505,0.2297,38.62,95,92,153475
2.3803,0.2542,38.43,95,92,153478
2.5562,0.2395,38.58,95,92,153481
2.7957,0.2346,38.52,95,92,153485
3.0108,0.2346,38.62,95,92,153488
3.1867,0.2346,38.71,95,92,153491
3.2893,0.2444,38.46,95,92,153494
3.1183,0.2346,38.65,95,92,153498
2.8641,0.2395,38.49,95,92,153501
2.4780,0.2346,38.58,95,92,153504
2.1652,0.2346,38.58,95,92,153508
1.9013,0.2395,38.55,95,92,153511
1.6813,0.2297,38.62,95,92,153515
1.5445,0.2346,38.49,95,92,153519
1.4076,0.2346,38.62,95,92,153522
1.3392,0.2346,38.65,95,92,153525
1.3099,0.2346,38.49,95,92,153528
1.2757,0.2297,38.62,95,92,153532
1.2854,0.2444,38.33,95,92,153535
1.2610,0.2444,38.52,95,92,153538
1.2805,0.2297,38.62,95,92,153542
1.3148,0.2444,38.55,95,92,153545
1.3245,0.2297,38.65,95,92,153548
1.3783,0.2493,38.30,95,92,153552
1.3734,0.2346,38.49,95,92,153555
1.3930,0.2297,38.52,95,92,153559
1.4272,0.2346,38.58,95,92,153563
1.4467,0.2346,38.62,95,92,153566
1.5200,0.2542,38.40,95,92,153569
1.5054,0.2395,38.52,95,92,153573
1.5152,0.2297,38.52,95,92,153576
1.5298,0.2346,38.68,95,92,153579
1.6031,0.2346,38.62,95,92,153584
1.6129,0.2297,38.65,95,92,153587
1.6471,0.2395,38.52,95,92,153590
1.6325,0.2346,38.62,95,92,153594
1.6618,0.2639,38.43,95,92,153597
1.6520,0.2297,38.52,95,92,153601
1.6520,0.2346,38.62,95,92,153605
1.6764,0.2444,38.49,95,92,153608
1.6716,0.2346,38.58,95,92,153611
1.7009,0.2444,38.33,95,92,153615
1.6716,0.2395,38.52,95,92,153618
1.6667,0.2346,38.62,95,92,153621
1.6764,0.2395,38.46,95,92,153625
1.6618,0.2395,38.58,95,92,153628
1.7204,0.2395,38.30,95,92,153631
1.6667,0.2346,38.49,95,92,153634
1.6667,0.2248,38.58,95,92,153638
1.6716,0.2346,38.62,95,92,153641
1.6716,0.2346,38.62,95,92,153645
1.7204,0.2493,38.43,95,92,153649
1.6813,0.2395,38.55,95,92,153652
1.7107,0.2346,38.49,95,92,153655
1.6716,0.2346,38.65,95,92,153659
1.6813,0.2346,38.65,95,92,153662
1.7155,0.2444,38.40,95,92,153665
1.7009,0.2346,38.58,95,92,153669
1.7058,0.2395,38.49,95,92,153672
1.6911,0.2346,38.62,95,92,153675
1.7204,0.2395,38.58,95,92,153678
1.7253,0.2444,38.52,95,92,153682
1.7107,0.2346,38.65,95,92,153686
1.7449,0.2444,38.49,95,92,153689
1.7204,0.2346,38.58,95,92,153693
1.7253,0.2346,38.65,95,92,153696
1.7400,0.2444,38.49,95,92,153699
1.7351,0.2346,38.58,95,92,153703
1.7595,0.2346,38.40,95,92,153706
1.7302,0.2542,38.62,95,92,153709
1.7693,0.2346,38.65,95,92,153712
1.7498,0.2444,38.62,95,92,153716
1.7351,0.2346,38.58,95,92,153719
1.7840,0.2444,38.36,95,92,153722
1.7742,0.2395,38.52,95,92,153726
1.7693,0.2346,38.58,95,92,153730
1.7937,0.2395,38.58,95,92,153733
1.7986,0.2346,38.62,95,92,153737
1.8573,0.2297,38.36,95,92,153740
1.8475,0.2395,38.46,95,92,153743
1.8133,0.2346,38.55,95,92,153747
1.8280,0.2346,38.58,95,92,153750
1.8280,0.2346,38.62,95,92,153753
1.8768,0.2493,38.46,95,92,153757
1.8377,0.2835,38.55,95,92,153760
1.8426,0.2297,38.49,95,92,153763
1.8231,0.2346,38.58,95,92,153766
1.8231,0.2346,38.62,95,92,153771
1.8328,0.2444,38.46,95,92,153774
1.8133,0.2493,38.62,95,92,153777
1.8573,0.2395,38.46,95,92,153781
1.7937,0.2346,38.62,95,92,153784
1.8182,0.2346,38.62,95,92,153787
1.8231,0.2444,38.49,95,92,153791
1.8084,0.2346,38.58,95,92,153794
1.8133,0.2346,38.46,95,92,153797
1.7889,0.2346,38.52,95,92,153801
1.7937,0.2297,38.62,95,92,153804
1.8133,0.2444,38.55,95,92,153807
1.7937,0.2248,38.62,95,92,153810
1.8280,0.2444,38.36,95,92,153815
1.7937,0.2395,38.52,95,92,153818
1.7840,0.2248,38.68,95,92,153821
1.7889,0.2395,38.55,95,92,153825
1.7693,0.2346,38.62,95,92,153828
1.8084,0.2444,38.30,95,92,153831
1.7595,0.2346,38.55,95,92,153835
1.7546,0.2297,38.58,95,92,153838
1.7595,0.2395,38.58,95,92,153841
1.7449,0.2346,38.62,95,92,153845
1.7937,0.2493,38.40,95,92,153848
1.7546,0.2444,38.55,95,92,153851
1.7351,0.2346,38.55,95,92,153854
1.7302,0.2346,38.62,95,92,153859
1.7204,0.2346,38.52,95,92,153862
1.7498,0.2444,38.43,95,92,153865
1.7155,0.2395,38.68,95,92,153869
1.7302,0.2444,38.46,95,92,153872
1.7155,0.2346,38.62,95,92,153875
1.7155,0.2346,38.52,95,92,153879
1.7351,0.2444,38.52,95,92,153882
1.7253,0.2297,38.62,95,92,153885
1.7595,0.2444,38.52,95,92,153889
1.7449,0.2346,38.62,95,92,153892
1.7449,0.2346,37.99,95,92,153895
1.7644,0.2884,38.52,95,92,153899
1.7693,0.2346,38.62,95,92,153903
1.8035,0.2395,37.68,95,92,153906
1.8035,0.2346,38.68,95,92,153909
1.8084,0.2297,38.62,95,92,153913
1.8328,0.2493,38.49,95,92,153916
1.8084,0.2297,38.58,95,92,153919
1.8524,0.2297,38.36,95,92,153923
1.8328,0.2590,38.55,95,92,153926
1.8182,0.2346,38.62,95,92,153929
1.8377,0.2688,38.58,95,92,153933
1.8280,0.2346,38.62,95,92,153936
1.8964,0.2493,38.33,95,92,153939
1.8768,0.2346,38.46,95,92,153943
1.8671,0.2297,38.55,95,92,153947
1.8719,0.2346,38.58,95,92,153950
1.8768,0.2346,38.62,95,92,153953
1.9306,0.2493,38.49,95,92,153957
1.9159,0.2444,38.55,95,92,153960
1.9404,0.2346,38.49,95,92,153963
1.9404,0.2346,38.58,95,92,153967
1.9501,0.2346,38.62,95,92,153970
1.9990,0.2444,38.55,95,92,153973
1.9941,0.2395,38.55,95,92,153977
2.0039,0.2395,38.46,95,92,153980
1.9795,0.2346,37.90,95,92,153984
1.9648,0.2297,38.58,95,92,153987
1.9795,0.2297,38.49,95,92,153991
1.9257,0.2493,38.62,95,92,153994
1.9257,0.2346,38.46,95,92,153997
1.8719,0.2346,38.81,95,92,154001
1.8524,0.2346,38.62,95,92,154004
1.8573,0.2395,38.46,95,92,154007
1.8328,0.2395,38.62,95,92,154011
1.8573,0.2297,38.36,95,92,154014
1.8231,0.2395,38.62,95,92,154017
1.8035,0.2346,38.58,95,92,154021
1.8133,0.2395,38.58,95,92,154024
1.7889,0.2346,38.62,95,92,154028
1.8231,0.2493,38.33,95,92,154031
1.7693,0.2346,38.52,95,92,154035
1.7644,0.2395,38.58,95,92,154038
1.7644,0.2395,38.55,95,92,154041
1.7546,0.2346,38.68,95,92,154045
1.8035,0.2493,38.40,95,92,154048
1.7546,0.2395,38.55,95,92,154051
1.7351,0.2346,38.55,95,92,154055
1.7351,0.2297,38.55,95,92,154058
1.7400,0.2395,38.65,95,92,154061
1.7889,0.2395,38.43,95,92,154065
1.7693,0.2493,38.55,95,92,154068
1.7986,0.2346,38.55,95,92,154072
1.7742,0.2346,38.62,95,92,154075
1.7889,0.2297,38.58,95,92,154079
1.8377,0.2444,38.55,95,92,154082
1.8524,0.2346,38.58,95,92,154085
1.9257,0.2639,38.55,95,92,154089
1.9599,0.2346,38.62,95,92,154092
2.0479,0.2346,38.84,95,92,154095
2.1896,0.2688,38.55,95,92,154099
2.3460,0.2346,38.62,95,92,154102
2.5855,0.2297,38.43,95,92,154105
2.7859,0.2346,38.62,95,92,154109
3.0303,0.2346,38.62,95,92,154113
3.2405,0.2444,38.43,95,92,154116
3.2600,0.2346,38.62,95,92,154119
3.2111,0.2395,38.36,95,92,154123
2.9130,0.2395,38.52,95,92,154126
2.5758,0.2542,38.62,95,92,154129
2.3021,0.2395,38.55,95,92,154133
2.0283,0.2346,38.58,95,92,154136
1.8768,0.2737,38.27,95,92,154139
1.6813,0.2346,38.52,95,92,154143
1.5543,0.2297,38.55,95,92,154146
1.4761,0.2346,38.58,95,92,154149
1.4272,0.2297,38.62,95,92,154152
1.4418,0.2542,38.43,95,92,154157
1.4027,0.2297,38.55,95,92,154160
1.4027,0.2346,38.49,95,92,154163
1.4418,0.2346,38.58,95,92,154167
1.4272,0.2346,38.55,95,92,154170
1.4663,0.2395,38.55,95,92,154173
1.4565,0.2346,38.05,95,92,154177
1.4809,0.2346,38.46,95,92,154180
1.4858,0.2346,38.62,95,92,154183
1.5103,0.2297,38.71,95,92,154187
1.5591,0.2444,38.49,95,92,154190
1.6422,0.2395,38.52,95,92,154195
1.6276,0.2346,38.62,95,92,154199
1.6667,0.2444,38.33,95,92,154202
1.6520,0.2346,38.55,95,92,154206
1.6520,0.2297,38.62,95,92,154209
1.6716,0.2346,38.62,95,92,154212
1.6716,0.2346,38.62,95,92,154215
1.7302,0.2444,38.24,95,92,154219
1.7009,0.2346,38.52,95,92,154222
1.6960,0.2297,38.62,95,92,154225
1.7009,0.2297,38.62,95,92,154229
1.7009,0.2297,38.62,95,92,154232
1.7449,0.2493,38.58,95,92,154235
1.7498,0.2395,38.55,95,92,154240
1.7204,0.2346,38.71,95,92,154243
1.7204,0.2346,38.58,95,92,154246
1.7204,0.2297,38.65,95,92,154250
1.7595,0.2444,38.36,95,92,154253
1.7498,0.2346,38.58,95,92,154256
1.7693,0.2395,38.46,95,92,154259
1.7449,0.2346,38.65,95,92,154263
1.7449,0.2346,38.62,95,92,154266
1.7693,0.2395,38.58,95,92,154269
1.7449,0.2590,38.62,95,92,154273
1.7693,0.2346,38.43,95,92,154276
1.7400,0.2346,38.62,95,92,154279
1.7400,0.2346,38.65,95,92,154284
1.7498,0.2346,38.49,95,92,154287
1.7498,0.2297,38.62,95,92,154290
1.7889,0.2346,38.33,95,92,154293
1.7644,0.2346,38.58,95,92,154297
1.7742,0.2346,38.81,95,92,154300
1.8035,0.2346,38.55,95,92,154303
1.7742,0.2297,38.65,95,92,154307
1.8231,0.2444,38.36,95,92,154310
1.7986,0.2395,38.52,95,92,154313
1.7889,0.2297,38.52,95,92,154317
1.7986,0.2395,38.55,95,92,154320
1.7889,0.2297,38.65,95,92,154323
1.8426,0.2493,38.36,95,92,154328
1.8133,0.2395,38.52,95,92,154331
1.8035,0.2590,38.52,95,92,154334
1.8084,0.2346,38.58,95,92,154338
1.8035,0.2346,38.62,95,92,154341
1.8426,0.2444,37.68,95,92,154344
1.8084,0.2444,38.55,95,92,154347
1.8182,0.2297,38.49,95,92,154351
1.8084,0.2346,37.87,95,92,154354
1.8377,0.2395,38.68,95,92,154357
1.8426,0.2395,38.55,95,92,154361
1.8328,0.2444,38.62,95,92,154364
1.8622,0.2395,38.46,95,92,154368
1.8524,0.2346,38.62,95,92,154372
1.8768,0.2346,38.62,95,92,154375
1.9208,0.2444,38.55,95,92,154378
1.9013,0.2346,38.62,95,92,154382
1.9306,0.2346,38.46,95,92,154385
1.9110,0.2346,38.52,95,92,154388
1.9110,0.2395,38.62,95,92,154391
1.9355,0.2395,38.43,95,92,154395
1.9208,0.2346,38.68,95,92,154398
1.9550,0.2444,38.36,95,92,154401
1.9159,0.2297,38.52,95,92,154405
1.9257,0.2346,38.58,95,92,154408
1.9208,0.2395,38.55,95,92,154412
1.9159,0.2297,38.62,95,92,154416
1.9746,0.2395,38.30,95,92,154419
1.9208,0.2297,37.87,95,92,154422
1.9110,0.2297,38.62,95,92,154425
1.9110,0.2346,38.55,95,92,154429
1.8915,0.2297,38.58,95,92,154432
1.9404,0.2493,38.43,95,92,154435
1.8915,0.2395,38.65,95,92,154439
1.8768,0.2297,38.55,95,92,154442
1.8671,0.2346,38.58,95,92,154445
1.8622,0.2297,38.65,95,92,154449
1.8915,0.2444,38.43,95,92,154452
1.8622,0.2346,38.58,95,92,154456
1.8622,0.2346,38.40,95,92,154460
1.8475,0.2346,38.62,95,92,154463
1.8280,0.2346,38.62,95,92,154466
1.8377,0.2493,38.52,95,92,154469
1.8231,0.2346,38.58,95,92,154473
1.8426,0.2297,38.49,95,92,154476
1.8133,0.2346,38.90,95,92,154479
1.8475,0.2346,38.62,95,92,154483
1.8231,0.2297,38.52,95,92,154486
1.8084,0.2493,38.62,95,92,154489
1.8475,0.2395,38.43,95,92,154493
1.8133,0.2297,38.65,95,92,154497
1.8133,0.2346,38.62,95,92,154500
1.8377,0.2444,38.58,95,92,154504
1.8231,0.2395,38.68,95,92,154507
1.8719,0.2395,38.33,95,92,154510
1.8524,0.2493,38.55,95,92,154513
1.8426,0.2346,38.62,95,92,154517
1.8671,0.2444,38.55,95,92,154520
1.8573,0.2297,38.58,95,92,154523
1.9208,0.2493,38.43,95,92,154527
1.9013,0.2346,38.49,95,92,154530
1.8817,0.2297,38.52,95,92,154533
1.8866,0.2493,38.62,95,92,154537
1.8866,0.2346,38.65,95,92,154541
1.9306,0.2493,38.49,95,92,154544
1.8964,0.2346,38.58,95,92,154548
1.9013,0.2297,38.49,95,92,154551
1.8915,0.2346,38.58,95,92,154554
1.8915,0.2297,38.62,95,92,154558
1.9062,0.2444,38.55,95,92,154561
1.8915,0.2346,38.58,95,92,154564
1.9208,0.2346,38.46,95,92,154567
1.9013,0.2346,38.62,95,92,154571
1.9257,0.2346,38.62,95,92,154574
1.9501,0.2395,38.55,95,92,154577
1.9257,0.2346,38.62,95,92,154582
1.9697,0.2346,38.84,95,92,154585
1.9550,0.2346,38.55,95,92,154588
1.9550,0.2297,38.62,95,92,154592
1.9941,0.2395,38.46,95,92,154595
1.9892,0.2297,38.62,95,92,154598
2.0381,0.2395,38.33,95,92,154602
2.0137,0.2395,38.55,95,92,154605
2.0039,0.2297,38.62,95,92,154608
2.0088,0.2395,38.49,95,92,154611
1.9795,0.2297,38.55,95,92,154615
2.0088,0.2395,38.30,95,92,154618
1.9404,0.2297,38.55,95,92,154621
1.9208,0.2297,38.58,95,92,154626
1.9306,0.2346,38.68,95,92,154629
1.9110,0.2297,38.62,95,92,154632
1.9648,0.2493,38.43,95,92,154636
1.9501,0.2444,38.52,95,92,154639
1.8964,0.2346,38.55,95,92,154642
1.9013,0.2346,38.58,95,92,154645
1.8573,0.2297,38.58,95,92,154649
1.8817,0.2395,38.36,95,92,154652
1.8524,0.2346,38.55,95,92,154655
1.8475,0.2346,38.46,95,92,154659
1.8231,0.2297,38.84,95,92,154662
1.8182,0.2346,38.62,95,92,154665
1.8475,0.2395,38.21,95,92,154670
1.8231,0.2297,38.58,95,92,154673
1.8573,0.2395,38.49,95,92,154676
1.8231,0.2297,38.65,95,92,154680
1.8280,0.2346,38.68,95,92,154683
1.8426,0.2297,38.55,95,92,154686
1.8280,0.2297,38.55,95,92,154689
1.8475,0.2346,38.43,95,92,154693
1.8133,0.2297,38.65,95,92,154696
1.8133,0.2346,38.62,95,92,154699
1.8475,0.2444,38.55,95,92,154703
1.8622,0.2346,38.58,95,92,154706
1.9355,0.2297,38.36,95,92,154710
1.9648,0.2542,38.52,95,92,154714
2.0528,0.2346,38.62,95,92,154717
2.1554,0.2395,38.62,95,92,154720
2.2825,0.2297,38.58,95,92,154724
2.5464,0.2444,38.33,95,92,154727
2.7175,0.2542,38.49,95,92,154730
2.9326,0.2199,38.55,95,92,154733
3.1476,0.2297,38.58,95,92,154737
3.2454,0.2297,38.58,95,92,154740
3.2698,0.2493,38.46,95,92,154743
3.0010,0.2346,38.55,95,92,154747
2.6979,0.2297,38.46,95,92,154750
2.3803,0.2395,38.62,95,92,154754
2.1114,0.2297,38.68,95,92,154758
1.9159,0.2444,38.52,95,92,154761
1.7155,0.2346,38.58,95,92,154764
1.5885,0.2346,38.49,95,92,154768
1.4761,0.2346,38.58,95,92,154771
1.4076,0.2297,38.36,95,92,154774
1.3930,0.2444,38.49,95,92,154777
1.3587,0.2346,38.68,95,92,154781
1.3832,0.2346,38.46,95,92,154784
1.4076,0.2346,38.55,95,92,154787
1.3978,0.2297,38.62,95,92,154791
1.4565,0.2395,38.49,95,92,154795
1.4321,0.2297,38.62,95,92,154798
1.4614,0.2346,38.46,95,92,154802
1.5885,0.2493,38.49,95,92,154806
1.5640,0.2346,38.49,95,92,154810
1.5738,0.2248,38.58,95,92,154813
1.5885,0.2346,38.62,95,92,154816
1.6031,0.2297,38.62,95,92,154820
1.6618,0.2493,38.43,95,92,154823
1.6373,0.2346,38.55,95,92,154826
1.6569,0.2346,38.71,95,92,154829
1.6618,0.2346,38.62,95,92,154833
1.6667,0.2297,38.11,95,92,154836
1.7058,0.2395,38.43,95,92,154840
1.6862,0.2346,38.71,95,92,154844
1.7058,0.2688,38.46,95,92,154847
1.6813,0.2346,38.58,95,92,154850
1.6813,0.2297,38.62,95,92,154854
1.7351,0.2444,38.52,95,92,154857
1.7058,0.2297,38.62,95,92,154860
1.7400,0.2346,38.46,95,92,154864
1.7204,0.2395,38.55,95,92,154867
1.7204,0.2102,38.62,95,92,154870
1.7351,0.2297,38.49,95,92,154873
1.7302,0.2297,38.65,95,92,154877
1.7791,0.2395,38.43,95,92,154881
1.7253,0.2297,38.62,95,92,154884
1.7302,0.2346,38.62,95,92,154888
1.7351,0.2395,38.55,95,92,154891
1.7204,0.2346,38.62,95,92,154894
1.7546,0.2444,38.40,95,92,154898
1.7204,0.2737,38.52,95,92,154901
1.7009,0.2297,38.55,95,92,154904
1.7058,0.2346,38.62,95,92,154908
1.7107,0.2346,38.65,95,92,154911
1.7840,0.2542,38.40,95,92,154914
1.7498,0.2395,38.49,95,92,154918
1.7400,0.2346,38.52,95,92,154921
1.7302,0.2297,38.62,95,92,154925
1.7302,0.2297,38.62,95,92,154928
1.7693,0.2346,38.49,95,92,154932
1.7546,0.2346,38.65,95,92,154935
1.7644,0.2346,38.46,95,92,154938
1.7498,0.2346,38.58,95,92,154942
1.7546,0.2297,38.58,95,92,154945
1.8084,0.2346,38.52,95,92,154948
1.7644,0.2297,38.58,95,92,154952
1.7889,0.2395,38.52,95,92,154955
1.7742,0.2346,38.58,95,92,154958
1.7889,0.2297,38.46,95,92,154962
1.8182,0.2395,38.49,95,92,154966
1.7889,0.2297,38.62,95,92,154969
1.8133,0.2444,38.43,95,92,154972
1.8133,0.2297,38.52,95,92,154976
1.8182,0.2297,38.65,95,92,154979
1.8573,0.2444,38.52,95,92,154982
1.8475,0.2297,38.62,95,92,154986
1.8964,0.2395,38.33,95,92,154989
1.8768,0.2346,38.55,95,92,154992
1.8768,0.2297,38.65,95,92,154996
1.9013,0.2346,38.58,95,92,154999
1.9013,0.2346,38.62,95,92,155002
1.9599,0.2444,38.30,95,92,155005
1.9110,0.2395,38.49,95,92,155010
1.9110,0.2248,38.58,95,92,155013
1.9257,0.2297,38.58,95,92,155016
1.9355,0.2346,38.58,95,92,155020
1.9844,0.2493,38.46,95,92,155023
1.9501,0.2346,38.55,95,92,155026
1.9550,0.2297,38.52,95,92,155030
1.9453,0.2297,38.58,95,92,155033
1.9453,0.2346,38.65,95,92,155036
1.9648,0.2395,38.43,95,92,155040
1.9159,0.2346,38.55,95,92,155043
1.9208,0.2346,38.46,95,92,155046
1.8866,0.2297,38.58,95,92,155049
1.8866,0.2346,38.62,95,92,155054
1.9110,0.2395,38.49,95,92,155057
1.8915,0.2248,38.65,95,92,155060
1.9208,0.2395,38.46,95,92,155064
1.8915,0.2297,38.58,95,92,155067
1.8866,0.2297,38.62,95,92,155070
1.9208,0.2346,38.46,95,92,155074
1.8622,0.2297,38.71,95,92,155077
1.8964,0.2346,38.40,95,92,155080
1.8573,0.2297,38.62,95,92,155084
1.8475,0.2297,38.71,95,92,155087
1.8475,0.2395,38.52,95,92,155090
1.8084,0.2297,38.68,95,92,155094
1.8426,0.2395,38.40,95,92,155098
1.8231,0.2297,38.49,95,92,155101
1.8231,0.2346,38.65,95,92,155104
1.8524,0.2346,38.58,95,92,155108
1.8280,0.2297,38.62,95,92,155111
1.8768,0.2493,38.40,95,92,155114
1.8377,0.2395,38.49,95,92,155118
1.8280,0.2248,38.58,95,92,155121
1.8328,0.2346,38.62,95,92,155124
1.8280,0.2346,38.62,95,92,155128
1.8622,0.2444,38.40,95,92,155131
1.8280,0.2395,38.55,95,92,155134
1.8377,0.2346,38.49,95,92,155138
1.8328,0.2297,38.62,95,92,155142
1.8377,0.2297,38.65,95,92,155145
1.8622,0.2297,38.55,95,92,155148
1.8524,0.2297,38.58,95,92,155152
1.8768,0.2346,38.46,95,92,155155
1.8524,0.2297,38.68,95,92,155158
1.8475,0.2297,38.62,95,92,155162
1.8768,0.2395,38.52,95,92,155165
1.8475,0.2346,38.58,95,92,155168
1.8573,0.2346,38.43,95,92,155172
1.8377,0.2395,38.52,95,92,155175
1.8426,0.2297,38.62,95,92,155179
1.8719,0.2639,38.49,95,92,155182
1.8964,0.2346,38.62,95,92,155186
1.9208,0.2395,38.36,95,92,155189
1.9110,0.2737,38.55,95,92,155192
1.9257,0.2346,38.62,95,92,155196
1.9599,0.2346,38.55,95,92,155199
1.9599,0.2297,38.55,95,92,155202
2.0430,0.2444,38.30,95,92,155206
1.9844,0.2346,38.55,95,92,155209
1.9892,0.2297,38.62,95,92,155212
2.0283,0.2346,38.58,95,92,155216
2.0088,0.2297,38.58,95,92,155219
2.0772,0.2493,38.43,95,92,155223
2.0381,0.2297,38.55,95,92,155226
2.0235,0.2297,38.55,95,92,155230
1.9990,0.2493,38.58,95,92,155233
1.9990,0.2199,38.65,95,92,155236
1.9941,0.2395,38.43,95,92,155240
1.9550,0.2346,38.58,95,92,155243
1.9892,0.2346,38.49,95,92,155246
1.9208,0.2297,38.58,95,92,155250
1.8915,0.2297,38.62,95,92,155253
1.9013,0.2444,38.46,95,92,155256
1.8573,0.2346,38.58,95,92,155259
1.8671,0.2346,38.58,95,92,155264
1.8231,0.2346,38.62,95,92,155267
1.8084,0.2297,38.65,95,92,155270
1.8035,0.2346,38.52,95,92,155274
1.7986,0.2346,38.58,95,92,155277
1.8328,0.2346,38.43,95,92,155280
1.7937,0.2346,38.58,95,92,155284
1.7889,0.2346,38.68,95,92,155287
1.7986,0.2395,38.46,95,92,155290
1.7791,0.2346,38.58,95,92,155294
1.8084,0.2395,38.40,95,92,155297
1.7937,0.2346,38.49,95,92,155300
1.7986,0.2346,38.62,95,92,155303
1.8182,0.2395,38.65,95,92,155308
1.7986,0.2444,38.58,95,92,155311
1.8573,0.2444,38.33,95,92,155314
1.8231,0.2346,38.52,95,92,155318
1.8328,0.2199,38.58,95,92,155321
1.8671,0.2346,38.58,95,92,155324
1.8964,0.2346,38.55,95,92,155328
2.0283,0.2395,38.43,95,92,155331
2.0332,0.2346,38.65,95,92,155334
2.1554,0.2542,38.49,95,92,155337
2.3118,0.2346,38.65,95,92,155341
2.5367,0.2297,38.55,95,92,155344
2.8397,0.2395,38.49,95,92,155347
3.0645,0.2346,38.58,95,92,155352
3.2747,0.2346,38.46,95,92,155355
3.3236,0.2346,38.62,95,92,155358
3.2014,0.2297,38.62,95,92,155362
2.9863,0.2395,38.49,95,92,155365
2.6100,0.2346,38.58,95,92,155368
2.3167,0.2395,38.58,95,92,155372
2.0088,0.2297,38.55,95,92,155375
1.7840,0.2199,38.58,95,92,155378
1.6227,0.2346,38.55,95,92,155381
1.4858,0.2297,38.62,95,92,155385
1.4272,0.2346,38.43,95,92,155388
1.3490,0.2395,38.55,95,92,155392
1.3245,0.2297,38.62,95,92,155396
1.3490,0.2395,38.62,95,92,155399
1.3539,0.2297,38.62,95,92,155402
1.4223,0.2395,38.36,95,92,155406
1.4321,0.2248,38.55,95,92,155409
1.4663,0.2297,38.58,95,92,155412
1.4761,0.2346,38.58,95,92,155416
1.5836,0.2297,38.58,95,92,155420
1.6373,0.2199,38.62,95,92,155424
1.6667,0.2395,38.46,95,92,155427
1.6422,0.2346,38.55,95,92,155430
1.6618,0.2346,38.49,95,92,155433
1.6471,0.2395,38.62,95,92,155438
1.6422,0.2346,38.68,95,92,155441
1.6716,0.2395,38.52,95,92,155444
1.6667,0.2395,38.62,95,92,155448
1.7204,0.2297,38.52,95,92,155451
1.7058,0.2297,38.58,95,92,155454
1.7058,0.2346,38.62,95,92,155458
1.7155,0.2346,38.49,95,92,155461
1.7107,0.2297,38.62,95,92,155464
1.7400,0.2346,38.40,95,92,155468
1.7302,0.2297,38.58,95,92,155471
1.7449,0.2297,38.62,95,92,155474
1.7595,0.2395,38.52,95,92,155478
1.7351,0.2346,38.62,95,92,155482
1.7742,0.2395,38.33,95,92,155485
1.7595,0.2346,38.49,95,92,155488
1.7400,0.2688,38.58,95,92,155492
1.7351,0.2346,38.58,95,92,155495
1.7155,0.2297,38.65,95,92,155498
1.7644,0.2395,38.33,95,92,155502
1.7351,0.2346,38.52,95,92,155505
1.7351,0.2297,38.58,95,92,155508
1.7449,0.2297,38.58,95,92,155512
1.7449,0.2297,38.84,95,92,155515
1.7986,0.2395,38.43,95,92,155518
1.7693,0.2346,38.58,95,92,155522
1.7791,0.2346,38.49,95,92,155526
1.7840,0.2346,38.62,95,92,155529
1.7889,0.2297,38.71,95,92,155532
1.8133,0.2444,38.52,95,92,155536
1.8035,0.2346,38.58,95,92,155539
1.8280,0.2297,38.52,95,92,155542
1.7986,0.2346,38.68,95,92,155546
1.7986,0.2297,38.62,95,92,155549
1.8231,0.2395,38.55,95,92,155552
1.7840,0.2346,38.58,95,92,155556
1.7986,0.2297,38.49,95,92,155559
1.7644,0.2590,38.52,95,92,155563
1.7644,0.2297,38.62,95,92,155566
1.7840,0.2346,38.46,95,92,155570
1.7889,0.2395,38.68,95,92,155573
1.7986,0.2346,38.40,95,92,155576
1.7742,0.2297,38.55,95,92,155580
1.7986,0.2346,38.46,95,92,155583
1.7937,0.2346,38.55,95,92,155586
1.7791,0.2297,38.62,95,92,155590
1.8328,0.2395,38.33,95,92,155593
1.7986,0.2297,38.52,95,92,155596
1.8084,0.2346,38.58,95,92,155600
1.8328,0.2346,38.58,95,92,155603
1.8377,0.2346,38.58,95,92,155607
1.9013,0.2542,38.33,95,92,155610
1.8524,0.2346,38.55,95,92,155614
1.8475,0.2297,38.55,95,92,155617
1.8524,0.2297,38.58,95,92,155620
1.8573,0.2590,38.58,95,92,155624
1.8915,0.2493,38.40,95,92,155627
1.8622,0.2346,38.62,95,92,155630
1.8671,0.2493,38.49,95,92,155634
1.8524,0.2346,38.62,95,92,155637
1.8671,0.2297,38.58,95,92,155640
1.9013,0.2346,38.52,95,92,155644
1.8719,0.2346,38.55,95,92,155648
1.8866,0.2444,38.49,95,92,155651
1.8475,0.2346,38.62,95,92,155654
1.8328,0.2346,38.65,95,92,155658
1.8719,0.2346,38.52,95,92,155661
1.8231,0.2297,38.62,95,92,155664
1.8475,0.2590,38.43,95,92,155668
1.8133,0.2297,38.11,95,92,155671
1.8182,0.2639,38.58,95,92,155674
1.8671,0.2395,38.52,95,92,155678
1.8280,0.2542,38.62,95,92,155681
1.8671,0.2395,38.36,95,92,155684
1.8426,0.2346,38.49,95,92,155688
1.8231,0.2444,38.58,95,92,155692
1.8328,0.2346,38.55,95,92,155695
1.8133,0.2297,38.58,95,92,155698
1.8573,0.2444,38.30,95,92,155702
1.8182,0.2346,38.52,95,92,155705
1.8084,0.2346,38.58,95,92,155708
1.8084,0.2346,38.68,95,92,155712
1.8133,0.2297,38.62,95,92,155715
1.8622,0.2493,38.71,95,92,155718
1.8280,0.2395,38.55,95,92,155722
1.8133,0.2297,38.52,95,92,155725
1.8084,0.2395,38.58,95,92,155728
1.8084,0.2297,38.62,95,92,155732
1.8328,0.2395,38.46,95,92,155736
1.8524,0.2346,38.68,95,92,155739
1.8377,0.2346,38.46,95,92,155742
1.8182,0.2493,38.62,95,92,155746
1.8231,0.2346,38.58,95,92,155749
1.8426,0.2395,38.43,95,92,155752
1.7986,0.2346,38.58,95,92,155756
1.8182,0.2346,38.52,95,92,155759
1.7791,0.2590,38.52,95,92,155762
1.8133,0.2297,38.58,95,92,155766
1.8035,0.2346,38.46,95,92,155769
1.8231,0.2346,38.58,95,92,155772
1.8182,0.2297,38.43,95,92,155777
1.7937,0.2395,38.55,95,92,155780
1.7986,0.2297,38.62,95,92,155783
1.8182,0.2346,38.49,95,92,155786
1.8133,0.2346,38.68,95,92,155790
1.8671,0.2297,38.33,95,92,155793
1.8231,0.2346,38.55,95,92,155796
1.8280,0.2297,38.65,95,92,155800
1.8524,0.2346,38.58,95,92,155803
1.8524,0.2346,38.62,95,92,155806
1.9062,0.2493,38.33,95,92,155810
1.8671,0.2493,38.52,95,92,155813
1.8524,0.2297,38.62,95,92,155816
1.8573,0.2346,38.62,95,92,155821
1.8671,0.2346,38.62,95,92,155824
1.9110,0.2688,38.40,95,92,155827
1.9013,0.2297,38.58,95,92,155831
1.9306,0.2297,38.46,95,92,155834
1.9257,0.2346,38.68,95,92,155837
1.9453,0.2297,38.62,95,92,155840
1.9746,0.2590,38.52,95,92,155844
1.9404,0.2346,38.58,95,92,155847
1.9453,0.2395,38.52,95,92,155850
1.8915,0.2297,38.68,95,92,155854
1.8573,0.2346,38.58,95,92,155857
1.8426,0.2297,38.52,95,92,155860
1.7986,0.2346,38.68,95,92,155865
1.7986,0.2346,38.43,95,92,155868
1.7644,0.2297,38.58,95,92,155871
1.7595,0.2395,38.62,95,92,155874
1.7742,0.2395,38.55,95,92,155878
1.7498,0.2297,38.58,95,92,155881
1.7791,0.2346,38.36,95,92,155884
1.7546,0.2346,38.52,95,92,155888
1.7400,0.2297,38.55,95,92,155891
1.7449,0.2297,38.52,95,92,155894
1.7253,0.2297,38.68,95,92,155898
1.7791,0.2395,38.30,95,92,155901
1.7449,0.2346,38.77,95,92,155905
1.7449,0.2786,38.62,95,92,155909
1.7546,0.2346,38.58,95,92,155912
1.7449,0.2297,38.52,95,92,155915
1.7986,0.2493,38.43,95,92,155918
1.7693,0.2346,38.55,95,92,155922
1.7693,0.2297,38.52,95,92,155925
1.7546,0.2346,38.62,95,92,155928
1.7546,0.2297,38.68,95,92,155932
1.7889,0.2444,38.52,95,92,155935
1.7840,0.2346,38.62,95,92,155938
1.8133,0.2346,38.46,95,92,155942
1.8231,0.2297,38.62,95,92,155945
1.8671,0.2297,38.58,95,92,155949
1.9941,0.2444,38.49,95,92,155953
2.0479,0.2297,38.62,95,92,155956
2.2287,0.2248,38.46,95,92,155959
2.3949,0.2297,38.58,95,92,155962
2.6246,0.2297,38.62,95,92,155966
2.9326,0.2346,38.46,95,92,155969
3.1036,0.2297,38.62,95,92,155972
3.2845,0.2346,38.40,95,92,155976
3.2356,0.2346,38.55,95,92,155979
3.0108,0.2297,38.62,95,92,155982
2.7273,0.2395,38.65,95,92,155986
2.3754,0.2248,38.62,95,92,155990
2.1212,0.2444,38.33,95,92,155993
1.8182,0.2346,38.55,95,92,155997
1.6227,0.2297,38.62,95,92,156000
1.4712,0.2346,38.65,95,92,156003
1.3587,0.2346,38.62,95,92,156006
1.3441,0.2493,38.33,95,92,156010
1.2805,0.2346,38.52,95,92,156013
1.2561,0.2297,38.55,95,92,156016
1.2561,0.2346,38.58,95,92,156020
1.2708,0.2346,38.62,95,92,156023
1.3196,0.2395,38.18,94,92,156026
1.3930,0.2346,38.55,94,92,156032
1.4027,0.2639,38.58,94,92,156035
1.4907,0.2346,38.49,94,92,156039
1.4565,0.2248,38.62,94,92,156042
1.4809,0.2590,38.58,94,92,156045
1.5152,0.2346,38.55,94,92,156049
1.5103,0.2297,38.62,94,92,156052
1.5396,0.2346,38.33,94,92,156055
1.5249,0.2297,38.62,94,92,156058
1.5347,0.2297,38.49,94,92,156062
1.5494,0.2395,38.55,94,92,156065
1.5445,0.2297,38.65,94,92,156068
1.5934,0.2395,38.33,94,92,156072
1.5836,0.2346,38.55,94,92,156076
1.5787,0.2297,38.65,94,92,156079
1.5885,0.2346,38.55,94,92,156083
1.5934,0.2297,38.62,94,92,156086
1.6520,0.2542,38.33,94,92,156089
1.6325,0.2395,38.52,94,92,156093
1.6373,0.2297,38.52,94,92,156096
1.6862,0.2346,38.62,94,92,156099
1.6618,0.2297,38.68,94,92,156102
1.7058,0.2590,38.43,94,92,156106
1.7107,0.2444,38.58,94,92,156109
1.6960,0.2297,38.49,94,92,156112
1.7009,0.2297,38.62,94,92,156116
1.7058,0.2297,38.62,94,92,156120
1.7302,0.2395,38.52,94,92,156123
1.7204,0.2346,38.68,94,92,156127
1.7400,0.2346,38.46,94,92,156130
1.7155,0.2297,38.62,94,92,156133
1.7204,0.2346,38.62,94,92,156137
1.7498,0.2395,38.43,94,92,156140
1.7302,0.2346,38.58,94,92,156143
1.7546,0.2346,38.43,94,92,156146
1.7400,0.2297,38.52,94,92,156150
1.7400,0.2248,38.62,94,92,156153
1.7546,0.2395,38.49,94,92,156156
1.7449,0.2297,38.65,94,92,156161
1.7840,0.2444,38.36,94,92,156164
1.7400,0.2346,38.71,94,92,156167
1.7302,0.2297,38.58,94,92,156171
1.7449,0.2395,38.62,94,92,156174
1.7302,0.2297,38.74,94,92,156177
1.7742,0.2688,38.27,94,92,156181
1.7302,0.2297,38.52,94,92,156184
1.7302,0.2248,38.62,94,92,156187
1.7498,0.2346,38.62,94,92,156190
1.7449,0.2297,38.62,94,92,156194
1.7986,0.2493,38.40,94,92,156197
1.7791,0.2346,38.55,94,92,156200
1.7791,0.2639,38.52,94,92,156205
1.7791,0.2346,38.65,94,92,156208
1.7889,0.2346,38.58,94,92,156211
1.8280,0.2395,38.43,94,92,156215
1.8133,0.2395,38.68,94,92,156218
1.8280,0.2346,38.46,94,92,156221
1.8182,0.2346,38.65,94,92,156225
1.8280,0.2395,38.62,94,92,156228
1.8573,0.2395,38.49,94,92,156231
1.8475,0.2297,38.55,94,92,156234
1.8817,0.2444,38.46,94,92,156238
1.8622,0.2297,38.58,94,92,156241
1.8671,0.2297,38.62,94,92,156244
1.8817,0.2346,38.49,94,92,156249
1.8768,0.2297,38.58,94,92,156252
1.9062,0.2395,38.40,94,92,156255
1.8866,0.2346,38.62,94,92,156259
1.8915,0.2297,38.65,94,92,156262
1.9306,0.2346,38.55,94,92,156265
1.8964,0.2297,38.71,94,92,156269
1.9453,0.2688,38.33,94,92,156272
1.9159,0.2297,38.52,94,92,156275
1.8915,0.2297,38.68,94,92,156278
1.9159,0.2346,38.55,94,92,156282
1.8817,0.2346,38.62,94,92,156285
1.9257,0.2493,37.65,94,92,156289
1.8768,0.2395,38.49,94,92,156293
1.8622,0.2297,38.58,94,92,156296
1.8524,0.2395,38.62,94,92,156299
1.8377,0.2346,38.62,94,92,156303
1.8671,0.2444,38.58,94,92,156306
1.8280,0.2346,38.55,94,92,156309
1.8328,0.2297,38.52,94,92,156313
1.8133,0.2297,38.62,94,92,156316
1.8084,0.2297,38.62,94,92,156319
1.8280,0.2395,38.68,94,92,156322
1.8133,0.2297,38.68,94,92,156326
1.8280,0.2346,38.46,94,92,156329
1.8035,0.2346,38.58,94,92,156333
1.8280,0.2346,38.62,94,92,156337
1.8280,0.2395,38.46,94,92,156340
1.7986,0.2346,38.58,94,92,156343
1.8133,0.2346,38.46,94,92,156347
1.7937,0.2346,38.52,94,92,156350
1.8133,0.2346,38.62,94,92,156353
1.8035,0.2444,38.43,94,92,156357
1.7791,0.2346,38.62,94,92,156360
1.8133,0.2395,38.36,94,92,156363
1.7937,0.2346,38.58,94,92,156367
1.7889,0.2297,38.62,94,92,156370
1.7937,0.2346,38.58,94,92,156374
1.7937,0.2395,38.62,94,92,156377
1.8377,0.2444,38.33,94,92,156381
1.8035,0.2395,38.52,94,92,156384
1.8084,0.2102,38.62,94,92,156387
1.8231,0.2346,38.62,94,92,156391
1.8328,0.2346,38.65,94,92,156394
1.8915,0.2493,38.30,94,92,156397
1.8671,0.2444,38.52,94,92,156401
1.8622,0.2346,38.52,94,92,156404
1.8622,0.2786,38.58,94,92,156407
1.8719,0.2346,38.62,94,92,156411
1.9062,0.2395,38.43,94,92,156414
1.9110,0.2346,38.58,94,92,156418
1.8915,0.2346,38.49,94,92,156421
1.8817,0.2297,38.58,94,92,156425
1.9208,0.2346,38.62,94,92,156428
1.9208,0.2395,38.52,94,92,156431
1.9110,0.2493,38.58,94,92,156435
1.9697,0.2346,38.49,94,92,156438
1.9355,0.2297,38.62,94,92,156441
1.9404,0.2395,38.62,94,92,156445
1.9648,0.2297,38.52,94,92,156448
1.9599,0.2297,38.58,94,92,156451
1.9990,0.2444,38.40,94,92,156454
1.9795,0.2297,38.58,94,92,156459
1.9892,0.2297,38.65,94,92,156462
1.9941,0.2444,38.55,94,92,156465
1.9648,0.2297,38.65,94,92,156469
1.9941,0.2346,38.36,94,92,156472
1.9404,0.2346,38.58,94,92,156475
1.8915,0.2542,38.62,94,92,156479
1.8671,0.2346,38.71,94,92,156482
1.8280,0.2346,38.68,94,92,156485
1.8719,0.2493,38.40,94,92,156489
1.8231,0.2444,38.52,94,92,156492
1.8084,0.2346,38.55,94,92,156495
1.7986,0.2346,38.52,94,92,156499
1.7889,0.2346,38.62,94,92,156503
1.8035,0.2444,38.49,94,92,156506
1.7546,0.2493,38.58,94,92,156509
1.7498,0.2346,38.52,94,92,156513
1.7302,0.2346,38.62,94,92,156516
1.7253,0.2346,38.68,94,92,156519
1.7351,0.2395,38.55,94,92,156523
1.7204,0.2346,38.62,94,92,156526
1.7400,0.2346,38.49,94,92,156529
1.7204,0.2297,38.68,94,92,156533
1.7253,0.2346,38.65,94,92,156536
1.7498,0.2395,38.49,94,92,156539
1.7253,0.2346,38.55,94,92,156544
1.7498,0.2346,38.46,94,92,156547
1.7253,0.2297,38.52,94,92,156550
1.7253,0.2346,38.62,94,92,156553
1.7498,0.2395,38.84,94,92,156557
1.7400,0.2248,38.68,94,92,156560
1.7986,0.2395,38.36,94,92,156563
1.7986,0.2346,38.55,94,92,156567
1.8426,0.2346,38.62,94,92,156570
1.9306,0.2346,38.55,94,92,156573
2.0137,0.2297,38.68,94,92,156577
2.2043,0.2542,38.30,94,92,156580
2.3363,0.2346,38.65,94,92,156583
2.5464,0.2297,38.58,94,92,156588
2.7957,0.2346,38.58,94,92,156591
3.0010,0.2297,38.68,94,92,156594
3.2160,0.2493,38.43,94,92,156597
3.1476,0.2346,38.55,94,92,156601
2.9619,0.2297,38.52,94,92,156604
2.6588,0.2346,38.58,94,92,156607
2.3607,0.2346,38.68,94,92,156611
2.1261,0.2297,38.43,94,92,156614
1.8622,0.2346,38.55,94,92,156617
1.6911,0.2297,38.49,94,92,156621
1.5298,0.2444,38.62,94,92,156624
1.4272,0.2346,38.62,94,92,156627
1.3832,0.2395,38.43,94,92,156632
1.3587,0.2346,38.58,94,92,156635
1.3294,0.2395,38.49,94,92,156638
1.2952,0.2297,38.40,94,92,156641
1.3587,0.2248,38.58,94,92,156646
1.3832,0.2297,38.58,94,92,156649
1.4467,0.2346,38.55,94,92,156653
1.4223,0.2297,38.62,94,92,156656
1.4858,0.2395,38.30,94,92,156659
1.4809,0.2346,38.55,94,92,156663
1.4809,0.2297,38.81,94,92,156666
1.4956,0.2297,38.65,94,92,156669
1.5054,0.2297,38.62,94,92,156674
1.5591,0.2444,38.40,94,92,156677
1.5396,0.2395,38.55,94,92,156680
1.5445,0.2297,38.52,94,92,156684
1.5396,0.2395,38.62,94,92,156687
1.5445,0.2297,38.68,94,92,156690
1.5689,0.2395,38.36,94,92,156693
1.5543,0.2346,38.58,94,92,156697
1.5640,0.2346,38.43,94,92,156700
1.5689,0.2346,38.62,94,92,156703
1.5591,0.2297,38.71,94,92,156707
1.5787,0.2395,38.52,94,92,156710
1.5689,0.2297,38.62,94,92,156713
1.5982,0.2395,38.49,94,92,156718
1.5787,0.2297,38.62,94,92,156721
1.5934,0.2297,38.55,94,92,156724
1.6276,0.2444,38.52,94,92,156728
1.5982,0.2297,38.62,94,92,156731
1.6227,0.2346,38.40,94,92,156734
1.6080,0.2297,38.49,94,92,156737
1.5982,0.2297,38.62,94,92,156741
1.6276,0.2395,38.55,94,92,156744
1.6178,0.2297,38.62,94,92,156747
1.6667,0.2590,38.36,94,92,156751
1.6471,0.2297,38.52,94,92,156754
1.6569,0.2297,38.65,94,92,156758
1.6764,0.2346,38.58,94,92,156762
1.6862,0.2346,38.62,94,92,156765
1.7400,0.2786,38.33,94,92,156768
1.7107,0.2346,38.52,94,92,156772
1.7058,0.2297,38.52,94,92,156775
1.7107,0.2346,38.58,94,92,156778
1.7204,0.2297,38.62,94,92,156781
1.7693,0.2444,38.55,94,92,156785
1.7546,0.2346,38.58,94,92,156788
1.7742,0.2297,38.49,94,92,156791
1.7644,0.2199,38.62,94,92,156795
1.7693,0.2346,38.62,94,92,156798
1.8133,0.2639,38.49,94,92,156802
1.7937,0.2297,38.55,94,92,156806
1.8182,0.2395,38.58,94,92,156809
1.7840,0.2346,38.62,94,92,156812
1.7889,0.2297,38.62,94,92,156816
1.8035,0.2346,38.43,94,92,156819
1.7937,0.2395,38.58,94,92,156822
1.8280,0.2346,38.46,94,92,156825
1.7937,0.2297,38.40,94,92,156829
1.7937,0.2297,38.62,94,92,156832
1.8133,0.2346,38.49,94,92,156835
1.8035,0.2297,38.62,94,92,156839
1.8475,0.2395,38.40,94,92,156843
1.8231,0.2346,38.58,94,92,156846
1.8280,0.2297,38.62,94,92,156850
1.8524,0.2639,38.55,94,92,156853
1.8426,0.2346,38.58,94,92,156856
1.9013,0.2395,38.27,94,92,156860
1.8768,0.2346,38.52,94,92,156863
1.8719,0.2297,38.62,94,92,156866
1.8768,0.2346,38.58,94,92,156869
1.8671,0.2346,38.62,94,92,156873
1.9257,0.2493,38.40,94,92,156876
1.8915,0.2395,38.52,94,92,156879
1.8719,0.2346,38.55,94,92,156883
1.8573,0.2395,38.68,94,92,156887
1.8475,0.2346,38.62,94,92,156890
1.8768,0.2444,38.40,94,92,156894
1.8768,0.2346,38.58,94,92,156897
1.8622,0.2346,38.62,94,92,156900
1.8377,0.2346,38.62,94,92,156904
1.8328,0.2297,38.62,94,92,156907
1.8426,0.2346,38.55,94,92,156910
1.8280,0.2346,38.58,94,92,156913
1.8426,0.2395,38.52,94,92,156917
1.8280,0.2346,38.62,94,92,156920
1.8035,0.2297,38.65,94,92,156923
1.8280,0.2639,38.46,94,92,156928
1.7986,0.2346,38.58,94,92,156931
1.8231,0.2346,38.36,94,92,156934
1.7986,0.2346,38.52,94,92,156938
1.7889,0.2297,38.65,94,92,156941
1.8133,0.2395,38.52,94,92,156944
1.7693,0.2297,38.62,94,92,156948
1.8035,0.2395,38.36,94,92,156951
1.7693,0.2297,38.55,94,92,156954
1.7595,0.2297,38.62,94,92,156957
1.7742,0.2542,38.55,94,92,156961
1.7693,0.2346,38.62,94,92,156964
1.8328,0.2493,38.30,94,92,156967
1.8084,0.2346,38.58,94,92,156972
1.7986,0.2346,38.58,94,92,156975
1.7986,0.2395,38.62,94,92,156978
1.7889,0.2297,38.68,94,92,156982
1.8328,0.2395,38.43,94,92,156985
1.8035,0.2346,38.55,94,92,156988
1.7986,0.2346,38.52,94,92,156992
1.7840,0.2346,38.65,94,92,156995
1.7840,0.2297,38.62,94,92,156998
1.8182,0.2395,38.52,94,92,157001
1.7986,0.2346,38.62,94,92,157005
1.8035,0.2297,38.46,94,92,157008
1.7791,0.2297,38.62,94,92,157011
1.7791,0.2346,38.62,94,92,157016
1.8084,0.2395,38.52,94,92,157019
1.8035,0.2395,38.58,94,92,157022
1.8524,0.2346,38.46,94,92,157026
1.8035,0.2297,38.58,94,92,157029
1.8084,0.2297,38.55,94,92,157032
1.8377,0.2346,38.49,94,92,157036
1.8280,0.2297,38.58,94,92,157039
1.8622,0.2346,38.40,94,92,157042
1.8377,0.2297,38.62,94,92,157045
1.8426,0.2297,38.71,94,92,157049
1.9013,0.2444,38.55,94,92,157052
1.8475,0.2297,38.58,94,92,157056
1.8964,0.2346,38.36,94,92,157060
1.8719,0.2297,38.52,94,92,157063
1.8573,0.2297,38.58,94,92,157066
1.8524,0.2297,38.58,94,92,157070
1.8524,0.2297,38.68,94,92,157073
1.9257,0.2542,38.40,94,92,157076
1.9159,0.2444,38.52,94,92,157080
1.9257,0.2297,38.62,94,92,157083
1.9453,0.2346,38.62,94,92,157086
1.9257,0.2297,38.81,94,92,157089
1.9404,0.2395,38.46,94,92,157093
1.9013,0.2297,38.58,94,92,157096
1.8915,0.2346,38.46,94,92,157100
1.8573,0.2346,38.62,94,92,157104
1.8475,0.2297,38.62,94,92,157107
1.8866,0.2395,38.52,94,92,157110
1.8524,0.2346,38.62,94,92,157114
1.8719,0.2395,38.49,94,92,157117
1.8426,0.2346,38.62,94,92,157120
1.8426,0.2346,38.58,94,92,157124
1.8573,0.2444,38.49,94,92,157127
1.8182,0.2297,38.62,94,92,157130
1.8231,0.2346,38.40,94,92,157133
1.7986,0.2297,38.52,94,92,157137
1.7840,0.2297,38.62,94,92,157140
1.8084,0.2395,38.52,94,92,157144
1.7791,0.2346,38.62,94,92,157148
1.8280,0.2395,38.30,94,92,157151
1.7986,0.2346,38.55,94,92,157154
1.8035,0.2297,38.65,94,92,157158
1.8084,0.2395,38.58,94,92,157161
1.7840,0.2346,38.58,94,92,157164
1.8182,0.2395,38.33,94,92,157167
1.7644,0.2346,38.46,94,92,157171
1.7595,0.2639,38.58,94,92,157174
1.7595,0.2346,38.62,94,92,157177
1.7644,0.2346,38.62,94,92,157181
1.8328,0.2493,38.43,94,92,157185
1.8328,0.2395,38.62,94,92,157188
1.8964,0.2346,38.49,94,92,157192
1.9355,0.2346,38.65,94,92,157195
2.0381,0.2297,38.68,94,92,157198
2.1603,0.2444,38.43,94,92,157202
2.2776,0.2346,38.58,94,92,157205
2.5024,0.2346,38.46,94,92,157208
2.7126,0.2346,38.62,94,92,157212
2.9619,0.2297,38.68,94,92,157215
3.2209,0.2395,38.52,94,92,157218
3.2551,0.2346,38.58,94,92,157221
3.2014,0.2395,38.46,94,92,157225
2.9179,0.2297,38.58,94,92,157229
2.6002,0.2297,38.62,94,92,157232
2.3118,0.2346,38.52,94,92,157236
2.0332,0.2395,38.62,94,92,157239
1.8377,0.2346,38.43,94,92,157242
1.6373,0.2395,38.62,94,92,157246
1.5103,0.2346,38.62,94,92,157249
1.4370,0.2395,38.58,95,92,157252
1.3539,0.2688,38.58,95,92,157257
1.3685,0.2346,38.68,95,92,157260
1.4467,0.2444,38.43,95,92,157264
1.4565,0.2346,38.55,95,92,157267
1.4614,0.2297,38.49,95,92,157271
1.4712,0.2444,38.62,95,92,157274
1.4956,0.2346,38.62,95,92,157278
1.5396,0.2444,38.49,95,92,157281
1.5347,0.2346,38.58,95,92,157284
1.5591,0.2346,38.46,95,92,157288
1.5347,0.2346,38.68,95,92,157291
1.5396,0.2297,38.62,95,92,157294
1.5591,0.2444,38.55,95,92,157298
1.5543,0.2297,38.62,95,92,157301
1.5836,0.2346,38.49,95,92,157304
1.5689,0.2297,38.65,95,92,157308
1.5836,0.2297,38.58,95,92,157312
1.6129,0.2395,38.52,95,92,157315
1.5885,0.2297,38.11,95,92,157319
1.6129,0.2297,38.40,95,92,157322
1.6031,0.2297,38.49,95,92,157325
1.6031,0.2297,38.62,95,92,157328
1.6325,0.2395,38.58,95,92,157332
1.6178,0.2297,38.71,95,92,157335
1.6716,0.2835,38.33,95,92,157338
1.6520,0.2346,38.62,95,92,157342
1.6618,0.2297,38.58,95,92,157345
1.6716,0.2346,38.58,95,92,157348
1.6618,0.2297,38.81,95,92,157352
1.7107,0.2590,38.46,95,92,157356
1.6764,0.2395,38.55,95,92,157359
1.6764,0.2297,38.52,95,92,157363
1.7107,0.2346,38.62,95,92,157366
1.6911,0.2297,38.65,95,92,157369
1.7498,0.2542,38.52,95,92,157372
1.6813,0.2346,38.58,95,92,157376
1.6813,0.2346,38.49,95,92,157379
1.6618,0.2297,38.62,95,92,157382
1.6667,0.2346,38.62,95,92,157386
1.7058,0.2395,38.46,95,92,157389
1.6862,0.2346,38.84,95,92,157392
1.7449,0.2346,38.49,95,92,157396
1.7107,0.2297,38.55,95,92,157400
1.7302,0.2542,38.65,95,92,157403
1.7546,0.2395,38.49,95,92,157407
1.7449,0.2297,38.58,95,92,157410
1.7742,0.2395,38.43,95,92,157413
1.7546,0.2346,38.52,95,92,157416
1.7546,0.2297,38.62,95,92,157420
1.7742,0.2346,38.55,95,92,157423
1.7546,0.2248,38.62,95,92,157426
1.7986,0.2395,38.33,95,92,157430
1.7498,0.2297,38.55,95,92,157433
1.7546,0.2395,38.62,95,92,157436
1.7644,0.2346,38.58,95,92,157441
1.7693,0.2395,38.62,95,92,157444
1.8377,0.2297,38.40,95,92,157447
1.8133,0.2395,38.52,95,92,157451
1.8084,0.2346,38.52,95,92,157454
1.8231,0.2346,37.90,95,92,157457
1.8280,0.2590,38.62,95,92,157461
1.8768,0.2493,38.43,95,92,157464
1.8622,0.2346,38.49,95,92,157467
1.8817,0.2297,38.55,95,92,157470
1.9257,0.2346,38.62,95,92,157474
1.9159,0.2297,38.58,95,92,157477
1.9501,0.2346,38.46,95,92,157480
1.9257,0.2346,38.58,95,92,157485
1.9404,0.2346,38.46,95,92,157488
1.8915,0.2346,38.58,95,92,157491
1.8768,0.2346,38.62,95,92,157495
1.8768,0.2346,38.52,95,92,157498
1.8719,0.2395,38.62,95,92,157501
1.8915,0.2297,38.52,95,92,157504
1.8768,0.2346,38.62,95,92,157508
1.8768,0.2346,38.62,95,92,157511
1.9110,0.2395,38.49,95,92,157514
1.8964,0.2297,38.62,95,92,157518
1.9208,0.2395,38.36,95,92,157521
1.8866,0.2346,38.49,95,92,157524
1.8719,0.2297,38.65,95,92,157529
1.9013,0.2395,38.55,95,92,157532
1.8671,0.2346,38.62,95,92,157535
1.9062,0.2444,38.33,95,92,157539
1.8622,0.2346,38.49,95,92,157542
1.8524,0.2297,38.62,95,92,157545
1.8622,0.2346,38.58,95,92,157549
1.8377,0.2297,38.62,95,92,157552
1.8719,0.2493,38.40,95,92,157555
1.8231,0.2395,38.55,95,92,157558
1.8280,0.2297,38.52,95,92,157562
1.8426,0.2590,38.58,95,92,157565
1.8573,0.2297,38.62,95,92,157569
1.8817,0.2786,38.52,95,92,157573
1.8524,0.2395,38.58,95,92,157576
1.8817,0.2297,38.49,95,92,157579
1.8671,0.2346,38.58,95,92,157583
1.8622,0.2297,38.62,95,92,157586
1.8866,0.2395,38.49,95,92,157589
1.8573,0.2297,38.62,95,92,157593
1.8915,0.2346,38.49,95,92,157596
1.8719,0.2346,38.58,95,92,157599
1.8768,0.2297,38.62,95,92,157602
1.8866,0.2346,38.43,95,92,157606
1.8622,0.2346,38.58,95,92,157609
1.9013,0.2346,38.40,95,92,157613
1.8768,0.2297,38.55,95,92,157617
1.8866,0.2346,38.62,95,92,157620
1.9062,0.2395,38.55,95,92,157623
1.8817,0.2297,38.62,95,92,157627
1.9599,0.2395,38.33,95,92,157630
1.8817,0.2297,38.62,95,92,157633
1.8964,0.2297,38.65,95,92,157637
1.9013,0.2395,38.71,95,92,157640
1.9110,0.2346,38.62,95,92,157643
1.9550,0.2493,38.43,95,92,157646
1.9257,0.2542,38.52,95,92,157650
1.9159,0.2346,38.58,95,92,157654
1.9110,0.2444,38.62,95,92,157657
1.9159,0.2346,38.62,95,92,157661
1.9599,0.2395,38.36,95,92,157664
1.9501,0.2346,38.62,95,92,157667
1.9453,0.2346,38.49,95,92,157671
1.9306,0.2395,38.58,95,92,157674
1.9501,0.2346,38.62,95,92,157677
1.9795,0.2590,38.49,95,92,157681
1.9697,0.2346,38.58,95,92,157684
1.9844,0.2395,38.58,95,92,157687
1.9550,0.2297,38.58,95,92,157690
1.9941,0.2297,38.62,95,92,157694
1.9795,0.2346,38.58,95,92,157698
1.9746,0.2395,38.68,95,92,157701
2.0088,0.2346,38.43,95,92,157705
1.9844,0.2297,38.62,95,92,157708
1.9746,0.2346,38.62,95,92,157711
1.9648,0.2395,38.52,95,92,157715
1.9062,0.2346,38.62,95,92,157718
1.9208,0.2395,38.36,95,92,157721
1.8915,0.2395,38.52,95,92,157725
1.8719,0.2346,38.62,95,92,157728
1.8768,0.2395,38.55,95,92,157731
1.8426,0.2542,38.62,95,92,157734
1.8671,0.2395,38.30,95,92,157739
1.8035,0.2346,38.49,95,92,157742
1.7889,0.2297,38.62,95,92,157745
1.7840,0.2346,38.58,95,92,157749
1.7693,0.2297,38.58,95,92,157752
1.8084,0.2639,38.40,95,92,157755
1.7595,0.2297,38.55,95,92,157759
1.7546,0.2297,38.55,95,92,157762
1.7449,0.2346,38.62,95,92,157765
1.7351,0.2346,38.62,95,92,157769
1.7742,0.2444,38.49,95,92,157772
1.7693,0.2395,38.58,95,92,157775
1.7937,0.2346,38.49,95,92,157778
1.7644,0.2444,38.68,95,92,157783
1.7791,0.2297,38.62,95,92,157786
1.8280,0.2444,38.71,95,92,157789
1.8133,0.2346,38.58,95,92,157793
1.8377,0.2395,38.49,95,92,157796
1.8182,0.2248,38.58,95,92,157799
1.8426,0.2346,38.62,95,92,157803
1.8768,0.2395,38.40,95,92,157806
1.8719,0.2297,38.55,95,92,157809
1.9501,0.2199,38.43,95,92,157812
2.0381,0.2346,38.55,95,92,157816
2.2190,0.2297,38.62,95,92,157819
2.4878,0.2444,38.52,95,92,157822
2.7517,0.2297,38.62,95,92,157827
3.0841,0.2395,38.33,95,92,157830
3.2307,0.2297,38.58,95,92,157833
3.3236,0.2297,38.68,95,92,157837
3.2551,0.2444,38.62,95,92,157840
3.0059,0.2346,38.62,95,92,157843
2.7566,0.2444,38.30,95,92,157847
2.3754,0.2590,38.52,95,92,157850
2.0577,0.2199,38.68,95,92,157853
1.8084,0.2346,38.58,95,92,157856
1.5982,0.2297,38.11,95,92,157860
1.5005,0.2542,38.43,95,92,157863
1.2805,0.2395,38.49,95,92,157869
1.2854,0.2346,38.62,95,92,157872
1.3441,0.2395,38.46,95,92,157875
1.3490,0.2346,38.62,95,92,157879
1.3685,0.2297,38.52,95,92,157882
1.4174,0.2346,38.52,95,92,157885
1.4223,0.2297,38.62,95,92,157889
1.4712,0.2395,38.43,95,92,157892
1.4712,0.2297,38.58,95,92,157895
1.4809,0.2297,38.65,95,92,157899
1.4956,0.2444,38.55,95,92,157902
1.5005,0.2346,38.65,95,92,157905
1.5445,0.2444,38.36,95,92,157908
1.5249,0.2395,38.52,95,92,157913
1.5200,0.2297,38.68,95,92,157916
1.5445,0.2395,38.58,95,92,157919
1.5298,0.2297,38.62,95,92,157923
1.5885,0.2444,38.27,95,92,157926
1.5738,0.2346,38.49,95,92,157929
1.5738,0.2297,38.58,95,92,157933
1.5738,0.2346,38.62,95,92,157936
1.5738,0.2297,38.62,95,92,157939
1.6227,0.2493,38.46,95,92,157943
1.6129,0.2444,38.55,95,92,157946
1.6178,0.2297,38.62,95,92,157949
1.6129,0.2346,38.58,95,92,157953
1.6178,0.2297,38.68,95,92,157957
1.6471,0.2688,38.49,95,92,157960
1.6325,0.2346,38.62,95,92,157963
1.6520,0.2395,38.46,95,92,157967
1.6276,0.2297,38.62,95,92,157970
1.6178,0.2297,38.65,95,92,157973
1.6373,0.2493,38.49,95,92,157977
1.6227,0.2346,38.55,95,92,157980
1.6618,0.2444,38.46,95,92,157983
1.6422,0.2297,38.55,95,92,157987
1.6373,0.2444,38.62,95,92,157990
1.6569,0.2395,38.52,95,92,157993
1.6520,0.2346,38.62,95,92,157998
1.7058,0.2346,38.43,95,92,158001
1.6667,0.2346,38.58,95,92,158004
1.6618,0.2542,38.62,95,92,158007
1.6911,0.2395,38.55,95,92,158011
1.6813,0.2297,38.84,95,92,158014
1.7204,0.2395,38.30,95,92,158017
1.6862,0.2297,38.55,95,92,158021
1.6960,0.2688,38.58,95,92,158024
1.7400,0.2346,38.58,95,92,158027
1.7058,0.2297,38.81,95,92,158031
1.7546,0.2395,38.40,95,92,158034
1.7058,0.2395,38.55,95,92,158038
1.6911,0.2297,38.58,95,92,158042
1.6911,0.2346,38.58,95,92,158045
1.7009,0.2297,38.62,95,92,158048
1.7498,0.2444,38.40,95,92,158051
1.7302,0.2297,38.58,95,92,158055
1.7449,0.2346,38.49,95,92,158058
1.7351,0.2444,38.58,95,92,158061
1.7449,0.2297,38.62,95,92,158065
1.7840,0.2688,38.49,95,92,158068
1.7840,0.2444,38.62,95,92,158071
1.8182,0.2444,38.49,95,92,158075
1.8035,0.2346,38.62,95,92,158078
1.8280,0.2346,38.68,95,92,158082
1.8231,0.2297,38.52,95,92,158085
1.8084,0.2346,38.52,95,92,158089
1.8328,0.2346,38.40,95,92,158092
1.8182,0.2297,38.62,95,92,158095
1.8328,0.2297,38.65,95,92,158099
1.8915,0.2395,38.58,95,92,158102
1.8426,0.2346,38.65,95,92,158105
1.8817,0.2444,38.36,95,92,158109
1.8671,0.2395,38.52,95,92,158112
1.8573,0.2346,38.62,95,92,158115
1.8671,0.2395,38.55,95,92,158119
1.8426,0.2297,38.62,95,92,158123
1.8817,0.2493,38.33,95,92,158126
1.8280,0.2297,38.46,95,92,158130
1.8182,0.2346,38.55,95,92,158133
1.8182,0.2346,38.62,95,92,158136
1.8133,0.2346,38.65,95,92,158139
1.8671,0.2493,38.46,95,92,158143
1.8328,0.2395,38.05,95,92,158146
1.8328,0.2346,38.52,95,92,158149
1.8182,0.2346,38.62,95,92,158153
1.8084,0.2248,38.62,95,92,158156
1.8328,0.2395,38.52,95,92,158159
1.8035,0.2346,38.62,95,92,158163
1.8084,0.2346,38.02,95,92,158167
1.7791,0.2346,38.62,95,92,158170
1.7791,0.2297,38.62,95,92,158173
1.7986,0.2786,38.46,95,92,158177
1.7644,0.2297,38.62,95,92,158180
1.7840,0.2346,38.52,95,92,158183
1.7449,0.2444,38.55,95,92,158187
1.7400,0.2346,38.62,95,92,158190
1.7595,0.2444,38.46,95,92,158193
1.7400,0.2346,38.62,95,92,158197
1.7595,0.2346,38.43,95,92,158200
1.7253,0.2346,38.55,95,92,158203
1.7107,0.2346,38.65,95,92,158208
1.7155,0.2395,38.55,95,92,158211
1.7009,0.2346,38.62,95,92,158214
1.7449,0.2444,38.33,95,92,158217
1.7449,0.2346,38.52,95,92,158221
1.7253,0.2297,38.62,95,92,158224
1.7351,0.2395,38.62,95,92,158227
1.7302,0.2346,38.62,95,92,158231
1.7840,0.2493,38.36,95,92,158234
1.7742,0.2346,38.52,95,92,158237
1.7498,0.2297,38.55,95,92,158241
1.7546,0.2346,38.62,95,92,158244
1.7449,0.2297,38.62,95,92,158247
1.7889,0.2981,38.46,95,92,158252
1.7742,0.2297,38.62,95,92,158255
1.7889,0.2444,38.49,95,92,158258
1.7986,0.2346,38.68,95,92,158262
1.7742,0.2346,38.65,95,92,158265
1.7986,0.2639,38.49,95,92,158268
1.7986,0.2395,38.58,95,92,158271
1.8133,0.2395,38.58,95,92,158275
1.7889,0.2395,38.62,95,92,158278
1.7889,0.2346,38.62,95,92,158281
1.7937,0.2346,38.52,95,92,158285
1.7840,0.2346,38.62,95,92,158288
1.8084,0.2346,38.43,95,92,158291
1.7889,0.2444,38.62,95,92,158296
1.8084,0.2297,38.68,95,92,158299
1.8328,0.2444,38.43,95,92,158302
1.8524,0.2346,38.62,95,92,158306
1.8817,0.2395,38.43,95,92,158309
1.8719,0.2395,38.49,95,92,158312
1.8768,0.2297,38.62,95,92,158315
1.8915,0.2444,38.62,95,92,158319
1.8817,0.2346,38.68,95,92,158322
1.9062,0.2444,38.33,95,92,158325
1.8377,0.2395,38.49,95,92,158329
1.7937,0.2297,38.55,95,92,158332
1.7693,0.2346,38.68,95,92,158336
1.7400,0.2346,38.68,95,92,158340
1.7742,0.2542,38.46,95,92,158343
1.7302,0.2395,38.52,95,92,158346
1.7253,0.2346,38.49,95,92,158350
1.7107,0.2346,38.65,95,92,158353
1.7302,0.2346,38.65,95,92,158356
1.7351,0.2444,38.52,95,92,158359
1.7155,0.2542,38.55,95,92,158363
1.7302,0.2346,38.46,95,92,158366
1.7107,0.2395,38.68,95,92,158369
1.7204,0.2346,38.58,95,92,158373
1.7400,0.2444,38.49,95,92,158376
1.7107,0.2395,38.62,95,92,158380
1.7302,0.2346,38.49,95,92,158384
1.7058,0.2297,38.52,95,92,158387
1.7107,0.2346,38.62,95,92,158390
1.7351,0.2395,38.46,95,92,158394
1.7253,0.2346,38.62,95,92,158397
1.7595,0.2395,38.40,95,92,158400
1.7400,0.2786,38.62,95,92,158403
1.7595,0.2346,38.62,95,92,158407
1.7546,0.2346,38.55,95,92,158410
1.7546,0.2346,38.58,95,92,158413
1.8182,0.2688,38.33,95,92,158417
1.7986,0.2346,38.58,95,92,158420
1.8377,0.2395,38.62,95,92,158424
1.9013,0.2395,38.58,95,92,158428
1.9746,0.2248,38.62,95,92,158431
2.1652,0.2493,38.40,95,92,158434
2.2874,0.2395,38.52,95,92,158438
2.4829,0.2346,38.52,95,92,158441
2.7273,0.2346,38.58,95,92,158444
2.9668,0.2395,38.62,95,92,158447
3.2502,0.2542,38.43,95,92,158451
3.2845,0.2395,38.58,95,92,158454
3.2209,0.2639,38.46,95,92,158457
2.9423,0.2346,38.62,95,92,158461
2.6246,0.2346,38.62,95,92,158465
2.3265,0.2444,38.55,95,92,158468
2.0137,0.2346,38.58,95,92,158472
1.8035,0.2395,38.49,95,92,158475
1.5982,0.2346,38.65,95,92,158478
1.2952,0.2297,38.68,95,92,158482
1.3050,0.2297,38.58,95,92,158485
1.3294,0.2688,38.62,95,92,158488
1.3392,0.2297,38.62,95,92,158492
1.3930,0.2444,38.33,95,92,158495
1.3930,0.2346,38.52,95,92,158498
1.3978,0.2297,38.62,95,92,158502
1.4516,0.2346,38.58,95,92,158505
1.4370,0.2346,38.62,95,92,158509
1.5005,0.2542,38.40,95,92,158513
1.5249,0.2346,38.52,95,92,158516
1.5054,0.2346,38.58,95,92,158519
1.5200,0.2346,38.65,95,92,158523
1.5347,0.2346,38.62,95,92,158526
1.5885,0.2444,38.46,95,92,158529
1.5640,0.2395,38.49,95,92,158532
1.5738,0.2444,38.52,95,92,158536
1.5738,0.2297,38.65,95,92,158539
1.5836,0.2346,38.62,95,92,158542
1.6129,0.2395,38.55,95,92,158546
1.6031,0.2346,38.62,95,92,158550
1.6422,0.2395,38.46,95,92,158553
1.6129,0.2346,37.96,95,92,158557
1.6227,0.2346,38.62,95,92,158560
1.6569,0.2444,38.55,95,92,158563
1.6325,0.2444,38.68,95,92,158567
1.6471,0.2346,38.46,95,92,158570
1.6227,0.2346,38.55,95,92,158573
1.6569,0.2346,38.62,95,92,158576
1.6471,0.2395,38.46,95,92,158580
1.6276,0.2346,38.62,95,92,158583
1.6569,0.2395,38.43,95,92,158586
1.6373,0.2493,38.55,95,92,158590
1.6325,0.2346,38.62,95,92,158594
1.6520,0.2395,38.58,95,92,158597
1.6471,0.2395,38.62,95,92,158601
1.6960,0.2444,38.33,95,92,158604
1.6618,0.2395,38.55,95,92,158607
1.6618,0.2346,38.62,95,92,158611
1.6667,0.2346,38.62,95,92,158614
1.6618,0.2297,38.62,95,92,158617
1.7107,0.2493,38.43,95,92,158621
1.6716,0.2395,38.58,95,92,158624
1.6862,0.2346,38.58,95,92,158627
1.6911,0.2346,38.58,95,92,158630
1.6862,0.2297,38.40,95,92,158635
1.7253,0.2444,38.49,95,92,158638
1.6960,0.2297,38.58,95,92,158641
1.7155,0.2346,38.46,95,92,158645
1.6960,0.2297,38.62,95,92,158648
1.6960,0.2346,38.62,95,92,158651
1.7204,0.2444,38.46,95,92,158655
1.7009,0.2493,38.62,95,92,158658
1.7302,0.2395,38.49,95,92,158661
1.7058,0.2346,38.58,95,92,158665
1.7107,0.2346,38.62,95,92,158668
1.7253,0.2395,38.49,95,92,158671
1.7155,0.2346,38.62,95,92,158674
1.7498,0.2395,38.43,95,92,158679
1.7302,0.2688,38.52,95,92,158682
1.7693,0.2346,38.62,95,92,158685
1.7546,0.2395,38.55,95,92,158689
1.7400,0.2395,38.62,95,92,158692
1.7840,0.2444,38.30,95,92,158695
1.7595,0.2395,38.52,95,92,158699
1.7498,0.2297,38.65,95,92,158702
1.7791,0.2395,38.58,95,92,158705
1.7791,0.2346,38.77,95,92,158709
1.8377,0.2493,38.36,95,92,158712
1.8035,0.2395,38.62,95,92,158715
1.7937,0.2444,38.62,95,92,158718
1.7986,0.2346,38.58,95,92,158723
1.7986,0.2297,38.52,95,92,158726
1.8426,0.2835,38.46,95,92,158729
1.8182,0.2297,38.55,95,92,158733
1.8231,0.2346,38.52,95,92,158736
1.8035,0.2346,38.62,95,92,158739
1.8133,0.2346,38.62,95,92,158743
1.8426,0.2395,38.55,95,92,158746
1.8133,0.2346,38.62,95,92,158749
1.8377,0.2346,38.49,95,92,158753
1.8084,0.2297,38.68,95,92,158756
1.8084,0.2297,38.58,95,92,158759
1.8377,0.2444,38.46,95,92,158763
1.8133,0.2346,38.58,95,92,158767
1.8377,0.2346,38.46,95,92,158770
1.8084,0.2346,38.52,95,92,158773
1.7937,0.2346,38.58,95,92,158777
1.8182,0.2688,38.46,95,92,158780
1.7986,0.2346,38.62,95,92,158783
1.8280,0.2395,38.36,95,92,158787
1.7889,0.2444,38.55,95,92,158790
1.7840,0.2346,38.62,95,92,158793
1.7840,0.2395,38.55,95,92,158796
1.7693,0.2297,38.77,95,92,158800
1.8133,0.2493,38.33,95,92,158803
1.7693,0.2346,38.52,95,92,158807
1.7595,0.2395,38.62,95,92,158811
1.7546,0.2395,38.58,95,92,158814
1.7400,0.2346,38.65,95,92,158817
1.7937,0.2297,38.43,95,92,158821
1.7546,0.2395,38.52,95,92,158824
1.7400,0.2395,38.55,95,92,158827
1.7351,0.2346,38.02,95,92,158831
1.7302,0.2395,38.62,95,92,158834
1.7693,0.2444,38.43,95,92,158837
1.7449,0.2346,38.55,95,92,158841
1.7986,0.2444,38.46,95,92,158844
1.7546,0.2395,38.62,95,92,158848
1.7595,0.2346,38.58,95,92,158851
1.7986,0.2444,38.52,95,92,158855
1.7889,0.2346,38.62,95,92,158858
1.8280,0.2395,38.49,95,92,158861
1.8084,0.2346,38.58,95,92,158865
1.8280,0.2346,38.58,95,92,158868
1.8475,0.2395,38.52,95,92,158871
1.8328,0.2297,38.62,95,92,158875
1.8622,0.2346,38.40,95,92,158878
1.8426,0.2297,38.62,95,92,158881
1.8573,0.2297,38.46,95,92,158884
1.9208,0.2444,38.52,95,92,158888
1.8622,0.2346,38.52,95,92,158892
1.9062,0.2444,38.36,95,92,158895
1.8964,0.2395,38.49,95,92,158899
1.8866,0.2297,38.08,95,92,158902
1.9404,0.2395,38.58,95,92,158905
1.9013,0.2346,38.62,95,92,158909
1.9550,0.2493,38.33,95,92,158912
1.9159,0.2297,38.46,95,92,158915
1.9110,0.2297,38.58,95,92,158919
1.9208,0.2737,38.58,95,92,158922
1.9208,0.2346,38.68,95,92,158925
1.9795,0.2297,38.46,95,92,158928
1.9550,0.2493,38.55,95,92,158932
1.9697,0.2346,38.52,95,92,158936
1.9550,0.2297,38.62,95,92,158939
1.9550,0.2395,38.68,95,92,158943
1.9746,0.2444,38.52,95,92,158946
1.9404,0.2395,38.62,95,92,158949
1.9306,0.2444,38.49,95,92,158953
1.8866,0.2346,38.77,95,92,158956
1.8719,0.2395,38.62,95,92,158959
1.8915,0.2444,38.49,95,92,158963
1.8573,0.2444,38.58,95,92,158966
1.8817,0.2346,38.49,95,92,158969
1.8280,0.2346,38.55,95,92,158972
1.8133,0.2297,38.62,95,92,158977
1.8231,0.2395,38.46,95,92,158980
1.7986,0.2346,38.58,95,92,158983
1.8182,0.2395,38.40,95,92,158987
1.7840,0.2346,38.52,95,92,158990
1.7644,0.2639,38.62,95,92,158993
1.7791,0.2395,38.55,95,92,158997
1.7546,0.2297,38.58,95,92,159000
1.7889,0.2444,38.33,95,92,159003
1.7449,0.2346,38.52,95,92,159007
1.7351,0.2346,38.68,95,92,159010
1.7302,0.2395,38.58,95,92,159013
1.7546,0.2346,38.68,95,92,159017
1.7840,0.2493,38.40,95,92,159021
1.7498,0.2395,38.52,95,92,159024
1.7400,0.2346,38.52,95,92,159027
1.7351,0.2395,38.68,95,92,159031
1.7302,0.2346,38.62,95,92,159034
1.7693,0.2444,38.43,95,92,159037
1.7644,0.2297,38.55,95,92,159041
1.8133,0.2346,38.49,95,92,159044
1.8426,0.2346,38.68,95,92,159047
1.9110,0.2493,38.65,95,92,159051
2.0381,0.2297,38.52,95,92,159054
2.1554,0.2346,38.62,95,92,159057
2.3656,0.2395,38.49,95,92,159060
2.5513,0.2346,38.62,95,92,159065
2.7908,0.2297,38.62,95,92,159068
3.0303,0.2395,38.52,95,92,159071
3.1867,0.2346,38.62,95,92,159075
3.2111,0.2395,38.46,95,92,159078
3.0156,0.2395,38.68,95,92,159081
2.7517,0.2346,38.68,95,92,159085
2.4682,0.2444,38.43,95,92,159088
1.4516,0.2395,38.58,95,92,159092
1.3783,0.2444,38.62,95,92,159095
1.3832,0.2542,38.40,95,92,159098
1.3245,0.2395,38.55,95,92,159102
1.3196,0.2346,38.55,95,92,159106
1.3196,0.2346,38.58,95,92,159109
1.3392,0.2346,38.62,95,92,159112
1.3881,0.2444,38.46,95,92,159116
1.3783,0.2346,38.58,95,92,159119
1.4174,0.2444,38.49,95,92,159122
1.3930,0.2346,38.71,95,92,159126
1.4174,0.2395,38.65,95,92,159129
1.4418,0.2395,38.62,95,92,159132
1.4467,0.2346,38.62,95,92,159136
1.4858,0.2444,38.49,95,92,159139
1.4712,0.2395,38.62,95,92,159142
1.4956,0.2346,38.65,95,92,159147
1.5396,0.2444,38.43,95,92,159150
1.5347,0.2346,38.62,95,92,159153
1.5689,0.2395,38.52,95,92,159157
1.5591,0.2493,38.49,95,92,159160
1.5640,0.2346,38.65,95,92,159163
1.5885,0.2444,38.52,95,92,159166
1.5836,0.2346,38.62,95,92,159170
1.6373,0.2444,38.36,95,92,159173
1.6129,0.2297,38.55,95,92,159176
1.6178,0.2395,38.62,95,92,159180
1.6325,0.2444,38.58,95,92,159183
1.6422,0.2346,38.62,95,92,159186
1.7009,0.2590,38.36,95,92,159191
1.6911,0.2444,38.52,95,92,159194
1.6667,0.2297,38.58,95,92,159197
1.6667,0.2346,38.58,95,92,159201
1.6667,0.2297,38.62,95,92,159204
1.7107,0.2688,38.46,95,92,159207
1.6813,0.2444,38.62,95,92,159210
1.6960,0.2395,38.52,95,92,159214
1.6764,0.2493,38.62,95,92,159217
1.6764,0.2346,38.65,95,92,159220
1.7009,0.2444,38.43,95,92,159224
1.6764,0.2346,38.68,95,92,159227
1.7009,0.2395,38.49,95,92,159230
1.6764,0.2346,38.58,95,92,159235
1.6764,0.2346,38.58,95,92,159238
1.6960,0.2395,38.52,95,92,159241
1.6911,0.2346,38.77,95,92,159245
1.7155,0.2395,38.55,95,92,159248
1.6960,0.2297,38.55,95,92,159251
1.7058,0.2346,38.62,95,92,159254
1.7155,0.2395,38.49,95,92,159258
1.7009,0.2346,38.71,95,92,159261
1.7351,0.2395,38.40,95,92,159264
1.7107,0.2297,38.58,95,92,159268
1.7204,0.2346,38.62,95,92,159271
1.7400,0.2395,38.55,95,92,159275
1.7204,0.2346,38.65,95,92,159279
1.7595,0.2639,38.36,95,92,159282
1.7400,0.2395,38.55,95,92,159285
1.7302,0.2297,38.62,95,92,159289
1.7449,0.2346,38.58,95,92,159292
1.7595,0.2346,38.68,95,92,159295
1.7937,0.2542,38.30,95,92,159298
1.7546,0.2444,38.49,95,92,159302
1.7546,0.2346,38.52,95,92,159305
1.7644,0.2346,38.62,95,92,159308
1.7937,0.2346,38.62,95,92,159312
1.8231,0.2444,38.52,95,92,159315
1.7986,0.2395,38.58,95,92,159319
1.8035,0.2346,38.49,95,92,159323
1.7986,0.2346,38.62,95,92,159326
1.8133,0.2297,38.62,95,92,159329
1.8328,0.2395,38.55,95,92,159333
1.8573,0.2346,38.62,95,92,159336
1.8524,0.2444,38.52,95,92,159339
1.8426,0.2346,38.62,95,92,159342
1.8377,0.2297,38.62,95,92,159346
1.8622,0.2542,38.52,95,92,159349
1.8426,0.2297,38.58,95,92,159352
1.8671,0.2395,38.55,95,92,159356
1.8573,0.2346,38.52,95,92,159360
1.8377,0.2346,38.62,95,92,159363
1.8573,0.2395,38.55,95,92,159367
1.8377,0.2346,38.62,95,92,159370
1.8768,0.2444,38.33,95,92,159373
1.8426,0.2346,38.55,95,92,159377
1.8133,0.2346,38.62,95,92,159380
1.8182,0.2395,38.58,95,92,159383
1.8133,0.2346,38.58,95,92,159386
1.8475,0.2493,38.33,95,92,159390
1.7986,0.2346,38.55,95,92,159393
1.7889,0.2346,38.58,95,92,159396
1.7840,0.2395,38.58,95,92,159400
1.7791,0.2346,38.62,95,92,159404
1.8280,0.2493,38.55,95,92,159407
1.8035,0.2639,38.52,95,92,159411
1.8035,0.2346,38.52,95,92,159414
1.7840,0.2346,38.84,95,92,159417
1.7644,0.2248,38.62,95,92,159421
1.7889,0.2444,38.43,95,92,159424
1.7546,0.2395,38.62,95,92,159427
1.7889,0.2346,38.46,95,92,159430
1.7498,0.2346,38.62,95,92,159434
1.7498,0.2297,38.62,95,92,159437
1.7644,0.2395,38.49,95,92,159440
1.7498,0.2346,38.58,95,92,159444
1.7742,0.2346,38.55,95,92,159448
1.7498,0.2346,38.65,95,92,159451
1.7595,0.2346,38.65,95,92,159455
1.7742,0.2346,38.49,95,92,159458
1.7644,0.2346,38.62,95,92,159461
1.7937,0.2395,38.33,95,92,159465
1.7693,0.2346,38.62,95,92,159468
1.7791,0.2297,38.65,95,92,159471
1.7937,0.2444,38.55,95,92,159474
1.7693,0.2346,38.49,95,92,159478
1.8133,0.2444,38.33,95,92,159481
1.7889,0.2297,38.52,95,92,159484
1.7742,0.2346,38.62,95,92,159489
1.7742,0.2395,38.58,95,92,159492
1.7791,0.2346,38.71,95,92,159495
1.8328,0.2786,38.40,95,92,159499
1.7986,0.2444,38.58,95,92,159502
1.7889,0.2297,38.52,95,92,159505
1.8328,0.2346,38.58,95,92,159509
1.8084,0.2346,38.62,95,92,159512
1.8475,0.2444,38.46,95,92,159515
1.8182,0.2395,38.58,95,92,159518
1.8328,0.2346,38.49,95,92,159522
1.8280,0.2346,38.58,95,92,159525
1.8377,0.2346,38.62,95,92,159528
1.8671,0.2395,38.58,95,92,159533
1.8622,0.2737,38.58,95,92,159536
1.8964,0.2297,38.49,95,92,159539
1.8817,0.2590,38.62,95,92,159543
1.9062,0.2346,38.62,95,92,159546
1.9453,0.2444,38.65,95,92,159549
1.9306,0.2346,38.62,95,92,159553
1.9697,0.2346,38.43,95,92,159556
1.9599,0.2346,38.52,95,92,159559
1.9941,0.2395,38.58,95,92,159562
1.9990,0.2444,38.49,95,92,159566
1.9746,0.2346,38.62,95,92,159569
2.0137,0.2444,38.40,95,92,159572
1.9599,0.2395,38.52,95,92,159577
1.9306,0.2444,38.62,95,92,159580
1.9159,0.2297,38.65,95,92,159583
1.8817,0.2346,38.65,95,92,159587
1.9404,0.2395,38.30,95,92,159590
1.8622,0.2346,38.62,95,92,159593
1.8475,0.2444,38.62,95,92,159597
1.8377,0.2346,38.62,95,92,159600
1.8182,0.2346,38.58,95,92,159603
1.8622,0.2542,38.43,95,92,159606
1.8231,0.2395,38.62,95,92,159610
1.8084,0.2395,38.52,95,92,159613
1.7889,0.2346,38.62,95,92,159617
1.7791,0.2395,38.65,95,92,159621
1.8084,0.2297,38.46,95,92,159624
1.7840,0.2346,38.65,95,92,159627
1.8035,0.2444,38.46,95,92,159631
1.7693,0.2297,38.62,95,92,159634
1.7644,0.2346,38.71,95,92,159637
1.7791,0.2444,38.55,95,92,159641
1.7546,0.2297,38.68,95,92,159644
1.7889,0.2542,38.49,95,92,159647
1.7644,0.2297,38.58,95,92,159650
1.7791,0.2297,38.58,95,92,159654
1.8280,0.2395,38.49,95,92,159657
1.7840,0.2297,38.62,95,92,159661
1.8231,0.2395,38.40,95,92,159665
1.8035,0.2346,38.62,95,92,159668
1.8377,0.2346,38.65,95,92,159671
1.8964,0.2395,38.58,95,92,159675
1.9404,0.2346,38.62,95,92,159678
2.0723,0.2444,38.33,95,92,159681
2.1848,0.2444,38.49,95,92,159685
2.3167,0.2297,38.62,95,92,159688
2.5464,0.2542,38.58,95,92,159691
2.7713,0.2395,38.62,95,92,159694
3.0938,0.2542,38.36,95,92,159698
2.5464,0.2444,38.49,95,92,159702
2.2336,0.2395,38.65,95,92,159706
2.0332,0.2395,38.46,95,92,159709
1.7840,0.2297,38.62,95,92,159712
1.6276,0.2346,38.62,95,92,159716
1.5249,0.2346,38.52,95,92,159719
1.4321,0.2346,38.71,95,92,159722
1.4076,0.2346,38.49,95,92,159726
1.3587,0.2346,38.62,95,92,159729
1.3441,0.2395,38.58,95,92,159732
1.3636,0.2395,38.52,95,92,159736
1.3539,0.2346,38.62,95,92,159739
1.4174,0.2395,38.43,95,92,159742
1.3930,0.2346,38.52,95,92,159746
1.3978,0.2346,38.62,95,92,159750
1.4321,0.2395,38.58,95,92,159753
1.4321,0.2346,38.62,95,92,159756
1.4858,0.2444,38.33,95,92,159760
1.4663,0.2688,38.52,95,92,159763
1.5103,0.2346,38.62,95,92,159766
1.4956,0.2395,38.58,95,92,159770
1.5005,0.2297,38.65,95,92,159773
1.5591,0.2542,38.43,95,92,159776
1.5445,0.2395,38.87,95,92,159780
1.5591,0.2590,38.55,95,92,159783
1.5787,0.2297,38.62,95,92,159787
1.5982,0.2493,38.68,95,92,159791
1.6471,0.2444,38.49,95,92,159794
1.6276,0.2395,38.81,95,92,159797
1.6422,0.2542,38.46,95,92,159800
1.6276,0.2346,38.81,95,92,159804
1.6276,0.2248,38.58,95,92,159807
1.6667,0.2297,38.43,95,92,159810
1.6373,0.2297,38.58,95,92,159814
1.6569,0.2444,38.49,95,92,159817
1.6276,0.2297,38.58,95,92,159820
1.6227,0.2346,38.84,95,92,159824
1.6373,0.2395,38.49,95,92,159827
1.6325,0.2346,38.77,95,92,159831
1.6716,0.2346,38.43,95,92,159834
1.6667,0.2297,38.55,95,92,159838
1.6764,0.2297,38.58,95,92,159841
1.6960,0.2444,38.55,95,92,159844
1.6813,0.2297,38.46,95,92,159848
1.7498,0.2444,38.33,95,92,159851
1.6813,0.2297,38.55,95,92,159854
1.6911,0.2346,38.65,95,92,159858
1.6960,0.2346,38.52,95,92,159861
1.7107,0.2346,38.62,95,92,159864
1.7400,0.2493,38.33,95,92,159868
1.7155,0.2395,38.52,95,92,159872
1.7546,0.2346,38.58,95,92,159875
1.7351,0.2395,38.58,95,92,159879
1.7351,0.2346,38.62,95,92,159882
1.7742,0.2444,38.46,95,92,159885
1.7351,0.2444,38.52,95,92,159888
1.7351,0.2297,38.49,95,92,159892
1.7204,0.2297,38.55,95,92,159895
1.7155,0.2395,38.62,95,92,159898
1.7400,0.2444,38.58,95,92,159902
1.7302,0.2346,38.62,95,92,159905
1.7937,0.2395,38.46,95,92,159908
1.7595,0.2346,38.68,95,92,159912
1.7791,0.2346,38.62,95,92,159916
1.7937,0.2346,38.52,95,92,159919
1.7840,0.2346,38.62,95,92,159923
1.8280,0.2346,38.46,95,92,159926
1.7644,0.2346,38.58,95,92,159929
1.7693,0.2688,38.58,95,92,159932
1.7889,0.2395,38.46,95,92,159936
1.7742,0.2346,38.62,95,92,159939
1.8182,0.2395,38.40,95,92,159942
1.7986,0.2395,38.52,95,92,159946
1.7937,0.2297,38.62,95,92,159949
1.8133,0.2395,38.55,95,92,159952
1.8035,0.2297,38.62,95,92,159956
1.8524,0.2395,38.33,95,92,159960
1.8182,0.2346,38.93,95,92,159963
1.8182,0.2346,38.58,95,92,159967
1.8377,0.2395,38.62,95,92,159970
1.8475,0.2297,38.65,95,92,159973
1.9208,0.2542,38.43,95,92,159976
1.8915,0.2395,38.55,95,92,159980
1.8915,0.2346,38.55,95,92,159983
1.8915,0.2297,38.62,95,92,159986
1.8964,0.2346,38.62,95,92,159990
1.9159,0.2444,38.52,95,92,159993
1.8768,0.2395,38.05,95,92,159996
1.8817,0.2395,38.46,95,92,160001
1.8622,0.2297,38.62,95,92,160004
1.8719,0.2346,38.62,95,92,160007
1.9257,0.2395,38.46,95,92,160011
1.8671,0.2346,38.71,95,92,160014
1.8866,0.2444,38.49,95,92,160017
1.8475,0.2297,38.58,95,92,160021
1.8475,0.2346,38.62,95,92,160024
1.8671,0.2395,38.49,95,92,160027
1.8524,0.2346,38.65,95,92,160030
1.8817,0.2444,38.40,95,92,160034
1.8524,0.2297,38.49,95,92,160037
1.8475,0.2346,38.81,95,92,160040
1.8671,0.2395,38.52,95,92,160045
1.8377,0.2297,38.62,95,92,160048
1.8719,0.2444,38.33,95,92,160051
1.8182,0.2346,38.55,95,92,160055
1.8182,0.2346,38.62,95,92,160058
1.8280,0.2395,38.58,95,92,160061
1.8231,0.2297,38.65,95,92,160065
1.8768,0.2542,38.58,95,92,160068
1.8426,0.2395,38.49,95,92,160071
1.8133,0.2297,38.58,95,92,160074
1.8280,0.2395,38.58,95,92,160078
1.8231,0.2346,38.62,95,92,160081
1.8475,0.2444,38.40,95,92,160084
1.8182,0.2395,38.55,95,92,160089
1.8182,0.2346,38.49,95,92,160092
1.8035,0.2542,38.68,95,92,160095
1.7986,0.2346,38.62,95,92,160099
1.8475,0.2444,38.46,95,92,160102
1.8377,0.2346,38.55,95,92,160105
1.8671,0.2395,38.46,95,92,160109
1.8377,0.2346,38.62,95,92,160112
1.8524,0.2346,38.62,95,92,160115
1.8573,0.2395,37.83,95,92,160118
1.8524,0.2590,38.62,95,92,160122
1.8915,0.2346,38.49,95,92,160125
1.8768,0.2346,38.58,95,92,160129
1.8915,0.2395,38.65,95,92,160133
1.9208,0.2395,38.49,95,92,160136
1.8866,0.2444,38.62,95,92,160139
1.9208,0.2444,38.40,95,92,160143
1.8768,0.2297,38.52,95,92,160146
1.8622,0.2297,38.62,95,92,160149
1.8915,0.2395,38.58,95,92,160153
1.8866,0.2297,38.62,95,92,160156
1.9501,0.2444,38.30,95,92,160159
1.9208,0.2297,38.52,95,92,160162
1.9208,0.2297,38.62,95,92,160166
1.9453,0.2395,38.62,95,92,160169
1.9453,0.2346,38.62,95,92,160173
2.0137,0.2542,38.40,95,92,160177
1.9844,0.2493,38.52,95,92,160180
1.9990,0.2346,38.62,95,92,160183
2.0039,0.2346,38.65,95,92,160187
1.9941,0.2346,38.62,95,92,160190
2.0186,0.2493,38.49,95,92,160193
1.9550,0.2395,38.71,95,92,160196
1.9257,0.2297,38.49,95,92,160200
1.8866,0.2346,38.58,95,92,160203
1.8719,0.2395,38.62,95,92,160206
1.9062,0.2297,38.52,95,92,160210
1.8719,0.2395,38.62,95,92,160214
1.9013,0.2395,38.49,95,92,160217
1.8719,0.2346,37.83,95,92,160221
1.8671,0.2346,38.62,95,92,160224
1.8573,0.2395,37.74,95,92,160227
1.8182,0.2444,38.62,95,92,160231
1.8328,0.2297,38.46,95,92,160234
1.7986,0.2346,38.52,95,92,160237
1.7840,0.2346,38.62,95,92,160240
1.7937,0.2395,38.52,95,92,160244
1.7742,0.2346,38.62,95,92,160247
1.8133,0.2444,38.36,95,92,160250
1.7742,0.2297,38.65,95,92,160254
1.7889,0.2395,38.58,95,92,160258
1.8133,0.2395,38.55,95,92,160261
1.8035,0.2346,38.62,95,92,160265
1.8573,0.2444,38.33,95,92,160268
1.8328,0.2395,37.77,95,92,160271
1.8182,0.2297,38.62,95,92,160275
1.8182,0.2346,38.62,95,92,160278
1.8133,0.2346,38.65,95,92,160281
1.8719,0.2493,38.43,95,92,160284
1.8475,0.2395,38.68,95,92,160288
1.8622,0.2346,38.55,95,92,160291
1.9062,0.2346,38.62,95,92,160294
1.9746,0.2297,38.58,95,92,160299
2.1114,0.2444,38.52,95,92,160302
2.2287,0.2346,38.65,95,92,160305
2.4536,0.2346,38.43,95,92,160309
2.6784,0.2346,38.62,95,92,160312
3.0841,0.2297,38.65,95,92,160316
2.7859,0.2346,38.74,95,92,160319
2.4780,0.2493,38.55,95,92,160322
2.1652,0.2297,38.62,95,92,160326
1.9746,0.2444,38.33,95,92,160329
1.7546,0.2346,38.52,95,92,160332
1.6031,0.2346,38.62,95,92,160335
1.5152,0.2395,38.62,95,92,160339
1.4663,0.2346,38.62,95,92,160343
1.4761,0.2493,38.33,95,92,160346
1.4565,0.2346,38.46,95,92,160350
1.4076,0.2297,38.58,95,92,160353
1.4076,0.2346,38.62,95,92,160356
1.4125,0.2297,38.58,95,92,160360
1.4761,0.2542,38.43,95,92,160363
1.4614,0.2395,38.62,95,92,160366
1.4761,0.2248,38.55,95,92,160370
1.5005,0.2297,38.62,95,92,160373
1.5249,0.2297,38.62,95,92,160376
1.6031,0.2444,38.55,95,92,160379
1.5591,0.2346,38.58,95,92,160384
1.5689,0.2346,38.46,95,92,160387
1.5445,0.2346,38.58,95,92,160390
1.5494,0.2346,38.52,95,92,160394
1.6227,0.2444,38.49,95,92,160397
1.5982,0.2346,38.81,95,92,160400
1.6618,0.2493,38.49,95,92,160404
1.6667,0.2346,38.58,95,92,160407
1.6813,0.2297,38.65,95,92,160410
1.6862,0.2395,38.49,95,92,160414
1.6618,0.2297,38.62,95,92,160417
1.6813,0.2346,38.40,95,92,160420
1.6764,0.2346,38.55,95,92,160423
1.6667,0.2297,38.62,95,92,160428
1.7058,0.2395,38.55,95,92,160431
1.7253,0.2346,38.62,95,92,160434
1.7595,0.2444,38.36,95,92,160438
1.6960,0.2346,38.55,95,92,160441
1.6911,0.2297,38.62,95,92,160444
1.6960,0.2395,38.58,95,92,160448
1.7009,0.2346,38.62,95,92,160451
1.7595,0.2542,38.36,95,92,160454
1.7302,0.2444,38.55,95,92,160458
1.7546,0.2346,38.55,95,92,160461
1.7498,0.2542,38.62,95,92,160464
1.7546,0.2346,38.62,95,92,160467
1.7840,0.2444,38.49,95,92,160472
1.7546,0.2395,38.55,95,92,160475
1.7400,0.2346,38.49,95,92,160478
1.7058,0.2346,38.65,95,92,160482
1.7058,0.2346,38.62,95,92,160485
1.7644,0.2444,38.49,95,92,160488
1.7595,0.2346,38.68,95,92,160492
1.7889,0.2395,38.43,95,92,160495
1.7693,0.2346,38.62,95,92,160498
1.7693,0.2297,38.58,95,92,160502
1.7937,0.2346,38.52,95,92,160505
1.7840,0.2346,38.58,95,92,160508
1.8084,0.2346,38.46,95,92,160512
1.8182,0.2346,38.62,95,92,160516
1.8182,0.2297,38.62,95,92,160519
1.8426,0.2444,38.55,95,92,160522
1.8084,0.2346,38.62,95,92,160526
1.8280,0.2395,38.46,95,92,160529
1.7986,0.2444,38.52,95,92,160532
1.7986,0.2346,38.62,95,92,160536
1.8280,0.2590,38.52,95,92,160539
1.8280,0.2346,38.62,95,92,160542
1.8768,0.2444,38.33,95,92,160545
1.8377,0.2346,38.49,95,92,160549
1.8377,0.2346,38.62,95,92,160552
1.8475,0.2346,38.62,95,92,160556
1.8475,0.2297,38.62,95,92,160560
1.9159,0.2590,38.40,95,92,160563
1.8866,0.2395,38.84,95,92,160566
1.8817,0.2395,38.55,95,92,160570
1.8719,0.2346,38.62,95,92,160573
1.8622,0.2688,38.65,95,92,160576
1.9062,0.2444,38.49,95,92,160580
1.8964,0.2346,38.46,95,92,160583
1.9355,0.2688,38.52,95,92,160586
1.9306,0.2346,38.62,95,92,160589
1.9306,0.2395,38.62,95,92,160593
1.9648,0.2444,38.52,95,92,160596
1.9257,0.2346,38.58,95,92,160600
1.9550,0.2444,38.49,95,92,160604
1.9453,0.2346,38.58,95,92,160607
1.9501,0.2297,38.58,95,92,160610
1.9550,0.2444,38.49,95,92,160614
1.9208,0.2297,38.62,95,92,160617
1.9404,0.2346,37.99,95,92,160620
1.9208,0.2346,38.55,95,92,160624
1.9159,0.2346,38.62,95,92,160627
1.9208,0.2444,38.58,95,92,160630
1.8817,0.2346,38.62,95,92,160633
1.8866,0.2395,38.33,95,92,160637
1.8328,0.2542,38.58,95,92,160641
1.8524,0.2346,38.62,95,92,160644
1.8719,0.2395,38.65,95,92,160648
1.8524,0.2346,38.62,95,92,160651
1.9013,0.2493,38.43,95,92,160654
1.8719,0.2346,38.55,95,92,160658
1.8622,0.2346,38.58,95,92,160661
1.8524,0.2395,38.55,95,92,160664
1.8328,0.2346,38.68,95,92,160668
1.8768,0.2493,38.40,95,92,160671
1.8475,0.2395,38.62,95,92,160674
1.8426,0.2395,38.52,95,92,160677
1.8426,0.2346,38.62,95,92,160681
1.8475,0.2297,38.36,95,92,160685
1.8719,0.2444,38.49,95,92,160688
1.8426,0.2297,38.58,95,92,160692
1.8573,0.2395,38.49,95,92,160695
1.8377,0.2346,38.62,95,92,160698
1.8524,0.2346,38.62,95,92,160702
1.8622,0.2346,38.55,95,92,160705
1.8475,0.2346,38.77,95,92,160708
1.8622,0.2444,38.55,95,92,160712
1.8280,0.2297,38.71,95,92,160715
1.8377,0.2395,38.62,95,92,160718
1.8768,0.2297,38.49,95,92,160721
1.8573,0.2493,38.62,95,92,160726
1.8964,0.2297,38.43,95,92,160729
1.8719,0.2346,38.52,95,92,160732
1.8768,0.2395,38.62,95,92,160736
1.8817,0.2395,38.46,95,92,160739
1.8622,0.2346,38.62,95,92,160742
1.8964,0.2444,38.33,95,92,160746
1.8524,0.2542,38.49,95,92,160749
1.8524,0.2346,38.62,95,92,160752
1.8671,0.2395,38.58,95,92,160756
1.8622,0.2297,38.62,95,92,160759
1.9306,0.2493,38.40,95,92,160762
1.8915,0.2395,38.36,95,92,160765
1.8866,0.2248,38.55,95,92,160770
1.8817,0.2297,38.62,95,92,160773
1.8866,0.2493,38.62,95,92,160776
1.9355,0.2444,38.52,95,92,160780
1.9208,0.2346,38.58,95,92,160783
1.9453,0.2346,38.49,95,92,160786
1.9306,0.2297,38.62,95,92,160790
1.9306,0.2297,38.68,95,92,160793
1.9746,0.2444,38.46,95,92,160796
1.9550,0.2346,38.11,95,92,160800
1.9892,0.2395,38.52,95,92,160803
1.9648,0.2346,38.62,95,92,160806
1.9599,0.2297,38.62,95,92,160809
1.9941,0.2395,38.49,95,92,160814
1.9208,0.2346,38.62,95,92,160817
1.9110,0.2346,38.46,95,92,160820
1.8671,0.2590,38.55,95,92,160824
1.8573,0.2346,38.62,95,92,160827
1.8671,0.2444,38.43,95,92,160830
1.8426,0.2395,38.68,95,92,160834
1.8719,0.2297,38.36,95,92,160837
1.8231,0.2248,38.58,95,92,160840
1.8133,0.2346,38.62,95,92,160844
1.8133,0.2395,38.58,95,92,160847
1.7791,0.2395,38.62,95,92,160850
1.8231,0.2444,38.30,95,92,160854
1.7889,0.2346,38.71,95,92,160858
1.7693,0.2346,38.62,95,92,160861
1.7742,0.2395,38.68,95,92,160864
1.7546,0.2297,38.62,95,92,160868
1.8328,0.2395,38.43,95,92,160871
1.7693,0.2395,38.11,95,92,160874
1.7644,0.2346,38.55,95,92,160878
1.7644,0.2346,38.62,95,92,160881
1.7546,0.2297,38.81,95,92,160884
1.7986,0.2444,38.49,95,92,160887
1.7840,0.2297,38.58,95,92,160891
1.7986,0.2297,38.49,95,92,160894
1.7889,0.2395,38.62,95,92,160898
1.8035,0.2297,38.68,95,92,160902
1.8426,0.2395,38.52,95,92,160905
1.8622,0.2395,38.62,95,92,160908
1.9453,0.2297,38.52,95,92,160912
2.0039,0.2395,38.58,95,92,160915
2.1652,0.2346,38.62,95,92,160918
2.3363,0.2395,38.55,95,92,160922
3.3627,0.2395,38.58,95,92,160925
3.2502,0.2297,38.05,95,92,160929
3.0743,0.2444,38.33,95,92,160932
2.6833,0.2346,38.52,95,92,160935
2.3363,0.2297,38.65,95,92,160939
2.0528,0.2542,38.58,95,92,160943
1.8182,0.2346,38.68,95,92,160946
1.6764,0.2542,38.40,95,92,160949
1.5054,0.2395,38.55,95,92,160953
1.4076,0.2346,38.55,95,92,160956
1.3539,0.2346,38.58,95,92,160959
1.3245,0.2346,38.62,95,92,160963
1.3441,0.2444,38.43,95,92,160966
1.3245,0.2395,38.58,95,92,160969
1.3490,0.2346,38.49,95,92,160973
1.3685,0.2346,38.46,95,92,160976
1.4027,0.2444,38.58,95,92,160979
1.4809,0.2444,38.43,95,92,160983
1.4614,0.2346,38.68,95,92,160987
1.4956,0.2395,38.46,95,92,160990
1.4907,0.2395,38.62,95,92,160993
1.5103,0.2297,38.62,95,92,160997
1.5591,0.2444,38.52,95,92,161000
1.5738,0.2346,38.62,95,92,161003
1.6031,0.2346,38.43,95,92,161007
1.5885,0.2395,38.55,95,92,161010
1.6031,0.2346,38.62,95,92,161013
1.6227,0.2346,38.52,95,92,161016
1.6227,0.2346,38.68,95,92,161020
1.6716,0.2395,38.36,95,92,161024
1.6471,0.2346,38.58,95,92,161027
1.6618,0.2346,38.62,95,92,161031
1.6667,0.2395,38.46,95,92,161034
1.6618,0.2346,38.68,95,92,161037
1.7107,0.2444,38.33,95,92,161041
1.6862,0.2395,38.55,95,92,161044
1.6960,0.2297,38.65,95,92,161047
1.6911,0.2346,38.43,95,92,161051
1.6862,0.2248,38.62,95,92,161054
1.7546,0.2493,38.33,95,92,161057
1.7204,0.2590,38.52,95,92,161060
1.7204,0.2444,38.55,95,92,161064
1.7204,0.2346,38.58,95,92,161068
1.7253,0.2297,38.71,95,92,161071
1.7595,0.2444,38.46,95,92,161075
1.7400,0.2395,38.71,95,92,161078
1.7498,0.2346,38.49,95,92,161081
1.7253,0.2346,38.62,95,92,161085
1.7302,0.2297,38.62,95,92,161088
1.7449,0.2346,38.55,95,92,161091
1.7400,0.2346,38.62,95,92,161095
1.7693,0.2395,38.46,95,92,161098
1.7449,0.2297,38.62,95,92,161101
1.7644,0.2297,38.65,95,92,161104
1.8035,0.2395,38.52,95,92,161108
1.7791,0.2297,38.62,95,92,161112
1.8035,0.2297,38.43,95,92,161115
1.7937,0.2346,38.52,95,92,161119
1.7840,0.2297,38.55,95,92,161122
1.8280,0.2395,38.52,95,92,161125
1.7937,0.2346,38.62,95,92,161129
1.8377,0.2395,38.36,95,92,161132
1.8084,0.2297,38.52,95,92,161135
1.8084,0.2297,38.65,95,92,161139
1.8231,0.2346,38.58,95,92,161142
1.8133,0.2346,38.68,95,92,161145
1.8719,0.2444,38.36,95,92,161148
1.8328,0.2346,38.52,95,92,161153
1.8231,0.2297,38.58,95,92,161156
1.8328,0.2346,38.58,95,92,161159
1.8475,0.2346,38.62,95,92,161163
1.9013,0.2493,38.05,95,92,161166
1.8768,0.2346,38.58,95,92,161169
1.8866,0.2346,38.52,95,92,161173
1.8817,0.2346,38.58,95,92,161176
1.8964,0.2346,38.58,95,92,161179
1.9355,0.2444,38.49,95,92,161183
1.9110,0.2346,38.58,95,92,161186
1.9404,0.2297,38.46,95,92,161189
1.9208,0.2297,38.58,95,92,161192
1.9257,0.2590,38.62,95,92,161197
1.9599,0.2395,38.52,95,92,161200
1.9355,0.2297,38.62,95,92,161203
1.9648,0.2737,38.46,95,92,161207
1.9355,0.2346,38.58,95,92,161210
1.9306,0.2297,38.52,95,92,161213
1.9453,0.2444,38.52,95,92,161217
1.9257,0.2297,38.62,95,92,161220
1.9550,0.2346,38.46,95,92,161223
1.9208,0.2297,38.62,95,92,161226
1.9257,0.2297,38.62,95,92,161230
1.9355,0.2346,38.55,95,92,161233
1.9110,0.2297,38.68,95,92,161236
1.9599,0.2395,38.36,95,92,161241
1.9355,0.2346,38.52,95,92,161244
1.9110,0.2297,38.62,95,92,161247
1.9404,0.2346,38.58,95,92,161251
1.9110,0.2346,38.62,95,92,161254
1.9599,0.2493,38.46,95,92,161257
1.9159,0.2346,38.52,95,92,161261
1.9062,0.2297,38.55,95,92,161264
1.9013,0.2688,38.62,95,92,161267
1.8964,0.2395,38.62,95,92,161270
1.9404,0.2395,38.46,95,92,161274
1.9062,0.2346,38.62,95,92,161277
1.9306,0.2346,38.49,95,92,161281
1.8915,0.2297,38.62,95,92,161285
1.9159,0.2395,38.62,95,92,161288
1.9062,0.2395,38.58,95,92,161291
1.8915,0.2444,38.58,95,92,161295
1.9110,0.2395,38.49,95,92,161298
1.8768,0.2297,38.62,95,92,161301
1.8866,0.2346,38.62,95,92,161305
1.9013,0.2395,38.46,95,92,161308
1.8866,0.2346,38.62,95,92,161311
1.8866,0.2346,38.46,95,92,161314
1.8671,0.2346,38.49,95,92,161318
1.8719,0.2297,38.62,95,92,161321
1.9013,0.2444,38.49,95,92,161325
1.8866,0.2346,38.65,95,92,161329
1.9257,0.2395,38.36,95,92,161332
1.8964,0.2493,38.52,95,92,161335
1.8964,0.2395,38.62,95,92,161339
1.8964,0.2297,38.55,95,92,161342
1.8866,0.2297,38.71,95,92,161345
1.9404,0.2493,38.24,95,92,161349
1.9062,0.2297,38.49,95,92,161352
1.9062,0.2346,38.68,95,92,161355
1.9159,0.2346,38.62,95,92,161358
1.9257,0.2346,38.62,95,92,161362
1.9795,0.2493,38.43,95,92,161366
1.9599,0.2395,38.58,95,92,161369
1.9453,0.2297,38.52,95,92,161373
1.9306,0.2297,38.58,95,92,161376
1.9257,0.2297,38.55,95,92,161379
1.9550,0.2395,38.43,95,92,161383
1.9208,0.2346,38.58,95,92,161386
1.9306,0.2346,38.46,95,92,161389
1.9306,0.2346,38.62,95,92,161393
1.9110,0.2297,38.65,95,92,161396
1.9501,0.2248,38.52,95,92,161399
1.9501,0.2346,38.62,95,92,161402
1.9892,0.2395,38.52,95,92,161406
1.9697,0.2297,38.62,95,92,161410
1.9941,0.2297,38.62,95,92,161413
2.0137,0.2346,38.55,95,92,161417
2.0137,0.2346,38.62,95,92,161420
2.0577,0.2346,38.43,95,92,161423
2.0479,0.2346,38.62,95,92,161427
2.0528,0.2297,38.62,95,92,161430
2.0626,0.2297,38.52,95,92,161433
2.0186,0.2395,38.62,95,92,161437
2.0332,0.2346,38.36,95,92,161440
1.9844,0.2346,38.52,95,92,161443
1.9453,0.2297,38.58,95,92,161446
1.9404,0.2395,38.58,95,92,161451
1.9110,0.2297,38.68,95,92,161454
1.9599,0.2444,38.30,95,92,161457
1.9159,0.2297,38.49,95,92,161461
1.9013,0.2248,38.58,95,92,161464
1.9013,0.2346,38.62,95,92,161467
1.8866,0.2297,38.62,95,92,161471
1.9306,0.2493,38.46,95,92,161474
1.9208,0.2346,38.55,95,92,161477
1.8622,0.2297,38.52,95,92,161480
1.8524,0.2297,38.74,95,92,161484
1.8573,0.2346,38.62,95,92,161487
1.8768,0.2444,38.55,95,92,161490
1.8475,0.2639,38.58,95,92,161495
1.8768,0.2346,38.46,95,92,161498
1.8280,0.2297,38.62,95,92,161501
1.8280,0.2199,38.68,95,92,161505
1.8622,0.2395,38.55,95,92,161508
1.8573,0.2346,38.58,95,92,161511
1.8475,0.2297,38.46,95,92,161515
1.8084,0.2297,38.52,95,92,161518
1.8084,0.2297,38.62,95,92,161521
1.8328,0.2297,38.49,95,92,161524
1.8280,0.2297,38.58,95,92,161528
1.8866,0.2297,38.40,95,92,161531
2.3558,0.2737,38.33,95,92,161536
2.5122,0.2346,38.52,95,92,161539
2.7322,0.2248,38.77,95,92,161542
2.9814,0.2346,38.68,95,92,161546
3.1867,0.2297,38.40,95,92,161549
3.3675,0.2395,38.55,95,92,161552
3.2502,0.2346,38.58,95,92,161556
3.0303,0.2346,38.52,95,92,161559
2.7028,0.2590,38.62,95,92,161562
2.4047,0.2297,38.68,95,92,161566
2.1848,0.2395,38.43,95,92,161569
1.9404,0.2346,38.71,95,92,161572
1.7840,0.2346,38.46,95,92,161575
1.6373,0.2346,38.62,95,92,161580
1.5445,0.2297,38.71,95,92,161583
1.5054,0.2395,38.52,95,92,161586
1.4565,0.2297,38.62,95,92,161590
1.4614,0.2395,38.52,95,92,161593
1.4370,0.2102,38.58,95,92,161596
1.4516,0.2297,38.62,95,92,161600
1.4809,0.2297,38.55,95,92,161603
1.4956,0.2199,38.62,95,92,161606
1.5200,0.2346,38.43,95,92,161609
1.5152,0.2346,38.62,95,92,161613
1.5396,0.2297,38.62,95,92,161616
1.5689,0.2395,38.55,95,92,161619
1.5787,0.2297,38.65,95,92,161624
1.6422,0.2395,38.36,95,92,161627
1.6667,0.2346,38.52,95,92,161630
1.6520,0.2297,38.62,95,92,161634
1.6764,0.2346,38.55,95,92,161637
1.6813,0.2346,38.62,95,92,161640
1.7449,0.2493,38.40,95,92,161644
1.7204,0.2346,38.52,95,92,161647
1.7204,0.2248,38.58,95,92,161650
1.7302,0.2297,38.52,95,92,161653
1.7302,0.2493,38.62,95,92,161657
1.7791,0.2444,38.46,95,92,161660
1.7546,0.2346,38.55,95,92,161664
1.7644,0.2199,38.52,95,92,161668
1.7498,0.2346,38.62,95,92,161671
1.7595,0.2297,38.65,95,92,161674
1.7889,0.2297,38.52,95,92,161678
1.7742,0.2297,38.55,95,92,161681
1.8035,0.2346,38.43,95,92,161684
1.7889,0.2297,38.84,95,92,161688
1.7986,0.2297,38.65,95,92,161691
1.8426,0.2297,38.49,95,92,161694
1.8280,0.2346,38.62,95,92,161698
1.8573,0.2346,38.46,95,92,161701
1.8328,0.2297,38.71,95,92,161704
1.8377,0.2248,38.62,95,92,161708
1.8622,0.2346,38.62,95,92,161712
1.8475,0.2297,38.62,95,92,161715
1.9013,0.2346,38.36,95,92,161718
1.8573,0.2346,38.68,95,92,161722
1.8524,0.2493,38.62,95,92,161725
1.8719,0.2395,38.58,95,92,161728
1.8573,0.2297,38.58,95,92,161732
1.9110,0.2395,38.33,95,92,161735
1.8719,0.2297,38.55,95,92,161738
1.8671,0.2248,38.27,95,92,161741
1.8622,0.2346,38.58,95,92,161745
1.8524,0.2297,38.71,95,92,161748
1.9110,0.2444,38.43,95,92,161752
1.8768,0.2346,38.55,95,92,161756
1.8719,0.2248,38.58,95,92,161759
1.8671,0.2346,38.62,95,92,161762
1.8719,0.2297,38.46,95,92,161766
1.9404,0.2395,38.43,95,92,161769
1.8964,0.2297,38.65,95,92,161772
1.9110,0.2297,38.49,95,92,161776
1.8964,0.2102,38.62,95,92,161779
1.8964,0.2297,38.55,95,92,161782
1.9257,0.2346,38.52,95,92,161786
1.9110,0.2346,38.62,95,92,161789
1.9453,0.2346,38.49,95,92,161793
1.9208,0.2297,38.62,95,92,161796
1.9306,0.2297,38.62,95,92,161800
1.9453,0.2297,38.52,95,92,161803
1.9355,0.2102,38.62,95,92,161806
1.9697,0.2297,38.40,95,92,161810
1.9599,0.2297,38.68,95,92,161813
1.9550,0.2248,38.65,95,92,161816
1.9844,0.2395,38.55,95,92,161820
1.9746,0.2297,38.68,95,92,161823
2.0283,0.2346,38.40,95,92,161826
2.0088,0.2297,38.52,95,92,161829
1.9990,0.2297,38.62,95,92,161833
2.0283,0.2346,38.55,95,92,161837
1.9990,0.2297,38.62,95,92,161840
2.0479,0.2395,38.33,95,92,161844
1.9990,0.2346,38.52,95,92,161847
2.0186,0.2248,38.62,95,92,161850
1.9990,0.2297,38.65,95,92,161854
1.9892,0.2297,38.65,95,92,161857
2.0479,0.2493,38.40,95,92,161860
1.9941,0.2346,38.55,95,92,161863
1.9795,0.2248,38.55,95,92,161867
1.9697,0.2346,38.62,95,92,161870
1.9599,0.2297,38.62,95,92,161873
1.9892,0.2444,38.52,95,92,161878
1.9550,0.2346,38.58,95,92,161881
1.9648,0.2297,38.49,95,92,161884
1.9550,0.2346,38.62,95,92,161888
1.9355,0.2297,38.62,95,92,161891
1.9648,0.2395,38.46,95,92,161894
1.9355,0.2297,38.62,95,92,161898
1.9550,0.2395,38.49,95,92,161901
1.9159,0.2248,38.58,95,92,161904
1.9159,0.2297,38.65,95,92,161907
1.9306,0.2688,38.46,95,92,161911
1.9110,0.2346,38.58,95,92,161914
1.9355,0.2297,38.43,95,92,161917
1.9013,0.2297,38.55,95,92,161922
1.8866,0.2199,38.62,95,92,161925
1.9062,0.2346,38.55,95,92,161928
1.8866,0.2248,38.62,95,92,161932
1.9257,0.2346,38.36,95,92,161935
1.8719,0.2297,38.52,95,92,161938
1.8768,0.2199,38.62,95,92,161942
1.8866,0.2297,38.68,95,92,161945
1.8719,0.2248,38.62,95,92,161948
1.9257,0.2444,38.33,95,92,161951
1.8964,0.2346,38.52,95,92,161955
1.8817,0.2151,38.58,95,92,161958
1.8866,0.2297,38.58,95,92,161961
1.8817,0.2151,38.68,95,92,161966
1.9257,0.2395,38.46,95,92,161969
1.8915,0.2346,38.55,95,92,161972
1.8964,0.2297,38.49,95,92,161976
1.8768,0.2297,38.58,95,92,161979
1.8768,0.2297,38.68,95,92,161982
1.9013,0.2297,38.52,95,92,161986
1.8719,0.2297,38.62,95,92,161989
1.9306,0.2346,38.49,95,92,161992
1.8768,0.2248,38.62,95,92,161995
1.8817,0.2542,38.68,95,92,161999
1.9013,0.2346,38.55,95,92,162002
1.8964,0.2297,38.68,95,92,162006
1.9208,0.2297,38.49,95,92,162010
1.8915,0.2346,38.62,95,92,162013
1.9013,0.2248,38.65,95,92,162016
1.9208,0.2346,38.46,95,92,162020
1.8964,0.2297,38.62,95,92,162023
1.9355,0.2297,38.40,95,92,162026
1.9159,0.2346,38.52,95,92,162030
1.9110,0.2248,38.68,95,92,162033
1.9453,0.2395,38.55,95,92,162036
1.9208,0.2297,38.62,95,92,162039
1.9746,0.2395,38.46,95,92,162043
1.9404,0.2199,38.55,95,92,162046
1.9453,0.2248,38.62,95,92,162050
1.9599,0.2395,38.62,95,92,162054
1.9599,0.2248,38.65,95,92,162057
2.0088,0.2444,38.46,95,92,162060
1.9501,0.2297,38.52,95,92,162064
1.9306,0.2248,38.55,95,92,162067
1.9013,0.2297,38.58,95,92,162070
1.8768,0.2346,38.65,95,92,162074
1.8768,0.2395,38.52,95,92,162077
1.8280,0.2248,38.62,95,92,162080
1.8231,0.2297,38.49,95,92,162083
1.7937,0.2542,38.62,95,92,162087
1.7840,0.2102,38.62,95,92,162091
1.8133,0.2346,38.46,95,92,162094
1.7693,0.2346,38.58,95,92,162098
1.7791,0.2346,38.52,95,92,162101
1.7498,0.2248,38.55,95,92,162104
1.7498,0.2199,38.62,95,92,162108
1.7644,0.2297,38.49,95,92,162111
1.7498,0.2248,38.58,95,92,162114
1.7742,0.2346,38.43,95,92,162118
1.7449,0.2297,38.74,95,92,162121
1.7742,0.2297,38.62,95,92,162124
1.7595,0.2395,38.55,95,92,162127
1.7449,0.2297,38.62,95,92,162131
1.7840,0.2395,38.36,95,92,162135
1.7400,0.2248,38.65,95,92,162138
1.7400,0.2199,38.58,95,92,162142
1.7546,0.2346,38.62,95,92,162145
1.8475,0.2297,38.58,95,92,162149
1.9013,0.2297,38.68,95,92,162152
2.0235,0.2395,38.46,95,92,162155
2.1114,0.2297,38.58,95,92,162159
2.2727,0.2297,38.49,95,92,162162
2.4389,0.2297,38.62,95,92,162165
2.6637,0.2248,38.62,95,92,162169
2.9423,0.2346,38.49,95,92,162172
3.1232,0.2297,38.62,95,92,162176
3.2796,0.2346,38.52,95,92,162179
3.1867,0.2248,38.58,95,92,162183
2.9814,0.2248,38.62,95,92,162186
2.6979,0.2346,38.55,95,92,162189
2.3803,0.2102,38.58,95,92,162193
2.1310,0.2297,38.43,95,92,162196
1.8768,0.2346,38.62,95,92,162199
1.7009,0.2248,38.62,95,92,162203
1.5787,0.2395,38.55,95,92,162206
1.4663,0.2297,38.65,95,92,162209
1.4321,0.2346,38.33,95,92,162213
1.3832,0.2395,38.52,95,92,162216
1.3539,0.2248,38.62,95,92,162220
1.3587,0.2395,38.58,95,92,162223
1.3685,0.2102,38.62,95,92,162227
1.4223,0.2395,38.33,95,92,162230
1.4125,0.2346,38.49,95,92,162233
1.4174,0.2199,38.58,95,92,162237
1.4370,0.2297,38.62,95,92,162240
1.4516,0.2297,38.62,95,92,162243
1.5152,0.2297,38.36,95,92,162247
1.5005,0.2493,38.55,95,92,162250
1.5494,0.2199,38.49,95,92,162253
1.5347,0.2297,38.62,95,92,162257
1.5445,0.2297,38.68,95,92,162260
1.5787,0.2346,38.52,95,92,162264
1.5689,0.2297,38.65,95,92,162267
1.5885,0.2346,38.46,95,92,162271
1.5787,0.2248,38.81,95,92,162274
1.5934,0.2297,38.62,95,92,162277
1.6373,0.2395,38.49,95,92,162281
1.6178,0.2297,38.58,95,92,162284
1.6569,0.2346,38.46,95,92,162287
1.5982,0.2248,37.90,95,92,162291
1.6031,0.2444,38.58,95,92,162294
1.6080,0.2297,38.49,95,92,162297
1.5982,0.2297,38.65,95,92,162301
1.6373,0.2444,38.43,95,92,162305
1.6178,0.2346,38.55,95,92,162308
1.6227,0.2297,38.65,95,92,162311
1.6520,0.2346,38.55,95,92,162315
1.6373,0.2248,38.62,95,92,162318
1.6813,0.2346,38.33,95,92,162321
1.6325,0.2248,38.55,95,92,162325
1.6178,0.2590,38.65,95,92,162328
1.6080,0.2346,38.62,95,92,162331
1.5885,0.2248,38.71,95,92,162335
1.6373,0.2493,38.43,95,92,162338
1.6129,0.2297,38.55,95,92,162341
1.6129,0.2248,38.55,95,92,162345
1.6178,0.2297,38.62,95,92,162349
1.6129,0.2542,38.58,95,92,162352
1.6471,0.2346,38.46,95,92,162355
1.6129,0.2297,38.62,95,92,162359
1.6080,0.2346,38.49,95,92,162362
1.5934,0.2199,38.65,95,92,162365
1.5787,0.2248,38.62,95,92,162369
1.6422,0.2346,38.49,95,92,162372
1.5836,0.2297,38.58,95,92,162375
1.5982,0.2297,38.30,95,92,162379
1.5836,0.2297,38.65,95,92,162382
1.5934,0.2248,38.58,95,92,162385
1.6031,0.2297,38.52,95,92,162390
1.5982,0.2444,38.52,95,92,162393
1.6520,0.2199,38.43,95,92,162396
1.5982,0.2297,38.81,95,92,162399
1.6080,0.2297,38.62,95,92,162403
1.6227,0.2346,38.52,95,92,162406
1.6129,0.2248,38.58,95,92,162409
1.6422,0.2346,38.36,95,92,162413
1.6325,0.2297,38.58,95,92,162416
1.6227,0.2199,38.62,95,92,162419
1.6373,0.2297,38.55,95,92,162423
1.6325,0.2395,38.58,95,92,162426
1.7058,0.2395,38.30,95,92,162429
1.6960,0.2346,38.49,95,92,162434
1.7155,0.2297,38.58,95,92,162437
1.7302,0.2346,38.62,95,92,162440
1.7155,0.2248,38.58,95,92,162443
1.7595,0.2444,38.43,95,92,162447
1.7253,0.2297,38.62,95,92,162450
1.7253,0.2248,38.52,95,92,162453
1.7400,0.2199,38.62,95,92,162457
1.7546,0.2248,38.65,95,92,162460
1.8084,0.2493,38.55,95,92,162463
1.8084,0.2297,38.58,95,92,162467
1.8280,0.2346,38.49,95,92,162470
1.8084,0.2297,38.62,95,92,162473
1.8084,0.2248,38.62,95,92,162478
1.8328,0.2395,38.71,95,92,162481
1.7937,0.2102,38.58,95,92,162484
1.8231,0.2346,38.62,95,92,162487
1.8035,0.2346,38.55,95,92,162491
1.8182,0.2248,38.62,95,92,162494
1.8475,0.2493,38.43,95,92,162497
1.8377,0.2297,38.58,95,92,162501
1.8671,0.2297,38.43,95,92,162504
1.8328,0.2297,38.55,95,92,162507
1.8182,0.2248,38.62,95,92,162511
1.8182,0.2297,38.62,95,92,162514
1.7889,0.2248,38.62,95,92,162518
1.8280,0.2346,38.36,95,92,162521
1.7644,0.2199,38.58,95,92,162525
1.8084,0.2102,38.65,95,92,162528
1.7889,0.2297,38.55,95,92,162531
1.7840,0.2199,38.62,95,92,162535
1.8475,0.2444,38.36,95,92,162538
1.8133,0.2395,38.55,95,92,162541
1.7986,0.2102,38.55,95,92,162545
1.7986,0.2248,38.68,95,92,162548
1.7986,0.2248,38.62,95,92,162551
1.8328,0.2395,38.43,95,92,162555
1.8035,0.2297,38.58,95,92,162558
1.8182,0.2297,38.49,95,92,162562
1.8084,0.2590,38.58,95,92,162566
1.8084,0.2297,38.62,95,92,162569
1.8231,0.2297,38.46,95,92,162572
1.7889,0.2297,38.52,95,92,162575
1.8084,0.2395,38.46,95,92,162579
1.7937,0.2346,38.62,95,92,162582
1.8035,0.2248,38.62,95,92,162585
1.8182,0.2297,38.55,95,92,162589
1.7889,0.2297,38.65,95,92,162592
1.8035,0.2346,38.55,95,92,162595
1.7742,0.2297,38.81,95,92,162599
1.7791,0.2346,38.62,95,92,162603
1.8084,0.2297,38.52,95,92,162606
1.7889,0.2297,38.68,95,92,162610
1.8524,0.2346,38.40,95,92,162613
1.8328,0.2297,38.52,95,92,162616
1.8280,0.2590,38.65,95,92,162619
1.8475,0.2297,38.55,95,92,162623
1.8280,0.2297,38.62,95,92,162626
1.8719,0.2542,38.33,95,92,162629
1.8328,0.2297,38.52,95,92,162633
1.8280,0.2248,38.58,95,92,162636
1.8671,0.2102,38.62,95,92,162639
1.8280,0.2248,38.58,95,92,162643
1.8719,0.2493,38.40,95,92,162647
1.8475,0.2346,38.55,95,92,162650
1.8133,0.2248,38.52,95,92,162653
1.8133,0.2297,38.58,95,92,162657
1.8133,0.2248,38.62,95,92,162660
1.8524,0.2395,38.52,95,92,162663
1.8377,0.2395,38.58,95,92,162667
1.8622,0.2297,38.49,95,92,162670
1.8573,0.2199,38.62,95,92,162673
1.8671,0.2199,38.62,95,92,162677
1.9062,0.2395,38.49,95,92,162680
1.8817,0.2297,38.62,95,92,162683
1.9013,0.2297,38.52,95,92,162688
1.8622,0.2248,38.52,95,92,162691
1.8524,0.2248,38.62,95,92,162694
1.8280,0.2297,38.46,95,92,162698
1.7889,0.2199,38.62,95,92,162701
1.7644,0.2346,38.43,95,92,162704
1.7155,0.2786,38.52,95,92,162707
1.6813,0.2248,38.62,95,92,162711
1.6960,0.2346,38.74,95,92,162714
1.6862,0.2542,38.62,95,92,162717
1.7400,0.2346,38.36,95,92,162721
1.7058,0.2248,38.62,95,92,162724
1.6911,0.2199,38.62,95,92,162727
1.6764,0.2297,38.58,95,92,162732
1.6569,0.2346,38.62,95,92,162735
1.7107,0.2395,38.33,95,92,162738
1.6911,0.2297,38.46,95,92,162741
1.6862,0.2248,38.62,95,92,162745
1.6911,0.2297,38.77,95,92,162748
1.6862,0.2297,38.62,95,92,162751
1.7400,0.2346,38.43,95,92,162755
1.7351,0.2346,38.52,95,92,162758
1.7204,0.2248,38.71,95,92,162762
1.7595,0.2346,38.49,95,92,162765
1.7693,0.2248,38.62,95,92,162768
1.8035,0.2297,38.62,95,92,162772
1.8671,0.2346,38.52,95,92,162776
1.9013,0.2248,38.62,95,92,162779
2.0186,0.2297,38.49,95,92,162783
2.1310,0.2248,38.62,95,92,162786
2.3265,0.2248,38.62,95,92,162789
2.5758,0.2688,38.52,95,92,162793
2.8006,0.2248,38.62,95,92,162796
3.1134,0.2346,38.40,95,92,162799
3.2405,0.2444,38.52,95,92,162802
3.2405,0.2248,38.62,95,92,162806
3.1134,0.2297,38.71,95,92,162809
2.8152,0.2248,38.62,95,92,162812
2.6002,0.2395,38.36,95,92,162817
2.2141,0.2297,38.49,95,92,162820
1.9404,0.2346,38.55,95,92,162823
1.7498,0.2297,38.62,95,92,162827
1.5836,0.2248,38.71,95,92,162830
1.5200,0.2444,38.46,95,92,162833
1.4272,0.2346,38.55,95,92,162836
1.3832,0.2248,38.52,95,92,162840
1.3392,0.2346,38.62,95,92,162843
1.3196,0.2248,38.58,95,92,162846
1.3392,0.2444,38.52,95,92,162850
1.3343,0.2297,38.58,95,92,162853
1.3587,0.2297,38.43,95,92,162856
1.3490,0.2102,38.62,95,92,162861
1.3930,0.2248,38.68,95,92,162864
1.4614,0.2493,38.46,95,92,162867
1.4761,0.2297,38.58,95,92,162871
1.5249,0.2395,38.46,95,92,162874
1.5200,0.2248,38.55,95,92,162877
1.5347,0.2248,38.65,95,92,162880
1.5543,0.2248,38.46,95,92,162884
1.5640,0.2248,38.62,95,92,162887
1.6178,0.2297,38.40,95,92,162890
1.6129,0.2102,38.55,95,92,162894
1.6080,0.2248,38.58,95,92,162897
1.6325,0.2297,38.55,95,92,162900
1.6276,0.2248,38.68,95,92,162905
1.6960,0.2297,38.33,95,92,162908
1.6813,0.2590,38.52,95,92,162911
1.6862,0.2199,38.62,95,92,162915
1.6862,0.2297,37.99,95,92,162918
1.6862,0.2248,38.62,95,92,162921
1.7449,0.2444,38.15,95,92,162924
1.7204,0.2248,38.55,95,92,162928
1.7107,0.2151,38.55,95,92,162931
1.6911,0.2444,38.58,95,92,162934
1.6813,0.2248,38.62,95,92,162938
1.7204,0.2346,38.43,95,92,162941
1.7155,0.2199,38.55,95,92,162945
1.7253,0.2297,38.49,95,92,162949
1.7351,0.2297,38.62,95,92,162952
1.7400,0.2248,38.68,95,92,162955
1.7644,0.2346,38.52,95,92,162959
1.7546,0.2248,38.68,95,92,162962
1.7889,0.2346,38.52,95,92,162965
1.7693,0.2248,38.74,95,92,162968
1.7546,0.2248,38.68,95,92,162972
1.7546,0.2346,38.55,95,92,162975
1.7400,0.2248,38.62,95,92,162978
1.7791,0.2248,38.43,95,92,162982
1.7742,0.2248,38.65,95,92,162985
1.7937,0.2248,38.62,95,92,162989
1.8182,0.2346,38.58,95,92,162993
1.8084,0.2297,38.62,95,92,162996
1.8622,0.2346,38.43,95,92,162999
1.8328,0.2346,38.52,95,92,163003
1.8475,0.2248,38.58,95,92,163006
1.8817,0.2346,38.62,95,92,163009
1.8622,0.2248,38.62,95,92,163012
1.8915,0.2346,38.30,95,92,163016
1.8280,0.2297,38.49,95,92,163019
1.8133,0.2199,38.58,95,92,163022
1.8328,0.2297,38.58,95,92,163026
1.8573,0.2248,38.62,95,92,163030
1.9306,0.2444,38.40,95,92,163033
1.9110,0.2346,38.62,95,92,163037
1.8817,0.2346,38.52,95,92,163040
1.8719,0.2297,38.62,95,92,163043
1.8622,0.2248,38.62,95,92,163047
1.9062,0.2542,38.52,95,92,163050
1.9453,0.2297,38.62,95,92,163053
1.9550,0.2297,38.49,95,92,163056
1.9208,0.2297,38.58,95,92,163060
1.9159,0.2248,38.62,95,92,163063
1.9648,0.2395,38.55,95,92,163066
1.9404,0.2248,38.62,95,92,163070
1.9550,0.2297,38.49,95,92,163074
1.9208,0.2199,38.62,95,92,163077
1.9550,0.2199,38.62,95,92,163081
1.9501,0.2297,38.46,95,92,163084
1.9599,0.2297,38.65,95,92,163087
1.9892,0.2297,38.46,95,92,163091
1.9599,0.2346,38.55,95,92,163094
1.9648,0.2102,38.62,95,92,163097
1.9844,0.2346,38.55,95,92,163100
1.9599,0.2297,38.62,95,92,163104
1.9892,0.2346,38.36,95,92,163107
1.9110,0.2590,38.62,95,92,163110
1.8964,0.2248,38.62,95,92,163115
1.9013,0.2297,38.58,95,92,163118
1.8915,0.2297,38.62,95,92,163121
1.9404,0.2444,38.36,95,92,163125
1.9013,0.2297,38.52,95,92,163128
1.8866,0.2199,38.52,95,92,163131
1.8817,0.2297,38.49,95,92,163135
1.8719,0.2297,38.68,95,92,163138
1.9257,0.2395,38.43,95,92,163141
1.9110,0.2444,38.58,95,92,163144
1.9453,0.2297,38.49,95,92,163148
1.8573,0.2248,38.68,95,92,163151
1.7986,0.2346,38.62,95,92,163154
1.7889,0.2346,38.46,95,92,163159
1.7693,0.2297,38.71,95,92,163162
1.7937,0.2493,38.46,95,92,163165
1.7791,0.2248,38.62,95,92,163169
1.7889,0.2199,38.62,95,92,163172
1.8133,0.2346,38.55,95,92,163175
1.7937,0.2248,38.58,95,92,163179
1.8084,0.2639,38.46,95,92,163182
1.7791,0.2248,38.62,95,92,163185
1.7986,0.2248,38.62,95,92,163188
1.8377,0.2297,38.52,95,92,163192
1.8280,0.2297,38.65,95,92,163195
1.8915,0.2346,38.36,95,92,163198
1.9013,0.2297,38.43,95,92,163203
1.9159,0.2297,38.58,95,92,163206
1.9501,0.2297,38.58,95,92,163209
1.9355,0.2297,38.62,95,92,163213
1.9892,0.2346,38.33,95,92,163216
1.9697,0.2297,38.49,95,92,163219
2.0039,0.2248,38.58,95,92,163223
2.0626,0.2102,38.62,95,92,163226
2.1017,0.2248,38.62,95,92,163229
2.2239,0.2590,38.40,95,92,163232
2.2630,0.2346,38.55,95,92,163236
2.3558,0.2248,38.46,95,92,163239
2.3558,0.2297,38.58,95,92,163243
2.2581,0.2248,38.62,95,92,163247
2.1408,0.2395,38.46,95,92,163250
1.9159,0.2346,38.62,95,92,163253
1.7009,0.2346,38.52,95,92,163257
1.4761,0.2297,38.62,95,92,163260
1.2805,0.2297,38.62,95,92,163263
1.1241,0.2297,38.46,95,92,163267
0.9335,0.2346,38.62,95,92,163270
0.7674,0.2395,38.52,95,92,163273
0.6061,0.2199,38.65,95,92,163276
0.4643,0.2248,38.81,95,92,163280
0.4057,0.2248,38.52,95,92,163283
0.3666,0.2248,38.68,95,92,163287
0.3715,0.2248,38.46,95,92,163291
0.4154,0.2248,38.68,95,92,163294
0.4985,0.2199,38.62,95,92,163297
0.5963,0.2346,38.49,95,92,163300
0.7331,0.2248,38.62,95,92,163304
0.8162,0.2297,38.36,95,92,163307
0.9335,0.2199,38.58,95,92,163310
1.0899,0.2199,38.62,95,92,163314
1.1975,0.2346,38.58,95,92,163317
1.2903,0.2346,38.58,95,92,163320
1.4370,0.2346,38.36,95,92,163324
1.4907,0.2297,38.68,95,92,163328
1.5494,0.2199,38.62,95,92,163331
1.6276,0.2297,38.65,95,92,163335
1.6960,0.2248,38.62,95,92,163338
1.8426,0.2395,38.40,95,92,163341
1.9208,0.2297,38.84,95,92,163344
2.0039,0.2346,38.55,95,92,163348
2.1065,0.2102,38.62,95,92,163351
2.1163,0.2248,38.62,95,92,163354
2.1945,0.2346,38.49,95,92,163358
2.2043,0.2199,38.58,95,92,163361
2.1896,0.2248,38.49,95,92,163364
2.1554,0.2248,38.62,94,92,163368
2.0528,0.2297,38.62,94,92,163372
2.0577,0.2248,38.68,94,92,163376
2.0381,0.2297,38.49,94,92,163379
1.9844,0.2395,38.68,94,92,163382
1.9892,0.2346,38.43,94,92,163385
1.9599,0.2297,38.49,94,92,163389
1.9306,0.2346,38.58,94,92,163392
1.9404,0.2346,38.55,94,92,163395
1.9013,0.2248,38.58,94,92,163399
1.9306,0.2297,38.33,94,92,163402
1.8817,0.2248,38.52,94,92,163405
1.8671,0.2199,38.62,94,92,163409
1.8524,0.2297,38.58,94,92,163412
1.8280,0.2248,38.68,94,92,163416
1.8573,0.2542,38.36,94,92,163420
1.7937,0.2297,38.62,94,92,163423
1.7791,0.2248,38.55,94,92,163426
1.7644,0.2248,38.62,94,92,163429
1.7449,0.2297,38.68,94,92,163433
1.7595,0.2395,38.52,94,92,163436
1.6911,0.2297,38.71,94,92,163439
1.6618,0.2346,38.49,94,92,163443
1.6129,0.2248,38.84,94,92,163446
1.5836,0.2248,38.62,94,92,163449
1.5787,0.2395,38.46,94,92,163453
1.5347,0.2346,38.68,94,92,163457
1.5298,0.2346,38.52,94,92,163460
1.4809,0.2199,38.02,94,92,163464
1.4565,0.2199,38.65,94,92,163467
1.4418,0.2297,38.49,94,92,163470
1.4027,0.2248,38.77,94,92,163474
1.4027,0.2248,38.49,94,92,163477
1.3539,0.2248,38.62,94,92,163480
1.3294,0.2248,38.62,94,92,163483
1.3001,0.2346,38.52,94,92,163487
1.2414,0.2248,38.62,94,92,163490
1.2072,0.2346,38.43,94,92,163493
1.1339,0.2199,38.58,94,92,163497
1.0704,0.2248,38.71,94,92,163501
1.0215,0.2590,38.55,94,92,163504
0.9629,0.2248,38.62,94,92,163508
0.9384,0.2346,38.30,94,92,163511
0.8700,0.2297,38.65,94,92,163514
0.8162,0.2199,38.71,94,92,163517
0.7820,0.2297,38.58,94,92,163521
0.7331,0.2248,38.62,94,92,163524
0.7136,0.2444,37.74,94,92,163527
0.6891,0.2346,38.52,94,92,163531
0.6061,0.2199,38.55,94,92,163534
0.5670,0.2297,38.65,94,92,163537
0.5230,0.2248,38.68,94,92,163542
0.4985,0.2346,38.55,94,92,163545
0.4594,0.2297,38.58,94,92,163548
0.4154,0.2248,38.49,94,92,163551
0.3959,0.2248,38.58,94,92,163555
0.3812,0.2102,38.62,94,92,163558
0.3715,0.2297,38.55,94,92,163561
0.3519,0.2297,38.58,94,92,163565
0.3470,0.2297,38.49,94,92,163568
0.3275,0.2248,38.62,94,92,163571
0.3324,0.2248,38.24,94,92,163574
0.3421,0.2688,38.46,94,92,163578
0.3275,0.2248,38.65,94,92,163581
0.3519,0.2248,38.46,94,92,163585
0.3470,0.2590,38.55,94,92,163589
0.3617,0.2248,38.62,94,92,163592
0.3861,0.2297,38.52,94,92,163595
0.3959,0.2248,38.62,94,92,163599
0.4203,0.2248,38.40,94,92,163602
0.4301,0.2248,38.55,94,92,163605
0.4350,0.2248,38.62,94,92,163608
0.4448,0.2297,38.55,94,92,163612
0.4741,0.2248,38.62,94,92,163615
0.4985,0.2395,38.43,94,92,163618
0.5083,0.2199,38.58,94,92,163622
0.5327,0.2248,38.55,94,92,163625
0.5572,0.2346,38.62,94,92,163629
0.5767,0.2248,38.62,94,92,163633
0.6207,0.2346,38.33,94,92,163636
0.6305,0.2346,38.55,94,92,163639
0.6403,0.2102,38.62,94,92,163642
0.6696,0.2297,38.62,94,92,163646
0.6891,0.2248,38.68,94,92,163649
0.7380,0.2493,38.40,94,92,163652
0.7331,0.2297,38.52,94,92,163656
0.7478,0.2248,38.58,94,92,163659
0.7674,0.2395,38.62,94,92,163662
0.7918,0.2248,38.62,94,92,163666
0.8211,0.2297,38.46,94,92,163670
0.8260,0.2297,38.58,94,92,163673
0.8504,0.2248,38.55,94,92,163676
0.8651,0.2248,38.62,94,92,163680
0.8798,0.2248,38.65,94,92,163683
0.9042,0.2590,38.55,94,92,163686
0.9335,0.2297,38.55,94,92,163690
0.9189,0.2297,38.49,94,92,163693
0.9189,0.2297,38.65,94,92,163696
0.9677,0.2199,38.65,94,92,163700
0.9677,0.2297,38.49,94,92,163703
0.9629,0.2297,38.68,94,92,163706
0.9971,0.2102,38.46,94,92,163709
0.9873,0.2248,38.55,94,92,163714
0.9922,0.2248,37.87,94,92,163717
1.0362,0.2346,38.49,94,92,163720
1.0166,0.2248,38.62,94,92,163724
1.0313,0.2297,38.43,94,92,163727
1.0459,0.2346,38.55,94,92,163730
1.0997,0.2248,38.62,94,92,163734
1.0948,0.2297,38.55,94,92,163737
1.0948,0.2248,38.65,94,92,163740
1.1339,0.2248,38.36,94,92,163743
1.1193,0.2248,38.18,94,92,163747
1.1388,0.2297,38.65,94,92,163750
1.1535,0.2297,38.62,94,92,163753
1.1632,0.2199,38.58,94,92,163758
1.2268,0.2444,38.43,94,92,163761
1.2023,0.2297,38.46,94,92,163764
1.2072,0.2151,38.55,94,92,163768
1.2219,0.2248,38.84,94,92,163771
1.2317,0.2248,38.68,94,92,163774
1.2659,0.2346,38.43,94,92,163778
1.2708,0.2444,38.62,94,92,163781
1.2854,0.2297,38.49,94,92,163784
1.2903,0.2248,38.58,94,92,163787
1.3001,0.2248,38.68,94,92,163791
1.3343,0.2395,38.49,94,92,163794
1.3294,0.2248,38.58,94,92,163798
1.3539,0.2297,38.46,94,92,163802
1.3392,0.2248,38.68,94,92,163805
1.3441,0.2248,38.62,94,92,163808
1.3832,0.2444,38.52,94,92,163812
1.3783,0.2102,38.62,94,92,163815
1.3978,0.2248,38.62,94,92,163818
1.3881,0.2248,38.62,94,92,163822
1.4076,0.2199,38.65,94,92,163825
1.4272,0.2297,38.52,94,92,163828
1.4272,0.2248,38.62,94,92,163831
1.4761,0.2297,38.46,94,92,163835
1.4663,0.2346,38.55,94,92,163838
1.4712,0.2248,38.62,94,92,163842
1.5005,0.2297,38.58,94,92,163846
1.5054,0.2248,38.62,94,92,163849
1.5543,0.2346,38.30,94,92,163852
1.5347,0.2248,38.49,94,92,163856
1.5738,0.2199,38.62,94,92,163859
1.5591,0.2297,38.68,94,92,163862
1.5591,0.2248,38.62,94,92,163866
1.6031,0.2395,38.40,94,92,163869
1.5787,0.2297,38.55,94,92,163872
1.5787,0.2248,37.77,94,92,163875
1.5787,0.2199,38.62,94,92,163879
1.5787,0.2248,38.58,94,92,163883
1.6129,0.2590,38.52,94,92,163886
1.5885,0.2297,38.58,94,92,163890
1.6178,0.2248,38.52,94,92,163893
1.6520,0.2199,38.58,94,92,163896
1.6373,0.2248,38.62,94,92,163900
1.6764,0.2346,38.46,94,92,163903
1.6618,0.2248,38.62,94,92,163906
1.6960,0.2297,38.49,94,92,163909
1.6911,0.2151,38.58,94,92,163913
1.7204,0.2199,38.62,94,92,163916
1.7449,0.2297,38.52,94,92,163919
1.7546,0.2346,38.62,94,92,163923
1.8035,0.2248,38.43,94,92,163927
1.8084,0.2248,38.58,94,92,163930
1.8182,0.2248,38.62,94,92,163934
1.8328,0.2346,38.58,94,92,163937
1.8133,0.2248,38.62,94,92,163940
1.8377,0.2688,38.36,94,92,163944
1.7742,0.2199,38.58,94,92,163947
1.7595,0.2199,38.62,94,92,163950
1.7693,0.2102,38.58,94,92,163953
1.7155,0.2248,38.68,94,92,163957
1.7595,0.2493,38.30,94,92,163960
1.7546,0.2199,38.55,94,92,163963
1.7058,0.2199,38.62,94,92,163968
1.7009,0.2297,38.65,94,92,163971
1.6911,0.2199,38.62,94,92,163974
1.7253,0.2346,38.46,94,92,163978
1.6716,0.2297,38.58,94,92,163982
1.6618,0.2346,38.62,94,92,163986
1.6862,0.2297,38.49,94,92,163989
1.6618,0.2248,38.62,94,92,163992
1.6716,0.2297,38.62,94,92,163996
1.6862,0.2248,38.52,94,92,163999
1.6764,0.2590,38.58,94,92,164002
1.7302,0.2199,38.43,94,92,164005
1.6764,0.2248,38.68,94,92,164009
1.6960,0.2199,38.62,94,92,164013
1.7449,0.2346,38.55,94,92,164016
1.7498,0.2199,38.68,94,92,164020
1.8280,0.2395,38.36,94,92,164023
1.8671,0.2297,38.52,94,92,164026
1.9306,0.2199,38.62,94,92,164030
2.0626,0.2395,38.55,94,92,164033
2.2043,0.2297,38.62,94,92,164036
2.4585,0.2346,38.30,94,92,164039
2.6344,0.2248,38.49,94,92,164043
2.8543,0.2346,38.62,94,92,164046
3.0694,0.2248,38.77,94,92,164049
3.1623,0.2199,38.68,94,92,164054
3.2014,0.2395,38.43,94,92,164057
2.9326,0.2297,38.55,94,92,164060
2.6246,0.2199,38.52,94,92,164064
2.3069,0.2199,38.62,94,92,164067
2.0332,0.2199,38.49,94,92,164070
1.8328,0.2444,38.55,94,92,164074
1.6373,0.2248,38.62,94,92,164077
1.4956,0.2248,38.49,94,92,164080
1.4125,0.2102,38.62,94,92,164083
1.3196,0.2199,38.62,94,92,164087
1.3001,0.2346,38.46,94,92,164090
1.2561,0.2248,38.62,94,92,164093
1.2659,0.2297,38.49,94,92,164098
1.2463,0.2102,38.58,94,92,164101
1.3099,0.2102,38.62,94,92,164104
1.3050,0.2297,38.52,94,92,164108
1.3099,0.2248,38.62,94,92,164111
1.3490,0.2199,38.43,94,92,164114
1.3441,0.2248,38.55,94,92,164117
1.3734,0.2248,38.58,94,92,164121
1.4125,0.2346,38.55,94,92,164124
1.4223,0.2248,38.65,94,92,164127
1.4712,0.2297,38.40,94,92,164131
1.4565,0.2199,38.58,94,92,164134
1.4761,0.2199,38.62,94,92,164137
1.5005,0.2102,38.58,94,92,164142
1.5005,0.2248,38.65,94,92,164145
1.5543,0.2444,38.30,94,92,164148
1.5396,0.2297,38.52,94,92,164152
1.5494,0.2199,38.27,94,92,164155
1.5934,0.2102,38.58,94,92,164158
1.5689,0.2248,38.62,94,92,164161
1.6276,0.2395,37.74,94,92,164165
1.6080,0.2297,38.55,94,92,164168
1.6129,0.1906,38.52,94,92,164171
1.6080,0.2248,38.62,94,92,164175
1.6129,0.2199,38.58,94,92,164178
1.6520,0.2346,38.49,94,92,164182
1.6325,0.2297,37.93,94,92,164186
1.6569,0.2395,38.55,94,92,164189
1.6520,0.2199,38.62,94,92,164192
1.6618,0.2248,38.65,94,92,164196
1.7155,0.2199,38.52,94,92,164199
1.6813,0.2248,38.62,94,92,164202
1.7058,0.2297,38.49,94,92,164205
1.6813,0.2248,38.62,94,92,164209
1.6813,0.2248,38.74,94,92,164212
1.7351,0.2346,38.52,94,92,164215
1.6960,0.2248,38.71,94,92,164219
1.7253,0.2346,38.40,94,92,164222
1.7058,0.2199,38.49,94,92,164226
1.7107,0.2102,38.62,94,92,164230
1.7253,0.2346,38.55,94,92,164233
1.7107,0.2102,38.68,94,92,164236
1.7449,0.2297,38.43,94,92,164239
1.7155,0.2248,38.55,94,92,164243
1.7253,0.2248,38.62,94,92,164246
1.7253,0.2297,38.58,94,92,164249
1.7155,0.2248,38.62,94,92,164253
1.7889,0.2395,38.33,94,92,164256
1.7204,0.2248,38.46,94,92,164259
1.7107,0.2248,38.58,94,92,164263
1.7155,0.2248,38.62,94,92,164267
1.7155,0.2199,38.68,94,92,164270
1.7449,0.2297,38.46,94,92,164274
1.7155,0.2297,38.65,94,92,164277
1.7204,0.2493,38.52,94,92,164280
1.7058,0.2248,38.62,94,92,164283
1.7058,0.2248,38.81,94,92,164287
1.7400,0.2444,38.46,94,92,164290
1.7155,0.2248,38.58,94,92,164293
1.7155,0.2248,38.49,94,92,164297
1.7009,0.2199,38.62,94,92,164300
1.7009,0.2102,38.62,94,92,164303
1.7302,0.2297,38.62,94,92,164307
1.7204,0.2542,38.62,94,92,164311
1.7693,0.2199,38.52,94,92,164314
1.7400,0.2199,38.62,94,92,164317
1.7546,0.2248,38.62,94,92,164321
1.8035,0.2297,38.55,94,92,164324
1.7840,0.2248,38.68,94,92,164327
1.8182,0.2248,38.43,94,92,164331
1.8084,0.1906,38.62,94,92,164334
1.8231,0.2199,38.65,94,92,164337
1.8573,0.2444,38.55,94,92,164341
1.8426,0.2248,38.62,94,92,164344
1.8915,0.2346,38.40,94,92,164347
1.8866,0.2297,38.49,94,92,164352
1.8573,0.2248,38.62,94,92,164355
1.8671,0.2297,38.68,94,92,164358
1.8622,0.2248,38.62,94,92,164361
1.9110,0.2395,38.36,94,92,164365
1.9062,0.2102,38.52,94,92,164368
1.8573,0.2199,38.58,94,92,164371
1.8524,0.2248,38.58,94,92,164375
1.8475,0.2737,38.62,94,92,164378
1.8915,0.2395,38.46,94,92,164381
1.8573,0.2297,38.55,94,92,164385
1.8475,0.2248,38.52,94,92,164388
1.8426,0.2248,38.52,94,92,164391
1.8768,0.2248,38.62,94,92,164396
1.8622,0.2297,38.46,94,92,164399
1.8426,0.2199,38.58,94,92,164402
1.8524,0.2346,38.49,94,92,164405
1.8328,0.2395,38.62,94,92,164409
1.8280,0.2248,38.62,94,92,164412
1.8573,0.2297,38.46,94,92,164415
1.8426,0.2248,38.62,94,92,164419
1.8573,0.2248,38.46,94,92,164422
1.8328,0.2493,38.55,94,92,164425
1.8377,0.2199,38.65,94,92,164429
1.8524,0.2395,38.46,94,92,164432
1.8280,0.2248,38.62,94,92,164435
1.8622,0.2346,38.40,94,92,164440
1.8231,0.2297,38.55,94,92,164443
1.8231,0.2248,38.62,94,92,164446
1.8328,0.2297,38.77,94,92,164449
1.8133,0.2151,38.58,94,92,164453
1.8573,0.2346,38.33,94,92,164456
1.8133,0.2346,38.52,94,92,164459
1.8035,0.2199,38.65,94,92,164463
1.8035,0.2297,38.65,94,92,164466
1.7889,0.2199,38.68,94,92,164469
1.8426,0.2444,38.43,94,92,164473
1.8133,0.2346,38.46,94,92,164476
1.8035,0.2248,38.52,94,92,164480
1.8035,0.2297,38.71,94,92,164484
1.8084,0.2248,38.62,94,92,164487
1.8475,0.2346,38.43,94,92,164490
1.8280,0.2297,38.55,94,92,164493
1.8475,0.2346,38.46,94,92,164497
1.8328,0.2248,38.62,94,92,164500
1.8377,0.2248,38.65,94,92,164503
1.8671,0.2297,38.52,94,92,164507
1.8573,0.2248,38.62,94,92,164510
1.8866,0.2297,38.49,94,92,164513
1.8817,0.2248,38.68,94,92,164517
1.8768,0.2248,38.81,94,92,164520
1.9013,0.2346,38.55,94,92,164524
1.9062,0.2248,38.62,94,92,164528
1.9404,0.2248,38.40,94,92,164531
1.9306,0.2297,38.62,94,92,164534
1.9453,0.2248,38.62,94,92,164537
1.9795,0.2346,38.55,94,92,164541
1.9697,0.2248,38.62,94,92,164544
2.0283,0.2346,38.36,94,92,164547
2.0039,0.2542,38.49,94,92,164551
1.9795,0.2248,38.62,94,92,164554
1.9795,0.2297,38.62,94,92,164557
1.9355,0.2297,38.62,94,92,164561
1.9501,0.2346,38.36,94,92,164564
1.8817,0.2297,38.49,94,92,164568
1.8573,0.2151,38.65,94,92,164571
1.8524,0.2297,38.62,94,92,164575
1.8426,0.2248,38.58,94,92,164578
1.8866,0.2444,38.43,94,92,164581
1.8426,0.2297,38.55,94,92,164585
1.8280,0.2248,38.55,94,92,164588
1.8035,0.2248,38.68,94,92,164591
1.7400,0.2199,38.62,94,92,164596
1.7400,0.2248,38.58,94,92,164599
1.7693,0.2297,38.55,94,92,164603
1.7449,0.2297,38.62,94,92,164606
1.7791,0.2248,38.43,94,92,164610
1.7644,0.2248,38.52,94,92,164614
1.7595,0.2248,38.58,94,92,164617
1.7791,0.2346,38.52,94,92,164620
1.7546,0.2297,38.62,94,92,164623
1.7937,0.2346,38.36,94,92,164627
1.7498,0.2297,38.52,94,92,164630
1.7498,0.2297,38.62,94,92,164633
1.7840,0.2297,38.58,94,92,164637
1.7937,0.2248,38.62,94,92,164640
1.8866,0.2346,38.30,94,92,164643
1.9062,0.2248,38.52,94,92,164647
1.9892,0.2199,38.58,94,92,164651
2.1114,0.2248,38.62,94,92,164654
2.2532,0.2248,38.62,94,92,164658
2.5318,0.2493,38.46,94,92,164661
2.6979,0.2297,38.55,94,92,164664
2.9228,0.2248,38.52,94,92,164667
3.0987,0.2102,38.58,94,92,164671
3.1769,0.2248,38.62,94,92,164674
3.1427,0.2346,38.40,94,92,164677
2.8935,0.2297,38.58,94,92,164681
2.5904,0.2248,38.49,94,92,164684
2.2727,0.2248,38.58,94,92,164687
2.0235,0.2248,38.68,94,92,164691
1.8328,0.2346,38.55,94,92,164695
1.6569,0.2248,38.65,94,92,164698
1.5494,0.2395,38.49,94,92,164701
1.4321,0.2248,38.62,94,92,164705
1.3832,0.2248,38.65,94,92,164708
1.3685,0.2297,38.52,94,92,164711
1.3441,0.2248,38.68,94,92,164715
1.3685,0.2248,38.40,94,92,164718
1.3685,0.2248,38.65,94,92,164721
1.3978,0.2248,38.81,94,92,164725
1.4321,0.2395,38.55,94,92,164728
1.4321,0.2248,38.52,94,92,164731
1.5005,0.2346,38.36,94,92,164736
1.4858,0.2297,38.52,94,92,164739
1.4956,0.2248,38.58,94,92,164742
1.5298,0.2297,38.62,94,92,164745
1.5347,0.2248,38.68,94,92,164749
1.5934,0.2444,38.36,94,92,164752
1.5738,0.2297,38.55,94,92,164755
1.5787,0.2199,38.62,94,92,164759
1.5934,0.2248,38.62,94,92,164762
1.6031,0.2248,38.58,94,92,164765
1.6471,0.2346,38.49,94,92,164769
1.6178,0.2297,38.58,94,92,164772
1.6373,0.2542,38.52,94,92,164775
1.6373,0.2297,38.62,94,92,164780
1.6373,0.2248,38.62,94,92,164783
1.6764,0.2346,38.62,94,92,164786
1.6618,0.2248,38.58,94,92,164789
1.6862,0.2346,38.43,94,92,164793
1.6716,0.2248,38.65,94,92,164796
1.6813,0.2493,38.58,94,92,164799
1.7253,0.2346,38.49,94,92,164803
1.6960,0.2248,38.58,94,92,164806
1.7204,0.2346,38.49,94,92,164809
1.6960,0.2102,38.55,94,92,164813
1.7009,0.2248,38.62,94,92,164816
1.7253,0.2395,38.46,94,92,164819
1.7253,0.2199,38.62,94,92,164824
1.7449,0.2346,38.40,94,92,164827
1.7253,0.2346,38.55,94,92,164830
1.7204,0.2248,38.62,94,92,164833
1.7400,0.2297,38.77,94,92,164837
1.7302,0.2248,38.58,94,92,164840
1.7742,0.2346,38.33,94,92,164843
1.7400,0.2248,38.71,94,92,164847
1.7498,0.2248,38.62,94,92,164850
1.7595,0.2102,38.58,94,92,164853
1.7644,0.2248,38.58,94,92,164857
1.8280,0.2639,38.36,94,92,164860
1.7986,0.2297,38.55,94,92,164864
1.7937,0.2199,37.87,94,92,164868
1.8084,0.2297,38.62,94,92,164871
1.8084,0.2248,38.71,94,92,164874
1.8524,0.2346,38.46,94,92,164877
1.8377,0.2297,38.55,94,92,164881
1.8426,0.2248,38.46,94,92,164884
1.8280,0.2248,38.62,94,92,164887
1.8328,0.2297,38.58,94,92,164891
1.8524,0.2346,38.49,94,92,164894
1.8280,0.2297,38.46,94,92,164897
1.8475,0.2346,38.46,94,92,164901
1.8182,0.2346,38.62,94,92,164904
1.8231,0.2493,38.62,94,92,164908
1.8426,0.2297,38.52,94,92,164911
1.8377,0.2248,38.58,94,92,164915
1.8671,0.2297,38.55,94,92,164918
1.8426,0.2248,38.71,94,92,164921
1.8475,0.2248,38.68,94,92,164925
1.8768,0.2346,38.49,94,92,164928
1.8524,0.2297,38.62,94,92,164931
1.8866,0.2346,38.36,94,92,164935
1.8768,0.2297,38.58,94,92,164938
1.8719,0.2248,38.65,94,92,164941
1.8915,0.2297,38.55,94,92,164945
1.8817,0.2248,38.65,94,92,164948
1.9306,0.2395,38.33,94,92,164952
1.8866,0.2248,38.49,94,92,164955
1.8768,0.2199,38.62,94,92,164959
1.8915,0.2102,38.58,94,92,164962
1.8622,0.2248,38.65,94,92,164965
1.9110,0.2590,38.40,94,92,164969
1.8719,0.2297,38.55,94,92,164972
1.8671,0.2248,38.62,94,92,164975
1.8671,0.2248,38.62,94,92,164979
1.8671,0.2248,38.62,94,92,164982
1.9013,0.2542,38.49,94,92,164985
1.8719,0.2199,38.58,94,92,164989
1.8817,0.2297,38.49,94,92,164993
1.8866,0.2199,38.62,94,92,164996
1.8524,0.2248,38.62,94,92,164999
1.8768,0.2297,38.52,94,92,165003
1.8719,0.2248,38.62,94,92,165006
1.8719,0.2346,38.52,94,92,165009
1.8426,0.2199,38.62,94,92,165013
1.8671,0.2102,38.62,94,92,165016
1.8524,0.2297,38.46,94,92,165019
1.8280,0.2199,38.68,94,92,165023
1.8573,0.2297,38.46,94,92,165026
1.8280,0.2493,38.58,94,92,165029
1.8377,0.2248,38.62,94,92,165033
1.8280,0.2297,38.52,94,92,165037
1.7986,0.2248,38.62,94,92,165040
1.8280,0.2346,38.43,94,92,165043
1.7840,0.2248,38.52,94,92,165047
1.7937,0.2248,38.62,94,92,165050
1.8084,0.2346,38.58,94,92,165053
1.8035,0.2248,38.58,94,92,165057
1.8573,0.2444,38.33,94,92,165060
1.8280,0.2297,38.49,94,92,165063
1.8035,0.2199,38.65,94,92,165067
1.8084,0.2297,38.62,94,92,165070
1.7986,0.2248,38.65,94,92,165073
1.8524,0.2395,38.49,94,92,165078
1.8280,0.2297,38.55,94,92,165081
1.8328,0.2248,38.52,94,92,165084
1.8280,0.2346,38.62,94,92,165087
1.8328,0.2248,38.68,94,92,165091
1.8671,0.2297,38.49,94,92,165094
1.8524,0.2297,38.58,94,92,165097
1.8768,0.2297,38.62,94,92,165101
1.8573,0.2542,38.62,94,92,165104
1.8622,0.2248,38.71,94,92,165107
1.8719,0.2248,38.52,94,92,165111
1.8622,0.2297,38.65,94,92,165114
1.8866,0.2248,38.52,94,92,165117
1.8573,0.2297,38.62,94,92,165122
1.8524,0.2248,37.83,94,92,165125
1.8817,0.2542,38.52,94,92,165128
1.8475,0.2248,38.65,94,92,165131
1.8768,0.2297,38.40,94,92,165135
1.8524,0.2248,38.40,94,92,165138
1.8328,0.2248,38.62,94,92,165141
1.8573,0.2346,38.58,94,92,165145
1.8377,0.2248,38.62,94,92,165148
1.8817,0.2346,38.33,94,92,165151
1.8524,0.2297,38.52,94,92,165155
1.8719,0.2199,38.65,94,92,165158
1.8817,0.2297,38.58,94,92,165161
1.8915,0.2248,38.62,94,92,165166
1.9892,0.2444,38.36,94,92,165169
1.9453,0.2297,38.52,94,92,165172
1.9550,0.2297,38.55,94,92,165175
1.9599,0.2297,38.62,94,92,165179
1.9550,0.2151,38.62,94,92,165182
1.9795,0.2395,38.49,94,92,165185
1.9355,0.2297,37.93,94,92,165189
1.9208,0.2444,38.49,94,92,165192
1.8768,0.2297,38.62,94,92,165195
1.8524,0.2248,38.62,94,92,165199
1.8671,0.2346,38.43,94,92,165202
1.8035,0.2346,38.49,94,92,165208
1.7693,0.2248,38.62,94,92,165211
1.7840,0.2297,38.36,94,92,165214
1.7449,0.2102,38.55,94,92,165218
1.7351,0.2248,38.62,94,92,165221
1.7498,0.2297,38.55,94,92,165224
1.7253,0.2248,38.71,94,92,165227
1.7644,0.2346,38.52,94,92,165231
1.7351,0.2102,38.55,94,92,165234
1.7449,0.2248,38.62,94,92,165237
1.7595,0.2590,38.58,94,92,165241
1.7595,0.2297,38.62,94,92,165244
1.8133,0.2444,38.36,94,92,165248
1.7840,0.2346,38.55,94,92,165252
1.7791,0.2248,38.58,94,92,165255
1.7693,0.2297,38.62,94,92,165258
1.7595,0.2248,38.21,94,92,165262
1.7937,0.2346,38.43,94,92,165265
1.7889,0.2297,38.58,94,92,165268
1.8426,0.2297,38.52,94,92,165271
1.8866,0.2297,38.52,94,92,165275
1.9795,0.2248,38.62,94,92,165278
2.1457,0.2395,38.49,94,92,165281
2.3314,0.2199,38.65,94,92,165285
2.5562,0.2346,38.46,94,92,165288
2.7713,0.2248,38.58,94,92,165292
3.0401,0.2102,38.62,94,92,165296
3.2111,0.2297,38.52,94,92,165299
3.2454,0.2297,38.68,94,92,165302
3.1525,0.2346,38.46,94,92,165305
2.8397,0.2199,38.58,94,92,165309
2.5269,0.2248,38.62,94,92,165312
2.2581,0.2346,38.55,94,92,165315
1.9795,0.2248,38.62,94,92,165319
1.8035,0.2297,38.43,94,92,165322
1.6129,0.2297,38.52,94,92,165325
1.4809,0.2248,38.74,94,92,165329
1.4223,0.2346,38.58,94,92,165332
1.3734,0.2248,38.65,94,92,165336
1.3881,0.2395,38.33,94,92,165340
1.3587,0.2346,38.52,94,92,165343
1.3587,0.2199,38.62,94,92,165346
1.3832,0.2297,38.58,94,92,165349
1.3978,0.2199,38.65,94,92,165353
1.4516,0.2444,38.43,94,92,165356
1.4174,0.2297,38.58,94,92,165359
1.4272,0.2248,38.52,94,92,165363
1.4418,0.2297,38.68,94,92,165366
1.4809,0.2297,38.58,94,92,165369
1.5445,0.2297,38.49,94,92,165373
1.5347,0.2297,38.62,94,92,165377
1.5543,0.2297,38.49,94,92,165380
1.5543,0.2346,38.62,94,92,165384
1.5689,0.2248,38.62,94,92,165387
1.6227,0.2395,38.49,94,92,165390
1.6080,0.2297,38.58,94,92,165393
1.6325,0.2346,38.52,94,92,165397
1.6031,0.2199,38.58,94,92,165400
1.6031,0.2297,38.62,94,92,165403
1.6178,0.2395,38.46,94,92,165407
1.6129,0.2297,38.62,94,92,165410
1.6520,0.2297,38.40,94,92,165413
1.6422,0.2248,38.58,94,92,165417
1.6373,0.2248,38.62,94,92,165421
1.6471,0.2346,38.62,94,92,165424
1.6373,0.2248,38.62,94,92,165428
1.6716,0.2346,38.36,94,92,165431
1.6422,0.2199,38.55,94,92,165434
1.6520,0.2248,38.62,94,92,165437
1.6667,0.2297,38.58,94,92,165441
1.6667,0.2248,38.58,94,92,165444
1.7204,0.2444,38.33,94,92,165447
1.6960,0.2346,38.55,94,92,165451
1.6862,0.1906,38.58,94,92,165454
1.6960,0.2248,38.55,94,92,165457
1.7058,0.2297,38.58,94,92,165462
1.7155,0.2297,38.43,94,92,165465
1.6862,0.2346,38.55,94,92,165468
1.6862,0.2102,38.52,94,92,165472
1.6960,0.2297,38.68,94,92,165475
1.7107,0.2248,38.81,94,92,165478
1.7644,0.2346,38.49,94,92,165481
1.7058,0.2297,38.62,94,92,165485
1.7155,0.2297,38.68,94,92,165488
1.7009,0.2199,38.68,94,92,165491
1.7058,0.2248,38.62,94,92,165495
1.7155,0.2444,38.52,94,92,165498
1.7058,0.2248,38.58,94,92,165501
1.7400,0.2346,38.49,94,92,165506
1.7155,0.2297,38.58,94,92,165509
1.7253,0.2199,38.58,94,92,165512
1.7546,0.2297,38.52,94,92,165515
1.7400,0.2297,38.65,94,92,165519
1.7791,0.2346,38.43,94,92,165522
1.7742,0.2248,38.49,94,92,165525
1.7644,0.2248,38.62,94,92,165529
1.7791,0.2346,38.55,94,92,165532
1.7498,0.2248,38.58,94,92,165535
1.7840,0.2395,38.33,94,92,165539
1.7351,0.2248,38.52,94,92,165542
1.7351,0.2248,38.65,94,92,165545
1.7498,0.2297,38.62,94,92,165550
1.7498,0.2248,38.68,94,92,165553
1.8133,0.2444,38.36,94,92,165556
1.7889,0.2102,38.52,94,92,165559
1.7937,0.2248,38.58,94,92,165563
1.8035,0.2493,38.62,94,92,165566
1.8182,0.2248,38.65,94,92,165569
1.8719,0.2395,38.46,94,92,165573
1.8671,0.2346,38.55,94,92,165576
1.8671,0.2248,38.62,94,92,165579
1.8475,0.2297,38.58,94,92,165583
1.8328,0.2248,38.62,94,92,165586
1.8573,0.2395,38.43,94,92,165590
1.8377,0.2297,38.65,94,92,165594
1.8768,0.2297,38.46,94,92,165597
1.8719,0.2199,38.62,94,92,165600
1.8231,0.2248,38.65,94,92,165603
1.8231,0.2395,38.49,94,92,165607
1.7986,0.2248,38.62,94,92,165610
1.8280,0.2297,38.49,94,92,165613
1.8084,0.2297,38.62,94,92,165617
1.8182,0.2248,38.62,94,92,165620
1.8377,0.2395,38.52,94,92,165623
1.8328,0.2199,38.62,94,92,165627
1.8768,0.2297,38.46,94,92,165630
1.8426,0.2297,38.55,94,92,165634
1.8035,0.2248,38.71,94,92,165638
1.7986,0.2395,38.52,94,92,165641
1.7889,0.2248,38.68,94,92,165644
1.8524,0.2395,38.27,94,92,165647
1.8280,0.2346,38.52,94,92,165651
1.8231,0.2248,38.62,94,92,165654
1.8475,0.2297,38.58,94,92,165657
1.8280,0.2102,38.62,94,92,165661
1.8915,0.2444,38.43,94,92,165664
1.8524,0.2346,38.55,94,92,165667
1.8377,0.2248,38.52,94,92,165671
1.8280,0.2297,38.77,94,92,165675
1.8280,0.2542,38.65,94,92,165678
1.8573,0.2395,38.43,94,92,165682
1.8133,0.2297,38.55,94,92,165685
1.8133,0.2199,38.49,94,92,165688
1.7889,0.2297,38.62,94,92,165691
1.8035,0.2248,38.68,94,92,165695
1.8573,0.2346,38.55,94,92,165698
1.8524,0.2297,38.49,94,92,165701
1.8622,0.2346,38.49,94,92,165705
1.8133,0.2248,38.68,94,92,165708
1.8133,0.2297,38.65,94,92,165711
1.8475,0.2346,38.46,94,92,165715
1.8426,0.2297,38.71,94,92,165719
1.8866,0.2395,38.43,94,92,165722
1.8768,0.2297,38.52,94,92,165726
1.8573,0.2297,38.58,94,92,165729
1.8622,0.2297,38.46,94,92,165732
1.8377,0.2248,38.55,94,92,165735
1.8915,0.2346,38.36,94,92,165739
1.8817,0.2248,38.55,94,92,165742
1.8817,0.2248,38.71,94,92,165745
1.8817,0.2590,38.58,94,92,165749
1.8768,0.2248,38.62,94,92,165752
1.9062,0.2395,38.46,94,92,165755
1.8866,0.2297,38.52,94,92,165760
1.9013,0.2248,38.55,94,92,165763
1.9159,0.2395,38.55,94,92,165766
1.9159,0.2248,38.62,94,92,165770
1.9697,0.2395,38.46,94,92,165773
1.9355,0.2346,38.55,94,92,165776
1.9404,0.2248,38.52,94,92,165779
1.9404,0.2248,38.62,94,92,165783
1.9648,0.2248,38.62,94,92,165786
2.0235,0.2346,38.55,94,92,165789
2.0283,0.2248,38.58,94,92,165793
2.0186,0.2346,38.46,94,92,165796
1.9697,0.2297,38.62,94,92,165799
1.9453,0.2248,38.62,94,92,165804
1.9404,0.2346,38.52,94,92,165807
1.9013,0.2297,38.62,94,92,165810
1.9208,0.2297,38.55,94,92,165813
1.8671,0.2199,38.33,94,92,165817
1.8426,0.2248,38.58,94,92,165821
1.8475,0.2248,38.49,94,92,165825
1.8622,0.2346,38.58,94,92,165828
1.8133,0.2297,38.62,94,92,165831
1.8719,0.2395,38.30,94,92,165835
1.7986,0.2297,38.52,94,92,165838
1.7840,0.2248,38.58,94,92,165841
1.7889,0.2346,38.58,94,92,165846
1.7742,0.2297,38.62,94,92,165849
1.8377,0.2639,38.36,94,92,165852
1.8084,0.2297,38.55,94,92,165856
1.8035,0.2248,38.52,94,92,165859
1.7889,0.2248,38.65,94,92,165862
1.7791,0.2248,38.58,94,92,165865
1.8133,0.2395,38.05,94,92,165869
1.8084,0.2346,38.58,94,92,165872
1.8622,0.2346,38.49,94,92,165875
1.8280,0.2297,38.62,94,92,165879
1.8524,0.2297,38.62,94,92,165882
1.8866,0.2346,38.55,94,92,165885
1.8964,0.2297,38.71,94,92,165890
1.9844,0.2542,38.49,94,92,165893
2.0674,0.2297,38.62,94,92,165896
2.2434,0.2248,38.62,94,92,165899
2.4878,0.2297,38.52,94,92,165903
2.7126,0.2297,38.65,94,92,165906
3.0205,0.2297,38.43,94,92,165909
3.2209,0.2248,38.55,94,92,165913
3.3431,0.2248,38.62,94,92,165916
3.3724,0.2395,38.52,94,92,165919
3.1329,0.2199,38.58,94,92,165923
2.8543,0.2297,38.40,94,92,165926
2.4536,0.2737,38.55,94,92,165929
2.1505,0.2248,38.68,94,92,165933
1.9257,0.2346,38.58,94,92,165937
1.7204,0.2297,38.62,94,92,165940
1.6080,0.2346,38.30,94,92,165943
1.4516,0.2297,38.62,94,92,165947
1.4027,0.2248,38.33,94,92,165950
1.3734,0.2199,38.58,94,92,165953
1.3490,0.2248,38.74,94,92,165957
1.3832,0.2444,38.40,94,92,165960
1.3587,0.2297,38.55,94,92,165963
1.3832,0.2248,38.55,94,92,165967
1.4076,0.2102,38.62,94,92,165970
1.4467,0.2297,38.62,94,92,165974
1.5103,0.2395,38.43,94,92,165977
1.5103,0.2346,38.62,94,92,165981
1.5591,0.2297,38.52,94,92,165984
1.5738,0.2248,38.62,94,92,165987
1.5934,0.2248,38.58,94,92,165991
1.6080,0.2346,38.52,94,92,165994
1.5982,0.2346,38.68,94,92,165997
1.6325,0.2297,38.49,94,92,166001
1.6080,0.2248,38.62,94,92,166004
1.6276,0.2346,38.62,94,92,166007
1.6178,0.2297,38.52,94,92,166011
1.6325,0.2297,38.62,94,92,166014
1.6618,0.2346,38.43,94,92,166018
1.6471,0.2248,38.58,94,92,166021
1.6618,0.2248,38.62,94,92,166025
1.6764,0.2346,38.55,94,92,166028
1.6569,0.2248,38.62,94,92,166031
1.7107,0.2297,38.36,94,92,166035
1.7009,0.2493,38.52,94,92,166038
1.7302,0.2248,38.62,94,92,166041
1.7155,0.2297,38.55,94,92,166045
1.7253,0.2199,38.65,94,92,166048
1.7889,0.2493,38.36,94,92,166051
1.7498,0.2199,38.52,94,92,166055
1.7400,0.2248,38.55,94,92,166059
1.7351,0.2297,38.65,94,92,166062
1.7302,0.2248,38.58,94,92,166065
1.7840,0.2395,38.46,94,92,166069
1.7498,0.2297,38.49,94,92,166072
1.7498,0.2346,38.55,94,92,166075
1.7351,0.2297,38.62,94,92,166079
1.7644,0.2199,38.62,94,92,166082
1.7595,0.2297,38.62,94,92,166085
1.7400,0.2297,38.62,94,92,166089
1.7595,0.2395,38.46,94,92,166092
1.7302,0.2297,38.65,94,92,166095
1.7351,0.2248,38.62,94,92,166099
1.7742,0.2297,38.52,94,92,166103
1.7546,0.2346,38.62,94,92,166106
1.7840,0.2346,38.46,94,92,166110
1.7644,0.2248,38.52,94,92,166113
1.7693,0.2346,38.62,94,92,166116
1.7889,0.2346,38.55,94,92,166119
1.7742,0.2444,38.62,94,92,166123
1.8084,0.2346,38.36,94,92,166126
1.7644,0.2297,38.46,94,92,166129
1.7595,0.2297,38.62,94,92,166133
1.7693,0.2346,38.58,94,92,166136
1.7742,0.2248,38.62,94,92,166139
1.8280,0.2395,38.30,94,92,166144
1.7742,0.2297,38.55,94,92,166147
1.7693,0.2248,38.84,94,92,166150
1.7693,0.2346,38.62,94,92,166153
1.7693,0.2248,37.90,94,92,166157
1.8231,0.2444,38.46,94,92,166160
1.7937,0.2346,38.58,94,92,166163
1.7840,0.2248,38.58,94,92,166167
1.7791,0.2199,38.58,94,92,166170
1.7937,0.2248,38.62,94,92,166173
1.8377,0.2395,38.46,94,92,166177
1.8280,0.2297,38.58,94,92,166180
1.8573,0.2297,38.49,94,92,166183
1.8475,0.2248,38.58,94,92,166188
1.8622,0.2297,38.62,94,92,166191
1.8817,0.2395,38.52,94,92,166194
1.8524,0.2346,38.58,94,92,166197
1.8671,0.2346,38.52,94,92,166201
1.8328,0.2297,38.52,94,92,166204
1.8328,0.2297,38.62,94,92,166207
1.8524,0.2297,38.52,94,92,166211
1.8377,0.2297,38.58,94,92,166214
1.8622,0.2346,38.43,94,92,166217
1.8280,0.2297,38.65,94,92,166221
1.8377,0.2248,38.62,94,92,166224
1.8426,0.2395,38.55,94,92,166227
1.8475,0.2297,38.68,94,92,166232
1.8622,0.2346,38.36,94,92,166235
1.8280,0.2297,38.52,94,92,166238
1.7986,0.2248,38.65,94,92,166241
1.7937,0.2297,38.58,94,92,166245
1.7742,0.2248,38.62,94,92,166248
1.8475,0.2395,38.36,94,92,166251
1.7693,0.2297,38.55,94,92,166255
1.7595,0.2248,38.58,94,92,166258
1.7595,0.2297,38.58,94,92,166261
1.7498,0.2297,38.65,94,92,166265
1.7840,0.2444,38.43,94,92,166268
1.7498,0.2297,38.58,94,92,166272
1.7449,0.2297,38.52,94,92,166276
1.7595,0.2199,38.62,94,92,166279
1.7302,0.2248,38.65,94,92,166282
1.7595,0.2297,38.55,94,92,166285
1.7351,0.2102,38.58,94,92,166289
1.7449,0.2297,38.49,94,92,166292
1.7107,0.2297,38.62,94,92,166295
1.7058,0.2248,38.62,94,92,166299
1.7351,0.2395,38.46,94,92,166302
1.7107,0.2297,38.62,94,92,166305
1.7351,0.2297,38.46,94,92,166309
1.7253,0.2248,38.55,94,92,166312
1.7204,0.2248,38.52,94,92,166316
1.7498,0.2346,38.49,94,92,166320
1.7253,0.2346,38.62,94,92,166323
1.7644,0.2346,38.40,94,92,166326
1.7693,0.2346,38.55,94,92,166329
1.7400,0.2346,38.68,94,92,166333
1.7644,0.2297,38.81,94,92,166336
1.7546,0.2199,38.62,94,92,166339
1.8084,0.2395,38.43,94,92,166343
1.7693,0.2297,38.52,94,92,166346
1.7791,0.2297,38.62,94,92,166349
1.7986,0.2297,38.58,94,92,166353
1.7889,0.2199,38.62,94,92,166356
1.8426,0.2444,38.40,94,92,166360
1.8035,0.2737,38.55,94,92,166364
1.7986,0.2297,38.55,94,92,166367
1.7937,0.2297,38.58,94,92,166370
1.7937,0.2248,38.62,94,92,166373
1.8328,0.2395,38.43,94,92,166377
1.8084,0.2297,38.55,94,92,166380
1.8231,0.2346,38.49,94,92,166383
1.8133,0.2297,38.68,94,92,166387
1.8231,0.2248,38.65,94,92,166390
1.8622,0.2395,38.52,94,92,166393
1.8573,0.2297,38.65,94,92,166397
1.9208,0.2444,38.52,94,92,166401
1.8817,0.2297,38.62,94,92,166404
1.8964,0.2297,38.71,94,92,166408
1.9159,0.2248,38.52,94,92,166411
1.9159,0.2297,38.62,94,92,166414
1.9404,0.2297,38.49,94,92,166417
1.9062,0.2297,38.62,94,92,166421
1.9062,0.2297,38.62,94,92,166424
1.9159,0.2395,38.52,95,92,166427
1.7937,0.2248,38.62,95,92,166432
1.7742,0.2102,38.62,95,92,166435
1.8035,0.2493,38.49,95,92,166439
1.7595,0.2346,38.55,95,92,166443
1.7449,0.2248,38.55,95,92,166446
1.7449,0.2297,38.62,95,92,166450
1.7449,0.2248,38.62,95,92,166453
1.7840,0.2395,38.46,95,92,166456
1.7546,0.2297,38.58,95,92,166460
1.7693,0.2248,38.49,95,92,166463
1.7449,0.2297,38.62,95,92,166466
1.7595,0.2248,38.62,95,92,166469
1.7791,0.2444,38.55,95,92,166473
1.7693,0.2297,37.83,95,92,166476
1.7937,0.2444,38.49,95,92,166479
1.7742,0.2297,38.68,95,92,166483
1.7889,0.2493,38.62,95,92,166487
1.8231,0.2346,38.49,95,92,166490
1.7986,0.2542,38.52,95,92,166494
1.8280,0.2395,38.43,95,92,166497
1.8231,0.2297,38.55,95,92,166500
1.8377,0.2297,38.62,95,92,166504
1.8915,0.2395,38.55,95,92,166507
1.9159,0.2248,38.62,95,92,166510
2.0283,0.2444,38.33,95,92,166513
2.1017,0.2297,38.55,95,92,166517
2.2385,0.2248,38.62,95,92,166520
2.4487,0.2346,38.55,95,92,166523
2.6686,0.2297,38.62,95,92,166528
3.0010,0.2395,38.30,95,92,166531
3.1672,0.2346,38.52,95,92,166534
3.3040,0.2248,38.65,95,92,166538
3.2893,0.2297,38.62,95,92,166541
3.0792,0.2248,38.62,95,92,166544
2.8446,0.2395,38.43,95,92,166547
2.4536,0.2297,38.55,95,92,166551
2.1408,0.2248,38.52,95,92,166554
1.8817,0.2297,38.62,95,92,166557
1.6764,0.2346,38.62,95,92,166561
1.5689,0.2395,38.43,95,92,166564
1.4418,0.2346,38.58,95,92,166567
1.3783,0.2297,38.46,95,92,166572
1.3441,0.2297,38.62,95,92,166575
1.2952,0.2297,38.62,95,92,166578
1.3196,0.2395,38.52,95,92,166582
1.3294,0.2248,38.68,95,92,166585
1.3636,0.2346,38.52,95,92,166588
1.3734,0.2297,38.52,95,92,166591
1.4174,0.2199,38.62,95,92,166595
1.4223,0.2297,38.62,95,92,166598
1.4321,0.2444,38.58,95,92,166601
1.5005,0.2346,38.43,95,92,166605
1.4761,0.2297,38.65,95,92,166608
1.5005,0.2248,38.62,95,92,166611
1.5396,0.2297,38.62,95,92,166616
1.5396,0.2542,38.68,95,92,166619
1.6227,0.2346,38.36,95,92,166622
1.5836,0.2297,38.46,95,92,166626
1.5787,0.2297,38.68,95,92,166629
1.5982,0.2297,38.55,95,92,166632
1.5934,0.2444,38.77,95,92,166635
1.6373,0.2444,38.33,95,92,166639
1.6129,0.2297,38.49,95,92,166642
1.6129,0.2297,38.62,95,92,166645
1.6373,0.2346,38.62,95,92,166649
1.6373,0.2297,38.65,95,92,166652
1.6862,0.2444,38.46,95,92,166656
1.6618,0.2346,38.55,95,92,166660
1.6667,0.2297,38.52,95,92,166663
1.6618,0.2590,38.58,95,92,166666
1.6667,0.2297,38.62,95,92,166669
1.6960,0.2395,38.74,95,92,166673
1.6813,0.2297,38.58,95,92,166676
1.6960,0.2346,38.49,95,92,166679
1.6813,0.2297,38.62,95,92,166683
1.6911,0.2590,38.62,95,92,166686
1.7351,0.2395,38.49,95,92,166689
1.7058,0.2297,38.65,95,92,166693
1.7253,0.2346,38.55,95,92,166696
1.7009,0.2248,38.55,95,92,166700
1.7009,0.2297,38.55,95,92,166704
1.7107,0.2346,38.49,95,92,166707
1.6960,0.2297,38.62,95,92,166710
1.7155,0.2297,38.40,95,92,166713
1.7009,0.2346,38.55,95,92,166717
1.6960,0.2297,38.62,95,92,166720
1.7155,0.2395,38.62,95,92,166723
1.7058,0.2248,38.65,95,92,166727
1.7889,0.2346,38.36,95,92,166730
1.7107,0.2248,38.68,95,92,166733
1.7155,0.2199,38.62,95,92,166737
1.7253,0.2346,38.58,95,92,166740
1.7107,0.2639,38.62,95,92,166744
1.7595,0.2444,38.33,95,92,166747
1.7302,0.2297,38.55,95,92,166751
1.7107,0.2248,38.84,95,92,166754
1.7107,0.2346,38.62,95,92,166757
1.7155,0.2346,38.68,95,92,166761
1.7644,0.2737,38.40,95,92,166764
1.7498,0.2297,38.55,95,92,166767
1.7400,0.2297,38.49,95,92,166771
1.7351,0.2346,38.62,95,92,166774
1.7400,0.2297,38.62,95,92,166777
1.7791,0.2395,38.46,95,92,166781
1.7840,0.2346,38.58,95,92,166785
1.7986,0.2297,38.49,95,92,166788
1.7889,0.2346,38.81,95,92,166791
1.8084,0.2297,38.62,95,92,166795
1.8231,0.2346,38.55,95,92,166798
1.8231,0.2590,38.58,95,92,166801
1.8573,0.2346,38.49,95,92,166805
1.8377,0.2297,38.58,95,92,166808
1.8475,0.2248,38.62,95,92,166811
1.8768,0.2395,38.55,95,92,166815
1.8573,0.2346,38.62,95,92,166818
1.8964,0.2346,38.40,95,92,166821
1.8866,0.2297,38.49,95,92,166825
1.8768,0.2444,38.65,95,92,166829
1.9013,0.2395,38.55,95,92,166832
1.8768,0.2297,38.65,95,92,166835
1.9257,0.2884,38.33,95,92,166839
1.8866,0.2297,38.52,95,92,166842
1.8817,0.2297,38.62,95,92,166845
1.8866,0.2346,38.58,95,92,166849
1.8768,0.2297,38.71,95,92,166852
1.9208,0.2493,38.36,95,92,166855
1.8719,0.2346,38.55,95,92,166859
1.8524,0.2248,38.58,95,92,166862
1.8426,0.2346,38.62,95,92,166865
1.8328,0.2297,38.65,95,92,166870
1.8671,0.2444,38.55,95,92,166873
1.8426,0.2346,38.46,95,92,166876
1.8426,0.2297,38.46,95,92,166879
1.8231,0.2346,38.62,95,92,166883
1.8231,0.2444,38.62,95,92,166886
1.8475,0.2395,38.46,95,92,166889
1.8231,0.2590,38.55,95,92,166893
1.8426,0.2346,38.52,95,92,166896
1.8084,0.2248,38.58,95,92,166899
1.8035,0.2297,38.62,95,92,166903
1.8231,0.2346,38.49,95,92,166906
1.8035,0.2297,38.62,95,92,166909
1.8231,0.2346,38.40,95,92,166914
1.7986,0.2297,38.62,95,92,166917
1.7986,0.2297,38.65,95,92,166920
1.8084,0.2688,38.52,95,92,166923
1.7986,0.2248,38.62,95,92,166927
1.8377,0.2346,38.40,95,92,166930
1.7937,0.2248,38.55,95,92,166933
1.8133,0.2199,38.62,95,92,166937
1.8280,0.2444,38.55,95,92,166940
1.8280,0.2248,38.65,95,92,166943
1.8768,0.2395,38.30,95,92,166947
1.8426,0.2297,38.52,95,92,166950
1.8328,0.2248,38.58,95,92,166953
1.8475,0.2346,38.62,95,92,166957
1.8475,0.2297,38.84,95,92,166961
1.9355,0.2395,38.46,95,92,166964
1.8768,0.2346,38.77,95,92,166967
1.8719,0.2542,38.55,95,92,166971
1.8671,0.2346,38.62,95,92,166974
1.8719,0.2297,38.52,95,92,166977
1.9062,0.2395,38.49,95,92,166981
1.8964,0.2297,38.62,95,92,166984
1.9208,0.2297,38.49,95,92,166987
1.9013,0.2346,38.68,95,92,166991
1.9013,0.2297,38.49,95,92,166994
1.9208,0.2395,38.55,95,92,166998
1.9257,0.2346,38.58,95,92,167001
1.9355,0.2395,38.52,95,92,167005
1.9062,0.2297,38.62,95,92,167008
1.9208,0.2346,38.62,95,92,167011
1.9599,0.2688,38.49,95,92,167015
1.9453,0.2297,38.62,95,92,167018
1.9746,0.2346,38.40,95,92,167021
1.9648,0.2346,38.49,95,92,167025
1.9697,0.2297,38.65,95,92,167028
2.0039,0.2395,38.52,95,92,167031
1.9990,0.2102,38.62,95,92,167035
2.0332,0.2395,38.36,95,92,167038
1.9306,0.2493,38.46,95,92,167044
1.8719,0.2346,38.55,95,92,167047
1.8573,0.2151,38.55,95,92,167050
1.8426,0.2297,38.62,95,92,167053
1.8280,0.2297,38.58,95,92,167057
1.8573,0.2395,38.55,95,92,167060
1.8133,0.2297,38.74,95,92,167063
1.8084,0.2395,38.55,95,92,167067
1.7791,0.2297,38.62,95,92,167070
1.7693,0.2297,38.65,95,92,167073
1.8133,0.2395,38.46,95,92,167077
1.7644,0.2297,38.71,95,92,167080
1.7840,0.2346,38.49,95,92,167084
1.7546,0.2248,38.58,95,92,167088
1.7449,0.2297,38.68,95,92,167091
1.7693,0.2590,38.55,95,92,167094
1.7595,0.2297,38.58,95,92,167097
1.7840,0.2297,38.43,95,92,167101
1.7693,0.2542,38.55,95,92,167104
1.7791,0.2248,38.65,95,92,167107
1.7986,0.2395,38.68,95,92,167111
1.7840,0.2297,38.62,95,92,167114
1.8280,0.2346,38.36,95,92,167117
1.8035,0.2199,38.55,95,92,167121
1.8426,0.2199,38.62,95,92,167124
1.8768,0.2297,38.68,95,92,167128
1.9257,0.2199,38.62,95,92,167132
2.0577,0.2493,38.36,95,92,167135
2.1359,0.2346,38.55,95,92,167138
2.2678,0.2199,38.58,95,92,167141
2.4633,0.2346,38.62,95,92,167145
2.6784,0.2297,38.62,95,92,167148
2.9863,0.2395,38.46,95,92,167151
3.1574,0.2346,38.71,95,92,167155
3.2747,0.2395,38.55,95,92,167158
3.2160,0.2297,38.62,95,92,167161
3.0059,0.2297,38.65,95,92,167165
2.7468,0.2346,38.55,95,92,167169
2.4145,0.2297,38.62,95,92,167172
2.1603,0.2346,38.49,95,92,167176
1.9062,0.2395,38.58,95,92,167179
1.7204,0.2297,38.62,95,92,167182
1.5836,0.2297,38.52,95,92,167185
1.4712,0.2346,38.68,95,92,167189
1.4223,0.2297,38.58,95,92,167192
1.3734,0.2346,38.62,95,92,167195
1.3392,0.2297,38.62,95,92,167199
1.3441,0.2688,38.55,95,92,167202
1.3343,0.2297,38.62,95,92,167205
1.3734,0.2346,38.40,95,92,167209
1.3783,0.2346,38.52,95,92,167213
1.3978,0.2297,38.62,95,92,167216
1.4272,0.2639,38.55,95,92,167220
1.4272,0.2102,38.62,95,92,167223
1.4858,0.2395,38.55,95,92,167226
1.4809,0.2346,38.52,95,92,167229
1.4907,0.2297,38.62,95,92,167233
1.5103,0.2297,38.58,95,92,167236
1.5200,0.2248,38.62,95,92,167239
1.5738,0.2493,38.40,95,92,167243
1.5445,0.2346,38.52,95,92,167246
1.5836,0.2248,38.55,95,92,167249
1.5591,0.2297,38.62,95,92,167254
1.5689,0.2248,38.62,95,92,167257
1.6129,0.2444,38.52,95,92,167260
1.5982,0.2297,38.68,95,92,167264
1.6178,0.2346,38.49,95,92,167267
1.6178,0.2297,38.62,95,92,167270
1.6373,0.2297,38.65,95,92,167273
1.6764,0.2395,37.80,95,92,167277
1.6618,0.2346,38.58,95,92,167280
1.6813,0.2297,38.52,95,92,167283
1.6667,0.2248,38.68,95,92,167287
1.6764,0.2786,38.65,95,92,167290
1.6960,0.2297,38.52,95,92,167293
1.6764,0.2297,38.62,95,92,167298
1.7058,0.2297,38.43,95,92,167301
1.6764,0.2297,38.55,95,92,167304
1.6911,0.2248,38.65,95,92,167308
1.7155,0.2395,38.52,95,92,167311
1.7155,0.2297,38.62,95,92,167314
1.7595,0.2346,38.46,95,92,167317
1.7351,0.2248,38.58,95,92,167321
1.7498,0.2297,38.62,95,92,167324
1.7595,0.2346,38.58,95,92,167327
1.7546,0.2297,38.62,95,92,167331
1.8084,0.2346,38.30,95,92,167334
1.7742,0.2395,38.55,95,92,167337
1.7693,0.2248,38.58,95,92,167342
1.7986,0.2346,38.58,95,92,167345
1.7644,0.2297,38.62,95,92,167348
1.8182,0.2444,38.43,95,92,167352
1.7840,0.2346,38.55,95,92,167355
1.7693,0.2297,38.52,95,92,167358
1.7546,0.2395,38.62,95,92,167361
1.7840,0.2102,38.62,95,92,167365
1.7791,0.2395,38.49,95,92,167368
1.7546,0.2395,38.58,95,92,167371
1.7693,0.2346,38.49,95,92,167375
1.7498,0.2297,38.71,95,92,167378
1.7595,0.2297,38.62,95,92,167382
1.7644,0.2297,38.55,95,92,167386
1.7546,0.2297,38.74,95,92,167389
1.7889,0.2346,38.49,95,92,167392
1.7644,0.2297,38.65,95,92,167396
1.7742,0.2248,38.62,95,92,167399
1.7986,0.2297,38.49,95,92,167402
1.7889,0.2297,38.58,95,92,167405
1.8280,0.2346,38.40,95,92,167409
1.8231,0.2346,38.52,95,92,167412
1.8231,0.2297,38.58,95,92,167415
1.8524,0.2395,38.55,95,92,167419
1.8426,0.2297,38.65,95,92,167422
1.8915,0.2444,38.36,95,92,167426
1.8622,0.2297,38.65,95,92,167430
1.8622,0.2248,38.62,95,92,167433
1.8866,0.2346,38.58,95,92,167436
1.8768,0.2297,38.65,95,92,167440
1.9306,0.2493,38.36,95,92,167443
1.8915,0.2297,38.52,95,92,167446
1.8866,0.2248,38.58,95,92,167449
1.9306,0.2346,38.62,95,92,167453
1.8964,0.2297,38.65,95,92,167456
1.9306,0.2493,38.49,95,92,167459
1.9110,0.2297,38.58,95,92,167463
1.9013,0.2297,38.46,95,92,167467
1.8817,0.2297,38.62,95,92,167470
1.8817,0.2297,38.65,95,92,167474
1.9110,0.2395,38.52,95,92,167477
1.8817,0.2297,38.81,95,92,167480
1.8964,0.2297,38.55,95,92,167484
1.8719,0.2248,38.62,95,92,167487
1.8622,0.2297,38.62,95,92,167490
1.9062,0.2346,38.49,95,92,167493
1.8524,0.2297,38.62,95,92,167497
1.8719,0.2297,38.46,95,92,167500
1.8426,0.2346,38.58,95,92,167503
1.8475,0.2297,38.62,95,92,167507
1.8622,0.2346,38.58,95,92,167511
1.8426,0.2346,38.62,95,92,167514
1.8817,0.2346,38.40,95,92,167518
1.8426,0.2346,38.62,95,92,167521
1.8524,0.2297,38.62,95,92,167524
1.8622,0.2395,38.46,95,92,167528
1.8622,0.2199,38.62,95,92,167531
1.9062,0.2395,38.30,95,92,167534
1.8768,0.2346,38.46,95,92,167537
1.8573,0.2542,38.58,95,92,167541
1.8622,0.2297,38.62,95,92,167544
1.8524,0.2395,38.62,95,92,167547
1.9159,0.2493,38.43,95,92,167552
1.8719,0.2395,38.58,95,92,167555
1.8622,0.2248,38.52,95,92,167558
1.8524,0.2297,38.62,95,92,167562
1.8573,0.2297,38.65,95,92,167565
1.8964,0.2346,38.46,95,92,167568
1.8768,0.2297,38.65,95,92,167572
1.8915,0.2542,38.49,95,92,167575
1.8622,0.2297,38.62,95,92,167578
1.8671,0.2297,38.58,95,92,167581
1.8817,0.2346,38.55,95,92,167585
1.8671,0.2297,38.62,95,92,167588
1.8964,0.2395,38.11,95,92,167591
1.9062,0.2297,38.62,95,92,167596
1.8768,0.2297,38.62,95,92,167599
1.9013,0.2395,38.49,95,92,167602
1.8768,0.2297,38.62,95,92,167606
1.9013,0.2346,38.40,95,92,167609
1.8866,0.2395,38.49,95,92,167612
1.8817,0.2297,38.62,95,92,167615
1.9013,0.2395,38.52,95,92,167619
1.8866,0.2346,38.62,95,92,167622
1.9306,0.2297,38.36,95,92,167625
1.8964,0.2297,38.52,95,92,167629
1.8866,0.2248,38.62,95,92,167632
1.9062,0.2297,38.65,95,92,167635
1.8964,0.2297,38.65,95,92,167640
1.9550,0.2444,38.33,95,92,167643
1.9159,0.2297,38.49,95,92,167646
1.9257,0.2248,38.58,95,92,167650
1.9355,0.2346,38.62,95,92,167653
1.8866,0.2297,38.36,95,92,167658
1.8719,0.2346,38.65,95,92,167661
1.8915,0.2444,38.46,95,92,167664
1.8475,0.2297,38.58,95,92,167668
1.8573,0.2346,38.46,95,92,167671
1.8231,0.2297,38.52,95,92,167674
1.8231,0.2199,38.62,95,92,167677
1.8377,0.2444,38.46,95,92,167682
1.8182,0.2346,38.62,95,92,167685
1.8426,0.2297,38.40,95,92,167688
1.8035,0.2297,38.52,95,92,167692
1.7791,0.2346,38.62,95,92,167695
1.7791,0.2297,38.55,95,92,167698
1.7449,0.2297,38.52,95,92,167702
1.7840,0.2444,38.43,95,92,167705
1.7449,0.2297,38.62,95,92,167708
1.7498,0.2297,38.68,95,92,167712
1.7498,0.2346,38.58,95,92,167715
1.7351,0.2297,38.65,95,92,167718
1.7840,0.2395,38.36,95,92,167721
1.7546,0.2346,38.52,95,92,167726
1.7400,0.2248,38.58,95,92,167729
1.7498,0.2346,38.62,95,92,167732
1.7546,0.2297,38.84,95,92,167736
1.8084,0.2395,38.43,95,92,167739
1.7937,0.2346,38.58,95,92,167742
1.8280,0.2297,38.55,95,92,167746
1.8426,0.2346,38.65,95,92,167749
1.8719,0.2297,38.65,95,92,167752
1.9648,0.2346,38.46,95,92,167756
2.0430,0.2297,38.62,95,92,167759
2.2092,0.2297,38.46,95,92,167762
2.3558,0.2297,38.55,95,92,167766
2.6002,0.2297,38.65,95,92,167770
2.8543,0.2346,38.52,95,92,167773
3.0792,0.2297,38.65,95,92,167776
3.2845,0.2248,38.46,95,92,167780
3.2551,0.2297,38.77,95,92,167783
3.0890,0.2395,38.68,95,92,167786
2.8250,0.2395,38.43,95,92,167790
2.4682,0.2297,38.62,95,92,167793
2.2190,0.2346,38.40,95,92,167796
1.9550,0.2346,38.55,95,92,167799
1.7351,0.2297,38.81,95,92,167803
1.5836,0.2395,38.55,95,92,167806
1.4516,0.2297,38.62,95,92,167810
1.4125,0.2395,38.33,95,92,167814
1.3343,0.2346,37.74,95,92,167817
1.3050,0.2346,38.68,95,92,167820
1.3001,0.2346,38.62,95,92,167824
1.2854,0.2297,38.65,95,92,167827
1.3539,0.2493,38.40,95,92,167830
1.3392,0.2346,38.55,95,92,167834
1.3441,0.2297,38.52,95,92,167837
1.3539,0.2346,38.62,95,92,167840
1.3734,0.2297,38.62,95,92,167844
1.4272,0.2444,38.46,95,92,167847
1.4223,0.2297,38.71,95,92,167851
1.4565,0.2346,38.49,95,92,167854
1.4614,0.2297,38.71,95,92,167858
1.4809,0.2395,38.68,95,92,167861
1.5347,0.2444,38.49,95,92,167864
1.5298,0.2346,38.68,95,92,167868
1.5934,0.2346,38.55,95,92,167871
1.5591,0.2248,38.43,95,92,167874
1.5689,0.2395,38.62,95,92,167878
1.5885,0.2346,38.49,95,92,167881
1.5787,0.2346,38.62,95,92,167884
1.6373,0.2346,38.43,95,92,167888
1.5982,0.2297,38.52,95,92,167891
1.6031,0.2199,38.68,95,92,167895
1.6276,0.2395,38.55,95,92,167898
1.6178,0.2297,38.77,95,92,167902
1.6618,0.2493,38.33,95,92,167905
1.6276,0.2297,38.62,95,92,167908
1.6325,0.2297,38.62,95,92,167912
1.6471,0.2346,38.62,95,92,167915
1.6422,0.2248,38.62,95,92,167918
1.6960,0.2493,38.40,95,92,167922
1.6667,0.2346,38.55,95,92,167925
1.6667,0.2248,38.58,95,92,167928
1.6716,0.2297,38.40,95,92,167932
1.6764,0.2297,38.65,95,92,167936
1.7449,0.2444,38.40,95,92,167939
1.7204,0.2346,38.62,95,92,167943
1.7302,0.2346,38.49,95,92,167946
1.7107,0.2297,38.62,95,92,167949
1.7058,0.2297,38.58,95,92,167952
1.7253,0.2395,38.49,95,92,167956
1.7204,0.2346,38.62,95,92,167959
1.7400,0.2395,38.49,95,92,167962
1.7400,0.2346,38.62,95,92,167966
1.7253,0.2297,38.62,95,92,167969
1.7546,0.2346,38.49,95,92,167972
1.7546,0.2444,38.68,95,92,167976
1.7840,0.2346,38.46,95,92,167980
1.7400,0.2346,38.74,95,92,167983
1.7351,0.2688,38.62,95,92,167986
1.7595,0.2395,38.52,95,92,167990
1.7546,0.2297,38.62,95,92,167993
1.8133,0.2346,38.43,95,92,167996
1.7937,0.2444,38.52,95,92,168000
1.7840,0.2444,38.62,95,92,168003
1.8084,0.2297,38.55,95,92,168006
1.7889,0.2297,38.62,95,92,168010
1.8280,0.2688,38.33,95,92,168013
1.7889,0.2346,38.52,95,92,168016
1.7889,0.2297,38.71,95,92,168020
1.8035,0.2346,38.58,95,92,168024
1.8035,0.2297,38.65,95,92,168027
1.8573,0.2297,38.40,95,92,168030
1.8231,0.2395,38.52,95,92,168034
1.8182,0.2248,38.55,95,92,168037
1.8280,0.2346,38.62,95,92,168040
1.8280,0.2346,38.62,95,92,168044
1.8768,0.2395,38.49,95,92,168047
1.8377,0.2346,38.58,95,92,168050
1.8475,0.2346,38.49,95,92,168054
1.8328,0.2346,38.62,95,92,168057
1.8377,0.2297,38.71,95,92,168060
1.8768,0.2444,38.46,95,92,168064
1.8377,0.2297,38.62,95,92,168068
1.8671,0.2444,38.49,95,92,168071
1.8573,0.2346,38.62,95,92,168074
1.8622,0.2444,38.65,95,92,168078
1.8719,0.2346,38.49,95,92,168081
1.8426,0.2297,38.65,95,92,168084
1.8475,0.2395,38.43,95,92,168088
1.8084,0.2346,38.58,95,92,168091
1.7986,0.2297,38.62,95,92,168094
1.8133,0.2395,38.55,95,92,168098
1.8035,0.2346,38.65,95,92,168101
1.8475,0.2395,38.43,95,92,168104
1.8133,0.2199,38.68,95,92,168108
1.8133,0.2297,38.62,95,92,168112
1.8182,0.2395,38.58,95,92,168115
1.7889,0.2199,38.62,95,92,168118
1.8231,0.2395,38.36,95,92,168122
1.8133,0.2444,38.52,95,92,168125
1.7742,0.2248,38.62,95,92,168128
1.7840,0.2346,38.58,95,92,168132
1.7693,0.2346,38.68,95,92,168135
1.8182,0.2297,38.43,95,92,168138
1.7889,0.2542,38.55,95,92,168142
1.7840,0.2297,38.52,95,92,168145
1.7693,0.2297,38.62,95,92,168148
1.7546,0.2444,38.62,95,92,168152
1.7742,0.2444,38.46,95,92,168156
1.7595,0.2297,38.58,95,92,168159
1.7889,0.2346,38.49,95,92,168162
1.7595,0.2346,38.62,95,92,168166
1.7498,0.2248,38.62,95,92,168169
1.7644,0.2297,38.55,95,92,168172
1.7546,0.2346,38.43,95,92,168176
1.7742,0.2395,38.49,95,92,168179
1.7546,0.2297,38.71,95,92,168182
1.7595,0.2297,38.62,95,92,168186
1.7840,0.2395,38.46,95,92,168189
1.7546,0.2297,38.55,95,92,168193
1.7937,0.2444,38.40,95,92,168196
1.7840,0.2346,38.49,95,92,168200
1.7889,0.2297,38.65,95,92,168203
1.8084,0.2346,38.46,95,92,168206
1.7986,0.2346,38.62,95,92,168210
1.8377,0.2395,38.36,95,92,168213
1.8084,0.2346,38.55,95,92,168216
1.8035,0.2297,38.65,95,92,168220
1.8035,0.2346,38.62,95,92,168223
1.7840,0.2639,38.58,95,92,168226
1.8377,0.2542,38.33,95,92,168229
1.7937,0.2297,38.52,95,92,168233
1.8133,0.2639,38.55,95,92,168237
1.8377,0.2346,38.62,95,92,168240
1.8328,0.2297,38.62,95,92,168244
1.8866,0.2493,38.43,95,92,168247
1.8524,0.2346,38.55,95,92,168250
1.8622,0.2297,38.58,95,92,168254
1.8719,0.2297,38.58,95,92,168257
1.8964,0.2297,38.84,95,92,168260
1.9501,0.2395,38.43,95,92,168264
1.9990,0.2297,38.52,95,92,168268
1.9599,0.2297,38.62,95,92,168272
1.9501,0.2346,38.40,95,92,168275
1.9062,0.2346,38.55,95,92,168279
1.8817,0.2346,38.58,95,92,168282
1.8964,0.2395,38.52,95,92,168286
1.8817,0.2346,38.62,95,92,168289
1.9110,0.2395,38.40,95,92,168292
1.8524,0.2346,38.58,95,92,168296
1.8475,0.2102,38.65,95,92,168299
1.8426,0.2297,38.71,95,92,168302
1.8231,0.2346,38.65,95,92,168306
1.8573,0.2493,38.46,95,92,168309
1.8133,0.2346,38.49,95,92,168312
1.7937,0.2248,38.58,95,92,168316
1.8133,0.2346,38.62,95,92,168320
1.7595,0.2297,38.62,95,92,168323
1.7986,0.2395,38.43,95,92,168326
1.7840,0.2346,38.55,95,92,168330
1.7840,0.2346,38.52,95,92,168333
1.7791,0.2297,38.81,95,92,168336
1.7840,0.2542,38.62,95,92,168340
1.8133,0.2395,38.49,95,92,168343
1.7791,0.2297,38.62,95,92,168346
1.7986,0.2346,38.49,95,92,168350
1.7889,0.2297,38.68,95,92,168353
1.8133,0.2248,38.62,95,92,168356
1.8377,0.2346,38.55,95,92,168360
1.8328,0.2493,38.52,95,92,168364
1.8768,0.2346,38.46,95,92,168367
1.9013,0.2297,38.62,95,92,168370
2.0088,0.2297,38.58,95,92,168374
2.1848,0.2444,38.52,95,92,168377
2.3363,0.2297,38.62,95,92,168380
2.5758,0.2493,38.40,95,92,168384
2.7859,0.2346,38.52,95,92,168387
3.0205,0.2297,38.55,95,92,168390
3.2698,0.2444,38.55,95,92,168394
3.3480,0.2346,38.62,95,92,168397
3.3871,0.2395,38.36,95,92,168400
3.0938,0.2346,38.55,95,92,168404
2.7517,0.2102,38.65,95,92,168408
2.4389,0.2346,38.58,95,92,168411
2.1310,0.2297,38.68,95,92,168414
1.9257,0.2493,38.33,95,92,168418
1.6813,0.2346,38.55,95,92,168421
1.5347,0.2248,38.55,95,92,168424
1.4565,0.2346,38.65,95,92,168428
1.3930,0.2297,38.52,95,92,168431
1.4027,0.2444,38.52,95,92,168434
1.3685,0.2297,38.58,95,92,168438
1.3685,0.2297,38.46,95,92,168441
1.3685,0.2297,38.68,95,92,168444
1.4027,0.2297,38.62,95,92,168448
1.4663,0.2395,38.40,95,92,168452
1.4516,0.2346,38.65,95,92,168455
1.4809,0.2346,38.55,95,92,168458
1.4663,0.2346,38.62,95,92,168462
1.4907,0.2297,38.65,95,92,168465
1.5396,0.2346,38.46,95,92,168468
1.5445,0.2346,38.62,95,92,168472
1.6031,0.2346,38.46,95,92,168475
1.6080,0.2444,38.55,95,92,168478
1.6227,0.2248,38.62,95,92,168482
1.6178,0.2297,38.52,95,92,168485
1.5836,0.2297,38.68,95,92,168488
1.6031,0.2590,38.40,95,92,168492
1.5836,0.2346,38.62,95,92,168496
1.6227,0.2297,38.65,95,92,168499
1.6764,0.2346,38.55,95,92,168502
1.6764,0.2297,38.71,95,92,168506
1.7204,0.2395,38.30,95,92,168509
1.6960,0.2444,38.52,95,92,168512
1.7009,0.2346,38.62,95,92,168516
1.7204,0.2346,38.77,95,92,168519
1.7009,0.2444,38.65,95,92,168522
1.7546,0.2395,38.36,95,92,168525
1.7351,0.2346,38.49,95,92,168529
1.7204,0.2444,38.55,95,92,168532
1.7155,0.2297,38.62,95,92,168536
1.7058,0.2297,38.46,95,92,168540
1.7742,0.2395,38.46,95,92,168543
1.7498,0.2346,38.65,95,92,168546
1.7644,0.2639,38.49,95,92,168550
1.7693,0.2346,38.62,95,92,168553
1.7595,0.2297,38.74,95,92,168556
1.7693,0.2346,38.55,95,92,168560
1.7498,0.2346,38.62,95,92,168563
1.7742,0.2346,38.58,95,92,168566
1.7742,0.2297,38.62,95,92,168569
1.7937,0.2297,38.84,95,92,168573
1.8280,0.2493,38.52,95,92,168577
1.8035,0.2297,38.77,95,92,168580
1.8182,0.2493,38.46,95,92,168584
1.7889,0.2346,38.55,95,92,168587
1.7742,0.2297,38.62,95,92,168590
1.7889,0.2444,38.49,95,92,168594
1.7693,0.2346,38.62,95,92,168597
1.8231,0.2395,38.40,95,92,168600
1.8524,0.2346,38.58,95,92,168604
1.8231,0.2297,38.65,95,92,168607
1.8231,0.2395,38.55,95,92,168610
1.8182,0.2346,38.43,95,92,168613
1.8622,0.2444,38.33,95,92,168617
1.8133,0.2346,38.52,95,92,168621
1.7840,0.2248,38.62,95,92,168624
1.7986,0.2346,38.68,95,92,168628
1.8280,0.2346,38.68,95,92,168631
1.8573,0.2493,38.46,95,92,168634
1.7937,0.2444,38.58,95,92,168638
1.7742,0.2346,38.55,95,92,168641
1.7986,0.2346,38.58,95,92,168644
1.8622,0.2297,38.58,95,92,168648
1.9257,0.2395,38.46,95,92,168651
1.9306,0.2346,38.55,95,92,168654
1.9013,0.2297,38.49,95,92,168657
1.8671,0.2297,38.55,95,92,168662
1.8671,0.2346,38.62,95,92,168665
1.9062,0.2395,38.52,95,92,168668
1.9013,0.2346,38.68,95,92,168672
1.9257,0.2395,38.49,95,92,168675
1.8915,0.2395,38.55,95,92,168678
1.9013,0.2346,38.58,95,92,168682
1.9159,0.2346,38.46,95,92,168685
1.9110,0.2297,38.58,95,92,168688
1.9453,0.2346,38.43,95,92,168692
1.8915,0.2297,38.62,95,92,168695
1.8915,0.2346,38.65,95,92,168698
1.8915,0.2395,38.74,95,92,168701
1.8964,0.2346,38.62,95,92,168706
1.9306,0.2297,38.36,95,92,168709
1.9013,0.2493,38.52,95,92,168712
1.9062,0.2346,38.62,95,92,168716
1.8915,0.2395,38.58,95,92,168719
1.8719,0.2346,38.62,95,92,168722
1.9257,0.2493,38.36,95,92,168726
1.9110,0.2395,38.52,95,92,168729
1.8768,0.2297,38.55,95,92,168732
1.8524,0.2395,38.46,95,92,168736
1.8280,0.2346,38.62,95,92,168739
1.8719,0.2444,38.46,95,92,168742
1.8377,0.2395,38.58,95,92,168745
1.8524,0.2346,38.49,95,92,168750
1.8377,0.2297,38.62,95,92,168753
1.8182,0.2346,38.65,95,92,168756
1.8377,0.2297,38.55,95,92,168760
1.8231,0.2297,38.62,95,92,168763
1.8524,0.2444,38.46,95,92,168766
1.8328,0.2297,38.62,95,92,168770
1.8280,0.2639,38.68,95,92,168773
1.8377,0.2395,38.49,95,92,168776
1.7986,0.2444,38.68,95,92,168780
1.8328,0.2346,38.46,95,92,168783
1.8377,0.2297,38.58,95,92,168786
1.8622,0.2297,38.71,95,92,168790
1.8817,0.2395,38.49,95,92,168794
1.8524,0.2297,38.84,95,92,168797
1.8671,0.2444,38.36,95,92,168800
1.8328,0.2395,38.62,95,92,168804
1.8280,0.2493,38.68,95,92,168807
1.8573,0.2395,38.55,95,92,168810
1.8573,0.2297,38.62,95,92,168814
1.9453,0.2444,38.30,95,92,168817
1.8622,0.2297,38.46,95,92,168820
1.8475,0.2346,38.62,95,92,168824
1.8573,0.2346,38.58,95,92,168827
1.8817,0.2346,38.62,95,92,168830
1.8915,0.2493,38.43,95,92,168835
1.8426,0.2395,38.55,95,92,168838
1.8377,0.2346,38.52,95,92,168841
1.8524,0.2590,38.62,95,92,168844
1.9062,0.2346,38.62,95,92,168848
1.9062,0.2444,38.46,95,92,168851
1.9013,0.2395,38.55,95,92,168854
1.9159,0.2346,38.46,95,92,168858
1.8915,0.2297,38.62,95,92,168861
1.8719,0.2346,38.62,95,92,168864
1.8866,0.2395,38.49,95,92,168868
1.8671,0.2297,38.58,95,92,168871
1.9159,0.2346,38.52,95,92,168875
1.9110,0.2297,38.40,95,92,168879
1.9306,0.2590,38.58,95,92,168883
1.9062,0.2248,38.58,95,92,168886
1.8964,0.2395,38.55,95,92,168890
1.8622,0.2297,38.62,95,92,168893
1.9062,0.2395,38.30,95,92,168896
1.8280,0.2395,38.52,95,92,168900
1.8035,0.2297,38.58,95,92,168903
1.8084,0.2346,38.62,95,92,168906
1.8084,0.2297,38.62,95,92,168910
1.8573,0.2493,38.43,95,92,168913
1.8084,0.2297,38.55,95,92,168916
1.7889,0.2297,38.58,95,92,168921
1.7595,0.2395,38.65,95,92,168924
1.7253,0.2346,38.62,95,92,168927
1.7400,0.2493,38.46,95,92,168930
1.7204,0.2297,38.65,95,92,168934
1.7449,0.2346,38.49,95,92,168937
1.7302,0.2395,38.62,95,92,168940
1.7400,0.2346,38.62,95,92,168944
1.7644,0.2395,38.58,95,92,168947
1.7449,0.2346,38.58,95,92,168950
1.7595,0.2395,38.52,95,92,168954
1.7253,0.2346,38.68,95,92,168957
1.7400,0.2297,38.65,95,92,168961
1.7693,0.2395,38.55,95,92,168965
1.7498,0.2346,38.62,95,92,168968
1.7644,0.2297,38.43,95,92,168971
1.7498,0.2297,38.52,95,92,168974
1.7693,0.2248,38.68,95,92,168978
1.8133,0.2444,38.62,95,92,168981
1.8475,0.2248,38.62,95,92,168984
1.9746,0.2395,38.36,95,92,168988
2.0479,0.2346,38.49,95,92,168991
2.1945,0.2297,38.62,95,92,168994
2.4194,0.2346,38.55,95,92,168998
2.6393,0.2297,38.62,95,92,169001
2.9619,0.2542,38.33,95,92,169005
3.1281,0.2346,38.65,95,92,169009
3.2698,0.2248,38.58,95,92,169012
3.2893,0.2346,38.62,95,92,169015
3.0890,0.2297,38.52,95,92,169018
2.8250,0.2493,38.36,95,92,169022
2.4047,0.2444,38.55,95,92,169025
2.0626,0.2346,38.52,95,92,169028
1.7937,0.2346,38.58,95,92,169032
1.6080,0.2297,38.62,95,92,169035
1.5103,0.2297,38.43,95,92,169038
1.3832,0.2248,38.58,95,92,169042
1.3196,0.2444,38.49,95,92,169046
1.2512,0.2346,38.68,95,92,169049
1.2268,0.2297,38.52,95,92,169052
1.2512,0.2395,38.52,95,92,169056
1.2659,0.2346,38.58,95,92,169059
1.3392,0.2395,38.49,95,92,169062
1.3392,0.2346,38.62,95,92,169066
1.3490,0.2297,38.62,95,92,169069
1.3636,0.2346,38.52,95,92,169072
1.3783,0.2297,38.62,95,92,169076
1.4321,0.2346,38.43,95,92,169079
1.4321,0.2297,38.62,95,92,169082
1.4614,0.2297,38.58,95,92,169086
1.5103,0.2346,38.55,95,92,169090
1.4809,0.2297,38.49,95,92,169093
1.5543,0.2395,38.33,95,92,169096
1.5591,0.2346,38.52,95,92,169100
1.5396,0.2297,38.81,95,92,169103
1.5445,0.2444,38.58,95,92,169106
1.5298,0.2297,38.62,95,92,169110
1.5591,0.2493,38.33,95,92,169113
1.5396,0.2346,38.46,95,92,169116
1.5347,0.2248,38.58,95,92,169120
1.5494,0.2346,38.62,95,92,169123
1.5640,0.2346,38.62,95,92,169126
1.6031,0.2444,38.46,95,92,169129
1.5738,0.2395,38.62,95,92,169134
1.5934,0.2346,38.52,95,92,169137
1.5689,0.2346,38.62,95,92,169140
1.5738,0.2346,38.62,95,92,169144
1.6031,0.2297,38.62,95,92,169147
1.5885,0.2297,38.58,95,92,169150
1.6129,0.2248,38.46,95,92,169154
1.5934,0.2346,38.65,95,92,169157
1.6178,0.2346,38.62,95,92,169160
1.6325,0.2444,38.49,95,92,169164
1.5934,0.2346,38.65,95,92,169167
1.6227,0.2346,38.46,95,92,169170
1.5982,0.2297,38.52,95,92,169175
1.6080,0.2248,38.65,95,92,169178
1.6276,0.2395,38.49,95,92,169181
1.6178,0.2346,38.52,95,92,169184
1.6471,0.2444,38.40,95,92,169188
1.6178,0.2297,38.55,95,92,169191
1.6276,0.2297,38.62,95,92,169194
1.6618,0.2395,38.55,95,92,169198
1.6520,0.2297,38.74,95,92,169201
1.6911,0.2639,38.36,95,92,169204
1.6471,0.2297,38.65,95,92,169208
1.6471,0.2248,38.62,95,92,169211
1.6569,0.2297,38.58,95,92,169214
1.6569,0.2248,38.62,95,92,169219
1.7155,0.2542,38.43,95,92,169222
1.6813,0.2395,38.52,95,92,169225
1.6716,0.2346,38.52,95,92,169228
1.6716,0.2346,37.99,95,92,169232
1.6716,0.2248,38.68,95,92,169235
1.7058,0.2297,38.46,95,92,169238
1.7058,0.2346,38.68,95,92,169242
1.6813,0.2346,38.49,95,92,169245
1.6716,0.2297,38.08,95,92,169248
1.6764,0.2297,38.58,95,92,169252
1.7107,0.2395,38.52,95,92,169255
1.7058,0.2297,38.62,95,92,169259
1.7449,0.2395,38.49,95,92,169263
1.7546,0.2346,38.62,95,92,169266
1.7400,0.2297,38.58,95,92,169269
1.7644,0.2493,38.52,95,92,169272
1.7693,0.2346,38.62,95,92,169276
1.8035,0.2346,38.46,95,92,169279
1.7840,0.2346,38.62,95,92,169282
1.7986,0.2297,38.62,95,92,169286
1.8182,0.2395,38.40,95,92,169289
1.8035,0.2346,38.62,95,92,169292
1.8426,0.2346,38.36,95,92,169296
1.8231,0.2395,38.55,95,92,169299
1.8084,0.2346,38.68,95,92,169303
1.8133,0.2297,38.55,95,92,169307
1.8084,0.2346,38.65,95,92,169310
1.8719,0.2444,38.33,95,92,169313
1.8426,0.2297,38.55,95,92,169316
1.8280,0.2248,38.58,95,92,169320
1.8328,0.2346,38.58,95,92,169323
1.8182,0.2297,38.74,95,92,169326
1.8573,0.2444,38.43,95,92,169330
1.8182,0.2346,38.55,95,92,169333
1.8182,0.2297,38.55,95,92,169336
1.8035,0.2297,38.62,95,92,169340
1.7889,0.2346,38.62,95,92,169344
1.8035,0.2395,38.58,95,92,169347
1.7742,0.2346,38.62,95,92,169350
1.7889,0.2346,38.49,95,92,169354
1.7644,0.2297,38.62,95,92,169357
1.7644,0.2297,38.65,95,92,169360
1.8231,0.2395,38.46,95,92,169364
1.7595,0.2346,38.62,95,92,169367
1.7889,0.2346,38.46,95,92,169370
1.7644,0.2248,38.62,95,92,169374
1.7693,0.2297,38.58,95,92,169377
1.7840,0.2297,38.49,95,92,169380
1.7693,0.2346,38.62,95,92,169384
1.7986,0.2346,38.40,95,92,169388
1.7693,0.2346,38.55,95,92,169391
1.7546,0.2297,38.62,95,92,169394
1.7644,0.2444,38.55,95,92,169398
1.7449,0.2346,38.62,95,92,169401
1.7742,0.2444,38.33,95,92,169404
1.7253,0.2346,38.55,95,92,169408
1.7351,0.2297,38.74,95,92,169411
1.7595,0.2444,38.62,95,92,169414
1.7644,0.2297,38.62,95,92,169418
1.8133,0.2590,38.43,95,92,169421
1.7791,0.2297,38.52,95,92,169424
1.7595,0.2297,38.62,95,92,169428
1.7693,0.2346,38.62,95,92,169432
1.7644,0.2297,38.81,95,92,169435
1.8280,0.2346,38.43,95,92,169439
1.7889,0.2346,38.55,95,92,169442
1.7889,0.2346,38.68,95,92,169445
1.7791,0.2346,38.62,95,92,169448
1.7742,0.2297,38.62,95,92,169452
1.8035,0.2395,38.52,95,92,169455
1.8231,0.2346,38.62,95,92,169458
1.8280,0.2395,38.52,95,92,169462
1.8035,0.2297,38.62,95,92,169465
1.8035,0.2346,38.62,95,92,169468
1.8231,0.2346,38.65,95,92,169473
1.8231,0.2346,38.62,95,92,169476
1.8573,0.2297,38.46,95,92,169479
1.8426,0.2297,38.62,95,92,169483
1.8524,0.2395,38.62,95,92,169486
1.8768,0.2395,38.52,95,92,169489
1.9013,0.2346,38.65,95,92,169494
1.8866,0.2639,38.62,95,92,169497
1.9355,0.2297,38.40,95,92,169500
1.8915,0.2444,38.49,95,92,169504
1.8622,0.2346,38.55,95,92,169507
1.8328,0.2297,38.65,95,92,169510
1.8084,0.2297,38.62,95,92,169515
1.8426,0.2297,38.46,95,92,169518
1.8084,0.2346,38.55,95,92,169521
1.8231,0.2346,38.49,95,92,169525
1.8084,0.2297,38.58,95,92,169528
1.7986,0.2346,38.62,95,92,169531
1.8035,0.2395,38.55,95,92,169535
1.7840,0.2346,38.55,95,92,169538
1.7889,0.2444,38.52,95,92,169541
1.7595,0.2297,38.62,95,92,169544
1.7595,0.2248,38.62,95,92,169548
1.7791,0.2395,38.58,95,92,169551
1.7546,0.2346,38.62,95,92,169554
1.7791,0.2346,38.40,95,92,169559
1.7546,0.2297,38.52,95,92,169562
1.7498,0.2395,38.62,95,92,169565
1.7742,0.2444,38.55,95,92,169569
1.7546,0.2395,38.62,95,92,169572
1.7986,0.2395,38.36,95,92,169575
1.7644,0.2297,38.52,95,92,169579
1.7595,0.2248,38.62,95,92,169582
1.7546,0.2346,38.58,95,92,169585
1.7595,0.2297,38.81,95,92,169588
1.8231,0.2493,38.33,95,92,169592
1.8084,0.2346,38.49,95,92,169595
1.8475,0.2639,38.62,95,92,169598
1.8964,0.2346,38.58,95,92,169603
1.9795,0.2297,38.55,95,92,169606
2.1505,0.2444,38.46,95,92,169609
2.2874,0.2395,38.55,95,92,169613
2.4780,0.2297,38.52,95,92,169616
2.6979,0.2346,38.62,95,92,169619
2.9374,0.2297,38.62,95,92,169623
3.2014,0.2444,38.40,95,92,169626
3.2698,0.2346,38.58,95,92,169629
3.2405,0.2297,38.49,95,92,169632
2.9863,0.2297,38.74,95,92,169636
2.6686,0.2297,38.62,95,92,169639
2.3754,0.2395,38.55,95,92,169643
2.0674,0.2297,38.68,95,92,169647
1.8671,0.2444,38.55,95,92,169650
1.6618,0.2346,38.62,95,92,169653
1.5249,0.2297,38.62,95,92,169657
1.4418,0.2346,38.52,95,92,169660
1.3636,0.2297,38.58,95,92,169663
1.3441,0.2346,38.43,95,92,169666
1.3001,0.2297,38.62,95,92,169670
1.3001,0.2297,38.62,95,92,169673
1.3294,0.2444,38.55,95,92,169676
1.3441,0.2297,38.62,95,92,169680
1.4027,0.2395,38.49,95,92,169683
1.4125,0.2395,38.55,95,92,169687
1.4223,0.2297,38.65,95,92,169691
1.4516,0.2395,38.58,95,92,169694
1.4614,0.2297,38.65,95,92,169697
1.5298,0.2493,38.40,95,92,169701
1.5249,0.2395,38.52,95,92,169704
1.5298,0.2297,38.58,95,92,169707
1.5445,0.2346,38.58,95,92,169710
1.5543,0.2346,38.62,95,92,169714
1.6080,0.2493,38.46,95,92,169717
1.5885,0.2346,38.55,95,92,169720
1.6031,0.2346,38.52,95,92,169724
1.5885,0.2346,38.65,95,92,169728
1.5934,0.2346,38.62,95,92,169731
1.6227,0.2395,38.55,95,92,169735
1.6129,0.2346,38.58,95,92,169738
1.6520,0.2346,38.46,95,92,169741
1.6276,0.2297,38.46,95,92,169745
1.6325,0.2688,38.62,95,92,169748
1.6716,0.2444,38.49,95,92,169751
1.6471,0.2590,38.62,95,92,169754
1.6716,0.2346,38.46,95,92,169758
1.6471,0.2297,38.55,95,92,169761
1.6520,0.2297,38.58,95,92,169764
1.6716,0.2395,38.40,95,92,169768
1.6520,0.2346,38.62,95,92,169772
1.6813,0.2346,38.36,95,92,169775
1.6618,0.2346,38.55,95,92,169779
1.6618,0.2297,38.62,95,92,169782
1.6862,0.2395,38.62,95,92,169785
1.6764,0.2395,38.62,95,92,169788
1.7253,0.2297,38.36,95,92,169792
1.6862,0.2346,38.52,95,92,169795
1.6911,0.2297,38.68,95,92,169798
1.6960,0.2346,38.62,95,92,169802
1.6911,0.2346,38.62,95,92,169805
1.7546,0.2493,38.43,95,92,169808
1.7204,0.2346,38.55,95,92,169812
1.7058,0.2297,38.55,95,92,169816
1.7107,0.2395,38.62,95,92,169819
1.7107,0.2346,38.62,95,92,169823
1.7449,0.2444,38.43,95,92,169826
1.7351,0.2346,38.62,95,92,169829
1.7449,0.2346,38.49,95,92,169833
1.7351,0.2297,38.49,95,92,169836
1.7400,0.2297,38.62,95,92,169839
1.7693,0.2395,38.52,95,92,169842
1.7546,0.2493,38.62,95,92,169846
1.7840,0.2444,38.49,95,92,169849
1.7644,0.2297,38.65,95,92,169852
1.7644,0.2297,38.58,95,92,169857
1.8133,0.2346,38.52,95,92,169860
1.7742,0.2346,38.62,95,92,169863
1.8035,0.2346,38.49,95,92,169867
1.7889,0.2346,38.62,95,92,169870
1.7986,0.2297,38.68,95,92,169873
1.8231,0.2395,38.46,95,92,169876
1.8084,0.2297,38.62,95,92,169880
1.8573,0.2395,38.36,95,92,169883
1.8475,0.2444,38.52,95,92,169886
1.8377,0.2297,38.62,95,92,169890
1.8622,0.2395,38.55,95,92,169893
1.8524,0.2297,38.65,95,92,169896
1.9062,0.2444,38.36,95,92,169901
1.8768,0.2346,38.49,95,92,169904
1.8719,0.2248,38.71,95,92,169907
1.8915,0.2346,38.68,95,92,169911
1.8622,0.2297,38.62,95,92,169914
1.9159,0.2493,38.68,95,92,169917
1.8768,0.2395,38.55,95,92,169920
1.8768,0.2346,38.52,95,92,169924
1.8671,0.2346,38.58,95,92,169927
1.8622,0.2346,38.62,95,92,169930
1.8915,0.2444,38.55,95,92,169934
1.8622,0.2395,38.58,95,92,169937
1.9062,0.2346,38.49,95,92,169940
1.8377,0.2297,38.65,95,92,169945
1.8280,0.2346,38.62,95,92,169948
1.8426,0.2444,38.49,95,92,169951
1.8231,0.2346,38.62,95,92,169955
1.7986,0.2346,38.49,95,92,169958
1.7546,0.2297,38.58,95,92,169961
1.7449,0.2395,38.58,95,92,169964
1.7546,0.2395,38.49,95,92,169968
1.7302,0.2297,38.62,95,92,169971
1.7546,0.2346,38.43,95,92,169974
1.7253,0.2297,38.52,95,92,169978
1.7204,0.2297,38.62,95,92,169981
1.7498,0.2444,38.58,95,92,169985
1.7107,0.2297,38.62,95,92,169989
1.7498,0.2395,38.33,95,92,169992
1.6960,0.2297,38.58,95,92,169995
1.7058,0.2297,38.71,95,92,169999
1.7155,0.2395,38.58,95,92,170002
1.7058,0.2346,38.68,95,92,170005
1.7498,0.2493,38.33,95,92,170008
1.7449,0.2395,38.49,95,92,170012
1.7009,0.2297,38.58,95,92,170015
1.7107,0.2444,38.62,95,92,170018
1.7107,0.2346,38.62,95,92,170022
1.7595,0.2395,38.43,95,92,170025
1.7644,0.2346,38.58,95,92,170029
1.7498,0.2297,38.49,95,92,170033
1.7400,0.2346,38.52,95,92,170036
1.7400,0.2493,38.62,95,92,170039
1.7693,0.2395,38.46,95,92,170043
1.7546,0.2346,38.62,95,92,170046
1.7791,0.2248,38.49,95,92,170049
1.7595,0.2297,38.62,95,92,170052
1.7644,0.2542,38.62,95,92,170056
1.7840,0.2297,38.55,95,92,170059
1.7791,0.2297,38.58,95,92,170062
1.8084,0.2395,38.46,95,92,170066
1.7840,0.2297,38.62,95,92,170070
1.7889,0.2297,38.62,95,92,170073
1.8182,0.2444,38.49,95,92,170077
1.7986,0.2297,38.62,95,92,170080
1.8377,0.2346,38.40,95,92,170083
1.8280,0.2346,38.55,95,92,170086
1.8280,0.2346,38.62,95,92,170090
1.8524,0.2346,38.52,95,92,170093
1.8475,0.2297,38.62,95,92,170096
1.9062,0.2395,38.74,95,92,170100
1.9599,0.2590,38.49,95,92,170104
1.9501,0.2444,38.58,95,92,170108
1.9990,0.2346,38.49,95,92,170112
1.9648,0.2297,38.68,95,92,170115
1.9599,0.2248,38.62,95,92,170119
1.9795,0.2297,38.55,95,92,170122
1.9404,0.2346,38.65,95,92,170125
1.9404,0.2346,38.46,95,92,170129
1.8866,0.2297,38.62,95,92,170132
1.8719,0.2297,38.65,95,92,170135
1.8915,0.2395,38.49,95,92,170138
1.8524,0.2297,38.62,95,92,170142
1.8671,0.2346,38.46,95,92,170145
1.8328,0.2297,38.84,95,92,170148
1.8182,0.2346,38.62,95,92,170152
1.8377,0.2444,38.49,95,92,170156
1.8084,0.2346,38.62,95,92,170159
1.8377,0.2346,38.43,95,92,170163
1.8133,0.2395,38.52,95,92,170166
1.8084,0.2248,38.74,95,92,170169
1.8133,0.2297,38.55,95,92,170173
1.7986,0.2297,38.62,95,92,170176
1.8377,0.2639,38.33,95,92,170179
1.7937,0.2297,38.55,95,92,170183
1.7889,0.2444,38.62,95,92,170186
1.8084,0.2346,38.58,95,92,170189
1.7937,0.2297,38.58,95,92,170192
1.8524,0.2542,38.40,95,92,170196
1.8182,0.2297,38.55,95,92,170200
1.8084,0.2297,38.52,95,92,170203
1.8084,0.2346,38.62,95,92,170207
1.8231,0.2297,38.71,95,92,170210
1.8768,0.2444,38.43,95,92,170213
1.8768,0.2346,38.71,95,92,170217
1.9257,0.2346,38.52,95,92,170220
1.9550,0.2346,38.62,95,92,170223
2.0479,0.2297,38.62,95,92,170227
2.1994,0.2297,38.49,95,92,170230
2.3314,0.2395,38.62,95,92,170233
2.5758,0.2395,38.49,95,92,170236
2.7713,0.2395,38.68,95,92,170241
3.0205,0.2346,38.62,95,92,170244
3.2258,0.2346,38.52,95,92,170247
3.2747,0.2297,38.62,95,92,170251
3.2356,0.2346,38.46,95,92,170254
2.9277,0.2297,38.62,95,92,170257
2.6149,0.2346,38.65,95,92,170261
2.3558,0.2395,38.58,95,92,170264
2.0821,0.2346,38.62,95,92,170267
1.9404,0.2395,38.36,95,92,170270
1.7302,0.2346,38.58,95,92,170274
1.5885,0.2542,38.62,95,92,170277
1.5200,0.2395,38.58,95,92,170280
1.4516,0.2297,38.58,95,92,170285
1.4565,0.2346,38.33,95,92,170288
1.4076,0.2346,38.49,95,92,170291
1.3978,0.2248,38.18,95,92,170295
1.4418,0.2346,38.62,95,92,170298
1.4174,0.2346,38.62,95,92,170301
1.4809,0.2493,38.49,95,92,170305
1.4614,0.2395,38.55,95,92,170308
1.4712,0.2297,38.71,95,92,170311
1.4809,0.2346,38.62,95,92,170314
1.5005,0.2297,38.71,95,92,170318
1.5494,0.2395,38.46,95,92,170321
1.5494,0.2346,38.62,95,92,170324
1.5787,0.2346,38.49,95,92,170329
1.5738,0.2346,38.62,95,92,170332
1.5885,0.2346,38.62,95,92,170335
1.6325,0.2444,38.49,95,92,170339
1.6227,0.2297,38.58,95,92,170342
1.6618,0.2346,38.58,95,92,170345
1.6422,0.2444,38.62,95,92,170349
1.6569,0.2102,38.62,95,92,170352
1.6667,0.2395,38.46,95,92,170355
1.6520,0.2346,38.62,95,92,170358
1.6764,0.2346,38.43,95,92,170362
1.6667,0.2346,38.55,95,92,170365
1.6764,0.2346,38.62,95,92,170369
1.7009,0.2395,38.52,95,92,170373
1.6862,0.2493,38.62,95,92,170376
1.7351,0.2395,38.36,95,92,170379
1.7009,0.2346,38.55,95,92,170383
1.7107,0.2297,38.62,95,92,170386
1.7204,0.2346,38.71,95,92,170389
1.7155,0.2346,38.62,95,92,170393
1.7742,0.2493,38.43,95,92,170396
1.7351,0.2297,38.55,95,92,170399
1.7302,0.2248,38.58,95,92,170402
1.7302,0.2346,38.62,95,92,170406
1.7302,0.2199,38.62,95,92,170409
1.7742,0.2395,38.46,95,92,170413
1.7498,0.2346,38.58,95,92,170417
1.7498,0.2346,38.52,95,92,170420
1.7400,0.2297,38.62,95,92,170423
1.7449,0.2297,38.55,95,92,170427
1.7791,0.2395,38.52,95,92,170430
1.7546,0.2346,38.58,95,92,170433
1.7791,0.2346,38.65,95,92,170436
1.7546,0.2346,38.68,95,92,170440
1.7546,0.2297,38.68,95,92,170443
1.7742,0.2395,38.52,95,92,170446
1.7791,0.2346,38.62,95,92,170450
1.8084,0.2346,37.71,95,92,170454
1.7937,0.2346,38.62,95,92,170457
1.7889,0.2297,38.62,95,92,170461
1.8084,0.2688,38.55,95,92,170464
1.7937,0.2346,38.62,95,92,170467
1.8280,0.2346,38.40,95,92,170471
1.8084,0.2395,38.52,95,92,170474
1.8133,0.2346,38.62,95,92,170477
1.8133,0.2395,38.52,95,92,170480
1.7986,0.2346,38.68,95,92,170484
1.8817,0.2395,38.33,95,92,170487
1.8084,0.2297,38.52,95,92,170490
1.8035,0.2395,38.62,95,92,170494
1.8231,0.2346,38.62,95,92,170498
1.8231,0.2297,38.62,95,92,170501
1.9013,0.2542,38.43,95,92,170505
1.8573,0.2395,38.49,95,92,170508
1.8622,0.2346,38.52,95,92,170511
1.8671,0.2297,38.62,95,92,170515
1.8719,0.2590,38.65,95,92,170518
1.9159,0.2395,38.49,95,92,170521
1.8964,0.2346,38.58,95,92,170524
1.9110,0.2297,37.77,95,92,170528
1.8964,0.2346,38.62,95,92,170531
1.9110,0.2297,38.62,95,92,170534
1.9501,0.2444,38.43,95,92,170539
1.9208,0.2297,38.58,95,92,170542
1.9355,0.2395,38.49,95,92,170545
1.9013,0.2297,38.65,95,92,170549
1.8964,0.2199,38.62,95,92,170552
1.9159,0.2346,38.46,95,92,170555
1.8915,0.2346,38.62,95,92,170559
1.9159,0.2346,38.46,95,92,170562
1.8768,0.2297,38.58,95,92,170565
1.8671,0.2542,38.65,95,92,170568
1.8768,0.2297,38.52,95,92,170572
1.8475,0.2297,38.62,95,92,170575
1.8768,0.2395,38.36,95,92,170578
1.8377,0.2248,38.74,95,92,170583
1.8671,0.2199,38.62,95,92,170586
1.8671,0.2395,37.96,95,92,170589
1.8622,0.2346,38.62,95,92,170593
1.9159,0.2444,38.40,95,92,170596
1.8866,0.2444,38.49,95,92,170599
1.8671,0.2248,38.62,95,92,170603
1.8719,0.2346,38.65,95,92,170606
1.8671,0.2297,38.62,95,92,170609
1.9208,0.2444,38.43,95,92,170612
1.8866,0.2444,38.55,95,92,170616
1.8768,0.2346,38.52,95,92,170619
1.8671,0.2297,38.68,95,92,170622
1.8573,0.2248,38.62,95,92,170627
1.8866,0.2395,38.55,95,92,170630
1.8622,0.2639,38.58,95,92,170633
1.8817,0.2346,38.49,95,92,170637
1.8524,0.2297,38.55,95,92,170640
1.8817,0.2102,38.62,95,92,170643
1.8671,0.2346,38.52,95,92,170647
1.8524,0.2297,38.58,95,92,170650
1.8817,0.2395,38.55,95,92,170653
1.8475,0.2297,38.62,95,92,170656
1.8573,0.2297,38.62,95,92,170660
1.8915,0.2395,38.55,95,92,170663
1.9062,0.2346,38.62,95,92,170667
1.9159,0.2297,38.43,95,92,170671
1.8866,0.2346,38.46,95,92,170674
1.8817,0.2297,38.62,95,92,170677
1.9062,0.2395,38.71,95,92,170681
1.8964,0.2346,38.62,95,92,170684
1.9550,0.2395,38.33,95,92,170687
1.9159,0.2395,38.52,95,92,170691
1.9110,0.2297,38.62,95,92,170694
1.9110,0.2297,38.77,95,92,170697
1.9013,0.2590,38.62,95,92,170700
1.9550,0.2542,38.43,95,92,170704
1.9110,0.2297,38.62,95,92,170707
1.9062,0.2248,38.55,95,92,170711
1.9110,0.2297,38.58,95,92,170715
1.9648,0.2346,38.62,95,92,170719
1.9795,0.2297,38.71,95,92,170723
2.0283,0.2444,38.46,95,92,170726
1.9941,0.2346,38.77,95,92,170729
2.0235,0.2444,38.46,95,92,170733
1.9844,0.2297,38.55,95,92,170736
1.9746,0.2297,38.58,95,92,170739
1.9697,0.2297,38.52,95,92,170743
1.9110,0.2297,38.81,95,92,170746
1.9159,0.2297,38.40,95,92,170749
1.8768,0.2297,38.55,95,92,170754
1.8573,0.2297,38.58,95,92,170757
1.8768,0.2444,38.55,95,92,170760
1.8475,0.2297,38.62,95,92,170763
1.8768,0.2395,37.90,95,92,170767
1.8280,0.2346,38.55,95,92,170770
1.8035,0.2346,38.62,95,92,170773
1.7986,0.2346,38.58,95,92,170777
1.7742,0.2297,38.62,95,92,170780
1.8133,0.2639,38.36,95,92,170783
1.7693,0.2395,38.62,95,92,170787
1.7498,0.2297,38.55,95,92,170790
1.7498,0.2346,38.62,95,92,170793
1.7546,0.2297,38.68,95,92,170798
1.7937,0.2639,38.43,95,92,170801
1.7742,0.2346,38.58,95,92,170804
1.7791,0.2297,38.46,95,92,170807
1.7595,0.2346,38.62,95,92,170811
1.7742,0.2346,38.62,95,92,170814
1.8035,0.2395,38.49,95,92,170817
1.7791,0.2346,38.62,95,92,170821
1.8084,0.2395,38.55,95,92,170824
1.7889,0.2346,38.62,95,92,170827
1.8182,0.2297,38.62,95,92,170831
1.8671,0.2639,38.52,95,92,170834
1.9159,0.2346,38.58,95,92,170838
2.0039,0.2297,38.43,95,92,170842
2.0723,0.2346,38.65,95,92,170845
2.2190,0.2297,38.65,95,92,170848
2.4242,0.2395,38.71,95,92,170851
2.6295,0.2346,38.62,95,92,170855
2.9374,0.2346,38.36,95,92,170858
3.1476,0.2346,38.52,95,92,170861
3.2893,0.2297,38.62,95,92,170865
3.3431,0.2346,38.58,95,92,170868
3.1769,0.2297,38.62,95,92,170871
2.9765,0.2395,38.33,95,92,170875
2.6100,0.2395,38.49,95,92,170878
2.2727,0.2102,38.58,95,92,170882
2.0332,0.2297,38.58,95,92,170885
1.8231,0.2297,38.58,95,92,170889
1.7107,0.2493,38.43,95,92,170892
1.5543,0.2297,38.58,95,92,170895
1.4712,0.2493,38.58,95,92,170899
1.4272,0.2346,38.62,95,92,170902
1.4027,0.2297,38.58,95,92,170905
1.4174,0.2444,38.52,95,92,170909
1.3930,0.2346,38.58,95,92,170912
1.4223,0.2297,38.46,95,92,170915
1.4272,0.2297,38.62,95,92,170919
1.4418,0.2297,38.65,95,92,170923
1.4858,0.2493,38.49,95,92,170926
1.4809,0.2297,38.62,95,92,170929
1.5298,0.2395,38.49,95,92,170933
1.5200,0.2297,38.55,95,92,170936
1.5445,0.2297,38.62,95,92,170939
1.5738,0.2737,38.55,95,92,170943
1.5787,0.2346,38.62,95,92,170946
1.6178,0.2346,38.36,95,92,170949
1.6129,0.2346,38.52,95,92,170953
1.6325,0.2297,38.62,95,92,170956
1.6618,0.2493,38.52,95,92,170959
1.6520,0.2346,38.62,95,92,170963
1.6862,0.2395,38.36,95,92,170967
1.6716,0.2297,38.55,95,92,170970
1.6520,0.2297,38.62,95,92,170973
1.6569,0.2346,38.62,95,92,170977
1.6520,0.2297,38.62,95,92,170980
1.7009,0.2493,38.33,95,92,170983
1.6716,0.2297,38.52,95,92,170987
1.6716,0.2248,38.62,95,92,170990
1.7058,0.2395,38.68,95,92,170993
1.6911,0.2297,38.62,95,92,170997
1.7449,0.2395,38.43,95,92,171000
1.7302,0.2346,38.58,95,92,171003
1.7253,0.2346,38.52,95,92,171008
1.7009,0.2297,38.62,95,92,171011
1.7009,0.2346,38.58,95,92,171014
1.7302,0.2395,38.49,95,92,171017
1.7155,0.2297,38.55,95,92,171021
1.7498,0.2346,38.46,95,92,171024
1.7351,0.2297,38.62,95,92,171027
1.7644,0.2297,38.62,95,92,171031
1.7449,0.2297,38.55,95,92,171034
1.7253,0.2346,38.62,95,92,171037
1.7498,0.2346,38.43,95,92,171041
1.7204,0.2297,38.58,95,92,171044
1.7351,0.2297,38.58,95,92,171047
1.7546,0.2346,38.58,95,92,171052
1.7400,0.2346,38.62,95,92,171055
1.7791,0.2346,38.43,95,92,171058
1.7546,0.2346,38.90,95,92,171061
1.7498,0.2542,38.62,95,92,171065
1.7693,0.2346,37.80,95,92,171068
1.7546,0.2542,38.62,95,92,171071
1.8231,0.2444,38.30,95,92,171075
1.7644,0.2297,38.46,95,92,171078
1.7595,0.2542,38.62,95,92,171081
1.7693,0.2297,38.62,95,92,171085
1.7693,0.2297,38.62,95,92,171088
1.8377,0.2493,38.40,95,92,171091
1.8035,0.2346,38.55,95,92,171096
1.8035,0.2493,38.52,95,92,171099
1.7986,0.2297,38.62,95,92,171102
1.7986,0.2395,38.65,95,92,171105
1.8377,0.2395,38.52,95,92,171109
1.8182,0.2297,38.62,95,92,171112
1.8426,0.2297,38.49,95,92,171115
1.8377,0.2297,38.62,95,92,171119
1.8524,0.2395,38.58,95,92,171122
1.8964,0.2395,38.52,95,92,171125
1.8426,0.2297,38.58,95,92,171129
1.8671,0.2639,38.55,95,92,171132
1.8426,0.2346,38.55,95,92,171136
1.8573,0.2297,38.65,95,92,171140
1.8915,0.2346,38.52,95,92,171143
1.8915,0.2297,38.58,95,92,171146
1.9306,0.2297,38.40,95,92,171149
1.9013,0.2297,38.55,95,92,171153
1.8866,0.2297,38.77,95,92,171156
1.9062,0.2444,38.55,95,92,171159
1.8964,0.2297,38.62,95,92,171163
1.9453,0.2395,38.40,95,92,171166
1.8915,0.2297,38.58,95,92,171169
1.8768,0.2297,38.71,95,92,171173
1.8719,0.2395,38.58,95,92,171176
1.8622,0.2297,38.65,95,92,171180
1.9208,0.2542,38.36,95,92,171184
1.8866,0.2346,38.55,95,92,171187
1.8671,0.2248,38.58,95,92,171190
1.8915,0.2346,38.58,95,92,171193
1.8524,0.2346,38.62,95,92,171197
1.8866,0.2590,38.43,95,92,171200
1.8475,0.2346,38.58,95,92,171203
1.8377,0.2297,38.52,95,92,171207
1.8231,0.2395,38.62,95,92,171210
1.8231,0.2297,38.62,95,92,171213
1.8524,0.2444,38.52,95,92,171217
1.8328,0.2346,38.62,95,92,171220
1.8426,0.2297,38.49,95,92,171224
1.8182,0.2542,38.65,95,92,171228
1.8231,0.2297,38.62,95,92,171231
1.8280,0.2493,38.52,95,92,171234
1.8182,0.2346,38.68,95,92,171237
1.8231,0.2346,38.49,95,92,171241
1.7840,0.2639,38.62,95,92,171244
1.7937,0.2297,38.65,95,92,171247
1.8231,0.2297,38.49,95,92,171251
1.8280,0.2199,38.58,95,92,171254
1.8426,0.2346,38.40,95,92,171257
1.8280,0.2297,38.62,95,92,171261
1.8280,0.2297,38.65,95,92,171265
1.8475,0.2395,38.55,95,92,171268
1.8182,0.2297,38.62,95,92,171272
1.8768,0.2395,38.36,95,92,171275
1.8133,0.2297,38.52,95,92,171278
1.8182,0.2346,38.62,95,92,171281
1.8426,0.2297,38.58,95,92,171285
1.8475,0.2297,37.99,95,92,171288
1.8964,0.2639,38.40,95,92,171291
1.8524,0.2346,38.58,95,92,171295
1.8573,0.2248,38.58,95,92,171298
1.8671,0.2346,38.62,95,92,171301
1.8426,0.2297,38.65,95,92,171305
1.8719,0.2444,38.55,95,92,171309
1.8377,0.2297,38.58,95,92,171312
1.8573,0.2395,38.46,95,92,171316
1.8475,0.2346,38.62,95,92,171319
1.8475,0.2297,38.55,95,92,171322
1.8768,0.2542,38.49,95,92,171325
1.9110,0.2688,38.49,95,92,171329
1.9257,0.2297,38.62,95,92,171332
1.9501,0.2297,38.40,95,92,171336
1.9404,0.2688,38.58,95,92,171339
1.9453,0.2346,38.62,95,92,171342
1.9697,0.2346,38.58,95,92,171346
1.9697,0.2297,38.77,95,92,171350
2.0332,0.2346,38.36,95,92,171353
1.9599,0.2297,38.58,95,92,171357
1.9110,0.2297,38.62,95,92,171360
1.8866,0.2346,38.58,95,92,171363
1.8573,0.2297,38.62,95,92,171367
1.8964,0.2493,38.40,95,92,171370
1.8280,0.2297,38.55,95,92,171373
1.7937,0.2297,38.52,95,92,171376
1.7693,0.2297,38.62,95,92,171380
1.7546,0.2346,38.58,95,92,171383
1.7937,0.2444,38.43,95,92,171386
1.7595,0.2346,38.55,95,92,171390
1.7693,0.2395,38.55,95,92,171394
1.7449,0.2346,38.62,95,92,171397
1.7351,0.2297,38.58,95,92,171401
1.7693,0.2395,38.49,95,92,171404
1.7546,0.2297,38.62,95,92,171407
1.7742,0.2395,38.52,95,92,171411
1.7644,0.2346,38.62,95,92,171414
1.7302,0.2297,38.62,95,92,171417
1.7449,0.2297,38.49,95,92,171420
1.7449,0.2297,38.62,95,92,171424
1.7791,0.2346,38.46,95,92,171427
1.8084,0.2346,38.58,95,92,171430
1.7791,0.2297,38.62,95,92,171435
1.7937,0.2395,38.52,95,92,171438
1.7742,0.2346,38.62,95,92,171441
1.8231,0.2297,38.40,95,92,171445
1.8524,0.2395,38.49,95,92,171448
1.9062,0.2199,38.62,95,92,171451
1.9990,0.2346,38.55,95,92,171454
2.1114,0.2297,38.58,95,92,171458
2.3754,0.2395,38.30,95,92,171461
2.5709,0.2297,38.46,95,92,171464
2.8152,0.2248,38.68,95,92,171468
3.0645,0.2346,38.58,95,92,171471
3.2454,0.2297,38.65,95,92,171474
3.4311,0.2590,38.43,95,92,171479
3.3089,0.2346,38.55,95,92,171482
3.0596,0.2346,38.55,95,92,171485
2.7126,0.2297,38.62,95,92,171489
2.3754,0.2297,38.65,95,92,171492
2.1163,0.2395,38.77,95,92,171495
1.8426,0.2395,38.62,95,92,171498
1.6667,0.2297,38.49,95,92,171502
1.5054,0.2639,38.62,95,92,171505
1.4223,0.2297,38.62,95,92,171508
1.4027,0.2444,38.43,95,92,171512
1.3587,0.2346,38.58,95,92,171515
1.3685,0.2395,38.55,95,92,171518
1.3587,0.2151,38.62,95,92,171523
1.3783,0.2297,38.65,95,92,171526
1.4076,0.2444,38.49,95,92,171529
1.4076,0.2199,38.58,95,92,171533
1.4565,0.2346,38.43,95,92,171536
1.4761,0.2297,37.83,95,92,171539
1.5054,0.2297,38.62,95,92,171542
1.5494,0.2395,38.55,95,92,171546
1.5543,0.2297,38.65,95,92,171549
1.5982,0.2444,38.36,95,92,171552
1.5640,0.2248,38.52,95,92,171556
1.5738,0.2346,38.62,95,92,171559
1.5934,0.2346,38.58,95,92,171563
1.5982,0.2639,38.62,95,92,171567
1.6618,0.2444,38.36,95,92,171570
1.6373,0.2346,38.43,95,92,171573
1.6276,0.2297,38.58,95,92,171577
1.6422,0.2297,38.68,95,92,171580
1.6618,0.2199,38.58,95,92,171583
1.7498,0.2395,38.40,95,92,171586
1.6960,0.2346,38.52,95,92,171590
1.6911,0.2297,38.52,95,92,171593
1.7155,0.2297,38.58,95,92,171596
1.6911,0.2297,38.62,95,92,171600
1.7204,0.2493,38.46,95,92,171603
1.7204,0.2199,38.58,95,92,171607
1.7449,0.2346,38.49,95,92,171611
1.7155,0.2297,38.71,95,92,171614
1.7546,0.2199,38.62,95,92,171617
1.7498,0.2346,38.52,95,92,171620
1.7400,0.2297,38.77,95,92,171624
1.7742,0.2493,38.49,95,92,171627
1.7400,0.2297,38.77,95,92,171630
1.7253,0.2297,38.58,95,92,171634
1.7400,0.2395,38.52,95,92,171637
1.7155,0.2297,38.65,95,92,171640
1.7546,0.2248,38.46,95,92,171644
1.7351,0.2346,38.52,95,92,171648
1.7204,0.2297,38.52,95,92,171651
1.7791,0.2444,38.55,95,92,171655
1.7302,0.2297,38.68,95,92,171658
1.7986,0.2346,38.33,95,92,171661
1.7889,0.2346,38.52,95,92,171664
1.7889,0.2297,38.65,95,92,171668
1.7889,0.2346,38.58,95,92,171671
1.7742,0.2297,38.65,95,92,171674
1.8182,0.2493,38.36,95,92,171678
1.7840,0.2297,38.58,95,92,171681
1.7889,0.2248,38.55,95,92,171684
1.7937,0.2346,38.62,95,92,171688
1.7889,0.2297,38.65,95,92,171692
1.8328,0.2688,38.46,95,92,171695
1.8133,0.2346,38.62,95,92,171699
1.8182,0.2297,38.55,95,92,171702
1.8133,0.2297,38.62,95,92,171705
1.8182,0.2297,37.87,95,92,171708
1.8622,0.2395,38.43,95,92,171712
1.8377,0.2297,38.58,95,92,171715
1.8573,0.2346,38.46,95,92,171718
1.8377,0.2102,38.62,95,92,171722
1.8377,0.2297,38.62,95,92,171725
1.8622,0.2346,38.49,95,92,171728
1.8524,0.2297,38.62,95,92,171732
1.8866,0.2297,38.87,95,92,171736
1.8817,0.2346,38.58,95,92,171739
1.9013,0.2297,38.62,95,92,171743
1.9404,0.2297,38.52,95,92,171746
1.9257,0.2395,38.62,95,92,171749
1.9599,0.2346,38.40,95,92,171752
1.9257,0.2248,38.58,95,92,171756
1.9355,0.2248,38.62,95,92,171759
1.9550,0.2297,38.58,95,92,171762
1.9257,0.2248,38.65,95,92,171766
1.9648,0.2395,38.33,95,92,171769
1.9110,0.2346,38.58,95,92,171772
1.8964,0.2248,38.62,95,92,171777
1.9062,0.2297,38.65,95,92,171780
1.8964,0.2297,38.65,95,92,171783
1.9795,0.2493,38.43,95,92,171787
1.9013,0.2395,38.71,95,92,171790
1.8866,0.2395,38.52,95,92,171793
1.8768,0.2297,38.65,95,92,171796
1.8671,0.2297,38.65,95,92,171800
1.8964,0.2395,38.52,95,92,171803
1.8671,0.2395,38.58,95,92,171806
1.8622,0.2346,38.49,95,92,171810
1.8328,0.2346,38.62,95,92,171813
1.8084,0.2297,38.62,95,92,171816
1.8084,0.2346,38.55,95,92,171821
1.7937,0.2297,38.62,95,92,171824
1.8133,0.2395,38.52,95,92,171827
1.7791,0.2346,38.62,95,92,171831
1.7791,0.2297,38.65,95,92,171834
1.7937,0.2395,38.49,95,92,171837
1.7693,0.2297,38.68,95,92,171840
1.7937,0.2346,38.40,95,92,171844
1.7791,0.2346,38.52,95,92,171847
1.7791,0.2297,38.65,95,92,171850
1.7986,0.2395,38.55,95,92,171854
1.7742,0.2297,38.71,95,92,171857
1.8133,0.2395,38.33,95,92,171860
1.7791,0.2297,38.55,95,92,171865
1.7693,0.2297,38.62,95,92,171868
1.7791,0.2346,38.58,95,92,171871
1.7742,0.2297,38.62,95,92,171875
1.8328,0.2542,38.36,95,92,171878
1.7937,0.2297,38.62,95,92,171881
1.7937,0.2590,38.58,95,92,171884
1.7986,0.2346,38.62,95,92,171888
1.7937,0.2297,38.65,95,92,171891
1.8524,0.2395,38.49,95,92,171894
1.7986,0.2297,38.58,95,92,171898
1.8084,0.2297,38.52,95,92,171901
1.8084,0.2346,38.62,95,92,171905
1.8084,0.2297,38.65,95,92,171909
1.8231,0.2346,38.49,95,92,171912
1.7986,0.2297,38.62,95,92,171915
1.8133,0.2297,38.58,95,92,171919
1.7889,0.2297,38.62,95,92,171922
1.7986,0.2297,38.62,95,92,171925
1.8280,0.2297,38.46,95,92,171928
1.8182,0.2346,38.62,95,92,171932
1.8524,0.2297,38.46,95,92,171935
1.8328,0.2346,38.36,96,92,171938
1.8377,0.2248,38.52,96,92,171942
1.8671,0.2297,38.68,96,92,171945
1.9013,0.2297,38.58,96,92,171950
1.9257,0.2297,38.68,96,92,171953
1.9990,0.2493,38.36,96,92,171956
1.9648,0.2346,38.77,96,92,171960
1.9404,0.2444,38.55,96,92,171963
1.9306,0.2297,38.58,96,92,171966
1.9062,0.2542,38.68,96,92,171970
1.9355,0.2297,38.43,96,92,171973
1.8866,0.2639,38.55,96,92,171976
1.8671,0.2346,38.49,96,92,171979
1.8426,0.2297,38.58,96,92,171983
1.8328,0.2248,38.62,96,92,171986
1.8475,0.2346,38.46,96,92,171990
1.8084,0.2297,38.55,96,92,171994
1.8084,0.2346,38.49,96,92,171997
1.7693,0.2346,38.62,96,92,172000
1.7546,0.2297,38.65,96,92,172004
1.7937,0.2346,38.55,96,92,172007
1.7595,0.2297,38.62,96,92,172010
1.7840,0.2297,38.52,96,92,172014
1.7595,0.2297,38.62,96,92,172017
1.7546,0.2297,38.71,96,92,172020
1.7644,0.2346,38.55,96,92,172023
1.7351,0.2297,38.71,96,92,172027
1.7693,0.2542,38.36,96,92,172030
1.7498,0.2346,38.52,96,92,172034
1.7449,0.2297,38.71,96,92,172038
1.7595,0.2297,38.58,96,92,172041
1.7449,0.2297,38.81,96,92,172044
1.7937,0.2346,38.30,96,92,172048
1.7644,0.2297,38.49,96,92,172051
1.7742,0.2248,38.74,96,92,172054
1.7986,0.2395,38.58,96,92,172058
1.8328,0.2297,38.65,96,92,172061
1.9355,0.2493,38.40,96,92,172064
1.9648,0.2346,38.55,96,92,172067
2.0674,0.2248,38.52,96,92,172071
2.2043,0.2297,38.62,96,92,172075
2.4145,0.2346,38.65,96,92,172078
2.6588,0.2395,37.77,96,92,172082
2.8837,0.2297,38.55,96,92,172085
3.1427,0.2395,38.52,96,92,172088
3.2747,0.2297,38.65,96,92,172092
3.2796,0.2297,38.58,96,92,172095
3.1623,0.2444,38.49,96,92,172098
2.8055,0.2346,38.62,96,92,172102
2.5024,0.2444,38.55,96,92,172105
2.1652,0.2248,38.58,96,92,172108
1.9110,0.2297,38.58,96,92,172111
1.7204,0.2297,38.49,96,92,172115
1.5494,0.2297,38.65,96,92,172119
1.4516,0.2346,38.46,96,92,172122
1.3587,0.2297,38.58,96,92,172126
1.3196,0.2297,38.62,96,92,172129
1.3441,0.2395,38.55,96,92,172132
1.3001,0.2297,38.58,96,92,172136
1.3441,0.2395,38.40,96,92,172139
1.3392,0.2248,38.58,96,92,172142
1.3734,0.2297,38.62,96,92,172146
1.4076,0.2346,38.58,96,92,172149
1.4174,0.2297,38.55,96,92,172152
1.4761,0.2395,38.33,96,92,172155
1.4614,0.2346,38.55,96,92,172160
1.4712,0.2248,38.55,96,92,172163
1.4956,0.2346,38.58,96,92,172166
1.5103,0.2297,38.62,96,92,172170
1.5934,0.2346,38.43,96,92,172173
1.5396,0.2346,38.71,96,92,172176
1.5396,0.2248,38.49,96,92,172180
1.5347,0.2297,38.62,96,92,172183
1.5445,0.2297,38.65,96,92,172186
1.5836,0.2395,38.46,96,92,172190
1.5689,0.2297,38.58,96,92,172193
1.5885,0.2297,38.46,96,92,172196
1.5689,0.2346,38.68,96,92,172199
1.5738,0.2297,38.84,96,92,172204
1.5934,0.2346,38.52,96,92,172207
1.5982,0.2297,38.58,96,92,172210
1.6325,0.2297,38.49,96,92,172214
1.6178,0.2346,38.62,96,92,172217
1.6276,0.2297,38.02,96,92,172220
1.6520,0.2395,38.55,96,92,172224
1.6422,0.2297,38.58,96,92,172227
1.6813,0.2395,38.40,96,92,172230
1.6716,0.2346,38.52,96,92,172234
1.6569,0.2297,38.62,96,92,172237
1.6764,0.2297,38.58,96,92,172240
1.6618,0.2297,38.65,96,92,172243
1.7107,0.2395,38.30,96,92,172248
1.6813,0.2346,38.49,96,92,172251
1.6764,0.2248,38.62,96,92,172254
1.6764,0.2444,38.65,96,92,172258
1.6618,0.2297,38.62,96,92,172261
1.7155,0.2493,38.49,96,92,172264
1.6911,0.2297,38.55,96,92,172268
1.6960,0.2248,38.52,96,92,172271
1.6960,0.2248,38.62,96,92,172274
1.6960,0.2297,38.65,96,92,172278
1.7253,0.2395,38.46,96,92,172281
1.7107,0.2346,38.58,96,92,172284
1.7204,0.2297,38.49,96,92,172288
1.7107,0.2590,38.62,96,92,172292
1.7204,0.2199,38.65,96,92,172295
1.7595,0.2297,38.46,96,92,172298
1.7351,0.2590,38.58,96,92,172302
1.7791,0.2395,38.49,96,92,172305
1.7449,0.2248,38.62,96,92,172308
1.7498,0.2297,38.62,96,92,172312
1.7742,0.2346,38.62,96,92,172315
1.7546,0.2444,38.62,96,92,172318
1.8182,0.2346,38.43,96,92,172322
1.7742,0.2297,38.52,96,92,172325
1.7889,0.2297,38.62,96,92,172328
1.8133,0.2297,38.52,96,92,172332
1.8035,0.2297,38.71,96,92,172336
1.8524,0.2395,38.36,96,92,172339
1.8182,0.2248,38.55,96,92,172342
1.8328,0.2248,38.62,96,92,172346
1.8573,0.2395,38.62,96,92,172349
1.8524,0.2297,38.62,96,92,172352
1.9159,0.2444,38.33,96,92,172356
1.8866,0.2346,38.49,96,92,172359
1.8719,0.2542,38.58,96,92,172362
1.8768,0.2297,38.71,96,92,172366
1.8719,0.2346,38.65,96,92,172369
1.9208,0.2395,38.46,96,92,172372
1.8964,0.2346,38.58,96,92,172376
1.8866,0.2346,38.52,96,92,172380
1.8768,0.2297,38.62,96,92,172383
1.8719,0.2297,38.65,96,92,172386
1.9013,0.2395,38.49,96,92,172390
1.8768,0.2297,38.65,96,92,172393
1.8915,0.2346,38.46,96,92,172396
1.8622,0.2297,38.65,96,92,172400
1.8622,0.2444,38.68,96,92,172403
1.8768,0.2297,38.52,96,92,172406
1.8719,0.2346,38.65,96,92,172410
1.8915,0.2248,38.46,96,92,172413
1.8573,0.2297,38.58,96,92,172417
1.8573,0.2248,38.62,96,92,172421
1.8768,0.2297,38.49,96,92,172424
1.8524,0.2346,38.62,96,92,172427
1.8866,0.2346,38.40,96,92,172430
1.8573,0.2297,38.49,96,92,172434
1.8377,0.2297,38.58,96,92,172437
1.8524,0.2297,38.55,96,92,172440
1.8280,0.2297,38.71,96,92,172444
1.8768,0.2297,38.30,96,92,172447
1.8426,0.2297,38.52,96,92,172450
1.8328,0.2297,38.62,96,92,172454
1.8671,0.2346,38.62,96,92,172457
1.8182,0.2297,38.81,96,92,172461
1.8622,0.2639,38.40,96,92,172464
1.8133,0.2346,38.58,96,92,172468
1.7986,0.2248,38.52,96,92,172471
1.7937,0.2199,38.58,96,92,172474
1.7889,0.2297,38.68,96,92,172478
1.8231,0.2395,38.49,96,92,172481
1.7937,0.2297,38.62,96,92,172484
1.8035,0.2444,38.46,96,92,172488
1.7889,0.2297,38.62,96,92,172491
1.7889,0.2297,38.62,96,92,172494
1.8280,0.2395,38.46,96,92,172498
1.8035,0.2542,38.62,96,92,172502
1.8280,0.2395,38.49,96,92,172505
1.8035,0.2248,38.62,96,92,172509
1.8084,0.2297,38.55,96,92,172512
1.8377,0.2346,38.49,96,92,172515
1.8133,0.2297,38.65,96,92,172518
1.8475,0.2346,38.43,96,92,172522
1.8231,0.2297,38.55,96,92,172525
1.8280,0.2297,38.58,96,92,172528
1.8475,0.2737,38.68,96,92,172532
1.8328,0.2297,38.62,96,92,172535
1.8768,0.2395,38.58,96,92,172538
1.8377,0.2248,38.58,96,92,172542
1.8426,0.2297,38.77,96,92,172546
1.8866,0.2346,38.55,96,92,172549
1.8964,0.2199,38.62,96,92,172553
1.8915,0.2297,38.65,96,92,172556
1.9355,0.2395,38.43,96,92,172560
1.9208,0.2346,38.55,96,92,172563
1.9453,0.2297,38.49,96,92,172566
1.9404,0.2199,38.62,96,92,172569
1.9550,0.2297,38.62,96,92,172573
2.0039,0.2395,38.46,96,92,172576
1.9795,0.2395,38.58,96,92,172579
1.9941,0.2346,38.55,96,92,172583
1.9453,0.2297,38.68,96,92,172587
1.9257,0.2248,38.68,96,92,172590
1.9110,0.2346,38.55,96,92,172594
1.8768,0.2297,38.52,96,92,172597
1.8768,0.2395,38.43,96,92,172600
1.8377,0.2297,38.65,96,92,172604
1.8328,0.2248,38.62,96,92,172607
1.8524,0.2395,38.58,96,92,172610
1.8231,0.2248,38.62,96,92,172613
1.8622,0.2395,38.36,96,92,172617
1.8231,0.2346,38.49,96,92,172620
1.7840,0.2297,38.62,96,92,172623
1.7840,0.2395,38.58,96,92,172627
1.7595,0.2346,38.62,96,92,172631
1.8133,0.2493,38.40,96,92,172634
1.7840,0.2346,38.49,96,92,172638
1.7840,0.2248,38.55,96,92,172641
1.7889,0.2297,38.52,96,92,172644
1.7840,0.2248,38.62,96,92,172648
1.8280,0.2395,38.43,96,92,172651
1.8084,0.2297,38.55,96,92,172654
1.8133,0.2346,38.52,96,92,172657
1.7986,0.2297,38.62,96,92,172661
1.7986,0.2444,38.58,96,92,172664
1.8231,0.2297,38.55,96,92,172667
1.8084,0.2297,38.62,96,92,172672
1.8475,0.2346,38.46,96,92,172675
1.8426,0.2297,38.77,96,92,172678
1.8719,0.2297,38.68,96,92,172682
1.9599,0.2395,38.49,96,92,172685
1.9941,0.2590,38.62,96,92,172688
2.1359,0.2346,38.46,96,92,172692
2.2434,0.2346,38.55,96,92,172695
2.4194,0.2297,38.65,96,92,172698
2.6686,0.2346,38.49,96,92,172701
2.8690,0.2297,38.58,96,92,172705
3.1476,0.2297,38.40,96,92,172708
3.2600,0.2297,38.55,96,92,172711
3.2454,0.2297,38.81,96,92,172716
3.0987,0.2346,38.55,96,92,172719
2.8201,0.2102,38.62,96,92,172722
2.5464,0.2395,38.36,96,92,172726
2.2141,0.2346,38.62,96,92,172729
1.9697,0.2248,38.65,96,92,172732
1.7889,0.2297,38.58,96,92,172736
1.6325,0.2297,38.68,96,92,172739
1.5640,0.2493,38.43,96,92,172742
1.4809,0.2346,38.58,96,92,172745
1.4027,0.2248,38.55,96,92,172749
1.3734,0.2248,38.58,96,92,172752
1.3587,0.2297,38.62,96,92,172755
1.3930,0.2395,38.43,96,92,172760
1.3832,0.2297,38.58,96,92,172763
1.4076,0.2297,38.49,96,92,172766
1.4027,0.2297,38.58,96,92,172770
1.4272,0.2248,38.65,96,92,172773
1.4761,0.2395,38.49,96,92,172776
1.4809,0.2346,38.62,96,92,172780
1.5249,0.2395,38.49,96,92,172783
1.5200,0.2297,38.02,96,92,172786
1.5396,0.2297,38.62,96,92,172789
1.5640,0.2297,38.58,96,92,172793
1.5689,0.2297,38.62,96,92,172796
1.5982,0.2297,38.43,96,92,172800
1.5885,0.2297,38.62,96,92,172804
1.5982,0.2297,38.62,96,92,172807
1.6276,0.2346,38.55,96,92,172810
1.6276,0.2297,38.52,96,92,172814
1.6764,0.2395,38.36,96,92,172817
1.6667,0.2346,38.52,96,92,172820
1.6618,0.2297,38.62,96,92,172824
1.6764,0.2297,38.55,96,92,172827
1.6716,0.2297,38.71,96,92,172830
1.7253,0.2444,38.30,96,92,172833
1.7058,0.2297,38.40,96,92,172837
1.7009,0.2248,38.58,96,92,172840
1.7058,0.2346,38.62,96,92,172844
1.7058,0.2297,38.62,96,92,172848
1.7595,0.2444,38.46,96,92,172851
1.7400,0.2346,38.58,96,92,172854
1.7351,0.2297,38.52,96,92,172858
1.7302,0.2346,38.65,96,92,172861
1.7302,0.2297,38.62,96,92,172864
1.7595,0.2395,38.43,96,92,172867
1.7400,0.2297,38.58,96,92,172871
1.7644,0.2346,38.49,96,92,172874
1.7449,0.2297,38.62,96,92,172877
1.7742,0.2199,38.62,96,92,172881
1.7742,0.2395,38.55,96,92,172884
1.7400,0.2346,38.62,96,92,172888
1.7791,0.2346,38.52,96,92,172892
1.7449,0.2248,38.62,96,92,172895
1.7498,0.2248,38.62,96,92,172898
1.7742,0.2346,38.55,96,92,172902
1.7546,0.2542,38.62,96,92,172905
1.7937,0.2346,38.40,96,92,172908
1.7693,0.2297,38.55,96,92,172911
1.7742,0.2297,38.58,96,92,172915
1.7889,0.2346,38.55,96,92,172918
1.7742,0.2297,38.62,96,92,172921
1.8182,0.2395,38.33,96,92,172925
1.7791,0.2248,38.55,96,92,172929
1.7840,0.2297,38.65,96,92,172932
1.7889,0.2493,38.58,96,92,172936
1.7791,0.2297,38.62,96,92,172939
1.8231,0.2493,38.33,96,92,172942
1.8035,0.2346,38.52,96,92,172946
1.7644,0.2248,38.58,96,92,172949
1.7742,0.2346,38.62,96,92,172952
1.7791,0.2102,38.62,96,92,172955
1.8328,0.2395,38.55,96,92,172959
1.8084,0.2395,38.55,96,92,172962
1.8084,0.2297,38.52,96,92,172965
1.8035,0.2297,38.81,96,92,172969
1.8084,0.2542,38.62,96,92,172973
1.8426,0.2297,38.46,96,92,172976
1.8280,0.2346,38.62,96,92,172980
1.8622,0.2444,38.46,96,92,172983
1.8280,0.2297,38.52,96,92,172986
1.8719,0.2297,38.62,96,92,172990
1.8475,0.2297,38.55,96,92,172993
1.8426,0.2297,38.65,96,92,172996
1.8671,0.2346,38.49,96,92,172999
1.8377,0.2297,38.62,96,92,173003
1.8377,0.2248,38.62,96,92,173006
1.8671,0.2297,38.52,96,92,173009
1.8475,0.2444,38.62,96,92,173014
1.9062,0.2346,38.40,96,92,173017
1.8622,0.2346,38.49,96,92,173020
1.8426,0.2297,38.24,96,92,173024
1.8622,0.2297,38.55,96,92,173027
1.8280,0.2297,38.68,96,92,173030
1.8768,0.2444,38.36,96,92,173033
1.8426,0.2297,38.52,96,92,173037
1.8377,0.2297,37.90,96,92,173040
1.8426,0.2346,38.58,96,92,173043
1.8328,0.2297,38.62,96,92,173047
1.8866,0.2493,38.46,96,92,173050
1.8475,0.2346,38.55,96,92,173053
1.8475,0.2248,38.55,96,92,173058
1.8426,0.2395,38.58,96,92,173061
1.8377,0.2297,38.62,96,92,173064
1.8622,0.2444,38.46,96,92,173068
1.8426,0.2346,38.55,96,92,173071
1.8377,0.2297,38.55,96,92,173074
1.8133,0.2346,38.62,96,92,173078
1.8084,0.2297,38.62,96,92,173081
1.8377,0.2395,38.40,96,92,173084
1.8035,0.2346,38.58,96,92,173087
1.8280,0.2395,38.49,96,92,173091
1.8035,0.2395,38.62,96,92,173094
1.8133,0.2102,38.62,96,92,173097
1.8280,0.2346,38.49,96,92,173102
1.8328,0.2395,38.58,96,92,173105
1.8377,0.2297,38.46,96,92,173108
1.8182,0.2346,38.55,96,92,173112
1.8231,0.2297,38.65,96,92,173115
1.8524,0.2395,38.52,96,92,173118
1.8524,0.2248,38.62,96,92,173121
1.8768,0.2346,38.40,96,92,173125
1.8377,0.2199,38.58,96,92,173128
1.8622,0.2297,38.62,96,92,173131
1.8671,0.2346,38.46,96,92,173135
1.8573,0.2297,38.62,96,92,173138
1.9062,0.2444,38.40,96,92,173142
1.8671,0.2346,38.62,96,92,173146
1.8524,0.2248,38.58,96,92,173149
1.8524,0.2297,38.62,96,92,173152
1.8524,0.2297,38.62,96,92,173156
1.9110,0.2444,38.46,96,92,173159
1.9110,0.2493,38.52,96,92,173163
1.8915,0.2346,38.68,96,92,173166
1.9257,0.2395,38.49,96,92,173169
1.8915,0.2297,38.65,96,92,173173
1.8964,0.2297,38.62,96,92,173176
1.9110,0.2346,38.55,96,92,173179
1.9062,0.2297,38.65,96,92,173182
1.9355,0.2346,38.43,96,92,173187
1.9110,0.2297,38.77,96,92,173190
1.9257,0.2346,38.62,96,92,173193
1.9599,0.2395,38.55,96,92,173197
1.9501,0.2297,38.58,96,92,173200
1.9892,0.2346,38.33,96,92,173203
1.9599,0.2346,38.52,96,92,173207
1.9208,0.2248,38.65,96,92,173210
1.9062,0.2346,38.58,96,92,173213
1.8622,0.2297,38.65,96,92,173217
1.8817,0.2493,38.33,96,92,173220
1.8280,0.2297,38.55,96,92,173223
1.7986,0.2542,38.52,96,92,173227
1.7889,0.2346,38.62,96,92,173231
1.7693,0.2297,38.65,96,92,173234
1.8035,0.2444,38.43,96,92,173237
1.7595,0.2346,38.55,96,92,173241
1.7546,0.2297,38.52,96,92,173244
1.7351,0.2346,38.65,96,92,173247
1.7253,0.2297,38.62,96,92,173251
1.7449,0.2444,38.52,96,92,173254
1.7302,0.2346,38.58,96,92,173257
1.7595,0.2297,38.46,96,92,173261
1.7498,0.2346,38.71,96,92,173264
1.7546,0.2297,38.65,96,92,173267
1.7889,0.2590,38.49,96,92,173271
1.7644,0.2297,38.62,96,92,173275
1.7937,0.2297,38.49,96,92,173278
1.7644,0.2346,38.55,96,92,173281
1.7644,0.2102,38.65,96,92,173285
1.7840,0.2346,37.71,96,92,173288
1.7595,0.2395,38.62,96,92,173291
1.7791,0.2346,38.40,96,92,173295
1.7742,0.2297,38.52,96,92,173298
1.7840,0.2542,38.62,96,92,173301
1.8377,0.2395,38.55,96,92,173304
1.8671,0.2297,38.55,96,92,173308
1.9795,0.2590,38.36,96,92,173312
2.0283,0.2297,38.84,96,92,173315
2.1750,0.2297,38.65,96,92,173319
2.3607,0.2346,38.58,96,92,173322
2.5660,0.2297,38.65,96,92,173325
2.8739,0.2542,38.36,96,92,173329
3.0499,0.2346,38.52,96,92,173332
3.1818,0.2248,38.68,96,92,173335
3.2014,0.2346,38.58,96,92,173339
3.0645,0.2297,38.62,96,92,173342
2.8592,0.2395,38.33,96,92,173345
2.5220,0.2346,38.55,96,92,173348
2.2336,0.2297,38.58,96,92,173352
1.9746,0.2395,38.62,96,92,173356
1.7791,0.2297,38.62,96,92,173359
1.6422,0.2542,38.49,96,92,173363
1.5054,0.2346,38.62,96,92,173366
1.4467,0.2297,38.62,96,92,173369
1.3734,0.2395,38.62,96,92,173373
1.3392,0.2297,38.62,96,92,173376
1.3245,0.2444,38.49,96,92,173379
1.3294,0.2346,38.68,96,92,173383
1.3490,0.2346,38.46,96,92,173386
1.3490,0.2297,38.62,96,92,173389
1.4027,0.2102,38.65,96,92,173392
1.4027,0.2346,38.55,96,92,173396
1.4027,0.2346,38.62,96,92,173400
1.4467,0.2395,38.40,96,92,173403
1.4467,0.2395,38.49,96,92,173407
1.4614,0.2297,38.65,96,92,173410
1.4956,0.2395,38.65,96,92,173413
1.5005,0.2493,38.62,96,92,173417
1.5836,0.2444,38.36,96,92,173420
1.5347,0.2590,38.49,96,92,173423
1.5298,0.2199,38.62,96,92,173427
1.5445,0.2297,38.58,96,92,173430
1.5445,0.2297,38.62,96,92,173433
1.6031,0.2493,38.46,96,92,173436
1.5787,0.2346,38.58,96,92,173441
1.5982,0.2297,38.55,96,92,173444
1.6031,0.2297,38.62,96,92,173447
1.5982,0.2395,38.62,96,92,173451
1.6178,0.2395,38.55,96,92,173454
1.5885,0.2297,38.55,96,92,173457
1.6080,0.2297,38.49,96,92,173461
1.6031,0.2297,38.68,96,92,173464
1.6178,0.2493,38.68,96,92,173467
1.6520,0.2444,38.49,96,92,173471
1.6373,0.2297,38.58,96,92,173474
1.6911,0.2395,38.49,96,92,173477
1.6764,0.2248,38.58,96,92,173480
1.6960,0.2297,38.55,96,92,173485
1.7253,0.2297,38.49,96,92,173488
1.7107,0.2297,38.65,96,92,173491
1.7351,0.2346,38.40,96,92,173495
1.7155,0.2346,38.58,96,92,173498
1.7155,0.2297,38.65,96,92,173501
1.7449,0.2590,38.55,96,92,173505
1.7644,0.2199,38.62,96,92,173508
1.7791,0.2395,38.40,96,92,173511
1.7693,0.2248,38.58,96,92,173515
1.7595,0.2346,38.62,96,92,173518
1.7742,0.2297,38.58,96,92,173521
1.7644,0.2297,38.62,96,92,173524
1.8084,0.2493,38.36,96,92,173529
1.7644,0.2346,38.58,96,92,173532
1.7595,0.2248,38.55,96,92,173535
1.7644,0.2346,38.62,96,92,173539
1.7840,0.2297,38.65,96,92,173542
1.8475,0.2395,38.43,96,92,173545
1.8280,0.2297,38.55,96,92,173549
1.8280,0.2297,38.55,96,92,173552
1.8084,0.2248,38.68,96,92,173555
1.8035,0.2102,38.62,96,92,173559
1.8280,0.2297,38.46,96,92,173562
1.7937,0.2346,38.58,96,92,173565
1.8084,0.2297,38.46,96,92,173569
1.7742,0.2346,38.62,96,92,173573
1.7840,0.2346,38.62,96,92,173576
1.8035,0.2297,38.55,96,92,173579
1.8084,0.2297,38.58,96,92,173583
1.8524,0.2346,38.46,96,92,173586
1.8328,0.2346,38.62,96,92,173589
1.8475,0.2297,38.62,96,92,173593
1.8671,0.2395,38.49,96,92,173596
1.8524,0.2297,38.62,96,92,173599
1.8964,0.2346,38.40,96,92,173603
1.8915,0.2297,38.52,96,92,173606
1.8915,0.2297,38.71,96,92,173609
1.9257,0.2395,38.55,96,92,173613
1.9159,0.2297,38.84,96,92,173617
1.9648,0.2444,38.33,96,92,173620
1.9208,0.2346,38.49,96,92,173623
1.8915,0.2542,38.65,96,92,173627
1.9208,0.2346,38.58,96,92,173630
1.8768,0.2297,38.62,96,92,173633
1.9404,0.2493,38.33,96,92,173637
1.9062,0.2346,38.55,96,92,173640
1.8964,0.2297,37.90,96,92,173643
1.8866,0.2493,38.62,96,92,173646
1.8768,0.2297,38.62,96,92,173650
1.9013,0.2444,38.52,96,92,173654
1.8915,0.2346,38.62,96,92,173657
1.8866,0.2297,38.52,96,92,173661
1.8719,0.2346,38.62,96,92,173664
1.8768,0.2297,38.65,96,92,173667
1.9062,0.2395,38.43,96,92,173671
1.8768,0.2297,38.62,96,92,173674
1.8964,0.2395,38.46,96,92,173677
1.8622,0.2248,38.58,96,92,173681
1.8573,0.2297,38.65,96,92,173684
1.8768,0.2346,38.46,96,92,173687
1.8573,0.2346,38.65,96,92,173691
1.8768,0.2297,38.46,96,92,173694
1.8426,0.2737,38.55,96,92,173698
1.8377,0.2346,38.65,96,92,173701
1.8475,0.2395,38.52,96,92,173705
1.8231,0.2395,38.62,96,92,173708
1.8622,0.2395,38.40,96,92,173711
1.8084,0.2248,38.62,96,92,173715
1.8280,0.2297,38.62,96,92,173718
1.8426,0.2346,38.55,96,92,173721
1.8231,0.2346,38.62,96,92,173725
1.8671,0.2444,38.30,96,92,173728
1.8231,0.2444,38.55,96,92,173731
1.8084,0.2248,38.58,96,92,173735
1.8182,0.2395,38.62,96,92,173739
1.8231,0.2297,38.62,96,92,173742
1.8719,0.2395,38.55,96,92,173745
1.8377,0.2395,38.55,96,92,173749
1.8280,0.2346,38.55,96,92,173752
1.8133,0.2688,38.58,96,92,173755
1.8182,0.2102,38.62,96,92,173759
1.8475,0.2297,38.52,96,92,173762
1.8426,0.2493,38.58,96,92,173765
1.8866,0.2346,38.49,96,92,173769
1.8573,0.2297,38.62,95,92,173772
1.8622,0.2297,38.62,95,92,173776
1.8719,0.2346,38.62,95,92,173779
1.8817,0.2297,38.55,95,92,173783
1.8573,0.2248,38.58,95,92,173787
1.9062,0.2395,38.36,95,92,173790
1.8964,0.2346,38.52,95,92,173793
1.8915,0.2297,38.62,95,92,173796
1.9110,0.2346,38.62,95,92,173800
1.9062,0.2297,38.58,95,92,173803
1.9746,0.2395,38.43,95,92,173806
1.9501,0.2346,38.52,95,92,173810
1.9550,0.2346,38.58,95,92,173813
1.9746,0.2346,38.62,95,92,173816
1.9795,0.2297,38.65,95,92,173820
2.0332,0.2444,38.49,95,92,173824
1.9941,0.2444,38.55,95,92,173827
1.9697,0.2297,38.52,95,92,173831
1.9013,0.2346,38.68,95,92,173834
1.8475,0.2297,38.55,95,92,173837
1.8475,0.2444,38.52,95,92,173840
1.8133,0.2346,38.62,95,92,173844
1.8084,0.2346,38.46,95,92,173847
1.8084,0.2346,38.58,95,92,173850
1.7742,0.2346,38.62,95,92,173854
1.7986,0.2395,38.46,95,92,173857
1.7595,0.2346,38.62,95,92,173860
1.7693,0.2346,38.81,95,92,173864
1.7253,0.2297,38.55,95,92,173868
1.7204,0.2297,38.62,95,92,173871
1.7449,0.2346,38.49,95,92,173875
1.7253,0.2297,38.62,95,92,173878
1.7595,0.2346,38.58,95,92,173881
1.7253,0.2346,38.58,95,92,173884
1.7253,0.2297,38.62,95,92,173888
1.7595,0.2395,38.77,95,92,173891
1.7400,0.2346,38.62,95,92,173894
1.7791,0.2395,38.36,95,92,173898
1.7400,0.2346,38.55,95,92,173901
1.7351,0.2102,38.62,95,92,173904
1.7449,0.2346,38.65,95,92,173908
1.7693,0.2346,38.65,95,92,173912
1.8280,0.2493,38.46,95,92,173915
1.8084,0.2395,38.62,95,92,173919
1.8475,0.2346,38.55,95,92,173922
1.8817,0.2297,38.62,95,92,173925
1.9599,0.2395,38.62,95,92,173928
2.1212,0.2395,38.49,95,92,173932
2.2532,0.2444,38.55,95,92,173935
2.4829,0.2346,38.52,95,92,173938
2.7077,0.2297,38.71,95,92,173942
2.9668,0.2297,38.62,95,92,173945
3.2356,0.2395,38.52,95,92,173948
3.2991,0.2297,38.71,95,92,173953
3.2649,0.2395,38.52,95,92,173956
2.9814,0.2346,38.62,95,92,173959
2.6588,0.2297,38.62,95,92,173963
2.3607,0.2199,38.52,95,92,173966
2.0723,0.2346,38.62,95,92,173969
1.8573,0.2297,38.55,95,92,173972
1.6373,0.2346,38.62,95,92,173976
1.4712,0.2297,38.62,95,92,173979
1.3685,0.2639,38.55,95,92,173982
1.2952,0.2297,38.62,95,92,173986
1.3050,0.2395,38.40,95,92,173989
1.2805,0.2395,38.52,95,92,173992
1.2757,0.2297,38.62,95,92,173997
1.3294,0.2346,38.55,95,92,174000
1.3734,0.2346,38.62,95,92,174003
1.4467,0.2395,38.40,95,92,174007
1.4418,0.2346,38.49,95,92,174010
1.4321,0.2248,38.62,95,92,174013
1.4418,0.2346,38.55,95,92,174016
1.4516,0.2297,38.58,95,92,174020
1.5152,0.2493,38.46,95,92,174023
1.5249,0.2346,38.62,95,92,174026
1.5591,0.2297,38.49,95,92,174030
1.5591,0.2297,38.49,95,92,174033
1.5640,0.2346,38.65,95,92,174036
1.5982,0.2395,38.55,95,92,174041
1.5934,0.2297,38.62,95,92,174044
1.6471,0.2346,38.49,95,92,174047
1.5982,0.2297,38.71,95,92,174051
1.5934,0.2297,38.62,95,92,174054
1.6129,0.2395,38.49,95,92,174057
1.5885,0.2346,38.62,95,92,174060
1.6227,0.2346,38.46,95,92,174064
1.6031,0.2297,38.55,95,92,174067
1.6178,0.2297,38.62,95,92,174070
1.6471,0.2346,38.52,95,92,174074
1.6276,0.2688,38.62,95,92,174077
1.6520,0.2297,38.40,95,92,174081
1.6276,0.2297,38.52,95,92,174085
1.6373,0.2590,38.58,95,92,174088
1.6813,0.2395,38.55,95,92,174091
1.6667,0.2297,38.62,95,92,174095
1.6960,0.2346,38.36,95,92,174098
1.6569,0.2297,38.52,95,92,174101
1.6667,0.2297,38.65,95,92,174104
1.6911,0.2346,38.62,95,92,174108
1.6569,0.2297,38.62,95,92,174111
1.7058,0.2493,38.36,95,92,174114
1.6862,0.2297,38.65,95,92,174118
1.7058,0.2248,38.49,95,92,174121
1.7204,0.2346,38.62,95,92,174125
1.7155,0.2346,38.62,95,92,174129
1.7449,0.2444,38.40,95,92,174132
1.7302,0.2346,38.58,95,92,174135
1.7498,0.2297,38.52,95,92,174139
1.7449,0.2395,38.68,95,92,174142
1.7498,0.2297,38.62,95,92,174145
1.7840,0.2395,38.49,95,92,174148
1.7595,0.2346,38.68,95,92,174152
1.7742,0.2346,38.46,95,92,174155
1.7302,0.2297,38.74,95,92,174158
1.7351,0.2297,38.62,95,92,174162
1.7449,0.2297,38.55,95,92,174166
1.7400,0.2639,38.62,95,92,174169
1.8084,0.2346,38.46,95,92,174173
1.7546,0.2297,38.62,95,92,174176
1.7644,0.2346,38.58,95,92,174179
1.7840,0.2395,38.62,95,92,174183
1.7693,0.2346,38.62,95,92,174186
1.8035,0.2346,38.36,95,92,174189
1.7840,0.2395,38.49,95,92,174192
1.7840,0.2346,38.65,95,92,174196
1.8182,0.2395,38.55,95,92,174199
1.8231,0.2248,38.58,95,92,174202
1.8964,0.2395,38.30,95,92,174206
1.8671,0.2297,38.77,95,92,174210
1.8573,0.2248,38.68,95,92,174213
1.8622,0.2297,38.58,95,92,174217
1.8671,0.2297,38.65,95,92,174220
1.9257,0.2786,38.40,95,92,174223
1.8915,0.2297,38.55,95,92,174227
1.9013,0.2297,38.62,95,92,174230
1.9110,0.2346,38.62,95,92,174233
1.8915,0.2297,38.68,95,92,174236
1.9159,0.2346,38.55,95,92,174240
1.8768,0.2346,38.58,95,92,174243
1.8817,0.2297,38.49,95,92,174246
1.8671,0.2346,38.62,95,92,174251
1.8573,0.2297,38.62,95,92,174254
1.8866,0.2395,38.46,95,92,174257
1.8573,0.2346,38.65,95,92,174261
1.8915,0.2639,38.49,95,92,174264
1.8622,0.2248,38.58,95,92,174267
1.8622,0.2297,38.71,95,92,174271
1.8817,0.2346,38.49,95,92,174274
1.8475,0.2346,38.65,95,92,174277
1.8622,0.2346,38.58,95,92,174280
1.8182,0.2297,38.55,95,92,174284
1.8035,0.2297,38.62,95,92,174287
1.8133,0.2444,38.55,95,92,174290
1.8035,0.2297,38.62,95,92,174295
1.8524,0.2395,38.36,95,92,174298
1.8133,0.2297,38.55,95,92,174301
1.8280,0.2297,38.74,95,92,174305
1.8328,0.2346,38.62,95,92,174308
1.8231,0.2297,38.65,95,92,174311
1.8719,0.2542,38.33,95,92,174315
1.8377,0.2297,38.52,95,92,174318
1.8133,0.2248,38.52,95,92,174321
1.8133,0.2297,38.62,95,92,174324
1.8084,0.2297,38.62,95,92,174328
1.8475,0.2444,38.43,95,92,174331
1.8182,0.2346,38.62,95,92,174334
1.8182,0.2346,38.52,95,92,174339
1.8084,0.2346,38.62,95,92,174342
1.7840,0.2297,38.68,95,92,174345
1.8133,0.2395,38.49,95,92,174349
1.8084,0.2346,38.58,95,92,174352
1.8328,0.2297,38.52,95,92,174355
1.8133,0.2297,38.62,95,92,174359
1.8231,0.2346,38.62,95,92,174362
1.8328,0.2395,38.52,95,92,174365
1.8524,0.2346,38.62,95,92,174368
1.8475,0.2346,38.46,95,92,174372
1.8182,0.2346,38.62,95,92,174375
1.8231,0.2297,38.62,95,92,174379
1.8328,0.2395,38.52,95,92,174383
1.8622,0.2346,38.46,95,92,174386
1.8817,0.2346,38.65,95,92,174390
1.9257,0.2493,38.40,95,92,174393
1.9110,0.2395,38.49,95,92,174396
1.8622,0.2297,38.58,95,92,174400
1.8573,0.2297,38.55,95,92,174403
1.8524,0.2248,38.62,95,92,174406
1.8915,0.2395,38.46,95,92,174410
1.8719,0.2297,38.58,95,92,174413
1.8915,0.2346,38.49,95,92,174416
1.8866,0.2297,38.62,95,92,174419
1.9110,0.2199,38.65,95,92,174424
1.9648,0.2395,38.58,95,92,174427
1.9697,0.2297,38.52,95,92,174430
2.0235,0.2346,38.46,95,92,174434
1.9599,0.2297,38.52,95,92,174437
1.9404,0.2542,38.58,95,92,174440
1.9404,0.2395,38.52,95,92,174444
1.8817,0.2444,38.65,95,92,174447
1.9208,0.2346,38.43,95,92,174450
1.8524,0.2297,38.52,95,92,174454
1.8328,0.2297,38.65,95,92,174457
1.8426,0.2395,38.49,95,92,174460
1.8231,0.2297,38.62,95,92,174464
1.8866,0.2395,38.40,95,92,174468
1.8182,0.2297,38.52,95,92,174471
1.7986,0.2297,38.55,95,92,174474
1.8084,0.2346,38.62,95,92,174478
1.7693,0.2297,38.65,95,92,174481
1.8035,0.2395,38.33,95,92,174484
1.7595,0.2346,38.55,95,92,174488
1.7498,0.2248,38.62,95,92,174491
1.7546,0.2590,38.62,95,92,174494
1.7595,0.2346,38.58,95,92,174498
1.8133,0.2493,38.36,95,92,174501
1.7791,0.2395,38.55,95,92,174504
1.7791,0.2297,38.55,95,92,174508
1.7742,0.2346,38.62,95,92,174512
1.7742,0.2297,38.62,95,92,174515
1.7986,0.2395,38.46,95,92,174518
1.7693,0.2346,38.58,95,92,174522
1.7791,0.2346,38.58,95,92,174525
1.7644,0.2395,38.62,95,92,174528
1.7937,0.2102,38.62,95,92,174532
1.8475,0.2395,38.46,95,92,174535
1.8817,0.2395,38.58,95,92,174538
1.9795,0.2395,38.49,95,92,174542
2.0577,0.2297,38.68,95,92,174545
2.2092,0.2297,38.65,95,92,174548
2.4585,0.2346,38.52,95,92,174552
2.6491,0.2297,38.62,95,92,174556
2.9374,0.2346,38.43,95,92,174559
3.1232,0.2346,38.62,95,92,174562
3.2551,0.2297,38.65,95,92,174566
3.2600,0.2444,38.55,95,92,174569
3.0205,0.2297,38.11,95,92,174572
2.7615,0.2639,38.36,95,92,174576
2.3851,0.2346,38.52,95,92,174579
2.0723,0.2297,38.65,95,92,174582
1.8328,0.2444,38.55,95,92,174586
1.6373,0.2297,38.62,95,92,174589
1.5347,0.2444,38.52,95,92,174593
1.4027,0.2346,38.49,95,92,174596
1.3392,0.2248,38.58,95,92,174600
1.3099,0.2688,38.58,95,92,174603
1.2952,0.2297,38.65,95,92,174606
1.3343,0.2493,38.46,95,92,174610
1.3245,0.2444,38.55,95,92,174613
1.3490,0.2346,38.49,95,92,174616
1.3587,0.2297,38.62,95,92,174620
1.3734,0.2346,38.58,95,92,174623
1.4174,0.2395,38.55,95,92,174626
1.4223,0.2542,38.65,95,92,174630
1.4663,0.2346,38.49,95,92,174633
1.4663,0.2590,38.62,95,92,174637
1.4956,0.2248,38.58,95,92,174640
1.5200,0.2395,38.55,95,92,174644
1.5152,0.2346,38.58,95,92,174647
1.5543,0.2297,38.49,95,92,174650
1.5396,0.2493,38.55,95,92,174654
1.5591,0.2297,38.65,95,92,174657
1.5885,0.2297,38.49,95,92,174660
1.5738,0.2346,38.62,95,92,174664
1.6178,0.2346,38.36,95,92,174667
1.6227,0.2346,38.58,95,92,174670
1.6031,0.2297,38.62,95,92,174674
1.6325,0.2346,38.62,95,92,174678
1.6178,0.2346,38.65,95,92,174681
1.6618,0.2395,38.33,95,92,174684
1.6178,0.2346,38.52,95,92,174688
1.6227,0.2346,38.62,95,92,174691
1.6276,0.2346,38.52,95,92,174694
1.6325,0.2297,38.58,95,92,174698
1.6911,0.2493,38.40,95,92,174701
1.6667,0.2346,38.58,95,92,174704
1.6618,0.2102,38.55,95,92,174708
1.6716,0.2346,38.62,95,92,174711
1.7009,0.2102,38.65,95,92,174714
1.7204,0.2395,38.52,95,92,174718
1.7253,0.2346,38.58,95,92,174722
1.7253,0.2346,38.49,95,92,174725
1.7155,0.2297,38.81,95,92,174728
1.7155,0.2297,38.68,95,92,174732
1.7400,0.2444,38.52,95,92,174735
1.7155,0.2297,38.71,95,92,174738
1.7595,0.2444,38.49,95,92,174742
1.7058,0.2297,38.68,95,92,174745
1.7058,0.2248,38.62,95,92,174748
1.7204,0.2346,38.52,95,92,174752
1.7155,0.2297,38.74,95,92,174755
1.7449,0.2493,38.49,95,92,174758
1.7253,0.2297,38.62,95,92,174763
1.7302,0.2297,38.71,95,92,174766
1.7595,0.2346,38.55,95,92,174769
1.7302,0.2297,38.65,95,92,174772
1.7742,0.2688,38.40,95,92,174776
1.7546,0.2346,38.52,95,92,174779
1.7351,0.2297,38.62,95,92,174782
1.7742,0.2346,38.58,95,92,174786
1.7302,0.2297,38.62,95,92,174789
1.7791,0.2444,38.40,95,92,174792
1.7498,0.2346,38.49,95,92,174796
1.7449,0.2248,38.58,95,92,174799
1.7546,0.2590,38.62,95,92,174802
1.7595,0.2346,38.65,95,92,174807
1.8133,0.2493,38.46,95,92,174810
1.7889,0.2346,38.58,95,92,174813
1.8182,0.2346,38.52,95,92,174816
1.7937,0.2297,38.62,95,92,174820
1.8133,0.2346,38.65,95,92,174823
1.8328,0.2395,38.55,95,92,174826
1.8133,0.2297,38.58,95,92,174830
1.8377,0.2395,38.49,95,92,174833
1.8231,0.2297,38.71,95,92,174836
1.8280,0.2639,38.65,95,92,174840
1.8622,0.2297,38.43,95,92,174843
1.8280,0.2297,38.62,95,92,174846
1.8524,0.2395,38.49,95,92,174851
1.8231,0.2297,38.58,95,92,174854
1.8280,0.2493,38.62,95,92,174857
1.8475,0.2297,38.46,95,92,174860
1.8280,0.2297,38.58,95,92,174864
1.8573,0.2346,38.43,95,92,174867
1.8328,0.2297,38.55,95,92,174870
1.8280,0.2297,38.62,95,92,174874
1.8475,0.2395,38.52,95,92,174877
1.8280,0.2297,38.62,95,92,174880
1.8671,0.2395,38.40,95,92,174884
1.8182,0.2297,38.55,95,92,174887
1.8182,0.2297,38.71,95,92,174891
1.8231,0.2346,38.68,95,92,174895
1.7986,0.2297,38.71,95,92,174898
1.8475,0.2444,38.43,95,92,174901
1.8035,0.2297,38.52,95,92,174904
1.7889,0.2248,38.58,95,92,174908
1.7840,0.2346,38.62,95,92,174911
1.7889,0.2346,38.62,95,92,174914
1.8280,0.2444,38.46,95,92,174918
1.7986,0.2297,38.52,95,92,174921
1.7937,0.2346,38.62,95,92,174924
1.7791,0.2395,38.62,95,92,174928
1.7791,0.2297,38.68,95,92,174931
1.8084,0.2493,38.52,95,92,174935
1.8231,0.2346,38.58,95,92,174939
1.8182,0.2297,38.49,95,92,174942
1.7889,0.2297,38.65,95,92,174945
1.7937,0.2199,38.65,95,92,174948
1.7986,0.2297,38.52,95,92,174952
1.7937,0.2297,38.62,95,92,174955
1.8133,0.2346,38.46,95,92,174958
1.7840,0.2297,38.71,95,92,174962
1.7840,0.2395,38.58,95,92,174965
1.8084,0.2395,38.49,95,92,174968
1.7889,0.2297,38.74,95,92,174972
1.8280,0.2395,38.36,95,92,174976
1.8377,0.2346,38.49,95,92,174979
1.7986,0.2297,38.62,95,92,174982
1.8182,0.2346,38.55,95,92,174986
1.8035,0.2346,38.58,95,92,174989
1.8573,0.2395,38.43,95,92,174992
1.8671,0.2395,38.49,95,92,174996
1.8475,0.2688,38.58,95,92,174999
1.8866,0.2346,38.49,95,92,175003
1.8475,0.2346,38.62,95,92,175006
1.8475,0.2346,38.65,95,92,175009
1.8719,0.2395,38.62,95,92,175013
1.8622,0.2346,38.58,95,92,175016
1.9257,0.2346,38.46,95,92,175020
1.8671,0.2297,38.62,95,92,175024
1.8768,0.2346,38.62,95,92,175027
1.9110,0.2395,37.71,95,92,175030
1.8964,0.2346,38.62,95,92,175034
1.9306,0.2346,38.46,95,92,175037
1.9208,0.2297,38.52,95,92,175040
1.9453,0.2346,38.62,95,92,175043
1.9746,0.2395,38.49,95,92,175047
1.9648,0.2346,38.62,95,92,175050
2.0137,0.2346,38.40,95,92,175053
1.9795,0.2346,38.77,95,92,175057
1.9550,0.2248,38.62,95,92,175060
1.9550,0.2297,38.55,95,92,175064
1.9159,0.2297,38.52,95,92,175068
1.9404,0.2444,38.33,95,92,175071
1.8768,0.2297,38.55,95,92,175074
1.8671,0.2248,38.65,95,92,175077
1.8719,0.2346,38.62,95,92,175081
1.8573,0.2297,38.49,95,92,175084
1.9013,0.2444,38.43,95,92,175087
1.8426,0.2395,38.55,95,92,175091
1.8280,0.2297,38.52,95,92,175094
1.8133,0.2297,38.58,95,92,175097
1.7937,0.2297,38.62,95,92,175101
1.8280,0.2346,38.43,95,92,175105
1.7986,0.2297,38.58,95,92,175108
1.8084,0.2346,38.49,95,92,175112
1.7840,0.2395,38.68,95,92,175115
1.7889,0.2297,38.62,95,92,175118
1.8182,0.2395,38.46,95,92,175121
1.7937,0.2346,38.62,95,92,175125
1.8280,0.2395,38.49,95,92,175128
1.8035,0.2297,38.62,95,92,175131
1.8035,0.2297,38.65,95,92,175135
1.8182,0.2346,38.52,95,92,175138
1.8035,0.2346,38.62,95,92,175141
1.8328,0.2297,38.46,95,92,175145
1.8133,0.2248,38.65,95,92,175149
1.8426,0.2102,38.62,95,92,175152
1.8817,0.2395,38.81,95,92,175156
1.9013,0.2297,38.62,95,92,175159
2.0039,0.2395,38.36,95,92,175162
2.0528,0.2346,38.49,95,92,175165
2.1408,0.2346,38.68,95,92,175169
2.3069,0.2346,37.80,95,92,175172
2.4780,0.2297,38.68,95,92,175175
2.7761,0.2395,38.36,95,92,175179
2.9765,0.2346,38.36,95,92,175182
3.1623,0.2248,38.62,95,92,175185
3.2991,0.2346,38.62,95,92,175190
3.2160,0.2297,38.65,95,92,175193
3.0792,0.2590,38.43,95,92,175196
2.7273,0.2395,38.55,95,92,175199
2.4194,0.2346,38.52,95,92,175203
2.1359,0.2297,38.81,95,92,175206
1.9062,0.2346,38.65,95,92,175209
1.7449,0.2395,38.11,95,92,175213
1.5934,0.2199,38.68,95,92,175216
1.5005,0.2346,38.49,95,92,175219
1.4321,0.2297,38.58,95,92,175223
1.4027,0.2199,38.62,95,92,175226
1.3930,0.2395,38.46,95,92,175229
1.3636,0.2346,38.62,95,92,175234
1.3978,0.2346,38.49,95,92,175237
1.3978,0.2297,38.55,95,92,175240
1.4272,0.2346,38.62,95,92,175243
1.4614,0.2346,38.30,95,92,175247
1.4565,0.2493,38.58,95,92,175250
1.5054,0.2444,38.43,95,92,175253
1.4956,0.2297,38.55,95,92,175257
1.5152,0.2444,38.62,95,92,175260
1.5543,0.2297,38.58,95,92,175263
1.5591,0.2297,38.65,95,92,175267
1.6080,0.2395,38.43,95,92,175270
1.5738,0.2297,38.55,95,92,175273
1.5885,0.2297,38.62,95,92,175278
1.6080,0.2346,38.65,95,92,175281
1.6080,0.2297,38.58,95,92,175284
1.6569,0.2493,38.33,95,92,175287
1.6373,0.2346,38.55,95,92,175291
1.6227,0.2248,38.40,95,92,175294
1.6373,0.2346,38.62,95,92,175297
1.6422,0.2297,37.96,95,92,175301
1.6862,0.2444,38.43,95,92,175304
1.6667,0.2444,38.58,95,92,175307
1.6667,0.2346,38.52,95,92,175311
1.6569,0.2346,38.62,95,92,175314
1.6569,0.2297,38.62,95,92,175318
1.6960,0.2395,38.49,95,92,175322
1.6813,0.2346,38.62,95,92,175325
1.7009,0.2395,38.52,95,92,175328
1.6764,0.2248,38.62,95,92,175331
1.6911,0.2297,38.62,95,92,175335
1.7058,0.2297,38.62,95,92,175338
1.7009,0.2346,38.58,95,92,175341
1.7302,0.2346,38.46,95,92,175345
1.7058,0.2346,38.68,95,92,175348
1.7058,0.2346,38.62,95,92,175351
1.7155,0.2395,38.55,95,92,175355
1.7058,0.2297,38.58,95,92,175358
1.7498,0.2395,38.40,95,92,175362
1.7302,0.2346,38.52,95,92,175366
1.7204,0.2346,38.62,95,92,175369
1.7644,0.2444,38.55,95,92,175372
1.7107,0.2346,38.65,95,92,175375
1.7693,0.2395,38.33,95,92,175379
1.7791,0.2346,38.52,95,92,175382
1.7400,0.2248,38.62,95,92,175385
1.7449,0.2346,38.65,95,92,175389
1.7351,0.2590,38.62,95,92,175392
1.7889,0.2444,38.43,95,92,175395
1.7546,0.2346,38.58,95,92,175399
1.7595,0.2346,38.52,95,92,175403
1.7644,0.2297,38.65,95,92,175406
1.7644,0.2248,38.65,95,92,175410
1.7986,0.2297,38.52,95,92,175413
1.7791,0.2297,38.65,95,92,175416
1.7986,0.2346,38.49,95,92,175419
1.7889,0.2297,38.62,95,92,175423
1.7986,0.2346,38.62,95,92,175426
1.8377,0.2444,38.49,95,92,175429
1.8182,0.2248,38.62,95,92,175433
1.8573,0.2346,38.49,95,92,175436
1.8426,0.2248,38.65,95,92,175439
1.8524,0.2297,38.62,95,92,175443
1.8817,0.2395,38.49,95,92,175447
1.8671,0.2688,38.58,95,92,175450
1.8964,0.2346,38.40,95,92,175454
1.8719,0.2346,38.52,95,92,175457
1.8719,0.2297,38.62,95,92,175460
1.8964,0.2444,38.55,95,92,175463
1.8719,0.2297,38.62,95,92,175467
1.9110,0.2395,38.30,95,92,175470
1.8671,0.2346,38.62,95,92,175473
1.8768,0.2297,38.65,95,92,175477
1.8915,0.2346,38.62,95,92,175480
1.8866,0.2297,38.65,95,92,175483
1.9306,0.2493,38.43,95,92,175488
1.8915,0.2346,38.52,95,92,175491
1.8671,0.2248,38.62,95,92,175494
1.8671,0.2297,38.68,95,92,175498
1.8524,0.2395,38.62,95,92,175501
1.8915,0.2444,38.43,95,92,175504
1.8573,0.2542,38.55,95,92,175508
1.8671,0.2346,38.52,95,92,175511
1.8426,0.2297,37.90,95,92,175514
1.8426,0.2248,38.65,95,92,175517
1.8768,0.2395,38.46,95,92,175521
1.8475,0.2297,38.58,95,92,175524
1.8622,0.2395,38.49,95,92,175527
1.8280,0.2297,38.62,95,92,175532
1.8231,0.2346,38.65,95,92,175535
1.8328,0.2297,38.55,95,92,175538
1.8280,0.2297,38.62,95,92,175542
1.8475,0.2493,38.49,95,92,175545
1.8182,0.2297,38.62,95,92,175548
1.8133,0.2297,38.62,95,92,175552
1.8231,0.2395,38.55,95,92,175555
1.7986,0.2297,38.62,95,92,175558
1.8573,0.2395,38.40,95,92,175561
1.8133,0.2297,38.52,95,92,175565
1.7986,0.2346,38.62,95,92,175568
1.8133,0.2395,38.52,95,92,175571
1.7937,0.2297,38.71,95,92,175576
1.8426,0.2346,38.36,95,92,175579
1.8084,0.2346,38.46,95,92,175582
1.7986,0.2346,38.68,95,92,175586
1.7986,0.2297,38.58,95,92,175589
1.7937,0.2297,38.65,95,92,175592
1.8475,0.2590,38.46,95,92,175596
1.8182,0.2346,38.68,95,92,175599
1.8182,0.2346,38.49,95,92,175602
1.8328,0.2346,38.62,96,92,175605
1.8133,0.2346,38.68,96,92,175609
1.8182,0.2297,38.62,96,92,175612
1.8475,0.2444,38.49,96,92,175617
1.8280,0.2346,38.62,96,92,175620
1.8622,0.2346,38.43,96,92,175623
1.8475,0.2346,38.52,96,92,175627
1.8524,0.2346,38.62,96,92,175630
1.8768,0.2444,38.52,96,92,175633
1.8622,0.2297,38.58,96,92,175637
1.9062,0.2395,38.55,96,92,175640
1.8817,0.2346,38.55,96,92,175643
1.8866,0.2297,38.62,96,92,175647
1.9013,0.2346,38.55,96,92,175650
1.9013,0.2248,38.62,96,92,175653
1.9550,0.2297,38.33,96,92,175656
1.9159,0.2248,38.58,96,92,175661
1.9355,0.2248,38.65,96,92,175664
1.9453,0.2297,38.55,96,92,175667
1.9453,0.2102,38.62,96,92,175671
2.0088,0.2493,38.58,96,92,175674
1.9746,0.2346,38.65,96,92,175677
1.9550,0.2346,38.52,96,92,175681
1.9404,0.2297,38.81,96,92,175684
1.9257,0.2346,38.68,96,92,175687
1.9501,0.2395,38.43,96,92,175691
1.8964,0.2346,38.65,96,92,175694
1.8866,0.2444,38.49,96,92,175697
1.8524,0.2297,38.65,96,92,175700
1.8426,0.2297,38.65,96,92,175705
1.8768,0.2395,38.55,96,92,175708
1.8377,0.2297,38.62,96,92,175711
1.8573,0.2395,38.49,96,92,175715
1.8231,0.2346,38.62,96,92,175718
1.7986,0.2297,38.71,96,92,175721
1.7986,0.2639,38.58,96,92,175725
1.7937,0.2346,38.62,96,92,175728
1.8035,0.2297,38.49,96,92,175731
1.7644,0.2346,38.62,96,92,175735
1.7791,0.2297,38.62,96,92,175738
1.7986,0.2444,38.58,96,92,175741
1.7889,0.2297,38.68,96,92,175745
1.8328,0.2395,38.33,96,92,175749
1.8426,0.2346,38.52,96,92,175752
1.7791,0.2297,38.65,96,92,175755
1.7791,0.2346,38.58,96,92,175759
1.7644,0.2297,38.62,96,92,175762
1.7986,0.2493,38.58,96,92,175765
1.7937,0.2346,38.49,96,92,175769
1.7693,0.2248,38.65,96,92,175772
1.7889,0.2297,38.58,96,92,175775
1.8231,0.2346,38.62,96,92,175779
1.9208,0.2444,38.46,96,92,175782
1.9550,0.2346,38.58,96,92,175785
2.0674,0.2346,38.52,96,92,175789
2.1896,0.2297,38.62,96,92,175793
2.3558,0.2395,38.62,96,92,175796
2.6100,0.2395,38.62,96,92,175799
2.8250,0.2297,38.68,96,92,175803
3.0890,0.2346,38.46,96,92,175806
3.2111,0.2346,38.62,96,92,175809
3.2405,0.2297,38.62,96,92,175813
3.1427,0.2493,38.49,96,92,175816
2.8201,0.2297,38.62,96,92,175819
2.5464,0.2297,38.40,96,92,175822
2.2190,0.2346,38.55,96,92,175826
1.9844,0.2297,38.58,96,92,175830
1.7937,0.2444,38.46,96,92,175833
1.6080,0.2297,38.65,96,92,175837
1.5152,0.2346,38.40,96,92,175840
1.4076,0.2395,38.55,96,92,175843
1.3587,0.2297,38.65,96,92,175847
1.3343,0.2346,38.58,96,92,175850
1.3148,0.2346,38.62,96,92,175853
1.3490,0.2395,38.36,96,92,175857
1.3343,0.2395,38.68,96,92,175860
1.3636,0.2297,38.65,96,92,175863
1.3881,0.2346,38.65,96,92,175866
1.4027,0.2297,38.62,96,92,175870
1.4663,0.2493,38.33,96,92,175874
1.4565,0.2444,38.58,96,92,175877
1.4761,0.2297,38.55,96,92,175881
1.5249,0.2346,38.58,96,92,175884
1.5103,0.2297,38.62,96,92,175887
1.5543,0.2395,38.43,96,92,175891
1.5396,0.2346,38.58,96,92,175894
1.5543,0.2346,38.46,96,92,175897
1.5591,0.2346,38.62,96,92,175901
1.5689,0.2297,38.74,96,92,175904
1.6031,0.2444,38.55,96,92,175907
1.5934,0.2297,38.62,96,92,175911
1.6227,0.2395,38.52,96,92,175915
1.5934,0.2346,38.62,96,92,175918
1.5836,0.2297,38.71,96,92,175921
1.5836,0.2346,38.58,96,92,175925
1.5738,0.2346,38.62,96,92,175928
1.6129,0.2346,38.40,96,92,175931
1.6080,0.2346,38.62,96,92,175935
1.6325,0.2297,38.65,96,92,175938
1.6618,0.2444,38.55,96,92,175941
1.6618,0.2297,38.68,96,92,175945
1.7009,0.2444,38.36,96,92,175948
1.6911,0.2346,38.52,96,92,175951
1.6422,0.2297,38.62,96,92,175955
1.6813,0.2444,38.58,96,92,175959
1.6471,0.2297,38.65,96,92,175962
1.7009,0.2493,38.33,96,92,175965
1.7058,0.2346,38.49,96,92,175969
1.6862,0.2248,38.62,96,92,175972
1.7009,0.2346,38.62,96,92,175975
1.7058,0.2248,38.62,96,92,175979
1.7498,0.2493,38.49,96,92,175982
1.7058,0.2590,38.62,96,92,175985
1.7058,0.2395,38.49,96,92,175989
1.6911,0.2297,38.62,96,92,175992
1.7058,0.2199,38.68,96,92,175995
1.7253,0.2297,38.55,96,92,176000
1.7107,0.2297,38.58,96,92,176003
1.7351,0.2493,38.49,96,92,176006
1.7107,0.2297,38.62,96,92,176009
1.7155,0.2346,38.62,96,92,176013
1.7449,0.2444,38.52,96,92,176016
1.7204,0.2346,38.62,96,92,176019
1.7449,0.2346,38.46,96,92,176023
1.7302,0.2297,38.40,96,92,176026
1.7400,0.2346,38.62,96,92,176029
1.7644,0.2297,38.49,96,92,176033
1.7595,0.2297,38.52,96,92,176036
1.7986,0.2688,38.43,96,92,176039
1.7889,0.2346,38.58,96,92,176044
1.7889,0.2297,38.49,96,92,176047
1.8035,0.2346,38.68,96,92,176050
1.7986,0.2346,38.65,96,92,176053
1.8475,0.2395,38.36,96,92,176057
1.8084,0.2199,38.58,96,92,176060
1.8231,0.2297,38.62,96,92,176063
1.8231,0.2346,38.58,96,92,176067
1.8035,0.2346,38.62,96,92,176070
1.8719,0.2493,38.43,96,92,176073
1.8475,0.2737,38.55,96,92,176077
1.8475,0.2297,38.55,96,92,176080
1.8622,0.2542,38.62,96,92,176083
1.8671,0.2297,38.62,96,92,176087
1.8915,0.2395,38.43,96,92,176091
1.8671,0.2346,38.58,96,92,176094
1.8915,0.2395,38.49,96,92,176097
1.8817,0.2297,38.68,96,92,176101
1.8964,0.2248,38.68,96,92,176104
1.9306,0.2395,38.49,96,92,176107
1.9062,0.2297,38.55,96,92,176111
1.9257,0.2444,38.49,96,92,176114
1.8964,0.2297,38.62,96,92,176117
1.8964,0.2297,38.65,96,92,176121
1.9257,0.2346,38.55,96,92,176124
1.8866,0.2395,38.62,96,92,176128
1.9013,0.2346,38.43,96,92,176131
1.8719,0.2346,38.62,96,92,176135
1.8719,0.2297,38.58,96,92,176138
1.8768,0.2395,38.55,96,92,176141
1.8426,0.2297,38.65,96,92,176145
1.8817,0.2346,38.36,96,92,176148
1.8328,0.2346,38.55,96,92,176151
1.8231,0.2297,38.52,96,92,176155
1.8426,0.2297,38.55,96,92,176158
1.8377,0.2297,38.55,96,92,176161
1.8915,0.2493,38.30,96,92,176165
1.8573,0.2346,38.49,96,92,176168
1.8475,0.2248,38.58,96,92,176172
1.8524,0.2395,38.62,96,92,176175
1.8475,0.2346,38.62,96,92,176179
1.8915,0.2493,37.71,96,92,176182
1.8719,0.2346,38.58,96,92,176185
1.8426,0.2297,38.52,96,92,176189
1.8328,0.2346,38.62,96,92,176192
1.8280,0.2297,38.68,96,92,176195
1.8475,0.2395,38.52,96,92,176199
1.8182,0.2346,38.58,96,92,176202
1.8280,0.2297,38.55,96,92,176205
1.8084,0.2346,38.68,96,92,176209
1.8377,0.2297,38.62,96,92,176212
1.8817,0.2395,38.49,95,91,176216
1.9062,0.2346,38.58,95,91,176220
1.8866,0.2542,38.62,95,91,176223
1.9159,0.2395,38.43,95,91,176226
1.8719,0.2346,38.52,95,91,176230
1.8622,0.2346,38.65,95,91,176233
1.8719,0.2346,38.58,95,91,176236
1.8768,0.2297,38.52,95,91,176240
1.9306,0.2590,38.30,95,91,176243
1.8866,0.2297,38.58,95,91,176246
1.8866,0.2248,38.65,95,91,176250
1.8915,0.2395,38.62,95,91,176253
1.8915,0.2297,38.71,95,91,176257
1.9599,0.2542,38.43,95,91,176261
1.9453,0.2395,38.55,95,91,176264
1.9453,0.2297,38.58,95,91,176267
1.9306,0.2346,38.62,95,91,176270
1.9306,0.2297,38.74,95,91,176274
1.9648,0.2737,38.46,95,91,176277
1.9453,0.2297,38.58,95,91,176280
1.9795,0.2346,38.46,95,91,176284
1.9746,0.2346,38.62,95,91,176287
1.9941,0.2297,38.68,95,91,176290
2.0186,0.2444,38.55,95,91,176294
1.9844,0.2346,38.65,95,91,176297
2.0137,0.2346,38.55,95,91,176301
1.9648,0.2493,38.62,95,91,176305
1.9404,0.2346,38.65,95,91,176308
1.9208,0.2346,38.55,95,91,176311
1.8964,0.2248,38.58,95,91,176314
1.9208,0.2346,38.40,95,91,176318
1.8866,0.2493,38.62,95,91,176321
1.8671,0.2346,38.62,95,91,176324
1.8524,0.2395,38.43,95,91,176328
1.8182,0.2297,38.62,95,91,176331
1.8475,0.2395,38.30,95,91,176334
1.8182,0.2444,38.55,95,91,176338
1.8084,0.2297,38.65,95,91,176342
1.8280,0.2835,38.62,95,91,176345
1.8573,0.2297,38.62,95,91,176349
1.8866,0.2493,38.46,95,91,176352
1.8426,0.2346,38.52,95,91,176355
1.8182,0.2297,38.55,95,91,176358
1.8084,0.2297,38.65,95,91,176362
1.8133,0.2346,38.65,95,91,176365
1.8671,0.2395,38.46,95,91,176368
1.8377,0.2297,38.58,95,91,176372
1.8622,0.2346,38.49,95,91,176375
1.8377,0.2297,38.62,95,91,176378
1.8182,0.2297,38.62,95,91,176382
1.8475,0.2395,38.55,95,91,176386
1.8475,0.2297,38.62,95,91,176389
1.8915,0.2346,38.46,95,91,176393
1.9062,0.2297,38.62,95,91,176396
1.9550,0.2297,38.65,95,91,176399
2.0381,0.2444,38.49,95,91,176402
2.1017,0.2297,38.58,95,91,176406
2.2630,0.2297,38.46,95,91,176409
2.4145,0.2346,38.55,95,91,176412
2.6393,0.2297,38.68,95,91,176416
2.9277,0.2346,38.55,95,91,176419
3.1574,0.2102,38.62,95,91,176422
3.4213,0.2297,38.40,95,91,176427
3.3969,0.2395,38.55,95,91,176430
3.2307,0.2346,38.62,95,91,176433
2.9668,0.2346,38.58,95,91,176437
2.6295,0.2297,38.62,95,91,176440
2.4047,0.2395,38.36,95,91,176443
2.0772,0.2297,38.49,95,91,176446
1.8524,0.2297,38.65,95,91,176450
1.7009,0.2346,38.62,95,91,176453
1.5298,0.2297,38.58,95,91,176456
1.5005,0.2542,38.46,95,91,176460
1.4370,0.2346,38.58,95,91,176463
1.4174,0.2248,38.55,95,91,176466
1.4321,0.2346,38.62,95,91,176471
1.4272,0.2297,38.62,95,91,176474
1.4614,0.2590,38.49,95,91,176477
1.4614,0.2346,38.58,95,91,176480
1.4956,0.2346,38.52,95,91,176484
1.5200,0.2346,38.62,95,91,176487
1.5982,0.2297,38.62,95,91,176490
1.6080,0.2395,38.49,95,91,176494
1.6080,0.2297,38.62,95,91,176497
1.6471,0.2297,38.49,95,91,176500
1.6422,0.2297,38.62,95,91,176504
1.6520,0.2297,38.65,95,91,176507
1.6569,0.2346,38.55,95,91,176510
1.6422,0.2297,38.62,95,91,176515
1.6667,0.2395,38.43,95,91,176518
1.6618,0.2297,38.62,95,91,176521
1.6764,0.2297,38.65,95,91,176524
1.7302,0.2395,38.55,95,91,176528
1.7107,0.2297,38.65,95,91,176531
1.7791,0.2395,38.36,95,91,176534
1.7889,0.2346,38.65,95,91,176538
1.7840,0.2639,38.65,95,91,176541
1.7937,0.2346,38.58,95,91,176544
1.7840,0.2297,38.71,95,91,176548
1.8426,0.2444,38.30,95,91,176551
1.8035,0.2346,38.52,95,91,176555
1.7840,0.2297,38.68,95,91,176559
1.7644,0.2346,38.62,95,91,176562
1.7351,0.2248,38.62,95,91,176565
1.7889,0.2346,38.46,95,91,176568
1.7693,0.2346,38.62,95,91,176572
1.8035,0.2297,38.52,95,91,176575
1.8035,0.2346,38.62,95,91,176578
1.8231,0.2297,38.65,95,91,176582
1.8573,0.2395,38.55,95,91,176585
1.8426,0.2297,38.62,95,91,176588
1.8475,0.2542,38.49,95,91,176592
1.8133,0.2346,38.62,95,91,176595
1.8182,0.2297,38.52,95,91,176599
1.8719,0.2395,38.49,95,91,176603
1.8524,0.2297,38.62,95,91,176606
1.8768,0.2346,38.46,95,91,176609
1.8475,0.2297,38.58,95,91,176613
1.8524,0.2297,38.62,95,91,176616
1.8622,0.2297,38.46,95,91,176619
1.8524,0.2297,38.62,95,91,176622
1.9159,0.2346,38.40,95,91,176626
1.8915,0.2297,38.58,95,91,176629
1.8768,0.2297,38.62,95,91,176632
1.9110,0.2395,38.58,95,91,176636
1.9013,0.2297,38.68,95,91,176640
1.9453,0.2395,38.36,95,91,176643
1.8915,0.2297,38.65,95,91,176647
1.8915,0.2493,38.62,95,91,176650
1.8915,0.2297,38.62,95,91,176653
1.8817,0.2395,38.62,95,91,176657
1.9404,0.2493,38.40,95,91,176660
1.8915,0.2395,38.55,95,91,176663
1.9062,0.2248,37.80,95,91,176666
1.9208,0.2346,38.68,95,91,176670
1.9355,0.2297,38.62,95,91,176673
1.9795,0.2395,38.68,95,91,176676
1.9648,0.2346,38.58,95,91,176680
1.9648,0.2297,38.49,95,91,176684
1.9501,0.2297,38.49,95,91,176687
1.9550,0.2248,38.62,95,91,176691
1.9990,0.2395,38.52,95,91,176694
1.9795,0.2297,38.71,95,91,176697
2.0088,0.2297,38.49,95,91,176700
1.9746,0.2297,38.62,95,91,176704
1.9746,0.2297,38.65,95,91,176707
1.9990,0.2444,38.55,95,91,176710
1.9990,0.2297,38.62,95,91,176714
2.0235,0.2297,38.55,95,91,176717
2.0332,0.2346,38.62,95,91,176720
2.0235,0.2297,38.65,95,91,176724
2.0430,0.2346,38.52,95,91,176728
2.0088,0.2248,38.62,95,91,176731
2.0283,0.2346,38.40,95,91,176734
2.0039,0.2346,38.52,95,91,176738
1.9746,0.2297,38.62,95,91,176741
1.9697,0.2395,38.55,95,91,176744
1.9355,0.2297,38.62,95,91,176748
1.9844,0.2395,38.36,95,91,176751
1.9501,0.2346,38.49,95,91,176754
1.9501,0.2297,38.71,95,91,176758
1.9550,0.2493,38.62,95,91,176761
1.9453,0.2102,38.62,95,91,176764
1.9795,0.2493,38.36,95,91,176769
1.9013,0.2297,38.58,95,91,176772
1.8964,0.2248,38.96,95,91,176775
1.8817,0.2346,38.62,95,91,176778
1.8768,0.2248,38.68,95,91,176782
1.9257,0.2444,38.55,95,91,176785
1.9110,0.2297,38.58,95,91,176788
1.9257,0.2297,38.46,95,91,176792
1.9062,0.2297,38.62,95,91,176795
1.8915,0.2297,38.58,95,91,176798
1.9062,0.2346,38.46,95,91,176802
1.8671,0.2297,38.52,95,91,176805
1.8817,0.2444,38.52,95,91,176808
1.8573,0.2199,38.62,95,91,176813
1.8573,0.2297,38.81,95,91,176816
1.8817,0.2346,38.49,95,91,176819
1.8573,0.2297,38.62,95,91,176823
1.8817,0.2590,38.40,95,91,176826
1.9501,0.2346,38.43,95,91,176831
1.9110,0.2199,38.58,95,91,176834
1.9355,0.2248,38.65,95,91,176837
1.9453,0.2297,38.52,95,91,176840
1.9404,0.2297,38.62,95,91,176844
1.9941,0.2444,38.58,95,91,176847
1.9404,0.2444,38.52,95,91,176850
1.9404,0.2199,38.52,95,91,176855
1.9306,0.2297,38.58,95,91,176858
1.9404,0.2297,38.62,95,91,176861
1.9892,0.2395,38.43,95,91,176865
1.9648,0.2297,38.58,95,91,176868
1.9892,0.2346,38.46,95,91,176871
1.9550,0.2297,38.71,95,91,176874
1.9599,0.2248,38.62,95,91,176878
1.9892,0.2395,38.55,95,91,176881
1.9697,0.2297,38.68,95,91,176884
2.0088,0.2542,38.49,95,91,176888
1.9941,0.2102,38.62,95,91,176891
1.9941,0.2297,38.68,95,91,176894
2.0088,0.2493,38.62,95,91,176899
2.0088,0.2248,38.65,95,91,176902
2.0430,0.2346,38.46,95,91,176905
2.0283,0.2297,38.62,95,91,176908
2.0381,0.2248,38.74,95,91,176912
2.0626,0.2297,38.49,95,91,176915
2.0381,0.2297,38.65,95,91,176918
2.0626,0.2346,38.36,95,91,176922
2.0137,0.2346,38.52,95,91,176925
1.9697,0.2248,38.62,95,91,176928
1.9697,0.2346,38.52,95,91,176932
1.9404,0.2248,38.62,95,91,176935
1.9795,0.2395,38.33,95,91,176939
1.9208,0.2297,38.49,95,91,176943
1.9013,0.2248,38.62,95,91,176946
1.8915,0.2297,38.62,95,91,176949
1.8817,0.2199,38.62,95,91,176952
1.9208,0.2444,38.43,95,91,176956
1.8671,0.2395,38.55,95,91,176959
1.8719,0.2102,38.55,95,91,176962
1.8622,0.2297,38.71,95,91,176966
1.8768,0.2102,38.65,95,91,176969
1.8866,0.2395,38.62,95,91,176972
1.8622,0.2297,38.55,95,91,176976
1.8817,0.2199,38.49,95,91,176979
1.8573,0.2346,38.58,95,91,176983
1.8524,0.2102,38.62,95,91,176987
1.8768,0.2297,38.46,95,91,176990
1.8475,0.2297,38.62,95,91,176993
1.8768,0.2346,38.52,95,91,176996
1.8475,0.2199,38.52,95,91,177000
1.8524,0.2346,38.68,95,91,177003
1.8866,0.2297,38.65,95,91,177006
1.8964,0.2248,38.62,95,91,177010
1.9697,0.2346,38.46,95,91,177013
1.9892,0.2248,38.52,95,91,177016
2.0528,0.2248,38.62,95,91,177020
2.1652,0.2297,38.58,95,91,177024
2.3021,0.2248,38.81,95,91,177027
2.5611,0.2346,38.36,95,91,177031
2.7517,0.2248,38.68,95,91,177034
3.0010,0.2199,38.62,95,91,177037
3.2405,0.2346,38.55,95,91,177040
3.3675,0.2248,38.74,95,91,177044
3.4555,0.2395,38.36,95,91,177047
3.2356,0.2346,38.52,95,91,177050
2.8788,0.2199,38.58,95,91,177054
2.5464,0.2346,38.62,95,91,177057
2.2532,0.2102,38.62,95,91,177060
2.0479,0.2395,38.49,95,91,177064
1.8084,0.2346,38.55,95,91,177068
1.6422,0.2248,38.52,95,91,177071
1.5249,0.2248,38.62,95,91,177075
1.4565,0.2346,38.62,95,91,177078
1.4418,0.2346,38.55,95,91,177081
1.4027,0.2346,38.68,95,91,177084
1.4272,0.2346,38.49,95,91,177088
1.4223,0.2248,38.65,95,91,177091
1.4467,0.2102,38.65,95,91,177094
1.4761,0.2297,38.55,95,91,177098
1.4858,0.2199,38.62,95,91,177101
1.5298,0.2248,38.49,95,91,177104
1.5200,0.2199,38.62,95,91,177108
1.5445,0.2248,38.62,95,91,177112
1.5787,0.2297,38.58,95,91,177115
1.5836,0.2248,38.62,95,91,177119
1.6325,0.2297,38.40,95,91,177122
1.6227,0.2199,38.55,95,91,177125
1.6080,0.2248,38.65,95,91,177128
1.6373,0.2590,38.55,95,91,177132
1.6373,0.2248,38.62,95,91,177135
1.6764,0.2346,38.36,95,91,177138
1.6764,0.2199,38.52,95,91,177142
1.6422,0.2248,38.62,95,91,177145
1.6471,0.2297,38.58,95,91,177148
1.6716,0.2199,38.62,95,91,177153
1.7009,0.2444,38.43,95,91,177156
1.6618,0.2297,38.58,95,91,177159
1.6618,0.2248,38.52,95,91,177163
1.6667,0.2297,38.62,95,91,177166
1.6813,0.2346,38.62,95,91,177169
1.6960,0.2395,38.55,95,91,177172
1.6813,0.2297,38.62,95,91,177176
1.7058,0.2199,38.46,95,91,177179
1.6960,0.2248,38.71,95,91,177182
1.7058,0.2248,38.62,95,91,177186
1.7449,0.2346,38.46,95,91,177189
1.7155,0.2297,38.65,95,91,177192
1.7449,0.2639,38.55,95,91,177197
1.7302,0.2199,38.58,95,91,177200
1.7449,0.2248,38.65,95,91,177203
1.7693,0.2346,38.49,95,91,177207
1.7546,0.2248,38.62,95,91,177210
1.7889,0.2248,38.49,95,91,177213
1.7791,0.2248,38.62,95,91,177216
1.7840,0.2248,38.65,95,91,177220
1.7889,0.2395,38.58,95,91,177223
1.7840,0.2248,38.65,95,91,177226
1.8231,0.2346,38.36,95,91,177230
1.7937,0.2248,38.68,95,91,177233
1.7937,0.2248,38.62,95,91,177236
1.7986,0.2297,38.58,95,91,177241
1.7840,0.2248,38.62,95,91,177244
1.8231,0.2346,38.43,95,91,177247
1.7791,0.2297,38.55,95,91,177251
1.7595,0.1906,38.62,95,91,177254
1.7644,0.2297,38.58,95,91,177257
1.7644,0.2248,38.74,95,91,177260
1.8035,0.2297,38.43,95,91,177264
1.7791,0.2395,38.55,95,91,177267
1.7693,0.2102,38.52,95,91,177270
1.7595,0.2248,38.62,95,91,177274
1.7644,0.2248,38.68,95,91,177277
1.8035,0.2297,38.46,95,91,177281
1.7840,0.2346,38.65,95,91,177285
1.8182,0.2346,38.46,95,91,177288
1.8035,0.2248,38.62,95,91,177291
1.8133,0.2248,38.65,95,91,177295
1.8377,0.2102,38.58,95,91,177298
1.8377,0.2248,38.62,95,91,177301
1.8719,0.2297,38.52,95,91,177304
1.8475,0.2248,38.62,95,91,177308
1.8622,0.2297,38.62,95,91,177311
1.8964,0.2346,38.49,95,91,177314
1.8915,0.2248,38.58,95,91,177318
1.9306,0.2297,38.40,95,91,177321
1.9208,0.2248,38.49,95,91,177325
1.9110,0.2248,38.62,95,91,177329
1.9306,0.2346,38.52,95,91,177332
1.9013,0.2248,38.62,95,91,177335
1.9550,0.2346,38.52,95,91,177339
1.9062,0.2248,38.52,95,91,177342
1.9110,0.2248,38.71,95,91,177345
1.9062,0.2297,38.62,95,91,177348
1.9062,0.2248,38.65,95,91,177352
1.9550,0.2444,37.83,95,91,177355
1.8964,0.2297,38.62,95,91,177358
1.8964,0.2199,38.62,95,91,177362
1.8719,0.2297,38.55,95,91,177366
1.8622,0.2248,38.62,95,91,177369
1.8915,0.2395,38.49,95,91,177373
1.8573,0.2248,38.58,95,91,177376
1.8671,0.2248,38.49,95,91,177379
1.8426,0.2248,38.55,95,91,177383
1.8377,0.2199,38.62,95,91,177386
1.8719,0.2297,38.43,95,91,177389
1.8328,0.2346,38.58,95,91,177392
1.8524,0.2297,38.49,95,91,177396
1.8133,0.2248,38.65,95,91,177399
1.8084,0.2248,38.52,95,91,177402
1.8377,0.2297,38.55,95,91,177406
1.7937,0.2248,38.62,95,91,177410
1.8084,0.2248,38.55,95,91,177413
1.7791,0.2102,38.58,95,91,177417
1.7693,0.2248,38.81,95,91,177420
1.7742,0.2346,38.52,95,91,177423
1.7644,0.2248,38.65,95,91,177426
1.7937,0.2346,38.40,95,91,177430
1.7546,0.2248,38.68,95,91,177433
1.7595,0.2199,38.58,95,91,177436
1.7742,0.2297,38.58,95,91,177440
1.7693,0.2248,38.58,95,91,177444
1.7840,0.2151,38.62,95,91,177448
1.8280,0.2297,38.43,95,91,177452
1.7986,0.2297,38.58,95,91,177455
1.8035,0.2248,38.52,95,91,177459
1.7937,0.2248,38.62,95,91,177462
1.8035,0.2346,38.58,95,91,177465
1.8426,0.2346,38.52,95,91,177469
1.8280,0.2248,38.65,95,91,177472
1.8524,0.2297,38.46,95,91,177475
1.8280,0.2248,38.62,95,91,177478
1.8426,0.2248,38.65,95,91,177482
1.8768,0.2199,38.55,95,91,177485
1.8475,0.2248,38.62,95,91,177488
1.8719,0.2248,38.46,95,91,177492
1.8426,0.2248,38.62,95,91,177496
1.8524,0.2248,38.77,95,91,177499
1.9062,0.2346,38.49,95,91,177503
1.8671,0.2248,38.58,95,91,177506
1.9208,0.2346,38.40,95,91,177509
1.9062,0.2297,38.49,95,91,177513
1.9062,0.2248,38.68,95,91,177516
1.9404,0.2346,38.52,95,91,177519
1.9306,0.2248,38.62,95,91,177522
1.9941,0.2346,37.65,95,91,177526
1.9648,0.2248,38.52,95,91,177529
1.9501,0.2248,38.58,95,91,177532
1.9550,0.2590,38.62,95,91,177537
1.9404,0.2199,38.65,95,91,177540
1.9795,0.2395,38.36,95,91,177543
1.9306,0.2199,38.58,95,91,177547
1.8866,0.2102,38.55,95,91,177550
1.8719,0.2248,38.74,95,91,177553
1.8475,0.2199,38.62,95,91,177557
1.8768,0.2346,38.18,95,91,177560
1.8524,0.2297,38.62,95,91,177563
1.8573,0.2248,38.49,95,91,177566
1.8280,0.2199,38.62,95,91,177570
1.8182,0.2248,38.68,95,91,177573
1.8377,0.2297,38.55,95,91,177576
1.7986,0.2199,38.62,95,91,177581
1.8035,0.2297,38.49,95,91,177584
1.7791,0.2151,38.46,95,91,177587
1.7742,0.2102,38.62,95,91,177591
1.7937,0.2199,38.49,95,91,177594
1.7889,0.2199,38.62,95,91,177597
1.8084,0.2248,38.43,95,91,177601
1.7840,0.2248,38.62,95,91,177604
1.7889,0.2248,38.62,95,91,177607
1.7889,0.2297,38.58,95,91,177610
1.7791,0.2248,38.46,95,91,177614
1.8133,0.2639,38.40,95,91,177617
1.7791,0.2199,38.05,95,91,177620
1.7937,0.2493,38.74,95,91,177625
1.8573,0.2199,38.55,95,91,177628
1.8377,0.2248,38.68,95,91,177631
1.9159,0.2493,38.33,95,91,177635
1.9306,0.2248,38.52,95,91,177638
1.9795,0.2151,38.58,95,91,177641
2.0772,0.2248,38.58,95,91,177645
2.2190,0.2199,38.62,95,91,177648
2.4536,0.2395,38.40,95,91,177651
2.6295,0.2297,38.55,95,91,177654
2.8543,0.2199,38.52,95,91,177658
3.0792,0.2395,38.58,95,91,177661
3.2649,0.2199,38.62,95,91,177665
3.3822,0.2297,38.49,95,91,177669
3.2258,0.2395,38.62,95,91,177672
3.0010,0.2199,38.49,95,91,177675
2.6588,0.2248,38.62,95,91,177679
2.3558,0.2199,38.68,95,91,177682
2.1163,0.2248,38.58,95,91,177685
1.8915,0.2248,38.62,95,91,177688
1.7449,0.2297,38.52,95,91,177692
1.5885,0.2248,38.62,95,91,177695
1.5005,0.2199,38.58,95,91,177698
1.4663,0.2395,38.49,95,91,177702
1.4174,0.2199,38.62,95,91,177705
1.4174,0.2151,38.40,95,91,177709
1.4076,0.2248,38.52,95,91,177713
1.4125,0.2199,38.74,95,91,177716
1.4565,0.2346,38.55,95,91,177719
1.4418,0.2199,38.62,95,91,177723
1.5005,0.2297,38.40,95,91,177726
1.4858,0.2248,38.52,95,91,177729
1.4956,0.2199,38.62,95,91,177732
1.5103,0.2248,38.58,95,91,177736
1.5200,0.2248,38.58,95,91,177739
1.5934,0.2395,38.11,95,91,177742
1.5640,0.2542,38.58,95,91,177746
1.5738,0.2151,38.62,95,91,177750
1.5934,0.2248,38.65,95,91,177753
1.5934,0.2248,38.62,95,91,177757
1.6325,0.2395,38.62,95,91,177760
1.6080,0.2248,38.58,95,91,177763
1.6422,0.2248,38.52,95,91,177767
1.6227,0.2297,38.68,95,91,177770
1.6325,0.2199,38.62,95,91,177773
1.6716,0.2395,38.36,95,91,177776
1.6716,0.2102,38.62,95,91,177780
1.6862,0.2297,38.55,95,91,177783
1.6716,0.2297,38.62,95,91,177786
1.6813,0.2199,38.62,95,91,177790
1.7107,0.2248,38.52,95,91,177794
1.6960,0.2248,38.62,95,91,177797
1.7302,0.2248,38.46,95,91,177801
1.7155,0.2199,38.65,95,91,177804
1.7302,0.1906,38.62,95,91,177807
1.7449,0.2248,38.52,95,91,177811
1.7400,0.2248,38.62,95,91,177814
1.7937,0.2297,38.43,95,91,177817
1.7546,0.2199,38.81,95,91,177820
1.7693,0.2199,38.62,95,91,177824
1.7742,0.2297,38.58,95,91,177827
1.7791,0.2542,38.68,95,91,177830
1.8280,0.2346,38.30,95,91,177835
1.7889,0.2248,38.68,95,91,177838
1.7742,0.2199,38.62,95,91,177841
1.7840,0.2248,38.65,95,91,177845
1.7840,0.2199,38.68,95,91,177848
1.8426,0.2590,38.46,95,91,177851
1.7986,0.2297,38.52,95,91,177855
1.7937,0.2199,38.55,95,91,177858
1.7840,0.2346,38.62,95,91,177861
1.7791,0.2199,38.62,95,91,177864
1.8084,0.2297,38.49,95,91,177868
1.7742,0.2248,38.62,95,91,177871
1.8035,0.2199,38.49,95,91,177874
1.7742,0.2248,38.68,95,91,177879
1.7693,0.2199,38.62,95,91,177882
1.7937,0.2297,38.55,95,91,177885
1.7840,0.2297,38.58,95,91,177889
1.8035,0.2297,38.55,95,91,177892
1.7791,0.2248,38.46,95,91,177895
1.7791,0.2151,38.62,95,91,177899
1.8035,0.2297,38.52,95,91,177902
1.7840,0.2444,38.62,95,91,177905
1.8231,0.2102,38.46,95,91,177908
1.8035,0.2248,38.30,95,91,177912
1.8035,0.2248,38.62,95,91,177915
1.8231,0.2346,38.52,95,91,177918
1.8084,0.2199,38.62,95,91,177923
1.8524,0.2542,38.36,95,91,177926
1.8280,0.2199,38.62,95,91,177929
1.8231,0.2199,38.65,95,91,177933
1.8573,0.2297,38.58,95,91,177936
1.8377,0.2199,38.62,95,91,177939
1.8964,0.2297,38.30,95,91,177942
1.8524,0.2248,38.58,95,91,177946
1.8622,0.2151,38.62,95,91,177949
1.8622,0.2248,38.58,95,91,177952
1.8622,0.2199,38.62,95,91,177956
1.9159,0.2395,38.46,95,91,177959
1.8866,0.2199,38.55,95,91,177963
1.8866,0.2199,38.52,95,91,177967
1.9013,0.2248,38.62,95,91,177970
1.8768,0.2199,38.62,95,91,177973
1.9013,0.2297,38.49,95,91,177977
1.8671,0.2248,38.58,95,91,177980
1.8768,0.2248,38.46,95,91,177983
1.8524,0.2737,38.62,95,91,177987
1.8524,0.2199,38.65,95,91,177990
1.8622,0.2297,38.52,95,91,177993
1.8328,0.2248,38.62,95,91,177996
1.8573,0.2248,38.49,95,91,178000
1.8231,0.2199,38.65,95,91,178003
1.8280,0.2199,38.62,95,91,178007
1.8280,0.2248,38.62,95,91,178011
1.8133,0.2199,38.65,95,91,178014
1.8426,0.2199,38.40,95,91,178017
1.8084,0.2248,38.52,95,91,178021
1.8182,0.2199,38.62,95,91,178024
1.8475,0.2346,38.55,95,91,178027
1.8084,0.2199,38.49,95,91,178030
1.8377,0.2444,38.33,95,91,178034
1.7986,0.2248,38.52,95,91,178037
1.7791,0.2199,38.65,95,91,178040
1.7986,0.2199,38.58,95,91,178044
1.7644,0.2199,38.65,95,91,178048
1.8035,0.2444,38.36,95,91,178051
1.7693,0.2199,38.49,95,91,178056
1.7449,0.2248,38.62,95,91,178059
1.7791,0.2248,38.49,95,91,178063
1.7644,0.2151,38.62,95,91,178066
1.7742,0.2199,38.62,95,91,178069
1.7937,0.2639,38.55,95,91,178073
1.7889,0.2199,38.62,95,91,178076
1.8182,0.2248,38.49,95,91,178079
1.7840,0.2102,38.62,95,91,178083
1.7986,0.2199,38.62,95,91,178086
1.8280,0.2297,38.49,95,91,178089
1.8084,0.2199,38.62,95,91,178093
1.8426,0.2248,38.40,95,91,178097
1.8231,0.2493,38.52,95,91,178100
1.8182,0.2199,38.62,95,91,178103
1.8426,0.2297,38.52,95,91,178107
1.8328,0.2248,38.62,95,91,178110
1.8768,0.2297,38.46,95,91,178113
1.8573,0.2151,38.52,95,91,178117
1.8377,0.2199,38.62,95,91,178120
1.8475,0.2493,38.62,95,91,178123
1.8573,0.2199,38.62,95,91,178127
1.9257,0.2395,38.40,95,91,178130
1.9208,0.2248,38.58,95,91,178134
1.8915,0.2199,38.55,95,91,178137
1.9013,0.2248,38.52,95,91,178141
1.9062,0.2199,38.62,95,91,178144
1.9550,0.2297,38.52,95,91,178147
1.9355,0.2493,38.58,95,91,178151
1.9355,0.2102,38.55,95,91,178154
1.9110,0.2493,38.62,95,91,178157
1.9306,0.2102,38.62,95,91,178161
1.9110,0.2297,38.52,95,91,178164
1.8622,0.2248,38.62,95,91,178167
1.8524,0.2297,38.52,95,91,178171
1.8035,0.2199,38.58,95,91,178174
1.7937,0.2248,38.58,95,91,178178
1.8035,0.2248,38.52,95,91,178181
1.7791,0.2199,38.68,95,91,178185
1.7889,0.2493,38.49,95,91,178188
1.7449,0.2199,38.58,95,91,178191
1.7449,0.2199,38.55,95,91,178195
1.7449,0.2248,38.58,95,91,178198
1.7204,0.2199,38.62,95,91,178201
1.7449,0.2297,38.40,95,91,178205
1.7058,0.2199,38.62,95,91,178208
1.7058,0.2199,38.62,95,91,178211
1.7155,0.2248,38.58,95,91,178214
1.7204,0.2248,38.68,95,91,178219
1.7693,0.2346,38.27,95,91,178222
1.7400,0.2297,38.52,95,91,178225
1.7204,0.2199,38.62,95,91,178229
1.7351,0.2297,38.58,95,91,178232
1.7351,0.2248,38.68,95,91,178235
1.7742,0.2395,38.36,95,91,178239
1.7400,0.2297,38.55,95,91,178242
1.7302,0.2199,38.52,95,91,178245
1.7302,0.2542,38.62,95,91,178249
1.7449,0.2102,38.65,95,91,178252
1.8133,0.2297,38.43,95,91,178255
1.8524,0.2199,38.62,95,91,178259
1.9355,0.2248,38.49,95,91,178263
2.0186,0.2395,38.62,95,91,178266
2.1603,0.2151,38.62,95,91,178269
2.3607,0.2248,38.52,95,91,178273
2.5709,0.2297,38.62,95,91,178276
2.8495,0.2199,38.52,95,91,178279
3.0303,0.2248,38.65,95,91,178283
3.1720,0.2542,38.62,95,91,178286
3.2160,0.2297,38.52,95,91,178289
3.0010,0.2542,38.58,95,91,178293
2.7615,0.2346,38.43,95,91,178296
2.4291,0.2248,38.55,95,91,178299
2.1359,0.2199,38.65,95,91,178302
1.9208,0.2297,38.55,95,91,178307
1.7107,0.2199,38.65,95,91,178310
1.6031,0.2639,38.36,95,91,178313
1.4761,0.2199,38.52,95,91,178317
1.4027,0.2199,38.62,95,91,178320
1.3587,0.2248,38.58,95,91,178323
1.3343,0.2199,38.65,95,91,178327
1.3685,0.2395,38.30,95,91,178330
1.3490,0.2102,38.55,95,91,178333
1.3587,0.2151,38.55,95,91,178337
1.3783,0.2346,38.58,95,91,178340
1.3881,0.2248,38.65,95,91,178343
1.4321,0.2297,38.49,95,91,178347
1.4223,0.2248,38.58,95,91,178351
1.4467,0.2248,38.46,95,91,178354
1.4516,0.2199,38.55,95,91,178357
1.4761,0.2199,38.62,95,91,178361
1.5494,0.2346,38.43,95,91,178364
1.5054,0.2248,38.65,95,91,178367
1.5347,0.2542,38.46,95,91,178371
1.5249,0.2248,38.62,95,91,178374
1.5347,0.2199,38.74,95,91,178377
1.5640,0.2297,38.52,95,91,178381
1.5591,0.2199,38.65,95,91,178384
1.5934,0.2248,38.84,95,91,178387
1.5738,0.2151,38.58,95,91,178391
1.5787,0.2199,38.62,95,91,178395
1.5982,0.2248,38.55,95,91,178398
1.6178,0.2151,38.62,95,91,178401
1.6325,0.2297,38.52,95,91,178405
1.6031,0.2199,38.62,95,91,178408
1.6129,0.2199,38.62,95,91,178411
1.6276,0.2297,38.58,95,91,178415
1.6178,0.2199,38.62,95,91,178418
1.6667,0.2297,38.30,95,91,178421
1.6471,0.2297,38.55,95,91,178425
1.6325,0.2151,38.62,95,91,178428
1.6471,0.2248,38.62,95,91,178432
1.6520,0.2199,38.62,95,91,178436
1.7155,0.2444,38.43,95,91,178439
1.6911,0.2346,38.52,95,91,178442
1.6862,0.2199,38.65,95,91,178445
1.6862,0.2199,38.62,95,91,178449
1.7009,0.2199,38.62,95,91,178452
1.7400,0.2297,38.43,95,91,178455
1.7546,0.2248,38.62,95,91,178459
1.7449,0.2248,38.46,95,91,178462
1.7155,0.2248,38.81,95,91,178465
1.7204,0.1906,38.65,95,91,178469
1.7351,0.2297,38.58,95,91,178472
1.7302,0.2151,38.62,95,91,178476
1.7644,0.2297,38.52,95,91,178480
1.7351,0.2493,38.62,95,91,178483
1.7449,0.2199,38.65,95,91,178486
1.7742,0.2297,38.62,95,91,178489
1.7644,0.2248,38.58,95,91,178493
1.7840,0.2248,38.55,95,91,178496
1.7546,0.2248,38.52,95,91,178499
1.7595,0.2248,38.62,95,91,178503
1.7644,0.2395,38.58,95,91,178506
1.7546,0.2151,38.62,95,91,178509
1.7889,0.2297,38.46,95,91,178513
1.7644,0.2248,38.52,95,91,178516
1.7449,0.2199,38.65,95,91,178520
1.7498,0.2248,38.62,95,91,178524
1.7498,0.2248,38.62,95,91,178527
1.8035,0.2444,38.52,95,91,178530
1.7595,0.2199,38.58,95,91,178533
1.7693,0.2102,38.58,95,91,178537
1.7840,0.2248,38.74,95,91,178540
1.7889,0.2102,38.62,95,91,178543
1.8475,0.2395,38.55,95,91,178547
1.8328,0.2346,38.62,95,91,178550
1.8524,0.2248,38.49,95,91,178553
1.8280,0.2444,38.68,95,91,178557
1.8231,0.1906,38.62,95,91,178561
1.8426,0.2297,38.40,95,91,178564
1.8035,0.2102,38.62,95,91,178568
1.8231,0.2297,38.49,95,91,178571
1.8035,0.2248,38.62,95,91,178574
1.8475,0.2199,38.62,95,91,178577
1.8328,0.2297,38.62,95,91,178581
1.8133,0.2444,38.68,95,91,178584
1.8426,0.2248,38.46,95,91,178587
1.8182,0.2248,38.58,95,91,178591
1.8426,0.2199,38.62,95,91,178594
1.8133,0.2248,38.58,95,91,178597
1.7986,0.2199,38.81,95,91,178601
1.8328,0.2395,38.40,95,91,178605
1.7986,0.2199,38.68,95,91,178608
1.8035,0.2199,38.65,95,91,178612
1.8475,0.2297,38.55,95,91,178615
1.8084,0.2248,38.52,95,91,178618
1.8524,0.2346,38.36,95,91,178621
1.8377,0.2297,38.52,95,91,178625
1.8035,0.2199,38.68,95,91,178628
1.7986,0.2248,38.62,95,91,178631
1.7889,0.2199,38.62,95,91,178635
1.8328,0.2395,38.49,95,91,178638
1.7889,0.2297,38.55,95,91,178641
1.7742,0.2248,38.65,95,91,178646
1.7644,0.2346,38.62,95,91,178649
1.7644,0.2199,38.62,95,91,178652
1.7986,0.2297,38.49,95,91,178656
1.7937,0.2199,38.62,95,91,178659
1.7889,0.2248,38.49,95,91,178662
1.7644,0.2248,38.62,95,91,178665
1.7644,0.2248,38.58,95,91,178670
1.8084,0.2199,38.68,95,91,178673
1.8035,0.2297,38.49,95,91,178677
1.7791,0.2248,38.65,95,91,178680
1.8426,0.2346,38.43,95,91,178683
1.7889,0.2346,38.52,95,91,178688
1.7742,0.2248,38.58,95,91,178691
1.7986,0.2297,38.55,95,91,178694
1.7840,0.2248,37.83,95,91,178698
1.8377,0.2346,38.33,95,91,178701
1.8035,0.2248,38.52,95,91,178704
1.7937,0.2444,38.81,95,91,178708
1.8328,0.2297,38.58,95,91,178711
1.7986,0.2248,38.62,95,91,178714
1.8573,0.2395,38.49,95,91,178717
1.8084,0.2248,38.62,95,91,178721
1.8182,0.2199,38.52,95,91,178724
1.8084,0.2346,38.65,95,91,178727
1.8035,0.2248,38.62,95,91,178732
1.8426,0.2346,38.52,95,91,178735
1.8280,0.2151,38.58,95,91,178738
1.8573,0.2248,38.49,95,91,178742
1.8524,0.2346,38.62,95,91,178745
1.8622,0.2102,38.65,95,91,178748
1.8964,0.2297,38.27,95,91,178752
1.8964,0.2248,38.62,95,91,178755
1.9110,0.2297,38.49,95,91,178758
1.9013,0.2151,38.62,95,91,178761
1.9550,0.2248,38.62,95,91,178765
1.9501,0.2297,38.43,95,91,178768
1.9306,0.2248,38.62,95,91,178771
1.9648,0.2248,38.43,95,91,178776
1.9355,0.2248,38.55,95,91,178779
1.9159,0.2199,38.62,95,91,178782
1.9062,0.2297,38.43,95,91,178786
1.8524,0.2248,38.62,95,91,178789
1.8671,0.2346,38.36,95,91,178792
1.7889,0.2199,38.58,95,91,178796
1.7742,0.2199,38.62,95,91,178799
1.7693,0.2297,38.58,95,91,178802
1.7498,0.2248,38.62,95,91,178805
1.7937,0.2444,38.46,95,91,178809
1.7498,0.2346,38.55,95,91,178812
1.7204,0.2199,38.58,95,91,178816
1.7155,0.2395,38.62,95,91,178820
1.7058,0.2199,38.62,95,91,178823
1.7546,0.2297,38.43,95,91,178826
1.7400,0.2346,38.58,95,91,178830
1.7595,0.2248,38.49,95,91,178833
1.7791,0.2248,38.62,95,91,178836
1.8133,0.2297,38.62,95,91,178840
1.8768,0.2297,38.49,95,91,178843
1.9062,0.2248,38.62,95,91,178846
1.9941,0.2346,38.49,95,91,178849
2.0186,0.2248,38.68,95,91,178853
2.0723,0.2248,38.62,95,91,178856
2.1359,0.2248,38.55,95,91,178860
2.1701,0.2248,38.62,95,91,178864
2.2434,0.2248,38.68,95,91,178867
2.2630,0.2248,38.62,95,91,178870
2.3314,0.2248,38.65,95,91,178874
2.4585,0.2297,38.52,95,91,178877
2.5806,0.2248,38.62,95,91,178880
2.8152,0.2297,38.36,95,91,178884
2.9570,0.2199,38.49,95,91,178887
2.9863,0.2102,38.62,95,91,178890
2.9326,0.2395,38.52,95,91,178893
2.6833,0.2248,38.68,95,91,178897
2.3851,0.2297,38.43,95,91,178900
1.9208,0.2248,38.52,95,91,178904
1.4712,0.2199,38.65,95,91,178908
1.1339,0.2248,38.77,95,91,178911
0.9140,0.2297,38.58,95,91,178914
0.8504,0.2395,38.40,95,91,178918
0.8553,0.2248,38.68,95,91,178921
0.9335,0.2688,38.55,95,91,178924
1.0899,0.2199,38.62,95,91,178927
1.2023,0.2248,38.62,95,91,178931
1.3245,0.2395,38.49,95,91,178934
1.3587,0.2297,38.58,95,91,178937
1.4076,0.2248,38.52,95,91,178941
1.4174,0.2199,38.62,95,91,178945
1.4467,0.2199,38.62,95,91,178948
1.4907,0.2346,38.40,95,91,178952
1.4956,0.2297,38.58,95,91,178955
1.5103,0.2297,38.49,95,91,178958
1.5054,0.2248,38.58,95,91,178962
1.5249,0.2248,38.62,95,91,178965
1.5640,0.2297,38.49,95,91,178968
1.5543,0.2248,38.68,95,91,178971
1.5885,0.2248,38.49,95,91,178975
1.5689,0.2199,38.58,95,91,178978
1.5787,0.2199,38.62,95,91,178981
1.6031,0.2297,38.58,95,91,178985
1.5934,0.2248,38.62,95,91,178989
1.6325,0.2346,38.40,95,91,178992
1.6080,0.2199,38.52,95,91,178996
1.6178,0.2297,38.62,95,91,178999
1.6373,0.2297,38.58,95,91,179002
1.6227,0.2248,38.65,95,91,179006
1.6618,0.2297,38.30,95,91,179009
1.6276,0.2297,38.55,95,91,179012
1.6129,0.2248,38.62,95,91,179015
1.6178,0.2297,38.62,95,91,179019
1.6129,0.2493,38.62,95,91,179022
1.6618,0.2395,38.43,95,91,179025
1.6373,0.2493,38.52,95,91,179030
1.6227,0.2248,38.52,95,91,179033
1.6031,0.2248,38.68,95,91,179036
1.5982,0.2248,38.62,95,91,179040
1.6422,0.2346,38.52,95,91,179043
1.6031,0.2248,38.58,95,91,179046
1.6276,0.2297,38.46,95,91,179050
1.6080,0.2248,38.62,95,91,179053
1.6129,0.2248,38.65,95,91,179056
1.6422,0.2102,38.58,95,91,179059
1.6373,0.2248,38.62,95,91,179063
1.6569,0.2297,38.46,95,91,179066
1.6178,0.2248,38.62,95,91,179069
1.6129,0.2248,38.84,95,91,179074
1.6325,0.2346,38.58,95,91,179077
1.6178,0.2297,38.58,95,91,179080
1.6667,0.2346,38.43,95,91,179084
1.6667,0.2248,38.49,95,91,179087
1.6764,0.2248,38.52,95,91,179090
1.7009,0.2346,38.55,95,91,179094
1.6813,0.2248,38.62,95,91,179097
1.7449,0.2297,38.30,95,91,179100
1.7546,0.2248,38.55,95,91,179103
1.7644,0.2248,38.65,95,91,179107
1.7937,0.2248,38.58,95,91,179110
1.8328,0.2199,38.62,95,91,179113
1.8817,0.2297,38.36,95,91,179118
1.8622,0.2199,38.58,95,91,179121
1.8866,0.2199,38.55,95,91,179124
1.9110,0.2248,38.58,95,91,179128
1.9306,0.2102,38.62,95,91,179131
1.9844,0.2395,38.49,95,91,179134
1.9599,0.2297,38.62,95,91,179138
1.9599,0.2199,38.52,95,91,179141
1.9257,0.2297,38.62,95,91,179144
1.9355,0.2248,38.62,95,91,179147
1.9746,0.2297,38.46,95,91,179151
1.9550,0.2199,38.58,95,91,179154
1.9795,0.2297,38.49,95,91,179158
1.9355,0.2199,38.90,95,91,179162
1.9355,0.2297,38.58,95,91,179165
1.9599,0.2297,38.49,95,91,179168
1.9599,0.2297,38.58,95,91,179172
2.0039,0.2248,38.46,95,91,179175
1.9746,0.2199,38.62,95,91,179178
1.9599,0.2248,38.68,95,91,179182
1.9648,0.2297,38.55,95,91,179185
1.9208,0.2248,38.62,95,91,179188
1.9208,0.2297,38.46,95,91,179191
1.8622,0.2248,38.62,95,91,179195
1.8622,0.2248,38.62,95,91,179198
1.8866,0.2248,38.55,95,91,179202
1.8719,0.2248,37.87,95,91,179206
1.9062,0.2395,38.33,95,91,179209
1.8671,0.2297,38.55,95,91,179212
1.8475,0.2248,37.87,95,91,179216
1.8377,0.2297,38.58,95,91,179219
1.8231,0.2199,38.68,95,91,179222
1.8866,0.2493,38.43,95,91,179226
1.8377,0.2297,38.55,95,91,179229
1.8133,0.2199,38.55,95,91,179232
1.8133,0.2346,38.68,95,91,179235
1.8182,0.2248,38.62,95,91,179239
1.8280,0.2346,38.40,95,91,179243
1.7693,0.2346,38.62,95,91,179246
1.7791,0.2102,38.49,95,91,179250
1.7546,0.2248,38.62,95,91,179253
1.7595,0.2297,38.68,95,91,179256
1.7840,0.2297,38.52,95,91,179260
1.7889,0.2248,38.46,95,91,179263
1.8035,0.2395,38.49,95,91,179266
1.7693,0.2248,38.62,95,91,179269
1.7840,0.2248,38.71,95,91,179273
1.8377,0.2395,38.49,95,91,179276
1.8231,0.2346,38.55,95,91,179281
1.7986,0.2248,38.68,95,91,179284
1.8671,0.2395,38.33,95,91,179288
1.8426,0.2248,37.99,95,91,179292
1.8377,0.2199,38.62,95,91,179295
1.8280,0.2102,38.58,95,91,179298
1.8231,0.2248,38.62,95,91,179302
1.8817,0.2444,38.40,95,91,179305
1.8768,0.2102,38.58,95,91,179308
1.8622,0.2199,38.55,95,91,179312
1.9062,0.2297,38.62,95,91,179315
1.9306,0.2248,38.62,95,91,179318
1.9404,0.2346,38.68,95,91,179321
1.8719,0.2493,38.62,95,91,179325
1.8671,0.2248,38.52,95,91,179329
1.8573,0.2248,38.62,95,91,179332
1.8622,0.2248,38.62,95,91,179336
1.8817,0.2346,38.52,95,91,179339
1.8280,0.2102,38.58,95,91,179342
1.8524,0.2297,38.49,95,91,179346
1.8622,0.2199,38.65,95,91,179349
1.8964,0.2395,38.62,95,91,179352
1.9208,0.2346,38.49,95,91,179356
1.8768,0.2248,38.68,95,91,179359
1.8964,0.2542,38.46,95,91,179362
1.8915,0.2248,38.58,95,91,179365
1.8915,0.2248,38.65,95,91,179369
1.8915,0.2199,38.58,95,91,179373
1.8915,0.2248,38.62,95,91,179376
1.9501,0.2297,38.43,95,91,179380
1.9159,0.2199,38.62,95,91,179383
1.9257,0.2199,38.65,95,91,179386
1.9404,0.2542,38.55,95,91,179390
1.9208,0.2248,38.62,95,91,179393
1.9697,0.2395,38.30,95,91,179396
1.9355,0.2199,38.55,95,91,179400
1.8964,0.2199,38.62,95,91,179403
1.8768,0.2199,38.68,95,91,179406
1.8475,0.2248,38.62,95,91,179409
1.8719,0.2395,37.65,95,91,179414
1.8182,0.2346,38.55,95,91,179417
1.8133,0.2248,37.93,95,91,179420
1.7937,0.2346,38.62,95,91,179424
1.7791,0.2102,38.62,95,91,179427
1.7889,0.2346,38.68,95,91,179430
1.7204,0.2297,38.62,95,91,179434
1.7546,0.2102,38.46,95,91,179437
1.7155,0.2248,38.52,95,91,179440
1.7498,0.2248,38.62,95,91,179444
1.7644,0.2297,38.58,95,91,179447
1.7351,0.2248,38.58,95,91,179450
1.7449,0.2346,38.52,95,91,179453
1.7009,0.2248,38.58,95,91,179458
1.7058,0.2248,38.68,95,91,179461
1.7351,0.2346,38.52,95,91,179464
1.7058,0.2542,38.58,95,91,179468
1.7351,0.2248,38.43,95,91,179471
1.7107,0.2248,38.58,95,91,179474
1.7058,0.2297,38.65,95,91,179478
1.7400,0.2297,38.49,95,91,179481
1.7546,0.2248,38.71,95,91,179484
1.8182,0.2590,38.33,95,91,179488
1.8035,0.2199,38.55,95,91,179491
1.8035,0.2248,38.65,95,91,179494
1.8573,0.2297,38.62,95,91,179497
1.9501,0.2248,38.65,95,91,179502
2.1505,0.2395,38.52,95,91,179505
2.2874,0.2199,38.58,95,91,179508
2.5269,0.2199,38.58,95,91,179512
2.7810,0.2248,38.68,95,91,179515
3.0596,0.2199,38.62,95,91,179518
3.3284,0.2395,38.46,95,91,179522
3.3773,0.2297,38.58,95,91,179525
3.3480,0.2199,38.52,95,91,179528
3.0547,0.2248,38.68,95,91,179531
2.6931,0.2248,38.62,95,91,179535
2.3851,0.2346,38.46,95,91,179538
2.0626,0.2297,38.58,95,91,179542
1.8377,0.2199,38.49,95,91,179546
1.6276,0.2248,38.62,95,91,179549
1.4809,0.2248,38.71,95,91,179552
1.4125,0.2346,38.49,95,91,179556
1.3490,0.2102,38.62,95,91,179559
1.3343,0.2346,38.49,95,91,179562
1.3001,0.2248,38.62,95,91,179565
1.3294,0.2248,38.62,95,91,179569
1.3783,0.2297,38.58,95,91,179572
1.4027,0.2248,38.65,95,91,179575
1.4614,0.2590,38.49,95,91,179579
1.4516,0.2248,38.62,95,91,179582
1.4809,0.2248,38.77,95,91,179586
1.5152,0.2248,38.55,95,91,179590
1.5200,0.2248,38.71,95,91,179593
1.5738,0.2346,38.36,95,91,179596
1.5640,0.2297,38.52,95,91,179600
1.5543,0.2199,38.68,95,91,179603
1.5738,0.2297,38.58,95,91,179606
1.5934,0.2248,38.65,95,91,179609
1.6716,0.2395,38.40,95,91,179613
1.6667,0.2297,38.49,95,91,179616
1.6471,0.2248,38.58,95,91,179619
1.6569,0.2248,38.52,95,91,179623
1.6667,0.2297,38.62,95,91,179627
1.7058,0.2297,38.49,95,91,179630
1.6667,0.2199,38.68,95,91,179634
1.6716,0.2102,38.52,95,91,179637
1.6569,0.2248,38.62,95,91,179640
1.6618,0.2346,38.62,95,91,179644
1.7009,0.2346,38.55,95,91,179647
1.7009,0.2248,38.71,95,91,179650
1.7302,0.2297,38.40,95,91,179653
1.7253,0.2248,38.62,95,91,179657
1.7204,0.2248,38.62,95,91,179660
1.7449,0.2493,38.52,95,91,179663
1.7204,0.2248,38.62,95,91,179667
1.7351,0.2248,37.71,95,91,179671
1.7009,0.2248,38.55,95,91,179674
1.7155,0.2248,38.62,95,91,179678
1.7302,0.2297,38.49,95,91,179681
1.7253,0.2199,38.62,95,91,179684
1.7742,0.2297,38.43,95,91,179687
1.7546,0.2199,38.65,95,91,179691
1.7644,0.2248,38.62,95,91,179694
1.7351,0.2297,38.65,95,91,179697
1.7107,0.2199,38.62,95,91,179701
1.7791,0.2346,38.36,95,91,179704
1.7058,0.2199,38.58,95,91,179707
1.7253,0.2199,38.68,95,91,179712
1.7400,0.2297,38.58,95,91,179715
1.7449,0.2248,38.62,95,91,179718
1.8182,0.2444,38.40,95,91,179722
1.7595,0.2297,38.55,95,91,179725
1.7498,0.2199,38.58,95,91,179728
1.7595,0.2297,38.62,95,91,179731
1.7693,0.2248,38.58,95,91,179735
1.8035,0.2395,38.43,95,91,179738
1.7693,0.2297,38.08,95,91,179741
1.7595,0.2248,38.49,95,91,179745
1.7498,0.2199,38.62,95,91,179748
1.7595,0.2297,38.62,95,91,179751
1.7937,0.2297,38.46,95,91,179756
1.7986,0.2248,38.62,95,91,179759
1.7986,0.2297,38.49,95,91,179762
1.7693,0.2297,38.62,95,91,179766
1.7742,0.2248,38.62,95,91,179769
1.7889,0.2297,38.55,95,91,179772
1.7840,0.2248,38.62,95,91,179775
1.8231,0.2248,38.52,95,91,179779
1.7986,0.2248,38.62,95,91,179782
1.8328,0.2199,38.65,95,91,179785
1.8328,0.2297,38.68,95,91,179789
1.8280,0.2102,38.62,95,91,179792
1.8622,0.2297,38.40,95,91,179795
1.8524,0.2297,38.46,95,91,179800
1.8475,0.2297,38.68,95,91,179803
1.8817,0.2297,38.55,95,91,179806
1.8719,0.2248,38.62,95,91,179810
1.9697,0.2395,38.33,95,91,179813
1.8964,0.2297,38.52,95,91,179816
1.8719,0.2297,38.62,95,91,179819
1.8573,0.2248,38.71,95,91,179823
1.8426,0.2248,38.55,95,91,179826
1.9013,0.2444,38.40,95,91,179829
1.8573,0.2297,38.65,95,91,179833
1.8573,0.2248,38.58,95,91,179836
1.8475,0.2248,38.62,95,91,179840
1.8328,0.2248,38.21,95,91,179844
1.8622,0.2395,38.55,95,91,179847
1.8377,0.2297,38.58,95,91,179850
1.8426,0.2248,38.49,95,91,179853
1.8133,0.2297,38.62,95,91,179857
1.8084,0.2248,38.62,95,91,179860
1.8377,0.2346,38.46,95,91,179863
1.8182,0.2248,38.62,95,91,179867
1.8475,0.2297,38.55,95,91,179870
1.8133,0.2444,38.58,95,91,179873
1.8035,0.2102,38.62,95,91,179877
1.8133,0.2297,38.36,95,91,179880
1.7937,0.2346,38.62,95,91,179884
1.8182,0.2248,38.43,95,91,179888
1.8475,0.2346,38.33,95,91,179892
1.8133,0.2248,38.58,95,91,179896
1.8182,0.2248,38.65,95,91,179899
1.8182,0.2297,38.62,95,91,179902
1.8035,0.2590,38.62,95,91,179906
1.8573,0.2395,38.43,95,91,179909
1.8280,0.2297,38.55,95,91,179912
1.8231,0.2444,38.52,95,91,179915
1.8328,0.2297,38.71,95,91,179919
1.8426,0.2248,38.77,95,91,179922
1.8768,0.2346,38.43,95,91,179926
1.8426,0.2297,37.93,95,91,179930
1.8377,0.2346,38.49,95,91,179933
1.8182,0.2102,38.62,95,91,179936
1.8035,0.2248,38.62,95,91,179940
1.8377,0.2297,38.52,95,91,179943
1.8328,0.2199,38.62,95,91,179946
1.8719,0.2346,38.52,95,91,179949
1.8524,0.2248,38.58,95,91,179953
1.8524,0.2199,38.65,95,91,179956
1.8622,0.2248,38.58,95,91,179959
1.8524,0.2248,38.62,95,91,179963
1.8671,0.2248,38.43,95,91,179966
1.8426,0.2248,38.55,95,91,179970
1.8524,0.2493,38.62,95,91,179974
1.8866,0.2297,38.55,95,91,179977
1.8719,0.2346,38.62,95,91,179980
1.9208,0.2346,38.36,95,91,179984
1.9013,0.2297,37.74,95,91,179987
1.8817,0.2297,38.62,95,91,179990
1.9062,0.2297,38.65,95,91,179993
1.8964,0.2248,38.62,95,91,179997
1.9941,0.2346,38.30,95,91,180000
1.9208,0.2297,38.55,95,91,180003
1.9110,0.2444,38.58,95,91,180007
1.9159,0.2248,38.62,95,91,180011
1.9159,0.2248,38.65,95,91,180014
1.9697,0.2493,38.46,95,91,180018
1.9110,0.2297,38.65,95,91,180021
1.9013,0.2248,38.52,95,91,180024
1.8622,0.2297,38.62,95,91,180028
1.8280,0.2248,38.65,95,91,180031
1.8426,0.2346,38.55,95,91,180034
1.8084,0.2346,38.62,95,91,180037
1.8231,0.2297,38.52,95,91,180041
1.8084,0.2102,38.62,95,91,180044
1.7986,0.2248,38.65,95,91,180047
1.8328,0.2444,38.49,95,91,180051
1.8035,0.2248,38.62,95,91,180055
1.8280,0.2248,38.49,95,91,180058
1.7840,0.2151,38.55,95,91,180062
1.7791,0.2248,38.68,95,91,180065
1.7889,0.2297,38.52,95,91,180068
1.8035,0.2102,38.62,95,91,180072
1.8035,0.2297,38.40,95,91,180075
1.7791,0.2248,38.49,95,91,180078
1.7791,0.2199,38.62,95,91,180081
1.7889,0.2297,38.58,95,91,180085
1.7791,0.2248,38.62,95,91,180088
1.8231,0.2346,38.33,95,91,180091
1.7840,0.2248,38.58,95,91,180096
1.7937,0.2297,38.65,95,91,180099
1.8084,0.2297,38.58,95,91,180102
1.8084,0.2248,38.65,95,91,180106
1.8719,0.2542,38.33,95,91,180109
1.8671,0.2297,38.58,95,91,180112
1.8866,0.2199,37.90,95,91,180115
1.9501,0.2297,38.62,95,91,180119
2.0283,0.2248,38.62,95,91,180122
2.2141,0.2346,38.43,95,91,180125
2.3705,0.2297,38.55,95,91,180129
2.5953,0.2248,38.58,95,91,180132
2.8250,0.2590,38.65,95,91,180135
3.0645,0.2248,38.62,95,91,180140
3.2747,0.2346,38.52,95,91,180143
3.2405,0.2248,38.52,95,91,180146
3.1183,0.2639,38.49,95,91,180150
2.7859,0.2248,38.68,95,91,180153
2.4487,0.2248,38.58,95,91,180156
2.1945,0.2199,38.55,95,91,180159
1.8964,0.2248,38.65,95,91,180163
1.7204,0.2248,38.49,95,91,180166
1.5445,0.2248,38.62,95,91,180169
1.4370,0.2248,38.55,95,91,180173
1.3832,0.2395,38.49,95,91,180176
1.3245,0.2248,38.55,95,91,180179
1.3196,0.2248,38.40,95,91,180184
1.3001,0.2297,38.55,95,91,180187
1.3001,0.2248,38.62,95,91,180190
1.3441,0.2346,38.55,95,91,180194
1.3490,0.2248,38.65,95,91,180197
1.3978,0.2346,37.65,95,91,180200
1.3783,0.2248,38.52,95,91,180203
1.3783,0.2248,38.62,95,91,180207
1.3930,0.2297,38.62,95,91,180210
1.4516,0.2248,38.62,95,91,180213
1.4809,0.2444,38.40,95,91,180217
1.4614,0.2248,38.58,95,91,180220
1.4858,0.2199,38.58,95,91,180224
1.5054,0.2297,38.52,95,91,180228
1.5200,0.2102,38.62,95,91,180231
1.5738,0.2395,38.49,95,91,180234
1.5591,0.2297,38.58,95,91,180237
1.5738,0.2297,38.52,95,91,180241
1.5689,0.2297,38.62,95,91,180244
1.5738,0.2248,38.65,95,91,180247
1.6080,0.2346,38.43,95,91,180251
1.5934,0.2297,38.65,95,91,180254
1.6227,0.2297,38.52,95,91,180257
1.6080,0.2248,38.62,95,91,180261
1.6227,0.2248,38.65,95,91,180264
1.6569,0.2444,38.52,95,91,180268
1.6471,0.2248,38.62,95,91,180272
1.6813,0.2248,38.46,95,91,180275
1.6618,0.2199,38.62,95,91,180278
1.6764,0.2248,38.62,95,91,180281
1.6911,0.2297,38.65,95,91,180285
1.6911,0.2639,38.58,95,91,180288
1.7302,0.2346,38.40,95,91,180291
1.7009,0.2248,38.68,95,91,180295
1.7107,0.2248,38.62,95,91,180298
1.7400,0.2297,38.58,95,91,180301
1.7155,0.2248,38.62,95,91,180305
1.7693,0.2346,38.43,95,91,180308
1.7400,0.2297,38.58,95,91,180312
1.7302,0.2248,38.65,95,91,180315
1.7546,0.2346,38.58,95,91,180319
1.7302,0.2248,38.62,95,91,180322
1.7889,0.2444,38.46,95,91,180325
1.7546,0.2346,38.58,95,91,180329
1.7400,0.2199,38.55,95,91,180332
1.7351,0.2248,38.62,95,91,180335
1.7400,0.2102,38.62,95,91,180339
1.7791,0.2346,38.49,95,91,180342
1.7498,0.2199,38.68,95,91,180345
1.7742,0.2248,38.49,95,91,180349
1.7546,0.2248,38.68,95,91,180353
1.7791,0.2199,38.62,95,91,180356
1.7791,0.2297,38.58,95,91,180359
1.7644,0.2248,38.58,95,91,180363
1.7889,0.2444,38.49,95,91,180366
1.7644,0.2248,38.58,95,91,180369
1.7742,0.2151,38.62,95,91,180373
1.8035,0.2346,38.52,95,91,180376
1.7840,0.2151,38.62,95,91,180379
1.8133,0.2297,38.46,95,91,180383
1.7986,0.2248,38.49,95,91,180386
1.7986,0.2248,38.62,95,91,180389
1.8231,0.2395,38.52,95,91,180393
1.8133,0.2248,38.62,95,91,180397
1.8671,0.2297,38.40,95,91,180400
1.8426,0.2199,38.55,95,91,180404
1.8524,0.2248,38.62,95,91,180407
1.8573,0.2297,38.65,95,91,180410
1.8573,0.2248,38.68,95,91,180413
1.9159,0.2444,38.33,95,91,180417
1.8622,0.2248,38.62,95,91,180420
1.8866,0.2102,38.58,95,91,180423
1.8719,0.2297,38.62,95,91,180427
1.8671,0.2297,38.62,95,91,180430
1.9110,0.2395,37.93,95,91,180433
1.8768,0.2297,38.55,95,91,180438
1.8866,0.2199,38.52,95,91,180441
1.8573,0.2297,38.62,95,91,180444
1.8622,0.2248,38.62,95,91,180448
1.8817,0.2346,38.52,95,91,180451
1.8719,0.2199,38.62,95,91,180454
1.8671,0.2297,38.52,95,91,180457
1.8377,0.2248,38.65,95,91,180461
1.8328,0.2248,38.62,95,91,180464
1.8475,0.2297,38.52,95,91,180467
1.8231,0.2297,38.68,95,91,180471
1.8524,0.2248,38.49,95,91,180474
1.8182,0.2199,38.58,95,91,180477
1.8475,0.2102,38.68,95,91,180482
1.8182,0.2297,38.58,95,91,180485
1.8084,0.2248,38.62,95,91,180488
1.8377,0.2297,38.40,95,91,180492
1.8035,0.2248,38.62,95,91,180495
1.8035,0.2248,38.84,95,91,180498
1.8133,0.2395,38.58,95,91,180501
1.7840,0.2297,38.62,95,91,180506
1.7742,0.2248,38.71,95,91,180509
1.8231,0.2346,38.40,95,91,180513
1.7937,0.2297,38.33,95,91,180516
1.7937,0.2199,38.52,95,91,180519
1.7889,0.2248,38.62,95,91,180524
1.7986,0.2248,38.65,95,91,180527
1.8280,0.2835,38.49,95,91,180530
1.8035,0.2248,38.62,95,91,180534
1.8280,0.2297,38.46,95,91,180537
1.7986,0.2248,38.62,95,91,180540
1.7986,0.2248,38.65,95,91,180544
1.8133,0.2297,38.58,95,91,180547
1.8035,0.2346,38.62,95,91,180550
1.8573,0.2346,38.52,95,91,180553
1.7986,0.2248,38.62,95,91,180557
1.8084,0.2199,38.62,95,91,180560
1.8377,0.2346,38.49,95,91,180563
1.8231,0.2346,38.68,95,91,180568
1.8622,0.2346,38.40,95,91,180571
1.8524,0.2297,38.65,95,91,180574
1.8475,0.2297,38.65,95,91,180578
1.8719,0.2297,38.55,95,91,180581
1.8524,0.2248,38.62,95,91,180584
1.9062,0.2346,38.43,95,91,180588
1.8671,0.2297,38.58,95,91,180591
1.8622,0.2346,38.62,95,91,180594
1.8622,0.2297,38.62,95,91,180597
1.8573,0.2248,38.58,95,91,180601
1.9159,0.2493,38.40,95,91,180604
1.8768,0.2248,38.58,95,91,180608
1.8915,0.2248,38.52,95,91,180612
1.9013,0.2297,38.62,95,91,180615
1.9159,0.2248,38.62,95,91,180618
1.9697,0.2395,38.52,95,91,180622
1.9599,0.2297,38.71,95,91,180625
1.9795,0.2542,38.55,95,91,180628
1.9550,0.2297,38.52,95,91,180632
1.9453,0.2542,38.58,95,91,180635
1.9599,0.2395,38.49,95,91,180638
1.9110,0.2297,38.62,95,91,180641
1.9013,0.2395,38.52,95,91,180645
1.8524,0.2199,38.55,95,91,180648
1.8280,0.2493,38.62,95,91,180652
1.8280,0.2346,38.49,95,91,180656
1.7986,0.2248,38.65,95,91,180659
1.8182,0.2346,38.43,95,91,180662
1.7937,0.2248,38.62,95,91,180666
1.7889,0.2297,38.65,95,91,180669
1.7889,0.2102,38.58,95,91,180672
1.7742,0.2248,38.46,95,91,180676
1.8035,0.2493,38.33,95,91,180679
1.7498,0.2248,38.62,95,91,180682
1.7498,0.2248,38.58,95,91,180685
1.7889,0.2346,38.58,95,91,180689
1.7498,0.2248,38.52,95,91,180692
1.7986,0.2444,38.33,95,91,180696
1.7644,0.2297,38.52,95,91,180700
1.7449,0.2248,38.58,95,91,180703
1.7449,0.2297,38.62,95,91,180706
1.7449,0.2248,38.71,95,91,180710
1.8182,0.2395,38.43,95,91,180713
1.7546,0.2297,38.81,95,91,180716
1.7546,0.2346,38.55,95,91,180720
1.7449,0.2248,38.62,95,91,180723
1.7546,0.2248,38.62,95,91,180726
1.7937,0.2346,38.49,95,91,180730
1.8084,0.2346,38.62,95,91,180733
1.8866,0.2297,37.74,95,91,180737
1.9306,0.2542,38.68,95,91,180740
2.0381,0.2248,38.55,95,91,180744
2.1848,0.2199,38.55,95,91,180747
2.3460,0.2248,38.62,95,91,180750
2.6051,0.2248,38.49,95,91,180754
2.8006,0.2444,38.62,95,91,180757
3.0547,0.2102,38.62,95,91,180760
3.2111,0.2297,38.52,95,91,180764
3.1818,0.2297,38.68,95,91,180767
3.0743,0.2346,38.40,95,91,180770
2.7615,0.2297,38.52,95,91,180773
2.4291,0.2248,38.62,95,91,180777
2.1701,0.2297,38.58,95,91,180781
1.9062,0.2248,38.81,95,91,180784
1.7595,0.2346,38.33,95,91,180788
1.5689,0.2248,38.52,95,91,180791
1.4565,0.2248,38.58,95,91,180794
1.3978,0.2297,38.62,95,91,180798
1.3441,0.2248,38.65,95,91,180801
1.3636,0.2688,38.43,95,91,180804
1.3050,0.2297,38.58,95,91,180808
1.3148,0.2248,38.58,95,91,180811
1.3392,0.2297,38.62,95,91,180814
1.3441,0.2248,38.65,95,91,180817
1.3881,0.2297,38.49,95,91,180822
1.3783,0.2102,38.58,95,91,180825
1.3978,0.2297,38.49,95,91,180828
1.4027,0.2102,38.62,95,91,180832
1.4321,0.2248,38.62,95,91,180835
1.4809,0.2346,38.46,95,91,180838
1.4809,0.2297,38.62,95,91,180842
1.5200,0.2297,38.49,95,91,180845
1.5103,0.2248,38.55,95,91,180848
1.5249,0.2151,38.62,95,91,180851
1.5543,0.2297,38.55,95,91,180855
1.5543,0.2248,38.68,95,91,180858
1.5787,0.2248,38.46,95,91,180861
1.5787,0.2248,38.58,95,91,180866
1.5885,0.2248,38.65,95,91,180869
1.6031,0.2297,38.58,95,91,180872
1.6031,0.2248,38.65,95,91,180876
1.6471,0.2346,38.40,95,91,180879
1.6178,0.2248,38.58,95,91,180882
1.6667,0.2199,38.62,95,91,180886
1.6471,0.2346,38.62,95,91,180889
1.6422,0.2248,38.62,95,91,180892
1.6862,0.2395,38.43,95,91,180896
1.6618,0.2542,38.55,95,91,180899
1.6520,0.2102,38.58,95,91,180902
1.6618,0.2297,38.58,95,91,180905
1.6813,0.2248,38.62,95,91,180910
1.7058,0.2395,38.43,95,91,180913
1.6764,0.2346,38.55,95,91,180916
1.6813,0.2248,38.52,95,91,180920
1.6764,0.2297,38.55,95,91,180923
1.6960,0.2248,38.65,95,91,180926
1.7204,0.2346,38.49,95,91,180930
1.6911,0.2297,38.68,95,91,180933
1.7155,0.2248,38.46,95,91,180936
1.6911,0.2297,38.68,95,91,180940
1.6911,0.2199,38.62,95,91,180943
1.7155,0.2346,38.55,95,91,180946
1.7107,0.2297,38.65,95,91,180950
1.7449,0.2248,38.49,95,91,180954
1.7155,0.2248,38.84,95,91,180957
1.7351,0.2248,38.62,95,91,180960
1.7693,0.2297,38.55,95,91,180964
1.7840,0.2248,38.58,95,91,180967
1.8035,0.2346,38.40,95,91,180970
1.7889,0.2248,38.71,95,91,180974
1.7889,0.2248,38.65,95,91,180977
1.8231,0.2346,38.52,95,91,180980
1.8133,0.2248,38.62,95,91,180984
1.8719,0.2395,38.36,95,91,180987
1.8426,0.2297,38.55,95,91,180990
1.8426,0.2297,38.65,95,91,180994
1.8573,0.2297,38.65,95,91,180998
1.8573,0.2248,38.65,95,91,181001
1.9208,0.2542,38.36,95,91,181004
1.8768,0.2297,38.58,95,91,181008
1.8866,0.2248,38.62,95,91,181011
1.8915,0.2102,38.62,95,91,181014
1.8915,0.2248,38.62,95,91,181018
1.9501,0.2395,38.52,95,91,181021
1.9404,0.2297,38.58,95,91,181024
1.9599,0.2297,38.46,95,91,181028
1.9453,0.2297,38.62,95,91,181031
1.9599,0.2248,38.81,95,91,181035
2.0039,0.2346,38.46,95,91,181038
1.9844,0.2297,38.62,95,91,181042
2.0088,0.2346,38.52,95,91,181045
1.9746,0.2444,38.68,95,91,181048
1.9648,0.2248,38.62,95,91,181052
1.9844,0.2346,38.49,95,91,181055
1.9599,0.2199,38.62,95,91,181058
1.9844,0.2297,38.46,95,91,181062
1.9501,0.2248,38.62,95,91,181065
1.9599,0.2248,38.62,95,91,181068
1.9501,0.2297,38.71,95,91,181072
1.9355,0.2248,38.62,95,91,181075
1.9746,0.2346,38.40,95,91,181079
1.9257,0.2199,38.58,95,91,181082
1.9159,0.2248,38.62,95,91,181086
1.9208,0.2297,38.58,95,91,181089
1.8915,0.2248,38.65,95,91,181092
1.9355,0.2346,38.30,95,91,181096
1.8964,0.2297,38.58,95,91,181099
1.8719,0.2346,38.62,95,91,181102
1.8719,0.2297,38.68,95,91,181106
1.8524,0.2248,38.62,95,91,181109
1.9257,0.2493,38.43,95,91,181112
1.8328,0.2346,38.52,95,91,181117
1.8035,0.2248,38.68,95,91,181121
1.8280,0.2297,38.43,95,91,181125
1.8133,0.2199,38.62,95,91,181128
1.7986,0.2248,38.62,95,91,181131
1.8035,0.2395,38.55,95,91,181134
1.8035,0.2102,38.62,95,91,181138
1.8231,0.2297,38.46,95,91,181141
1.7986,0.2297,38.62,95,91,181144
1.7986,0.2248,38.71,95,91,181148
1.8182,0.2444,38.52,95,91,181151
1.7937,0.2297,38.62,95,91,181154
1.8328,0.2346,38.36,95,91,181158
1.8231,0.2346,38.55,95,91,181161
1.8084,0.2248,38.58,95,91,181165
1.8231,0.2346,38.62,95,91,181169
1.8084,0.2248,37.87,95,91,181172
1.8573,0.2395,38.33,95,91,181175
1.8133,0.2297,38.55,95,91,181179
1.7986,0.2199,38.52,95,91,181182
1.7986,0.2297,38.62,95,91,181185
1.8035,0.2248,38.74,95,91,181188
1.8524,0.2444,38.49,95,91,181192
1.8133,0.2297,38.58,95,91,181195
1.8182,0.2248,38.55,95,91,181198
1.8133,0.2297,38.62,95,91,181202
1.8133,0.2248,38.68,95,91,181206
1.8377,0.2395,38.55,95,91,181209
1.8231,0.2297,38.65,95,91,181213
1.8426,0.2297,38.46,95,91,181216
1.8280,0.2248,38.62,95,91,181219
1.8377,0.2248,38.74,95,91,181223
1.8817,0.2346,38.49,95,91,181226
1.8622,0.2297,38.62,95,91,181229
1.8964,0.2248,38.46,95,91,181232
1.8817,0.2248,38.55,95,91,181236
1.8915,0.2248,38.68,95,91,181239
1.9257,0.2346,38.43,95,91,181242
1.9208,0.2248,38.62,95,91,181246
1.9648,0.2835,38.40,95,91,181250
1.9453,0.2297,38.55,95,91,181253
1.9306,0.2248,38.58,95,91,181257
1.9257,0.2493,38.58,95,91,181260
1.9013,0.2297,38.62,95,91,181263
1.9306,0.2346,38.36,95,91,181267
1.8622,0.2346,38.65,95,91,181270
1.8426,0.2248,38.65,95,91,181273
1.8280,0.2297,38.52,95,91,181276
1.8035,0.2297,38.62,95,91,181280
1.8475,0.2444,38.40,95,91,181283
1.8035,0.2297,38.62,95,91,181286
1.8182,0.2297,38.55,95,91,181291
1.7791,0.2297,38.52,95,91,181294
1.7644,0.2248,38.62,95,91,181297
1.7937,0.2395,38.43,95,91,181301
1.7546,0.2493,38.58,95,91,181304
1.7693,0.2346,38.52,95,91,181307
1.7351,0.2248,38.65,95,91,181311
1.7351,0.2297,38.65,95,91,181314
1.7546,0.2297,38.49,95,91,181317
1.7155,0.2297,38.84,95,91,181320
1.7449,0.2395,38.49,95,91,181324
1.7204,0.2346,38.62,95,91,181327
1.7302,0.2248,38.65,95,91,181330
1.7498,0.2346,38.58,95,91,181335
1.7546,0.2297,38.62,95,91,181338
1.7889,0.2297,38.40,95,91,181341
1.7693,0.2297,38.62,95,91,181345
1.7840,0.2248,38.68,95,91,181348
1.8133,0.2688,38.52,95,91,181351
1.8182,0.2297,38.58,95,91,181354
1.8817,0.2346,38.36,95,91,181358
1.9062,0.2346,38.55,95,91,181361
1.9648,0.2248,38.65,95,91,181364
2.0772,0.2688,38.58,95,91,181368
2.1945,0.2297,38.68,95,91,181371
2.4438,0.2297,38.33,95,91,181374
2.6197,0.2346,38.49,95,91,181379
2.8543,0.2199,38.58,95,91,181382
3.0938,0.2297,38.62,95,91,181385
3.2356,0.2248,38.65,95,91,181389
3.3236,0.2395,38.43,95,91,181392
3.0841,0.2297,38.58,95,91,181395
2.8104,0.2248,38.58,95,91,181398
2.5220,0.2102,38.62,95,91,181402
2.2141,0.2248,38.74,95,91,181405
2.0088,0.2346,38.52,95,91,181408
1.7889,0.2346,38.58,95,91,181412
1.6422,0.2248,38.52,95,91,181415
1.5152,0.2346,38.62,95,91,181419
1.4467,0.2248,38.62,95,91,181423
1.4272,0.2395,38.49,95,91,181426
1.3783,0.2297,38.62,95,91,181429
1.3734,0.2346,38.49,95,91,181433
1.3636,0.2151,38.58,95,91,181436
1.3783,0.2346,38.62,95,91,181439
1.4076,0.2346,38.49,95,91,181442
1.4076,0.2248,38.62,95,91,181446
1.4418,0.2297,38.46,95,91,181449
1.4321,0.2346,38.58,95,91,181452
1.4565,0.2248,38.62,95,91,181456
1.4907,0.2297,38.62,95,91,181459
1.5103,0.2199,38.65,95,91,181463
1.5689,0.2346,38.36,95,91,181467
1.5689,0.2199,38.65,95,91,181470
1.5738,0.2248,38.65,95,91,181473
1.5885,0.2297,38.58,95,91,181477
1.5934,0.2248,38.62,95,91,181480
1.6520,0.2493,38.36,95,91,181483
1.6471,0.2346,38.52,95,91,181486
1.6520,0.2199,38.58,95,91,181490
1.6764,0.2297,38.62,95,91,181493
1.7009,0.2102,38.62,95,91,181496
1.7400,0.2346,38.49,95,91,181500
1.7155,0.2346,38.52,95,91,181504
1.7204,0.2248,38.52,95,91,181507
1.7204,0.2297,38.62,95,91,181511
1.7204,0.2248,38.65,95,91,181514
1.7449,0.2346,38.49,95,91,181517
1.7204,0.2297,38.65,95,91,181521
1.7449,0.2639,38.46,95,91,181524
1.7253,0.2248,38.62,95,91,181527
1.7204,0.2346,38.62,95,91,181530
1.7302,0.2346,38.55,95,91,181534
1.7204,0.2297,38.68,95,91,181537
1.7498,0.2248,38.46,95,91,181540
1.7302,0.2297,38.65,95,91,181544
1.7449,0.2248,38.62,95,91,181548
1.7742,0.2346,38.55,95,91,181551
1.7498,0.2248,38.65,95,91,181555
1.7742,0.2346,38.40,95,91,181558
1.7498,0.2297,38.52,95,91,181561
1.7498,0.2248,38.74,95,91,181565
1.7791,0.2346,38.55,95,91,181568
1.7742,0.2297,38.68,95,91,181571
1.8280,0.2346,38.36,95,91,181574
1.7840,0.2297,38.52,95,91,181578
1.7693,0.2248,38.62,95,91,181581
1.7644,0.2248,38.62,95,91,181584
1.7546,0.2248,38.62,95,91,181588
1.8035,0.2493,38.40,95,91,181592
1.7644,0.2297,38.62,95,91,181595
1.7644,0.2248,38.58,95,91,181599
1.7693,0.2346,38.62,95,91,181602
1.7693,0.2248,38.71,95,91,181605
1.8084,0.2346,38.55,95,91,181609
1.7937,0.2346,38.58,95,91,181612
1.8035,0.2297,38.52,95,91,181615
1.7791,0.2199,38.65,95,91,181618
1.7840,0.2199,38.65,95,91,181622
1.8133,0.2346,38.58,95,91,181625
1.7889,0.2199,38.62,95,91,181628
1.8280,0.2346,38.49,95,91,181633
1.8035,0.2248,38.58,95,91,181636
1.8133,0.2248,38.62,95,91,181639
1.8328,0.2346,38.52,95,91,181643
1.8328,0.2248,38.62,95,91,181646
1.9062,0.2199,38.46,95,91,181649
1.8573,0.2248,38.68,95,91,181652
1.8622,0.2248,38.62,95,91,181656
1.8622,0.2297,38.58,95,91,181659
1.8524,0.2248,38.65,95,91,181662
1.8915,0.2346,38.40,95,91,181666
1.8573,0.2248,38.62,95,91,181669
1.8622,0.2248,38.49,95,91,181672
1.8719,0.2444,38.58,95,91,181677
1.8524,0.2297,38.74,95,91,181680
1.8915,0.2395,38.36,95,91,181683
1.8719,0.2346,38.52,95,91,181687
1.8573,0.2199,38.62,95,91,181690
1.8671,0.2346,38.62,95,91,181693
1.8671,0.2248,38.62,95,91,181696
1.9257,0.2444,38.58,95,91,181700
1.8817,0.2346,38.55,95,91,181703
1.8475,0.2248,38.55,95,91,181706
1.8133,0.2297,38.87,95,91,181710
1.8084,0.2199,38.62,95,91,181713
1.8426,0.2395,38.52,95,91,181716
1.8231,0.2493,38.62,95,91,181721
1.8475,0.2297,38.49,95,91,181724
1.8280,0.2297,38.68,95,91,181727
1.8182,0.2297,38.62,95,91,181732
1.8524,0.2297,38.65,95,91,181735
1.8524,0.2395,38.58,95,91,181739
1.8280,0.2102,38.58,95,91,181742
1.8524,0.2346,38.36,95,91,181745
1.8133,0.2297,38.52,95,91,181749
1.7986,0.2102,38.62,95,91,181752
1.8182,0.2297,38.58,95,91,181755
1.7937,0.2248,38.62,95,91,181758
1.8377,0.2395,38.33,95,91,181763
1.8035,0.2199,38.55,95,91,181766
1.8231,0.2248,38.58,95,91,181769
1.8084,0.2297,38.62,95,91,181773
1.8084,0.2248,38.62,95,91,181776
1.8573,0.2395,38.43,95,91,181779
1.8133,0.2297,38.62,95,91,181783
1.8377,0.2395,38.46,95,91,181786
1.8280,0.2199,38.62,95,91,181789
1.8328,0.2248,38.81,95,91,181792
1.8573,0.2542,38.55,95,91,181796
1.8377,0.2297,38.62,95,91,181799
1.8573,0.2297,38.65,95,91,181803
1.8280,0.2297,38.65,95,91,181807
1.8426,0.2297,38.65,95,91,181810
1.8866,0.2395,38.49,95,91,181813
1.8719,0.2297,38.49,95,91,181817
1.8964,0.2346,38.49,95,91,181820
1.8768,0.2248,38.58,95,91,181823
1.8573,0.2248,38.65,95,91,181827
1.9110,0.2346,38.49,95,91,181830
1.8866,0.2248,38.62,95,91,181833
1.9257,0.2297,38.36,95,91,181837
1.8964,0.2297,38.62,95,91,181840
1.8817,0.2248,38.62,95,91,181843
1.8964,0.2395,38.68,95,91,181847
1.8915,0.2297,38.62,95,91,181851
1.9404,0.2346,37.83,95,91,181854
1.9257,0.2102,38.65,95,91,181857
1.9306,0.2248,38.65,95,91,181861
1.9746,0.2639,38.58,95,91,181864
1.9941,0.2346,38.62,95,91,181867
2.0626,0.2786,38.40,95,91,181871
2.0088,0.2346,38.55,95,91,181874
1.9746,0.2102,38.58,95,91,181877
1.9404,0.2297,38.68,95,91,181880
1.9013,0.2542,38.68,95,91,181884
1.9062,0.2297,38.43,95,91,181888
1.8524,0.2395,38.58,95,91,181891
1.8573,0.2297,38.49,95,91,181895
1.8231,0.2297,38.62,95,91,181898
1.8182,0.2297,38.58,95,91,181901
1.8328,0.2297,38.49,95,91,181905
1.7937,0.2297,38.68,95,91,181908
1.8133,0.2297,38.55,95,91,181911
1.7986,0.2297,38.62,95,91,181915
1.7889,0.2297,38.62,95,91,181918
1.7840,0.2346,38.58,95,91,181921
1.7644,0.2297,38.62,95,91,181924
1.7791,0.2297,38.84,95,91,181928
1.7546,0.2297,38.62,95,91,181932
1.7644,0.2248,38.84,95,91,181935
1.8182,0.2346,38.52,95,91,181939
1.7742,0.2297,38.65,95,91,181942
1.8231,0.2346,38.40,95,91,181945
1.8084,0.2297,38.52,95,91,181949
1.7986,0.2248,38.68,95,91,181952
1.8133,0.2346,38.58,95,91,181955
1.7742,0.2248,38.62,95,91,181959
1.8280,0.2395,38.33,95,91,181962
1.8084,0.2297,38.52,95,91,181965
1.8280,0.2248,38.65,95,91,181968
1.8622,0.2444,38.68,95,91,181972
1.9013,0.2248,38.65,95,91,181976
2.0186,0.2444,38.43,95,91,181979
2.0479,0.2102,38.58,95,91,181983
2.1750,0.2102,38.58,95,91,181986
2.3460,0.2297,38.68,95,91,181989
2.5562,0.2102,38.62,95,91,181993
2.8446,0.2395,38.65,95,91,181996
3.0694,0.2297,38.58,95,91,181999
3.2942,0.2346,38.49,95,91,182003
3.3187,0.2297,38.62,95,91,182006
3.2111,0.2248,38.68,95,91,182009
3.0303,0.2395,38.49,95,91,182012
2.6686,0.2297,38.62,95,91,182017
2.3949,0.2346,38.49,95,91,182020
2.0821,0.2248,38.58,95,91,182023
1.8328,0.2297,38.58,95,91,182027
1.6471,0.2346,38.55,95,91,182030
1.5005,0.2248,38.74,95,91,182033
1.4418,0.2346,38.43,95,91,182037
1.3783,0.2297,38.58,95,91,182040
1.3441,0.2248,38.62,95,91,182043
1.3392,0.2346,38.58,95,91,182047
1.3343,0.2248,38.62,95,91,182050
1.4027,0.2346,38.40,95,91,182053
1.4272,0.2248,38.62,95,91,182056
1.4761,0.2248,38.68,95,91,182061
1.5152,0.2297,38.62,95,91,182064
1.4907,0.2297,38.68,95,91,182067
1.5249,0.2395,38.36,95,91,182071
1.5054,0.2297,38.58,95,91,182074
1.5200,0.2199,38.62,95,91,182077
1.5787,0.2346,38.62,95,91,182081
1.5738,0.2297,38.65,95,91,182084
1.6227,0.2395,38.46,95,91,182087
1.6129,0.2297,38.58,95,91,182091
1.6276,0.2248,38.52,95,91,182094
1.6276,0.2346,38.68,95,91,182097
1.6227,0.2297,38.65,95,91,182100
1.6325,0.2346,38.36,95,91,182105
1.6373,0.2297,38.62,95,91,182108
1.6471,0.2297,38.46,95,91,182111
1.6422,0.2542,38.62,95,91,182115
1.6471,0.2248,38.62,95,91,182118
1.6569,0.2346,38.62,95,91,182121
1.6960,0.2297,38.62,95,91,182125
1.7009,0.2297,38.49,95,91,182128
1.6569,0.2248,38.62,95,91,182131
1.6569,0.2102,38.62,95,91,182135
1.6862,0.2346,38.49,95,91,182138
1.7009,0.2297,38.62,95,91,182141
1.7351,0.2297,38.52,95,91,182145
1.6960,0.2493,38.55,95,91,182149
1.6911,0.2199,38.62,95,91,182152
1.7155,0.2346,38.55,95,91,182155
1.7009,0.2297,38.62,95,91,182159
1.7546,0.2297,38.33,95,91,182162
1.7400,0.2346,38.52,95,91,182165
1.7498,0.2248,38.65,95,91,182169
1.7498,0.2297,38.71,95,91,182172
1.7351,0.2199,38.65,95,91,182175
1.7840,0.2493,38.43,95,91,182179
1.7351,0.2346,38.62,95,91,182182
1.7400,0.2248,38.55,95,91,182185
1.7400,0.2297,38.68,95,91,182189
1.7498,0.2297,38.62,95,91,182193
1.7986,0.2395,38.49,95,91,182196
1.7644,0.2297,38.55,95,91,182199
1.7693,0.2542,38.49,95,91,182203
1.7400,0.2297,38.62,95,91,182206
1.7498,0.2248,38.65,95,91,182209
1.7937,0.2395,38.46,95,91,182213
1.7546,0.2248,38.58,95,91,182216
1.7742,0.2346,38.55,95,91,182219
1.7595,0.2248,38.62,95,91,182223
1.7840,0.2248,38.71,95,91,182226
1.8377,0.2297,38.49,95,91,182230
1.8182,0.2297,38.62,95,91,182233
1.8231,0.2395,38.49,95,91,182237
1.7791,0.2248,38.58,95,91,182240
1.7791,0.2248,38.84,95,91,182243
1.8084,0.2346,38.58,95,91,182247
1.8182,0.2248,38.62,95,91,182250
1.8426,0.2346,38.40,95,91,182253
1.7937,0.2199,38.62,95,91,182257
1.8133,0.2248,38.65,95,91,182260
1.8426,0.2297,38.81,95,91,182263
1.8475,0.2297,38.65,95,91,182267
1.9013,0.2395,38.33,95,91,182270
1.8671,0.2590,38.55,95,91,182274
1.8768,0.2248,38.58,95,91,182277
1.8768,0.2297,38.55,95,91,182281
1.8719,0.2493,38.65,95,91,182284
1.9306,0.2395,38.49,95,91,182287
1.8719,0.2346,38.58,95,91,182291
1.8768,0.2346,38.55,95,91,182294
1.8768,0.2297,38.62,95,91,182297
1.8866,0.2248,38.62,95,91,182301
1.9159,0.2346,38.49,95,91,182304
1.8915,0.2297,38.49,95,91,182307
1.9257,0.2248,38.46,95,91,182311
1.8817,0.2297,38.65,95,91,182315
1.8573,0.2297,38.62,95,91,182318
1.8475,0.2297,38.58,95,91,182321
1.8231,0.2297,38.62,95,91,182325
1.8475,0.2199,38.55,95,91,182328
1.8231,0.2297,38.62,95,91,182331
1.8280,0.2102,38.65,95,91,182335
1.8280,0.2346,38.58,95,91,182338
1.8035,0.2297,38.58,95,91,182343
1.7937,0.2248,38.84,95,91,182346
1.8475,0.2444,38.43,95,91,182349
1.8182,0.2297,37.74,95,91,182353
1.8084,0.2297,38.58,95,91,182356
1.8182,0.2297,38.62,95,91,182360
1.8182,0.2248,38.62,95,91,182364
1.8573,0.2493,38.49,95,91,182367
1.8035,0.2297,38.81,95,91,182370
1.8084,0.2297,38.52,95,91,182374
1.7889,0.2297,38.62,95,91,182377
1.8035,0.2248,38.58,95,91,182380
1.8426,0.2248,38.52,95,91,182383
1.8573,0.2297,38.62,95,91,182387
1.8475,0.2297,38.46,95,91,182390
1.8231,0.2199,38.62,95,91,182393
1.8231,0.2297,38.62,95,91,182397
1.8573,0.2395,38.49,95,91,182401
1.8328,0.2297,38.62,95,91,182404
1.8622,0.2297,38.46,95,91,182408
1.8377,0.2102,38.55,95,91,182411
1.8231,0.2248,38.65,95,91,182414
1.8377,0.2395,38.49,95,91,182418
1.8182,0.2346,38.65,95,91,182421
1.8573,0.2297,38.40,95,91,182424
1.8377,0.2395,38.58,95,91,182427
1.8426,0.2297,38.62,95,91,182431
1.8573,0.2297,38.58,95,91,182434
1.8475,0.2297,38.62,95,91,182437
1.9062,0.2444,38.36,95,91,182441
1.8377,0.2297,38.58,95,91,182445
1.8426,0.2248,38.68,95,91,182448
1.8475,0.2297,38.46,95,91,182452
1.8475,0.2297,38.62,95,91,182455
1.9257,0.2493,38.43,95,91,182458
1.8964,0.2590,38.58,95,91,182462
1.8768,0.2102,38.55,95,91,182465
1.8768,0.2297,38.65,95,91,182468
1.8866,0.2248,38.62,95,91,182471
1.9404,0.2395,38.46,95,91,182475
1.9404,0.2346,38.58,95,91,182478
1.9453,0.2346,38.52,95,91,182481
1.9257,0.2297,38.62,95,91,182486
1.9306,0.2297,38.62,95,91,182489
1.9697,0.2395,38.49,95,91,182492
1.9208,0.2297,38.62,95,91,182496
1.9257,0.2346,38.33,95,91,182499
1.8622,0.2346,38.65,95,91,182502
1.8280,0.2248,38.62,95,91,182505
1.8133,0.2297,38.55,95,91,182509
1.8280,0.2297,38.65,95,91,182512
1.8133,0.2297,38.46,95,91,182515
1.8084,0.2199,38.62,95,91,182519
1.7791,0.2248,38.62,95,91,182522
1.7889,0.2346,38.52,95,91,182525
1.7546,0.2102,38.62,95,91,182530
1.7742,0.2346,38.46,95,91,182533
1.7400,0.2297,38.55,95,91,182536
1.7644,0.2199,38.62,95,91,182540
1.7498,0.2346,38.65,95,91,182543
1.7449,0.2297,38.62,95,91,182546
1.7889,0.2395,38.33,95,91,182549
1.7449,0.2297,38.52,95,91,182553
1.7253,0.2248,38.62,95,91,182556
1.7204,0.2297,38.62,95,91,182559
1.7204,0.2248,38.62,95,91,182563
1.7644,0.2444,38.43,95,91,182566
1.7253,0.2297,38.68,95,91,182569
1.7253,0.2248,38.55,95,91,182574
1.7155,0.2297,38.62,95,91,182577
1.7058,0.2248,38.62,95,91,182580
1.7791,0.2395,38.55,95,91,182584
1.7498,0.2297,38.62,95,91,182587
1.7986,0.2688,38.49,95,91,182590
1.8182,0.2297,38.65,95,91,182593
1.8866,0.2248,38.65,95,91,182597
2.0235,0.2346,38.46,95,91,182600
2.1408,0.2297,38.43,95,91,182603
2.3607,0.2493,38.52,95,91,182607
2.5758,0.2248,38.62,95,91,182610
2.8104,0.2297,38.65,95,91,182614
3.0890,0.2346,38.55,95,91,182618
3.2747,0.2199,38.62,95,91,182621
3.3431,0.2297,38.43,95,91,182624
3.1623,0.2297,38.55,95,91,182628
2.8641,0.2199,38.62,95,91,182631
2.5367,0.2297,38.55,95,91,182634
2.2092,0.2248,38.68,95,91,182637
1.9990,0.2346,38.36,95,91,182641
1.7351,0.2297,38.68,95,91,182644
1.5738,0.2248,38.62,95,91,182647
1.4614,0.2297,38.55,95,91,182651
1.3685,0.2248,38.62,95,91,182654
1.3539,0.2493,38.55,95,91,182658
1.3196,0.2297,38.55,95,91,182662
1.2854,0.2248,38.58,95,91,182665
1.3001,0.2346,38.62,95,91,182668
1.3148,0.2297,38.65,95,91,182672
1.3734,0.2395,38.43,95,91,182675
1.3783,0.2346,38.58,95,91,182678
1.3978,0.2297,38.52,95,91,182681
1.4027,0.2444,38.68,95,91,182685
1.4272,0.2297,38.65,95,91,182688
1.4712,0.2590,38.49,95,91,182691
1.4712,0.2346,38.68,95,91,182695
1.5152,0.2297,38.55,95,91,182699
1.5152,0.2248,38.62,95,91,182702
1.5298,0.2248,38.68,95,91,182706
1.5494,0.2248,38.62,95,91,182709
1.5494,0.2297,38.65,95,91,182712
1.5640,0.2297,38.62,95,91,182716
1.5445,0.2297,38.65,95,91,182719
1.5543,0.2248,38.62,95,91,182722
1.5738,0.2346,38.52,95,91,182725
1.5689,0.2297,38.62,95,91,182729
1.6178,0.2346,38.36,95,91,182732
1.6178,0.2346,38.52,95,91,182735
1.6178,0.2248,38.68,95,91,182739
1.6471,0.2346,38.55,95,91,182743
1.6325,0.2297,38.65,95,91,182746
1.6862,0.2590,38.33,95,91,182750
1.6618,0.2297,38.49,95,91,182753
1.6569,0.2248,38.58,95,91,182756
1.6667,0.2199,38.65,95,91,182760
1.6618,0.2297,38.62,95,91,182763
1.7058,0.2493,38.46,95,91,182766
1.6960,0.2102,38.62,95,91,182770
1.6667,0.2248,38.52,95,91,182773
1.6618,0.2297,38.65,95,91,182776
1.6667,0.2248,38.62,95,91,182779
1.7009,0.2395,38.55,95,91,182784
1.6813,0.2395,38.58,95,91,182787
1.7009,0.2346,38.46,95,91,182790
1.6813,0.2297,38.30,95,91,182794
1.6813,0.2297,38.62,95,91,182797
1.7107,0.2395,38.49,95,91,182800
1.6813,0.2395,38.68,95,91,182804
1.7009,0.2346,38.49,95,91,182807
1.6716,0.2248,38.55,95,91,182810
1.6764,0.2297,38.58,95,91,182813
1.6960,0.2346,38.49,95,91,182817
1.6813,0.2297,38.65,95,91,182820
1.7107,0.2346,38.43,95,91,182823
1.6911,0.2297,38.62,95,91,182828
1.6960,0.2297,38.65,95,91,182831
1.7058,0.2346,38.58,95,91,182834
1.7058,0.2297,38.62,95,91,182838
1.7400,0.2395,38.36,95,91,182841
1.7107,0.2346,38.58,95,91,182844
1.7253,0.2248,38.65,95,91,182848
1.7449,0.2297,38.77,95,91,182851
1.7351,0.2297,38.62,95,91,182854
1.7937,0.2444,38.36,95,91,182857
1.7791,0.2395,38.55,95,91,182861
1.7742,0.2248,38.58,95,91,182864
1.7889,0.2346,38.65,95,91,182867
1.7937,0.2248,38.62,95,91,182872
1.8475,0.2395,38.46,95,91,182875
1.8377,0.2297,38.58,95,91,182878
1.8524,0.2297,38.52,95,91,182882
1.8671,0.2199,38.65,95,91,182885
1.8524,0.2297,38.62,95,91,182888
1.8866,0.2346,38.49,95,91,182892
1.8573,0.2297,38.62,95,91,182895
1.8915,0.2346,37.71,95,91,182898
1.8622,0.2248,38.65,95,91,182901
1.8719,0.2297,38.65,95,91,182905
1.8866,0.2297,38.55,95,91,182908
1.8915,0.2297,38.62,95,91,182912
1.8964,0.2297,38.49,95,91,182916
1.8622,0.2248,38.68,95,91,182919
1.8622,0.2248,38.62,95,91,182922
1.8817,0.2346,38.52,95,91,182926
1.8524,0.2297,38.62,95,91,182929
1.8768,0.2346,38.27,95,91,182932
1.8377,0.2346,38.58,95,91,182936
1.8231,0.2248,38.62,95,91,182939
1.8280,0.2346,38.55,95,91,182942
1.8035,0.2297,38.65,95,91,182946
1.8426,0.2395,38.36,95,91,182949
1.8328,0.2395,38.49,96,91,182955
1.7986,0.2297,38.62,96,91,182958
1.8182,0.2297,38.49,96,91,182961
1.7986,0.2248,38.65,96,91,182964
1.7986,0.2297,38.62,96,91,182968
1.8133,0.2395,38.58,96,91,182971
1.8035,0.2248,38.68,96,91,182974
1.8426,0.2346,38.49,96,91,182978
1.7742,0.2297,38.62,96,91,182981
1.8035,0.2102,38.62,96,91,182984
1.8035,0.2346,38.49,96,91,182988
1.7693,0.2297,38.62,96,91,182991
1.7986,0.2346,38.46,96,91,182994
1.7742,0.2297,38.58,96,91,182999
1.7693,0.2297,38.65,96,91,183002
1.7889,0.2395,38.49,96,91,183005
1.7644,0.2297,38.71,96,91,183008
1.8035,0.2444,38.40,96,91,183012
1.7742,0.2346,38.58,96,91,183015
1.7644,0.2297,38.68,96,91,183018
1.7644,0.2297,38.62,96,91,183022
1.7546,0.2297,38.65,96,91,183025
1.7937,0.2395,38.33,96,91,183028
1.7449,0.2297,38.58,96,91,183032
1.7449,0.2248,38.40,96,91,183035
1.7498,0.2346,38.62,96,91,183038
1.7449,0.2297,38.71,96,91,183043
1.7937,0.2444,38.43,96,91,183046
1.7644,0.2297,38.58,96,91,183049
1.7644,0.2248,38.46,96,91,183052
1.7644,0.2297,38.62,96,91,183056
1.7693,0.2297,38.77,96,91,183059
1.8084,0.2346,38.46,96,91,183062
1.7937,0.2297,38.65,96,91,183066
1.8231,0.2297,38.52,96,91,183069
1.8084,0.2102,38.62,96,91,183072
1.8133,0.2297,38.65,96,91,183076
1.8377,0.2395,38.52,96,91,183079
1.8280,0.2297,38.65,96,91,183083
1.8671,0.2346,38.49,96,91,183087
1.8719,0.2346,38.58,96,91,183090
1.8573,0.2297,38.62,96,91,183093
1.8817,0.2346,38.62,96,91,183096
1.9110,0.2199,38.62,96,91,183100
1.9453,0.2346,38.46,96,91,183103
1.9306,0.2199,38.62,96,91,183106
1.9306,0.2248,38.62,96,91,183110
1.9501,0.2346,38.40,96,91,183113
1.9208,0.2248,38.68,96,91,183116
1.9453,0.2346,38.36,96,91,183120
1.8866,0.2297,38.52,96,91,183123
1.8475,0.2395,38.68,96,91,183127
1.8377,0.2297,37.93,96,91,183131
1.8133,0.2297,38.65,96,91,183134
1.8671,0.2493,38.36,96,91,183137
1.8133,0.2297,38.49,96,91,183140
1.8133,0.2102,38.58,96,91,183144
1.7742,0.2248,37.83,96,91,183147
1.7595,0.2297,38.65,96,91,183150
1.7889,0.2395,38.49,96,91,183154
1.7400,0.2297,38.58,96,91,183157
1.7498,0.2346,38.52,96,91,183160
1.7351,0.2297,38.65,96,91,183164
1.7351,0.2297,38.65,96,91,183168
1.7595,0.2346,38.55,96,91,183171
1.7400,0.2297,38.71,96,91,183175
1.7546,0.2297,38.46,96,91,183178
1.7302,0.2297,38.65,96,91,183181
1.7351,0.2248,38.65,96,91,183184
1.7791,0.2395,38.49,96,91,183188
1.7546,0.2297,38.58,96,91,183191
1.7840,0.2346,38.46,96,91,183194
1.7742,0.2248,38.55,96,91,183198
1.7791,0.2493,38.62,96,91,183201
1.8133,0.2395,38.49,96,91,183204
1.8182,0.2297,38.62,96,91,183208
1.9013,0.2346,38.40,96,91,183212
1.9110,0.2297,38.52,96,91,183215
1.9746,0.2151,38.62,96,91,183219
2.0821,0.2297,38.62,96,91,183222
2.2141,0.2297,38.62,96,91,183225
2.4682,0.2444,38.43,96,91,183228
2.6246,0.2297,38.55,96,91,183232
2.8690,0.2199,38.62,96,91,183235
3.0987,0.2297,38.65,96,91,183238
3.2258,0.2248,38.58,96,91,183242
3.3089,0.2444,38.43,96,91,183245
3.0841,0.2297,38.58,96,91,183248
2.7859,0.2248,38.71,96,91,183252
2.4731,0.2297,38.62,96,91,183256
2.1896,0.2346,38.68,96,91,183259
1.9892,0.2395,38.46,96,91,183263
1.7742,0.2297,38.58,96,91,183266
1.6373,0.2297,38.46,96,91,183269
1.5103,0.2102,38.62,96,91,183272
1.4565,0.2297,38.65,96,91,183276
1.4370,0.2444,38.52,96,91,183279
1.3978,0.2297,38.62,96,91,183282
1.4027,0.2297,38.49,96,91,183286
1.3930,0.2199,38.62,96,91,183289
1.4174,0.2248,38.74,96,91,183292
1.4418,0.2346,38.55,96,91,183297
1.4614,0.2346,38.62,96,91,183300
1.4907,0.2297,38.43,96,91,183303
1.4809,0.2199,38.62,96,91,183307
1.5103,0.2248,38.68,96,91,183310
1.5445,0.2346,38.58,96,91,183313
1.5494,0.2297,38.62,96,91,183316
1.5982,0.2395,38.15,96,91,183320
1.5934,0.2248,38.58,96,91,183323
1.6080,0.2102,38.68,96,91,183326
1.6178,0.2395,38.58,96,91,183330
1.6129,0.2297,38.68,96,91,183333
1.6667,0.2444,38.36,96,91,183336
1.6373,0.2297,38.46,96,91,183341
1.6667,0.2297,38.58,96,91,183344
1.6422,0.2297,38.62,96,91,183347
1.6471,0.2248,38.65,96,91,183351
1.6960,0.2395,38.49,96,91,183354
1.6667,0.2297,38.74,96,91,183357
1.6813,0.2199,38.52,96,91,183360
1.6716,0.2297,38.62,96,91,183364
1.6764,0.2297,38.65,96,91,183367
1.7351,0.2395,38.55,96,91,183370
1.6911,0.2297,38.65,96,91,183374
1.7155,0.2346,38.49,96,91,183377
1.6960,0.2297,38.62,96,91,183380
1.6960,0.2297,38.65,96,91,183385
1.7449,0.2395,38.52,96,91,183388
1.6911,0.2346,38.58,96,91,183391
1.7058,0.2395,38.46,96,91,183395
1.6813,0.2248,38.55,96,91,183398
1.6862,0.2297,38.65,96,91,183401
1.7155,0.2346,38.52,96,91,183404
1.6911,0.2297,38.65,96,91,183408
1.7400,0.2297,38.40,96,91,183411
1.7302,0.2297,38.58,96,91,183414
1.7204,0.2297,38.77,96,91,183418
1.7351,0.2297,38.62,96,91,183421
1.7498,0.2297,38.62,96,91,183425
1.7791,0.2395,38.40,96,91,183429
1.7449,0.2199,38.62,96,91,183432
1.7595,0.2248,38.65,96,91,183435
1.7693,0.2297,38.58,96,91,183439
1.7644,0.2297,38.68,96,91,183442
1.8328,0.2493,38.43,96,91,183445
1.8084,0.2346,38.55,96,91,183448
1.7937,0.2248,38.55,96,91,183452
1.7889,0.2346,38.62,96,91,183455
1.7889,0.2297,38.62,96,91,183458
1.8280,0.2395,38.43,96,91,183462
1.8084,0.2297,38.58,96,91,183465
1.8231,0.2297,38.62,96,91,183469
1.8035,0.2297,38.62,96,91,183473
1.8035,0.2297,38.65,96,91,183476
1.8280,0.2395,38.71,96,91,183479
1.8084,0.2346,38.65,96,91,183483
1.8475,0.2346,38.52,96,91,183486
1.8182,0.2297,38.84,96,91,183489
1.8231,0.2102,38.65,96,91,183492
1.8377,0.2297,38.58,96,91,183496
1.8377,0.2297,38.58,96,91,183499
1.8719,0.2346,38.40,96,91,183502
1.8573,0.2297,38.62,96,91,183506
1.8964,0.2102,38.62,96,91,183510
1.9062,0.2395,38.62,96,91,183513
1.8866,0.2346,38.62,96,91,183517
1.9355,0.2297,38.40,96,91,183520
1.9062,0.2297,38.49,96,91,183523
1.8866,0.2248,38.65,96,91,183527
1.8964,0.2297,38.18,96,91,183530
1.8817,0.2346,38.65,96,91,183533
1.9404,0.2444,38.33,96,91,183536
1.8866,0.2297,38.52,96,91,183540
1.8719,0.2248,38.58,96,91,183543
1.8719,0.2297,38.62,96,91,183546
1.8671,0.2346,38.65,96,91,183550
1.9013,0.2395,38.46,96,91,183554
1.8622,0.2297,38.65,96,91,183557
1.8622,0.2248,38.52,96,91,183561
1.8377,0.2297,38.62,95,91,183564
1.8182,0.2297,38.62,95,91,183569
1.8231,0.2297,38.65,95,91,183572
1.8426,0.2297,38.49,95,91,183575
1.8133,0.2395,38.62,95,91,183579
1.8377,0.2346,38.40,95,91,183582
1.8231,0.2297,38.52,95,91,183585
1.7986,0.2444,38.65,95,91,183589
1.8182,0.2346,38.55,95,91,183592
1.7889,0.2297,38.65,95,91,183596
1.8328,0.2346,38.33,95,91,183599
1.7986,0.2297,38.65,95,91,183603
1.7889,0.2346,38.68,95,91,183606
1.7840,0.2297,38.65,95,91,183609
1.7840,0.2297,38.84,95,91,183613
1.8328,0.2444,38.43,95,91,183616
1.7840,0.2297,38.62,95,91,183619
1.7889,0.2248,38.58,95,91,183623
1.7791,0.2346,38.65,95,91,183626
1.7791,0.2297,38.65,95,91,183629
1.8426,0.2444,38.49,95,91,183633
1.7889,0.2297,38.58,95,91,183636
1.7889,0.2297,38.46,95,91,183640
1.7742,0.2297,38.65,95,91,183643
1.7742,0.2297,38.62,95,91,183647
1.8084,0.2395,38.49,95,91,183650
1.7937,0.2297,38.58,95,91,183653
1.8231,0.2737,38.49,95,91,183657
1.8035,0.2248,38.58,95,91,183660
1.8035,0.2248,38.84,95,91,183663
1.8182,0.2395,38.62,95,91,183667
1.8084,0.2346,38.62,95,91,183670
1.8377,0.2297,38.49,95,91,183673
1.8182,0.2346,38.58,95,91,183677
1.8231,0.2297,38.65,95,91,183681
1.8280,0.2590,38.58,95,91,183684
1.8182,0.2248,38.68,95,91,183687
1.8573,0.2346,38.40,95,91,183691
1.8231,0.2297,38.62,95,91,183694
1.8328,0.2248,38.65,95,91,183697
1.8524,0.2346,38.71,95,91,183701
1.8524,0.2297,38.65,95,91,183704
1.9110,0.2395,38.27,95,91,183707
1.8915,0.2444,38.52,95,91,183711
1.8866,0.2248,38.62,95,91,183714
1.9062,0.2346,38.62,95,91,183717
1.9355,0.2199,38.65,95,91,183721
1.9892,0.2444,38.49,95,91,183725
1.9599,0.2395,38.62,95,91,183728
1.9453,0.2248,38.55,95,91,183731
1.9306,0.2297,38.84,95,91,183735
1.9159,0.2346,38.68,95,91,183738
1.9208,0.2297,38.52,95,91,183741
1.8671,0.2248,38.65,95,91,183745
1.8622,0.2346,38.49,95,91,183748
1.8231,0.2297,38.68,95,91,183751
1.8133,0.2151,38.62,95,91,183755
1.8231,0.2346,38.55,95,91,183758
1.8084,0.2639,38.58,95,91,183761
1.8377,0.2346,38.49,95,91,183766
1.7986,0.2248,38.62,95,91,183769
1.7937,0.2297,38.68,95,91,183772
1.8133,0.2346,38.55,95,91,183775
1.7937,0.2297,38.65,95,91,183779
1.8231,0.2346,38.43,95,91,183782
1.8035,0.2297,38.58,95,91,183785
1.7986,0.2297,38.62,95,91,183789
1.8231,0.2297,38.55,95,91,183792
1.8084,0.2248,38.52,95,91,183795
1.8622,0.2395,38.36,95,91,183799
1.8280,0.2297,38.77,95,91,183802
1.8231,0.2444,38.62,95,91,183805
1.8231,0.2297,38.62,95,91,183810
1.8231,0.2297,38.65,95,91,183813
1.8719,0.2444,38.40,95,91,183816
1.8231,0.2297,38.71,95,91,183819
1.8377,0.2199,38.55,95,91,183823
1.8524,0.2297,38.62,95,91,183826
1.8817,0.2297,38.68,95,91,183829
1.9697,0.2395,38.49,95,91,183833
2.0039,0.2297,38.65,95,91,183836
2.1017,0.2297,38.52,95,91,183839
2.2092,0.2297,38.62,95,91,183843
2.3656,0.2248,38.71,95,91,183846
2.6100,0.2688,38.46,95,91,183849
2.8055,0.2297,38.58,95,91,183854
3.0694,0.2297,38.55,95,91,183857
3.2063,0.2297,38.62,95,91,183860
3.2796,0.2102,38.62,95,91,183863
3.2063,0.2248,38.62,95,91,183867
2.9228,0.2199,38.65,95,91,183870
2.6735,0.2297,38.46,95,91,183873
2.3509,0.2248,38.58,95,91,183877
2.1065,0.2297,38.62,95,91,183880
1.9159,0.2297,38.55,95,91,183883
1.7400,0.2297,38.58,95,91,183887
1.6422,0.2395,38.40,95,91,183890
1.5200,0.2248,38.52,95,91,183894
1.4712,0.2248,38.62,95,91,183898
1.4565,0.2346,38.58,95,91,183901
1.4223,0.2297,38.65,95,91,183904
1.4614,0.2395,38.33,95,91,183907
1.4516,0.2346,38.52,95,91,183911
1.4614,0.2248,38.68,95,91,183914
1.4809,0.2297,38.65,95,91,183917
1.5054,0.2297,38.62,95,91,183921
1.5738,0.2493,38.46,95,91,183924
1.5591,0.2346,38.74,95,91,183927
1.5934,0.2248,38.55,95,91,183931
1.6227,0.2297,38.62,95,91,183934
1.6373,0.2248,38.58,95,91,183938
1.6813,0.2395,38.49,95,91,183942
1.6618,0.2297,38.62,95,91,183945
1.6911,0.2542,38.49,95,91,183948
1.6667,0.2297,38.65,95,91,183951
1.6862,0.2346,38.65,95,91,183955
1.7058,0.2346,38.58,95,91,183958
1.7058,0.2297,38.21,95,91,183961
1.7449,0.2346,38.49,95,91,183965
1.7253,0.2297,38.62,95,91,183968
1.7351,0.2248,38.71,95,91,183971
1.7644,0.2346,38.52,95,91,183975
1.7498,0.2297,38.58,95,91,183979
1.7840,0.2346,38.46,95,91,183982
1.7742,0.2346,38.52,95,91,183986
1.7791,0.2248,38.52,95,91,183989
1.8035,0.2297,38.55,95,91,183992
1.7840,0.2248,38.65,95,91,183995
1.8328,0.2346,38.36,95,91,183999
1.7986,0.2297,38.52,95,91,184002
1.7937,0.2248,38.71,95,91,184005
1.8084,0.2297,38.62,95,91,184009
1.8084,0.2297,38.65,95,91,184012
1.8622,0.2493,38.36,95,91,184015
1.8182,0.2297,38.55,95,91,184019
1.8182,0.2199,38.49,95,91,184023
1.8280,0.2346,38.62,95,91,184026
1.8231,0.2248,38.65,95,91,184030
1.8622,0.2444,38.49,95,91,184033
1.8377,0.2297,38.58,95,91,184036
1.8524,0.2297,38.52,95,91,184039
1.8475,0.2199,38.65,95,91,184043
1.8524,0.2248,38.68,95,91,184046
1.8866,0.2395,38.49,95,91,184049
1.8524,0.2346,38.62,95,91,184053
1.8817,0.2297,38.46,95,91,184056
1.8573,0.2199,38.62,95,91,184059
1.8622,0.2248,38.65,95,91,184064
1.8866,0.2346,38.49,95,91,184067
1.8915,0.2248,38.62,95,91,184070
1.9159,0.2297,38.46,95,91,184074
1.8866,0.2248,38.52,95,91,184077
1.9062,0.2199,38.62,95,91,184080
1.8915,0.2297,38.62,95,91,184083
1.8964,0.2248,38.65,95,91,184087
1.9355,0.2346,38.43,95,91,184090
1.9013,0.2248,38.58,95,91,184093
1.9062,0.2297,38.68,95,91,184097
1.9257,0.2346,38.55,95,91,184100
1.9208,0.2297,38.62,95,91,184103
2.0186,0.2346,38.33,95,91,184108
1.9599,0.2297,38.55,95,91,184111
1.9501,0.2199,38.58,95,91,184114
1.9648,0.2297,38.58,95,91,184118
1.9550,0.2248,38.65,95,91,184121
2.0235,0.2542,38.43,95,91,184124
1.9990,0.2346,38.52,95,91,184127
1.9990,0.2248,38.65,95,91,184131
1.9941,0.2297,38.65,95,91,184134
1.9795,0.2297,38.62,95,91,184137
2.0039,0.2346,38.49,95,91,184141
1.9501,0.2297,38.52,95,91,184144
1.9550,0.2297,38.52,95,91,184147
1.9306,0.2248,38.62,95,91,184152
1.9257,0.2395,38.65,95,91,184155
1.9453,0.2346,38.58,95,91,184158
1.9257,0.2297,38.68,95,91,184161
1.9453,0.2297,38.49,95,91,184165
1.9208,0.2248,38.62,95,91,184168
1.9159,0.2248,38.68,95,91,184171
1.9306,0.2297,38.55,95,91,184175
1.9013,0.2248,38.62,95,91,184178
1.8719,0.2248,38.65,95,91,184182
1.9257,0.2346,38.55,95,91,184185
1.8866,0.2297,38.58,95,91,184188
1.8768,0.2248,38.65,95,91,184193
1.8719,0.2297,38.62,95,91,184196
1.8573,0.2248,38.62,95,91,184199
1.9110,0.2444,38.49,95,91,184203
1.8573,0.2199,38.58,95,91,184206
1.8671,0.2248,38.55,95,91,184209
1.8671,0.2297,38.65,95,91,184212
1.8768,0.2248,38.65,95,91,184216
1.9110,0.2395,38.52,95,91,184219
1.8768,0.2248,38.58,95,91,184222
1.8768,0.2297,38.55,95,91,184226
1.8475,0.2297,38.58,95,91,184229
1.8377,0.2248,38.62,95,91,184232
1.8719,0.2346,38.46,95,91,184237
1.8426,0.2102,38.58,95,91,184240
1.8768,0.2346,38.58,95,91,184243
1.8573,0.2199,38.58,95,91,184247
1.8768,0.2102,38.62,95,91,184250
1.8964,0.2346,38.49,95,91,184253
1.8866,0.2199,38.62,95,91,184257
1.9159,0.2248,38.46,95,91,184260
1.8866,0.2199,38.55,95,91,184263
1.8817,0.2248,38.62,95,91,184266
1.8866,0.2297,38.46,95,91,184270
1.8768,0.2346,38.65,95,91,184273
1.9306,0.2297,38.40,95,91,184276
1.9013,0.2346,38.62,95,91,184281
1.9453,0.2199,38.68,95,91,184284
1.9306,0.2297,38.68,95,91,184287
1.9013,0.2297,38.62,95,91,184291
1.9453,0.2395,38.43,95,91,184294
1.8964,0.2346,38.49,95,91,184297
1.8817,0.2151,38.58,95,91,184301
1.9013,0.2297,38.71,95,91,184304
1.9110,0.2493,38.68,95,91,184307
1.9746,0.2346,38.43,95,91,184310
1.9501,0.2346,38.62,95,91,184314
1.9501,0.2248,38.52,95,91,184317
1.9501,0.2297,38.62,95,91,184321
1.9599,0.2248,38.65,95,91,184325
1.9990,0.2346,38.49,95,91,184328
1.9697,0.2248,38.74,95,91,184331
1.9990,0.2542,38.46,95,91,184335
1.9941,0.2248,38.65,95,91,184338
2.0039,0.2248,38.62,95,91,184341
2.0283,0.2248,38.55,95,91,184345
2.0283,0.2248,38.62,95,91,184348
2.0528,0.2346,38.49,95,91,184351
1.9990,0.2248,38.62,95,91,184354
1.9746,0.2248,38.68,95,91,184358
1.9795,0.2297,38.52,95,91,184361
1.9355,0.2248,38.62,95,91,184365
1.9550,0.2297,38.46,95,91,184369
1.9159,0.2639,38.52,95,91,184372
1.8866,0.2248,38.65,95,91,184375
1.8964,0.2444,38.55,95,91,184379
1.8915,0.2248,38.62,95,91,184382
1.9159,0.2346,38.36,95,91,184385
1.8866,0.2248,38.52,95,91,184389
1.8524,0.2248,38.68,95,91,184392
1.8573,0.2248,38.62,95,91,184395
1.8622,0.2151,38.62,95,91,184398
1.9062,0.2444,38.58,95,91,184402
1.8524,0.2199,38.68,95,91,184406
1.8524,0.2199,38.55,95,91,184409
1.8524,0.2297,38.62,95,91,184413
1.8524,0.2248,38.62,95,91,184416
1.8915,0.2395,38.52,95,91,184419
1.8622,0.2248,38.65,95,91,184423
1.8671,0.2248,38.52,95,91,184426
1.8328,0.2346,38.62,95,91,184429
1.8280,0.2248,38.65,95,91,184433
1.8622,0.2346,38.43,95,91,184436
1.8475,0.2248,38.62,95,91,184439
1.8866,0.2297,38.52,95,91,184442
1.8817,0.2199,38.58,95,91,184446
1.9110,0.2199,38.65,95,91,184450
1.9844,0.2297,37.77,95,91,184453
2.0430,0.2395,38.62,95,91,184457
2.1945,0.2248,38.46,95,91,184460
2.3314,0.2248,38.40,95,91,184463
2.5415,0.2248,38.68,95,91,184467
2.8055,0.2297,38.58,95,91,184470
3.0499,0.2248,38.65,95,91,184473
3.3284,0.2297,38.36,95,91,184476
3.3529,0.2199,38.62,95,91,184480
3.2649,0.2248,38.65,95,91,184483
3.0645,0.2102,38.55,95,91,184486
2.7028,0.2248,38.55,95,91,184491
2.4585,0.2395,38.36,95,91,184494
2.1408,0.2297,38.55,95,91,184497
1.8915,0.2199,38.62,95,91,184501
1.7155,0.2248,38.62,95,91,184504
1.5836,0.2102,38.62,95,91,184507
1.5347,0.2395,38.46,95,91,184511
1.4516,0.2346,38.55,95,91,184514
1.4125,0.2248,38.55,95,91,184517
1.3930,0.2346,38.62,95,91,184520
1.3978,0.2248,38.62,95,91,184524
1.4516,0.2297,38.49,95,91,184527
1.4614,0.2346,38.68,95,91,184530
1.5054,0.2248,38.49,95,91,184535
1.5005,0.2248,38.62,95,91,184538
1.5152,0.2151,38.65,95,91,184541
1.5396,0.2297,38.62,95,91,184545
1.5396,0.2248,38.65,95,91,184548
1.5787,0.2395,38.55,95,91,184551
1.5689,0.2248,38.77,95,91,184555
1.5885,0.2297,38.68,95,91,184558
1.6276,0.2346,38.55,95,91,184561
1.6276,0.2199,38.62,95,91,184564
1.6813,0.2199,38.40,95,91,184568
1.6862,0.2248,38.62,95,91,184571
1.6911,0.2297,38.62,95,91,184574
1.7204,0.2346,38.55,95,91,184579
1.7058,0.2248,38.58,95,91,184582
1.7546,0.2346,38.40,95,91,184585
1.7253,0.2199,38.55,95,91,184589
1.7155,0.2248,38.58,95,91,184592
1.7400,0.2199,38.62,95,91,184595
1.7253,0.2248,38.65,95,91,184599
1.7937,0.2395,38.40,95,91,184602
1.7449,0.2199,38.58,95,91,184605
1.7351,0.2199,38.58,95,91,184608
1.7155,0.2248,38.65,95,91,184612
1.7155,0.2199,38.65,95,91,184615
1.7546,0.2395,38.49,95,91,184619
1.7302,0.2444,38.58,95,91,184623
1.7449,0.2199,38.49,95,91,184626
1.7498,0.2297,38.58,95,91,184629
1.7840,0.2102,38.62,95,91,184633
1.8182,0.2297,38.46,95,91,184636
1.8035,0.2151,38.62,95,91,184639
1.8377,0.2248,38.49,95,91,184643
1.7742,0.2248,38.65,95,91,184646
1.7546,0.2248,38.71,95,91,184649
1.7595,0.2297,38.52,95,91,184652
1.7253,0.2248,38.58,95,91,184656
1.7595,0.2297,38.55,95,91,184659
1.7498,0.2199,38.58,95,91,184663
1.7742,0.2248,38.77,95,91,184667
1.7937,0.2395,38.55,95,91,184670
1.7986,0.2199,38.62,95,91,184673
1.8328,0.2248,38.43,95,91,184677
1.7986,0.2297,38.65,95,91,184680
1.8182,0.2199,38.65,95,91,184683
1.8524,0.2297,38.52,95,91,184686
1.8426,0.2248,38.62,95,91,184690
1.8671,0.2346,38.40,95,91,184693
1.8182,0.2248,38.55,95,91,184696
1.8084,0.2199,38.65,95,91,184700
1.8328,0.2297,38.58,95,91,184704
1.8328,0.2248,38.62,95,91,184707
1.9013,0.2444,38.36,95,91,184711
1.8671,0.2395,38.52,95,91,184714
1.8475,0.2199,38.55,95,91,184717
1.8426,0.2248,38.71,95,91,184721
1.8475,0.2297,38.62,95,91,184724
1.8964,0.2346,38.52,95,91,184727
1.8817,0.2248,38.62,95,91,184730
1.9062,0.2590,38.55,95,91,184734
1.9013,0.2102,38.62,95,91,184737
1.9208,0.2248,38.49,95,91,184740
1.9697,0.2639,38.55,95,91,184744
1.9795,0.2102,38.58,95,91,184748
1.9599,0.2297,38.46,95,91,184751
1.9257,0.2297,38.62,95,91,184755
1.9257,0.2248,38.65,95,91,184758
1.9404,0.2297,38.49,95,91,184761
1.9062,0.2102,38.62,95,91,184765
1.9306,0.2248,38.49,95,91,184768
1.9110,0.2248,38.62,95,91,184771
1.9208,0.2297,38.58,95,91,184774
1.9404,0.2297,38.65,95,91,184778
1.9208,0.2248,38.68,95,91,184781
1.9648,0.2346,38.43,95,91,184784
1.9159,0.2395,38.36,96,91,184788
1.8719,0.2248,38.58,96,91,184792
1.8719,0.2199,38.58,96,91,184796
1.8671,0.2297,38.68,96,91,184799
1.8719,0.2346,38.62,96,91,184802
1.9208,0.2444,38.49,96,91,184806
1.8915,0.2297,38.24,96,91,184809
1.9062,0.2737,38.55,96,91,184812
1.8915,0.2248,38.62,96,91,184816
1.8866,0.2297,38.58,96,91,184819
1.9062,0.2346,38.46,96,91,184822
1.8524,0.2297,38.62,96,91,184825
1.8475,0.2248,38.49,96,91,184829
1.8280,0.2248,38.62,96,91,184833
1.8475,0.2248,38.65,96,91,184836
1.8817,0.2297,38.52,96,91,184840
1.8622,0.2248,38.65,96,91,184843
1.9013,0.2199,38.46,96,91,184846
1.8817,0.2248,38.55,96,91,184850
1.8817,0.2297,38.68,96,91,184853
1.8817,0.2248,38.58,96,91,184856
1.8768,0.2248,38.55,96,91,184860
1.9208,0.2346,38.40,96,91,184863
1.8915,0.2199,37.93,96,91,184866
1.9110,0.2248,38.65,96,91,184869
1.9257,0.2297,38.55,96,91,184873
1.9159,0.2248,38.65,96,91,184877
1.9746,0.2346,38.33,96,91,184880
1.9355,0.2297,38.52,96,91,184884
1.9062,0.2199,38.74,96,91,184887
1.9013,0.2297,38.62,96,91,184890
1.8915,0.2248,38.65,96,91,184894
1.9599,0.2395,38.43,96,91,184897
1.9550,0.2297,38.55,96,91,184900
1.9599,0.2199,38.71,96,91,184904
1.9453,0.2297,38.62,96,91,184907
1.9404,0.2248,38.65,96,91,184910
1.9795,0.2346,38.46,96,91,184913
1.9550,0.2248,38.62,96,91,184918
1.9746,0.2248,38.52,96,91,184921
1.9453,0.2248,38.62,96,91,184924
1.9355,0.2248,38.62,96,91,184928
1.9599,0.2346,38.52,96,91,184931
1.9648,0.2102,38.62,96,91,184934
1.9990,0.2297,38.55,96,91,184938
1.9746,0.2248,38.65,96,91,184941
1.9990,0.2248,38.62,96,91,184944
2.0430,0.2493,38.52,96,91,184948
2.0381,0.2248,38.65,96,91,184951
2.0821,0.2248,38.43,96,91,184954
2.0772,0.2248,38.62,96,91,184957
2.0528,0.2248,38.65,96,91,184962
2.0479,0.2346,38.52,96,91,184965
1.9990,0.2248,38.71,96,91,184968
2.0332,0.2346,38.33,96,91,184972
1.9844,0.2248,38.52,96,91,184975
1.9550,0.2248,38.65,96,91,184978
1.9355,0.2248,38.58,96,91,184982
1.9159,0.2102,38.62,96,91,184985
1.9746,0.2297,38.33,96,91,184988
1.9355,0.2199,38.58,96,91,184991
1.9208,0.2199,38.62,96,91,184995
1.9110,0.2297,38.71,96,91,184998
1.8866,0.2248,38.68,96,91,185001
1.9208,0.2395,38.52,96,91,185006
1.8719,0.2248,38.62,96,91,185009
1.8768,0.2199,38.55,96,91,185012
1.8524,0.2248,38.52,96,91,185016
1.8573,0.2199,38.62,96,91,185019
1.9013,0.2297,38.52,96,91,185022
1.8671,0.2248,38.62,96,91,185026
1.8573,0.2248,38.49,96,91,185029
1.8328,0.2248,38.52,96,91,185032
1.8475,0.2297,38.62,96,91,185035
1.8866,0.2346,38.52,96,91,185039
1.8719,0.2248,38.62,96,91,185042
1.9208,0.2297,38.58,96,91,185046
1.8866,0.2199,38.62,96,91,185050
1.8915,0.2395,38.62,96,91,185053
1.9062,0.2102,38.58,96,91,185056
1.8915,0.2248,38.65,96,91,185060
1.9453,0.2248,38.36,96,91,185063
1.9697,0.2346,38.65,96,91,185066
2.0577,0.2199,38.55,96,91,185070
2.2141,0.2395,38.55,96,91,185073
2.3754,0.2248,38.68,96,91,185076
2.6540,0.2297,38.36,96,91,185079
2.8983,0.2297,38.55,96,91,185083
3.0841,0.2248,38.68,96,91,185086
3.3138,0.2248,38.58,96,91,185090
3.3969,0.2248,38.58,96,91,185094
3.4164,0.2444,38.40,96,91,185097
3.0987,0.2297,38.52,96,91,185100
2.7322,0.2199,38.58,96,91,185104
2.3851,0.2297,38.62,96,91,185107
2.0821,0.2199,38.65,96,91,185110
1.8964,0.2444,38.49,96,91,185113
1.6716,0.2297,38.62,96,91,185117
1.5494,0.2199,38.49,96,91,185120
1.4370,0.2248,38.46,96,91,185123
1.3930,0.2102,38.65,96,91,185127
1.3832,0.2297,38.55,96,91,185131
1.3636,0.2248,38.62,96,91,185134
1.3685,0.2102,38.49,96,91,185138
1.3587,0.2248,38.65,96,91,185141
1.3832,0.2248,38.65,96,91,185144
1.4370,0.2297,38.24,96,91,185148
1.4565,0.2248,38.62,96,91,185151
1.4858,0.2248,38.49,96,91,185154
1.4907,0.2199,38.58,96,91,185157
1.5249,0.2199,38.65,96,91,185161
1.5689,0.2297,38.46,96,91,185164
1.5640,0.2248,38.62,96,91,185167
1.6031,0.2444,38.40,96,91,185171
1.5934,0.2248,38.55,96,91,185175
1.6031,0.2248,38.71,96,91,185178
1.6276,0.2199,38.58,96,91,185182
1.6422,0.2248,38.65,96,91,185185
1.7009,0.2346,38.36,96,91,185188
1.6618,0.2248,38.58,96,91,185192
1.6716,0.2199,38.65,96,91,185195
1.6716,0.2199,38.58,96,91,185198
1.6569,0.2199,38.65,96,91,185201
1.7009,0.2395,38.40,96,91,185205
1.6569,0.2199,38.58,96,91,185208
1.6569,0.2199,38.55,96,91,185211
1.6667,0.2346,38.58,96,91,185216
1.6862,0.2199,38.65,96,91,185219
1.7204,0.2346,38.43,96,91,185222
1.7058,0.2297,38.58,96,91,185226
1.6960,0.2248,38.49,96,91,185229
1.6716,0.2248,38.68,96,91,185232
1.6667,0.2444,38.62,96,91,185236
1.6960,0.2297,38.52,96,91,185239
1.6813,0.2248,38.65,96,91,185242
1.7155,0.2248,38.49,96,91,185245
1.6960,0.2248,38.68,96,91,185249
1.7058,0.2248,38.65,96,91,185252
1.7204,0.2297,38.58,96,91,185255
1.7155,0.2248,38.65,96,91,185260
1.7302,0.2248,38.62,96,91,185263
1.7058,0.2248,38.65,96,91,185266
1.7302,0.2248,38.65,96,91,185270
1.7498,0.2297,38.52,96,91,185273
1.7302,0.2248,38.62,96,91,185276
1.7595,0.2297,38.46,96,91,185279
1.7498,0.2444,38.52,96,91,185283
1.7644,0.2248,38.65,96,91,185286
1.7889,0.2297,38.55,96,91,185289
1.7742,0.2248,38.62,96,91,185293
1.8182,0.2346,38.33,96,91,185296
1.7889,0.2248,38.52,96,91,185299
1.7937,0.2199,38.62,96,91,185304
1.7693,0.2248,38.62,96,91,185307
1.7644,0.2493,38.68,96,91,185310
1.8182,0.2444,38.43,96,91,185314
1.7742,0.2248,38.62,96,91,185317
1.7840,0.2248,38.55,96,91,185320
1.7693,0.2248,38.62,96,91,185323
1.7644,0.2151,38.65,96,91,185327
1.8035,0.2395,38.52,96,91,185330
1.7889,0.2248,38.58,96,91,185333
1.8133,0.2346,38.49,96,91,185337
1.8035,0.2248,38.71,96,91,185340
1.8133,0.2248,38.58,96,91,185344
1.8622,0.2346,38.49,96,91,185348
1.8426,0.2248,38.49,96,91,185351
1.8671,0.2395,38.49,96,91,185354
1.8426,0.2199,38.58,96,91,185358
1.8524,0.2248,38.58,96,91,185361
1.8768,0.2297,38.49,96,91,185364
1.8622,0.2248,38.62,96,91,185367
1.8915,0.2248,38.40,96,91,185371
1.8671,0.2248,38.52,96,91,185374
1.8573,0.2248,38.68,96,91,185377
1.8719,0.2297,38.58,96,91,185381
1.8622,0.2248,38.62,96,91,185384
1.9159,0.2346,38.36,96,91,185388
1.8768,0.2199,38.58,96,91,185392
1.8768,0.2248,38.68,96,91,185395
1.8768,0.2297,38.55,96,91,185398
1.8426,0.2248,38.49,96,91,185402
1.8231,0.2151,38.68,96,91,185405
1.8426,0.2297,38.46,96,91,185409
1.8182,0.2346,38.58,96,91,185412
1.8573,0.2199,38.49,96,91,185415
1.7986,0.2248,38.68,96,91,185418
1.7937,0.2248,38.68,96,91,185422
1.8182,0.2395,38.52,96,91,185425
1.7840,0.2248,38.62,96,91,185428
1.8133,0.2297,38.52,96,91,185433
1.7791,0.2102,38.62,96,91,185436
1.7889,0.2248,38.55,96,91,185439
1.8182,0.2297,38.55,96,91,185443
1.7791,0.2248,38.62,96,91,185446
1.7937,0.2248,38.43,96,91,185449
1.7595,0.2248,38.65,96,91,185453
1.7498,0.2248,38.62,96,91,185456
1.7595,0.2346,38.55,96,91,185459
1.7204,0.2248,38.05,96,91,185462
1.7546,0.2346,38.30,96,91,185466
1.7302,0.2346,38.55,96,91,185469
1.7253,0.2248,38.65,96,91,185473
1.7449,0.2395,38.62,96,91,185477
1.7400,0.2199,38.62,96,91,185480
1.7986,0.2346,38.33,96,91,185483
1.7742,0.2248,38.46,96,91,185487
1.7742,0.1906,38.58,96,91,185490
1.7889,0.2248,38.62,96,91,185493
1.7889,0.2248,38.65,96,91,185496
1.8328,0.2444,38.43,96,91,185500
1.7840,0.2297,38.62,96,91,185503
1.7937,0.2248,38.49,96,91,185506
1.8084,0.2248,38.62,96,91,185510
1.8133,0.2199,38.68,96,91,185513
1.8915,0.2346,38.55,96,91,185517
1.8573,0.2297,38.62,96,91,185521
1.8622,0.2297,38.46,96,91,185524
1.8231,0.2248,38.62,96,91,185527
1.8231,0.2248,38.18,96,91,185531
1.8866,0.2395,38.49,96,91,185534
1.8328,0.2248,38.77,96,91,185537
1.8671,0.2444,38.49,96,91,185540
1.8377,0.2102,38.55,96,91,185544
1.8475,0.2248,38.74,96,91,185547
1.8768,0.2102,38.49,96,91,185550
1.8671,0.2248,38.68,96,91,185554
1.9159,0.2542,38.40,96,91,185558
1.8964,0.2346,38.55,96,91,185561
1.8915,0.2248,38.65,96,91,185565
1.9110,0.2542,38.68,96,91,185568
1.9208,0.2248,38.62,96,91,185571
1.9746,0.2346,38.36,96,91,185575
1.9355,0.2248,38.58,96,91,185578
1.9306,0.2199,38.65,96,91,185581
1.9257,0.2297,38.62,96,91,185584
1.8964,0.2248,38.65,96,91,185588
1.9306,0.2444,38.36,96,91,185591
1.8719,0.2297,38.55,96,91,185594
1.8475,0.2199,38.62,96,91,185598
1.8475,0.2102,38.62,96,91,185602
1.8280,0.2248,38.65,96,91,185605
1.8622,0.2346,38.46,96,91,185609
1.8231,0.2297,38.58,96,91,185612
1.8182,0.2248,38.58,96,91,185615
1.7889,0.2542,38.65,96,91,185619
1.7693,0.2248,38.65,96,91,185622
1.7742,0.2297,37.99,96,91,185625
1.7351,0.2248,38.58,96,91,185628
1.7546,0.2248,38.49,96,91,185632
1.7204,0.2248,38.65,96,91,185635
1.7253,0.2248,38.62,96,91,185638
1.7302,0.2297,38.62,96,91,185643
1.7351,0.2248,38.65,96,91,185646
1.7644,0.2248,38.43,96,91,185649
1.7498,0.2248,38.68,96,91,185653
1.7595,0.2248,38.74,96,91,185656
1.7889,0.2346,38.52,96,91,185659
1.7693,0.2248,38.68,96,91,185663
1.8035,0.2444,38.40,96,91,185666
1.8182,0.2346,38.52,96,91,185669
1.7742,0.2248,38.65,96,91,185672
1.8426,0.2346,38.55,96,91,185676
1.8377,0.2248,38.62,96,91,185679
1.9404,0.2346,37.59,96,91,185682
1.9990,0.2199,38.58,96,91,185687
2.0626,0.2248,38.65,96,91,185690
2.2190,0.2297,38.49,96,91,185693
2.4145,0.2248,38.58,96,91,185697
2.7566,0.2395,38.43,96,91,185700
2.9032,0.2297,38.55,96,91,185703
3.1281,0.2248,38.52,96,91,185706
3.2600,0.2297,38.62,96,91,185710
3.2454,0.2248,38.08,96,91,185713
3.1085,0.2297,38.55,96,91,185716
2.7566,0.2297,38.58,96,91,185720
2.4291,0.2248,38.52,96,91,185723
2.1065,0.2346,38.62,96,91,185726
1.8964,0.2248,38.62,96,91,185731
1.7058,0.2346,38.43,96,91,185734
1.5445,0.2297,38.62,96,91,185737
1.4663,0.2297,38.49,96,91,185741
1.3832,0.2248,38.65,96,91,185744
1.3441,0.2199,38.62,96,91,185747
1.3343,0.2297,38.52,96,91,185750
1.3099,0.2151,38.65,96,91,185754
1.3392,0.2102,38.46,96,91,185757
1.3245,0.2248,38.62,96,91,185760
1.3539,0.2248,38.62,96,91,185764
1.3881,0.2297,38.58,96,91,185767
1.3978,0.2248,38.81,96,91,185771
1.4516,0.2248,38.36,96,91,185775
1.4467,0.2248,38.55,96,91,185778
1.4712,0.2493,38.62,96,91,185781
1.4956,0.2297,38.62,96,91,185785
1.5005,0.2248,38.62,96,91,185788
1.5640,0.2346,38.33,96,91,185791
1.5494,0.2297,38.58,96,91,185794
1.5494,0.2199,38.58,96,91,185798
1.5640,0.2297,38.58,96,91,185801
1.5689,0.2248,38.68,96,91,185804
1.6325,0.2688,38.43,96,91,185808
1.6178,0.2297,38.58,96,91,185811
1.6178,0.2248,38.52,96,91,185815
1.6227,0.2297,38.58,96,91,185819
1.6325,0.2248,38.62,96,91,185822
1.6618,0.2346,38.49,96,91,185825
1.6618,0.2199,38.62,96,91,185828
1.6716,0.2297,38.49,96,91,185832
1.6618,0.2248,38.62,96,91,185835
1.6764,0.2248,38.62,96,91,185838
1.6960,0.2297,38.52,96,91,185842
1.6911,0.2199,38.68,96,91,185845
1.7204,0.2346,38.52,96,91,185848
1.6960,0.2248,38.55,96,91,185852
1.7009,0.2542,38.62,96,91,185856
1.7204,0.2346,38.55,96,91,185859
1.7009,0.2297,38.62,96,91,185863
1.7253,0.2346,38.46,96,91,185866
1.7155,0.2248,38.62,96,91,185869
1.7155,0.2395,38.65,96,91,185872
1.7351,0.2346,38.11,96,91,185876
1.7107,0.2297,38.62,96,91,185879
1.7498,0.2346,38.43,96,91,185882
1.7204,0.2248,38.49,96,91,185886
1.7155,0.2248,38.68,96,91,185889
1.7204,0.2297,38.58,96,91,185892
1.7253,0.2248,38.62,96,91,185896
1.7791,0.2688,38.36,96,91,185900
1.7351,0.2248,38.58,96,91,185903
1.7400,0.2199,38.62,96,91,185907
1.7400,0.2297,38.62,96,91,185910
1.7351,0.2248,38.65,96,91,185913
1.7840,0.2395,38.46,96,91,185916
1.7840,0.2297,38.62,96,91,185920
1.7546,0.2248,38.52,96,91,185923
1.7400,0.2102,38.68,96,91,185926
1.7449,0.2248,38.62,96,91,185930
1.7791,0.2346,38.46,96,91,185933
1.7498,0.2297,38.62,96,91,185936
1.7742,0.2297,38.46,96,91,185940
1.7498,0.2248,38.62,96,91,185944
1.7693,0.2199,38.62,96,91,185947
1.7791,0.2297,38.62,96,91,185951
1.7595,0.2346,38.62,96,91,185954
1.7889,0.2248,38.46,96,91,185957
1.7546,0.2248,38.62,96,91,185960
1.7742,0.2248,38.68,96,91,185964
1.7937,0.2297,38.55,96,91,185967
1.7840,0.2248,38.68,96,91,185970
1.8182,0.2297,38.40,96,91,185974
1.7937,0.2248,38.62,96,91,185977
1.7986,0.2248,38.62,96,91,185980
1.8182,0.2444,38.58,96,91,185985
1.7986,0.2248,38.58,96,91,185988
1.8475,0.2346,38.43,96,91,185991
1.8280,0.2297,38.52,96,91,185995
1.8182,0.2248,39.03,96,91,185998
1.8328,0.2297,38.62,96,91,186001
1.8280,0.2248,38.62,96,91,186004
1.8866,0.2884,38.40,95,91,186008
1.8426,0.2395,38.55,95,91,186011
1.8182,0.2248,38.62,95,91,186015
1.8328,0.2297,38.46,95,91,186018
1.8133,0.2346,38.62,95,91,186021
1.8035,0.2248,38.62,95,91,186025
1.8035,0.2297,38.55,95,91,186029
1.7889,0.2297,38.68,95,91,186032
1.7986,0.2248,38.49,95,91,186036
1.7595,0.2199,38.62,95,91,186039
1.7595,0.2248,38.62,95,91,186042
1.7791,0.2346,38.46,95,91,186046
1.7498,0.2248,38.62,95,91,186049
1.7742,0.2297,37.71,95,91,186052
1.7498,0.2248,38.55,95,91,186055
1.7351,0.2297,38.68,95,91,186059
1.7400,0.2297,38.55,95,91,186062
1.7204,0.2102,38.62,95,91,186065
1.7546,0.2395,38.33,95,91,186070
1.7155,0.2346,38.52,95,91,186073
1.7204,0.2248,38.62,95,91,186076
1.7155,0.2297,38.62,95,91,186080
1.7155,0.2248,38.65,95,91,186083
1.7937,0.2444,38.40,95,91,186086
1.7155,0.2297,38.62,95,91,186090
1.7155,0.2346,38.55,95,91,186093
1.7155,0.2297,38.62,95,91,186096
1.7107,0.2199,38.58,95,91,186099
1.7400,0.2346,38.52,95,91,186103
1.7302,0.2297,38.58,95,91,186106
1.7351,0.2297,38.52,95,91,186109
1.7204,0.2297,38.65,95,91,186114
1.7253,0.2248,38.71,95,91,186117
1.7644,0.2346,38.49,95,91,186120
1.7498,0.2297,37.83,95,91,186124
1.7840,0.2346,38.49,95,91,186127
1.7595,0.2248,38.62,95,91,186130
1.7742,0.2248,38.65,95,91,186134
1.8035,0.2248,38.55,95,91,186137
1.7937,0.2248,38.62,95,91,186140
1.8280,0.2297,37.87,95,91,186143
1.8084,0.2199,38.55,95,91,186147
1.8133,0.2248,38.62,95,91,186150
1.8231,0.2297,38.58,95,91,186153
1.8231,0.2248,38.65,95,91,186158
1.8768,0.2297,38.40,95,91,186161
1.8426,0.2444,38.65,95,91,186164
1.8524,0.2199,38.62,95,91,186168
1.8768,0.2297,38.58,95,91,186171
1.8768,0.2248,38.68,95,91,186174
1.9355,0.2395,38.33,95,91,186178
1.9159,0.2346,38.52,95,91,186181
1.9355,0.2199,38.62,95,91,186184
1.9355,0.2297,38.62,95,91,186187
1.9746,0.2199,38.62,95,91,186191
2.0088,0.2444,38.46,95,91,186194
1.9746,0.2346,38.62,95,91,186198
1.9746,0.2248,38.52,95,91,186202
1.9306,0.2297,38.65,95,91,186205
1.9110,0.2493,38.58,95,91,186208
1.9159,0.2444,38.49,95,91,186212
1.8671,0.2297,38.58,95,91,186215
1.8671,0.2346,38.52,95,91,186218
1.8377,0.2297,38.68,95,91,186222
1.8280,0.2199,38.62,95,91,186225
1.8377,0.2297,38.58,95,91,186228
1.8182,0.2297,38.52,95,91,186231
1.8377,0.2346,38.49,95,91,186235
1.7986,0.2297,38.65,95,91,186238
1.7937,0.2297,38.68,95,91,186242
1.8084,0.2297,38.52,95,91,186246
1.7742,0.2297,38.62,95,91,186249
1.8280,0.2346,38.40,95,91,186252
1.7693,0.2297,38.52,95,91,186256
1.7546,0.2248,38.62,95,91,186259
1.7791,0.2346,38.55,95,91,186262
1.7546,0.2248,38.49,95,91,186266
1.8035,0.2444,38.36,95,91,186269
1.7693,0.2297,38.65,95,91,186272
1.7693,0.2297,38.62,95,91,186275
1.8084,0.2199,38.62,95,91,186279
1.7791,0.2248,38.62,95,91,186283
1.8328,0.2493,38.40,95,91,186286
1.7937,0.2297,38.62,95,91,186290
1.8084,0.2248,38.52,95,91,186293
1.8280,0.2346,38.62,95,91,186296
1.8573,0.2297,38.62,95,91,186300
1.9501,0.2493,38.46,95,91,186303
1.9844,0.2102,38.58,95,91,186306
2.0870,0.2297,38.52,95,91,186310
2.2092,0.2346,38.62,95,91,186313
2.3900,0.2102,38.62,95,91,186316
2.6588,0.2297,38.46,95,91,186319
2.8641,0.2297,38.58,95,91,186323
3.1232,0.2346,38.49,95,91,186327
3.2063,0.2297,38.65,95,91,186330
3.1867,0.2297,38.62,95,91,186334
3.0401,0.2346,38.49,95,91,186337
2.7273,0.2248,38.65,95,91,186340
2.4585,0.2346,38.46,95,91,186344
2.1554,0.2248,38.58,95,91,186347
1.9159,0.2248,38.52,95,91,186350
1.7351,0.2346,38.55,95,91,186353
1.5836,0.2248,38.65,95,91,186357
1.5054,0.2297,37.74,95,91,186360
1.4223,0.2102,38.62,95,91,186363
1.3783,0.2248,38.62,95,91,186368
1.3685,0.2297,38.58,95,91,186371
1.3441,0.2297,38.71,95,91,186374
1.3881,0.2444,38.33,95,91,186378
1.3930,0.2346,38.58,95,91,186381
1.4027,0.2248,39.03,95,91,186384
1.4174,0.2102,38.58,95,91,186388
1.4272,0.2248,38.62,95,91,186391
1.4907,0.2688,38.43,95,91,186394
1.4809,0.2346,38.58,95,91,186397
1.4907,0.2248,38.55,95,91,186401
1.5054,0.2297,38.62,95,91,186404
1.5249,0.2297,38.62,95,91,186407
1.5689,0.2395,38.49,95,91,186412
1.5543,0.2346,38.62,95,91,186415
1.5982,0.2346,38.49,95,91,186418
1.5738,0.2297,38.58,95,91,186422
1.5885,0.2102,38.62,95,91,186425
1.5982,0.2297,38.58,95,91,186428
1.5885,0.2542,38.68,95,91,186432
1.6227,0.2346,38.52,95,91,186435
1.6129,0.2297,38.62,95,91,186438
1.6325,0.2199,38.62,95,91,186441
1.6667,0.2346,38.52,95,91,186445
1.6520,0.2151,38.68,95,91,186448
1.6764,0.2346,38.43,95,91,186451
1.6667,0.2297,38.49,95,91,186456
1.6667,0.2199,38.62,95,91,186459
1.6911,0.2346,38.55,95,91,186462
1.6764,0.2297,38.65,95,91,186466
1.7155,0.2346,38.36,95,91,186469
1.6862,0.2248,38.71,95,91,186472
1.6764,0.2248,38.62,95,91,186476
1.6813,0.2248,38.62,95,91,186479
1.6862,0.2297,38.65,95,91,186482
1.7400,0.2590,38.36,95,91,186485
1.7107,0.2297,38.58,95,91,186489
1.7155,0.2248,38.68,95,91,186492
1.7155,0.2297,38.62,95,91,186496
1.7107,0.2297,38.68,95,91,186500
1.7546,0.2493,38.46,95,91,186503
1.7253,0.2346,38.58,95,91,186506
1.7253,0.2248,38.52,95,91,186510
1.7546,0.2199,38.62,95,91,186513
1.7253,0.2346,38.65,95,91,186516
1.7644,0.2444,38.43,95,91,186520
1.7400,0.2297,38.62,95,91,186523
1.7595,0.2297,38.49,95,91,186526
1.7351,0.2542,38.65,95,91,186529
1.7253,0.2102,38.62,95,91,186533
1.7595,0.2297,38.49,95,91,186536
1.7400,0.2199,38.62,95,91,186540
1.7791,0.2102,38.49,95,91,186544
1.7449,0.2248,38.52,95,91,186547
1.7498,0.2199,38.62,95,91,186550
1.7595,0.2297,38.62,95,91,186554
1.7498,0.2297,38.62,95,91,186557
1.7791,0.2395,38.43,95,91,186560
1.7498,0.2297,38.77,95,91,186564
1.7546,0.2248,38.62,95,91,186567
1.7742,0.2346,38.58,95,91,186570
1.7644,0.2493,38.65,95,91,186573
1.8182,0.2346,38.43,95,91,186577
1.8035,0.2346,38.55,95,91,186580
1.7986,0.2248,38.77,95,91,186584
1.8182,0.2346,38.58,95,91,186588
1.8133,0.2248,38.65,95,91,186591
1.8817,0.2493,38.40,95,91,186594
1.8573,0.2346,38.52,95,91,186598
1.8573,0.2248,38.58,95,91,186601
1.8622,0.2248,38.62,95,91,186604
1.8671,0.2346,38.65,95,91,186607
1.9159,0.2395,38.46,95,91,186611
1.8964,0.2199,38.62,95,91,186614
1.8915,0.2297,38.52,95,91,186617
1.8719,0.2199,38.62,95,91,186621
1.8524,0.2297,38.62,95,91,186625
1.8573,0.2248,38.65,95,91,186629
1.8768,0.2346,38.49,95,91,186632
1.8475,0.2297,38.62,95,91,186635
1.8768,0.2346,38.46,95,91,186639
1.8475,0.2346,38.52,95,91,186642
1.8328,0.2248,38.65,95,91,186645
1.8426,0.2395,38.55,95,91,186649
1.8182,0.2248,38.62,95,91,186652
1.8671,0.2395,38.33,95,91,186655
1.8231,0.2297,38.55,95,91,186659
1.8231,0.2248,38.65,95,91,186662
1.8231,0.2102,38.62,95,91,186665
1.8328,0.2248,38.62,95,91,186670
1.8866,0.2542,38.49,95,91,186673
1.8280,0.2297,38.58,95,91,186676
1.8280,0.2248,38.52,95,91,186679
1.8182,0.2248,38.68,95,91,186683
1.8133,0.2248,38.84,95,91,186686
1.8377,0.2444,38.52,95,91,186689
1.8133,0.2297,38.58,95,91,186693
1.8182,0.2297,38.58,95,91,186696
1.8035,0.2102,38.62,95,91,186699
1.7937,0.2248,38.65,95,91,186703
1.8182,0.2395,38.49,95,91,186706
1.7937,0.2297,38.62,95,91,186710
1.8133,0.2346,38.27,95,91,186714
1.8084,0.2248,38.58,95,91,186717
1.7889,0.2248,38.62,95,91,186720
1.7986,0.2395,38.52,95,91,186723
1.7791,0.2248,38.62,95,91,186727
1.8133,0.2297,38.43,95,91,186730
1.7840,0.2297,38.58,95,91,186733
1.7840,0.2248,38.62,95,91,186737
1.7840,0.2297,38.58,95,91,186740
1.7791,0.2297,38.62,95,91,186743
1.8182,0.2444,38.33,95,91,186747
1.7791,0.2346,38.62,95,91,186750
1.7889,0.2248,38.71,95,91,186754
1.8035,0.2346,38.58,95,91,186757
1.7889,0.2297,38.68,95,91,186761
1.8426,0.2493,38.30,95,91,186764
1.8426,0.2346,38.52,95,91,186767
1.8133,0.2248,38.62,95,91,186771
1.8084,0.2346,38.58,95,91,186774
1.8231,0.2297,38.68,95,91,186777
1.8768,0.2395,38.40,95,91,186781
1.8573,0.2346,38.55,95,91,186784
1.8671,0.2248,37.80,95,91,186787
1.8719,0.2248,38.62,95,91,186791
1.8915,0.2297,38.65,95,91,186795
1.9306,0.2395,38.62,95,91,186798
1.9208,0.2297,38.68,95,91,186801
1.9208,0.2297,38.49,95,91,186805
1.9062,0.2297,38.62,95,91,186808
1.9159,0.2297,38.62,95,91,186811
1.9355,0.2297,38.65,95,91,186815
1.9208,0.2297,38.68,95,91,186818
1.9453,0.2346,38.49,95,91,186821
1.8964,0.2297,38.62,95,91,186825
1.9013,0.2248,38.65,95,91,186828
1.8866,0.2346,38.62,95,91,186831
1.8328,0.2199,38.62,95,91,186835
1.8524,0.2297,38.40,95,91,186839
1.8182,0.2395,38.55,95,91,186842
1.8084,0.2199,38.62,95,91,186845
1.8133,0.2346,38.74,95,91,186849
1.7791,0.2297,38.62,95,91,186852
1.8182,0.2297,38.36,95,91,186855
1.7595,0.2346,38.55,95,91,186859
1.7400,0.2102,38.65,95,91,186862
1.7302,0.2297,38.62,95,91,186865
1.7204,0.2297,38.65,95,91,186869
1.7937,0.2493,38.43,95,91,186872
1.7155,0.2297,38.62,95,91,186875
1.7351,0.2102,38.55,95,91,186880
1.7498,0.2297,37.87,95,91,186883
1.7693,0.2102,38.65,95,91,186886
1.7791,0.2395,38.52,95,91,186889
1.7449,0.2297,38.52,95,91,186893
1.7449,0.2248,38.52,95,91,186896
1.7302,0.2297,38.58,95,91,186899
1.7351,0.2444,38.71,95,91,186903
1.7742,0.2297,38.49,95,91,186906
1.7546,0.2199,38.58,95,91,186909
1.7840,0.2297,38.52,95,91,186913
1.7791,0.2248,38.62,95,91,186916
1.8133,0.2297,38.62,95,91,186919
1.8866,0.2297,38.46,95,91,186924
1.9453,0.2346,38.65,95,91,186927
2.0821,0.2346,38.43,95,91,186930
2.1994,0.2248,38.58,95,91,186933
2.3851,0.2248,38.62,95,91,186937
2.6344,0.2346,38.58,95,91,186940
2.8641,0.2297,37.83,95,91,186943
3.1525,0.2297,38.40,95,91,186947
3.2258,0.2248,38.62,95,91,186950
3.1965,0.2248,38.62,95,91,186953
3.0254,0.2346,38.58,95,91,186957
2.6833,0.2297,38.74,95,91,186960
2.4291,0.2346,38.36,95,91,186963
2.1017,0.2297,38.55,95,91,186968
1.8524,0.2199,38.52,95,91,186971
1.7009,0.2346,38.58,95,91,186974
1.5249,0.2102,38.62,95,91,186977
1.4614,0.2444,37.65,95,91,186981
1.3783,0.2395,38.55,95,91,186984
1.3490,0.2248,38.55,95,91,186987
1.3294,0.2395,38.62,95,91,186991
1.3587,0.2199,38.62,95,91,186994
1.3734,0.2346,38.43,95,91,186997
1.3636,0.2248,38.62,95,91,187001
1.3978,0.2297,38.49,95,91,187004
1.3978,0.2297,38.58,95,91,187008
1.4125,0.2248,38.62,95,91,187012
1.4418,0.2297,38.55,95,91,187015
1.4565,0.2346,38.62,95,91,187018
1.5200,0.2297,38.49,95,91,187021
1.5298,0.2248,38.65,95,91,187025
1.5640,0.2297,38.68,95,91,187028
1.5982,0.2346,38.55,95,91,187031
1.6080,0.2248,38.62,95,91,187035
1.6276,0.2346,38.43,95,91,187038
1.6080,0.2297,38.52,95,91,187041
1.6031,0.2199,38.68,95,91,187045
1.6325,0.2297,38.55,95,91,187048
1.6178,0.2297,38.62,95,91,187052
1.6764,0.2395,38.36,95,91,187056
1.6373,0.2346,38.52,95,91,187059
1.6325,0.2297,38.65,95,91,187062
1.6373,0.2346,38.62,95,91,187065
1.6373,0.2297,38.77,95,91,187069
1.6911,0.2542,38.40,95,91,187072
1.6520,0.2297,38.62,95,91,187075
1.6569,0.2248,38.55,95,91,187079
1.6618,0.2297,38.62,95,91,187082
1.6667,0.2542,38.65,95,91,187085
1.7107,0.2395,38.49,95,91,187089
1.6911,0.2395,38.62,95,91,187092
1.6911,0.2297,38.55,95,91,187096
1.6764,0.2297,38.62,95,91,187100
1.6813,0.2248,38.62,95,91,187103
1.7302,0.2346,38.65,95,91,187106
1.7107,0.2297,38.62,95,91,187110
1.7302,0.2395,38.52,95,91,187113
1.7058,0.2297,38.62,95,91,187116
1.7155,0.2297,38.65,95,91,187119
1.7351,0.2297,38.52,95,91,187123
1.7155,0.2297,38.08,95,91,187126
1.7351,0.2737,38.49,95,91,187129
1.7058,0.2248,38.58,95,91,187133
1.7107,0.2248,38.65,95,91,187137
1.7498,0.2346,38.58,95,91,187140
1.7204,0.2297,38.65,95,91,187144
1.7546,0.2346,38.36,95,91,187147
1.7107,0.2248,38.62,95,91,187150
1.7107,0.2297,38.58,95,91,187154
1.7302,0.2346,38.68,95,91,187157
1.7155,0.2297,38.65,95,91,187160
1.8035,0.2346,38.33,95,91,187163
1.7595,0.2297,38.55,95,91,187167
1.7595,0.2248,38.62,95,91,187170
1.7693,0.2297,38.62,95,91,187173
1.7644,0.2346,38.62,95,91,187177
1.8328,0.2444,38.43,95,91,187181
1.7742,0.2346,38.62,95,91,187184
1.7791,0.2199,38.52,95,91,187188
1.7840,0.2346,38.68,95,91,187191
1.7986,0.2297,38.65,95,91,187194
1.8328,0.2395,38.49,95,91,187198
1.8035,0.2297,38.58,95,91,187201
1.8280,0.2346,38.55,95,91,187204
1.8182,0.2297,38.62,95,91,187207
1.8328,0.2248,38.55,95,91,187211
1.8671,0.2346,38.55,95,91,187214
1.8719,0.2297,38.62,95,91,187217
1.9159,0.2248,38.55,95,91,187222
1.8964,0.2297,38.65,95,91,187225
1.9013,0.2248,38.62,95,91,187228
1.9159,0.2346,38.49,95,91,187232
1.8768,0.2346,38.58,95,91,187235
1.8768,0.2248,38.65,95,91,187239
1.9404,0.2444,38.36,95,91,187242
1.9062,0.2297,38.52,95,91,187245
1.8866,0.2248,38.65,95,91,187249
1.8817,0.2248,38.62,95,91,187252
1.8817,0.2297,38.62,95,91,187255
1.9355,0.2590,38.46,95,91,187258
1.8866,0.2297,38.62,95,91,187262
1.8964,0.2297,38.52,95,91,187266
1.8719,0.2297,38.65,95,91,187269
1.8622,0.2297,38.65,95,91,187273
1.8719,0.2346,38.58,95,91,187276
1.8524,0.2346,38.62,95,91,187279
1.8768,0.2297,38.46,95,91,187283
1.8866,0.2248,38.62,95,91,187286
1.8475,0.2248,38.65,95,91,187289
1.8622,0.2395,38.49,95,91,187293
1.8182,0.2297,38.62,95,91,187296
1.8426,0.2297,38.49,95,91,187299
1.8231,0.2151,38.52,95,91,187303
1.8426,0.2297,38.65,95,91,187307
1.8671,0.2395,38.49,95,91,187310
1.8377,0.2297,38.71,95,91,187313
1.8671,0.2346,38.36,95,91,187317
1.8280,0.2346,38.58,95,91,187320
1.8133,0.2346,38.62,95,91,187323
1.8231,0.2248,38.58,95,91,187327
1.8231,0.2102,38.62,95,91,187330
1.8622,0.2395,38.33,95,91,187333
1.8084,0.2199,38.58,95,91,187337
1.8035,0.2248,38.65,95,91,187340
1.8084,0.2346,38.77,95,91,187343
1.8084,0.2346,38.62,95,91,187347
1.8915,0.2493,38.43,95,91,187351
1.8768,0.2395,38.58,95,91,187354
1.8964,0.2248,38.55,95,91,187357
1.8622,0.2297,38.65,95,91,187361
1.8573,0.2248,38.68,95,91,187364
1.8622,0.2346,38.46,95,91,187367
1.8182,0.2590,38.58,95,91,187371
1.8133,0.2346,38.49,95,91,187374
1.7840,0.2297,38.65,95,91,187377
1.8035,0.2297,38.71,95,91,187381
1.8524,0.2395,38.49,95,91,187384
1.8524,0.2297,38.62,95,91,187387
1.8964,0.2346,38.52,95,91,187390
1.8768,0.2248,38.65,95,91,187395
1.8817,0.2297,38.65,95,91,187398
1.8866,0.2297,38.58,95,91,187401
1.8768,0.2297,38.62,95,91,187405
1.9013,0.2346,38.46,95,91,187408
1.8866,0.2297,38.62,95,91,187411
1.9062,0.2248,38.65,95,91,187415
1.9453,0.2395,38.52,95,91,187418
1.9404,0.2297,38.62,95,91,187421
1.9941,0.2346,38.52,95,91,187425
1.9795,0.2444,38.55,95,91,187428
1.9599,0.2248,38.65,95,91,187431
1.9599,0.2444,38.62,95,91,187435
1.9257,0.2297,38.62,95,91,187439
1.9599,0.2395,38.24,95,91,187442
1.8866,0.2346,38.49,95,91,187445
1.8573,0.2248,38.65,95,91,187449
1.8524,0.2297,38.65,95,91,187452
1.8622,0.2297,38.65,95,91,187455
1.8866,0.2444,38.43,95,91,187459
1.8328,0.2444,38.62,95,91,187462
1.8231,0.2297,38.52,95,91,187465
1.8035,0.2297,38.65,95,91,187469
1.8377,0.2199,38.65,95,91,187472
1.8377,0.2395,38.55,95,91,187475
1.8133,0.2297,38.58,95,91,187479
1.8231,0.2395,38.49,95,91,187483
1.7889,0.2297,38.68,95,91,187486
1.7791,0.2297,38.62,95,91,187489
1.8035,0.2297,38.49,95,91,187493
1.7595,0.2297,38.68,95,91,187496
1.7840,0.2395,38.49,95,91,187499
1.7595,0.2248,38.65,95,91,187503
1.7644,0.2297,38.71,95,91,187506
1.7840,0.2346,38.49,95,91,187509
1.7644,0.2297,38.71,95,91,187513
1.8035,0.2346,38.43,95,91,187516
1.7840,0.2346,38.55,95,91,187520
1.7889,0.2297,38.62,95,91,187523
1.8182,0.2639,38.58,95,91,187527
1.8524,0.2346,38.62,95,91,187530
1.9355,0.2346,38.36,95,91,187533
1.9306,0.2297,38.58,95,91,187537
1.9941,0.2248,38.65,95,91,187540
2.1212,0.2297,38.58,95,91,187543
2.2972,0.2297,38.62,95,91,187547
2.6149,0.2395,38.40,95,91,187550
2.8250,0.2346,38.55,95,91,187553
3.0645,0.2248,38.58,95,91,187557
3.2502,0.2639,38.62,95,91,187560
3.3236,0.2199,38.62,95,91,187564
3.2942,0.2395,38.46,95,91,187567
2.9717,0.2444,38.55,95,91,187571
2.6295,0.2297,38.52,95,91,187574
2.2776,0.2297,38.55,95,91,187577
2.0039,0.2346,38.62,95,91,187581
1.8084,0.2297,38.49,95,91,187584
1.6080,0.2297,38.62,95,91,187587
1.5005,0.2297,38.46,95,91,187591
1.3978,0.2297,38.65,95,91,187594
1.3490,0.2297,38.81,95,91,187597
1.3343,0.2444,38.55,95,91,187600
1.3294,0.2102,38.65,95,91,187604
1.3539,0.2297,38.52,95,91,187608
1.3441,0.2248,38.62,95,91,187611
1.3930,0.2297,38.81,95,91,187615
1.4321,0.2786,38.68,95,91,187618
1.4321,0.2297,38.58,95,91,187621
1.4712,0.2639,38.40,95,91,187625
1.4614,0.2346,38.52,95,91,187628
1.4712,0.2248,38.71,95,91,187631
1.5054,0.2297,38.58,95,91,187635
1.5152,0.2297,38.68,95,91,187638
1.5885,0.2444,38.33,95,91,187641
1.5885,0.2297,38.62,95,91,187645
1.5982,0.2248,38.62,95,91,187649
1.6227,0.2199,38.62,95,91,187652
1.6031,0.2297,38.71,95,91,187655
1.6471,0.2444,38.43,95,91,187659
1.6080,0.2297,38.55,95,91,187662
1.6325,0.2248,38.52,95,91,187665
1.6520,0.2297,38.62,95,91,187669
1.6667,0.2297,38.65,95,91,187672
1.6960,0.2395,38.55,95,91,187675
1.6667,0.2297,38.62,95,91,187679
1.6764,0.2297,38.49,95,91,187682
1.6569,0.2297,38.65,95,91,187685
1.6520,0.2248,38.65,95,91,187689
1.7058,0.2493,38.49,95,91,187693
1.6911,0.2297,38.40,95,91,187696
1.7253,0.2444,38.49,95,91,187699
1.7009,0.2297,38.58,95,91,187703
1.6960,0.2297,38.65,95,91,187706
1.7253,0.2395,38.49,95,91,187709
1.7204,0.2346,38.62,95,91,187713
1.7400,0.2346,38.36,95,91,187716
1.6862,0.2346,38.58,95,91,187719
1.6667,0.2297,38.62,95,91,187723
1.6813,0.2297,38.58,95,91,187726
1.6911,0.2346,38.62,95,91,187729
1.7498,0.2346,38.40,95,91,187734
1.7155,0.2346,38.58,95,91,187737
1.7351,0.2297,38.65,95,91,187740
1.7546,0.2297,38.77,95,91,187743
1.7498,0.2199,38.62,95,91,187747
1.7546,0.2493,38.43,95,91,187750
1.7009,0.2248,38.55,95,91,187753
1.6764,0.2151,38.58,95,91,187757
1.6764,0.2297,38.58,95,91,187760
1.6862,0.2297,38.68,95,91,187763
1.7449,0.2297,38.46,95,91,187767
1.7498,0.2346,38.55,95,91,187770
1.7937,0.2346,38.52,95,91,187773
1.7546,0.2297,38.49,95,91,187778
1.7595,0.2248,38.62,95,91,187781
1.7889,0.2297,38.49,95,91,187784
1.7546,0.2297,38.62,95,91,187787
1.7840,0.2346,38.49,95,91,187791
1.7742,0.2297,38.62,95,91,187794
1.7791,0.2297,38.62,95,91,187797
1.7937,0.2297,38.58,95,91,187801
1.7791,0.2297,37.90,95,91,187804
1.8182,0.2590,38.49,95,91,187807
1.8084,0.2297,38.65,95,91,187811
1.8182,0.2297,38.68,95,91,187814
1.8377,0.2444,38.52,95,91,187817
1.8231,0.2297,37.99,95,91,187822
1.8719,0.2688,38.36,95,91,187825
1.8817,0.2346,38.52,95,91,187828
1.8866,0.2248,38.68,95,91,187831
1.9208,0.2346,38.55,95,91,187835
1.9013,0.2297,38.65,95,91,187838
1.9599,0.2395,38.33,95,91,187841
1.9159,0.2395,38.74,95,91,187845
1.9013,0.2346,38.62,95,91,187848
1.9306,0.2297,38.55,95,91,187852
1.9159,0.2297,38.65,95,91,187855
1.9110,0.2248,38.65,95,91,187858
1.9306,0.2297,38.52,95,91,187863
1.9110,0.2346,38.62,95,91,187866
1.9306,0.2297,38.49,95,91,187869
1.9013,0.2346,38.62,95,91,187873
1.9159,0.2297,38.65,95,91,187876
1.9306,0.2297,38.46,95,91,187879
1.9355,0.2297,38.62,95,91,187883
1.9404,0.2297,38.49,95,91,187886
1.9159,0.2297,38.52,95,91,187889
1.9110,0.2248,38.65,95,91,187892
1.9110,0.2444,38.49,95,91,187896
1.8671,0.2297,38.65,95,91,187899
1.9110,0.2346,38.40,95,91,187902
1.8817,0.2346,38.55,95,91,187907
1.8817,0.2297,38.65,95,91,187910
1.8817,0.2297,38.62,95,91,187913
1.8768,0.2297,38.62,95,91,187917
1.9208,0.2395,38.33,95,91,187920
1.8817,0.2199,38.58,95,91,187923
1.8622,0.2248,38.62,95,91,187927
1.8622,0.2297,38.62,95,91,187930
1.8524,0.2297,38.65,95,91,187933
1.9110,0.2444,38.46,95,91,187936
1.8817,0.2346,38.55,95,91,187940
1.8866,0.2248,38.52,95,91,187943
1.8622,0.2395,38.65,95,91,187947
1.8573,0.2297,38.65,95,91,187951
1.8817,0.2395,38.65,95,91,187954
1.8475,0.2346,38.58,95,91,187957
1.8671,0.2346,38.52,95,91,187961
1.8475,0.2346,38.62,95,91,187964
1.8524,0.2102,38.62,95,91,187967
1.8817,0.2346,38.52,95,91,187971
1.8622,0.2346,38.68,95,91,187974
1.9062,0.2297,38.49,95,91,187977
1.8719,0.2248,38.81,95,91,187980
1.8915,0.2297,38.62,95,91,187984
1.8768,0.2346,38.58,95,91,187987
1.8671,0.2297,38.62,95,91,187991
1.8915,0.2346,38.43,95,91,187995
1.8622,0.2297,38.62,95,91,187998
1.8719,0.2102,38.65,95,91,188001
1.8915,0.2346,38.55,95,91,188005
1.8768,0.2297,38.68,95,91,188008
1.9110,0.2395,38.36,95,91,188011
1.8719,0.2297,37.77,95,91,188015
1.8475,0.2395,38.62,95,91,188018
1.8573,0.2297,37.87,95,91,188021
1.8573,0.2639,38.62,95,91,188024
1.9355,0.2444,38.43,95,91,188028
1.9110,0.2346,38.46,95,91,188032
1.9159,0.2248,38.58,95,91,188035
1.9355,0.2297,38.62,95,91,188039
1.9404,0.2297,38.65,95,91,188042
1.9697,0.2444,38.49,95,91,188045
1.9062,0.2297,38.68,95,91,188049
1.9013,0.2297,38.52,95,91,188052
1.8671,0.2102,38.65,95,91,188055
1.8524,0.2444,38.58,95,91,188059
1.8475,0.2346,38.58,95,91,188062
1.8231,0.2297,38.62,95,91,188065
1.8280,0.2493,38.49,95,91,188068
1.7986,0.2297,38.65,95,91,188072
1.7840,0.2395,38.62,95,91,188076
1.8280,0.2395,38.52,95,91,188079
1.7742,0.2297,38.62,95,91,188083
1.7840,0.2346,38.46,95,91,188086
1.7546,0.2297,38.55,95,91,188089
1.7449,0.2297,38.74,95,91,188093
1.7595,0.2444,38.52,95,91,188096
1.7546,0.2297,38.62,95,91,188099
1.7986,0.2346,38.40,95,91,188103
1.7791,0.2346,38.55,95,91,188106
1.7693,0.2297,38.65,95,91,188109
1.7742,0.2590,38.62,95,91,188112
1.7595,0.2102,38.65,95,91,188116
1.8084,0.2395,37.71,95,91,188120
1.7644,0.2346,38.58,95,91,188123
1.7693,0.2248,38.68,95,91,188127
1.7693,0.2297,38.62,95,91,188130
1.7644,0.2297,38.62,95,91,188133
1.8280,0.2444,38.46,95,91,188137
1.8182,0.2444,38.58,95,91,188140
1.8426,0.2297,38.55,95,91,188143
1.8719,0.2346,38.62,95,91,188147
1.9257,0.2297,38.62,95,91,188150
2.0332,0.2395,38.52,95,91,188153
2.1261,0.2199,38.58,95,91,188156
2.3167,0.2346,38.49,95,91,188161
2.5024,0.2297,38.49,95,91,188164
2.7566,0.2297,38.62,95,91,188167
3.0694,0.2395,38.55,95,91,188171
3.2502,0.2297,38.62,95,91,188174
3.4066,0.2346,38.46,95,91,188177
3.2796,0.2248,38.62,95,91,188181
3.0303,0.2297,38.65,95,91,188184
2.6979,0.2297,38.55,95,91,188187
2.3460,0.2199,38.62,95,91,188190
2.1114,0.2346,38.46,95,91,188194
1.8084,0.2297,38.62,95,91,188197
1.6325,0.2199,38.68,95,91,188200
1.5152,0.2395,38.65,95,91,188205
1.4076,0.2297,38.62,95,91,188208
1.3636,0.2346,38.40,95,91,188211
1.3148,0.2297,38.52,95,91,188215
1.2952,0.2248,38.55,95,91,188218
1.3001,0.2297,38.65,95,91,188221
1.3050,0.2297,38.58,95,91,188225
1.3587,0.2444,38.36,95,91,188228
1.3490,0.2297,37.74,95,91,188231
1.3587,0.2297,38.58,95,91,188234
1.3783,0.2297,38.62,95,91,188238
1.4027,0.2248,38.62,95,91,188241
1.4614,0.2639,38.52,95,91,188244
1.4467,0.2297,38.65,95,91,188249
1.4761,0.2248,38.68,95,91,188252
1.4956,0.2248,38.68,95,91,188255
1.5005,0.2297,38.62,95,91,188259
1.5347,0.2346,38.52,95,91,188262
1.5249,0.2297,38.62,95,91,188265
1.5494,0.2297,38.62,95,91,188269
1.5298,0.2297,38.65,95,91,188272
1.5494,0.2248,38.52,95,91,188275
1.5934,0.2444,38.52,95,91,188278
1.5885,0.2346,38.62,95,91,188282
1.6276,0.2297,38.49,95,91,188285
1.6276,0.2199,38.55,95,91,188289
1.6129,0.2297,38.68,95,91,188293
1.6373,0.2346,38.49,95,91,188296
1.6520,0.2297,38.62,95,91,188299
1.6520,0.2346,38.43,95,91,188303
1.6325,0.2297,38.55,95,91,188306
1.6373,0.2102,38.65,95,91,188309
1.6520,0.2297,38.58,95,91,188313
1.6471,0.2590,38.62,95,91,188316
1.7009,0.2346,38.36,95,91,188319
1.6569,0.2297,38.58,95,91,188322
1.6667,0.2199,38.65,95,91,188326
1.6764,0.2346,38.62,95,91,188329
1.6716,0.2346,38.65,95,91,188333
1.7253,0.2297,38.40,95,91,188337
1.6911,0.2297,38.52,95,91,188340
1.6862,0.2346,38.58,95,91,188343
1.6862,0.2297,38.71,95,91,188347
1.6862,0.2297,38.62,95,91,188350
1.7253,0.2395,38.43,95,91,188353
1.7204,0.2493,38.58,95,91,188357
1.7351,0.2199,38.52,95,91,188360
1.7204,0.2297,38.62,95,91,188363
1.7155,0.2248,37.96,95,91,188366
1.7400,0.2395,38.52,95,91,188370
1.7107,0.2297,38.62,95,91,188374
1.7351,0.2297,38.46,95,91,188377
1.7155,0.2297,38.62,95,91,188381
1.7253,0.2248,38.65,95,91,188384
1.7449,0.2346,38.58,95,91,188387
1.7400,0.2297,38.65,95,91,188391
1.7644,0.2297,38.49,95,91,188394
1.7449,0.2297,38.65,95,91,188397
1.7546,0.2248,38.65,95,91,188401
1.7791,0.2639,38.58,95,91,188404
1.7693,0.2297,38.62,95,91,188407
1.8133,0.2395,38.40,95,91,188410
1.7986,0.2395,38.52,95,91,188414
1.7986,0.2297,38.68,95,91,188418
1.8280,0.2395,38.58,95,91,188421
1.8231,0.2297,38.62,95,91,188425
1.8817,0.2395,38.33,95,91,188428
1.8573,0.2297,38.49,95,91,188431
1.8622,0.2199,38.62,95,91,188435
1.8719,0.2248,38.62,95,91,188438
1.8768,0.2102,38.62,95,91,188441
1.9355,0.2444,38.46,95,91,188445
1.8866,0.2395,38.58,95,91,188448
1.8964,0.2346,38.55,95,91,188451
1.8866,0.2297,38.65,95,91,188454
1.8817,0.2297,38.71,95,91,188459
1.8866,0.2346,38.65,95,91,188462
1.9110,0.2297,38.52,95,91,188466
1.8866,0.2395,38.62,95,91,188469
1.9062,0.2346,38.46,95,91,188472
1.8768,0.2297,38.52,95,91,188476
1.8719,0.2346,38.62,95,91,188479
1.8866,0.2395,38.55,95,91,188482
1.8671,0.2297,38.62,95,91,188486
1.9062,0.2346,38.36,95,91,188489
1.8671,0.2297,38.58,95,91,188492
1.8475,0.2199,38.62,95,91,188496
1.8426,0.2297,38.65,95,91,188499
1.8280,0.2297,37.93,95,91,188503
1.8719,0.2346,38.30,95,91,188506
1.8231,0.2297,38.58,95,91,188510
1.8231,0.2248,38.71,95,91,188513
1.8182,0.2346,38.62,95,91,188516
1.8035,0.2248,38.62,95,91,188520
1.8524,0.2444,38.46,95,91,188523
1.8084,0.2297,38.55,95,91,188526
1.7986,0.2248,38.52,95,91,188530
1.7840,0.2297,38.62,95,91,188533
1.7840,0.2248,38.55,95,91,188536
1.8182,0.2639,38.43,95,91,188540
1.7937,0.2297,38.68,95,91,188544
1.8133,0.2297,38.49,95,91,188547
1.7986,0.2297,38.62,95,91,188550
1.7889,0.2346,38.62,95,91,188554
1.8084,0.2444,38.52,95,91,188557
1.7889,0.2297,38.62,95,91,188560
1.8182,0.2297,38.49,95,91,188564
1.7937,0.2248,38.62,95,91,188567
1.8035,0.2297,38.62,95,91,188570
1.8182,0.2297,38.58,95,91,188574
1.8035,0.2590,38.62,95,91,188577
1.8328,0.2346,38.40,95,91,188580
1.8084,0.2297,38.08,95,91,188584
1.8182,0.2297,38.62,95,91,188588
1.8426,0.2297,38.55,95,91,188591
1.8231,0.2297,38.65,95,91,188594
1.8622,0.2346,38.36,95,91,188598
1.8377,0.2297,38.52,95,91,188601
1.8231,0.2248,38.65,95,91,188604
1.8377,0.2297,38.55,95,91,188608
1.8280,0.2297,38.65,95,91,188611
1.8817,0.2542,38.36,95,91,188614
1.8622,0.2346,38.55,95,91,188618
1.8671,0.2102,38.58,95,91,188621
1.8768,0.2297,38.68,95,91,188624
1.8866,0.2346,38.62,95,91,188628
1.9355,0.2395,38.52,95,91,188632
1.9110,0.2297,38.62,95,91,188635
1.9257,0.2346,38.52,95,91,188638
1.9208,0.2297,38.62,95,91,188642
1.9306,0.2248,38.68,95,91,188645
1.9697,0.2297,38.58,95,91,188648
1.9697,0.2297,38.58,95,91,188652
1.9990,0.2346,38.49,95,91,188655
1.9795,0.2297,38.62,95,91,188658
1.9844,0.2590,38.65,95,91,188662
2.0186,0.2395,38.52,95,91,188665
1.9795,0.2297,38.62,95,91,188668
1.9892,0.2346,38.46,95,91,188673
1.9453,0.2248,38.55,95,91,188676
1.9110,0.2248,38.65,95,91,188679
1.9062,0.2297,38.52,95,91,188682
1.8719,0.2248,38.58,95,91,188686
1.9013,0.2346,38.40,95,91,188689
1.8671,0.2297,38.55,95,91,188692
1.8475,0.2297,38.62,95,91,188696
1.8426,0.2346,38.58,95,91,188699
1.8231,0.2248,38.65,95,91,188702
1.8622,0.2444,38.33,95,91,188706
1.8133,0.2297,38.55,95,91,188709
1.8035,0.2199,38.58,95,91,188712
1.8280,0.2346,38.62,95,91,188717
1.7937,0.2297,38.62,95,91,188720
1.8377,0.2639,38.43,95,91,188723
1.8035,0.2346,38.58,95,91,188726
1.7986,0.2248,38.55,95,91,188730
1.7889,0.2297,38.62,95,91,188733
1.7889,0.2297,38.65,95,91,188736
1.8182,0.2395,38.43,95,91,188740
1.7937,0.2297,38.62,95,91,188743
1.8035,0.2297,38.65,95,91,188746
1.7840,0.2346,38.62,95,91,188750
1.7937,0.2297,38.62,95,91,188753
1.8280,0.2395,38.52,95,91,188756
1.8280,0.2199,38.62,95,91,188761
1.8915,0.2395,38.58,95,91,188764
1.9110,0.2297,38.68,95,91,188767
1.9844,0.2297,38.65,95,91,188770
2.1065,0.2297,38.52,95,91,188774
2.2239,0.2297,38.68,95,91,188777
2.4340,0.2248,38.43,95,91,188780
2.6197,0.2297,38.65,95,91,188784
2.8592,0.2248,38.65,95,91,188787
3.1183,0.2444,38.55,95,91,188790
3.2454,0.2297,38.65,95,91,188794
3.3382,0.2346,38.36,95,91,188797
3.1427,0.2297,38.52,95,91,188801
2.8397,0.2248,38.65,95,91,188805
2.5415,0.2297,38.58,95,91,188808
2.2336,0.2297,38.68,95,91,188811
2.0430,0.2444,38.33,95,91,188814
1.7986,0.2346,38.49,95,91,188818
1.6276,0.2248,38.62,95,91,188821
1.5298,0.2297,38.58,95,91,188824
1.4321,0.2248,38.62,95,91,188828
1.4272,0.2444,38.49,95,91,188831
1.3734,0.2346,38.58,95,91,188834
1.3587,0.2297,38.52,95,91,188838
1.3587,0.2199,38.62,95,91,188841
1.3734,0.2248,38.77,95,91,188845
1.4174,0.2346,38.55,95,91,188849
1.4174,0.2297,38.62,95,91,188852
1.4418,0.2590,38.49,95,91,188855
1.4223,0.2297,38.55,95,91,188858
1.4565,0.2248,38.81,95,91,188862
1.4956,0.2346,38.49,95,91,188865
1.5054,0.2297,38.71,95,91,188868
1.5543,0.2346,38.46,95,91,188872
1.5396,0.2248,38.55,95,91,188875
1.5591,0.2395,38.65,95,91,188878
1.5934,0.2297,38.49,95,91,188882
1.5934,0.2248,38.55,95,91,188886
1.6520,0.2346,38.40,95,91,188889
1.6227,0.2297,38.68,95,91,188893
1.6325,0.2297,38.62,95,91,188896
1.6471,0.2297,38.58,95,91,188899
1.6471,0.2297,38.62,95,91,188902
1.6911,0.2444,38.36,95,91,188906
1.6569,0.2248,38.55,95,91,188909
1.6618,0.2248,38.65,95,91,188912
1.6667,0.2346,38.62,95,91,188916
1.6667,0.2248,38.65,95,91,188919
1.7155,0.2395,38.43,95,91,188922
1.6862,0.2297,38.62,95,91,188926
1.6911,0.2248,38.52,95,91,188930
1.6862,0.2297,38.62,95,91,188933
1.6862,0.2297,38.65,95,91,188937
1.7253,0.2395,38.43,95,91,188940
1.7107,0.2297,37.83,95,91,188943
1.7302,0.2395,38.49,95,91,188947
1.7204,0.2297,38.62,95,91,188950
1.7302,0.2248,38.65,95,91,188953
1.7644,0.2395,38.55,95,91,188956
1.7546,0.2297,38.62,95,91,188960
1.7889,0.2346,38.52,95,91,188963
1.7791,0.2248,38.62,95,91,188966
1.7742,0.2248,38.62,95,91,188971
1.7937,0.2346,38.55,95,91,188974
1.7840,0.2102,38.62,95,91,188977
1.8084,0.2297,38.43,95,91,188981
1.7840,0.2444,38.68,95,91,188984
1.7889,0.2248,38.65,95,91,188987
1.8035,0.2346,38.62,95,91,188990
1.7791,0.2199,38.62,95,91,188994
1.8231,0.2297,38.36,95,91,188997
1.7937,0.2297,38.52,95,91,189000
1.8035,0.2297,38.65,95,91,189004
1.7937,0.2297,38.62,95,91,189007
1.7840,0.2248,38.68,95,91,189010
1.8426,0.2395,38.36,95,91,189015
1.8084,0.2297,38.46,95,91,189018
1.7986,0.2248,38.58,95,91,189021
1.8084,0.2297,38.65,95,91,189025
1.8133,0.2248,38.65,95,91,189028
1.8622,0.2395,38.46,95,91,189031
1.8328,0.2297,38.58,95,91,189034
1.8328,0.2248,38.52,95,91,189038
1.8328,0.2297,38.62,95,91,189041
1.8328,0.2346,38.65,95,91,189044
1.8768,0.2395,38.62,95,91,189048
1.8671,0.2297,38.68,95,91,189051
1.8964,0.2395,38.46,95,91,189054
1.8817,0.2297,38.30,95,91,189059
1.8964,0.2199,38.62,95,91,189062
1.9404,0.2297,38.49,95,92,189065
1.9501,0.2346,38.55,95,92,189069
1.9208,0.2248,38.65,95,92,189072
1.9697,0.2297,38.36,95,92,189076
1.9306,0.2248,38.55,95,92,189079
1.9110,0.2248,38.65,95,92,189082
1.9110,0.2688,38.62,95,92,189085
1.9013,0.2297,38.65,95,92,189089
1.9355,0.2444,38.36,95,92,189092
1.8866,0.2297,38.55,95,92,189095
1.8719,0.2248,38.58,95,92,189100
1.8671,0.2297,38.65,95,92,189103
1.8622,0.2346,38.65,95,92,189106
1.8964,0.2395,38.49,95,92,189110
1.9013,0.2346,38.58,95,92,189113
1.8622,0.2248,38.52,95,92,189116
1.8573,0.2199,38.62,95,92,189120
1.8377,0.2297,38.65,95,92,189123
1.8622,0.2346,38.49,95,92,189126
1.8328,0.2297,38.62,95,92,189130
1.8475,0.2297,38.46,95,92,189133
1.8475,0.2297,38.65,95,92,189136
1.8084,0.2248,38.62,95,92,189139
1.8231,0.2590,38.49,95,92,189144
1.8182,0.2395,38.62,95,92,189147
1.8133,0.2297,38.46,95,92,189150
1.7742,0.2199,38.58,95,92,189154
1.7644,0.2248,38.62,95,92,189157
1.7840,0.2297,38.77,95,92,189160
1.7644,0.2542,38.65,95,92,189164
1.7937,0.2346,38.43,95,92,189167
1.7644,0.2248,38.65,95,92,189170
1.7742,0.2590,38.65,95,92,189173
1.8035,0.2395,38.55,95,92,189177
1.7840,0.2297,38.68,95,92,189180
1.8377,0.2395,38.33,95,92,189184
1.8133,0.2297,38.52,95,92,189188
1.8035,0.2639,38.62,95,92,189191
1.8133,0.2346,38.58,95,92,189194
1.8084,0.2199,38.84,95,92,189198
1.8719,0.2493,38.43,95,92,189201
1.8426,0.2346,38.68,95,92,189204
1.8328,0.2297,38.52,95,92,189208
1.8328,0.2199,38.62,95,92,189211
1.8377,0.2248,38.68,95,92,189214
1.8768,0.2395,38.55,95,92,189217
1.8573,0.2297,38.58,95,92,189221
1.8719,0.2297,38.52,95,92,189224
1.8573,0.2248,38.62,95,92,189228
1.8671,0.2248,38.62,95,92,189232
1.8915,0.2395,38.55,95,92,189235
1.8817,0.2297,38.62,95,92,189238
1.9013,0.2346,38.46,95,92,189242
1.8719,0.2297,38.65,95,92,189245
1.8671,0.2248,38.77,95,92,189248
1.8964,0.2346,38.49,95,92,189252
1.8817,0.2248,38.62,95,92,189255
1.9159,0.2297,38.43,95,92,189258
1.9159,0.2297,38.52,95,92,189261
1.9110,0.2248,38.68,95,92,189265
1.9404,0.2346,38.55,95,92,189268
1.9404,0.2297,38.68,95,92,189272
1.9990,0.2346,38.33,95,92,189276
1.9648,0.2248,38.55,95,92,189279
1.9550,0.2248,38.65,95,92,189282
1.9550,0.2297,38.62,95,92,189286
1.9257,0.2346,38.62,95,92,189289
1.9599,0.2297,38.33,95,92,189292
1.8915,0.2199,38.55,95,92,189296
1.8671,0.2199,38.62,95,92,189299
1.8475,0.2297,38.52,95,92,189302
1.8328,0.2102,38.65,95,92,189305
1.8719,0.2444,38.49,95,92,189309
1.8280,0.2395,38.65,95,92,189313
1.8475,0.2102,38.58,95,92,189316
1.7986,0.2297,38.65,95,92,189320
1.8231,0.2297,38.65,95,92,189323
1.8035,0.2346,38.46,95,92,189326
1.8035,0.2297,38.62,95,92,189330
1.7791,0.2297,38.49,95,92,189333
1.7546,0.2248,38.71,95,92,189336
1.7498,0.2297,38.65,95,92,189340
1.7693,0.2297,38.52,95,92,189343
1.7449,0.2248,38.62,95,92,189346
1.7986,0.2297,38.49,95,92,189349
1.7400,0.2248,38.62,95,92,189353
1.7400,0.2688,38.62,95,92,189357
1.7791,0.2199,38.55,95,92,189360
1.7449,0.2297,38.65,95,92,189364
1.7791,0.2248,38.40,95,92,189367
1.7595,0.2248,38.74,95,92,189370
1.7791,0.2248,38.65,95,92,189374
1.8280,0.2346,38.58,95,92,189377
1.8328,0.2248,38.74,95,92,189380
1.9257,0.2639,38.36,95,92,189384
1.9599,0.2346,38.52,95,92,189387
2.0235,0.2248,38.62,95,92,189390
2.1505,0.2346,38.62,95,92,189393
2.2825,0.2248,38.71,95,92,189398
2.5367,0.2493,38.36,95,92,189401
2.7224,0.2297,38.52,95,92,189404
2.9423,0.2444,38.55,95,92,189408
3.1818,0.2297,38.62,95,92,189411
3.2649,0.2248,38.65,95,92,189414
3.2845,0.2639,38.49,95,92,189418
3.0450,0.2297,38.58,95,92,189421
2.7566,0.2248,38.52,95,92,189424
2.4340,0.2248,38.62,95,92,189428
2.1701,0.2248,38.65,95,92,189431
1.9697,0.2248,38.68,95,92,189434
1.7693,0.2297,38.58,95,92,189437
1.6471,0.2346,38.49,95,92,189442
1.5249,0.2248,38.62,95,92,189445
1.4956,0.2248,38.65,95,92,189448
1.4614,0.2297,38.52,95,92,189452
1.4321,0.2102,38.62,95,92,189455
1.4370,0.2248,38.52,95,92,189458
1.4321,0.2248,38.62,95,92,189462
1.4467,0.2248,38.62,95,92,189465
1.4907,0.2395,38.52,95,92,189468
1.5152,0.2248,38.62,95,92,189472
1.5445,0.2297,38.36,95,92,189475
1.5347,0.2248,38.58,95,92,189478
1.5396,0.2248,38.65,95,92,189481
1.5738,0.2297,38.68,95,92,189486
1.5787,0.2639,38.58,95,92,189489
1.6325,0.2346,38.30,95,92,189492
1.6080,0.2248,38.58,95,92,189496
1.6178,0.2151,38.62,95,92,189499
1.6325,0.2248,38.62,95,92,189502
1.6276,0.2248,38.68,95,92,189506
1.6813,0.2395,38.46,95,92,189509
1.6520,0.2297,38.52,95,92,189512
1.6618,0.2248,38.52,95,92,189516
1.6618,0.2248,37.96,95,92,189519
1.6716,0.2199,38.58,95,92,189522
1.7155,0.2346,38.46,95,92,189526
1.7009,0.2542,38.55,95,92,189530
1.7204,0.2297,38.52,95,92,189533
1.7107,0.2248,38.62,95,92,189536
1.7107,0.2248,38.65,95,92,189540
1.7253,0.2297,38.52,95,92,189543
1.7155,0.2248,38.62,95,92,189546
1.7498,0.2444,38.52,95,92,189550
1.7204,0.2248,38.62,95,92,189553
1.7253,0.2199,38.84,95,92,189556
1.7449,0.2346,38.52,95,92,189560
1.7253,0.2248,38.65,95,92,189563
1.7498,0.2297,38.40,95,92,189566
1.7253,0.2248,38.68,95,92,189570
1.7302,0.2248,38.65,95,92,189574
1.7400,0.2248,38.58,95,92,189577
1.7302,0.2248,38.62,95,92,189580
1.7791,0.2346,38.40,95,92,189584
1.7595,0.2297,38.55,95,92,189587
1.7595,0.2248,38.65,95,92,189590
1.7791,0.2199,38.62,95,92,189594
1.7791,0.2248,38.65,95,92,189597
1.8328,0.2444,38.40,95,92,189600
1.8231,0.2102,38.49,95,92,189604
1.7986,0.2199,38.58,95,92,189607
1.8084,0.2248,38.62,95,92,189611
1.8133,0.2151,38.62,95,92,189614
1.8671,0.2346,38.49,95,92,189618
1.8426,0.2248,38.68,95,92,189621
1.8573,0.2102,38.52,95,92,189624
1.8426,0.2248,38.52,95,92,189628
1.8475,0.2248,38.62,95,92,189631
1.8622,0.2297,38.49,95,92,189634
1.8426,0.2248,38.68,95,92,189638
1.8622,0.2297,38.49,95,92,189641
1.8377,0.2590,38.62,95,92,189644
1.8622,0.2199,38.62,95,92,189648
1.8817,0.2297,38.52,95,92,189651
1.8622,0.2248,38.62,95,92,189655
1.8915,0.2248,38.49,95,92,189658
1.8768,0.2248,38.52,95,92,189662
1.8866,0.2102,38.62,95,92,189665
1.9013,0.2297,38.49,95,92,189668
1.9257,0.2248,38.62,95,92,189672
1.9404,0.2297,38.40,95,92,189675
1.9697,0.2395,38.43,95,92,189680
1.9306,0.2297,38.55,95,92,189683
1.9257,0.2102,38.55,95,92,189686
1.9110,0.2248,38.52,95,92,189690
1.9110,0.2199,38.65,95,92,189693
1.9550,0.2297,38.49,95,92,189697
1.9257,0.2248,38.84,95,92,189701
1.9453,0.2199,38.49,95,92,189704
1.9013,0.2639,38.71,95,92,189707
1.8915,0.2248,38.65,95,92,189711
1.9110,0.2297,38.49,95,92,189714
1.8719,0.2248,38.68,95,92,189717
1.8964,0.2297,38.52,95,92,189720
1.8671,0.2199,38.65,95,92,189724
1.8671,0.2248,38.68,95,92,189727
1.8817,0.2297,38.52,95,92,189730
1.8622,0.2248,38.58,95,92,189734
1.9159,0.2199,38.43,95,92,189737
1.8573,0.2199,38.58,95,92,189741
1.8573,0.2248,38.62,95,92,189745
1.8719,0.2297,38.55,95,92,189748
1.8524,0.2199,38.71,95,92,189751
1.8866,0.2297,38.36,95,92,189754
1.8426,0.2199,38.68,95,92,189758
1.8426,0.2395,38.62,95,92,189761
1.8524,0.2297,38.58,95,92,189764
1.8328,0.2590,38.62,95,92,189768
1.8768,0.2346,38.36,95,92,189771
1.8377,0.2248,38.49,95,92,189774
1.8133,0.2151,38.58,95,92,189778
1.8133,0.2248,38.62,95,92,189782
1.8084,0.2199,38.65,95,92,189785
1.8573,0.2444,38.43,95,92,189789
1.8328,0.2297,38.27,95,92,189792
1.8231,0.2199,38.52,95,92,189795
1.8084,0.2199,38.62,95,92,189799
1.8084,0.2199,38.68,95,92,189802
1.8377,0.2297,38.49,95,92,189805
1.8133,0.2248,38.62,95,92,189808
1.8377,0.2248,38.58,95,92,189812
1.8231,0.2248,38.62,95,92,189815
1.8328,0.2199,38.52,95,92,189818
1.8573,0.2248,38.55,95,92,189822
1.8524,0.2248,38.65,95,92,189826
1.8915,0.2248,38.52,95,92,189829
1.8671,0.2199,38.62,95,92,189833
1.8768,0.2248,38.65,95,92,189836
1.9062,0.2102,38.49,95,92,189839
1.8817,0.2248,38.74,95,92,189843
1.9110,0.2297,38.40,95,92,189846
1.8866,0.2248,38.52,95,92,189849
1.8866,0.2199,38.65,95,92,189852
1.9110,0.2199,38.55,95,92,189856
1.9013,0.2199,38.62,95,92,189859
1.9550,0.2297,38.33,95,92,189862
1.9208,0.2199,38.52,95,92,189867
1.9110,0.2199,38.71,95,92,189870
1.9306,0.2297,38.62,95,92,189873
1.9404,0.2199,38.62,95,92,189877
2.0039,0.2395,38.43,95,92,189880
1.9648,0.2297,38.55,95,92,189883
1.9746,0.2248,38.55,95,92,189887
1.9941,0.2248,38.58,95,92,189890
2.0235,0.2102,38.65,95,92,189893
2.0430,0.2297,38.49,95,92,189896
2.0039,0.2248,38.62,95,92,189900
1.9941,0.2199,38.46,95,92,189903
1.9599,0.2248,38.65,95,92,189906
1.9257,0.2199,38.65,95,92,189911
1.9257,0.2346,38.43,95,92,189914
1.8719,0.2248,38.62,95,92,189917
1.8719,0.2199,38.49,95,92,189921
1.8328,0.1906,38.62,95,92,189924
1.8328,0.2199,38.62,95,92,189927
1.8524,0.2248,38.52,95,92,189930
1.8231,0.2199,38.62,95,92,189934
1.8377,0.2444,38.46,95,92,189937
1.8231,0.2199,38.58,95,92,189940
1.7937,0.2199,38.58,95,92,189944
1.8133,0.2346,38.55,95,92,189947
1.7840,0.2199,38.62,95,92,189950
1.8182,0.2395,38.40,95,92,189955
1.7840,0.2151,38.62,95,92,189958
1.7840,0.2199,38.62,95,92,189961
1.7986,0.2199,38.58,95,92,189965
1.7937,0.2199,38.62,95,92,189968
1.8622,0.2346,38.33,95,92,189971
1.8426,0.2102,38.55,95,92,189974
1.8280,0.2151,38.62,95,92,189978
1.8573,0.2248,38.68,95,92,189981
1.8084,0.1906,38.62,95,92,189984
1.8671,0.2395,38.43,95,92,189988
1.8671,0.2297,38.55,95,92,189991
1.8475,0.2199,38.58,95,92,189995
1.8719,0.2395,38.62,95,92,189999
1.9062,0.2199,38.68,95,92,190002
1.9892,0.2297,38.52,95,92,190005
2.0919,0.2248,38.58,95,92,190009
2.2092,0.2199,38.49,95,92,190012
2.3460,0.2199,38.52,95,92,190015
2.5611,0.2248,38.68,95,92,190018
2.8250,0.2248,38.58,95,92,190022
3.0596,0.2199,38.58,95,92,190025
3.2942,0.2493,38.52,95,92,190028
3.3040,0.2199,38.68,95,92,190032
3.1818,0.2199,38.65,95,92,190035
2.9472,0.2297,38.55,95,92,190039
2.6002,0.2199,38.58,95,92,190043
2.3412,0.2199,38.43,95,92,190046
2.0626,0.2199,38.55,95,92,190049
1.8573,0.2199,38.68,95,92,190052
1.7009,0.2346,38.52,95,92,190056
1.5640,0.2199,38.62,95,92,190059
1.5054,0.2248,38.40,95,92,190062
1.4321,0.2590,38.55,95,92,190066
1.4174,0.2151,38.65,95,92,190069
1.4076,0.2248,38.58,95,92,190072
1.4076,0.2346,38.65,95,92,190076
1.4956,0.2346,38.33,95,92,190080
1.4370,0.2199,38.52,95,92,190083
1.4467,0.2151,38.68,95,92,190087
1.4614,0.2199,38.58,95,92,190090
1.4761,0.2199,38.65,95,92,190093
1.5396,0.2395,38.43,95,92,190096
1.5298,0.2248,38.52,95,92,190100
1.5494,0.2151,38.55,95,92,190103
1.5689,0.2199,38.62,95,92,190106
1.5787,0.2199,38.62,95,92,190110
1.6178,0.2297,38.46,95,92,190113
1.5982,0.2151,38.58,95,92,190116
1.6178,0.2199,38.49,95,92,190120
1.6031,0.2199,38.52,95,92,190124
1.6129,0.2248,38.62,95,92,190127
1.6373,0.2248,38.40,95,92,190131
1.6471,0.2199,38.62,95,92,190134
1.7009,0.2199,38.49,95,92,190137
1.6716,0.2151,38.62,95,92,190140
1.6667,0.2199,38.62,95,92,190144
1.6764,0.2248,38.52,95,92,190147
1.6618,0.2199,38.68,95,92,190150
1.6911,0.2199,38.40,95,92,190154
1.6764,0.2199,38.65,95,92,190157
1.6960,0.2199,38.74,95,92,190160
1.7204,0.2248,38.55,95,92,190164
1.7107,0.2199,38.58,95,92,190168
1.7546,0.2248,38.36,95,92,190171
1.7302,0.2248,38.55,95,92,190175
1.7253,0.2151,38.71,95,92,190178
1.7595,0.2248,38.62,95,92,190181
1.7546,0.2199,38.71,95,92,190184
1.8035,0.2297,38.43,95,92,190188
1.7595,0.2248,38.55,95,92,190191
1.7498,0.2151,38.62,95,92,190194
1.7595,0.1906,38.65,95,92,190198
1.7595,0.2151,38.74,95,92,190201
1.7937,0.2297,38.49,95,92,190204
1.7693,0.2248,38.58,95,92,190209
1.7791,0.2297,38.49,95,92,190212
1.7595,0.2102,38.62,95,92,190215
1.7644,0.2151,38.49,95,92,190219
1.7937,0.2199,38.58,95,92,190222
1.7937,0.2199,38.62,95,92,190225
1.8280,0.2248,38.52,95,92,190229
1.7986,0.2199,38.62,95,92,190232
1.7937,0.2151,38.74,95,92,190235
1.8133,0.2346,38.52,95,92,190238
1.8035,0.2199,38.52,95,92,190242
1.8426,0.2199,38.46,95,92,190245
1.8182,0.2248,38.55,95,92,190248
1.7840,0.2102,38.71,95,92,190253
1.7986,0.2248,38.49,95,92,190256
1.7840,0.2199,38.62,95,92,190259
1.8475,0.2248,38.33,95,92,190263
1.8328,0.2199,38.55,95,92,190266
1.8328,0.2151,38.65,95,92,190269
1.8671,0.2346,38.62,95,92,190273
1.8671,0.1906,38.62,95,92,190276
1.9257,0.2297,38.43,95,92,190279
1.8768,0.2199,38.55,95,92,190282
1.8622,0.2151,38.74,95,92,190286
1.8573,0.2248,38.68,95,92,190289
1.8866,0.2199,38.62,95,92,190295
1.9110,0.2151,38.65,95,92,190298
1.9746,0.2346,38.55,95,92,190301
1.9501,0.2199,38.62,95,92,190305
1.9648,0.2297,38.58,95,92,190308
1.9257,0.2199,38.68,95,92,190311
1.9306,0.2151,38.65,95,92,190315
1.9697,0.2248,38.49,95,92,190318
1.9159,0.2199,38.62,95,92,190321
1.9257,0.2199,38.52,95,92,190325
1.8768,0.2102,38.55,95,92,190328
1.8719,0.2199,38.62,95,92,190331
1.8964,0.2542,38.55,95,92,190334
1.8915,0.2199,38.65,95,92,190339
1.9355,0.2248,38.55,95,92,190342
1.9013,0.2151,38.58,95,92,190345
1.9062,0.2151,38.65,95,92,190349
1.9159,0.2199,38.58,95,92,190352
1.9062,0.2151,38.68,95,92,190355
1.9501,0.2444,38.40,95,92,190359
1.8964,0.2199,38.52,95,92,190362
1.8671,0.2102,38.68,95,92,190365
1.8573,0.2248,38.62,95,92,190369
1.8719,0.2151,38.62,95,92,190372
1.9159,0.2248,38.46,95,92,190375
1.8817,0.2248,37.96,95,92,190380
1.8817,0.2199,38.52,95,92,190383
1.8817,0.2248,38.62,95,92,190386
1.8964,0.2151,38.65,95,92,190389
1.9208,0.2248,38.49,95,92,190393
1.9062,0.2199,38.58,95,92,190396
1.9306,0.2199,38.18,95,92,190399
1.8915,0.2248,38.58,95,92,190403
1.8671,0.2151,38.65,95,92,190406
1.8426,0.2297,38.52,95,92,190409
1.8280,0.2248,38.65,95,92,190413
1.8622,0.2199,38.55,95,92,190416
1.8622,0.2248,38.62,95,92,190419
1.8915,0.2151,38.65,95,92,190424
1.9306,0.2297,38.49,95,92,190427
1.9013,0.2151,38.62,95,92,190430
1.9355,0.2248,38.36,95,92,190433
1.9208,0.2248,38.55,95,92,190437
1.8964,0.2151,37.99,95,92,190440
1.8964,0.2248,38.58,95,92,190443
1.8671,0.2151,38.74,95,92,190447
1.9110,0.2248,38.30,95,92,190450
1.8671,0.2199,38.52,95,92,190453
1.8768,0.2102,38.58,95,92,190457
1.8964,0.2297,38.62,95,92,190460
1.9062,0.2151,38.65,95,92,190464
1.9599,0.2395,38.43,95,92,190468
1.9208,0.1906,38.58,95,92,190471
1.9110,0.2151,38.58,95,92,190474
1.9110,0.2199,38.62,95,92,190477
1.9404,0.2151,38.62,95,92,190481
1.9892,0.2297,38.52,95,92,190484
1.9746,0.2248,38.58,95,92,190487
1.9795,0.2199,38.49,95,92,190491
1.9453,0.2151,38.62,95,92,190494
1.9599,0.2151,38.65,95,92,190497
2.0186,0.2346,38.46,95,92,190501
2.0088,0.2199,38.62,95,92,190504
2.0479,0.2248,38.55,95,92,190508
2.0332,0.2102,38.62,95,92,190512
2.0283,0.2151,38.68,95,92,190515
2.0235,0.2199,38.46,95,92,190518
1.9844,0.2346,38.62,95,92,190521
2.0137,0.2102,38.43,95,92,190525
1.9599,0.2151,38.62,95,92,190528
1.9355,0.2151,38.62,95,92,190531
1.9257,0.2248,38.55,95,92,190535
1.8768,0.2199,38.52,95,92,190538
1.9110,0.2248,38.36,95,92,190541
1.8671,0.2151,38.55,95,92,190545
1.8817,0.2151,38.65,95,92,190548
1.8768,0.2151,38.65,95,92,190552
1.8573,0.2102,38.62,95,92,190556
1.8817,0.2297,38.40,95,92,190559
1.8231,0.2248,38.55,95,92,190562
1.8133,0.2151,38.58,95,92,190566
1.7889,0.2199,38.62,95,92,190569
1.7693,0.2151,38.65,95,92,190572
1.8133,0.2444,38.43,95,92,190575
1.8133,0.2199,38.58,95,92,190579
1.8280,0.2151,38.52,95,92,190582
1.7937,0.2199,38.62,95,92,190585
1.7889,0.2151,38.65,95,92,190589
1.8182,0.2248,38.52,95,92,190593
1.8182,0.2199,38.62,95,92,190596
1.8426,0.2248,38.49,95,92,190600
1.8133,0.2199,38.65,95,92,190603
1.8377,0.2151,38.65,95,92,190606
1.8622,0.2102,38.55,95,92,190610
1.8719,0.2151,38.68,95,92,190613
1.9404,0.2199,38.46,95,92,190616
1.9892,0.2151,38.62,95,92,190619
2.0968,0.2151,38.77,95,92,190623
2.2678,0.2297,38.55,95,92,190626
2.4340,0.2151,38.62,95,92,190629
2.7273,0.2248,38.33,95,92,190633
2.9961,0.2248,38.52,95,92,190637
3.2014,0.2102,38.62,95,92,190640
3.4164,0.2297,38.58,95,92,190644
3.4164,0.1906,38.68,95,92,190647
3.3138,0.2248,38.36,95,92,190650
2.9130,0.2199,38.49,95,92,190654
2.5318,0.2102,38.62,95,92,190657
2.2141,0.2199,38.62,95,92,190660
1.9501,0.2199,38.65,95,92,190663
1.8133,0.2297,38.46,95,92,190667
1.6129,0.2199,38.58,95,92,190670
1.4907,0.2102,38.55,95,92,190673
1.3930,0.2151,38.84,95,92,190678
1.3343,0.2151,38.68,95,92,190681
1.3490,0.2248,38.55,95,92,190684
1.3343,0.2248,38.68,95,92,190688
1.3441,0.2199,38.49,95,92,190691
1.3539,0.2248,38.62,95,92,190694
1.3734,0.2102,38.65,95,92,190698
1.4321,0.2248,38.46,95,92,190701
1.4614,0.2151,38.62,95,92,190704
1.5152,0.2151,38.52,95,92,190708
1.4956,0.2151,38.55,95,92,190711
1.5249,0.2151,38.62,95,92,190714
1.5689,0.2199,38.49,95,92,190717
1.5738,0.2151,38.65,95,92,190722
1.6178,0.2151,38.40,95,92,190725
1.5640,0.2199,38.58,95,92,190728
1.5591,0.2199,38.74,95,92,190732
1.6031,0.1906,38.58,95,92,190735
1.6276,0.2151,38.62,95,92,190738
1.6862,0.2346,38.33,95,92,190742
1.6471,0.2151,38.55,95,92,190745
1.6471,0.2102,38.62,95,92,190748
1.6471,0.2199,38.62,95,92,190752
1.6471,0.2151,38.62,95,92,190755
1.7009,0.2297,38.43,95,92,190758
1.6813,0.2199,38.58,95,92,190761
1.6911,0.2102,38.62,95,92,190766
1.6813,0.2102,38.62,95,92,190769
1.6667,0.2151,38.81,95,92,190772
1.6911,0.2248,38.46,95,92,190776
1.6667,0.2199,38.68,95,92,190779
1.6667,0.2199,38.55,95,92,190782
1.6422,0.2151,38.62,95,92,190786
1.6520,0.2151,38.68,95,92,190789
1.6862,0.2248,38.52,95,92,190792
1.6960,0.2151,38.58,95,92,190796
1.7546,0.2297,38.55,95,92,190799
1.7400,0.2102,38.62,95,92,190802
1.7400,0.2151,38.55,95,92,190806
1.7449,0.2151,38.36,95,92,190810
1.7302,0.1906,38.62,95,92,190813
1.7302,0.2151,38.52,95,92,190816
1.7009,0.2248,38.62,95,92,190820
1.7155,0.2102,38.65,95,92,190823
1.7400,0.2199,38.58,95,92,190826
1.7253,0.2151,38.62,95,92,190830
1.7791,0.2248,38.36,95,92,190833
1.7791,0.1906,38.55,95,92,190836
1.7644,0.2151,38.62,95,92,190840
1.7595,0.2199,38.58,95,92,190843
1.7400,0.2151,38.68,95,92,190846
1.7937,0.2395,38.36,95,92,190851
1.7742,0.2199,38.55,95,92,190854
1.7791,0.2102,38.58,95,92,190857
1.7937,0.2199,38.58,95,92,190860
1.7742,0.2151,38.65,95,92,190864
1.8084,0.2248,38.43,95,92,190867
1.7791,0.2199,38.58,95,92,190870
1.7889,0.2151,38.52,95,92,190874
1.7644,0.2151,38.62,95,92,190877
1.7546,0.2151,38.68,95,92,190880
1.7742,0.2346,38.58,95,92,190884
1.7595,0.2151,38.62,95,92,190887
1.7791,0.2248,38.55,95,92,190891
1.7449,0.2151,38.62,95,92,190895
1.7546,0.2151,38.49,95,92,190898
1.7889,0.2102,38.52,95,92,190901
1.8817,0.2248,38.58,95,92,190906
1.8719,0.2151,38.74,95,92,190909
1.9501,0.2297,38.36,95,92,190913
1.9208,0.2151,38.55,95,92,190916
1.8915,0.2199,38.62,95,92,190919
1.8573,0.2199,38.62,95,92,190922
1.8280,0.2151,38.65,95,92,190926
1.8719,0.2395,38.40,95,92,190929
1.8377,0.2199,38.55,95,92,190932
1.8426,0.2151,38.58,95,92,190937
1.8328,0.2102,38.62,95,92,190940
1.8328,0.2151,38.65,95,92,190943
1.8671,0.2297,38.52,95,92,190947
1.8280,0.2199,38.62,95,92,190950
1.8280,0.2688,38.49,95,92,190953
1.8084,0.2151,38.62,95,92,190957
1.8133,0.2151,38.62,95,92,190960
1.8426,0.2297,38.36,95,92,190963
1.8035,0.2248,38.62,95,92,190967
1.8231,0.2199,38.52,95,92,190970
1.8035,0.2102,38.58,95,92,190973
1.8084,0.2151,38.71,95,92,190977
1.8182,0.2199,38.52,95,92,190981
1.7986,0.2151,38.65,95,92,190984
1.8084,0.2151,38.46,95,92,190987
1.7840,0.2151,38.58,95,92,190991
1.7840,0.2151,38.65,95,92,190994
1.8231,0.2199,38.55,95,92,190997
1.7791,0.2151,38.65,95,92,191001
1.8035,0.2737,38.36,95,92,191004
1.7546,0.2151,38.65,95,92,191007
1.7595,0.2395,38.68,95,92,191011
1.7742,0.2199,38.58,95,92,191014
1.7693,0.2102,38.68,95,92,191017
1.8182,0.2346,38.30,95,92,191021
1.7840,0.2199,38.55,95,92,191025
1.7693,0.2102,38.58,95,92,191028
1.7742,0.2199,38.62,95,92,191031
1.7889,0.2248,38.65,95,92,191035
1.8328,0.2297,38.46,95,92,191038
1.7986,0.2199,38.58,95,92,191041
1.7986,0.2248,38.52,95,92,191045
1.7840,0.2151,38.62,95,92,191048
1.7889,0.2151,38.65,95,92,191051
1.8231,0.2248,38.49,95,92,191055
1.8084,0.2199,38.43,95,92,191058
1.8475,0.2248,38.46,95,92,191062
1.8328,0.2102,38.65,95,92,191065
1.8280,0.2151,38.21,95,92,191069
1.8280,0.2151,38.58,95,92,191072
1.7986,0.1906,38.65,95,92,191075
1.8133,0.2151,38.49,95,92,191079
1.7791,0.2151,38.62,95,92,191082
1.7889,0.2151,38.74,95,92,191085
1.8084,0.2199,38.52,95,92,191089
1.7986,0.2151,38.71,95,92,191092
1.8426,0.2248,38.43,95,92,191095
1.8280,0.2199,38.55,95,92,191099
1.8133,0.2151,38.62,95,92,191102
1.8328,0.2248,38.58,95,92,191106
1.8377,0.2151,38.46,95,92,191109
1.9110,0.2395,38.33,95,92,191113
1.8964,0.2199,38.52,95,92,191116
1.9062,0.2444,38.62,95,92,191119
1.9062,0.1906,38.62,95,92,191123
1.8915,0.2151,38.62,95,92,191126
1.9257,0.2346,38.43,95,92,191129
1.8719,0.2199,38.58,95,92,191133
1.8524,0.2151,38.52,95,92,191136
1.8231,0.2151,38.62,95,92,191139
1.8084,0.2151,38.62,95,92,191143
1.8231,0.2248,38.55,95,92,191147
1.7937,0.2199,38.62,95,92,191150
1.7986,0.2248,38.49,95,92,191154
1.7546,0.2151,38.49,95,92,191157
1.7400,0.2199,38.68,95,92,191160
1.7546,0.2297,38.49,95,92,191163
1.7204,0.2053,38.62,95,92,191167
1.7351,0.2151,38.49,95,92,191170
1.7107,0.2151,38.62,95,92,191173
1.7155,0.2248,38.62,95,92,191177
1.7253,0.2199,37.74,95,92,191180
1.6862,0.2346,38.62,95,92,191183
1.6960,0.2199,38.40,95,92,191187
1.6618,0.2151,38.49,95,92,191191
1.6520,0.2493,38.68,95,92,191194
1.6667,0.2248,38.58,95,92,191198
1.6618,0.2151,38.58,95,92,191201
1.7058,0.2297,38.43,95,92,191204
1.6764,0.2151,38.55,95,92,191207
1.6911,0.2102,38.65,95,92,191211
1.7058,0.2199,38.71,95,92,191214
1.7302,0.2151,38.62,95,92,191217
1.7889,0.2395,38.43,95,92,191221
1.7693,0.2248,38.52,95,92,191224
1.7937,0.2151,38.52,95,92,191227
1.8377,0.2493,38.65,95,92,191232
1.9208,0.2151,38.65,95,92,191235
2.0723,0.2248,38.46,95,92,191238
2.2043,0.2297,38.58,95,92,191242
2.4438,0.2151,38.49,95,92,191245
2.6588,0.2151,38.62,95,92,191248
2.9130,0.2199,38.65,95,92,191251
3.1818,0.2297,38.55,95,92,191255
3.2747,0.2151,38.65,95,92,191258
3.2893,0.2248,38.52,95,92,191261
3.0352,0.2102,38.65,95,92,191265
2.7273,0.2151,38.62,95,92,191268
2.4096,0.2248,38.52,95,92,191271
2.1310,0.2151,38.62,95,92,191276
1.8671,0.2151,38.46,95,92,191279
1.6373,0.2248,38.65,95,92,191282
1.4907,0.2151,38.68,95,92,191286
1.4027,0.2688,38.55,95,92,191289
1.3245,0.2151,38.62,95,92,191292
1.3196,0.2248,38.36,95,92,191295
1.2805,0.2102,38.55,95,92,191299
1.2708,0.2151,38.62,95,92,191302
1.3099,0.2248,38.58,95,92,191305
1.3001,0.1906,38.62,95,92,191309
1.3685,0.2297,38.33,95,92,191312
1.3685,0.2493,38.49,95,92,191315
1.3881,0.2199,38.58,95,92,191320
1.4076,0.2199,38.58,95,92,191323
1.4272,0.2199,38.62,95,92,191326
1.5005,0.2346,38.46,95,92,191330
1.4761,0.2199,38.58,95,92,191333
1.4858,0.2102,38.52,95,92,191336
1.4907,0.2199,38.62,95,92,191339
1.5054,0.2102,38.62,95,92,191343
1.5543,0.2248,38.55,95,92,191346
1.5396,0.2199,38.52,95,92,191349
1.5738,0.2248,38.55,95,92,191353
1.5738,0.2199,38.65,95,92,191356
1.5885,0.2395,38.65,95,92,191360
1.6227,0.2297,38.49,95,92,191364
1.5982,0.2151,38.62,95,92,191367
1.6227,0.2151,38.49,95,92,191370
1.5982,0.2151,38.77,95,92,191374
1.6129,0.2151,38.62,95,92,191377
1.6129,0.2199,37.74,95,92,191380
1.5934,0.2199,38.62,95,92,191383
1.6227,0.2199,38.43,95,92,191387
1.6031,0.2199,38.81,95,92,191390
1.6031,0.2248,38.62,95,92,191393
1.6227,0.2248,38.58,95,92,191397
1.6080,0.2151,38.74,95,92,191400
1.6471,0.2346,38.36,95,92,191404
1.6080,0.2151,38.58,95,92,191408
1.6178,0.2151,38.65,95,92,191411
1.6325,0.2248,38.62,95,92,191414
1.6227,0.2151,38.62,95,92,191418
1.6716,0.2346,38.43,95,92,191421
1.6373,0.2199,38.55,95,92,191424
1.6618,0.2151,38.55,95,92,191427
1.6373,0.2199,38.62,95,92,191431
1.6569,0.2102,38.62,95,92,191434
1.6813,0.2297,38.52,95,92,191437
1.6813,0.2248,38.58,95,92,191441
1.6667,0.2199,38.52,95,92,191444
1.6569,0.2199,38.71,95,92,191448
1.6569,0.2053,38.68,95,92,191452
1.6813,0.2248,38.58,95,92,191455
1.6667,0.2199,38.46,95,92,191458
1.6911,0.2102,38.55,95,92,191462
1.6764,0.2199,38.68,95,92,191465
1.6813,0.2053,38.65,95,92,191468
1.7058,0.2102,38.52,95,92,191472
1.6960,0.2199,38.62,95,92,191475
1.7253,0.2199,38.46,95,92,191478
1.7058,0.2102,38.65,95,92,191481
1.7107,0.2151,38.62,95,92,191485
1.7253,0.2199,38.49,95,92,191489
1.7204,0.2151,38.74,95,92,191492
1.7644,0.2346,38.36,95,92,191496
1.7595,0.2248,38.55,95,92,191499
1.7498,0.2151,38.68,95,92,191502
1.7693,0.2248,38.58,95,92,191506
1.7644,0.2151,38.52,95,92,191509
1.8280,0.2248,38.36,95,92,191512
1.9159,0.2248,38.49,95,92,191517
1.8817,0.2199,38.68,95,92,191520
1.9110,0.2199,38.49,95,92,191524
1.8964,0.2102,38.62,95,92,191527
1.9013,0.2151,38.65,95,92,191531
1.9208,0.2151,38.55,95,92,191534
1.9062,0.2199,38.62,95,92,191538
1.9306,0.2248,38.52,95,92,191541
1.8964,0.2199,38.62,95,92,191544
1.8915,0.2151,38.58,95,92,191548
1.9110,0.2199,38.49,95,92,191551
1.8817,0.2199,38.84,95,92,191554
1.9062,0.2199,38.40,95,92,191558
1.8866,0.2151,38.52,95,92,191561
1.8768,0.2151,38.65,95,92,191564
1.8964,0.2248,38.55,95,92,191568
1.8573,0.2199,38.65,95,92,191571
1.8915,0.2248,38.36,95,92,191575
1.8426,0.2151,38.55,95,92,191579
1.8280,0.2248,38.68,95,92,191582
1.8231,0.2199,38.62,95,92,191585
1.8182,0.2199,38.71,95,92,191588
1.8573,0.2346,38.40,95,92,191592
1.8084,0.2199,38.33,95,92,191595
1.7937,0.2102,38.55,95,92,191598
1.7937,0.2199,38.62,95,92,191602
1.7937,0.2151,38.62,95,92,191605
1.8280,0.2297,38.52,95,92,191608
1.8133,0.2248,38.58,95,92,191612
1.8182,0.2444,38.55,95,92,191616
1.8035,0.2199,38.68,95,92,191619
1.8035,0.2151,38.58,95,92,191623
1.8377,0.2102,38.46,95,92,191626
1.8035,0.2688,38.62,95,92,191629
1.8231,0.2297,38.49,95,92,191632
1.7986,0.2151,38.62,95,92,191636
1.7986,0.2199,38.68,95,92,191639
1.8182,0.2199,38.55,95,92,191642
1.8035,0.2199,38.65,95,92,191646
1.8280,0.2199,38.46,95,92,191649
1.8084,0.2151,38.55,95,92,191652
1.8084,0.2151,38.62,95,92,191656
1.8377,0.2297,38.58,95,92,191660
1.8328,0.2199,38.81,95,92,191663
1.8817,0.2248,38.40,95,92,191667
1.8475,0.2151,38.58,95,92,191670
1.8524,0.2151,38.62,95,92,191673
1.8671,0.2248,38.58,95,92,191676
1.8524,0.2199,38.58,95,92,191680
1.9062,0.2199,38.33,95,92,191683
1.8768,0.2199,38.52,95,92,191686
1.8622,0.2102,38.58,95,92,191690
1.8622,0.2199,38.62,95,92,191693
1.8573,0.2199,38.65,95,92,191696
1.9110,0.2346,38.46,95,92,191700
1.8866,0.2248,38.65,95,92,191704
1.8866,0.2199,38.52,95,92,191707
1.8866,0.2199,38.62,95,92,191711
1.8915,0.2199,38.58,95,92,191714
1.9355,0.2297,38.49,95,92,191717
1.9159,0.2199,38.46,95,92,191721
1.9404,0.2297,38.49,95,92,191724
1.9208,0.2199,38.62,95,92,191727
1.9306,0.2395,38.65,95,92,191730
1.9648,0.2102,38.55,95,92,191734
1.9648,0.2199,38.81,95,92,191737
2.0039,0.2444,38.55,95,92,191740
1.9795,0.2199,38.62,95,92,191745
1.9746,0.2151,38.52,95,92,191748
2.0186,0.2199,38.52,95,92,191751
1.9404,0.2199,38.84,95,92,191755
1.9648,0.2248,38.43,95,92,191758
1.9062,0.2199,38.52,95,92,191761
1.8719,0.2151,38.58,95,92,191765
1.8671,0.2248,38.55,95,92,191768
1.8280,0.2199,38.62,95,92,191771
1.8768,0.2248,38.33,95,92,191774
1.8182,0.2199,38.49,95,92,191778
1.7986,0.2151,38.65,95,92,191781
1.7889,0.2199,38.65,95,92,191784
1.7644,0.2199,38.71,95,92,191789
1.8035,0.2688,38.40,95,92,191792
1.7595,0.2248,38.55,95,92,191795
1.7546,0.2151,38.58,95,92,191799
1.7595,0.2199,38.62,95,92,191802
1.7595,0.2199,38.65,95,92,191805
1.7937,0.2297,38.52,95,92,191809
1.7742,0.2199,38.68,95,92,191812
1.7840,0.2444,38.55,95,92,191815
1.7546,0.2199,38.62,95,92,191818
1.7644,0.2151,38.65,95,92,191822
1.7986,0.2297,38.49,95,92,191825
1.7693,0.2297,38.62,95,92,191828
1.7937,0.2102,38.49,95,92,191833
1.7595,0.2102,38.58,95,92,191836
1.7644,0.2151,38.58,95,92,191839
1.7937,0.2248,38.52,95,92,191843
1.8035,0.2199,38.62,95,92,191846
1.8768,0.2248,38.43,95,92,191849
1.9062,0.2199,38.55,95,92,191853
1.9844,0.2151,38.65,95,92,191856
2.1310,0.2248,38.55,95,92,191859
2.2678,0.2199,38.58,95,92,191862
2.5220,0.2248,38.40,95,92,191866
2.7028,0.2151,38.58,95,92,191869
2.9472,0.2199,38.65,95,92,191873
3.1720,0.2199,38.55,95,92,191877
3.2649,0.2199,38.65,95,92,191880
3.2942,0.2297,38.43,95,92,191883
3.0156,0.2248,38.52,95,92,191887
2.7028,0.2102,38.62,95,92,191890
2.3949,0.2199,38.58,95,92,191893
2.1261,0.2248,38.62,95,92,191897
1.9550,0.2297,38.46,95,92,191900
1.7498,0.2346,38.52,95,92,191903
1.6129,0.1906,38.52,95,92,191906
1.5103,0.2199,38.58,95,92,191910
1.4467,0.2053,38.68,95,92,191913
1.4370,0.2248,38.52,95,92,191917
1.3978,0.2199,38.58,95,92,191921
1.4076,0.2199,38.52,95,92,191924
1.3930,0.2199,38.52,95,92,191927
1.4076,0.2199,38.65,95,92,191931
1.4467,0.2199,38.55,95,92,191934
1.4614,0.2297,38.62,95,92,191937
1.5005,0.2151,38.49,95,92,191941
1.4907,0.2199,38.71,95,92,191944
1.5103,0.2248,38.68,95,92,191947
1.5445,0.2248,38.52,95,92,191950
1.5445,0.2199,38.62,95,92,191954
1.5885,0.2102,38.40,95,92,191958
1.5934,0.2199,38.55,95,92,191961
1.6031,0.2199,38.62,95,92,191965
1.6373,0.2297,38.33,95,92,191968
1.6325,0.2248,38.62,95,92,191971
1.6960,0.2248,38.33,95,92,191975
1.6764,0.2248,38.52,95,92,191978
1.6862,0.2151,38.65,95,92,191981
1.6960,0.2199,38.58,95,92,191985
1.7009,0.2199,38.65,95,92,191988
1.7644,0.2395,38.43,95,92,191991
1.7302,0.2248,38.55,95,92,191995
1.7449,0.2102,38.55,95,92,191998
1.7498,0.2199,38.71,95,92,192002
1.7937,0.2102,38.68,95,92,192005
1.7986,0.2297,38.62,95,92,192009
1.7791,0.2248,38.58,95,92,192012
1.8280,0.2248,38.55,95,92,192015
1.7889,0.2199,38.62,95,92,192019
1.7937,0.2151,38.65,95,92,192022
1.8280,0.2297,38.52,95,92,192025
1.8280,0.2248,38.68,95,92,192029
1.8280,0.2248,38.52,95,92,192032
1.7986,0.2102,38.68,95,92,192035
1.7986,0.2151,38.65,95,92,192038
1.8182,0.2248,38.49,95,92,192043
1.7986,0.2199,38.65,95,92,192046
1.8280,0.2151,38.49,95,92,192049
1.8133,0.2151,38.55,95,92,192053
1.8133,0.2248,38.62,95,92,192056
1.8328,0.2297,38.55,95,92,192059
1.8133,0.2199,38.74,95,92,192063
1.8524,0.2248,38.40,95,92,192066
1.8133,0.2151,38.58,95,92,192069
1.8182,0.2151,38.71,95,92,192073
1.8280,0.2199,38.62,95,92,192076
1.8133,0.2199,38.36,95,92,192079
1.8671,0.2346,38.36,95,92,192083
1.8328,0.2199,38.58,95,92,192087
1.8328,0.2199,38.62,95,92,192090
1.8426,0.2199,38.62,95,92,192093
1.8328,0.2199,38.62,95,92,192097
1.9013,0.2346,38.46,95,92,192100
1.8524,0.2248,38.49,95,92,192103
1.8573,0.2151,38.55,95,92,192107
1.8280,0.2199,38.62,95,92,192110
1.8280,0.2151,38.62,95,92,192113
1.8671,0.2248,38.46,95,92,192117
1.8328,0.2199,38.65,95,92,192120
1.8573,0.2248,38.52,95,92,192123
1.8231,0.2199,38.62,96,92,192128
1.8719,0.2199,38.74,96,92,192132
1.8866,0.2199,38.62,96,92,192136
1.9159,0.2297,38.58,96,92,192139
1.8915,0.2542,38.65,96,92,192142
1.9453,0.2346,38.36,96,92,192146
1.9110,0.2248,38.33,96,92,192149
1.8915,0.2102,38.62,96,92,192152
1.9013,0.2248,38.62,96,92,192155
1.8866,0.2199,38.62,96,92,192159
1.9404,0.2395,38.40,96,92,192162
1.9062,0.2248,38.40,96,92,192165
1.8915,0.2248,38.55,96,92,192169
1.9306,0.2102,38.62,96,92,192173
1.8915,0.2199,38.62,96,92,192176
1.9306,0.2297,38.46,96,92,192180
1.8964,0.2248,38.58,96,92,192183
1.9013,0.2199,38.55,96,92,192186
1.8866,0.2199,38.65,96,92,192189
1.8866,0.2102,38.62,96,92,192193
1.9013,0.2297,38.77,96,92,192196
1.8768,0.2590,38.62,96,92,192199
1.9110,0.2102,38.49,96,92,192203
1.8524,0.2199,38.65,96,92,192206
1.8475,0.2199,38.62,96,92,192209
1.8671,0.2297,38.49,96,92,192214
1.8280,0.2444,38.62,96,92,192217
1.8426,0.2102,38.46,96,92,192220
1.8084,0.2151,38.58,96,92,192224
1.8035,0.2444,38.65,96,92,192227
1.8231,0.2248,38.55,96,92,192230
1.7937,0.2199,38.58,96,92,192233
1.8182,0.2346,38.40,96,92,192237
1.7840,0.2248,38.55,96,92,192240
1.7693,0.2102,38.62,96,92,192243
1.8231,0.2248,38.55,96,92,192247
1.7742,0.2199,38.71,96,92,192250
1.8280,0.2248,38.36,96,92,192253
1.7889,0.2199,38.68,96,92,192258
1.7840,0.2444,38.65,96,92,192261
1.7937,0.2199,38.62,96,92,192264
1.7840,0.2151,38.62,96,92,192268
1.8377,0.2395,38.43,96,92,192271
1.7986,0.2248,38.68,96,92,192274
1.7889,0.2151,38.49,96,92,192277
1.7889,0.2199,38.65,96,92,192281
1.7937,0.2199,38.65,96,92,192284
1.8573,0.2297,38.52,96,92,192287
1.8182,0.2248,38.65,96,92,192291
1.8328,0.2248,38.49,96,92,192294
1.8231,0.1906,38.65,96,92,192297
1.8231,0.2199,37.87,96,92,192302
1.8475,0.2248,38.49,96,92,192305
1.8328,0.2199,38.62,96,92,192308
1.8622,0.2737,38.62,96,92,192312
1.8377,0.2151,38.62,96,92,192315
1.8377,0.2199,38.52,96,92,192318
1.8524,0.2248,38.52,96,92,192321
1.8475,0.2102,38.65,96,92,192325
1.8817,0.2199,37.93,96,92,192328
1.8573,0.1906,38.62,96,92,192331
1.8768,0.2199,38.68,96,92,192335
1.9062,0.2346,38.55,96,92,192338
1.8964,0.2199,38.71,96,92,192342
1.9501,0.2493,38.36,96,92,192346
1.9355,0.2248,38.55,96,92,192349
1.9257,0.2199,38.71,96,92,192352
1.9453,0.2248,38.58,96,92,192356
1.9453,0.2199,38.62,96,92,192359
2.0039,0.2395,38.33,96,92,192362
1.9697,0.2248,38.46,96,92,192365
1.9404,0.2151,38.58,96,92,192369
1.9404,0.2199,38.62,96,92,192372
1.9208,0.2151,38.62,96,92,192375
1.9453,0.2346,38.46,96,92,192379
1.8866,0.2590,38.68,96,92,192382
1.8817,0.2248,38.52,96,92,192386
1.8475,0.2199,38.74,96,92,192390
1.8622,0.2151,38.62,96,92,192393
1.8622,0.2297,38.68,96,92,192396
1.8280,0.2151,38.58,96,92,192400
1.8671,0.2248,38.49,96,92,192403
1.8035,0.2248,38.49,96,92,192406
1.7986,0.2199,38.62,96,92,192409
1.8133,0.2297,38.49,96,92,192413
1.7840,0.2199,38.58,96,92,192416
1.8035,0.2199,38.49,96,92,192419
1.7937,0.2151,38.55,96,92,192423
1.7742,0.2199,38.65,96,92,192427
1.8280,0.2248,38.46,96,92,192430
1.7889,0.2199,38.62,96,92,192434
1.8231,0.2248,38.49,96,92,192437
1.7986,0.2199,38.55,96,92,192440
1.7986,0.2199,38.58,96,92,192444
1.8133,0.2248,38.55,96,92,192447
1.8035,0.2199,38.68,96,92,192450
1.8475,0.2297,37.74,96,92,192453
1.8133,0.2199,38.58,96,92,192457
1.8280,0.2199,38.65,96,92,192460
1.8573,0.2395,38.68,96,92,192463
1.8866,0.2199,38.62,96,92,192467
1.9892,0.2395,38.40,96,92,192471
2.0186,0.2199,38.62,96,92,192474
2.0968,0.2151,38.62,96,92,192478
2.2239,0.2248,38.62,96,92,192481
2.3949,0.2199,38.65,96,92,192484
2.6637,0.2297,38.46,96,92,192488
2.8739,0.2248,38.58,96,92,192491
3.0987,0.2199,38.49,96,92,192494
3.2111,0.2199,38.11,96,92,192497
3.2160,0.2102,38.68,96,92,192501
3.1036,0.2297,38.43,96,92,192504
2.7957,0.2199,38.65,96,92,192507
2.5269,0.2297,38.49,96,92,192512
2.2190,0.2199,38.65,96,92,192515
1.9844,0.2199,38.71,96,92,192518
1.8035,0.2248,38.58,96,92,192522
1.6520,0.2102,38.62,96,92,192525
1.5591,0.2199,38.49,96,92,192528
1.4565,0.2297,38.62,96,92,192531
1.4321,0.2199,38.68,96,92,192535
1.3978,0.2248,38.08,96,92,192538
1.3587,0.2199,38.62,96,92,192541
1.3978,0.2248,38.52,96,92,192545
1.3978,0.2248,38.52,96,92,192548
1.4076,0.2199,38.62,96,92,192551
1.4370,0.2493,38.55,96,92,192556
1.4418,0.2248,38.62,96,92,192559
1.4907,0.2297,38.33,96,92,192562
1.4858,0.2102,38.52,96,92,192566
1.4956,0.2151,38.62,96,92,192569
1.5200,0.2199,38.58,96,92,192572
1.5347,0.2151,38.62,96,92,192575
1.5982,0.2297,38.43,96,92,192579
1.5738,0.2248,38.62,96,92,192582
1.5787,0.2151,38.58,96,92,192585
1.5885,0.2199,38.74,96,92,192589
1.6031,0.2151,38.62,96,92,192592
1.6373,0.2297,38.55,96,92,192595
1.6325,0.2151,38.58,96,92,192600
1.6569,0.2199,38.49,96,92,192603
1.6422,0.2248,38.62,96,92,192606
1.6520,0.1906,38.65,96,92,192610
1.6813,0.2297,38.52,96,92,192613
1.6618,0.2199,38.62,96,92,192616
1.6764,0.2248,38.52,96,92,192620
1.6520,0.2493,38.58,96,92,192623
1.6667,0.2248,38.68,96,92,192626
1.6813,0.2248,38.49,96,92,192629
1.6716,0.2151,38.68,96,92,192633
1.6911,0.2248,38.43,96,92,192636
1.6667,0.2151,38.52,96,92,192640
1.6667,0.2199,38.65,96,92,192644
1.6960,0.2248,38.81,96,92,192647
1.6862,0.2297,38.68,96,92,192650
1.7351,0.2297,38.40,96,92,192654
1.6960,0.2248,38.55,96,92,192657
1.6960,0.2248,38.71,96,92,192660
1.7107,0.2248,37.83,96,92,192664
1.7009,0.2199,38.62,96,92,192667
1.7644,0.2395,38.36,96,92,192670
1.7351,0.2297,38.55,96,92,192673
1.7204,0.2151,38.58,96,92,192677
1.7302,0.2737,38.62,96,92,192680
1.7351,0.2102,38.68,96,92,192684
1.7644,0.2297,38.46,96,92,192688
1.7351,0.2102,38.58,96,92,192691
1.7498,0.2199,38.52,96,92,192694
1.7253,0.2199,38.65,96,92,192698
1.7253,0.2199,38.62,96,92,192701
1.7498,0.2297,38.49,96,92,192704
1.7253,0.2199,38.71,96,92,192708
1.7449,0.2151,38.55,96,92,192711
1.7204,0.2199,38.65,96,92,192714
1.7302,0.2199,38.65,96,92,192717
1.7498,0.2248,38.55,96,92,192721
1.7546,0.2199,38.65,96,92,192724
1.7840,0.2199,38.46,96,92,192728
1.7595,0.2199,38.65,96,92,192732
1.7595,0.2199,37.87,96,92,192735
1.7840,0.2199,38.52,96,92,192738
1.8035,0.2248,38.58,96,92,192743
1.7986,0.1906,38.65,96,92,192746
1.8573,0.2395,38.36,96,92,192750
1.8426,0.2297,38.49,96,92,192753
1.8475,0.2199,38.55,96,92,192756
1.8671,0.2199,38.84,96,92,192760
1.8573,0.2297,38.62,96,92,192763
1.8915,0.2297,38.46,96,92,192766
1.8475,0.2346,38.58,96,92,192770
1.8426,0.2199,38.52,96,92,192774
1.8231,0.2199,38.74,96,92,192777
1.8328,0.1906,38.65,96,92,192780
1.8524,0.2248,38.71,96,92,192784
1.8426,0.2199,38.62,96,92,192787
1.8719,0.2102,38.49,96,92,192790
1.8377,0.2199,38.65,96,92,192794
1.8719,0.2199,38.62,96,92,192797
1.8768,0.2297,38.49,96,92,192800
1.8719,0.2199,38.65,96,92,192804
1.8573,0.2199,38.46,96,92,192807
1.8182,0.2199,38.55,96,92,192811
1.7937,0.2199,38.68,96,92,192814
1.8035,0.2297,38.58,96,92,192818
1.7840,0.2199,38.62,96,92,192821
1.8182,0.2346,38.40,96,92,192824
1.7986,0.2248,38.58,96,92,192828
1.7840,0.2199,38.27,96,92,192831
1.7840,0.2297,38.58,96,92,192834
1.7595,0.2199,38.65,96,92,192838
1.7986,0.2297,38.36,96,92,192841
1.7546,0.2151,38.55,96,92,192844
1.7595,0.2151,38.62,96,92,192847
1.7644,0.2248,38.58,96,92,192851
1.7644,0.2199,38.62,96,92,192855
1.8084,0.2395,38.49,96,92,192858
1.7693,0.2346,38.55,96,92,192862
1.7595,0.2151,38.55,96,92,192865
1.7546,0.2590,38.62,96,92,192868
1.7595,0.2151,38.62,96,92,192872
1.7840,0.2297,38.46,96,92,192875
1.7644,0.2248,38.58,96,92,192878
1.7840,0.2248,38.52,96,92,192882
1.7791,0.2248,38.52,96,92,192885
1.7937,0.2346,38.62,96,92,192888
1.8280,0.2297,38.52,96,92,192891
1.8182,0.2199,38.62,96,92,192896
1.8622,0.2297,38.52,96,92,192899
1.8377,0.2199,38.65,96,92,192902
1.8426,0.2199,38.65,96,92,192906
1.8915,0.2151,38.52,96,92,192909
1.8377,0.2199,38.52,96,92,192912
1.8671,0.2199,38.46,96,92,192916
1.8524,0.2199,38.65,96,92,192919
1.8622,0.2199,38.65,96,92,192922
1.8866,0.2297,38.55,96,92,192926
1.8622,0.2199,38.62,96,92,192929
1.9159,0.2297,38.36,96,92,192932
1.9013,0.2248,38.58,96,92,192935
1.9013,0.2199,38.65,96,92,192940
1.9208,0.2297,38.58,96,92,192943
1.9062,0.2199,38.81,96,92,192946
1.9501,0.2297,38.33,96,92,192950
1.9110,0.2199,38.55,96,92,192953
1.9013,0.2151,38.62,96,92,192956
1.9159,0.2248,38.62,96,92,192960
1.9208,0.2199,38.58,96,92,192963
1.9795,0.2444,38.46,96,92,192966
1.9550,0.2248,38.55,96,92,192970
1.9648,0.2199,38.49,96,92,192973
1.9746,0.2199,38.62,96,92,192976
1.9892,0.2199,38.62,96,92,192979
2.0186,0.2199,38.62,96,92,192984
1.9941,0.2199,38.65,96,92,192987
2.0039,0.2248,38.30,96,92,192990
1.9648,0.2248,38.62,96,92,192994
1.9453,0.2199,38.62,96,92,192997
1.9550,0.2297,38.87,96,92,193000
1.8866,0.2248,38.65,96,92,193004
1.8817,0.2199,38.55,96,92,193007
1.8426,0.2542,38.55,96,92,193010
1.8475,0.1906,38.62,96,92,193014
1.8622,0.2395,38.49,96,92,193017
1.8328,0.2102,38.62,96,92,193020
1.8426,0.2248,38.40,96,92,193024
1.8035,0.2346,38.55,96,92,193028
1.8084,0.2102,38.62,96,92,193031
1.7937,0.2297,38.58,96,92,193034
1.7742,0.2199,38.65,96,92,193038
1.8133,0.2248,38.36,96,92,193041
1.7644,0.2542,38.62,96,92,193044
1.7889,0.2248,38.65,96,92,193048
1.7546,0.2248,38.65,96,92,193051
1.7546,0.2248,38.62,96,92,193054
1.8133,0.2395,38.43,96,92,193058
1.7840,0.2297,38.55,96,92,193061
1.7742,0.2151,38.55,96,92,193064
1.7791,0.2493,38.58,96,92,193068
1.8084,0.2199,38.65,96,92,193072
1.8377,0.2297,38.46,96,92,193075
1.8280,0.2199,38.58,96,92,193078
1.8377,0.2199,38.52,96,92,193082
1.8133,0.2199,38.74,96,92,193085
1.8231,0.2199,38.62,96,92,193088
1.8866,0.2297,38.49,96,92,193092
1.9306,0.2199,38.62,96,92,193095
2.0674,0.2346,38.52,96,92,193098
2.1799,0.2199,38.62,96,92,193102
2.3705,0.2199,38.65,96,92,193105
2.6002,0.2248,38.52,96,92,193108
2.8152,0.2199,38.65,96,92,193112
3.0841,0.2199,38.46,96,92,193116
3.2209,0.2248,38.62,96,92,193119
3.2698,0.2151,38.65,96,92,193122
3.1818,0.2297,38.58,96,92,193126
2.8983,0.2199,38.65,96,92,193129
2.6295,0.2248,38.36,96,92,193132
2.2874,0.2151,38.52,96,92,193136
2.0039,0.2199,38.65,96,92,193139
1.8084,0.2248,38.65,96,92,193142
1.6325,0.2199,38.62,96,92,193145
1.5640,0.2346,38.33,96,92,193149
1.4663,0.2199,38.52,96,92,193153
1.4174,0.2297,38.68,96,92,193156
1.3978,0.2248,38.65,96,92,193160
1.3734,0.2199,38.62,96,92,193163
1.4272,0.2395,38.43,96,92,193166
1.4027,0.2248,38.58,96,92,193170
1.4272,0.2493,38.58,96,92,193173
1.4565,0.2199,38.62,96,92,193176
1.4858,0.2199,38.65,96,92,193180
1.5347,0.2297,38.52,96,92,193183
1.5200,0.2248,38.55,96,92,193186
1.5543,0.2199,38.46,96,92,193189
1.5689,0.2199,38.68,96,92,193193
1.5982,0.2199,38.65,96,92,193197
1.6471,0.2346,38.46,96,92,193200
1.6373,0.2199,38.62,96,92,193204
1.6813,0.2297,38.55,96,92,193207
1.6716,0.2151,38.58,96,92,193210
1.6764,0.2199,38.74,96,92,193214
1.6862,0.2248,38.49,96,92,193217
1.6667,0.2199,38.71,96,92,193220
1.6813,0.2248,38.40,96,92,193224
1.6618,0.2199,38.58,96,92,193227
1.6667,0.2199,38.49,96,92,193230
1.6862,0.2248,38.55,96,92,193233
1.7058,0.2248,38.62,96,92,193238
1.7351,0.2248,38.36,96,92,193241
1.7107,0.2248,38.58,96,92,193244
1.7204,0.2199,38.65,96,92,193248
1.7351,0.2248,38.62,96,92,193251
1.7302,0.2199,38.65,96,92,193254
1.7889,0.2395,38.36,96,92,193258
1.7889,0.2199,38.55,96,92,193261
1.7498,0.2151,38.58,96,92,193264
1.7889,0.2199,38.62,96,92,193268
1.7546,0.2199,38.65,96,92,193271
1.7937,0.2297,38.43,96,92,193274
1.7693,0.2297,38.58,96,92,193278
1.7595,0.2199,38.02,96,92,193282
1.7449,0.2297,38.62,96,92,193285
1.7595,0.2102,38.65,96,92,193288
1.7889,0.2297,38.55,96,92,193292
1.7693,0.2199,38.65,96,92,193295
1.7889,0.2199,38.52,96,92,193298
1.7498,0.2199,38.68,96,92,193302
1.7449,0.2199,38.68,96,92,193305
1.7498,0.2199,38.55,96,92,193308
1.7595,0.2688,38.68,96,92,193312
1.7986,0.2102,38.52,96,92,193315
1.7644,0.2199,38.71,96,92,193318
1.7595,0.2248,38.65,96,92,193321
1.7742,0.2248,38.52,96,92,193326
1.7498,0.2444,38.62,96,92,193329
1.7889,0.2248,38.43,96,92,193332
1.7693,0.2199,37.77,96,92,193336
1.7546,0.2444,38.62,96,92,193339
1.7742,0.2297,38.55,96,92,193342
1.7595,0.2444,38.68,96,92,193346
1.8084,0.2346,38.33,96,92,193349
1.8280,0.2297,38.49,96,92,193354
1.7986,0.2248,38.58,96,92,193357
1.8182,0.2199,38.49,96,92,193360
1.8280,0.1906,38.62,96,92,193364
1.8328,0.2199,38.74,96,92,193368
1.8768,0.2297,38.58,96,92,193371
1.8719,0.2199,38.62,96,92,193374
1.9110,0.2248,38.49,96,92,193378
1.8964,0.2248,38.68,96,92,193381
1.9159,0.2199,38.65,96,92,193384
1.9501,0.2297,38.49,96,92,193388
1.9013,0.2199,38.62,96,92,193391
1.9159,0.2199,38.55,96,92,193394
1.8866,0.2151,38.55,96,92,193398
1.8915,0.2199,38.65,96,92,193401
1.9208,0.2248,38.49,96,92,193404
1.8964,0.2248,38.65,96,92,193409
1.9306,0.2248,38.40,96,92,193412
1.8964,0.2248,38.55,96,92,193415
1.8817,0.2102,38.62,96,92,193418
1.9013,0.2248,38.55,96,92,193422
1.8915,0.2199,38.65,96,92,193425
1.9697,0.2346,38.40,96,92,193428
1.8817,0.2199,38.52,96,92,193432
1.8671,0.2297,38.65,96,92,193435
1.8524,0.2248,38.68,96,92,193438
1.8377,0.2248,38.62,96,92,193442
1.8915,0.2297,38.40,96,92,193445
1.8622,0.2297,38.52,96,92,193448
1.8524,0.2199,38.52,96,92,193453
1.8328,0.2248,38.58,96,92,193456
1.8133,0.2297,38.68,96,92,193459
1.8426,0.2297,38.43,96,92,193462
1.8084,0.2395,38.58,96,92,193466
1.7986,0.2542,38.49,96,92,193469
1.7791,0.2102,38.65,96,92,193472
1.7791,0.2199,38.52,96,92,193476
1.8475,0.2102,38.49,96,92,193479
1.8035,0.2248,38.65,96,92,193482
1.8426,0.2297,38.49,96,92,193486
1.8035,0.2493,38.65,96,92,193489
1.7889,0.1906,38.65,96,92,193492
1.7937,0.2248,38.62,96,92,193496
1.7986,0.2199,38.65,96,92,193500
1.8377,0.2151,38.46,96,92,193503
1.7840,0.2493,38.65,96,92,193506
1.7840,0.2199,38.62,96,92,193510
1.8182,0.2297,38.58,96,92,193513
1.8084,0.2102,38.68,96,92,193516
1.8573,0.2248,38.40,96,92,193520
1.8328,0.2248,38.52,96,92,193523
1.8133,0.2199,38.71,96,92,193526
1.8231,0.2297,38.62,96,92,193530
1.8035,0.2199,38.68,96,92,193533
1.8573,0.2297,38.33,96,92,193537
1.8231,0.2199,38.55,96,92,193541
1.8377,0.2151,38.58,96,92,193544
1.8475,0.2248,38.65,96,92,193547
1.8719,0.2199,38.65,96,92,193550
1.9208,0.2395,38.49,96,92,193554
1.8768,0.2248,38.58,96,92,193557
1.8671,0.2102,38.52,96,92,193560
1.8524,0.2199,38.68,96,92,193564
1.8573,0.2248,38.65,96,92,193567
1.8915,0.2297,38.62,96,92,193570
1.8768,0.2248,38.65,96,92,193574
1.9013,0.2248,38.49,96,92,193577
1.8817,0.2199,38.62,96,92,193581
1.8768,0.2248,38.62,96,92,193585
1.9208,0.2297,38.49,96,92,193588
1.9453,0.2248,38.62,96,92,193591
1.9648,0.2199,38.49,96,92,193594
1.9501,0.2199,38.62,96,92,193598
1.9648,0.2199,38.55,96,92,193601
1.9990,0.2297,38.65,96,92,193604
1.9746,0.2297,38.65,96,92,193608
2.0088,0.2248,38.40,96,92,193611
1.9355,0.2199,38.55,96,92,193614
1.8915,0.2199,38.74,96,92,193618
1.8671,0.2297,38.55,96,92,193622
1.8377,0.2199,38.65,96,92,193625
1.8719,0.2248,38.46,96,92,193629
1.8280,0.2151,38.65,96,92,193632
1.8280,0.2444,38.65,96,92,193635
1.8231,0.2248,38.58,96,92,193638
1.7986,0.2493,38.65,96,92,193642
1.8426,0.2346,38.40,96,92,193645
1.7693,0.2297,38.55,96,92,193648
1.7400,0.2151,38.55,96,92,193652
1.7302,0.2248,38.65,96,92,193655
1.7302,0.2199,38.65,96,92,193658
1.7742,0.2248,38.46,96,92,193662
1.7546,0.2248,38.62,96,92,193666
1.7546,0.2248,38.52,96,92,193669
1.7302,0.2248,38.65,96,92,193673
1.7253,0.2199,38.84,96,92,193676
1.7449,0.2297,38.49,96,92,193679
1.7302,0.2199,38.62,96,92,193682
1.7546,0.2297,38.46,96,92,193686
1.7302,0.2248,38.65,96,92,193689
1.7351,0.2199,38.65,96,92,193692
1.7498,0.2248,38.52,96,92,193696
1.7840,0.2199,38.62,96,92,193699
1.7986,0.2248,38.49,96,92,193702
1.8133,0.2199,38.62,96,92,193707
1.8622,0.2199,38.65,96,92,193710
1.9648,0.2297,38.55,96,92,193713
2.0772,0.2199,38.62,96,92,193717
2.3021,0.2297,38.36,96,92,193720
2.5073,0.2297,38.55,96,92,193723
2.7615,0.1906,38.65,96,92,193726
3.0694,0.2297,38.58,96,92,193730
3.2991,0.2199,38.65,96,92,193733
3.5533,0.2346,38.33,96,92,193736
3.4800,0.2248,38.52,96,92,193740
3.2551,0.2151,38.62,96,92,193743
2.9423,0.2248,38.68,96,92,193746
2.5904,0.2346,38.65,96,92,193751
2.3705,0.2346,38.46,96,92,193754
2.0577,0.2248,38.81,96,92,193757
1.8475,0.2199,38.52,96,92,193760
1.6911,0.2199,38.65,96,92,193764
1.5689,0.2199,38.62,96,92,193767
1.5054,0.2297,38.52,96,92,193770
1.4272,0.2248,38.58,96,92,193774
1.3881,0.2248,38.77,96,92,193777
1.3343,0.2199,38.62,96,92,193780
1.3148,0.2199,38.65,96,92,193784
1.3294,0.2346,38.55,96,92,193787
1.3099,0.2199,38.65,96,92,193790
1.3343,0.2297,38.52,96,92,193795
1.3245,0.2151,38.68,96,92,193798
1.3539,0.2199,38.65,96,92,193801
1.4223,0.2199,38.49,96,92,193805
1.3930,0.2199,38.65,96,92,193808
1.4174,0.2248,38.49,96,92,193811
1.4076,0.2151,38.55,96,92,193814
1.4174,0.2199,38.65,96,92,193818
1.4467,0.2297,38.46,96,92,193821
1.4565,0.2151,38.65,96,92,193824
1.5152,0.2297,38.36,96,92,193828
1.4907,0.2151,38.58,96,92,193831
1.5054,0.2199,38.65,96,92,193835
1.5152,0.2248,38.68,96,92,193839
1.5200,0.1906,38.68,96,92,193842
1.5640,0.2297,38.36,96,92,193845
1.5396,0.2248,38.55,96,92,193848
1.5689,0.2248,38.62,96,92,193852
1.5494,0.2248,38.74,96,92,193855
1.5494,0.2199,38.62,96,92,193858
1.5982,0.2346,38.43,96,92,193862
1.5787,0.2297,38.62,96,92,193865
1.5836,0.2248,38.52,96,92,193868
1.5787,0.2199,38.62,96,92,193872
1.5738,0.2297,38.65,96,92,193875
1.5934,0.2297,38.46,96,92,193879
1.5738,0.2248,38.62,96,92,193883
1.5885,0.2346,38.49,96,92,193886
1.5689,0.2199,38.65,96,92,193889
1.5787,0.2248,38.62,96,92,193892
1.5934,0.2248,38.55,96,92,193896
1.5885,0.2297,38.58,96,92,193899
1.6080,0.2199,38.49,96,92,193902
1.5885,0.2199,38.62,96,92,193906
1.6031,0.2248,38.62,96,92,193909
1.6129,0.2297,38.68,96,92,193912
1.5885,0.2199,38.62,96,92,193916
1.6178,0.2248,38.43,96,92,193920
1.5982,0.2395,38.52,96,92,193923
1.5885,0.2199,38.65,96,92,193927
1.6031,0.2297,38.55,96,92,193930
1.5885,0.2248,38.68,96,92,193933
1.6276,0.2297,38.33,96,92,193937
1.6031,0.2248,38.52,96,92,193940
1.5934,0.1906,38.62,96,92,193943
1.6080,0.2248,38.58,96,92,193946
1.6031,0.2346,38.62,96,92,193950
1.6520,0.2395,38.43,96,92,193953
1.6178,0.2444,38.62,96,92,193956
1.6276,0.2248,38.55,96,92,193960
1.6227,0.2248,38.62,96,92,193964
1.6520,0.2199,38.55,96,92,193969
1.6764,0.2248,38.68,96,92,193972
1.7253,0.2297,38.49,96,92,193975
1.7253,0.2248,38.62,96,92,193979
1.7644,0.2248,38.46,96,92,193982
1.7644,0.2199,38.62,96,92,193985
1.7840,0.2297,38.62,96,92,193989
1.8231,0.2297,38.40,96,92,193992
1.8182,0.2199,38.58,96,92,193995
1.8671,0.2297,38.40,96,92,193998
1.8475,0.2297,38.55,96,92,194002
1.8426,0.2248,38.62,96,92,194006
1.8622,0.2248,38.55,96,92,194009
1.8573,0.2199,38.65,96,92,194013
1.9110,0.2297,38.33,96,92,194016
1.8768,0.2199,38.52,96,92,194019
1.8768,0.2151,38.62,96,92,194023
1.8768,0.2248,38.58,96,92,194026
1.8768,0.2199,38.68,96,92,194029
1.9257,0.2395,38.46,96,92,194033
1.8866,0.2297,38.58,96,92,194036
1.8768,0.2199,38.68,96,92,194039
1.8622,0.2248,38.62,96,92,194042
1.8719,0.2199,38.65,96,92,194046
1.9110,0.2297,38.43,96,92,194050
1.8768,0.2248,38.62,96,92,194053
1.8866,0.2248,38.52,96,92,194057
1.8671,0.2102,38.62,96,92,194060
1.8475,0.2199,38.71,96,92,194063
1.8671,0.2346,38.52,96,92,194067
1.8377,0.2248,38.62,96,92,194070
1.8622,0.2297,38.58,96,92,194073
1.8280,0.2248,38.62,96,92,194077
1.8280,0.2199,38.65,96,92,194080
1.8280,0.2248,38.52,96,92,194083
1.8084,0.2444,38.62,96,92,194086
1.8280,0.2248,38.43,96,92,194091
1.7937,0.2297,38.65,96,92,194094
1.8280,0.2199,38.62,96,92,194097
1.8084,0.2297,38.62,96,92,194101
1.7889,0.2248,38.65,96,92,194104
1.8231,0.2297,38.36,96,92,194107
1.7986,0.2248,38.49,96,92,194111
1.7889,0.2248,38.65,96,92,194114
1.7889,0.2248,38.58,96,92,194117
1.7840,0.2102,38.62,96,92,194121
1.8377,0.2395,38.36,96,92,194124
1.7986,0.2248,38.55,96,92,194127
1.7791,0.2151,38.58,96,92,194130
1.7937,0.2248,38.65,96,92,194135
1.7937,0.2151,38.62,96,92,194138
1.8377,0.2297,38.49,96,92,194141
1.8084,0.2444,38.58,96,92,194145
1.8524,0.2199,38.52,96,92,194148
1.8231,0.2248,38.62,96,92,194151
1.8182,0.2102,38.65,96,92,194155
1.8524,0.2297,38.55,96,92,194158
1.8426,0.2493,38.62,96,92,194161
1.8671,0.2297,38.49,96,92,194165
1.8475,0.2199,38.65,96,92,194168
1.8573,0.2151,38.65,96,92,194171
1.8915,0.2297,38.49,96,92,194174
1.8622,0.2248,38.62,96,92,194179
1.8866,0.2248,38.46,96,92,194182
1.8622,0.2199,38.52,96,92,194185
1.8817,0.2248,38.68,96,92,194189
1.8915,0.2297,38.46,96,92,194192
1.8768,0.2199,38.62,96,92,194195
1.9208,0.2199,38.43,96,92,194199
1.9013,0.2248,38.58,96,92,194202
1.9013,0.2199,38.65,96,92,194205
1.9306,0.2297,38.58,96,92,194209
1.9208,0.2199,38.58,96,92,194212
1.9844,0.2444,38.36,96,92,194215
1.9550,0.2199,38.55,96,92,194219
1.9599,0.2151,37.90,96,92,194223
2.0039,0.2248,38.62,96,92,194226
1.9746,0.2199,38.65,96,92,194229
2.0235,0.2395,38.40,96,92,194233
1.9648,0.2248,38.55,96,92,194236
1.9306,0.1906,38.55,96,92,194239
1.8964,0.2248,38.58,96,92,194243
1.8768,0.2199,38.62,96,92,194246
1.8817,0.2297,38.55,96,92,194249
1.8377,0.2248,38.58,96,92,194253
1.8524,0.2248,38.49,96,92,194256
1.8231,0.2248,38.62,96,92,194259
1.8133,0.2102,38.62,96,92,194263
1.8280,0.2297,38.52,96,92,194267
1.7889,0.2297,38.62,96,92,194270
1.7986,0.2297,38.52,96,92,194273
1.7546,0.2199,38.65,96,92,194277
1.7449,0.2199,38.62,96,92,194280
1.7449,0.2248,38.49,96,92,194283
1.7302,0.2248,38.58,96,92,194287
1.7742,0.2199,38.40,96,92,194290
1.7351,0.2199,38.65,96,92,194293
1.7400,0.2248,38.68,96,92,194297
1.7644,0.2297,38.55,96,92,194300
1.7449,0.2297,38.62,96,92,194304
1.7889,0.2297,38.36,96,92,194307
1.7693,0.2248,38.49,96,92,194311
1.7889,0.2248,38.65,96,92,194314
1.7644,0.2297,38.68,96,92,194317
1.7546,0.2542,38.62,96,92,194321
1.8182,0.2346,38.33,96,92,194324
1.8084,0.2248,38.49,96,92,194327
1.8280,0.2151,38.65,96,92,194331
1.8768,0.2248,38.62,96,92,194334
1.9453,0.2199,38.68,96,92,194337
2.0968,0.2346,38.52,96,92,194341
2.1994,0.2297,38.58,96,92,194344
2.3754,0.2199,38.58,96,92,194348
2.5806,0.2297,38.62,96,92,194351
2.8250,0.2199,38.65,96,92,194355
3.0938,0.2297,38.62,96,92,194358
3.2063,0.2248,38.62,96,92,194361
3.2356,0.2248,38.49,96,92,194365
3.0254,0.2151,38.65,96,92,194368
2.7566,0.2199,38.65,96,92,194371
2.4780,0.2297,38.40,96,92,194375
2.1603,0.2199,38.62,96,92,194378
1.9501,0.2248,38.52,96,92,194381
1.7302,0.2199,38.58,96,92,194384
1.5934,0.2199,38.62,96,92,194388
1.5103,0.2297,38.49,96,92,194392
1.4321,0.2395,38.58,96,92,194395
1.4272,0.2248,38.43,96,92,194399
1.3832,0.2297,38.36,96,92,194402
1.3930,0.2199,38.62,96,92,194405
1.3832,0.2297,38.65,96,92,194409
1.3783,0.2248,38.62,96,92,194412
1.4223,0.2346,38.36,96,92,194415
1.3978,0.2199,38.58,96,92,194419
1.4418,0.2248,38.62,96,92,194422
1.4272,0.2248,38.52,96,92,194425
1.4370,0.2199,38.62,96,92,194429
1.5005,0.2395,38.40,96,92,194433
1.4907,0.2297,38.58,96,92,194436
1.4956,0.2199,38.55,96,92,194439
1.5152,0.2248,38.68,96,92,194443
1.5249,0.2248,38.68,96,92,194446
1.5689,0.2297,38.43,96,92,194449
1.5640,0.2346,38.58,96,92,194453
1.5836,0.2199,38.52,96,92,194456
1.5738,0.2248,38.65,96,92,194459
1.5787,0.2199,38.62,96,92,194463
1.6129,0.2297,38.52,96,92,194466
1.5982,0.2248,38.62,96,92,194469
1.6276,0.2297,38.68,96,92,194472
1.6129,0.2248,38.68,96,92,194477
1.6178,0.2199,38.68,96,92,194480
1.6422,0.2248,38.52,96,92,194483
1.6520,0.2297,38.68,96,92,194487
1.6764,0.2248,38.46,96,92,194490
1.6813,0.2248,38.62,96,92,194493
1.6716,0.2199,38.62,96,92,194497
1.6960,0.2297,38.55,96,92,194500
1.6813,0.2199,38.62,96,92,194503
1.7253,0.2248,38.40,96,92,194507
1.7107,0.2297,38.55,96,92,194510
1.7058,0.2199,38.71,96,92,194513
1.7204,0.2297,38.58,96,92,194518
1.7058,0.2199,38.65,96,92,194521
1.7546,0.2346,38.30,96,92,194524
1.7253,0.2248,38.52,96,92,194527
1.7204,0.2151,38.74,96,92,194531
1.7302,0.2199,38.58,96,92,194534
1.7204,0.2199,38.65,96,92,194537
1.7889,0.2395,38.43,96,92,194541
1.7498,0.2297,38.55,96,92,194544
1.7546,0.2199,38.58,96,92,194547
1.7546,0.2248,38.58,96,92,194551
1.7595,0.1906,38.65,96,92,194554
1.7937,0.2297,38.55,96,92,194557
1.7742,0.2199,38.68,96,92,194561
1.7986,0.2248,38.49,96,92,194565
1.7742,0.2297,38.65,96,92,194568
1.7840,0.2102,38.62,96,92,194571
1.7986,0.2346,38.52,96,92,194575
1.7742,0.2297,38.49,96,92,194579
1.7546,0.2199,38.62,96,92,194583
1.8133,0.2346,38.36,96,92,194586
1.7840,0.2248,38.65,96,92,194589
1.7889,0.2248,38.62,96,92,194593
1.8084,0.2199,38.58,96,92,194596
1.7986,0.2199,38.65,96,92,194599
1.8475,0.2346,38.30,96,92,194604
1.8084,0.2248,38.58,96,92,194607
1.8133,0.2199,38.62,96,92,194610
1.8280,0.2248,38.62,96,92,194613
1.8280,0.2248,38.65,96,92,194617
1.8866,0.2395,38.46,96,92,194620
1.8524,0.2395,38.58,96,92,194623
1.8475,0.2199,38.55,96,92,194627
1.8475,0.2248,38.62,96,92,194630
1.8475,0.2199,38.62,96,92,194633
1.8817,0.2297,38.40,96,92,194637
1.8622,0.2297,38.58,96,92,194640
1.8671,0.2248,38.49,96,92,194643
1.8426,0.2248,38.65,96,92,194648
1.8377,0.2199,38.65,96,92,194651
1.8671,0.2346,38.52,96,92,194654
1.8475,0.2248,38.62,96,92,194657
1.8768,0.2297,38.52,96,92,194661
1.8377,0.2248,38.62,96,92,194664
1.8573,0.2199,38.62,96,92,194667
1.8328,0.2248,38.55,96,92,194671
1.8133,0.2248,38.84,96,92,194674
1.8426,0.2199,38.43,96,92,194677
1.7937,0.2248,38.65,96,92,194681
1.7937,0.2199,38.62,96,92,194684
1.8133,0.2297,38.55,96,92,194688
1.7937,0.2199,38.62,96,92,194692
1.8377,0.2297,38.33,96,92,194695
1.8133,0.2248,38.52,96,92,194698
1.7986,0.2248,38.62,96,92,194701
1.8133,0.2248,38.68,96,92,194705
1.8035,0.2248,38.65,96,92,194708
1.8573,0.2444,38.36,96,92,194711
1.8133,0.2297,38.46,96,92,194715
1.8035,0.2248,38.58,96,92,194718
1.8035,0.2248,38.58,96,92,194721
1.7986,0.2199,38.71,96,92,194725
1.8328,0.2297,38.46,96,92,194728
1.8035,0.2297,38.65,96,92,194732
1.7889,0.2248,38.52,96,92,194736
1.7693,0.2199,38.68,96,92,194739
1.7742,0.2248,38.58,96,92,194742
1.8035,0.2248,38.55,96,92,194745
1.7986,0.2248,38.62,96,92,194749
1.8182,0.2297,38.49,96,92,194752
1.7986,0.2199,38.62,96,92,194755
1.7937,0.2199,38.84,96,92,194759
1.8328,0.2346,38.49,96,92,194762
1.8084,0.2248,38.62,96,92,194765
1.8280,0.2346,38.49,96,92,194769
1.8084,0.2199,38.55,96,92,194772
1.8133,0.2248,38.68,96,92,194776
1.8475,0.2297,38.49,96,92,194780
1.8280,0.2248,38.62,96,92,194783
1.8622,0.2346,38.40,96,92,194786
1.8328,0.2297,38.65,96,92,194789
1.8328,0.2199,38.49,96,92,194793
1.8475,0.2542,38.58,96,92,194796
1.8377,0.2248,38.65,96,92,194799
1.8915,0.2297,38.55,96,92,194803
1.8573,0.2102,38.55,96,92,194806
1.8719,0.2199,38.65,96,92,194809
1.8915,0.2444,38.58,96,92,194813
1.8915,0.2199,38.65,96,92,194817
1.9599,0.2444,38.40,96,92,194820
1.9306,0.2346,38.58,96,92,194824
1.9306,0.2199,38.55,96,92,194827
1.9355,0.2297,38.62,96,92,194830
1.9355,0.2199,38.65,96,92,194834
1.9795,0.2444,38.43,96,92,194837
1.9648,0.2248,38.62,96,92,194840
1.9892,0.2248,38.55,96,92,194843
1.9892,0.2248,38.62,96,92,194847
1.9746,0.2248,38.62,96,92,194850
1.9941,0.2297,38.55,96,92,194853
1.9648,0.2102,38.65,96,92,194857
1.9746,0.2346,38.52,96,92,194861
1.9159,0.2297,38.62,96,92,194864
1.8964,0.2248,38.65,96,92,194868
1.8866,0.2248,38.55,96,92,194871
1.8817,0.2248,38.62,96,92,194874
1.8915,0.2248,38.43,96,92,194877
1.8524,0.2248,38.65,96,92,194881
1.8426,0.2199,38.65,96,92,194884
1.8573,0.2297,38.58,96,92,194887
1.8328,0.2248,38.62,96,92,194891
1.8622,0.2297,38.43,96,92,194894
1.8622,0.2346,38.52,96,92,194897
1.7986,0.2199,38.65,96,92,194902
1.7889,0.2248,38.62,96,92,194905
1.7693,0.2102,38.62,96,92,194908
1.8133,0.2395,38.40,96,92,194912
1.7693,0.2297,38.52,96,92,194915
1.7546,0.2199,38.58,96,92,194918
1.7498,0.2493,38.62,96,92,194922
1.7400,0.2199,38.65,96,92,194925
1.7742,0.2297,38.52,96,92,194928
1.7449,0.2199,38.58,96,92,194931
1.7742,0.2102,38.52,96,92,194935
1.7400,0.2248,38.71,96,92,194938
1.7498,0.2199,38.68,96,92,194941
1.7791,0.2297,38.62,96,92,194946
1.7840,0.2297,38.62,96,92,194949
1.8426,0.2297,38.49,96,92,194952
1.8622,0.2248,38.65,96,92,194956
1.9306,0.2395,38.65,96,92,194959
2.0528,0.2297,38.49,96,92,194962
2.1408,0.2248,38.65,96,92,194966
2.3558,0.2248,38.46,96,92,194969
2.4927,0.2199,38.55,96,92,194972
2.7126,0.2199,38.62,96,92,194975
2.9765,0.2297,38.49,96,92,194979
3.1281,0.2248,38.62,96,92,194982
3.2551,0.2346,38.43,96,92,194985
3.1183,0.2248,38.58,96,92,194990
2.8592,0.2248,38.62,96,92,194993
2.5806,0.2297,38.58,96,92,194996
2.2532,0.2248,38.62,96,92,195000
2.0430,0.2346,38.33,96,92,195003
1.7791,0.2248,38.55,96,92,195006
1.6031,0.2199,38.65,96,92,195009
1.4809,0.2297,38.68,96,92,195013
1.3978,0.2248,38.62,96,92,195016
1.3978,0.2395,38.40,96,92,195019
1.3441,0.2346,38.52,96,92,195023
1.3294,0.2199,38.55,96,92,195026
1.3343,0.2248,38.62,96,92,195030
1.3539,0.2248,38.65,96,92,195034
1.4027,0.2297,38.40,96,92,195037
1.4370,0.2248,38.68,96,92,195040
1.4223,0.2248,38.49,96,92,195044
1.4174,0.2248,38.65,96,92,195047
1.4321,0.2493,38.65,96,92,195050
1.4712,0.2297,37.71,96,92,195053
1.4761,0.2248,38.68,96,92,195057
1.5054,0.2297,38.52,96,92,195060
1.4907,0.2248,38.62,96,92,195063
1.5054,0.2199,38.62,96,92,195067
1.5396,0.2297,38.55,96,92,195070
1.5543,0.2395,38.62,96,92,195074
1.6031,0.2102,38.43,96,92,195078
1.5787,0.2199,38.62,96,92,195081
1.5982,0.2151,38.65,96,92,195084
1.5885,0.2297,38.43,96,92,195088
1.5934,0.2102,38.62,96,92,195091
1.6422,0.2297,38.55,96,92,195094
1.6276,0.2346,38.58,96,92,195098
1.6080,0.2199,38.65,96,92,195101
1.6080,0.2444,38.58,96,92,195104
1.5982,0.2102,38.62,96,92,195107
1.6520,0.2297,38.43,96,92,195111
1.6227,0.2248,38.49,96,92,195115
1.6227,0.2199,38.58,96,92,195118
1.6276,0.2395,38.65,96,92,195122
1.6276,0.2248,38.65,96,92,195125
1.6764,0.2395,37.87,96,92,195128
1.6520,0.2199,38.58,96,92,195132
1.6520,0.2248,38.52,96,92,195135
1.6569,0.2248,38.65,96,92,195138
1.6667,0.2248,38.62,96,92,195142
1.7009,0.2297,38.55,96,92,195145
1.6911,0.2248,38.52,96,92,195148
1.7155,0.2346,38.49,96,92,195151
1.6960,0.2248,37.99,96,92,195155
1.7058,0.2493,38.62,96,92,195159
1.7400,0.2346,38.52,96,92,195162
1.7155,0.2248,38.65,96,92,195166
1.7693,0.2248,38.49,96,92,195169
1.7058,0.2199,38.58,96,92,195172
1.7155,0.2199,38.74,96,92,195176
1.7498,0.2297,38.49,96,92,195179
1.7253,0.2248,38.71,96,92,195182
1.7644,0.2346,38.40,96,92,195186
1.8231,0.2346,38.36,95,92,195190
1.7840,0.2248,38.62,95,92,195194
1.7693,0.2199,38.58,95,92,195197
1.7693,0.2248,38.62,95,92,195201
1.7742,0.2248,38.65,95,92,195204
1.8231,0.2297,38.49,95,92,195208
1.8035,0.2297,38.71,95,92,195211
1.8182,0.2199,38.46,95,92,195214
1.8231,0.2248,38.62,95,92,195218
1.8426,0.2542,38.62,95,92,195221
1.8915,0.2346,38.43,95,92,195224
1.8719,0.2297,38.62,95,92,195228
1.8915,0.2346,38.49,95,92,195231
1.8671,0.2248,38.62,95,92,195234
1.8671,0.2199,38.65,95,92,195238
1.8915,0.2297,38.52,95,92,195241
1.8817,0.2248,38.65,95,92,195245
1.9110,0.2297,38.49,95,92,195248
1.8671,0.2102,38.58,95,92,195252
1.8573,0.2248,38.68,95,92,195255
1.8671,0.2297,38.52,95,92,195258
1.8573,0.2248,38.62,95,92,195262
1.9013,0.2297,37.71,95,92,195265
1.8768,0.2199,38.62,95,92,195268
1.8719,0.2248,38.71,95,92,195272
1.8866,0.2346,38.58,95,92,195275
1.8573,0.2248,38.65,95,92,195278
1.8866,0.2346,38.33,95,92,195282
1.8475,0.2297,38.52,95,92,195286
1.8328,0.2199,38.71,95,92,195289
1.8719,0.2297,38.58,95,92,195292
1.8377,0.2248,38.62,95,92,195296
1.8817,0.2395,38.46,95,92,195299
1.8377,0.2346,38.55,95,92,195302
1.8182,0.2248,38.55,95,92,195306
1.8133,0.2297,38.58,95,92,195309
1.8084,0.2248,38.65,95,92,195312
1.8280,0.2395,38.62,95,92,195316
1.7937,0.2248,38.58,95,92,195319
1.8035,0.2102,38.55,95,92,195322
1.7791,0.2248,38.62,95,92,195326
1.7791,0.2102,38.62,95,92,195330
1.7742,0.2297,38.58,95,92,195333
1.7595,0.2248,38.58,95,92,195336
1.7791,0.2346,38.52,95,92,195340
1.7302,0.2248,38.65,95,92,195343
1.7155,0.2151,38.65,95,92,195346
1.7351,0.2297,38.58,95,92,195350
1.7400,0.2199,38.62,95,92,195353
1.7449,0.2297,38.46,95,92,195356
1.7302,0.2248,38.49,95,92,195360
1.7302,0.2248,38.65,95,92,195363
1.7546,0.2297,38.65,95,92,195366
1.7302,0.2248,38.58,95,92,195371
1.7693,0.2346,38.40,95,92,195374
1.7302,0.2248,38.65,95,92,195377
1.7400,0.2493,38.62,95,92,195380
1.7937,0.2102,38.58,95,92,195384
1.7644,0.2248,38.62,95,92,195387
1.8084,0.2395,38.36,95,92,195390
1.7693,0.2248,38.52,95,92,195394
1.7644,0.2395,38.62,95,92,195397
1.7937,0.2297,38.62,95,92,195400
1.7986,0.2248,38.58,95,92,195404
1.8622,0.2395,38.49,95,92,195407
1.8084,0.2297,38.52,95,92,195410
1.8133,0.2248,38.52,95,92,195415
1.8084,0.2248,38.62,95,92,195418
1.8182,0.2248,38.71,95,92,195421
1.8426,0.2346,38.43,95,92,195424
1.8231,0.2297,38.68,95,92,195428
1.8475,0.2395,38.46,95,92,195431
1.8231,0.2248,38.65,95,92,195434
1.8182,0.2248,38.68,95,92,195438
1.8622,0.2199,38.49,95,92,195441
1.8377,0.2248,38.62,95,92,195444
1.8817,0.2248,38.52,95,92,195448
1.8622,0.2248,38.58,95,92,195451
1.8719,0.2248,38.55,95,92,195454
1.8915,0.2297,38.55,95,92,195459
1.8866,0.2199,38.62,95,92,195462
1.9306,0.2297,38.43,95,92,195465
1.9453,0.2248,38.62,95,92,195468
1.9257,0.2248,38.65,95,92,195472
1.9257,0.2297,38.62,95,92,195475
1.8866,0.2248,38.62,95,92,195478
1.9257,0.2346,38.40,95,92,195482
1.8915,0.2199,38.55,95,92,195485
1.8719,0.2199,38.62,95,92,195488
1.8719,0.2248,38.55,95,92,195492
1.8377,0.2248,38.68,95,92,195495
1.8671,0.2444,38.49,95,92,195499
1.8035,0.2297,38.55,95,92,195503
1.7791,0.2199,38.90,95,92,195506
1.7791,0.2346,38.62,95,92,195509
1.7644,0.2199,38.65,95,92,195512
1.7840,0.2297,38.46,95,92,195516
1.7742,0.2297,38.58,95,92,195519
1.7400,0.2248,38.49,95,92,195522
1.7155,0.2248,38.58,95,92,195526
1.7107,0.2248,38.62,95,92,195529
1.7204,0.2297,38.52,95,92,195532
1.7058,0.2346,38.62,95,92,195536
1.7400,0.2346,38.52,95,92,195539
1.7107,0.2248,38.65,95,92,195543
1.7204,0.2297,38.62,95,92,195547
1.7449,0.2297,38.52,95,92,195550
1.7400,0.2248,38.68,95,92,195553
1.7742,0.2297,38.46,95,92,195556
1.7546,0.2248,38.55,95,92,195560
1.7644,0.2248,38.65,95,92,195563
1.7937,0.2297,38.52,95,92,195566
1.7742,0.2248,38.68,95,92,195570
1.8328,0.2444,38.40,95,92,195573
1.8280,0.2248,38.55,95,92,195576
1.8622,0.2248,38.65,95,92,195580
1.9355,0.2102,38.62,95,92,195584
2.0235,0.2248,38.65,95,92,195587
2.2239,0.2346,38.33,95,92,195591
2.3705,0.2248,38.55,95,92,195594
2.6100,0.2199,38.24,95,92,195597
2.8739,0.2248,38.62,95,92,195600
3.1085,0.2248,38.62,95,92,195604
3.3529,0.2395,38.43,95,92,195607
3.2893,0.2297,38.58,95,92,195610
3.1134,0.2248,38.55,95,92,195614
2.8299,0.2199,38.68,95,92,195617
2.4585,0.2248,38.62,95,92,195620
2.2043,0.2346,38.52,95,92,195624
1.9501,0.2102,38.65,95,92,195628
1.7351,0.2297,38.49,95,92,195631
1.5494,0.2248,38.62,95,92,195635
1.4712,0.2199,38.62,95,92,195638
1.3930,0.2297,38.58,95,92,195641
1.3490,0.2248,38.65,95,92,195644
1.3881,0.2346,38.49,95,92,195648
1.3343,0.2199,38.62,95,92,195651
1.3441,0.2199,38.62,95,92,195654
1.3783,0.2297,38.55,95,92,195658
1.3832,0.2248,38.65,95,92,195661
1.4223,0.2297,38.43,95,92,195664
1.4223,0.2248,38.65,95,92,195668
1.4418,0.2248,38.62,95,92,195672
1.4858,0.2297,38.55,95,92,195675
1.5103,0.2493,38.65,95,92,195679
1.5885,0.2346,38.36,95,92,195682
1.5787,0.2297,38.65,95,92,195685
1.5591,0.2395,38.65,95,92,195688
1.5640,0.2297,38.58,95,92,195692
1.5591,0.2248,37.93,95,92,195695
1.6178,0.2395,38.36,95,92,195698
1.5982,0.2297,38.55,95,92,195702
1.6080,0.2199,38.55,95,92,195705
1.6276,0.2297,38.62,95,92,195708
1.6227,0.2248,38.71,95,92,195713
1.6520,0.2346,38.49,95,92,195716
1.6373,0.2297,38.62,95,92,195719
1.6520,0.2297,38.49,95,92,195723
1.6373,0.2102,38.62,95,92,195726
1.6422,0.2248,38.62,95,92,195729
1.6716,0.2395,38.58,95,92,195732
1.6178,0.2248,38.62,95,92,195736
1.6373,0.2395,38.49,95,92,195739
1.6325,0.2248,38.68,95,92,195742
1.6471,0.2444,38.65,95,92,195746
1.6667,0.2297,38.52,95,92,195749
1.6373,0.2346,38.62,95,92,195752
1.6471,0.2248,38.49,95,92,195757
1.6276,0.2248,38.52,95,92,195760
1.6276,0.2297,38.65,95,92,195763
1.6569,0.2346,38.52,95,92,195767
1.6520,0.2248,38.58,95,92,195770
1.6911,0.2297,38.36,95,92,195773
1.6716,0.2297,38.62,95,92,195776
1.6716,0.2493,38.65,95,92,195780
1.6960,0.2297,38.55,95,92,195783
1.6960,0.2248,38.62,95,92,195786
1.7400,0.2395,38.36,95,92,195790
1.6960,0.2248,38.49,95,92,195793
1.7009,0.2199,38.68,95,92,195796
1.7009,0.2248,38.65,95,92,195801
1.6862,0.2297,38.62,95,92,195805
1.6960,0.2248,38.71,95,92,195809
1.7400,0.2346,38.49,95,92,195812
1.7400,0.2102,38.62,95,92,195815
1.7644,0.2297,38.49,95,92,195819
1.7400,0.2248,38.62,95,92,195822
1.7351,0.2248,38.62,95,92,195825
1.7498,0.2297,38.49,95,92,195828
1.7302,0.2199,38.65,95,92,195832
1.7595,0.2248,38.46,95,92,195835
1.7449,0.2248,38.62,95,92,195838
1.7644,0.2248,38.65,95,92,195843
1.7937,0.2297,38.52,95,92,195846
1.8035,0.2199,38.62,95,92,195849
1.8377,0.2346,38.40,95,92,195853
1.8035,0.2199,38.62,95,92,195856
1.8328,0.2199,38.62,95,92,195859
1.8328,0.2297,38.62,95,92,195863
1.8377,0.2248,38.65,95,92,195866
1.9013,0.2346,38.33,95,92,195869
1.8866,0.2297,38.62,95,92,195872
1.8719,0.2542,38.58,95,92,195876
1.8671,0.2297,38.62,95,92,195879
1.8475,0.2199,38.65,95,92,195883
1.8866,0.2444,38.43,95,92,195887
1.8426,0.2395,38.55,95,92,195890
1.8377,0.2102,38.52,95,92,195893
1.8182,0.2248,38.77,95,92,195897
1.8133,0.2493,38.65,95,92,195900
1.8426,0.2346,38.49,95,92,195903
1.8182,0.2395,38.62,95,92,195907
1.8377,0.2297,38.49,95,92,195910
1.8084,0.2248,38.68,95,92,195913
1.7986,0.2248,38.68,95,92,195917
1.7937,0.2248,38.55,95,92,195920
1.7693,0.2248,38.62,95,92,195923
1.7937,0.2248,38.49,95,92,195927
1.7742,0.2248,38.62,95,92,195931
1.7889,0.2248,38.68,95,92,195934
1.8084,0.2346,38.52,95,92,195937
1.7644,0.2248,38.62,95,92,195941
1.7693,0.2346,38.40,95,92,195944
1.7546,0.2297,38.62,95,92,195947
1.7498,0.2297,38.65,95,92,195951
1.7840,0.2297,38.65,95,92,195954
1.7742,0.2248,38.62,95,92,195957
1.8133,0.2346,38.43,95,92,195961
1.7693,0.2248,38.62,95,92,195964
1.7546,0.2151,38.62,95,92,195968
1.7546,0.2297,38.58,95,92,195971
1.7449,0.2248,38.62,95,92,195975
1.8133,0.2444,38.43,95,92,195978
1.7498,0.2297,38.62,95,92,195981
1.7742,0.2248,38.55,95,92,195985
1.7400,0.2297,38.65,95,92,195988
1.7400,0.2297,38.65,95,92,195991
1.7840,0.2444,38.52,95,92,195995
1.7546,0.2297,38.62,95,92,195998
1.7644,0.2297,38.49,95,92,196001
1.7498,0.2248,38.62,95,92,196005
1.7449,0.2248,38.71,95,92,196008
1.7791,0.2346,38.46,95,92,196012
1.7546,0.2297,38.81,95,92,196015
1.7840,0.2346,38.52,95,92,196019
1.7644,0.2199,38.62,95,92,196022
1.7693,0.2248,38.74,95,92,196025
1.7937,0.2346,38.52,95,92,196029
1.7742,0.2248,38.65,95,92,196032
1.8133,0.2248,38.46,95,92,196035
1.7889,0.2248,38.58,95,92,196039
1.7889,0.2248,38.68,95,92,196042
1.7986,0.2297,38.52,95,92,196045
1.7937,0.2102,38.65,95,92,196049
1.8377,0.2297,38.43,95,92,196052
1.8035,0.2248,38.58,95,92,196056
1.8035,0.2248,38.62,95,92,196059
1.8084,0.2297,38.46,95,92,196063
1.7986,0.2199,38.62,95,92,196066
1.8475,0.2395,38.33,95,92,196069
1.8231,0.2297,38.52,95,92,196073
1.8133,0.2248,38.62,95,92,196076
1.8231,0.2297,38.65,95,92,196079
1.8377,0.2248,38.68,95,92,196083
1.9013,0.2297,38.43,95,92,196086
1.8915,0.2346,38.62,95,92,196089
1.8964,0.2248,38.49,95,92,196093
1.8964,0.2248,38.77,95,92,196097
1.8915,0.2248,38.68,95,92,196100
1.9062,0.2346,38.55,95,92,196103
1.8622,0.2248,38.62,95,92,196107
1.8524,0.2297,38.46,95,92,196110
1.8133,0.2248,38.62,95,92,196113
1.7986,0.2248,38.62,95,92,196117
1.8035,0.2297,38.55,95,92,196120
1.7840,0.2248,38.62,95,92,196123
1.8035,0.2297,38.55,95,92,196127
1.7742,0.2248,38.58,95,92,196130
1.7693,0.2493,38.68,95,92,196133
1.7889,0.2297,38.52,95,92,196137
1.7546,0.2297,38.62,95,92,196141
1.7693,0.2346,38.43,95,92,196144
1.7449,0.2297,38.52,95,92,196147
1.7253,0.2248,38.62,95,92,196151
1.7400,0.2346,38.58,95,92,196154
1.7204,0.2248,38.55,95,92,196157
1.7693,0.2444,38.36,95,92,196161
1.7400,0.2248,38.52,95,92,196164
1.7498,0.2248,38.65,95,92,196167
1.7693,0.2102,38.58,95,92,196171
1.7791,0.2248,38.65,95,92,196174
1.8328,0.2493,38.33,95,92,196177
1.7986,0.2297,38.55,95,92,196182
1.7889,0.2199,38.55,95,92,196185
1.8182,0.2199,38.62,95,92,196188
1.8035,0.2248,38.74,95,92,196191
1.8622,0.2639,38.55,95,92,196195
1.8622,0.2297,38.62,95,92,196198
1.9110,0.2297,38.55,95,92,196201
1.9453,0.2297,38.62,95,92,196205
2.0332,0.2248,38.58,95,92,196208
2.2043,0.2444,38.46,95,92,196211
2.3509,0.2346,38.62,95,92,196215
2.5953,0.2297,38.87,95,92,196218
2.7957,0.2493,38.62,95,92,196221
3.0303,0.2248,38.65,95,92,196225
3.2307,0.2297,38.58,95,92,196229
3.2405,0.2297,38.58,95,92,196232
3.1427,0.2248,38.49,95,92,196235
2.8250,0.2248,38.62,95,92,196239
2.4976,0.2199,38.65,95,92,196242
2.2141,0.2297,38.52,95,92,196245
1.9306,0.2248,38.65,95,92,196249
1.7595,0.2297,38.40,95,92,196252
1.5738,0.2248,38.62,95,92,196255
1.4565,0.2248,38.65,95,92,196259
1.3881,0.2297,38.58,95,92,196262
1.3343,0.2248,37.87,95,92,196265
1.3441,0.2444,38.33,95,92,196269
1.3148,0.2297,38.55,95,92,196273
1.3099,0.2248,38.62,95,92,196276
1.3343,0.2297,38.62,95,92,196279
1.3539,0.2297,38.71,95,92,196283
1.4223,0.2395,38.43,95,92,196286
1.4125,0.2297,38.52,95,92,196289
1.4223,0.2248,38.52,95,92,196293
1.4370,0.2297,38.62,95,92,196296
1.4565,0.2297,38.65,95,92,196299
1.5249,0.2395,38.46,95,92,196303
1.5103,0.2297,38.74,95,92,196306
1.5445,0.2248,38.49,95,92,196310
1.5445,0.2297,38.65,95,92,196313
1.5591,0.2248,38.62,95,92,196317
1.6227,0.2297,38.55,95,92,196320
1.5885,0.2248,38.27,95,92,196323
1.6178,0.2542,38.52,95,92,196327
1.5982,0.2248,38.65,95,92,196330
1.6080,0.2248,38.62,95,92,196333
1.6422,0.2346,38.55,95,92,196337
1.6227,0.2248,38.62,95,92,196340
1.6813,0.2346,38.40,95,92,196343
1.6520,0.2297,38.52,95,92,196347
1.6520,0.2248,38.62,95,92,196350
1.6862,0.2297,38.55,95,92,196354
1.6667,0.2248,38.52,95,92,196358
1.7058,0.2346,38.36,95,92,196361
1.6764,0.2248,38.68,95,92,196364
1.6716,0.2199,38.58,95,92,196367
1.6911,0.2102,38.58,95,92,196371
1.6862,0.2248,38.71,95,92,196374
1.7400,0.2786,38.40,95,92,196377
1.7058,0.2297,38.55,95,92,196381
1.7107,0.2199,38.58,95,92,196384
1.7155,0.2248,38.65,95,92,196387
1.7253,0.2248,38.68,95,92,196391
1.7644,0.2346,38.49,95,92,196395
1.7302,0.2297,38.62,95,92,196398
1.7449,0.2248,38.55,95,92,196402
1.7400,0.2248,38.65,95,92,196405
1.7449,0.2248,38.65,95,92,196408
1.7791,0.2346,38.49,95,92,196411
1.7840,0.2248,38.49,95,92,196416
1.7742,0.2248,38.68,95,92,196419
1.8035,0.2297,38.40,95,92,196423
1.7840,0.2248,38.52,95,92,196426
1.7840,0.2248,38.68,95,92,196429
1.8035,0.2346,38.58,95,92,196433
1.7889,0.2248,38.68,95,92,196436
1.8377,0.2297,38.49,95,92,196440
1.7986,0.2102,38.55,95,92,196444
1.8035,0.2248,38.62,95,92,196447
1.8084,0.2248,38.65,95,92,196450
1.8035,0.2248,38.62,95,92,196453
1.8573,0.2395,38.43,95,92,196457
1.8231,0.2297,38.55,95,92,196460
1.8133,0.2199,38.62,95,92,196463
1.8182,0.2395,38.74,95,92,196467
1.8084,0.2248,38.62,95,92,196470
1.8622,0.2346,38.43,95,92,196473
1.8328,0.2395,38.55,95,92,196477
1.8377,0.2248,38.52,95,92,196481
1.8328,0.2297,38.62,95,92,196484
1.8524,0.2248,38.62,95,92,196488
1.8524,0.2346,38.52,95,92,196491
1.8280,0.2493,38.62,95,92,196494
1.8817,0.2395,38.46,95,92,196497
1.8280,0.2248,38.62,95,92,196501
1.8328,0.2346,38.62,95,92,196504
1.8426,0.2297,38.55,95,92,196507
1.8280,0.2297,38.58,95,92,196511
1.8524,0.2199,38.49,95,92,196514
1.8280,0.2248,38.52,95,92,196517
1.8280,0.2346,38.62,95,92,196521
1.8475,0.2346,38.52,95,92,196525
1.8182,0.2542,38.55,95,92,196528
1.8524,0.2297,38.43,95,92,196532
1.8231,0.2297,38.46,95,92,196535
1.8426,0.2199,38.62,95,92,196538
1.8231,0.2297,38.55,95,92,196542
1.7986,0.2297,38.65,95,92,196545
1.8377,0.2346,38.36,95,92,196548
1.8035,0.2248,38.52,95,92,196551
1.7889,0.2199,38.62,95,92,196555
1.7889,0.2297,37.83,95,92,196558
1.7840,0.2444,38.68,95,92,196561
1.8426,0.2444,38.49,95,92,196566
1.7986,0.2590,38.55,95,92,196569
1.7889,0.2199,38.55,95,92,196572
1.7889,0.2297,38.65,95,92,196576
1.7889,0.2542,38.62,95,92,196579
1.8231,0.2297,38.52,95,92,196582
1.8035,0.2297,38.62,95,92,196585
1.8084,0.2297,38.49,95,92,196589
1.7889,0.2297,38.62,95,92,196592
1.7840,0.2248,38.49,95,92,196595
1.8133,0.2395,38.46,95,92,196599
1.7889,0.2297,38.62,95,92,196602
1.8133,0.2395,38.55,95,92,196605
1.7840,0.2199,38.62,95,92,196610
1.7840,0.2248,38.68,95,92,196613
1.7986,0.2346,38.58,95,92,196616
1.7791,0.2248,38.65,95,92,196620
1.8133,0.2297,38.46,95,92,196623
1.7986,0.2248,38.55,95,92,196626
1.8084,0.2248,38.65,95,92,196629
1.8328,0.2346,38.52,95,92,196633
1.8231,0.2199,38.62,95,92,196636
1.8768,0.2346,38.36,95,92,196639
1.8573,0.2199,38.58,95,92,196643
1.8426,0.2248,38.62,95,92,196646
1.8622,0.2590,38.55,95,92,196649
1.8475,0.2248,38.65,95,92,196654
1.9062,0.2395,38.33,95,92,196657
1.8671,0.2346,38.49,95,92,196660
1.8622,0.2199,38.58,95,92,196664
1.8671,0.2297,38.62,95,92,196667
1.8719,0.2248,38.84,95,92,196670
1.9110,0.2346,38.49,95,92,196674
1.8817,0.2346,38.55,95,92,196677
1.8866,0.2444,38.52,95,92,196680
1.8768,0.2297,38.65,95,92,196683
1.8817,0.2248,38.68,95,92,196687
1.9110,0.2395,38.49,95,92,196690
1.8964,0.2297,38.58,95,92,196694
1.9257,0.2297,37.99,95,92,196698
1.9062,0.2297,38.62,95,92,196701
1.9159,0.2346,38.62,95,92,196704
1.9306,0.2297,38.62,95,92,196708
1.9599,0.2199,38.62,95,92,196711
1.9697,0.2297,38.52,95,92,196714
1.9599,0.2297,38.62,95,92,196718
1.9648,0.2248,38.62,95,92,196721
1.9697,0.2542,38.52,95,92,196724
1.9306,0.2297,38.65,95,92,196727
1.9453,0.2346,38.36,95,92,196731
1.9013,0.2346,38.52,95,92,196734
1.8671,0.2248,38.68,95,92,196738
1.8671,0.2346,38.55,95,92,196742
1.8328,0.2248,38.65,95,92,196745
1.8768,0.2346,38.33,95,92,196748
1.8231,0.2297,38.52,95,92,196752
1.8133,0.2199,38.65,95,92,196755
1.8133,0.2248,38.62,95,92,196758
1.8035,0.2297,38.65,95,92,196762
1.8426,0.2444,38.40,95,92,196765
1.8084,0.2395,38.55,95,92,196768
1.7742,0.2199,38.52,95,92,196771
1.7595,0.2248,38.62,95,92,196775
1.7546,0.2248,38.65,95,92,196779
1.7840,0.2395,38.58,95,92,196782
1.7546,0.2248,38.68,95,92,196786
1.7595,0.2297,38.49,95,92,196789
1.7302,0.2248,38.62,95,92,196792
1.7302,0.2248,38.65,95,92,196796
1.7595,0.2346,38.46,95,92,196799
1.7351,0.2297,38.62,95,92,196802
1.7644,0.2346,38.46,95,92,196806
1.7644,0.2151,38.62,95,92,196809
1.7449,0.2346,38.65,95,92,196812
1.7791,0.2395,38.49,95,92,196816
1.7889,0.2248,38.71,95,92,196819
1.8524,0.2297,38.55,95,92,196823
1.8671,0.2102,38.55,95,92,196826
1.9355,0.2248,38.65,95,92,196830
2.0430,0.2297,38.62,95,92,196833
2.1652,0.2297,38.65,95,92,196836
2.3607,0.2346,38.36,95,92,196840
2.5122,0.2297,38.62,95,92,196843
2.7468,0.2102,38.65,95,92,196846
2.9961,0.2297,38.68,95,92,196850
3.1574,0.2297,38.68,95,92,196853
3.3040,0.2444,38.36,95,92,196856
3.1378,0.2297,38.58,95,92,196859
2.8641,0.2395,38.62,95,92,196864
2.5660,0.2297,38.62,95,92,196867
2.2727,0.2248,38.65,95,92,196870
2.0772,0.2395,38.43,95,92,196874
1.8377,0.2297,38.58,95,92,196877
1.6667,0.2248,38.52,95,92,196880
1.5298,0.2297,38.62,95,92,196884
1.4467,0.2248,38.62,95,92,196887
1.4125,0.2395,38.55,95,92,196890
1.3685,0.2297,38.62,95,92,196894
1.3636,0.2297,38.49,95,92,196897
1.3685,0.2248,38.68,95,92,196900
1.3636,0.2248,38.65,95,92,196903
1.3930,0.2297,38.52,95,92,196908
1.4027,0.2102,38.58,95,92,196911
1.4516,0.2248,38.49,95,92,196914
1.4467,0.2297,38.65,95,92,196918
1.4663,0.2199,38.65,95,92,196921
1.5054,0.2297,38.65,95,92,196924
1.5152,0.2102,38.65,95,92,196928
1.5494,0.2297,38.58,95,92,196931
1.5494,0.2248,38.55,95,92,196934
1.5494,0.2248,38.62,95,92,196938
1.5836,0.2493,38.55,95,92,196941
1.5836,0.2297,38.62,95,92,196944
1.6325,0.2346,38.33,95,92,196947
1.6080,0.2297,38.55,95,92,196952
1.6227,0.2248,38.65,95,92,196955
1.6373,0.2248,38.68,95,92,196958
1.6422,0.2248,38.65,95,92,196962
1.7058,0.2493,38.49,95,92,196965
1.6764,0.2346,38.40,95,92,196968
1.6813,0.2248,38.27,95,92,196972
1.6911,0.2248,38.62,95,92,196975
1.7009,0.2248,38.65,95,92,196978
1.7400,0.2395,38.55,95,92,196982
1.7400,0.2199,38.58,95,92,196985
1.7351,0.2102,38.49,95,92,196988
1.7253,0.2297,38.62,95,92,196992
1.7400,0.2248,38.65,95,92,196996
1.7693,0.2297,38.52,95,92,196999
1.7693,0.2199,38.62,95,92,197002
1.7791,0.2297,38.52,95,92,197006
1.7498,0.2199,38.55,95,92,197009
1.7546,0.2248,38.62,95,92,197012
1.7742,0.2297,38.46,95,92,197016
1.7791,0.2297,38.68,95,92,197019
1.7986,0.2346,38.46,95,92,197022
1.8035,0.2346,38.36,95,92,197026
1.7644,0.2248,38.62,95,92,197029
1.7693,0.2248,38.62,95,92,197033
1.7791,0.2297,38.62,95,92,197037
1.7742,0.2346,38.62,95,92,197040
1.8328,0.2444,38.43,95,92,197043
1.7937,0.2297,38.65,95,92,197047
1.7937,0.2590,38.55,95,92,197050
1.7889,0.2297,38.62,95,92,197053
1.7840,0.2248,38.55,95,92,197057
1.8377,0.2346,38.46,95,92,197060
1.7986,0.2297,38.65,95,92,197063
1.8133,0.2346,38.49,95,92,197067
1.7986,0.2297,38.62,95,92,197070
1.8035,0.2248,38.65,95,92,197073
1.8377,0.2444,38.55,95,92,197078
1.8084,0.2297,38.71,95,92,197081
1.8426,0.2346,38.52,95,92,197084
1.8280,0.2102,38.68,95,92,197087
1.8426,0.2248,38.62,95,92,197091
1.8719,0.2346,38.52,95,92,197094
1.8719,0.2297,38.62,95,92,197097
1.9110,0.2297,38.40,95,92,197101
1.8964,0.2297,38.62,95,92,197104
1.9110,0.2248,38.74,95,92,197107
1.9306,0.2395,38.55,95,92,197111
1.9159,0.2297,38.55,95,92,197114
1.9599,0.2346,38.36,95,92,197117
1.9306,0.2297,38.52,95,92,197122
1.9110,0.2248,38.62,95,92,197125
1.9159,0.2297,38.58,95,92,197128
1.9013,0.2248,38.62,95,92,197132
1.9453,0.2786,38.33,95,92,197135
1.8964,0.2297,38.05,95,92,197138
1.8768,0.2199,38.65,95,92,197141
1.9062,0.2199,38.62,95,92,197145
1.8671,0.2346,38.65,95,92,197148
1.9159,0.2346,38.55,95,92,197151
1.8817,0.2297,38.58,95,92,197155
1.8768,0.2248,38.49,95,92,197158
1.8719,0.2248,38.62,95,92,197161
1.8573,0.2248,38.65,95,92,197166
1.8719,0.2395,38.65,95,92,197169
1.8524,0.2297,38.62,95,92,197172
1.8671,0.2297,38.49,95,92,197176
1.8377,0.2297,38.62,95,92,197179
1.8377,0.2248,38.71,95,92,197182
1.8719,0.2395,38.49,95,92,197185
1.8475,0.2297,38.62,95,92,197189
1.8719,0.2346,38.49,95,92,197192
1.8426,0.2102,38.55,95,92,197195
1.8182,0.2346,38.62,95,92,197199
1.8133,0.2199,38.49,95,92,197202
1.7840,0.2248,38.62,95,92,197206
1.8035,0.2297,38.40,95,92,197210
1.7644,0.2297,38.65,95,92,197213
1.7644,0.2346,38.65,95,92,197216
1.7986,0.2297,38.62,95,92,197219
1.7986,0.2248,38.71,95,92,197223
1.8524,0.2444,38.36,95,92,197226
1.8035,0.2248,38.15,95,92,197229
1.8035,0.2248,38.65,95,92,197233
1.8084,0.2346,38.58,95,92,197236
1.8133,0.2248,38.58,95,92,197239
1.8768,0.2395,38.40,95,92,197243
1.8524,0.2346,38.52,95,92,197246
1.8377,0.2199,38.55,95,92,197250
1.8768,0.2297,38.62,95,92,197254
1.8426,0.2248,38.68,95,92,197257
1.8719,0.2444,38.43,95,92,197260
1.8524,0.2346,38.58,95,92,197263
1.8524,0.2297,38.58,95,92,197267
1.8377,0.2297,38.65,95,92,197270
1.8475,0.2248,38.65,95,92,197273
1.8622,0.2346,38.52,95,92,197277
1.8524,0.2297,38.65,95,92,197280
1.8671,0.2346,38.55,95,92,197283
1.8377,0.2297,38.65,95,92,197287
1.8426,0.2248,38.62,95,92,197291
1.8622,0.2346,38.52,95,92,197294
1.8573,0.2102,38.62,95,92,197298
1.8866,0.2297,38.46,95,92,197301
1.8915,0.2297,38.65,95,92,197304
1.8817,0.2248,38.62,95,92,197307
1.9110,0.2395,38.52,95,92,197311
1.9013,0.2297,38.65,95,92,197314
1.9550,0.2346,38.40,95,92,197317
1.9306,0.2297,38.52,95,92,197321
1.9208,0.2199,38.68,95,92,197324
1.9306,0.2297,38.74,95,92,197327
1.9208,0.2297,38.65,95,92,197331
1.9844,0.2346,38.36,95,92,197335
1.9648,0.2395,38.52,95,92,197338
1.9648,0.2248,38.58,95,92,197342
1.9648,0.2297,38.68,95,92,197345
1.9453,0.2248,38.62,95,92,197348
1.9795,0.2395,38.46,95,92,197351
1.9257,0.2297,38.58,95,92,197355
1.9062,0.2297,38.52,95,92,197358
1.8817,0.2297,38.65,95,92,197361
1.8719,0.2199,38.62,95,92,197365
1.8915,0.2297,38.58,95,92,197368
1.8622,0.2297,38.58,95,92,197371
1.8671,0.2199,38.49,95,92,197376
1.8328,0.2297,38.74,95,92,197379
1.8328,0.2297,38.65,95,92,197382
1.8573,0.2346,38.49,95,92,197386
1.8377,0.2297,38.65,95,92,197389
1.8573,0.2248,38.52,95,92,197392
1.8084,0.2248,38.58,95,92,197395
1.8035,0.2248,38.65,95,92,197399
1.8231,0.2346,38.49,95,92,197402
1.8084,0.2297,38.71,95,92,197405
1.8377,0.2590,38.40,95,92,197409
1.8182,0.2297,38.55,95,92,197412
1.8182,0.2248,38.71,95,92,197415
1.8524,0.2395,38.55,95,92,197420
1.8084,0.2297,38.65,95,92,197423
1.8475,0.2346,38.40,95,92,197426
1.7889,0.2248,38.58,95,92,197430
1.7937,0.2248,38.65,95,92,197433
1.7937,0.2346,38.68,95,92,197436
1.7889,0.2248,38.65,95,92,197439
1.8573,0.2493,38.36,95,92,197443
1.8622,0.2346,38.55,95,92,197446
1.8817,0.2248,38.77,95,92,197449
1.9453,0.2297,38.62,95,92,197453
2.0283,0.2248,38.58,95,92,197456
2.2043,0.2395,38.46,95,92,197459
2.3509,0.2297,38.58,95,92,197464
2.5709,0.2297,38.62,95,92,197467
2.7859,0.2297,38.62,95,92,197470
3.0254,0.2248,38.62,95,92,197474
3.2502,0.2346,38.52,95,92,197477
3.2698,0.2297,38.58,95,92,197480
3.1965,0.2346,38.49,95,92,197483
2.8983,0.2248,38.62,95,92,197487
2.5855,0.2297,38.62,95,92,197490
2.3021,0.2297,38.55,95,92,197493
2.0235,0.2297,38.65,95,92,197497
1.8328,0.2346,38.49,95,92,197500
1.6373,0.2297,38.65,95,92,197504
1.5249,0.2248,38.65,95,92,197508
1.4761,0.2346,38.49,95,92,197511
1.4125,0.2248,38.62,95,92,197514
1.4223,0.2346,38.40,95,92,197518
1.3930,0.2346,38.52,95,92,197521
1.3930,0.2297,38.65,95,92,197524
1.4174,0.2346,38.62,95,92,197527
1.4272,0.2346,38.65,95,92,197531
1.5152,0.2395,38.33,95,92,197534
1.4761,0.2297,38.52,95,92,197537
1.5054,0.2248,38.62,95,92,197541
1.5005,0.2297,38.62,95,92,197544
1.5054,0.2199,38.62,95,92,197548
1.5640,0.2444,38.43,95,92,197552
1.5396,0.2297,38.58,95,92,197555
1.5591,0.2248,38.52,95,92,197558
1.5738,0.2199,38.65,95,92,197562
1.5934,0.2248,38.62,95,92,197565
1.6422,0.2395,38.55,95,92,197568
1.6276,0.2297,38.62,95,92,197571
1.6471,0.2248,38.46,95,92,197575
1.6276,0.2297,38.62,95,92,197578
1.6325,0.2493,38.65,95,92,197581
1.6716,0.2395,38.49,95,92,197585
1.6569,0.2248,38.62,95,92,197588
1.6911,0.2297,38.52,95,92,197592
1.6618,0.2248,38.96,95,92,197596
1.6667,0.2248,38.68,95,92,197599
1.6862,0.2297,38.49,95,92,197602
1.6862,0.2297,38.62,95,92,197606
1.7107,0.2346,38.43,95,92,197609
1.6764,0.2297,38.90,95,92,197612
1.6569,0.2248,38.65,95,92,197615
1.6764,0.2395,38.58,95,92,197619
1.6667,0.2248,38.62,95,92,197622
1.7107,0.2639,38.36,95,92,197625
1.6716,0.2248,38.68,95,92,197629
1.6716,0.2395,38.62,95,92,197633
1.6813,0.2297,38.62,95,92,197636
1.6911,0.2297,38.62,95,92,197640
1.6862,0.2248,38.62,95,92,197643
1.7204,0.2346,38.46,95,92,197647
1.7009,0.2297,38.58,95,92,197650
1.7302,0.2542,38.49,95,92,197653
1.7204,0.2248,38.65,95,92,197657
1.7302,0.2248,38.52,95,92,197660
1.7937,0.2346,38.52,95,92,197663
1.7644,0.2297,38.62,95,92,197667
1.8133,0.2297,38.49,95,92,197670
1.8133,0.2102,38.62,95,92,197673
1.7889,0.2248,38.71,95,92,197677
1.7937,0.2346,38.49,95,92,197681
1.7644,0.2297,38.62,95,92,197684
1.7986,0.2297,38.62,95,92,197687
1.7693,0.2297,38.62,95,92,197691
1.7693,0.2248,38.84,95,92,197694
1.7937,0.2346,38.58,95,92,197697
1.7791,0.2297,38.81,95,92,197701
1.8231,0.2346,38.33,95,92,197704
1.7937,0.2297,38.55,95,92,197707
1.7937,0.2297,38.62,95,92,197711
1.8231,0.2297,38.62,95,92,197714
1.8377,0.2248,38.62,95,92,197718
1.9208,0.2444,38.46,95,92,197721
1.8866,0.2346,38.52,95,92,197725
1.8817,0.2297,38.55,95,92,197728
1.8915,0.2297,38.62,95,92,197731
1.8915,0.2248,38.58,95,92,197735
1.9257,0.2346,38.49,95,92,197738
1.8719,0.2297,38.81,95,92,197741
1.8817,0.2346,38.49,95,92,197745
1.8622,0.2297,38.65,95,92,197748
1.8817,0.2297,38.62,95,92,197751
1.9159,0.2297,38.58,95,92,197755
1.9062,0.2297,38.71,95,92,197758
1.9257,0.2444,38.52,95,92,197762
1.8915,0.2297,38.62,95,92,197766
1.8964,0.2199,38.62,95,92,197769
1.9159,0.2297,38.52,95,92,197772
1.8719,0.2297,38.58,95,92,197775
1.9013,0.2346,38.43,95,92,197779
1.8328,0.2297,38.55,95,92,197782
1.8133,0.2493,38.65,95,92,197785
1.8426,0.2346,38.46,95,92,197789
1.8328,0.2346,38.65,95,92,197792
1.9208,0.2346,38.36,95,92,197795
1.8524,0.2248,38.52,95,92,197799
1.8426,0.2248,38.62,95,92,197803
1.8426,0.2346,38.62,95,92,197806
1.8426,0.2248,38.62,95,92,197810
1.9355,0.2542,38.36,95,92,197813
1.8573,0.2297,38.55,95,92,197816
1.8573,0.2199,38.55,95,92,197819
1.7937,0.2297,38.62,95,92,197823
1.8084,0.2248,38.62,95,92,197826
1.8133,0.2395,38.49,95,92,197829
1.7840,0.2297,38.62,95,92,197833
1.7937,0.2199,38.52,95,92,197836
1.7742,0.2297,38.58,95,92,197839
1.7693,0.2346,38.62,95,92,197843
1.7986,0.2346,38.43,95,92,197847
1.7742,0.2248,38.62,95,92,197850
1.7986,0.2346,38.49,95,92,197854
1.7693,0.2248,38.62,95,92,197857
1.7791,0.2297,38.62,95,92,197860
1.7986,0.2297,38.46,95,92,197864
1.7742,0.2297,38.62,95,92,197867
1.7644,0.2297,38.46,95,92,197870
1.7351,0.2346,38.62,95,92,197873
1.7498,0.2248,38.65,95,92,197877
1.7840,0.2346,38.52,95,92,197880
1.7840,0.2248,38.62,95,92,197883
1.8280,0.2346,38.43,95,92,197888
1.7937,0.2346,38.58,95,92,197891
1.8084,0.2248,38.65,95,92,197894
1.8280,0.2297,38.58,95,92,197898
1.8084,0.2590,38.62,95,92,197901
1.8622,0.2346,38.43,95,92,197904
1.8426,0.2297,38.62,95,92,197907
1.8426,0.2199,38.58,95,92,197911
1.8475,0.2297,38.62,95,92,197914
1.8426,0.2248,38.65,95,92,197917
1.8915,0.2493,38.43,95,92,197921
1.8573,0.2297,38.55,95,92,197924
1.8573,0.2248,38.52,95,92,197927
1.8671,0.2297,38.65,95,92,197932
1.8719,0.2297,38.65,95,92,197935
1.9062,0.2444,38.49,95,92,197938
1.8817,0.2297,38.62,95,92,197942
1.8866,0.2346,38.58,95,92,197945
1.8622,0.2346,38.62,95,92,197948
1.8817,0.2248,38.55,95,92,197951
1.9208,0.2248,38.55,95,92,197955
1.9453,0.2102,38.62,95,92,197958
1.9795,0.2346,38.49,95,92,197961
1.9599,0.2346,38.62,95,92,197965
1.9501,0.2248,38.65,95,92,197968
1.9501,0.2297,38.49,95,92,197971
1.8964,0.2297,38.65,95,92,197976
1.8964,0.2639,38.40,95,92,197979
1.8426,0.2346,38.52,95,92,197982
1.8231,0.2248,38.62,95,92,197986
1.8231,0.2297,38.52,95,92,197989
1.7986,0.2248,38.55,95,92,197992
1.8328,0.2737,38.36,95,92,197996
1.7840,0.2297,38.49,95,92,197999
1.7986,0.2199,38.65,95,92,198002
1.7595,0.2297,38.62,95,92,198005
1.7400,0.2248,38.71,95,92,198009
1.7791,0.2395,38.36,95,92,198012
1.7400,0.2297,38.77,95,92,198016
1.7351,0.2248,38.55,95,92,198020
1.7400,0.2297,38.62,95,92,198023
1.7400,0.2297,38.68,95,92,198026
1.7937,0.2395,38.49,95,92,198030
1.7644,0.2297,38.58,95,92,198033
1.7791,0.2297,38.52,95,92,198036
1.7644,0.2297,38.62,95,92,198040
1.7742,0.2248,38.65,95,92,198043
1.7986,0.2395,38.49,95,92,198046
1.7693,0.2297,38.71,95,92,198049
1.8133,0.2444,38.55,95,92,198053
1.7644,0.2248,38.62,95,92,198056
1.7889,0.2248,38.65,95,92,198060
1.8231,0.2346,38.49,95,92,198064
1.8426,0.2297,38.52,95,92,198067
1.9110,0.2248,38.43,95,92,198070
1.9599,0.2248,38.58,95,92,198074
2.0626,0.2395,38.58,95,92,198077
2.2336,0.2346,38.55,95,92,198080
2.3998,0.2346,38.62,95,92,198084
2.6931,0.2297,38.36,95,92,198087
2.8935,0.2248,38.62,95,92,198090
3.1281,0.2248,38.71,95,92,198093
3.2747,0.2395,38.62,95,92,198097
3.2307,0.2297,38.62,95,92,198100
3.1085,0.2493,38.36,95,92,198104
2.7370,0.2297,38.55,95,92,198108
2.3851,0.2199,38.58,95,92,198111
2.0919,0.2346,38.62,95,92,198114
1.8280,0.2297,38.62,95,92,198118
1.6764,0.2395,38.36,95,92,198121
1.4907,0.2346,38.58,95,92,198124
1.3832,0.2248,38.52,95,92,198128
1.3148,0.2297,38.65,95,92,198131
1.2854,0.2297,38.68,95,92,198134
1.2903,0.2346,38.55,95,92,198137
1.2757,0.2590,38.62,95,92,198141
1.3001,0.2346,38.49,95,92,198145
1.3196,0.2297,38.68,95,92,198148
1.3539,0.2248,38.62,95,92,198152
1.3832,0.2297,38.65,95,92,198155
1.3930,0.2395,38.62,95,92,198158
1.4467,0.2346,38.55,95,92,198162
1.4321,0.2493,38.62,95,92,198165
1.4663,0.2297,38.62,95,92,198168
1.4956,0.2346,38.52,95,92,198172
1.4907,0.2297,38.68,95,92,198175
1.5347,0.2346,38.52,95,92,198178
1.5298,0.2346,38.52,95,92,198182
1.5347,0.2248,38.62,95,92,198185
1.5591,0.2395,38.55,95,92,198189
1.5494,0.2248,38.62,95,92,198192
1.5982,0.2346,38.33,95,92,198196
1.5689,0.2297,38.55,95,92,198199
1.5787,0.2248,38.68,95,92,198202
1.5885,0.2297,38.68,95,92,198206
1.5934,0.2248,38.68,95,92,198209
1.6569,0.2444,38.36,95,92,198212
1.6325,0.2297,38.55,95,92,198216
1.6276,0.2248,38.55,95,92,198219
1.6276,0.2248,38.62,95,92,198222
1.6325,0.2248,38.71,95,92,198226
1.6716,0.2248,38.55,95,92,198230
1.6569,0.2297,38.62,95,92,198233
1.6716,0.2297,38.52,95,92,198236
1.6569,0.2297,38.65,95,92,198240
1.6569,0.2248,38.62,95,92,198243
1.6911,0.2395,38.49,95,92,198246
1.7107,0.2395,38.55,95,92,198250
1.6960,0.2297,38.68,95,92,198253
1.7302,0.2639,38.55,95,92,198257
1.7058,0.2346,38.55,95,92,198260
1.7058,0.2248,38.81,95,92,198263
1.7302,0.2395,38.62,95,92,198267
1.7107,0.2248,38.65,95,92,198270
1.7644,0.2395,38.43,95,92,198274
1.7302,0.2297,38.55,95,92,198278
1.7253,0.2199,38.65,95,92,198281
1.7302,0.2199,38.65,95,92,198284
1.7302,0.2248,38.65,95,92,198288
1.7791,0.2493,38.49,95,92,198291
1.7546,0.2297,38.58,95,92,198294
1.7595,0.2248,38.52,95,92,198297
1.7693,0.2297,38.62,95,92,198301
1.7791,0.2248,38.49,95,92,198304
1.8182,0.2639,38.46,95,92,198307
1.7986,0.2297,38.62,95,92,198311
1.8182,0.2297,38.49,95,92,198315
1.7986,0.2102,38.62,95,92,198318
1.8084,0.2297,38.71,95,92,198322
1.8328,0.2590,38.52,95,92,198325
1.8182,0.2199,38.62,95,92,198328
1.8475,0.2346,38.49,95,92,198332
1.8231,0.2248,38.62,95,92,198335
1.8280,0.2248,38.65,95,92,198338
1.8524,0.2297,38.74,95,92,198341
1.8426,0.2346,38.68,95,92,198345
1.8866,0.2346,38.43,95,92,198348
1.8524,0.2248,38.62,95,92,198351
1.8573,0.2248,38.62,95,92,198355
1.8866,0.2346,38.62,95,92,198359
1.8622,0.2297,38.62,95,92,198362
1.9062,0.2395,38.33,95,92,198366
1.8719,0.2395,38.52,95,92,198369
1.8622,0.2199,38.65,95,92,198372
1.8622,0.2542,38.58,95,92,198376
1.8866,0.2248,38.62,95,92,198379
1.9062,0.2493,38.46,95,92,198382
1.8573,0.2395,38.52,95,92,198385
1.8524,0.2248,38.55,95,92,198389
1.8524,0.2346,38.52,95,92,198392
1.8426,0.2199,38.65,95,92,198395
1.8719,0.2346,38.49,95,92,198400
1.8328,0.2346,38.58,95,92,198403
1.8328,0.2248,38.55,95,92,198406
1.8084,0.2346,38.62,95,92,198410
1.7986,0.2248,38.62,95,92,198413
1.8231,0.2346,38.58,95,92,198416
1.8084,0.2297,38.84,95,92,198420
1.8280,0.2297,38.46,95,92,198423
1.7986,0.2297,38.65,95,92,198426
1.7986,0.2297,38.55,95,92,198429
1.8475,0.2346,38.49,95,92,198433
1.8084,0.2297,38.62,95,92,198436
1.8280,0.2151,38.43,95,92,198439
1.8084,0.2297,38.55,95,92,198444
1.7986,0.2248,38.65,95,92,198447
1.8133,0.2346,38.49,95,92,198450
1.7889,0.2297,38.62,95,92,198454
1.8231,0.2346,38.40,95,92,198457
1.7937,0.2346,38.58,95,92,198460
1.7840,0.2248,38.65,95,92,198464
1.7986,0.2297,38.58,95,92,198467
1.7791,0.2346,38.62,95,92,198470
1.8280,0.2395,38.33,95,92,198473
1.7840,0.2248,38.55,95,92,198477
1.7840,0.2248,38.62,95,92,198480
1.7889,0.2297,38.58,95,92,198483
1.7791,0.2297,38.62,95,92,198488
1.8377,0.2493,38.46,95,92,198491
1.8084,0.2395,38.55,95,92,198494
1.8182,0.2248,38.55,95,92,198498
1.8182,0.2346,38.68,95,92,198501
1.8280,0.2248,38.65,95,92,198504
1.8671,0.2395,38.46,95,92,198508
1.8426,0.2346,38.58,95,92,198511
1.8573,0.2346,38.52,95,92,198514
1.8377,0.2297,38.55,95,92,198517
1.8426,0.2346,38.65,95,92,198521
1.8671,0.2297,38.52,95,92,198524
1.8475,0.2151,38.62,95,92,198528
1.8671,0.2346,38.52,95,92,198532
1.8426,0.2248,38.58,95,92,198535
1.8524,0.2248,38.68,95,92,198538
1.8622,0.2297,38.52,95,92,198542
1.8475,0.2297,38.62,95,92,198545
1.8719,0.2346,38.43,95,92,198548
1.8426,0.2297,38.84,95,92,198552
1.8817,0.2297,38.62,95,92,198555
1.8719,0.2346,38.62,95,92,198558
1.8866,0.2297,38.62,95,92,198561
1.9159,0.2346,38.36,95,92,198565
1.8915,0.2444,38.52,95,92,198568
1.9013,0.2199,38.62,95,92,198572
1.9013,0.2297,38.58,95,92,198576
1.9062,0.2346,38.62,95,92,198579
1.9746,0.2444,38.36,95,92,198582
1.9453,0.2346,38.52,95,92,198586
1.9355,0.2248,38.58,95,92,198589
1.9306,0.2297,38.52,95,92,198592
1.9062,0.2248,38.68,95,92,198596
1.9257,0.2395,38.49,95,92,198599
1.8719,0.2346,38.62,95,92,198602
1.8426,0.2199,38.52,95,92,198605
1.8084,0.2297,38.68,95,92,198609
1.7840,0.2297,38.68,95,92,198612
1.7986,0.2297,38.58,95,92,198616
1.7742,0.2297,38.62,95,92,198620
1.7986,0.2346,38.49,95,92,198623
1.7546,0.2297,38.62,95,92,198626
1.7498,0.2199,38.65,95,92,198630
1.7595,0.2346,38.49,95,92,198633
1.7204,0.2199,38.62,95,92,198636
1.7351,0.2346,38.46,95,92,198640
1.7107,0.2248,38.52,95,92,198643
1.7253,0.2248,38.62,95,92,198646
1.7204,0.2395,38.68,95,92,198650
1.7009,0.2297,38.62,95,92,198653
1.7498,0.2346,38.36,95,92,198657
1.7302,0.2248,38.52,95,92,198660
1.7302,0.2199,38.62,95,92,198664
1.7400,0.2346,38.71,95,92,198667
1.7302,0.2297,38.65,95,92,198670
1.7791,0.2346,38.33,95,92,198674
1.7351,0.2297,38.55,95,92,198677
1.7400,0.2248,38.62,95,92,198680
1.7498,0.2297,38.62,95,92,198684
1.7595,0.2199,38.62,95,92,198687
1.8426,0.2444,38.49,95,92,198690
1.8475,0.2297,38.46,95,92,198694
1.8964,0.2248,38.55,95,92,198697
1.9697,0.2297,38.68,95,92,198701
2.0821,0.2199,38.62,95,92,198704
2.2776,0.2444,38.43,95,92,198708
2.4389,0.2297,38.62,95,92,198711
2.6882,0.2444,38.55,95,92,198714
2.9032,0.2297,38.62,95,92,198718
3.1085,0.2297,38.65,95,92,198721
3.2502,0.2493,38.55,95,92,198724
3.1720,0.2297,38.62,95,92,198728
2.9863,0.2346,38.52,95,92,198731
2.6442,0.2297,38.68,95,92,198734
2.3705,0.2102,38.65,95,92,198737
2.1017,0.2346,38.52,95,92,198742
1.8719,0.2297,38.58,95,92,198745
1.7155,0.2542,38.43,95,92,198748
1.5640,0.2297,38.74,95,92,198752
1.4712,0.2297,38.62,95,92,198755
1.4272,0.2346,38.58,95,92,198758
1.3832,0.2297,38.62,95,92,198762
1.3881,0.2346,38.36,95,92,198765
1.3587,0.2297,38.52,95,92,198768
1.3539,0.2248,38.68,95,92,198772
1.3783,0.2297,38.62,95,92,198775
1.3881,0.2542,38.65,95,92,198778
1.4467,0.2444,38.36,95,92,198781
1.4370,0.2346,38.52,95,92,198786
1.4370,0.2102,38.58,95,92,198789
1.4614,0.2297,38.62,95,92,198792
1.4809,0.2346,38.62,95,92,198796
1.5640,0.2395,38.49,95,92,198799
1.5298,0.2297,38.58,95,92,198802
1.5494,0.2297,38.49,95,92,198806
1.5445,0.2297,38.62,95,92,198809
1.5591,0.2248,38.58,95,92,198812
1.6031,0.2346,38.55,95,92,198816
1.5787,0.2297,38.62,95,92,198819
1.6178,0.2297,38.46,95,92,198822
1.6031,0.2297,38.62,95,92,198825
1.6227,0.2248,38.65,95,92,198830
1.6569,0.2444,38.49,95,92,198833
1.6422,0.2297,38.62,95,92,198836
1.6716,0.2346,38.55,95,92,198840
1.6618,0.2248,38.55,95,92,198843
1.6667,0.2297,38.84,95,92,198846
1.6911,0.2297,38.52,95,92,198850
1.6862,0.2248,38.62,95,92,198853
1.7253,0.2248,38.40,95,92,198856
1.7449,0.2542,38.40,95,92,198860
1.7058,0.2297,38.55,95,92,198863
1.7155,0.2248,38.65,95,92,198867
1.7253,0.2297,38.62,95,92,198871
1.7253,0.2297,38.68,95,92,198874
1.7693,0.2444,38.49,95,92,198878
1.7498,0.2297,38.58,95,92,198881
1.7595,0.2297,38.52,95,92,198884
1.7546,0.2297,38.62,95,92,198887
1.7546,0.2248,38.68,95,92,198891
1.7840,0.2395,38.49,95,92,198894
1.7546,0.2297,38.58,95,92,198897
1.7742,0.2297,38.52,95,92,198901
1.7546,0.2590,38.65,95,92,198904
1.7644,0.2297,38.62,95,92,198907
1.7791,0.2248,38.52,95,92,198912
1.7595,0.2102,38.62,95,92,198915
1.7840,0.2297,38.49,95,92,198918
1.7644,0.2248,38.58,95,92,198921
1.7742,0.2248,38.68,95,92,198925
1.7889,0.2297,38.55,95,92,198928
1.7742,0.2737,38.65,95,92,198931
1.8084,0.2346,38.43,95,92,198935
1.7742,0.2248,38.58,95,92,198938
1.7840,0.2199,38.65,95,92,198941
1.7986,0.2297,38.58,95,92,198945
1.7937,0.2346,38.62,95,92,198948
1.8475,0.2395,38.33,95,92,198951
1.8182,0.2297,38.52,95,92,198956
1.8133,0.2395,38.62,95,92,198959
1.8328,0.2297,38.52,95,92,198962
1.8328,0.2297,38.68,95,92,198966
1.8964,0.2444,38.43,95,92,198969
1.8719,0.2346,38.55,95,92,198972
1.8671,0.2248,38.55,95,92,198975
1.8622,0.2297,38.65,95,92,198979
1.8671,0.2199,38.65,95,92,198982
1.8964,0.2297,38.49,95,92,198985
1.8719,0.2297,38.58,95,92,198989
1.8866,0.2346,38.55,95,92,198992
1.8622,0.2297,38.62,95,92,198995
1.8622,0.2639,38.65,95,92,199000
1.8817,0.2346,38.55,95,92,199003
1.8671,0.2297,38.58,95,92,199006
1.8866,0.2444,38.49,95,92,199010
1.8524,0.2297,38.49,95,92,199013
1.8524,0.2542,38.65,95,92,199016
1.8817,0.2346,38.52,95,92,199019
1.8573,0.2248,38.62,95,92,199023
1.8817,0.2346,38.43,95,92,199026
1.8671,0.2297,38.49,95,92,199029
1.8915,0.2297,38.62,95,92,199033
1.8866,0.2346,38.46,95,92,199036
1.8622,0.2199,38.62,95,92,199040
1.9159,0.2346,38.36,95,92,199044
1.8719,0.2346,38.52,95,92,199047
1.8622,0.2102,38.65,95,92,199050
1.8622,0.2297,38.05,95,92,199054
1.8524,0.2297,38.62,95,92,199057
1.8964,0.2444,38.36,95,92,199060
1.8622,0.2297,38.52,95,92,199063
1.8475,0.2199,38.55,95,92,199067
1.8426,0.2297,38.62,95,92,199070
1.8328,0.2297,38.65,95,92,199073
1.8915,0.2444,38.49,95,92,199077
1.8426,0.2297,38.55,95,92,199080
1.8377,0.2297,38.55,95,92,199084
1.8133,0.2297,38.62,95,92,199088
1.8035,0.2248,38.62,95,92,199091
1.8231,0.2444,38.46,95,92,199094
1.7937,0.2297,38.49,95,92,199098
1.8084,0.2688,38.49,95,92,199101
1.7840,0.2297,38.62,95,92,199104
1.7937,0.2297,38.65,95,92,199107
1.8084,0.2346,38.52,95,92,199111
1.7986,0.2297,38.65,95,92,199114
1.8280,0.2346,38.49,95,92,199117
1.8035,0.2786,38.62,95,92,199121
1.8133,0.2102,38.62,95,92,199124
1.8475,0.2297,38.71,95,92,199128
1.8377,0.2444,38.62,95,92,199132
1.8817,0.2297,38.43,95,92,199135
1.8475,0.2248,38.58,95,92,199138
1.8671,0.2248,38.68,95,92,199142
1.8768,0.2346,38.55,95,92,199145
1.8573,0.2297,38.62,95,92,199148
1.9110,0.2395,38.30,95,92,199151
1.8817,0.2346,38.52,95,92,199155
1.8671,0.2297,38.65,95,92,199158
1.8719,0.2297,38.58,95,92,199161
1.8622,0.2297,38.65,95,92,199165
1.9208,0.2297,38.43,95,92,199169
1.8817,0.2444,38.52,95,92,199172
1.8768,0.2102,38.55,95,92,199176
1.8719,0.2297,38.68,95,92,199179
1.8719,0.2346,38.62,95,92,199182
1.9159,0.2297,38.55,95,92,199186
1.9013,0.2297,38.52,95,92,199189
1.9306,0.2199,38.49,95,92,199192
1.9208,0.2297,38.62,95,92,199195
1.9355,0.2199,38.65,95,92,199199
1.9648,0.2346,38.58,95,92,199202
1.9648,0.2297,38.68,95,92,199205
1.9941,0.2395,38.55,95,92,199209
1.9501,0.2297,38.58,95,92,199213
1.9355,0.2737,38.68,95,92,199216
1.9404,0.2297,38.52,95,92,199220
1.8866,0.2297,38.65,95,92,199223
1.8866,0.2346,38.43,95,92,199226
1.8475,0.2297,38.55,95,92,199230
1.8182,0.2493,38.65,95,92,199233
1.8280,0.2395,38.52,95,92,199236
1.7937,0.2297,38.74,95,92,199239
1.8377,0.2590,38.40,95,92,199243
1.8084,0.2248,38.55,95,92,199246
1.7986,0.2297,38.68,95,92,199249
1.7986,0.2297,38.62,95,92,199254
1.7791,0.2297,38.65,95,92,199257
1.8182,0.2444,38.43,95,92,199260
1.7742,0.2297,38.52,95,92,199264
1.7546,0.2248,38.62,95,92,199267
1.7595,0.2542,38.68,95,92,199270
1.7498,0.2297,38.65,95,92,199274
1.7889,0.2395,38.49,95,92,199277
1.7595,0.2346,38.58,95,92,199280
1.7595,0.2297,38.49,95,92,199283
1.7498,0.2248,38.62,95,92,199287
1.7498,0.2297,38.62,95,92,199290
1.7840,0.2444,38.46,95,92,199293
1.7498,0.2297,38.62,95,92,199298
1.7644,0.2297,38.43,95,92,199301
1.7449,0.2248,38.65,95,92,199304
1.7595,0.2248,38.65,95,92,199308
1.8035,0.2346,38.52,95,92,199311
1.8377,0.2297,38.62,95,92,199314
1.9159,0.2297,38.49,95,92,199318
1.9697,0.2199,38.58,95,92,199321
2.0968,0.2248,38.62,95,92,199324
2.2630,0.2297,38.52,95,92,199327
2.4340,0.2297,38.52,95,92,199331
2.6979,0.2297,38.36,95,92,199334
2.8935,0.2297,38.62,95,92,199337
3.1036,0.2199,38.62,95,92,199342
3.2405,0.2346,38.55,95,92,199345
3.1623,0.2248,38.65,95,92,199348
3.0303,0.2346,38.36,95,92,199352
2.6931,0.2346,38.55,95,92,199355
2.3803,0.2248,38.58,95,92,199358
2.1359,0.2346,38.36,95,92,199362
1.9208,0.2248,38.62,95,92,199365
1.8084,0.2835,38.08,95,92,199368
1.6373,0.2346,38.55,95,92,199371
1.5249,0.2248,38.62,95,92,199375
1.4614,0.2297,38.62,95,92,199378
1.4174,0.2102,38.62,95,92,199382
1.4321,0.2395,38.49,95,92,199386
1.3978,0.2297,38.62,95,92,199389
1.4076,0.2297,38.52,95,92,199392
1.4027,0.2297,38.58,95,92,199396
1.4418,0.2199,38.62,95,92,199399
1.4614,0.2297,38.58,95,92,199402
1.4614,0.2297,38.55,95,92,199405
1.5005,0.2346,38.49,95,92,199409
1.5005,0.2297,38.65,95,92,199412
1.5200,0.2542,38.62,95,92,199415
1.5543,0.2395,38.55,95,92,199419
1.5543,0.2297,38.62,95,92,199422
1.5934,0.2297,38.46,95,92,199426
1.5885,0.2297,38.52,95,92,199430
1.5982,0.2248,38.65,95,92,199433
1.6178,0.2395,38.52,95,92,199436
1.6031,0.2199,38.65,95,92,199440
1.6520,0.2297,38.40,95,92,199443
1.6276,0.2346,38.55,95,92,199446
1.6227,0.2248,38.65,95,92,199450
1.6520,0.2297,38.71,95,92,199453
1.6471,0.2346,38.62,95,92,199456
1.7009,0.2297,38.33,95,92,199459
1.6667,0.2297,38.49,95,92,199463
1.6716,0.2199,38.62,95,92,199467
1.6813,0.2297,38.62,94,92,199470
1.6813,0.2297,38.65,94,92,199474
1.6862,0.2248,38.65,94,92,199477
1.7204,0.2346,38.49,94,92,199481
1.7009,0.2297,38.65,94,92,199484
1.7253,0.2248,38.49,94,92,199487
1.6960,0.2248,38.58,94,92,199491
1.7058,0.2248,38.65,94,92,199494
1.7302,0.2346,38.49,94,92,199497
1.7253,0.2297,38.65,94,92,199501
1.7644,0.2297,38.49,94,92,199504
1.7546,0.2297,38.58,94,92,199507
1.7595,0.2248,38.77,94,92,199511
1.7693,0.2395,38.55,94,92,199515
1.7400,0.2297,38.62,94,92,199518
1.7644,0.2346,37.74,94,92,199521
1.7204,0.2248,38.58,94,92,199525
1.7351,0.2297,38.65,94,92,199528
1.7400,0.2346,38.62,94,92,199531
1.7351,0.2297,38.65,94,92,199535
1.7889,0.2444,38.33,94,92,199538
1.7595,0.2346,38.55,94,92,199541
1.7595,0.2248,38.58,94,92,199545
1.8035,0.2346,38.62,94,92,199548
1.7791,0.2297,38.62,94,92,199552
1.8231,0.2395,38.74,94,92,199555
1.7889,0.2297,38.55,94,92,199559
1.7840,0.2297,38.65,94,92,199562
1.7742,0.2199,38.68,94,92,199565
1.7889,0.2102,38.65,94,92,199569
1.8182,0.2346,38.40,94,92,199572
1.7937,0.2346,38.68,94,92,199575
1.8182,0.2346,38.49,94,92,199579
1.7937,0.2297,38.58,94,92,199582
1.7986,0.2297,38.62,94,92,199585
1.8280,0.2297,37.90,94,92,199589
1.8231,0.2297,38.65,94,92,199592
1.8866,0.2346,38.52,94,92,199596
1.8231,0.2297,38.65,94,92,199599
1.8377,0.2102,38.62,94,92,199603
1.8622,0.2346,38.52,94,92,199606
1.8377,0.2297,38.62,94,92,199609
1.8768,0.2346,37.87,94,92,199613
1.8573,0.2346,38.52,94,92,199616
1.8426,0.2248,38.62,94,92,199619
1.8573,0.2639,38.55,94,92,199623
1.8475,0.2102,38.62,94,92,199626
1.8768,0.2395,38.40,94,92,199629
1.8377,0.2199,38.55,94,92,199633
1.8426,0.2248,38.65,94,92,199636
1.8573,0.2297,38.58,94,92,199640
1.8524,0.2248,38.68,94,92,199643
1.9062,0.2297,38.46,94,92,199647
1.8671,0.2346,38.55,94,92,199650
1.8671,0.2248,38.55,94,92,199653
1.8475,0.2346,38.62,94,92,199657
1.8231,0.2297,38.65,94,92,199660
1.8426,0.2395,38.55,94,92,199663
1.8182,0.2346,38.58,94,92,199667
1.8231,0.2297,38.49,94,92,199670
1.8084,0.2297,38.65,94,92,199673
1.8133,0.2297,38.65,94,92,199677
1.8426,0.2444,38.46,94,92,199681
1.8084,0.2297,38.62,94,92,199684
1.8231,0.2346,38.52,94,92,199687
1.7889,0.2151,38.58,94,92,199691
1.7889,0.2297,38.68,94,92,199694
1.7986,0.2346,38.52,94,92,199697
1.7791,0.2297,38.65,94,92,199701
1.8182,0.2297,38.43,94,92,199704
1.7986,0.2395,38.58,94,92,199707
1.7986,0.2102,38.65,94,92,199711
1.7937,0.2395,38.58,94,92,199714
1.7791,0.2297,38.62,94,92,199717
1.8133,0.2297,38.40,94,92,199721
1.7742,0.2297,38.55,94,92,199725
1.7840,0.2248,38.65,94,92,199728
1.7937,0.2297,38.81,94,92,199732
1.7986,0.2297,38.65,94,92,199735
1.8573,0.2493,38.71,94,92,199738
1.8280,0.2297,38.52,94,92,199741
1.8231,0.2248,38.62,94,92,199745
1.8182,0.2346,38.68,94,92,199748
1.8182,0.2297,38.65,94,92,199751
1.8719,0.2395,38.43,94,92,199755
1.8475,0.2395,38.55,94,92,199758
1.8573,0.2297,38.52,94,92,199761
1.8426,0.2297,38.62,94,92,199766
1.8328,0.2297,38.62,94,92,199769
1.8475,0.2346,38.49,94,92,199772
1.8231,0.2590,38.65,94,92,199776
1.8622,0.2346,38.49,94,92,199779
1.8231,0.2297,38.65,94,92,199782
1.8280,0.2346,38.62,94,92,199785
1.8280,0.2297,38.52,94,92,199789
1.8280,0.2297,38.52,94,92,199792
1.8622,0.2346,38.49,94,92,199795
1.8328,0.2297,38.58,94,92,199799
1.8524,0.2444,38.65,94,92,199802
1.8817,0.2346,38.52,94,92,199805
1.8671,0.2297,38.58,94,92,199810
1.9159,0.2346,38.40,94,92,199813
1.9062,0.2297,38.52,94,92,199816
1.9062,0.2199,38.62,94,92,199820
1.9453,0.2346,38.65,94,92,199823
1.9355,0.2395,38.65,94,92,199826
1.9844,0.2395,38.43,94,92,199829
1.9355,0.2346,38.55,94,92,199833
1.9159,0.2248,38.62,94,92,199836
1.9062,0.2297,38.84,94,92,199839
1.8768,0.2346,38.68,94,92,199843
1.9013,0.2297,38.43,94,92,199846
1.8328,0.2297,38.62,94,92,199849
1.8475,0.2248,38.55,94,92,199854
1.8084,0.2297,38.62,94,92,199857
1.7986,0.2542,38.62,94,92,199860
1.8328,0.2395,38.52,94,92,199864
1.7986,0.2297,38.71,94,92,199867
1.7937,0.2248,38.49,94,92,199870
1.7644,0.2297,38.52,94,92,199873
1.7595,0.2346,38.65,94,92,199877
1.7889,0.2395,38.52,94,92,199880
1.7546,0.2444,38.58,94,92,199883
1.7889,0.2346,38.49,94,92,199887
1.7302,0.2248,38.65,94,92,199890
1.7107,0.2248,38.65,94,92,199894
1.7155,0.2297,38.58,94,92,199898
1.7009,0.2297,38.49,94,92,199901
1.7351,0.2297,38.40,94,92,199904
1.7204,0.2346,38.55,94,92,199908
1.7302,0.2297,38.68,94,92,199911
1.7449,0.2395,38.55,94,92,199914
1.7351,0.2297,38.65,94,92,199917
1.7840,0.2346,38.33,94,92,199921
1.7498,0.2248,38.58,94,92,199924
1.7546,0.2248,38.52,94,92,199927
1.7840,0.2493,38.58,94,92,199931
1.7889,0.2297,38.62,94,92,199934
1.8719,0.2493,38.30,94,92,199938
1.8866,0.2346,38.52,94,92,199942
1.9550,0.2102,38.58,94,92,199945
2.0870,0.2444,38.62,94,92,199948
2.2532,0.2297,38.65,94,92,199952
2.5318,0.2297,38.46,94,92,199955
2.7468,0.2542,38.55,94,92,199958
2.9961,0.2297,38.52,94,92,199961
3.1965,0.2297,38.62,94,92,199965
3.2893,0.2248,38.65,94,92,199968
3.2649,0.2346,38.58,94,92,199971
2.9863,0.2297,38.58,94,92,199975
2.6686,0.2493,38.49,94,92,199979
2.3021,0.2297,38.62,94,92,199982
2.0088,0.2199,38.62,94,92,199986
1.7840,0.2346,38.55,94,92,199989
1.5934,0.2297,38.62,94,92,199992
1.4809,0.2297,38.55,94,92,199995
1.3832,0.2297,38.62,94,92,199999
1.3441,0.2297,38.65,94,92,200002
1.3441,0.2346,38.52,94,92,200005
1.3099,0.2297,38.74,94,92,200009
1.3245,0.2297,38.62,94,92,200012
1.3294,0.2346,38.55,94,92,200015
1.3490,0.2248,38.65,94,92,200019
1.3930,0.2346,38.55,94,92,200023
1.3978,0.2346,38.65,94,92,200026
1.4663,0.2297,38.36,94,92,200030
1.5054,0.2346,38.55,94,92,200033
1.4858,0.2297,38.65,94,92,200036
1.5005,0.2297,38.65,94,92,200039
1.4956,0.2297,38.65,94,92,200043
1.5445,0.2493,38.36,94,92,200046
1.5200,0.2639,38.55,94,92,200049
1.5298,0.2199,38.58,94,92,200053
1.5543,0.2297,38.65,94,92,200056
1.5934,0.2346,38.68,94,92,200059
1.6178,0.2297,38.49,94,92,200064
1.5934,0.2297,38.58,94,92,200067
1.6178,0.2248,38.49,94,92,200070
1.5982,0.2297,38.58,94,92,200074
1.6129,0.2346,38.68,94,92,200077
1.6471,0.2395,38.46,95,92,200080
1.6520,0.2346,38.49,95,92,200084
1.6471,0.2297,38.77,95,92,200087
1.6911,0.2395,38.40,95,92,200090
1.6716,0.2297,38.55,95,92,200094
1.6569,0.2297,38.74,95,92,200097
1.6667,0.2444,38.58,95,92,200100
1.6569,0.2297,38.62,95,92,200104
1.7155,0.2346,38.52,95,92,200108
1.6960,0.2297,38.58,95,92,200111
1.7107,0.2297,38.65,95,92,200115
1.7107,0.2297,38.65,95,92,200118
1.7058,0.2297,38.62,95,92,200121
1.7693,0.2493,38.36,95,92,200125
1.7204,0.2346,38.58,95,92,200128
1.6862,0.2248,38.58,95,92,200131
1.6667,0.2199,38.68,95,92,200134
1.6618,0.2297,38.65,95,92,200138
1.7204,0.2395,38.40,95,92,200141
1.7204,0.2346,38.58,95,92,200144
1.7400,0.2297,38.52,95,92,200148
1.7351,0.2297,38.81,95,92,200152
1.7400,0.2346,38.62,95,92,200155
1.7742,0.2297,38.49,95,92,200159
1.7644,0.2297,38.52,95,92,200162
1.7840,0.2444,38.49,95,92,200165
1.7449,0.2297,38.62,95,92,200169
1.7498,0.2542,38.68,95,92,200172
1.7644,0.2297,38.62,95,92,200175
1.7546,0.2297,38.46,95,92,200178
1.7693,0.2346,38.46,95,92,200182
1.7400,0.2297,38.84,95,92,200185
1.7595,0.2297,38.68,95,92,200188
1.7840,0.2297,38.55,95,92,200193
1.7742,0.2248,38.68,95,92,200196
1.8035,0.2346,38.43,95,92,200199
1.7742,0.2346,38.52,95,92,200203
1.7693,0.2297,38.62,95,92,200206
1.8035,0.2346,38.55,95,92,200209
1.7986,0.2297,38.84,95,92,200213
1.8768,0.2346,38.33,95,92,200216
1.8182,0.2346,38.52,95,92,200219
1.8182,0.2151,38.62,95,92,200222
1.8377,0.2297,38.62,95,92,200226
1.8426,0.2542,38.65,95,92,200229
1.9062,0.2297,38.49,95,92,200232
1.8866,0.2297,38.77,95,92,200237
1.8915,0.2199,38.52,95,92,200240
1.8866,0.2297,38.62,95,92,200243
1.8817,0.2297,38.68,95,92,200247
1.9062,0.2395,38.55,95,92,200250
1.8768,0.2297,38.62,95,92,200253
1.9013,0.2297,38.49,95,92,200257
1.8915,0.2297,38.62,95,92,200260
1.9013,0.2346,38.65,95,92,200263
1.9257,0.2395,38.49,95,92,200267
1.8915,0.2346,38.68,95,92,200270
1.9013,0.2297,38.52,95,92,200273
1.8622,0.2248,38.52,95,92,200276
1.8573,0.2199,38.68,95,92,200281
1.8719,0.2346,38.58,95,92,200284
1.8475,0.2248,38.68,95,92,200287
1.8719,0.2346,38.43,95,92,200291
1.8280,0.2297,38.55,95,92,200294
1.8133,0.2248,38.62,95,92,200297
1.8182,0.2297,38.58,95,92,200301
1.7889,0.2297,38.58,95,92,200304
1.8231,0.2346,38.36,95,92,200307
1.7791,0.2248,38.62,95,92,200311
1.8182,0.2199,38.68,95,92,200314
1.8035,0.2297,38.58,95,92,200317
1.7840,0.2346,38.62,95,92,200321
1.8280,0.2493,38.40,95,92,200325
1.7791,0.2297,38.52,95,92,200328
1.7595,0.2248,38.68,95,92,200331
1.7693,0.2346,38.62,95,92,200335
1.7644,0.2297,38.62,95,92,200338
1.8035,0.2346,38.46,95,92,200341
1.7791,0.2297,38.58,95,92,200345
1.7937,0.2297,38.46,95,92,200348
1.7889,0.2297,38.62,95,92,200351
1.8035,0.2248,38.62,95,92,200354
1.8280,0.2346,38.49,95,92,200358
1.8084,0.2346,38.62,95,92,200361
1.8280,0.2346,38.49,95,92,200365
1.7986,0.2297,38.65,95,92,200369
1.7986,0.2248,38.62,95,92,200372
1.8133,0.2297,38.52,95,92,200375
1.8133,0.2199,38.68,95,92,200379
1.8377,0.2346,38.46,95,92,200382
1.8328,0.2297,38.58,95,92,200385
1.8426,0.2346,38.62,95,92,200389
1.8719,0.2346,38.49,95,92,200392
1.8475,0.2297,38.65,95,92,200395
1.8866,0.2297,38.43,95,92,200398
1.8671,0.2297,38.52,95,92,200402
1.8964,0.2199,38.62,95,92,200406
1.8719,0.2444,38.55,95,92,200409
1.8573,0.2199,38.62,95,92,200413
1.8964,0.2395,38.33,95,92,200416
1.8475,0.2395,38.55,95,92,200419
1.8573,0.2248,38.65,95,92,200423
1.8671,0.2297,38.77,95,92,200426
1.8719,0.2297,38.62,95,92,200429
1.9355,0.2297,38.43,95,92,200433
1.9062,0.2444,38.55,95,92,200436
1.9159,0.2102,38.55,95,92,200439
1.9208,0.2297,38.62,95,92,200442
1.9208,0.2542,38.65,95,92,200446
1.9550,0.2444,38.49,95,92,200450
1.9208,0.2297,38.46,95,92,200453
1.9257,0.2346,38.49,95,92,200457
1.8866,0.2297,38.84,95,92,200460
1.8622,0.2346,38.62,95,92,200463
1.8671,0.2395,38.52,95,92,200467
1.8133,0.2395,38.62,95,92,200470
1.8133,0.2297,38.58,95,92,200473
1.7644,0.2248,38.52,95,92,200477
1.7498,0.2493,38.68,95,92,200480
1.7595,0.2346,38.58,95,92,200483
1.7400,0.2493,38.62,95,92,200487
1.7986,0.2346,38.43,95,92,200491
1.7351,0.2297,38.58,95,92,200494
1.7204,0.2297,38.62,95,92,200497
1.7302,0.2346,38.55,95,92,200501
1.6960,0.2297,38.65,95,92,200504
1.7204,0.2346,38.40,95,92,200507
1.6716,0.2248,38.58,95,92,200511
1.6764,0.2248,38.62,95,92,200514
1.6911,0.2346,38.65,95,92,200517
1.6862,0.2297,38.68,95,92,200521
1.7302,0.2542,38.36,95,92,200524
1.7009,0.2346,38.52,95,92,200527
1.6862,0.2199,38.62,95,92,200530
1.6960,0.2297,38.58,95,92,200535
1.7058,0.2248,38.62,95,92,200538
1.7644,0.2297,38.43,95,92,200541
1.7400,0.2688,38.55,95,92,200545
1.7498,0.2199,38.52,95,92,200548
1.7644,0.2297,38.62,95,92,200551
1.7986,0.2297,38.62,95,92,200555
1.8915,0.2297,38.49,95,92,200558
1.9648,0.2297,38.52,95,92,200561
2.1310,0.2346,38.49,95,92,200565
2.2923,0.2297,38.65,95,92,200568
2.5269,0.2297,38.62,95,92,200571
2.7908,0.2297,38.55,95,92,200574
3.0205,0.2297,38.71,95,92,200579
3.2356,0.2444,38.52,95,92,200582
3.2209,0.2297,38.62,95,92,200585
3.0841,0.2297,38.77,95,92,200589
2.8299,0.2395,38.52,95,92,200592
2.4731,0.2297,38.65,95,92,200595
2.1994,0.2297,38.36,95,92,200599
1.9062,0.2346,38.52,95,92,200602
1.6764,0.2297,38.65,95,92,200605
1.5591,0.2346,38.55,95,92,200609
1.3832,0.2297,38.65,95,92,200612
1.3539,0.2395,38.36,95,92,200615
1.2854,0.2297,38.55,95,92,200619
1.2659,0.2248,38.65,95,92,200623
1.2952,0.2346,38.58,95,92,200626
1.2659,0.2297,38.62,95,92,200629
1.3343,0.2493,38.40,95,92,200633
1.3294,0.2346,38.55,95,92,200636
1.3539,0.2248,38.58,95,92,200639
1.3734,0.2444,38.62,95,92,200643
1.3978,0.2297,38.62,95,92,200646
1.4418,0.2444,38.52,95,92,200649
1.4418,0.2346,38.62,95,92,200653
1.4712,0.2346,38.52,95,92,200656
1.4761,0.2346,38.68,95,92,200659
1.4956,0.2297,38.62,95,92,200663
1.5347,0.2395,38.58,95,92,200667
1.5347,0.2297,38.62,95,92,200670
1.5543,0.2346,38.30,95,92,200673
1.5347,0.2248,38.62,95,92,200677
1.5445,0.2297,38.62,95,92,200680
1.5591,0.2346,38.52,95,92,200683
1.5738,0.2395,38.62,95,92,200687
1.5836,0.2297,38.43,95,92,200690
1.6227,0.2346,38.33,95,92,200694
1.5934,0.2297,38.55,95,92,200697
1.6031,0.2248,38.62,95,92,200700
1.6129,0.2297,38.65,95,92,200705
1.6227,0.2102,38.65,95,92,200708
1.6813,0.2493,38.62,95,92,200711
1.6422,0.2346,38.58,95,92,200715
1.6422,0.2248,38.55,95,92,200718
1.6422,0.2297,38.62,95,92,200721
1.6471,0.2346,38.65,95,92,200724
1.6813,0.2395,38.43,95,92,200728
1.6569,0.2346,38.58,95,92,200731
1.6764,0.2297,38.58,95,92,200734
1.6618,0.2346,38.65,95,92,200738
1.6716,0.2297,38.62,95,92,200741
1.6960,0.2395,38.52,95,92,200744
1.6862,0.2248,38.62,95,92,200749
1.7155,0.2346,38.49,95,92,200752
1.6960,0.2199,38.62,95,92,200755
1.6960,0.2297,38.68,95,92,200759
1.7107,0.2493,38.52,95,92,200762
1.7009,0.2102,38.68,95,92,200765
1.7400,0.2346,38.43,95,92,200768
1.7204,0.2297,38.62,95,92,200772
1.7302,0.2297,38.62,95,92,200775
1.7498,0.2346,38.62,95,92,200778
1.7400,0.2102,38.62,95,92,200782
1.7791,0.2297,38.36,95,92,200785
1.7546,0.2395,38.58,95,92,200788
1.7742,0.2297,38.65,95,92,200793
1.7644,0.2297,38.55,95,92,200796
1.7546,0.2297,38.65,95,92,200799
1.8231,0.2493,38.36,95,92,200803
1.7889,0.2395,38.52,95,92,200806
1.7889,0.2248,38.58,95,92,200809
1.7937,0.2297,38.87,95,92,200812
1.7986,0.2297,38.65,95,92,200816
1.8475,0.2444,38.46,95,92,200819
1.8328,0.2542,38.62,95,92,200822
1.8768,0.2248,38.52,95,92,200826
1.8377,0.2346,38.65,95,92,200829
1.8377,0.2346,38.62,95,92,200833
1.8671,0.2346,38.58,95,92,200837
1.8524,0.2297,38.62,95,92,200840
1.9110,0.2346,38.46,95,92,200843
1.8524,0.2297,38.65,95,92,200847
1.8622,0.2297,38.62,95,92,200850
1.8866,0.2395,38.62,95,92,200853
1.8524,0.2199,38.62,95,92,200857
1.8719,0.2346,38.46,95,92,200860
1.8475,0.2395,38.55,95,92,200863
1.8377,0.2297,38.62,95,92,200866
1.8573,0.2395,38.52,95,92,200870
1.8622,0.2199,38.68,95,92,200873
1.8719,0.2346,38.40,95,92,200877
1.8328,0.2346,38.58,95,92,200881
1.8280,0.2248,38.68,95,92,200884
1.8426,0.2297,38.58,95,92,200887
1.8231,0.2297,38.58,95,92,200891
1.8817,0.2542,38.33,95,92,200894
1.8133,0.2297,38.43,95,92,200897
1.8084,0.2297,38.62,95,92,200900
1.8084,0.2346,38.62,95,92,200904
1.7986,0.2297,38.71,95,92,200907
1.8475,0.2444,38.43,95,92,200910
1.8035,0.2346,38.55,95,92,200914
1.7889,0.2248,38.52,95,92,200918
1.7840,0.2297,38.62,95,92,200921
1.7791,0.2297,37.93,95,92,200925
1.8084,0.2395,38.46,95,92,200928
1.7742,0.2297,38.62,95,92,200931
1.7840,0.2297,38.49,95,92,200935
1.7644,0.2199,38.62,95,92,200938
1.7693,0.2248,38.62,95,92,200941
1.7937,0.2493,38.55,95,92,200944
1.7791,0.2297,38.68,95,92,200948
1.8035,0.2395,38.58,95,92,200951
1.7791,0.2199,38.58,95,92,200954
1.7840,0.2297,38.68,95,92,200958
1.7986,0.2297,38.46,95,92,200962
1.7937,0.2346,38.62,95,92,200965
1.8231,0.2346,38.43,95,92,200969
1.7937,0.2248,38.58,95,92,200972
1.8035,0.2297,38.65,95,92,200975
1.8328,0.2395,38.55,95,92,200979
1.8133,0.2199,38.62,95,92,200982
1.8671,0.2346,38.36,95,92,200985
1.8475,0.2395,38.52,95,92,200988
1.8426,0.2199,38.62,95,92,200992
1.8524,0.2346,38.55,95,92,200995
1.8426,0.2395,38.62,95,92,200998
1.8964,0.2444,38.36,95,92,201003
1.8524,0.2395,38.49,95,92,201006
1.8426,0.2199,38.58,95,92,201009
1.8475,0.2297,38.62,95,92,201013
1.8377,0.2297,38.62,95,92,201016
1.8817,0.2444,38.49,95,92,201019
1.8475,0.2297,38.62,95,92,201023
1.8524,0.2346,38.52,95,92,201026
1.8377,0.2297,38.58,95,92,201029
1.8426,0.2248,38.68,95,92,201032
1.8768,0.2395,38.55,95,92,201036
1.8671,0.2297,38.62,95,92,201039
1.8915,0.2346,38.49,95,92,201042
1.8768,0.2297,38.74,95,92,201047
1.8866,0.2297,38.65,95,92,201050
1.9306,0.2395,38.49,95,92,201053
1.9062,0.2590,38.65,95,92,201057
1.9550,0.2346,38.46,95,92,201060
1.9355,0.2248,38.62,95,92,201063
1.9453,0.2493,38.62,95,92,201067
1.9746,0.2346,38.52,95,92,201070
1.9550,0.2297,38.65,95,92,201073
1.9892,0.2346,38.40,95,92,201076
1.9453,0.2297,38.58,95,92,201080
1.9257,0.2297,38.11,95,92,201083
1.9110,0.2346,38.68,95,92,201086
1.8768,0.2297,38.65,95,92,201091
1.9062,0.2395,38.46,95,92,201094
1.8475,0.2297,38.55,95,92,201097
1.8426,0.2248,38.62,95,92,201101
1.8426,0.2346,38.58,95,92,201104
1.8231,0.2248,38.65,95,92,201107
1.8671,0.2786,38.40,95,92,201111
1.8182,0.2346,38.55,95,92,201114
1.7986,0.2248,37.80,95,92,201117
1.8084,0.2199,38.58,95,92,201120
1.7742,0.2102,38.62,95,92,201124
1.8035,0.2395,37.99,95,92,201127
1.7693,0.2346,38.58,95,92,201131
1.7742,0.2297,38.49,95,92,201135
1.7595,0.2297,38.55,95,92,201138
1.7644,0.2542,38.65,95,92,201141
1.7937,0.2297,38.52,95,92,201145
1.7791,0.2297,38.62,95,92,201148
1.8133,0.2346,38.52,95,92,201151
1.7840,0.2297,38.65,95,92,201155
1.7889,0.2199,38.65,95,92,201158
1.7986,0.2346,38.55,95,92,201161
1.7986,0.2297,38.71,95,92,201164
1.8328,0.2590,38.46,95,92,201168
1.8328,0.2297,38.62,95,92,201171
1.8719,0.2297,38.65,95,92,201175
1.9697,0.2395,38.55,95,92,201179
1.9941,0.2297,38.65,95,92,201182
2.1310,0.2395,38.43,95,92,201185
2.2483,0.2297,38.55,95,92,201189
2.4047,0.2297,38.65,95,92,201192
2.6442,0.2297,38.58,95,92,201195
2.8592,0.2297,38.81,95,92,201199
3.1672,0.2493,38.33,95,92,201202
3.2502,0.2297,38.43,95,92,201205
3.2209,0.2248,38.58,95,92,201208
3.0499,0.2346,38.62,95,92,201212
2.7566,0.2297,38.65,95,92,201216
2.5122,0.2444,38.52,95,92,201219
2.1848,0.2346,38.49,95,92,201223
1.9404,0.2248,38.52,95,92,201226
1.7400,0.2590,38.62,95,92,201229
1.5934,0.2199,38.62,95,92,201233
1.5152,0.2395,38.52,95,92,201236
1.4321,0.2346,38.68,95,92,201239
1.4076,0.2346,38.49,95,92,201242
1.3685,0.2297,38.62,95,92,201246
1.3587,0.2248,38.65,95,92,201249
1.3832,0.2395,38.49,95,92,201252
1.3881,0.2346,38.62,95,92,201256
1.4321,0.2346,38.49,95,92,201260
1.4321,0.2248,38.58,95,92,201263
1.4467,0.2248,38.62,95,92,201267
1.4858,0.2493,38.49,95,92,201270
1.4858,0.2297,38.68,95,92,201273
1.5249,0.2346,38.43,95,92,201277
1.5249,0.2444,38.55,95,92,201280
1.5543,0.2297,38.62,95,92,201283
1.5836,0.2346,38.68,95,92,201287
1.5787,0.2297,38.62,95,92,201290
1.6276,0.2346,38.36,95,92,201293
1.5934,0.2542,38.55,95,92,201296
1.6031,0.2297,38.65,95,92,201300
1.6227,0.2297,38.55,94,92,201304
1.6667,0.2297,38.62,94,92,201308
1.6764,0.2297,38.65,94,92,201311
1.7107,0.2395,38.40,94,92,201314
1.7107,0.2346,38.62,94,92,201318
1.7058,0.2346,38.49,94,92,201321
1.6862,0.2444,38.65,94,92,201324
1.7058,0.2102,38.62,94,92,201328
1.7204,0.2297,38.52,94,92,201331
1.7058,0.2297,38.62,94,92,201334
1.7400,0.2346,38.49,94,92,201338
1.6960,0.2248,38.62,94,92,201341
1.7058,0.2346,38.62,94,92,201345
1.7204,0.2346,38.52,94,92,201348
1.7107,0.2297,38.68,94,92,201352
1.7400,0.2346,38.77,94,92,201355
1.7204,0.2297,38.65,94,92,201358
1.7107,0.2297,38.71,94,92,201362
1.7302,0.2542,38.58,94,92,201365
1.7204,0.2346,38.65,94,92,201368
1.7693,0.2395,38.36,94,92,201372
1.7595,0.2346,38.55,94,92,201375
1.7449,0.2297,38.65,94,92,201378
1.7840,0.2346,38.58,94,92,201382
1.7693,0.2297,38.62,94,92,201385
1.8280,0.2493,38.43,94,92,201389
1.8035,0.2395,38.52,94,92,201392
1.7840,0.2248,38.55,94,92,201396
1.7840,0.2297,38.84,94,92,201399
1.7889,0.2346,38.62,94,92,201402
1.8328,0.2395,38.46,94,92,201406
1.8133,0.2297,38.58,94,92,201409
1.8377,0.2346,38.49,94,92,201412
1.8182,0.2297,38.65,94,92,201416
1.8182,0.2248,38.65,94,92,201419
1.8377,0.2297,38.58,94,92,201422
1.8133,0.2297,38.65,94,92,201426
1.8328,0.2395,38.49,94,92,201430
1.8084,0.2297,38.62,94,92,201433
1.8328,0.2248,38.62,94,92,201436
1.8426,0.2395,38.49,94,92,201440
1.8231,0.2297,38.62,94,92,201443
1.8524,0.2297,38.43,94,92,201446
1.8426,0.2297,38.55,94,92,201450
1.8475,0.2297,38.68,94,92,201453
1.8768,0.2395,38.52,94,92,201456
1.8671,0.2248,38.65,94,92,201460
1.9208,0.2346,38.36,94,92,201463
1.8964,0.2248,38.58,94,92,201466
1.9062,0.2102,38.65,94,92,201470
1.9110,0.2297,38.58,94,92,201474
1.9013,0.2248,38.62,94,92,201477
1.9453,0.2395,38.33,94,92,201480
1.8964,0.2297,38.52,94,92,201484
1.9159,0.2151,38.62,94,92,201487
1.8817,0.2297,38.68,94,92,201490
1.9062,0.2199,38.65,94,92,201494
1.9110,0.2444,38.46,94,92,201497
1.8817,0.2590,38.55,94,92,201500
1.8768,0.2297,38.52,94,92,201504
1.8622,0.2346,38.62,94,92,201507
1.8768,0.2297,38.65,94,92,201510
1.8915,0.2395,38.49,94,92,201515
1.8817,0.2346,38.62,94,92,201518
1.8719,0.2297,38.49,94,92,201521
1.8426,0.2297,38.84,94,92,201525
1.8377,0.2297,38.62,94,92,201528
1.8475,0.2297,38.52,94,92,201531
1.8231,0.2297,38.62,94,92,201534
1.8377,0.2297,38.49,94,92,201538
1.8084,0.2248,38.90,94,92,201541
1.8084,0.2444,38.65,94,92,201544
1.8280,0.2346,38.52,94,92,201548
1.8035,0.2297,38.62,94,92,201551
1.8280,0.2346,38.40,94,92,201554
1.7986,0.2297,38.65,94,92,201559
1.7986,0.2297,38.65,94,92,201562
1.8133,0.2444,38.55,94,92,201565
1.7937,0.2297,38.62,94,92,201568
1.8377,0.2590,38.33,94,92,201572
1.8182,0.2346,38.52,94,92,201575
1.7986,0.2297,38.65,94,92,201578
1.8035,0.2346,38.62,94,92,201582
1.7986,0.2297,38.62,94,92,201585
1.8524,0.2493,38.62,94,92,201588
1.8280,0.2346,38.52,94,92,201592
1.8231,0.2199,38.58,94,92,201595
1.8328,0.2639,38.62,94,92,201598
1.8524,0.2297,38.62,94,92,201603
1.8915,0.2395,38.71,94,92,201606
1.9013,0.2346,38.58,94,92,201609
1.8866,0.2297,38.52,94,92,201612
1.8719,0.2297,38.62,94,92,201616
1.8768,0.2297,38.62,94,92,201619
1.9110,0.2346,38.77,94,92,201622
1.9013,0.2346,38.62,94,92,201626
1.9355,0.2297,38.49,94,92,201629
1.8964,0.2248,38.62,94,92,201632
1.8915,0.2199,38.62,94,92,201636
1.9110,0.2395,38.40,94,92,201639
1.8768,0.2199,38.62,94,92,201643
1.9062,0.2346,38.49,94,92,201647
1.8866,0.2199,38.71,94,92,201650
1.8817,0.2297,38.62,94,92,201653
1.9110,0.2395,38.18,94,92,201656
1.8915,0.2297,38.68,94,92,201660
1.9306,0.2346,38.40,94,92,201663
1.8964,0.2297,37.83,94,92,201666
1.8964,0.2248,38.62,94,92,201670
1.9159,0.2346,38.58,94,92,201673
1.9159,0.2297,38.74,94,92,201676
1.9746,0.2639,38.30,94,92,201680
1.9453,0.2297,38.58,94,92,201683
1.9599,0.2248,37.90,94,92,201687
1.9795,0.2346,38.58,94,92,201691
1.9697,0.2297,38.65,94,92,201694
2.0235,0.2493,38.49,94,92,201697
1.9648,0.2346,38.58,94,92,201700
1.9306,0.2346,38.52,94,92,201704
1.8964,0.2346,38.62,94,92,201707
1.8768,0.2297,38.62,94,92,201710
1.9013,0.2395,38.43,94,92,201714
1.8768,0.2346,38.58,94,92,201717
1.8866,0.2297,38.52,94,92,201720
1.8622,0.2297,38.62,94,92,201724
1.8573,0.2102,38.65,94,92,201728
1.8524,0.2395,38.46,94,92,201731
1.8084,0.2346,38.62,94,92,201735
1.8231,0.2346,38.52,94,92,201738
1.7791,0.2248,38.71,94,92,201741
1.7791,0.2199,38.65,94,92,201744
1.7986,0.2297,38.55,94,92,201748
1.8084,0.2297,38.52,94,92,201751
1.8377,0.2346,38.43,94,92,201754
1.8035,0.2297,38.65,94,92,201758
1.7937,0.2297,38.68,94,92,201761
1.8328,0.2346,38.55,94,92,201764
1.7840,0.2297,38.84,94,92,201768
1.8231,0.2737,38.36,94,92,201772
1.7986,0.2346,38.52,94,92,201775
1.7889,0.2297,38.65,94,92,201779
1.8035,0.2346,38.62,94,92,201782
1.8084,0.2297,38.65,94,92,201785
1.8768,0.2444,38.36,94,92,201788
1.8622,0.2297,38.49,94,92,201792
1.8768,0.2248,38.52,94,92,201795
1.9110,0.2199,38.62,94,92,201798
1.9697,0.2297,38.62,94,92,201802
2.1163,0.2444,38.49,94,92,201805
2.2239,0.2346,38.58,94,92,201808
2.4047,0.2297,38.52,94,92,201812
2.6002,0.2346,38.68,94,92,201816
2.8348,0.2297,38.71,94,92,201819
3.0987,0.2395,38.36,94,92,201822
3.2356,0.2297,38.68,94,92,201826
3.3138,0.2346,38.49,94,92,201829
3.1574,0.2297,38.62,94,92,201832
2.8935,0.2248,38.62,94,92,201836
2.6246,0.2297,38.49,94,92,201839
2.2776,0.2248,38.68,94,92,201842
2.0381,0.2297,38.49,94,92,201846
1.7937,0.2248,38.68,94,92,201849
1.6325,0.2542,38.65,94,92,201852
1.5298,0.2346,38.55,94,92,201857
1.4370,0.2248,38.62,94,92,201860
1.4223,0.2346,38.40,94,92,201863
1.3734,0.2297,38.58,94,92,201866
1.3587,0.2395,38.68,94,92,201870
1.3783,0.2297,38.55,94,92,201873
1.3734,0.2297,38.81,94,92,201876
1.4272,0.2444,38.36,94,92,201880
1.4174,0.2297,38.52,94,92,201883
1.4418,0.2542,38.62,94,92,201886
1.4663,0.2297,38.58,94,92,201890
1.4858,0.2786,38.68,94,92,201893
1.5543,0.2493,38.40,94,92,201896
1.5347,0.2346,38.55,94,92,201901
1.5396,0.2199,38.58,94,92,201904
1.5445,0.2297,38.65,94,92,201907
1.5543,0.2297,38.62,94,92,201911
1.6031,0.2395,38.46,94,92,201914
1.6227,0.2297,38.52,94,92,201918
1.6276,0.2297,38.36,94,92,201921
1.6667,0.2297,38.46,94,92,201924
1.6471,0.2297,38.58,94,92,201927
1.6569,0.2346,38.68,94,92,201931
1.6716,0.2297,38.55,94,92,201934
1.6667,0.2297,38.65,94,92,201937
1.7107,0.2346,38.40,94,92,201942
1.6813,0.2248,38.71,94,92,201945
1.6813,0.2248,38.62,94,92,201948
1.6862,0.2346,38.62,94,92,201952
1.6813,0.2688,38.62,94,92,201955
1.7400,0.2297,38.30,94,92,201958
1.7204,0.2297,38.68,94,92,201962
1.7155,0.2248,38.58,94,92,201965
1.7253,0.2297,38.62,94,92,201968
1.7155,0.2297,38.33,94,92,201971
1.7937,0.2395,38.43,94,92,201975
1.7155,0.2346,38.65,94,92,201978
1.7058,0.2346,38.55,94,92,201981
1.6960,0.2297,38.62,94,92,201986
1.6960,0.2297,37.90,94,92,201989
1.7302,0.2395,38.49,94,92,201992
1.7155,0.2346,38.62,94,92,201996
1.7400,0.2297,38.49,94,92,201999
1.7302,0.2297,38.52,94,92,202002
1.7400,0.2297,38.65,94,92,202006
1.7693,0.2346,38.65,94,92,202009
1.7644,0.2297,38.62,94,92,202012
1.7889,0.2395,38.55,94,92,202015
1.7595,0.2737,38.62,94,92,202019
1.7595,0.2297,38.62,94,92,202022
1.7889,0.2395,38.62,94,92,202025
1.7889,0.2395,38.65,94,92,202030
1.8035,0.2297,38.43,94,92,202033
1.7937,0.2297,38.24,94,92,202036
1.7840,0.2395,38.62,94,92,202040
1.7937,0.2346,38.58,94,92,202043
1.7644,0.2542,38.62,94,92,202046
1.8035,0.2346,38.36,94,92,202050
1.7693,0.2248,38.55,94,92,202053
1.7644,0.2346,38.65,94,92,202056
1.7840,0.2297,38.58,94,92,202059
1.7791,0.2297,38.65,94,92,202063
1.8328,0.2395,38.40,94,92,202066
1.7889,0.2297,38.55,94,92,202070
1.7937,0.2248,38.58,94,92,202074
1.8084,0.2346,38.62,94,92,202077
1.8133,0.2297,38.74,94,92,202080
1.8768,0.2395,38.49,94,92,202084
1.8524,0.2346,38.58,94,92,202087
1.8426,0.2297,38.62,94,92,202090
1.8280,0.2297,38.65,94,92,202094
1.8280,0.2297,38.58,94,92,202097
1.8719,0.2346,38.43,94,92,202100
1.8475,0.2297,38.62,94,92,202103
1.8671,0.2297,38.49,94,92,202107
1.8475,0.2297,38.65,94,92,202110
1.8426,0.2297,38.84,94,92,202114
1.8817,0.2346,38.55,94,92,202118
1.8182,0.2297,38.62,94,92,202121
1.8328,0.2297,38.46,94,92,202124
1.8280,0.2199,38.58,94,92,202128
1.8084,0.2297,38.65,94,92,202131
1.8280,0.2297,38.52,94,92,202134
1.8133,0.2493,38.58,94,92,202137
1.8573,0.2346,38.40,94,92,202141
1.8084,0.2297,38.65,94,92,202144
1.8182,0.2297,38.65,94,92,202147
1.8328,0.2297,38.68,94,92,202151
1.7937,0.2102,38.65,94,92,202155
1.8280,0.2395,38.33,94,92,202158
1.7840,0.2346,38.62,94,92,202162
1.7644,0.2199,38.62,94,92,202165
1.7742,0.2297,38.52,94,92,202168
1.7742,0.2737,38.68,94,92,202172
1.8426,0.2542,38.40,94,92,202175
1.7937,0.2395,38.55,94,92,202178
1.7791,0.2248,38.55,94,92,202182
1.7644,0.2297,38.52,94,92,202185
1.7595,0.2297,38.62,94,92,202188
1.7937,0.2395,38.49,94,92,202191
1.7644,0.2297,38.62,94,92,202195
1.7889,0.2102,38.49,94,92,202199
1.7693,0.2297,38.62,94,92,202202
1.7937,0.2297,38.62,94,92,202206
1.8035,0.2346,38.65,94,92,202209
1.7986,0.2297,38.62,94,92,202212
1.8182,0.2346,38.58,94,92,202216
1.7937,0.2297,38.65,94,92,202219
1.7986,0.2248,38.62,94,92,202222
1.8280,0.2346,38.49,94,92,202226
1.8426,0.2346,38.65,94,92,202229
1.8524,0.2297,38.43,94,92,202232
1.8524,0.2297,38.52,94,92,202235
1.8573,0.2248,38.68,94,92,202240
1.8671,0.2346,37.80,94,92,202243
1.8426,0.2248,38.68,94,92,202246
1.8915,0.2346,38.40,94,92,202250
1.8622,0.2297,37.90,94,92,202253
1.8573,0.2346,38.65,94,92,202256
1.8719,0.2346,38.58,94,92,202260
1.8524,0.2297,38.87,94,92,202263
1.8817,0.2542,38.30,94,92,202266
1.8328,0.2297,38.62,94,92,202270
1.8426,0.2248,38.58,94,92,202273
1.8671,0.2346,38.62,94,92,202276
1.8719,0.2297,38.68,94,92,202279
1.9159,0.2395,38.62,94,92,202284
1.8964,0.2297,38.58,94,92,202287
1.9110,0.2297,38.52,94,92,202290
1.9208,0.2346,38.62,94,92,202294
1.9306,0.2297,38.74,94,92,202297
1.9648,0.2444,38.43,94,92,202300
1.9355,0.2297,38.68,94,92,202304
1.9501,0.2395,38.46,94,92,202307
1.9306,0.2199,38.68,94,92,202310
1.9453,0.2297,38.68,94,92,202314
1.9648,0.2395,38.55,94,92,202317
1.9306,0.2297,38.65,94,92,202320
1.9501,0.2346,38.58,94,92,202323
1.8964,0.2248,38.58,94,92,202328
1.8622,0.2297,38.62,94,92,202331
1.8622,0.2297,38.52,94,92,202334
1.8377,0.2199,38.62,94,92,202338
1.8573,0.2346,38.43,94,92,202341
1.8035,0.2297,38.68,94,92,202344
1.8035,0.2297,38.65,94,92,202348
1.8084,0.2395,38.65,94,92,202351
1.7742,0.2297,38.65,94,92,202354
1.8084,0.2395,38.33,94,92,202358
1.7791,0.2395,38.55,94,92,202361
1.7937,0.2297,38.65,94,92,202364
1.7644,0.2297,38.58,94,92,202368
1.7498,0.2297,38.62,94,92,202372
1.8133,0.2493,38.40,94,92,202375
1.7840,0.2395,38.55,94,92,202378
1.7693,0.2248,38.55,94,92,202382
1.7546,0.2297,38.65,94,92,202385
1.7546,0.2297,38.68,94,92,202388
1.7986,0.2297,38.49,94,92,202392
1.7693,0.2297,38.58,94,92,202395
1.7742,0.2199,38.49,94,92,202398
1.7546,0.2297,38.62,94,92,202402
1.7644,0.2248,38.65,94,92,202405
1.8133,0.2297,38.58,94,92,202408
1.8426,0.2297,38.71,94,92,202412
1.8964,0.2737,38.49,94,92,202416
1.9062,0.2297,38.68,94,92,202419
1.9844,0.2493,38.68,94,92,202422
2.1359,0.2395,38.55,94,92,202426
2.2581,0.2248,38.62,94,92,202429
2.4829,0.2346,38.43,94,92,202432
2.7028,0.2297,38.52,94,92,202436
2.9472,0.2248,38.65,94,92,202439
3.2209,0.2395,37.80,94,92,202442
3.3138,0.2297,38.77,94,92,202446
3.3382,0.2346,38.36,94,92,202449
3.0694,0.2297,38.58,94,92,202452
2.7273,0.2297,38.68,94,92,202456
2.4145,0.2346,38.58,94,92,202460
2.1163,0.2297,38.65,94,92,202463
1.9159,0.2395,38.33,94,92,202466
1.6716,0.2297,38.58,94,92,202470
1.5200,0.2248,38.62,94,92,202473
1.4614,0.2346,38.62,94,92,202476
1.3636,0.2346,38.55,94,92,202480
1.3783,0.2395,38.49,94,92,202483
1.3245,0.2346,38.62,94,92,202486
1.3196,0.2248,38.49,94,92,202490
1.3343,0.2346,38.62,94,92,202493
1.3734,0.2297,38.58,94,92,202497
1.4712,0.2395,38.46,94,92,202500
1.4370,0.2297,38.81,94,92,202504
1.4663,0.2444,38.46,94,92,202507
1.4614,0.2297,38.62,94,92,202510
1.4956,0.2297,38.65,94,92,202514
1.5445,0.2346,38.52,94,92,202517
1.5445,0.2297,38.65,94,92,202520
1.5836,0.2639,38.49,94,92,202524
1.5591,0.2248,38.40,95,92,202527
1.6422,0.2248,38.62,95,92,202532
1.6373,0.2297,38.49,95,92,202535
1.6373,0.2444,38.58,95,92,202539
1.6178,0.2297,38.65,95,92,202543
1.6764,0.2493,38.36,95,92,202546
1.6618,0.2346,38.52,95,92,202549
1.6471,0.2248,38.71,95,92,202552
1.6618,0.2346,38.58,95,92,202556
1.6569,0.2297,38.65,95,92,202559
1.7155,0.2444,38.49,95,92,202562
1.6813,0.2346,38.55,95,92,202566
1.6716,0.2248,38.52,95,92,202569
1.6618,0.2346,38.62,95,92,202572
1.6716,0.2297,38.62,95,92,202576
1.6960,0.2444,38.52,95,92,202579
1.6764,0.2297,38.62,95,92,202583
1.6862,0.2297,38.49,95,92,202587
1.6667,0.2199,38.62,95,92,202590
1.6716,0.2297,38.58,95,92,202593
1.7107,0.2346,38.55,95,92,202596
1.6716,0.2297,38.62,95,92,202600
1.6911,0.2346,38.52,95,92,202603
1.6471,0.2297,38.62,95,92,202606
1.6520,0.2297,38.55,95,92,202610
1.6716,0.2346,38.55,95,92,202613
1.6716,0.2297,38.65,95,92,202616
1.7155,0.2346,38.40,95,92,202620
1.7107,0.2297,38.52,95,92,202624
1.7058,0.2248,38.62,95,92,202627
1.7253,0.2346,38.55,95,92,202631
1.7107,0.2297,38.65,95,92,202634
1.7791,0.2346,38.36,95,92,202637
1.7155,0.2248,38.52,95,92,202641
1.7155,0.2199,38.62,95,92,202644
1.7253,0.2297,38.62,95,92,202647
1.7155,0.2297,38.65,95,92,202650
1.7693,0.2493,38.43,95,92,202654
1.7253,0.2395,38.62,95,92,202657
1.7204,0.2248,38.55,95,92,202660
1.7204,0.2297,38.62,95,92,202664
1.7204,0.2297,38.65,95,92,202668
1.7595,0.2297,38.52,95,92,202671
1.7351,0.2297,38.65,95,92,202675
1.7546,0.2346,38.49,95,92,202678
1.7155,0.2297,38.58,95,92,202681
1.7204,0.2248,38.62,95,92,202685
1.7595,0.2395,38.49,95,92,202688
1.7449,0.2297,38.62,95,92,202691
1.8084,0.2346,38.55,95,92,202694
1.7693,0.2248,38.96,95,92,202698
1.7840,0.2297,38.62,95,92,202701
1.8182,0.2346,38.52,95,92,202704
1.8182,0.2297,38.58,95,92,202708
1.8622,0.2346,38.43,95,92,202712
1.8377,0.2297,38.62,95,92,202715
1.8426,0.2199,38.65,95,92,202719
1.8573,0.2346,38.55,95,92,202722
1.8231,0.2297,38.62,95,92,202725
1.8622,0.2346,38.36,95,92,202729
1.7937,0.2248,38.55,95,92,202732
1.7889,0.2346,38.68,95,92,202735
1.7986,0.2346,38.58,95,92,202738
1.7889,0.2297,38.62,95,92,202742
1.8768,0.2444,38.36,95,92,202745
1.7937,0.2297,38.52,95,92,202748
1.7791,0.2248,38.58,95,92,202753
1.7791,0.2297,38.68,95,92,202756
1.7644,0.2297,38.65,95,92,202759
1.8182,0.2346,38.43,95,92,202763
1.7644,0.2346,38.62,95,92,202766
1.7498,0.2297,38.52,95,92,202769
1.7302,0.2297,38.62,95,92,202773
1.7253,0.2297,38.55,95,92,202776
1.7400,0.2395,38.49,95,92,202779
1.7204,0.2297,38.62,95,92,202782
1.7302,0.2297,38.55,95,92,202786
1.7009,0.2199,38.62,95,92,202789
1.7058,0.2248,38.68,95,92,202792
1.7155,0.2297,38.55,95,92,202797
1.7107,0.2297,38.62,95,92,202800
1.7351,0.2297,38.46,95,92,202803
1.7107,0.2297,38.62,95,92,202807
1.7107,0.2297,38.65,95,92,202810
1.7253,0.2395,38.49,95,92,202813
1.7009,0.2297,38.71,95,92,202817
1.7302,0.2346,38.40,95,92,202820
1.7155,0.2346,38.52,95,92,202823
1.7155,0.2248,38.62,95,92,202826
1.7400,0.2395,38.52,95,92,202830
1.7253,0.2297,38.65,95,92,202833
1.7791,0.2395,38.46,95,92,202836
1.7449,0.2346,38.52,95,92,202841
1.7498,0.2297,38.65,95,92,202844
1.7595,0.2493,38.62,95,92,202847
1.7546,0.2102,38.62,95,92,202851
1.8133,0.2493,38.40,95,92,202854
1.7742,0.2395,38.58,95,92,202857
1.7742,0.2248,38.58,95,92,202861
1.7644,0.2297,38.84,95,92,202864
1.7644,0.2297,38.65,95,92,202867
1.7986,0.2395,38.49,95,92,202870
1.7791,0.2346,38.58,95,92,202874
1.7986,0.2297,38.52,95,92,202877
1.7937,0.2639,38.62,95,92,202881
1.7986,0.2297,38.65,95,92,202885
1.8377,0.2395,37.80,95,92,202888
1.8133,0.2346,38.58,95,92,202891
1.8328,0.2297,38.52,95,92,202895
1.8084,0.2248,38.62,95,92,202898
1.8133,0.2199,38.62,95,92,202901
1.8328,0.2346,38.52,95,92,202905
1.8231,0.2395,38.65,95,92,202908
1.8573,0.2346,38.46,95,92,202911
1.8377,0.2297,38.58,95,92,202914
1.8719,0.2297,38.65,95,92,202918
1.8768,0.2395,38.55,95,92,202921
1.8768,0.2297,38.58,95,92,202925
1.9550,0.2346,38.40,95,92,202929
1.8915,0.2248,38.58,95,92,202932
1.8915,0.2297,38.62,95,92,202935
1.8866,0.2346,38.62,95,92,202939
1.8573,0.2590,38.62,95,92,202942
1.8915,0.2444,38.33,95,92,202945
1.8328,0.2297,38.55,95,92,202949
1.7986,0.2248,38.58,95,92,202952
1.7840,0.2297,38.46,95,92,202955
1.7644,0.2297,38.62,95,92,202958
1.7937,0.2297,38.43,95,92,202962
1.7498,0.2590,38.55,95,92,202966
1.7302,0.2346,38.55,95,92,202969
1.7107,0.2346,38.62,95,92,202973
1.7009,0.2297,38.62,95,92,202976
1.7204,0.2346,38.49,95,92,202979
1.6960,0.2297,38.52,95,92,202983
1.7107,0.2444,38.55,95,92,202986
1.6813,0.2297,38.65,95,92,202989
1.6813,0.2297,38.65,95,92,202993
1.6911,0.2346,38.55,95,92,202996
1.6911,0.2297,38.71,95,92,202999
1.7155,0.2542,38.52,95,92,203002
1.6911,0.2297,38.74,95,92,203006
1.6960,0.2395,38.62,95,92,203010
1.7204,0.2346,38.52,95,92,203013
1.7107,0.2395,38.62,95,92,203017
1.7449,0.2346,38.40,95,92,203020
1.7302,0.2297,38.55,95,92,203023
1.7302,0.2297,38.62,95,92,203027
1.7644,0.2346,38.62,95,92,203030
1.7791,0.2297,38.65,95,92,203033
1.8915,0.2395,38.43,95,92,203037
1.8964,0.2297,38.58,95,92,203040
1.9697,0.2297,38.58,95,92,203043
2.0968,0.2297,38.62,95,92,203047
2.2532,0.2297,38.52,95,92,203051
2.5269,0.2444,38.40,95,92,203054
2.7175,0.2346,38.58,95,92,203057
2.9472,0.2248,38.55,95,92,203061
3.1476,0.2395,38.68,95,92,203064
3.2307,0.2395,38.49,95,92,203067
3.2063,0.2444,38.52,95,92,203071
2.9423,0.2297,38.62,95,92,203074
2.6393,0.2297,38.49,95,92,203077
2.2972,0.2297,38.62,95,92,203081
2.0283,0.2297,38.62,95,92,203084
1.8377,0.2395,38.49,95,92,203087
1.6373,0.2297,38.65,95,92,203091
1.5347,0.2346,38.52,95,92,203095
1.4370,0.2248,38.58,95,92,203098
1.3783,0.2248,38.62,95,92,203101
1.3636,0.2346,38.52,95,92,203105
1.3490,0.2297,38.62,95,92,203108
1.3636,0.2297,38.52,95,92,203111
1.3783,0.2199,38.58,95,92,203115
1.3978,0.2297,38.62,95,92,203118
1.4321,0.2395,38.49,95,92,203121
1.4321,0.2199,38.62,95,92,203125
1.4809,0.2395,38.43,95,92,203128
1.4858,0.2199,38.58,95,92,203131
1.4956,0.2297,38.68,95,92,203136
1.5200,0.2590,38.62,95,92,203139
1.5885,0.2297,38.65,95,92,203144
1.6080,0.2297,38.65,95,92,203147
1.6520,0.2395,38.43,95,92,203150
1.6422,0.2297,38.62,95,92,203153
1.6618,0.2346,38.52,95,92,203157
1.6471,0.2297,38.74,95,92,203160
1.6471,0.2199,38.62,95,92,203163
1.6716,0.2395,38.55,95,92,203167
1.6618,0.2346,38.62,95,92,203170
1.6960,0.2346,38.52,95,92,203173
1.6716,0.2248,38.62,95,92,203177
1.6716,0.2248,38.68,95,92,203181
1.6911,0.2297,38.55,95,92,203184
1.6813,0.2297,38.68,95,92,203188
1.7155,0.2297,38.43,95,92,203191
1.6862,0.2297,38.68,95,92,203194
1.6911,0.2297,38.65,95,92,203197
1.7009,0.2395,38.74,95,92,203201
1.7058,0.2346,38.62,95,92,203204
1.7204,0.2395,38.36,95,92,203207
1.6960,0.2346,38.55,95,92,203211
1.7107,0.2199,38.62,95,92,203214
1.6960,0.2346,38.62,95,92,203217
1.6813,0.2248,38.68,95,92,203222
1.7400,0.2493,38.36,95,92,203225
1.7107,0.2297,38.52,95,92,203228
1.7058,0.2248,38.58,95,92,203232
1.7107,0.2297,38.62,95,92,203235
1.7058,0.2297,38.84,95,92,203238
1.7498,0.2346,38.49,95,92,203241
1.7253,0.2297,38.62,95,92,203245
1.7302,0.2297,38.52,95,92,203248
1.7155,0.2297,38.62,95,92,203251
1.7253,0.2297,38.62,95,92,203255
1.7742,0.2395,38.58,95,92,203258
1.7302,0.2297,38.62,95,92,203261
1.7498,0.2346,38.46,95,92,203266
1.7302,0.2346,38.62,95,92,203269
1.7351,0.2297,37.87,95,92,203272
1.7644,0.2395,38.52,95,92,203276
1.7351,0.2297,38.58,95,92,203279
1.7644,0.2346,38.46,95,92,203282
1.7449,0.2297,38.55,95,92,203286
1.7400,0.2297,38.62,95,92,203289
1.7644,0.2395,38.52,95,92,203292
1.7498,0.2297,38.65,95,92,203295
1.7937,0.2346,38.40,95,92,203299
1.7742,0.2297,38.65,95,92,203302
1.7840,0.2297,38.65,95,92,203305
1.8426,0.2346,38.58,95,92,203310
1.8035,0.2297,38.65,95,92,203313
1.8622,0.2444,38.30,95,92,203316
1.8280,0.2297,38.55,95,92,203320
1.8328,0.2248,38.68,95,92,203323
1.8377,0.2346,38.62,95,92,203326
1.8328,0.2297,38.65,95,92,203330
1.8866,0.2493,38.43,95,92,203333
1.8573,0.2297,38.58,95,92,203336
1.8524,0.2248,38.55,95,92,203339
1.8426,0.2346,38.62,95,92,203343
1.8475,0.2297,38.65,95,92,203346
1.8915,0.2395,38.46,95,92,203350
1.8719,0.2297,38.58,95,92,203354
1.8915,0.2297,38.08,95,92,203357
1.8671,0.2297,38.62,95,92,203360
1.8719,0.2297,38.65,95,92,203364
1.8964,0.2444,38.58,95,92,203367
1.8768,0.2346,38.65,95,92,203370
1.9062,0.2297,38.52,95,92,203373
1.8719,0.2297,38.58,95,92,203377
1.8671,0.2102,38.65,95,92,203380
1.8719,0.2297,38.55,95,92,203383
1.8524,0.2297,38.68,95,92,203387
1.8768,0.2346,38.46,95,92,203390
1.8328,0.2297,38.65,95,92,203394
1.8231,0.2199,38.68,95,92,203398
1.8328,0.2395,38.58,95,92,203401
1.8182,0.2297,38.65,95,92,203404
1.8671,0.2395,38.36,95,92,203408
1.8426,0.2444,38.52,95,92,203411
1.8377,0.2297,38.65,95,92,203414
1.8426,0.2346,38.62,95,92,203418
1.8328,0.2297,38.62,95,92,203421
1.8817,0.2493,38.43,95,92,203424
1.8377,0.2346,38.52,95,92,203427
1.8231,0.2248,38.58,95,92,203431
1.8231,0.2346,38.62,95,92,203435
1.8182,0.2297,38.62,95,92,203438
1.8573,0.2395,38.46,95,92,203442
1.8280,0.2346,38.58,95,92,203445
1.8280,0.2297,38.52,95,92,203448
1.8084,0.2346,38.62,95,92,203452
1.8084,0.2297,38.68,95,92,203455
1.8280,0.2297,37.93,95,92,203458
1.8084,0.2346,38.58,95,92,203462
1.8328,0.2346,38.46,95,92,203465
1.8133,0.2297,38.62,95,92,203468
1.8182,0.2199,38.62,95,92,203471
1.8475,0.2395,38.58,95,92,203475
1.8231,0.2346,38.62,95,92,203479
1.8426,0.2297,38.49,95,92,203482
1.8231,0.2297,38.55,95,92,203486
1.8182,0.2297,38.68,95,92,203489
1.8524,0.2395,38.52,95,92,203492
1.8328,0.2297,38.65,95,92,203496
1.8768,0.2346,38.43,95,92,203499
1.8475,0.2395,38.58,95,92,203502
1.8475,0.2297,38.62,95,92,203506
1.8622,0.2297,38.71,95,92,203509
1.8524,0.2297,38.65,95,92,203512
1.9013,0.2297,38.33,95,92,203515
1.8671,0.2346,38.55,95,92,203520
1.8671,0.2248,38.68,95,92,203523
1.8768,0.2688,38.62,95,92,203526
1.8768,0.2297,38.65,95,92,203530
1.9355,0.2444,38.49,95,92,203533
1.9062,0.2444,38.62,95,92,203536
1.9062,0.2297,38.52,95,92,203540
1.9062,0.2346,38.62,95,92,203543
1.9110,0.2297,38.71,95,92,203546
1.9599,0.2248,38.49,95,92,203550
1.9550,0.2297,38.62,95,92,203553
1.9844,0.2346,38.49,95,92,203556
1.9648,0.2248,38.62,95,92,203560
1.9599,0.2297,38.65,95,92,203564
1.9746,0.2395,38.52,95,92,203567
1.9355,0.2297,38.62,95,92,203570
1.9404,0.2297,38.49,95,92,203574
1.8817,0.2297,38.62,95,92,203577
1.8573,0.2297,38.65,95,92,203580
1.8475,0.2346,38.46,95,92,203584
1.8231,0.2248,38.62,95,92,203587
1.8426,0.2346,38.43,95,92,203590
1.8035,0.2297,38.68,95,92,203594
1.7937,0.2297,38.65,95,92,203597
1.7937,0.2346,38.55,95,92,203600
1.7791,0.2297,38.65,95,92,203604
1.8084,0.2395,38.36,95,92,203608
1.7742,0.2346,38.52,95,92,203611
1.7498,0.2297,38.71,95,92,203614
1.7498,0.2346,38.65,95,92,203618
1.7400,0.2297,38.68,95,92,203621
1.7889,0.2297,38.43,95,92,203624
1.7546,0.2542,38.68,95,92,203628
1.7449,0.2199,38.55,95,92,203631
1.7449,0.2297,38.62,95,92,203634
1.7449,0.2297,38.62,95,92,203638
1.7889,0.2395,38.46,95,92,203641
1.7595,0.2297,38.55,95,92,203644
1.7840,0.2346,38.49,95,92,203649
1.7595,0.2297,38.62,95,92,203652
1.7742,0.2688,38.68,95,92,203655
1.8231,0.2346,38.55,95,92,203658
1.8328,0.2297,38.62,95,92,203662
1.8964,0.2395,38.55,95,92,203665
1.9355,0.2297,38.87,95,92,203668
2.0186,0.2248,38.68,95,92,203672
2.1652,0.2395,38.52,95,92,203675
2.2874,0.2444,38.62,95,92,203678
2.5464,0.2346,38.43,95,92,203682
2.7126,0.2297,38.49,95,92,203685
2.9326,0.2151,38.68,95,92,203688
3.1672,0.2395,38.46,95,92,203693
3.2356,0.2346,38.68,95,92,203696
3.2160,0.2395,38.36,95,92,203699
2.9277,0.2297,38.58,95,92,203703
2.6149,0.2199,38.65,95,92,203706
2.3363,0.2297,38.62,95,92,203709
2.0674,0.2297,38.62,95,92,203712
1.9062,0.2395,38.36,95,92,203716
1.6960,0.2297,38.49,95,92,203719
1.5591,0.2248,38.58,95,92,203722
1.4761,0.2297,38.58,95,92,203726
1.4516,0.2199,38.62,95,92,203729
1.4321,0.2444,38.55,95,92,203732
1.3881,0.2590,38.62,95,92,203737
1.3930,0.2346,38.52,95,92,203740
1.3881,0.2542,38.62,95,92,203743
1.4076,0.2199,38.68,95,92,203747
1.4565,0.2297,38.46,95,92,203750
1.5103,0.2346,38.55,95,92,203755
1.5103,0.2297,38.65,95,92,203758
1.5543,0.2346,38.40,95,92,203761
1.5396,0.2297,38.55,95,92,203764
1.5543,0.2297,38.62,95,92,203768
1.5934,0.2346,38.55,95,92,203771
1.5836,0.2297,38.58,95,92,203774
1.6276,0.2493,38.40,95,92,203779
1.5934,0.2297,38.84,95,92,203782
1.6031,0.2199,38.65,95,92,203785
1.6129,0.2297,38.74,95,92,203789
1.6129,0.2346,38.62,95,92,203792
1.6569,0.2493,38.40,95,92,203795
1.6373,0.2297,38.55,95,92,203799
1.6373,0.2199,38.62,95,92,203802
1.6422,0.2297,38.58,95,92,203805
1.6422,0.2297,38.62,95,92,203809
1.6764,0.2395,38.46,95,92,203812
1.6716,0.2297,38.55,95,92,203815
1.6764,0.2297,38.49,95,92,203819
1.6618,0.2297,38.84,95,92,203823
1.6667,0.2199,38.68,95,92,203826
1.6960,0.2395,38.49,95,92,203829
1.6764,0.2297,38.62,95,92,203833
1.7009,0.2346,38.52,95,92,203836
1.6764,0.2346,38.65,95,92,203839
1.6813,0.2297,38.65,95,92,203843
1.6960,0.2297,38.55,95,92,203846
1.6862,0.2297,38.68,95,92,203849
1.7107,0.2590,38.55,95,92,203853
1.6960,0.2346,38.62,95,92,203856
1.7058,0.2297,38.68,95,92,203859
1.7253,0.2346,38.55,95,92,203863
1.7107,0.2297,38.68,95,92,203867
1.7498,0.2395,38.36,95,92,203870
1.7351,0.2297,38.52,95,92,203873
1.7253,0.2248,38.58,95,92,203877
1.7400,0.2297,38.55,95,92,203880
1.7302,0.2297,38.65,95,92,203883
1.7791,0.2395,38.36,95,92,203887
1.7498,0.2297,38.43,95,92,203890
1.7449,0.2248,38.62,95,92,203893
1.7595,0.2297,38.62,95,92,203897
1.7546,0.2346,38.68,95,92,203900
1.8084,0.2493,38.43,95,92,203904
1.7791,0.2346,38.58,95,92,203907
1.7791,0.2297,38.52,95,92,203911
1.7742,0.2346,38.62,95,92,203914
1.7791,0.2297,38.71,95,92,203917
1.8084,0.2395,38.55,95,92,203921
1.7986,0.2346,38.62,95,92,203924
1.8035,0.2297,38.49,95,92,203927
1.7791,0.2346,38.62,95,92,203931
1.7937,0.2297,38.62,95,92,203934
1.8328,0.2395,38.49,95,92,203937
1.8182,0.2297,38.62,95,92,203941
1.8573,0.2297,37.83,95,92,203944
1.8328,0.2297,38.55,95,92,203948
1.8475,0.2297,38.65,95,92,203951
1.8671,0.2346,38.52,95,92,203955
1.8475,0.2297,38.62,95,92,203958
1.8964,0.2346,38.43,95,92,203961
1.8964,0.2346,38.55,95,92,203965
1.9110,0.2297,38.62,95,92,203968
1.9013,0.2297,38.55,95,92,203971
1.8768,0.2297,38.65,95,92,203975
1.9159,0.2395,38.36,95,92,203978
1.8768,0.2346,38.58,95,92,203981
1.8866,0.2297,38.68,95,92,203985
1.8866,0.2297,38.58,95,92,203988
1.8866,0.2199,38.62,95,92,203992
1.9306,0.2493,38.40,95,92,203995
1.8964,0.2395,38.52,95,92,203999
1.8817,0.2102,38.58,95,92,204002
1.8719,0.2346,38.58,95,92,204005
1.8964,0.2102,38.62,95,92,204009
1.9062,0.2395,38.55,95,92,204012
1.8719,0.2346,38.62,95,92,204015
1.8915,0.2297,38.49,95,92,204019
1.8719,0.2297,38.62,95,92,204022
1.8817,0.2297,38.62,95,92,204025
1.9062,0.2395,38.46,95,92,204029
1.8768,0.2395,38.62,95,92,204033
1.8915,0.2395,38.52,95,92,204036
1.8671,0.2297,38.65,95,92,204039
1.8719,0.2199,38.65,95,92,204043
1.8768,0.2297,38.58,95,92,204046
1.8573,0.2346,38.58,95,92,204049
1.8915,0.2346,38.46,95,92,204053
1.8426,0.2297,38.62,95,92,204056
1.8426,0.2297,38.62,95,92,204059
1.8622,0.2444,38.52,95,92,204063
1.8328,0.2248,38.71,95,92,204066
1.8768,0.2346,38.40,95,92,204069
1.8475,0.2346,38.52,95,92,204073
1.8328,0.2297,38.65,95,92,204077
1.8524,0.2346,38.58,95,92,204080
1.8426,0.2542,38.62,95,92,204084
1.9013,0.2395,38.36,95,92,204087
1.8524,0.2297,38.49,95,92,204090
1.8377,0.2346,38.58,95,92,204093
1.8377,0.2346,38.62,95,92,204097
1.8280,0.2297,38.65,95,92,204100
1.9062,0.2395,38.40,95,92,204103
1.8377,0.2346,38.71,95,92,204107
1.8377,0.2444,38.52,95,92,204110
1.8231,0.2346,38.62,95,92,204113
1.8231,0.2297,38.62,95,92,204118
1.8426,0.2297,38.55,95,92,204121
1.8231,0.2297,38.65,95,92,204124
1.8426,0.2346,38.49,95,92,204128
1.8280,0.2297,38.68,95,92,204131
1.8328,0.2297,38.65,95,92,204134
1.8622,0.2395,38.46,95,92,204137
1.8280,0.2297,38.62,95,92,204141
1.8768,0.2346,38.49,95,92,204144
1.8377,0.2297,38.43,95,92,204147
1.8524,0.2297,38.62,95,92,204151
1.8817,0.2346,38.49,95,92,204154
1.8671,0.2297,38.62,95,92,204157
1.9062,0.2346,38.40,95,92,204162
1.8817,0.2297,38.65,95,92,204165
1.8768,0.2297,38.62,95,92,204168
1.9013,0.2346,38.58,95,92,204172
1.9013,0.2297,38.71,95,92,204175
1.9746,0.2346,38.43,95,92,204178
1.9355,0.2297,38.55,95,92,204181
1.9257,0.2395,38.65,95,92,204185
1.9159,0.2346,38.62,95,92,204188
1.8964,0.2297,38.65,95,92,204191
1.9501,0.2493,38.52,95,92,204195
1.8964,0.2346,38.62,95,92,204198
1.8573,0.2590,38.55,95,92,204201
1.8231,0.2297,38.49,95,92,204206
1.7986,0.2639,38.62,95,92,204209
1.8280,0.2395,38.46,95,92,204212
1.7937,0.2346,38.58,95,92,204216
1.8035,0.2346,38.49,95,92,204219
1.7840,0.2297,38.68,95,92,204222
1.7693,0.2297,38.58,95,92,204225
1.7742,0.2395,38.52,95,92,204229
1.7351,0.2346,38.71,95,92,204232
1.7400,0.2395,38.52,95,92,204235
1.7009,0.2297,38.62,95,92,204239
1.6960,0.2297,38.46,95,92,204242
1.7253,0.2346,38.49,95,92,204246
1.7009,0.2297,38.62,95,92,204250
1.7253,0.2297,38.40,95,92,204253
1.7058,0.2297,38.62,95,92,204256
1.7155,0.2542,38.71,95,92,204260
1.7498,0.2395,38.55,95,92,204263
1.7449,0.2297,38.71,95,92,204266
1.7937,0.2639,38.36,95,92,204269
1.7840,0.2346,38.58,95,92,204273
1.7644,0.2297,38.52,95,92,204276
1.7742,0.2346,38.58,95,92,204279
1.7595,0.2297,38.68,95,92,204283
1.8328,0.2395,38.33,95,92,204286
1.8328,0.2346,38.49,95,92,204290
1.8622,0.2248,38.65,95,92,204294
1.9110,0.2248,38.68,95,92,204297
1.9892,0.2297,38.65,95,92,204300
2.1750,0.2493,38.55,95,92,204304
2.3118,0.2346,38.58,95,92,204307
2.5415,0.2297,38.52,95,92,204310
2.7713,0.2297,38.65,95,92,204313
3.0108,0.2102,38.62,95,92,204317
3.2209,0.2395,38.55,95,92,204320
3.2307,0.2297,38.68,95,92,204323
3.1672,0.2346,38.49,95,92,204327
2.8348,0.2297,38.65,95,92,204331
2.5367,0.2199,38.58,95,92,204334
2.2776,0.2395,38.46,95,92,204338
1.9990,0.2395,38.68,95,92,204341
1.8182,0.2346,38.49,95,92,204344
1.6373,0.2297,38.58,95,92,204348
1.5298,0.2297,38.62,95,92,204351
1.4712,0.2346,38.62,95,92,204354
1.4125,0.2248,38.62,95,92,204357
1.4125,0.2346,38.40,95,92,204361
1.4663,0.2444,38.36,95,92,204365
1.4418,0.2297,38.58,95,92,204369
1.4516,0.2542,38.58,95,92,204372
1.4712,0.2346,38.65,95,92,204376
1.5005,0.2248,38.65,95,92,204380
1.5445,0.2444,38.49,95,92,204383
1.5298,0.2297,38.71,95,92,204386
1.5445,0.2297,38.49,95,92,204390
1.5445,0.2297,38.65,95,92,204393
1.5591,0.2444,38.68,95,92,204396
1.5982,0.2297,38.46,95,92,204400
1.5836,0.2248,38.58,95,92,204403
1.6178,0.2346,38.49,95,92,204406
1.5982,0.2297,38.62,95,92,204410
1.6178,0.2297,38.65,95,92,204413
1.6471,0.2346,38.49,95,92,204417
1.6227,0.2297,38.62,95,92,204420
1.6373,0.2590,38.49,95,92,204424
1.6471,0.2346,38.62,95,92,204427
1.6276,0.2297,38.68,95,92,204430
1.6520,0.2346,38.52,95,92,204434
1.6373,0.2346,38.65,95,92,204437
1.6716,0.2346,38.43,95,92,204440
1.6471,0.2199,38.62,95,92,204444
1.6618,0.2297,38.62,95,92,204447
1.6862,0.2590,38.58,95,92,204450
1.7009,0.2297,38.62,95,92,204453
1.7107,0.2395,38.36,95,92,204457
1.6862,0.2346,38.58,95,92,204461
1.6813,0.2199,38.65,95,92,204464
1.6862,0.2346,38.43,95,92,204468
1.6911,0.2346,38.65,95,92,204471
1.7498,0.2493,38.40,95,92,204474
1.7107,0.2639,38.55,95,92,204478
1.7009,0.2248,38.55,95,92,204481
1.6911,0.2297,38.68,95,92,204484
1.7009,0.2493,38.68,95,92,204488
1.7498,0.2395,38.49,95,92,204491
1.7302,0.2346,38.58,95,92,204494
1.7400,0.2786,38.49,95,92,204497
1.7302,0.2297,38.62,95,92,204502
1.7498,0.2297,38.58,95,92,204505
1.7840,0.2395,38.58,95,92,204508
1.7791,0.2346,38.58,95,92,204512
1.8084,0.2346,38.49,95,92,204515
1.7791,0.2199,38.65,95,92,204518
1.7840,0.2297,38.62,95,92,204522
1.8084,0.2395,38.52,95,92,204525
1.7840,0.2199,38.62,95,92,204528
1.8035,0.2297,38.49,95,92,204532
1.7889,0.2297,38.52,95,92,204535
1.7986,0.2346,38.65,95,92,204538
1.8280,0.2395,38.46,95,92,204541
1.8035,0.2297,38.62,95,92,204546
1.8377,0.2346,38.40,95,92,204549
1.8035,0.2297,38.55,95,92,204552
1.8035,0.2297,38.68,95,92,204556
1.8328,0.2346,38.58,95,92,204559
1.8280,0.2297,38.65,95,92,204562
1.8915,0.2444,38.33,95,92,204566
1.8622,0.2346,38.52,95,92,204569
1.8671,0.2248,38.65,95,92,204572
1.8719,0.2346,38.62,95,92,204576
1.8671,0.2297,38.68,95,92,204579
1.9306,0.2493,38.46,95,92,204582
1.8964,0.2395,38.58,95,92,204585
1.9062,0.2297,38.55,95,92,204590
1.9208,0.2297,38.62,95,92,204593
1.9355,0.2248,38.68,95,92,204596
1.9795,0.2395,38.46,95,92,204600
1.9501,0.2248,38.55,95,92,204603
1.9697,0.2395,38.49,95,92,204606
1.9306,0.2297,38.65,95,92,204610
1.9208,0.2297,38.62,95,92,204613
1.9404,0.2297,38.52,95,92,204616
1.9110,0.2297,38.62,95,92,204620
1.9355,0.2395,38.52,95,92,204623
1.9062,0.2297,38.62,95,92,204626
1.9062,0.2297,38.74,95,92,204630
1.9208,0.2346,38.52,95,92,204634
1.9062,0.2297,38.65,95,92,204637
1.9257,0.2346,38.49,95,92,204640
1.8964,0.2297,38.62,95,92,204644
1.8964,0.2297,38.62,95,92,204647
1.9159,0.2493,38.55,95,92,204650
1.8866,0.2297,38.68,95,92,204654
1.9062,0.2590,38.36,95,92,204657
1.8671,0.2346,38.52,95,92,204660
1.8377,0.2297,38.62,95,92,204664
1.8671,0.2346,38.58,95,92,204667
1.8328,0.2297,38.62,95,92,204670
1.8768,0.2835,38.40,95,92,204674
1.8524,0.2346,38.55,95,92,204678
1.8426,0.2248,38.58,95,92,204681
1.8426,0.2248,38.68,95,92,204684
1.8426,0.2297,38.65,95,92,204688
1.8866,0.2395,38.49,95,92,204691
1.8671,0.2346,38.58,95,92,204694
1.8866,0.2297,38.62,95,92,204698
1.8671,0.2346,38.68,95,92,204701
1.8622,0.2346,38.58,95,92,204704
1.8719,0.2395,38.55,95,92,204708
1.8573,0.2346,38.62,95,92,204711
1.8768,0.2297,38.55,95,92,204715
1.8377,0.2297,38.65,95,92,204718
1.8328,0.2297,38.74,95,92,204722
1.8622,0.2395,38.52,95,92,204725
1.8426,0.2297,38.62,95,92,204728
1.8915,0.2346,38.46,95,92,204732
1.8768,0.2346,38.55,95,92,204735
1.8622,0.2297,38.65,95,92,204738
1.8719,0.2346,38.55,95,92,204742
1.8671,0.2297,38.65,95,92,204745
1.9062,0.2346,38.40,95,92,204748
1.8671,0.2346,38.58,95,92,204752
1.8475,0.2297,38.62,95,92,204755
1.8524,0.2444,38.55,95,92,204759
1.8475,0.2297,38.65,95,92,204762
1.9159,0.2395,38.33,95,92,204766
1.8866,0.2346,38.52,95,92,204769
1.8622,0.2248,38.62,95,92,204772
1.8524,0.2590,38.58,95,92,204776
1.8426,0.2297,38.62,95,92,204779
1.9208,0.2493,38.43,95,92,204782
1.9257,0.2346,38.58,95,92,204786
1.8817,0.2297,38.55,95,92,204789
1.8964,0.2444,38.65,95,92,204792
1.9062,0.2297,38.62,95,92,204796
1.9697,0.2395,38.46,95,92,204800
1.9550,0.2346,38.68,95,92,204803
1.9844,0.2297,38.52,95,92,204806
1.9795,0.2297,37.96,95,92,204810
1.9941,0.2737,38.68,95,92,204813
2.0137,0.2395,38.58,95,92,204816
1.9746,0.2297,38.71,95,92,204820
1.9648,0.2444,38.52,95,92,204823
1.8866,0.2297,38.62,95,92,204826
1.8475,0.2297,38.65,95,92,204830
1.8671,0.2346,38.52,95,92,204833
1.8084,0.2297,38.62,95,92,204836
1.8524,0.2346,38.46,95,92,204839
1.8475,0.2297,38.65,95,92,204844
1.8719,0.2297,38.74,95,92,204847
1.8671,0.2444,38.55,95,92,204850
1.8084,0.2297,38.77,95,92,204854
1.8182,0.2395,38.40,95,92,204857
1.7986,0.2346,38.52,95,92,204860
1.7449,0.2297,38.71,95,92,204864
1.7791,0.2444,38.58,95,92,204867
1.7693,0.2297,38.62,95,92,204870
1.8231,0.2444,38.33,95,92,204874
1.7791,0.2346,38.49,95,92,204877
1.7693,0.2248,38.58,95,92,204880
1.7791,0.2248,38.62,95,92,204884
1.7840,0.2102,38.65,95,92,204888
1.8377,0.2444,38.46,95,92,204891
1.7840,0.2346,38.68,95,92,204894
1.7791,0.2346,38.55,95,92,204898
1.7498,0.2297,38.62,95,92,204901
1.7546,0.2248,38.65,95,92,204904
1.7986,0.2395,38.52,95,92,204908
1.8035,0.2297,38.55,95,92,204911
1.8573,0.2346,38.49,95,92,204914
1.8768,0.2248,38.71,95,92,204918
1.9501,0.2346,38.62,95,92,204921
2.1017,0.2395,38.52,95,92,204924
2.2336,0.2297,38.62,95,92,204929
2.4731,0.2346,38.49,95,92,204932
2.6931,0.2297,38.65,95,92,204935
2.9619,0.2297,38.68,95,92,204938
3.2258,0.2346,38.58,95,92,204942
3.3236,0.2297,38.65,95,92,204945
3.3382,0.2346,38.43,95,92,204948
3.0792,0.2297,38.90,95,92,204952
2.7370,0.2297,38.71,95,92,204955
2.4242,0.2835,38.58,95,92,204958
2.1212,0.2297,38.65,95,92,204962
1.9257,0.2395,38.36,95,92,204965
1.7009,0.2102,38.55,95,92,204968
1.5445,0.2297,38.65,95,92,204972
1.4418,0.2297,38.49,95,92,204976
1.3490,0.2297,38.65,95,92,204980
1.3783,0.2346,38.62,95,92,204984
1.4418,0.2395,38.46,95,92,204987
1.4663,0.2297,38.58,95,92,204990
1.5103,0.2346,38.49,95,92,204994
1.5200,0.2297,38.68,95,92,204997
1.5396,0.2297,38.71,95,92,205000
1.5885,0.2444,38.52,95,92,205004
1.5640,0.2297,38.62,95,92,205007
1.6031,0.2346,38.46,95,92,205010
1.5885,0.2297,38.68,95,92,205015
1.5934,0.2297,38.65,95,92,205018
1.6031,0.2346,38.62,95,92,205021
1.6031,0.2297,38.65,95,92,205024
1.6520,0.2346,38.46,95,92,205028
1.6373,0.2297,38.62,95,92,205031
1.6618,0.2248,38.65,95,92,205034
1.6520,0.2395,38.62,95,92,205038
1.6276,0.2346,38.68,95,92,205041
1.6618,0.2297,38.36,95,92,205044
1.6471,0.2346,38.52,95,92,205048
1.6471,0.2346,38.74,95,92,205051
1.6667,0.2346,38.65,95,92,205054
1.6716,0.2297,38.62,95,92,205058
1.7253,0.2395,38.36,95,92,205062
1.6960,0.2346,38.52,95,92,205065
1.6813,0.2297,38.55,95,92,205068
1.6911,0.2346,38.62,95,92,205072
1.6911,0.2297,38.71,95,92,205075
1.7351,0.2444,38.46,95,92,205078
1.7107,0.2346,37.83,95,92,205082
1.7204,0.2297,38.49,95,92,205085
1.7107,0.2297,38.65,95,92,205088
1.7009,0.2297,38.65,95,92,205092
1.7546,0.2395,38.55,95,92,205095
1.7058,0.2297,38.62,95,92,205099
1.7253,0.2297,38.49,95,92,205102
1.7009,0.2297,38.62,95,92,205106
1.6862,0.2346,38.62,95,92,205109
1.7204,0.2395,38.49,95,92,205112
1.6960,0.2346,38.62,95,92,205116
1.7351,0.2297,38.49,95,92,205119
1.7058,0.2297,38.55,95,92,205122
1.7155,0.2199,38.62,95,92,205126
1.7302,0.2346,38.46,95,92,205129
1.7107,0.2199,38.62,95,92,205132
1.7351,0.2297,38.40,95,92,205136
1.7155,0.2297,38.58,95,92,205139
1.7155,0.2248,38.62,95,92,205143
1.7449,0.2297,38.52,95,92,205146
1.7302,0.2297,38.81,95,92,205150
1.7791,0.2444,38.33,95,92,205153
1.7351,0.2297,38.55,95,92,205156
1.7302,0.2346,38.62,95,92,205160
1.7253,0.2346,38.65,95,92,205163
1.7253,0.2639,38.62,95,92,205166
1.7791,0.2493,38.43,95,92,205170
1.7546,0.2346,38.58,95,92,205173
1.7595,0.2346,38.55,95,92,205176
1.7546,0.2297,38.62,95,92,205180
1.7498,0.2346,38.68,95,92,205184
1.7889,0.2395,38.46,95,92,205187
1.7693,0.2835,38.58,95,92,205190
1.7986,0.2346,38.49,95,92,205194
1.7791,0.2297,38.81,95,92,205197
1.7986,0.2248,38.68,95,92,205200
1.8475,0.2395,38.55,95,92,205204
1.8524,0.2297,38.65,95,92,205207
1.8866,0.2444,38.52,95,92,205210
1.8622,0.2102,38.65,95,92,205214
1.8768,0.2297,38.55,95,92,205217
1.8817,0.2395,38.55,95,92,205220
1.8671,0.2346,38.65,95,92,205224
1.8768,0.2297,38.43,95,92,205228
1.8475,0.2346,38.68,95,92,205231
1.8426,0.2297,38.65,95,92,205234
1.8719,0.2444,38.55,95,92,205238
1.8524,0.2297,38.62,95,92,205241
1.8817,0.2346,38.33,95,92,205244
1.8426,0.2346,38.52,95,92,205248
1.8182,0.2297,38.62,95,92,205251
1.8622,0.2346,38.68,95,92,205254
1.8084,0.2297,38.65,95,92,205258
1.8524,0.2395,38.33,95,92,205261
1.8084,0.2346,38.55,95,92,205264
1.7889,0.2199,38.62,95,92,205268
1.7986,0.2297,38.58,95,92,205272
1.7937,0.2297,38.58,95,92,205275
1.8426,0.2395,38.49,95,92,205278
1.7937,0.2346,38.49,95,92,205282
1.7840,0.2248,38.52,95,92,205285
1.7791,0.2346,38.65,95,92,205288
1.7644,0.2297,38.65,95,92,205292
1.8328,0.2395,38.49,95,92,205295
1.7791,0.2297,38.58,95,92,205298
1.7937,0.2297,38.43,95,92,205302
1.7742,0.2297,38.65,95,92,205305
1.7693,0.2297,38.71,95,92,205308
1.7937,0.2346,38.55,95,92,205312
1.7693,0.2297,38.62,95,92,205316
1.7889,0.2346,38.49,95,92,205319
1.7498,0.2199,38.55,95,92,205322
1.7742,0.2297,38.62,95,92,205326
1.8035,0.2395,38.49,95,92,205329
1.7986,0.2297,38.65,95,92,205332
1.8280,0.2346,38.46,95,92,205336
1.7937,0.2346,38.55,95,92,205339
1.7889,0.2297,38.62,95,92,205342
1.7937,0.2395,38.62,95,92,205346
1.7791,0.2346,38.62,95,92,205349
1.8231,0.2395,38.40,95,92,205352
1.7889,0.2346,38.58,95,92,205356
1.8035,0.2102,38.65,95,92,205360
1.8182,0.2346,38.58,95,92,205363
1.8475,0.2102,38.62,95,92,205366
1.8719,0.2493,38.40,95,92,205370
1.8426,0.2639,38.52,95,92,205373
1.8328,0.2248,38.58,95,92,205376
1.8426,0.2346,38.52,95,92,205380
1.8328,0.2395,38.62,95,92,205383
1.8817,0.2395,38.46,95,92,205386
1.8426,0.2297,38.55,95,92,205390
1.8719,0.2346,38.52,95,92,205393
1.8280,0.2297,38.68,95,92,205396
1.8280,0.2297,38.65,95,92,205400
1.8622,0.2395,38.52,95,92,205404
1.8377,0.2297,38.62,95,92,205407
1.8524,0.2297,38.46,95,92,205410
1.8328,0.2346,38.65,95,92,205414
1.8377,0.2297,38.58,95,92,205417
1.8475,0.2346,38.52,95,92,205420
1.8573,0.2346,38.62,95,92,205424
1.8915,0.2297,38.49,95,92,205427
1.8817,0.2297,38.62,95,92,205430
1.8964,0.2297,38.68,95,92,205434
1.9257,0.2395,38.52,95,92,205437
1.9013,0.2297,38.68,95,92,205441
1.9257,0.2395,38.40,95,92,205444
1.9159,0.2346,38.52,95,92,205448
1.8524,0.2297,38.43,95,92,205451
1.8866,0.2346,38.58,95,92,205454
1.8133,0.2297,38.62,95,92,205458
1.8475,0.2542,38.33,95,92,205461
1.8035,0.2346,38.55,95,92,205464
1.7937,0.2248,38.71,95,92,205468
1.7937,0.2346,38.62,95,92,205471
1.7840,0.2297,38.62,95,92,205474
1.8231,0.2493,38.49,95,92,205478
1.7644,0.2346,38.58,95,92,205481
1.7546,0.2248,38.52,95,92,205485
1.7400,0.2346,38.65,95,92,205488
1.7400,0.2297,38.62,95,92,205492
1.7791,0.2395,38.46,95,92,205495
1.7546,0.2346,38.58,95,92,205498
1.7644,0.2346,38.49,95,92,205502
1.7742,0.2297,38.62,95,92,205505
1.7595,0.2297,38.65,95,92,205508
1.7986,0.2444,38.46,95,92,205512
1.7742,0.2346,38.62,95,92,205515
1.7986,0.2395,38.18,95,92,205518
1.7742,0.2297,38.62,95,92,205522
1.7791,0.2297,38.65,95,92,205526
1.7986,0.2346,38.55,95,92,205529
1.8035,0.2297,38.62,95,92,205532
1.8524,0.2297,38.43,95,92,205536
1.8573,0.2590,38.62,95,92,205539
1.9110,0.2346,38.62,95,92,205542
1.9892,0.2395,38.68,95,92,205546
2.0723,0.2297,38.62,95,92,205549
2.2874,0.2346,38.40,95,92,205552
2.3949,0.2248,38.62,95,92,205556
2.6197,0.2297,38.65,95,92,205559
2.8788,0.2346,38.62,95,92,205562
3.0938,0.2297,38.71,95,92,205566
3.3382,0.2346,38.33,95,92,205570
3.2991,0.2297,38.52,95,92,205573
3.1183,0.2248,38.71,95,92,205576
2.8299,0.2297,38.62,95,92,205580
2.4927,0.2297,38.68,95,92,205583
2.2483,0.2444,38.43,94,92,205586
1.4027,0.2395,38.55,94,92,205591
1.3441,0.2346,38.62,94,92,205594
1.3490,0.2395,38.52,94,92,205598
1.3196,0.2297,38.62,94,92,205601
1.3392,0.2297,38.65,94,92,205604
1.3734,0.2346,38.52,94,92,205608
1.3930,0.2297,38.62,94,92,205612
1.4370,0.2346,38.46,94,92,205615
1.4712,0.2297,38.65,94,92,205619
1.4761,0.2297,38.74,94,92,205622
1.5054,0.2444,38.55,94,92,205625
1.5005,0.2297,38.62,94,92,205628
1.5640,0.2395,38.43,94,92,205632
1.5543,0.2590,38.52,94,92,205635
1.5787,0.2199,38.65,94,92,205638
1.5689,0.2346,38.55,94,92,205642
1.5640,0.2297,38.65,94,92,205645
1.6129,0.2444,38.33,94,92,205648
1.5982,0.2297,38.49,94,92,205652
1.6031,0.2248,38.62,94,92,205656
1.6178,0.2346,38.65,94,92,205659
1.6227,0.2297,38.65,94,92,205663
1.7058,0.2493,38.49,94,92,205666
1.6422,0.2346,38.58,94,92,205669
1.6373,0.2297,38.52,94,92,205672
1.6422,0.2395,38.65,94,92,205676
1.6520,0.2297,38.62,94,92,205679
1.6862,0.2444,38.55,94,92,205682
1.6716,0.2297,38.65,94,92,205686
1.6813,0.2346,38.55,94,92,205689
1.6667,0.2297,38.58,94,92,205692
1.6716,0.2297,38.62,94,92,205697
1.7009,0.2444,38.49,94,92,205700
1.6813,0.2297,38.62,94,92,205703
1.7155,0.2297,38.55,94,92,205707
1.6862,0.2297,38.58,94,92,205710
1.6960,0.2297,38.68,94,92,205713
1.7400,0.2346,38.49,94,92,205716
1.6911,0.2297,38.62,94,92,205720
1.7302,0.2346,38.36,94,92,205723
1.7058,0.2346,38.58,94,92,205726
1.7009,0.2297,38.62,94,92,205730
1.7155,0.2395,38.62,94,92,205733
1.7058,0.2199,38.65,94,92,205736
1.7693,0.2346,38.36,94,92,205741
1.7107,0.2297,38.62,94,92,205744
1.7204,0.2297,38.68,94,92,205747
1.7351,0.2297,38.58,94,92,205750
1.7400,0.2297,38.65,94,92,205754
1.7986,0.2395,38.43,94,92,205757
1.7693,0.2346,38.55,94,92,205760
1.7546,0.2248,38.55,94,92,205764
1.7595,0.2346,38.58,94,92,205767
1.7546,0.2297,38.62,94,92,205770
1.7937,0.2395,38.40,94,92,205774
1.7546,0.2346,38.58,94,92,205777
1.7644,0.2297,38.52,94,92,205780
1.7742,0.2346,38.62,94,92,205785
1.7546,0.2297,38.68,94,92,205788
1.7791,0.2688,38.49,94,92,205791
1.7546,0.2346,38.62,94,92,205794
1.7742,0.2297,38.46,94,92,205798
1.7546,0.2248,38.65,94,92,205801
1.7595,0.2297,38.62,94,92,205804
1.7742,0.2297,38.52,94,92,205808
1.7791,0.2346,38.62,94,92,205811
1.8182,0.2297,38.49,94,92,205814
1.8035,0.2297,38.62,94,92,205818
1.8231,0.2297,38.65,94,92,205821
1.8524,0.2395,38.52,94,92,205825
1.8475,0.2297,38.65,94,92,205829
1.8915,0.2346,38.43,94,92,205832
1.8719,0.2346,38.52,94,92,205835
1.8622,0.2297,38.65,94,92,205838
1.8768,0.2444,38.62,94,92,205842
1.8915,0.2346,38.62,94,92,205845
1.9062,0.2346,38.40,94,92,205848
1.8671,0.2346,38.52,94,92,205852
1.8671,0.2248,38.62,94,92,205855
1.8719,0.2297,38.58,94,92,205858
1.8622,0.2444,38.62,94,92,205862
1.9159,0.2297,38.43,94,92,205865
1.8719,0.2346,38.55,94,92,205869
1.8622,0.2297,38.55,94,92,205873
1.8573,0.2297,38.68,94,92,205876
1.8719,0.2346,38.62,94,92,205879
1.8719,0.2395,38.52,94,92,205882
1.8426,0.2346,38.62,94,92,205886
1.8622,0.2346,38.49,94,92,205889
1.8231,0.2297,38.62,94,92,205892
1.8182,0.2297,38.65,94,92,205896
1.8573,0.2395,38.58,94,92,205899
1.8328,0.2346,38.58,94,92,205902
1.8524,0.2297,38.52,94,92,205906
1.8182,0.2639,38.58,94,92,205910
1.8280,0.2297,38.68,94,92,205913
1.8280,0.2346,38.52,94,92,205917
1.8084,0.2395,38.62,94,92,205920
1.8280,0.2346,38.43,94,92,205923
1.8084,0.2297,38.55,94,92,205926
1.8084,0.2346,38.62,94,92,205930
1.8328,0.2395,38.55,94,92,205933
1.8084,0.2297,38.62,94,92,205936
1.8524,0.2346,38.36,94,92,205940
1.8133,0.2248,38.58,94,92,205943
1.8231,0.2297,38.65,94,92,205946
1.8426,0.2639,38.58,94,92,205950
1.8328,0.2297,38.68,94,92,205954
1.8866,0.2444,38.36,94,92,205957
1.8671,0.2346,38.52,94,92,205961
1.8426,0.2248,38.65,94,92,205964
1.8426,0.2346,38.62,94,92,205967
1.8475,0.2297,38.62,94,92,205970
1.9013,0.2395,38.40,94,92,205974
1.8719,0.2346,38.58,94,92,205977
1.8768,0.2297,38.52,94,92,205980
1.8622,0.2297,38.65,94,92,205984
1.8671,0.2297,38.62,94,92,205987
1.8915,0.2395,38.49,94,92,205990
1.8768,0.2346,38.62,94,92,205995
1.8964,0.2297,38.49,94,92,205998
1.8719,0.2297,38.65,94,92,206001
1.8768,0.2297,38.62,94,92,206005
1.8866,0.2297,38.62,94,92,206008
1.9062,0.2395,38.62,94,92,206011
1.8964,0.2297,38.46,94,92,206014
1.8671,0.2248,38.68,94,92,206018
1.8719,0.2297,38.65,94,92,206021
1.8964,0.2346,38.52,94,92,206024
1.8768,0.2297,38.62,94,92,206028
1.9110,0.2346,38.40,94,92,206031
1.8964,0.2688,38.52,94,92,206034
1.9159,0.2102,38.65,94,92,206039
1.9159,0.2395,38.55,94,92,206042
1.9404,0.2346,38.68,94,92,206045
1.9599,0.2395,38.36,94,92,206049
1.9159,0.2542,38.55,94,92,206052
1.9257,0.2297,38.65,94,92,206055
1.9501,0.2297,37.93,94,92,206058
1.9599,0.2786,38.68,94,92,206062
2.0283,0.2493,38.43,94,92,206065
1.9892,0.2346,38.55,94,92,206068
1.9795,0.2297,38.55,94,92,206072
1.9648,0.2297,38.65,94,92,206075
1.9599,0.2297,38.62,94,92,206078
1.9599,0.2395,38.52,94,92,206083
1.9110,0.2688,38.62,94,92,206086
1.9257,0.2346,38.52,94,92,206089
1.8719,0.2297,38.65,94,92,206093
1.9013,0.2297,38.62,94,92,206096
1.9013,0.2395,38.52,94,92,206099
1.8671,0.2395,38.62,94,92,206102
1.8817,0.2395,38.52,94,92,206106
1.8475,0.2248,38.62,94,92,206109
1.8377,0.2199,38.62,94,92,206112
1.8475,0.2346,38.52,94,92,206116
1.8280,0.2346,38.62,94,92,206119
1.8426,0.2346,38.43,94,92,206123
1.8084,0.2346,38.55,94,92,206127
1.8231,0.2297,38.65,94,92,206130
1.8084,0.2395,38.68,94,92,206133
1.7889,0.2297,37.90,94,92,206137
1.8231,0.2493,38.36,94,92,206140
1.7840,0.2297,38.49,94,92,206143
1.7889,0.2297,38.65,94,92,206146
1.8280,0.2395,38.62,94,92,206150
1.7889,0.2297,38.62,94,92,206153
1.8426,0.2444,38.33,94,92,206156
1.8182,0.2297,38.52,94,92,206160
1.8084,0.2248,38.62,94,92,206163
1.8328,0.2346,38.62,94,92,206167
1.8573,0.2297,38.62,94,92,206171
1.9599,0.2395,38.43,94,92,206174
1.9941,0.2297,38.55,94,92,206177
2.0821,0.2297,38.33,94,92,206181
2.1994,0.2346,38.62,94,92,206184
2.3705,0.2102,38.62,94,92,206187
2.6100,0.2395,37.74,94,92,206190
2.8104,0.2297,38.62,94,92,206194
3.0743,0.2346,38.49,94,92,206197
3.1867,0.2297,38.65,95,92,206200
2.1896,0.2297,38.65,95,92,206205
1.9501,0.2297,38.62,95,92,206209
1.7791,0.2395,38.55,95,92,206213
1.6031,0.2297,38.65,95,92,206216
1.5249,0.2346,38.40,95,92,206219
1.4370,0.2297,38.55,95,92,206223
1.3832,0.2297,38.71,95,92,206226
1.3587,0.2346,38.58,95,92,206229
1.3392,0.2297,38.77,95,92,206233
1.3783,0.2395,38.33,95,92,206236
1.3636,0.2346,38.52,95,92,206239
1.3783,0.2248,38.90,95,92,206242
1.4027,0.2444,38.62,95,92,206246
1.4125,0.2102,38.62,95,92,206249
1.4712,0.2493,38.46,95,92,206253
1.4614,0.2346,38.58,95,92,206257
1.4809,0.2297,38.55,95,92,206260
1.4956,0.2297,38.62,95,92,206263
1.5152,0.2297,38.62,95,92,206267
1.5640,0.2444,38.62,95,92,206270
1.5689,0.2346,38.58,95,92,206273
1.5934,0.2297,38.49,95,92,206277
1.5787,0.2395,38.62,95,92,206280
1.5934,0.2297,38.62,95,92,206283
1.6325,0.2395,38.49,95,92,206286
1.6276,0.2346,38.62,95,92,206290
1.6520,0.2297,38.55,95,92,206294
1.6325,0.2248,38.58,95,92,206297
1.6422,0.2102,38.65,95,92,206301
1.6667,0.2346,38.46,95,92,206304
1.6618,0.2395,38.62,95,92,206307
1.6960,0.2346,38.43,95,92,206311
1.6716,0.2297,38.65,95,92,206314
1.6716,0.2248,38.62,95,92,206317
1.6911,0.2346,38.58,95,92,206321
1.6764,0.2297,38.77,95,92,206324
1.7204,0.2395,38.36,95,92,206327
1.6862,0.2297,38.55,95,92,206330
1.7009,0.2297,38.62,95,92,206334
1.7204,0.2346,38.62,95,92,206338
1.7155,0.2297,38.62,95,92,206341
1.7937,0.2493,38.36,95,92,206345
1.7351,0.2297,38.40,95,92,206348
1.7302,0.2493,38.58,95,92,206351
1.7400,0.2346,38.62,95,92,206355
1.7400,0.2297,38.65,95,92,206358
1.8133,0.2444,38.46,95,92,206361
1.7644,0.2395,38.52,95,92,206365
1.7742,0.2542,38.52,95,92,206368
1.7644,0.2297,38.62,95,92,206371
1.7742,0.2297,38.71,95,92,206374
1.8182,0.2346,38.49,95,92,206379
1.7840,0.2297,38.62,95,92,206382
1.8182,0.2346,38.62,95,92,206385
1.7986,0.2346,38.62,95,92,206389
1.8035,0.2346,38.65,95,92,206392
1.8133,0.2297,38.52,95,92,206395
1.8280,0.2297,38.62,95,92,206399
1.8426,0.2346,38.49,95,92,206402
1.8182,0.2346,38.65,95,92,206405
1.8475,0.2297,38.65,95,92,206408
1.8426,0.2346,38.52,95,92,206412
1.8328,0.2102,38.65,95,92,206415
1.8671,0.2297,38.40,95,92,206418
1.8524,0.2590,38.52,95,92,206423
1.8475,0.2346,38.65,95,92,206426
1.8719,0.2395,38.62,95,92,206429
1.8622,0.2297,38.52,95,92,206433
1.9208,0.2444,38.36,95,92,206436
1.8817,0.2297,38.55,95,92,206439
1.8817,0.2346,38.65,95,92,206443
1.8866,0.2346,38.65,95,92,206446
1.8964,0.2346,38.74,95,92,206449
1.9648,0.2688,38.40,95,92,206452
1.9355,0.2297,38.55,95,92,206456
1.9453,0.2297,37.87,95,92,206459
1.9550,0.2199,38.62,95,92,206462
1.9599,0.2297,38.71,95,92,206467
2.0039,0.2444,38.58,95,92,206470
2.0088,0.2346,38.58,95,92,206473
1.9844,0.2346,38.49,95,92,206477
1.9599,0.2297,38.65,95,92,206480
1.9501,0.2297,38.65,95,92,206483
1.9892,0.2395,38.46,95,92,206486
1.9550,0.2395,38.68,95,92,206490
1.9892,0.2395,38.52,95,92,206493
1.9306,0.2297,38.74,95,92,206496
1.9208,0.2297,38.68,95,92,206500
1.9306,0.2346,38.52,95,92,206503
1.9062,0.2346,38.62,95,92,206507
1.9550,0.2346,38.46,95,92,206511
1.8866,0.2297,38.58,95,92,206514
1.8817,0.2248,38.62,95,92,206517
1.9013,0.2346,38.55,95,92,206521
1.8719,0.2297,38.68,95,92,206524
1.9013,0.2346,38.40,95,92,206527
1.8573,0.2248,38.62,95,92,206530
1.8475,0.2297,38.62,95,92,206534
1.8475,0.2395,38.55,95,92,206537
1.8231,0.2297,38.62,95,92,206540
1.8671,0.2395,38.30,95,92,206544
1.8280,0.2297,38.52,95,92,206547
1.8035,0.2248,38.71,95,92,206551
1.8084,0.2346,38.62,95,92,206555
1.7986,0.2346,38.62,95,92,206558
1.8524,0.2493,38.65,95,92,206561
1.8182,0.2395,38.55,95,92,206565
1.7937,0.2297,38.55,95,92,206568
1.7742,0.2248,38.68,95,92,206571
1.7693,0.2248,38.65,95,92,206574
1.7986,0.2395,38.46,95,92,206578
1.7840,0.2346,38.68,95,92,206581
1.8377,0.2346,38.49,95,92,206584
1.7937,0.2297,38.65,95,92,206588
1.8035,0.2248,38.62,95,92,206592
1.8231,0.2297,38.55,95,92,206595
1.8084,0.2444,38.62,95,92,206599
1.8622,0.2395,38.55,95,92,206602
1.8133,0.2297,38.58,95,92,206605
1.8280,0.2346,38.65,95,92,206609
1.8671,0.2395,38.49,95,92,206612
1.8426,0.2297,38.65,95,92,206615
1.8622,0.2346,38.43,95,92,206618
1.8524,0.2297,38.58,95,92,206622
1.8524,0.2297,38.65,95,92,206625
1.8768,0.2395,38.55,95,92,206628
1.8524,0.2297,38.71,95,92,206632
1.8915,0.2346,38.36,95,92,206636
1.8573,0.2297,38.58,95,92,206639
1.8524,0.2297,38.65,95,92,206643
1.9013,0.2395,38.62,95,92,206646
1.8573,0.2297,38.68,95,92,206649
1.9110,0.2444,38.33,95,92,206652
1.8768,0.2346,38.55,95,92,206656
1.8817,0.2248,38.58,95,92,206659
1.9306,0.2346,38.62,95,92,206662
1.9013,0.2297,38.81,95,92,206666
1.9550,0.2444,38.52,95,92,206669
1.9257,0.2297,38.55,95,92,206672
1.9306,0.2297,38.52,95,92,206676
1.9257,0.2297,38.62,95,92,206680
1.9257,0.2297,38.62,95,92,206683
1.9648,0.2395,38.43,95,92,206687
1.9550,0.2297,38.58,95,92,206690
1.9941,0.2346,38.43,95,92,206693
1.9746,0.2297,38.65,95,92,206696
1.9697,0.2297,38.65,95,92,206700
1.9795,0.2639,38.52,95,92,206703
1.9453,0.2346,38.62,95,92,206706
1.9697,0.2346,38.49,95,92,206710
1.9257,0.2444,38.62,95,92,206713
1.9062,0.2297,38.65,95,92,206716
1.8915,0.2297,38.46,95,92,206721
1.8524,0.2590,38.62,95,92,206724
1.8573,0.2346,38.43,95,92,206727
1.8182,0.2297,38.62,95,92,206731
1.8280,0.2102,38.62,95,92,206734
1.8231,0.2346,38.55,95,92,206737
1.7840,0.2297,38.65,95,92,206740
1.8035,0.2395,38.36,95,92,206744
1.7546,0.2346,38.62,95,92,206747
1.7400,0.2248,38.68,95,92,206750
1.7449,0.2297,38.62,95,92,206754
1.7400,0.2297,38.65,95,92,206757
1.7986,0.2493,38.36,95,92,206760
1.7742,0.2297,38.55,95,92,206765
1.7791,0.2346,38.55,95,92,206768
1.7889,0.2346,38.62,95,92,206771
1.7840,0.2297,38.46,95,92,206775
1.8182,0.2737,38.49,95,92,206778
1.7840,0.2297,38.71,95,92,206781
1.7889,0.2297,38.52,95,92,206784
1.7644,0.2346,38.62,95,92,206788
1.7644,0.2297,38.68,95,92,206791
1.7986,0.2346,38.58,95,92,206794
1.8084,0.2297,38.62,95,92,206798
1.8622,0.2346,38.65,95,92,206801
1.8817,0.2297,38.65,95,92,206804
1.9404,0.2297,38.62,95,92,206809
2.0479,0.2395,38.52,94,92,206812
3.0352,0.2346,38.55,94,92,206817
3.1965,0.2102,38.62,94,92,206820
3.3724,0.2395,38.36,94,92,206823
3.2111,0.2346,38.55,94,92,206827
2.9570,0.2297,38.65,94,92,206830
2.6442,0.2346,38.62,94,92,206833
2.3265,0.2395,38.62,94,92,206836
2.1310,0.2493,38.43,94,92,206840
1.8524,0.2444,38.55,94,92,206843
1.6764,0.2199,38.58,94,92,206846
1.5396,0.2297,38.58,94,92,206851
1.4467,0.2297,38.62,94,92,206854
1.4370,0.2395,38.52,94,92,206857
1.3832,0.2395,38.62,94,92,206861
1.3783,0.2346,38.49,94,92,206864
1.3539,0.2493,38.65,94,92,206867
1.3685,0.2297,38.65,94,92,206871
1.4027,0.2395,38.46,94,92,206874
1.3978,0.2346,38.62,94,92,206877
1.4223,0.2395,38.52,94,92,206881
1.4174,0.2297,38.58,94,92,206884
1.4614,0.2297,38.62,94,92,206887
1.4663,0.2346,38.24,94,92,206891
1.4761,0.2346,38.62,94,92,206895
1.5249,0.2297,38.43,94,92,206898
1.5200,0.2248,38.62,94,92,206901
1.5494,0.2297,38.65,94,92,206905
1.5836,0.2395,38.58,94,92,206908
1.5982,0.2297,38.62,94,92,206911
1.6520,0.2346,38.43,94,92,206915
1.6178,0.2346,38.55,94,92,206918
1.6178,0.2199,38.62,94,92,206921
1.6276,0.2297,37.83,94,92,206925
1.6227,0.2102,38.65,94,92,206928
1.6716,0.2444,38.36,94,92,206931
1.6373,0.2395,38.52,94,92,206935
1.6080,0.2248,38.62,94,92,206939
1.6129,0.2297,38.62,94,92,206942
1.6129,0.2395,38.68,94,92,206945
1.6618,0.2395,38.43,94,92,206949
1.6569,0.2444,38.55,94,92,206952
1.6716,0.2346,38.55,94,92,206955
1.6716,0.2297,38.68,94,92,206959
1.6667,0.2248,38.62,94,92,206962
1.6911,0.2395,38.49,94,92,206965
1.6764,0.2346,38.62,94,92,206969
1.7302,0.2346,38.27,94,92,206972
1.6667,0.2297,38.68,94,92,206976
1.6471,0.2297,38.62,94,92,206979
1.6569,0.2297,38.55,94,92,206983
1.6373,0.2297,38.62,94,92,206986
1.6569,0.2346,38.49,94,92,206989
1.6373,0.2297,38.40,94,92,206993
1.6471,0.2346,38.65,94,92,206996
1.6813,0.2346,38.55,94,92,206999
1.6667,0.2248,38.62,94,92,207003
1.6862,0.2346,38.40,94,92,207006
1.6569,0.2297,38.93,94,92,207009
1.6520,0.2346,38.62,94,92,207013
1.6813,0.2395,38.58,94,92,207016
1.6764,0.2346,38.65,94,92,207020
1.7302,0.2346,38.43,94,92,207023
1.6960,0.2297,38.58,94,92,207027
1.6862,0.2297,38.68,94,92,207030
1.6764,0.2346,38.58,94,92,207033
1.6716,0.2297,38.62,94,92,207037
1.7253,0.2493,38.36,94,92,207040
1.6960,0.2395,38.46,94,92,207043
1.7058,0.2248,38.55,94,92,207047
1.7204,0.2297,38.62,94,92,207050
1.7253,0.2346,38.62,94,92,207053
1.7498,0.2297,38.55,94,92,207057
1.7253,0.2297,38.81,94,92,207060
1.7449,0.2395,38.49,94,92,207064
1.7302,0.2297,38.55,94,92,207068
1.7253,0.2297,38.62,94,92,207071
1.7693,0.2395,38.49,94,92,207074
1.7595,0.2248,38.62,94,92,207077
1.8084,0.2395,38.52,94,92,207081
1.7986,0.2248,38.62,94,92,207084
1.8182,0.2297,38.65,94,92,207087
1.8426,0.2297,38.49,94,92,207091
1.8231,0.2297,38.27,94,92,207094
1.8475,0.2346,38.43,94,92,207097
1.8426,0.2297,38.58,94,92,207101
1.8426,0.2297,38.68,94,92,207105
1.8622,0.2444,38.55,94,92,207108
1.8573,0.2297,38.62,94,92,207111
1.9013,0.2346,38.40,94,92,207115
1.8622,0.2248,38.58,94,92,207118
1.8768,0.2248,38.65,94,92,207121
1.8817,0.2346,38.58,94,92,207125
1.8573,0.2102,38.62,94,92,207128
1.8866,0.2444,38.65,94,92,207131
1.8475,0.2346,38.55,94,92,207135
1.8328,0.2248,38.62,94,92,207138
1.8426,0.2444,38.62,94,92,207141
1.8475,0.2297,38.68,94,92,207145
1.8915,0.2395,38.49,94,92,207149
1.8524,0.2395,38.55,94,92,207152
1.8622,0.2346,38.58,94,92,207155
1.8768,0.2297,38.81,94,92,207159
1.9013,0.2346,38.68,94,92,207162
1.9257,0.2395,38.55,94,92,207165
1.8866,0.2297,38.62,94,92,207169
1.9062,0.2346,38.49,94,92,207172
1.8719,0.2297,38.62,94,92,207175
1.8573,0.2297,38.65,94,92,207179
1.8524,0.2346,38.52,94,92,207182
1.8475,0.2395,38.62,94,92,207185
1.8964,0.2297,38.52,94,92,207190
1.8768,0.2151,38.62,94,92,207193
1.8817,0.2297,38.65,94,92,207196
1.8817,0.2346,38.46,94,92,207199
1.8524,0.2297,38.62,94,92,207203
1.8768,0.2346,38.43,94,92,207206
1.8573,0.2444,38.49,94,92,207209
1.8622,0.2297,38.62,94,92,207213
1.8817,0.2395,38.49,94,92,207216
1.8671,0.2297,38.65,94,92,207219
1.9159,0.2395,38.36,94,92,207223
1.8719,0.2346,38.55,94,92,207226
1.8768,0.2248,38.62,94,92,207229
1.8915,0.2297,38.65,94,92,207234
1.8866,0.2199,38.65,94,92,207237
1.9306,0.2493,38.43,94,92,207240
1.8817,0.2444,38.55,94,92,207244
1.8817,0.2297,38.55,94,92,207247
1.8768,0.2297,38.65,94,92,207250
1.8866,0.2297,38.62,94,92,207253
1.9404,0.2395,38.52,94,92,207257
1.9355,0.2444,38.58,94,92,207260
1.9453,0.2346,38.49,94,92,207263
1.9159,0.2297,38.65,94,92,207267
1.9159,0.2248,38.62,94,92,207270
1.9550,0.2395,38.49,94,92,207273
1.9208,0.2395,38.62,94,92,207278
1.9648,0.2444,38.52,94,92,207281
1.9159,0.2248,38.58,94,92,207284
1.9208,0.2297,38.55,94,92,207287
1.9550,0.2346,38.52,94,92,207291
1.9550,0.2297,38.49,94,92,207294
1.9990,0.2297,38.40,94,92,207297
1.9941,0.2346,38.58,94,92,207301
2.0088,0.2297,38.65,94,92,207304
2.0137,0.2297,38.58,94,92,207307
1.9892,0.2297,38.58,94,92,207311
2.0821,0.2444,38.43,94,92,207314
2.0332,0.2248,38.65,94,92,207318
2.0430,0.2395,38.65,94,92,207322
2.0577,0.2346,38.58,94,92,207325
2.0332,0.2297,38.62,94,92,207328
2.0577,0.2395,38.33,94,92,207331
2.0088,0.2346,38.52,94,92,207335
1.9990,0.2297,38.62,94,92,207338
1.9550,0.2395,38.65,94,92,207341
1.9306,0.2248,38.62,94,92,207345
1.9844,0.2493,38.43,94,92,207348
1.9550,0.2346,38.55,94,92,207351
1.9501,0.2248,38.55,94,92,207355
1.9159,0.2297,38.58,94,92,207358
1.9110,0.2297,38.62,94,92,207362
1.8866,0.2395,38.49,94,92,207365
1.8426,0.2493,38.62,94,92,207369
1.8280,0.2346,38.52,94,92,207372
1.7986,0.2297,38.65,94,92,207375
1.8280,0.2199,38.62,94,92,207379
1.8328,0.2297,38.58,94,92,207382
1.8231,0.2297,38.62,94,92,207385
1.8328,0.2395,38.52,94,92,207389
1.7937,0.2248,38.62,94,92,207392
1.7986,0.2297,38.65,94,92,207395
1.8377,0.2395,38.65,94,92,207399
1.8328,0.2297,38.65,94,92,207403
1.8475,0.2297,37.68,94,92,207406
1.8182,0.2395,38.49,94,92,207409
1.8035,0.2297,38.68,94,92,207413
1.8182,0.2395,38.55,94,92,207416
1.7986,0.2395,38.62,94,92,207419
1.8475,0.2346,38.43,94,92,207423
2.1701,0.2493,38.40,94,92,207427
2.2972,0.2297,38.55,94,92,207431
2.5073,0.2248,38.52,94,92,207434
2.7664,0.2346,38.62,94,92,207437
3.0303,0.2297,38.68,94,92,207441
3.3040,0.2444,38.52,94,92,207444
3.3578,0.2346,38.62,94,92,207448
3.3089,0.2346,38.52,94,92,207452
3.0401,0.2346,38.65,94,92,207455
2.6882,0.2346,38.62,94,92,207458
2.3803,0.2395,38.68,94,92,207461
2.0528,0.2102,38.62,94,92,207465
1.8280,0.2297,38.52,94,92,207468
1.6227,0.2248,38.58,94,92,207471
1.5054,0.2297,38.62,94,92,207475
1.4418,0.2346,38.52,94,92,207478
1.3930,0.2297,38.62,94,92,207481
1.3978,0.2346,38.52,94,92,207485
1.3636,0.2297,38.62,94,92,207489
1.3685,0.2248,38.68,94,92,207492
1.4076,0.2395,38.58,94,92,207496
1.4321,0.2297,38.71,94,92,207499
1.4956,0.2639,38.40,94,92,207502
1.4858,0.2248,38.58,94,92,207505
1.5054,0.2297,38.62,94,92,207509
1.5640,0.2346,38.68,94,92,207512
1.5396,0.2297,38.81,94,92,207515
1.5982,0.2444,38.24,94,92,207519
1.5836,0.2297,38.55,94,92,207522
1.5836,0.2248,38.74,94,92,207525
1.5885,0.2346,38.62,94,92,207529
1.5836,0.2297,38.68,94,92,207533
1.6325,0.2444,38.43,94,92,207536
1.6129,0.2346,38.58,94,92,207540
1.6178,0.2297,38.68,94,92,207543
1.6178,0.2297,38.62,94,92,207546
1.6325,0.2297,38.62,94,92,207549
1.6618,0.2395,38.49,94,92,207553
1.6520,0.2199,38.58,94,92,207556
1.6618,0.2346,38.49,94,92,207559
1.6471,0.2297,38.68,94,92,207563
1.6862,0.2297,38.62,94,92,207566
1.6716,0.2297,38.65,94,92,207569
1.6667,0.2297,38.68,94,92,207574
1.6911,0.2346,38.52,94,92,207577
1.6667,0.2248,38.68,94,92,207580
1.6618,0.2102,38.62,94,92,207583
1.6667,0.2297,38.55,94,92,207587
1.6471,0.2346,38.62,94,92,207590
1.6716,0.2346,38.43,94,92,207593
1.6618,0.2297,38.49,94,92,207597
1.6569,0.2248,38.62,94,92,207600
1.6764,0.2395,38.58,94,92,207603
1.6569,0.2542,38.62,94,92,207607
1.7009,0.2395,38.36,94,92,207610
1.6716,0.2248,38.52,94,92,207613
1.6716,0.2297,38.65,94,92,207618
1.6813,0.2297,38.71,94,92,207621
1.6716,0.2199,38.65,94,92,207624
1.7204,0.2493,38.40,94,92,207627
1.6716,0.2297,38.49,94,92,207631
1.6618,0.2199,38.55,94,92,207634
1.6569,0.2297,38.62,94,92,207637
1.6569,0.2346,38.68,94,92,207641
1.7009,0.2297,38.49,94,92,207644
1.6764,0.2297,38.55,94,92,207647
1.6862,0.2346,38.55,94,92,207651
1.6716,0.2297,38.71,94,92,207654
1.6667,0.2346,38.62,94,92,207657
1.6960,0.2395,38.43,94,92,207662
1.6764,0.2542,38.62,94,92,207665
1.6960,0.2395,38.52,94,92,207668
1.6764,0.2297,38.62,94,92,207672
1.6813,0.2297,38.62,94,92,207675
1.7009,0.2297,38.58,94,92,207678
1.6960,0.2297,38.84,94,92,207681
1.7253,0.2297,38.46,94,92,207685
1.7058,0.2297,38.58,94,92,207688
1.7204,0.2297,38.62,94,92,207691
1.7449,0.2346,38.55,94,92,207695
1.7351,0.2297,38.65,94,92,207698
1.7791,0.2346,38.36,94,92,207702
1.7498,0.2248,38.68,94,92,207706
1.7644,0.2297,38.62,94,92,207709
1.7840,0.2346,38.58,94,92,207712
1.7791,0.2297,37.96,94,92,207716
1.8426,0.2737,38.30,94,92,207719
1.8280,0.2346,38.55,94,92,207722
1.8231,0.2297,38.71,94,92,207725
1.8475,0.2346,38.62,94,92,207729
1.8133,0.2297,38.62,94,92,207732
1.8524,0.2444,38.55,94,92,207735
1.8084,0.2297,38.55,94,92,207739
1.7889,0.2297,38.52,94,92,207742
1.7889,0.2346,38.68,94,92,207746
1.7791,0.2297,38.65,94,92,207750
1.8084,0.2395,38.46,94,92,207753
1.7986,0.2346,38.62,94,92,207756
1.8084,0.2297,38.46,94,92,207760
1.7937,0.2346,38.68,94,92,207763
1.7937,0.2297,38.68,94,92,207766
1.8231,0.2590,38.58,94,92,207769
1.8133,0.2346,38.62,94,92,207773
1.8328,0.2346,38.49,94,92,207776
1.8182,0.2297,38.62,94,92,207779
1.7840,0.2297,38.65,94,92,207783
1.7937,0.2444,38.55,94,92,207787
1.7595,0.2346,38.65,94,92,207790
1.7791,0.2346,38.40,94,92,207794
1.7546,0.2199,38.52,94,92,207797
1.7498,0.2297,38.65,94,92,207800
1.7742,0.2688,38.62,94,92,207804
1.7595,0.2297,38.71,94,92,207807
1.7937,0.2395,38.74,94,92,207810
1.7595,0.2297,38.55,94,92,207813
1.7546,0.2297,37.83,94,92,207817
1.7595,0.2297,38.58,94,92,207820
1.7546,0.2346,38.62,94,92,207823
1.8035,0.2493,38.40,94,92,207827
1.7644,0.2346,38.52,94,92,207831
1.7644,0.2248,38.58,94,92,207834
1.7742,0.2297,38.71,94,92,207838
1.7791,0.2297,38.62,94,92,207841
1.8231,0.2444,38.49,94,92,207844
1.8377,0.2199,38.58,94,92,207848
1.8084,0.2346,38.52,94,92,207851
1.7889,0.2297,38.62,94,92,207854
1.7889,0.2297,38.65,94,92,207857
1.8280,0.2395,38.49,94,92,207861
1.8133,0.2346,38.58,94,92,207864
1.8426,0.2346,38.49,94,92,207867
1.8231,0.2297,38.62,94,92,207872
1.8328,0.2346,38.65,94,92,207875
1.8622,0.2297,38.49,94,92,207878
1.8573,0.2346,38.62,94,92,207882
1.8866,0.2346,38.46,94,92,207885
1.8671,0.2297,38.81,94,92,207888
1.8719,0.2346,38.62,94,92,207892
1.8768,0.2346,38.55,94,92,207895
1.8671,0.2590,38.62,94,92,207898
1.9013,0.2395,38.40,94,92,207901
1.8573,0.2248,38.58,94,92,207905
1.8573,0.2297,38.62,94,92,207908
1.8671,0.2346,38.58,94,92,207911
1.8524,0.2297,38.62,94,92,207916
1.8964,0.2395,38.33,94,92,207919
1.8719,0.2297,38.52,94,92,207922
1.8573,0.2248,38.62,94,92,207926
1.8622,0.2297,38.65,94,92,207929
1.8573,0.2297,38.65,94,92,207932
1.9208,0.2737,38.43,94,92,207936
1.8915,0.2346,38.52,94,92,207939
1.8866,0.2248,38.52,94,92,207942
1.8964,0.2248,38.62,94,92,207945
1.9013,0.2297,38.65,94,92,207949
1.9453,0.2395,38.49,94,92,207952
1.9306,0.2297,38.58,94,92,207955
1.9501,0.2297,38.58,94,92,207960
1.9208,0.2248,38.65,94,92,207963
1.9159,0.2297,38.71,94,92,207966
1.9110,0.2395,38.55,94,92,207970
1.8768,0.2297,38.68,94,92,207973
1.8817,0.2395,38.58,94,92,207976
1.8377,0.2297,38.62,94,92,207980
1.8280,0.2297,38.84,94,92,207983
1.8475,0.2395,38.55,94,92,207986
1.8133,0.2297,38.65,94,92,207989
1.8328,0.2444,38.43,94,92,207993
1.8084,0.2346,38.52,94,92,207996
1.7889,0.2346,38.65,94,92,208000
1.8133,0.2395,38.55,94,92,208004
1.7546,0.2297,38.62,94,92,208007
1.7840,0.2395,38.36,94,92,208010
1.7498,0.2102,38.55,94,92,208014
1.7449,0.2297,38.65,94,92,208017
1.7498,0.2542,38.62,94,92,208020
1.7351,0.2297,38.65,94,92,208024
1.7889,0.2444,38.36,94,92,208027
1.7840,0.2346,38.55,94,92,208030
1.7449,0.2248,38.58,94,92,208033
1.7449,0.2297,38.58,94,92,208037
1.7449,0.2297,38.62,94,92,208041
1.7840,0.2199,38.62,94,92,208046
1.8426,0.2395,38.49,94,92,208049
1.8573,0.2493,38.62,94,92,208052
1.9501,0.2346,38.49,94,92,208056
2.0137,0.2248,38.93,94,92,208059
2.1505,0.2346,38.65,94,92,208062
2.3509,0.2346,38.49,94,92,208066
2.5562,0.2297,38.62,94,92,208069
2.8397,0.2346,38.40,94,92,208072
3.0450,0.2346,38.55,94,92,208076
3.1867,0.2297,38.62,94,92,208079
3.2356,0.2395,38.55,94,92,208082
3.0792,0.2297,38.62,94,92,208086
2.8397,0.2395,38.40,94,92,208090
2.4536,0.2493,38.62,94,92,208093
2.1945,0.2297,38.62,94,92,208096
1.9355,0.2346,38.65,94,92,208100
1.7204,0.2346,38.62,94,92,208103
1.6227,0.2444,38.43,94,92,208106
1.4858,0.2346,38.52,94,92,208110
1.4174,0.2199,38.58,94,92,208113
1.3783,0.2297,38.62,94,92,208116
1.3587,0.2248,38.62,94,92,208119
1.3930,0.2395,38.46,94,92,208123
1.3734,0.2346,38.58,94,92,208126
1.3930,0.2346,38.52,94,92,208130
1.4027,0.2297,38.81,94,92,208134
1.4223,0.2297,38.65,94,92,208137
1.4418,0.2395,38.55,94,92,208140
1.4467,0.2297,38.71,94,92,208144
1.4761,0.2248,38.49,94,92,208147
1.4663,0.2297,38.62,94,92,208150
1.4809,0.2542,38.65,94,92,208154
1.5103,0.2297,38.40,94,92,208157
1.5200,0.2297,38.65,94,92,208160
1.5543,0.2297,38.52,94,92,208163
1.5543,0.2297,38.62,94,92,208167
1.5640,0.2297,38.49,94,92,208171
1.5934,0.2395,38.52,94,92,208174
1.5934,0.2346,38.65,94,92,208178
1.6325,0.2346,38.65,94,92,208181
1.6325,0.2395,38.46,94,92,208184
1.6325,0.2297,38.65,94,92,208188
1.6618,0.2346,38.55,94,92,208191
1.6373,0.2297,38.65,94,92,208194
1.6764,0.2395,38.27,94,92,208198
1.6471,0.2346,38.55,94,92,208201
1.6422,0.2297,38.62,94,92,208204
1.6520,0.2297,38.65,94,92,208207
1.6471,0.2248,38.65,94,92,208211
1.7058,0.2493,38.46,94,92,208215
1.6764,0.2297,38.55,94,92,208218
1.7009,0.2102,38.58,94,92,208222
1.6862,0.2346,38.68,94,92,208225
1.7009,0.2297,38.62,94,92,208228
1.7546,0.2395,38.49,94,92,208232
1.7204,0.2297,38.62,94,92,208235
1.7253,0.2297,38.52,94,92,208238
1.7107,0.2297,38.62,94,92,208242
1.7107,0.2297,38.65,94,92,208245
1.7400,0.2395,38.46,94,92,208248
1.7155,0.2297,37.93,94,92,208251
1.7302,0.2395,38.55,94,92,208256
1.7009,0.2297,38.62,94,92,208259
1.7009,0.2297,38.65,94,92,208262
1.7155,0.2248,38.52,94,92,208266
1.7253,0.2346,38.62,94,92,208269
1.7302,0.2297,38.46,94,92,208272
1.7058,0.2297,38.58,94,92,208276
1.7204,0.2199,38.62,94,92,208279
1.7351,0.2297,38.49,94,92,208282
1.7204,0.2639,38.62,94,92,208285
1.7840,0.2346,38.40,94,92,208289
1.7204,0.2297,38.65,94,92,208292
1.7204,0.2199,38.62,94,92,208295
1.7351,0.2297,38.62,94,92,208300
1.7253,0.2346,38.62,94,92,208303
1.7742,0.2395,38.36,94,92,208306
1.7400,0.2346,38.62,94,92,208310
1.7302,0.2346,38.62,94,92,208313
1.7400,0.2346,38.68,94,92,208316
1.7400,0.2297,38.65,94,92,208320
1.7937,0.2395,38.43,94,92,208323
1.7595,0.2395,38.58,94,92,208326
1.7498,0.2297,38.55,94,92,208329
1.7498,0.2297,38.62,94,92,208333
1.7546,0.2297,38.84,94,92,208336
1.8328,0.2444,38.49,94,92,208339
1.7840,0.2297,38.58,94,92,208344
1.8084,0.2297,38.55,94,92,208347
1.7986,0.2248,38.68,94,92,208350
1.8084,0.2297,38.65,94,92,208354
1.8328,0.2346,38.62,94,92,208357
1.8426,0.2346,38.58,94,92,208360
1.8524,0.2297,38.52,94,92,208364
1.8475,0.2346,38.62,94,92,208367
1.8328,0.2346,38.65,94,92,208370
1.8622,0.2395,38.49,94,92,208373
1.8280,0.2346,38.62,94,92,208377
1.8524,0.2346,38.68,94,92,208380
1.8328,0.2297,38.55,94,92,208384
1.8231,0.2248,38.65,94,92,208388
1.8377,0.2444,38.52,94,92,208391
1.8231,0.2199,38.65,94,92,208394
1.8671,0.2346,38.40,94,92,208398
1.8328,0.2346,38.55,94,92,208401
1.8280,0.2248,38.62,94,92,208404
1.8475,0.2346,38.58,94,92,208407
1.8231,0.2297,38.68,94,92,208411
1.8671,0.2444,38.30,94,92,208414
1.8182,0.2346,38.55,94,92,208417
1.8133,0.2248,38.62,94,92,208421
1.8475,0.2346,38.68,94,92,208424
1.8035,0.2297,38.62,94,92,208428
1.8524,0.2590,38.43,94,92,208432
1.8280,0.2395,38.58,94,92,208435
1.7986,0.2248,38.55,94,92,208438
1.7937,0.2297,38.68,94,92,208442
1.7889,0.2102,38.65,94,92,208445
1.8182,0.2395,38.49,94,92,208448
1.7889,0.2346,38.62,94,92,208451
1.8035,0.2346,38.62,94,92,208455
1.7840,0.2493,38.62,94,92,208458
1.7889,0.2297,38.65,94,92,208461
1.8084,0.2395,38.52,94,92,208465
1.7937,0.2444,38.58,94,92,208468
1.8182,0.2346,38.52,94,92,208472
1.7986,0.2297,38.65,94,92,208476
1.8035,0.2395,38.68,94,92,208479
1.8280,0.2297,38.52,94,92,208482
1.8231,0.2297,38.65,94,92,208486
1.8573,0.2835,38.49,94,92,208489
1.8328,0.2297,38.62,94,92,208492
1.8524,0.2297,38.58,94,92,208495
1.8817,0.2395,38.52,94,92,208499
1.8719,0.2297,38.71,94,92,208502
1.9257,0.2297,38.36,94,92,208505
1.9062,0.2346,38.52,94,92,208509
1.8866,0.2297,38.65,94,92,208513
1.9013,0.2346,38.58,94,92,208516
1.8866,0.2297,38.71,94,92,208520
1.9404,0.2590,38.36,94,92,208523
1.9013,0.2297,38.49,94,92,208526
1.8915,0.2737,38.68,94,92,208530
1.9208,0.2346,38.62,94,92,208533
1.8964,0.2297,38.65,94,92,208536
1.9404,0.2444,38.52,94,92,208539
1.9013,0.2346,38.55,94,92,208543
1.9110,0.2297,38.52,94,92,208546
1.9013,0.2444,38.62,94,92,208549
1.9110,0.2297,38.65,94,92,208553
1.9355,0.2395,38.55,94,92,208557
1.9355,0.2346,38.62,94,92,208560
1.9599,0.2346,38.46,94,92,208564
1.9453,0.2346,38.62,94,92,208567
1.9501,0.2297,37.87,94,92,208570
1.9990,0.2493,38.49,94,92,208574
1.9844,0.2297,38.65,94,92,208577
2.0235,0.2297,38.84,94,92,208580
1.9990,0.2346,38.55,94,92,208583
1.9990,0.2346,38.65,94,92,208587
2.0039,0.2688,38.55,94,92,208590
1.9697,0.2346,38.62,94,92,208593
1.9746,0.2346,38.40,94,92,208598
1.9208,0.2297,38.62,94,92,208601
1.8915,0.2248,38.68,94,92,208604
1.8915,0.2297,38.58,94,92,208608
1.8573,0.2297,38.65,94,92,208611
1.8866,0.2395,38.18,94,92,208614
1.8377,0.2248,38.71,94,92,208617
1.8328,0.2297,38.62,94,92,208621
1.8280,0.2346,38.62,94,92,208624
1.8182,0.2297,38.74,94,92,208627
1.8622,0.2444,38.40,94,92,208631
1.8133,0.2346,38.55,94,92,208634
1.7937,0.2248,38.55,94,92,208637
1.7840,0.2297,38.62,94,92,208642
1.7840,0.2297,38.68,94,92,208645
1.8182,0.2737,38.46,94,92,208648
1.7937,0.2346,38.55,94,92,208653
1.7693,0.2297,38.68,94,92,208656
1.7937,0.2297,38.49,94,92,208660
1.7595,0.2297,38.62,94,92,208663
1.7742,0.2297,38.68,94,92,208666
1.8035,0.2346,38.52,94,92,208669
1.8084,0.2346,38.62,94,92,208673
1.8768,0.2346,38.46,94,92,208676
1.8866,0.2297,38.62,94,92,208679
1.9746,0.2199,38.62,94,92,208684
2.0626,0.2297,38.58,94,92,208687
2.1603,0.2248,38.62,94,92,208690
2.3754,0.2395,38.36,94,92,208694
2.5415,0.2346,38.58,94,92,208697
2.7468,0.2346,38.65,94,92,208700
2.9961,0.2297,38.58,94,92,208704
3.1623,0.2297,38.62,94,92,208707
3.3040,0.2493,38.43,94,92,208710
3.1427,0.2346,38.84,94,92,208713
2.8690,0.2248,38.62,94,92,208717
2.5758,0.2346,38.65,94,92,208720
2.2727,0.2297,38.65,94,92,208723
2.0674,0.2542,38.46,94,92,208728
1.8280,0.2297,38.58,94,92,208731
1.6716,0.2297,38.46,94,92,208734
1.5445,0.2346,38.62,94,92,208738
1.4614,0.2297,38.65,94,92,208741
1.4467,0.2346,38.58,94,92,208744
1.3930,0.2297,38.62,94,92,208748
1.3978,0.2346,38.46,94,92,208751
1.3734,0.2297,38.65,94,92,208754
1.3978,0.2297,38.55,94,92,208757
1.4418,0.2444,38.49,94,92,208761
1.4418,0.2297,38.68,94,92,208764
1.4761,0.2395,38.55,94,92,208768
1.4809,0.2346,38.58,94,92,208772
1.4956,0.2297,38.65,94,92,208775
1.5445,0.2395,38.55,94,92,208778
1.5298,0.2297,38.62,94,92,208782
1.5787,0.2346,38.71,94,92,208785
1.5689,0.2395,38.58,94,92,208788
1.5836,0.2248,38.62,94,92,208792
1.5982,0.2346,38.58,94,92,208795
1.5934,0.2346,38.65,94,92,208798
1.6422,0.2395,38.33,94,92,208801
1.6080,0.2199,38.55,94,92,208805
1.6276,0.2102,38.62,94,92,208808
1.6373,0.2297,38.62,94,92,208812
1.6520,0.2297,38.65,94,92,208816
1.7058,0.2493,38.49,94,92,208819
1.6764,0.2395,38.62,94,92,208822
1.6862,0.2297,38.55,94,92,208826
1.6764,0.2297,38.62,94,92,208829
1.6862,0.2199,38.62,94,92,208832
1.7253,0.2395,38.49,94,92,208836
1.7009,0.2395,38.68,94,92,208839
1.7253,0.2346,38.52,94,92,208842
1.7009,0.2297,38.65,94,92,208845
1.7058,0.2297,38.65,94,92,208849
1.7204,0.2395,38.55,94,92,208852
1.7107,0.2297,38.65,94,92,208856
1.7351,0.2395,38.52,94,92,208860
1.7009,0.2346,38.65,94,92,208863
1.7009,0.2297,38.68,94,92,208866
1.7058,0.2688,38.52,94,92,208870
1.7058,0.2346,38.62,94,92,208873
1.7253,0.2297,38.46,94,92,208876
1.7107,0.2395,38.62,94,92,208879
1.7253,0.2297,38.62,94,92,208883
1.7400,0.2395,38.46,94,92,208886
1.7253,0.2297,38.65,94,92,208889
1.7742,0.2297,38.40,94,92,208893
1.7595,0.2346,38.46,94,92,208897
1.7595,0.2395,38.62,94,92,208900
1.7791,0.2346,38.55,94,92,208904
1.7693,0.2395,38.68,94,92,208907
1.8182,0.2297,38.33,94,92,208910
1.7693,0.2297,38.52,94,92,208914
1.7498,0.2248,38.58,94,92,208917
1.7644,0.2297,38.62,94,92,208920
1.7644,0.2297,38.65,94,92,208923
1.8084,0.2493,38.46,94,92,208927
1.7693,0.2297,38.58,94,92,208930
1.7644,0.2297,38.55,94,92,208933
1.7498,0.2346,38.62,94,92,208937
1.7644,0.2297,38.65,94,92,208941
1.7986,0.2444,38.55,94,92,208944
1.7644,0.2297,38.62,94,92,208948
1.7937,0.2346,38.46,94,92,208951
1.7889,0.2346,38.58,94,92,208954
1.8035,0.2297,38.71,94,92,208958
1.8524,0.2444,38.49,94,92,208961
1.8328,0.2297,38.74,94,92,208964
1.8671,0.2346,38.46,94,92,208967
1.8377,0.2297,38.58,94,92,208971
1.8475,0.2297,38.65,94,92,208974
1.8768,0.2346,38.49,94,92,208977
1.8622,0.2297,38.62,94,92,208982
1.9013,0.2346,38.40,94,92,208985
1.9159,0.2346,38.58,94,92,208988
1.8915,0.2297,38.62,94,92,208992
1.9110,0.2346,38.58,94,92,208995
1.9062,0.2346,38.65,94,92,208998
1.9208,0.2395,38.36,94,92,209002
1.8719,0.2346,38.55,94,92,209005
1.8768,0.2297,38.62,94,92,209008
1.8768,0.2346,38.62,94,92,209011
1.8671,0.2297,38.65,94,92,209015
1.9306,0.2493,38.33,94,92,209018
1.8817,0.2395,38.55,94,92,209021
1.8573,0.2248,38.58,94,92,209026
1.8426,0.2248,38.68,94,92,209029
1.8377,0.2297,38.65,94,92,209032
1.8768,0.2395,38.46,94,92,209036
1.8622,0.2297,38.58,94,92,209039
1.8768,0.2297,38.52,94,92,209042
1.8573,0.2297,38.65,94,92,209046
1.8573,0.2199,38.65,94,92,209049
1.8622,0.2395,38.55,94,92,209052
1.8328,0.2248,38.58,94,92,209055
1.8671,0.2395,38.49,94,92,209059
1.8084,0.2297,38.62,94,92,209062
1.8084,0.2199,38.65,94,92,209065
1.8231,0.2346,38.55,94,92,209070
1.8182,0.2346,38.65,94,92,209073
1.8426,0.2346,38.46,94,92,209076
1.8133,0.2297,38.65,94,92,209080
1.8280,0.2297,38.62,94,92,209083
1.8280,0.2395,38.52,94,92,209086
1.8084,0.2297,38.62,94,92,209090
1.8817,0.2346,38.40,94,92,209093
1.8328,0.2346,38.52,94,92,209096
1.8231,0.2688,38.77,94,92,209099
1.8377,0.2297,38.62,94,92,209103
1.8328,0.2297,38.55,94,92,209106
1.8915,0.2493,38.30,94,92,209110
1.8622,0.2297,38.52,94,92,209114
1.8622,0.2248,38.58,94,92,209117
1.8768,0.2346,38.62,94,92,209120
1.8768,0.2297,38.65,94,92,209124
1.9257,0.2493,38.40,94,92,209127
1.8915,0.2395,38.55,94,92,209130
1.9013,0.2297,38.55,94,92,209134
1.9013,0.2297,38.55,94,92,209137
1.9062,0.2346,38.65,94,92,209140
1.9404,0.2395,38.77,94,92,209143
1.9062,0.2346,38.62,94,92,209147
1.8964,0.2395,38.52,94,92,209150
1.8671,0.2297,38.62,94,92,209154
1.8719,0.2297,38.62,94,92,209158
1.9110,0.2395,38.55,94,92,209161
1.9013,0.2346,38.62,94,92,209164
1.9208,0.2297,38.52,94,92,209168
1.8671,0.2248,37.80,94,92,209171
1.8524,0.2346,38.62,94,92,209174
1.8622,0.2346,38.49,94,92,209178
1.8524,0.2297,38.65,94,92,209181
1.8964,0.2346,38.43,94,92,209184
1.8915,0.2297,38.58,94,92,209187
1.9110,0.2297,38.62,94,92,209191
1.9550,0.2395,38.55,94,92,209195
1.9501,0.2297,38.71,94,92,209198
1.9990,0.2493,38.43,94,92,209202
1.9599,0.2297,38.58,94,92,209205
1.9795,0.2297,38.62,94,92,209208
2.0137,0.2346,38.62,94,92,209212
2.0039,0.2297,38.65,94,92,209215
2.0626,0.2444,38.36,94,92,209218
2.0235,0.2346,38.52,94,92,209221
1.9844,0.2248,38.62,94,92,209225
1.9648,0.2248,38.62,94,92,209228
1.9795,0.2297,38.62,94,92,209231
1.9795,0.2395,38.43,94,92,209235
1.9550,0.2346,38.55,94,92,209239
1.9257,0.2297,38.55,94,92,209242
1.9013,0.2297,38.65,94,92,209246
1.8964,0.2297,38.62,94,92,209249
1.9062,0.2395,38.52,94,92,209252
1.8768,0.2395,38.62,94,92,209256
1.8817,0.2346,38.49,94,92,209259
1.8475,0.2346,38.65,94,92,209262
1.8426,0.2199,38.68,94,92,209267
1.8573,0.2297,38.62,94,92,209270
1.8866,0.2395,38.46,94,92,209274
1.8671,0.2297,38.62,94,92,209277
1.9257,0.2395,38.33,94,92,209281
1.8915,0.2346,38.52,94,92,209284
1.8719,0.2102,38.62,94,92,209288
1.8817,0.2395,38.62,94,92,209291
1.8719,0.2297,38.65,94,92,209294
1.9453,0.2493,38.55,94,92,209298
1.9306,0.2297,38.52,94,92,209301
1.9550,0.2248,38.71,94,92,209304
1.9892,0.2395,38.68,94,92,209308
2.0332,0.2346,38.65,94,92,209311
2.1652,0.2444,38.24,94,92,209314
2.2630,0.2297,38.58,94,92,209318
2.4536,0.2297,38.55,94,92,209321
2.6784,0.2346,38.40,94,92,209325
2.9277,0.2297,38.65,94,92,209328
3.1916,0.2346,38.55,94,92,209332
3.3187,0.2297,38.58,94,92,209335
3.3724,0.2346,38.58,94,92,209338
3.1867,0.2346,38.62,94,92,209342
2.9130,0.2297,38.65,94,92,209345
2.6393,0.2493,38.55,94,92,209348
2.2923,0.2297,38.65,94,92,209352
2.0577,0.2346,38.52,94,92,209355
1.8084,0.2395,38.55,94,92,209358
1.6618,0.2102,38.62,94,92,209361
1.5543,0.2346,38.52,94,92,209366
1.4907,0.2346,38.62,94,92,209369
1.4223,0.2297,38.40,94,92,209372
1.3734,0.2346,38.55,94,92,209376
1.3636,0.2297,38.62,94,92,209379
1.4027,0.2346,38.71,94,92,209382
1.4272,0.2248,38.68,94,92,209386
1.4956,0.2395,38.36,94,92,209389
1.4663,0.2297,38.52,94,92,209392
1.4809,0.2346,38.65,94,92,209396
1.4907,0.2297,38.58,94,92,209399
1.5103,0.2297,38.68,94,92,209402
1.5885,0.2590,38.40,94,92,209405
1.5934,0.2346,38.55,94,92,209410
1.6080,0.2248,38.55,94,92,209413
1.6129,0.2346,38.65,94,92,209416
1.6178,0.2248,38.68,94,92,209420
1.6569,0.2737,38.43,94,92,209423
1.6422,0.2346,38.58,94,92,209426
1.6716,0.2297,38.49,94,92,209430
1.6813,0.2346,38.65,94,92,209433
1.6911,0.2297,38.65,94,92,209436
1.7302,0.2444,38.52,94,92,209440
1.7009,0.2297,38.62,94,92,209443
1.7204,0.2395,38.52,94,92,209446
1.7009,0.2346,38.62,94,92,209449
1.7058,0.2297,38.62,94,92,209454
1.7058,0.2346,38.52,94,92,209457
1.6960,0.2346,38.62,94,92,209460
1.7253,0.2297,38.46,94,92,209464
1.7009,0.2297,38.62,94,92,209467
1.7204,0.2346,38.65,94,92,209470
1.7498,0.2297,38.55,94,92,209474
1.7351,0.2248,38.62,94,92,209477
1.7595,0.2297,38.40,94,92,209480
1.7351,0.2444,38.52,94,92,209483
1.7204,0.2639,38.62,94,92,209487
1.7498,0.2297,38.58,94,92,209490
1.7400,0.2297,38.24,94,92,209494
1.7840,0.2395,38.33,94,92,209498
1.7400,0.2346,38.52,94,92,209501
1.7302,0.2297,38.62,94,92,209504
1.7400,0.2248,38.62,94,92,209508
1.7595,0.2102,38.65,94,92,209511
1.8231,0.2493,38.52,94,92,209514
1.7986,0.2395,38.55,94,92,209518
1.7937,0.2297,38.55,94,92,209521
1.7889,0.2297,38.62,94,92,209524
1.7937,0.2297,38.65,94,92,209527
1.8182,0.2444,38.46,94,92,209531
1.7840,0.2346,38.65,94,92,209534
1.8084,0.2346,38.52,94,92,209538
1.7937,0.2297,38.62,94,92,209542
1.8084,0.2102,38.65,94,92,209545
1.8524,0.2395,38.58,94,92,209548
1.8377,0.2346,38.62,94,92,209552
1.8719,0.2395,38.52,94,92,209555
1.8377,0.2248,38.62,94,92,209558
1.8377,0.2248,38.68,94,92,209562
1.8377,0.2346,38.46,94,92,209565
1.8377,0.2297,38.62,94,92,209568
1.8768,0.2346,38.46,94,92,209571
1.8622,0.2346,38.55,94,92,209575
1.8671,0.2199,38.62,94,92,209579
1.8817,0.2395,38.74,94,92,209582
1.8719,0.2444,38.62,94,92,209586
1.9110,0.2395,38.36,94,92,209589
1.8475,0.2297,38.58,94,92,209592
1.8524,0.2102,38.65,94,92,209596
1.8719,0.2297,38.58,94,92,209599
1.8866,0.2102,38.62,94,92,209602
1.9453,0.2493,38.43,94,92,209606
1.9208,0.2395,38.55,94,92,209609
1.9159,0.2102,38.58,94,92,209612
1.9110,0.2297,38.62,94,92,209616
1.9110,0.2199,38.62,94,92,209619
1.9501,0.2444,37.77,94,92,209623
1.9404,0.2395,38.58,94,92,209626
1.9404,0.2346,38.49,94,92,209630
1.9062,0.2297,38.62,94,92,209633
1.9257,0.2297,38.62,94,92,209636
1.9746,0.2297,38.49,94,92,209640
1.9599,0.2297,38.71,94,92,209643
1.9746,0.2395,38.49,94,92,209646
1.9208,0.2346,38.62,94,92,209650
1.9062,0.2297,38.65,94,92,209653
1.9013,0.2346,38.55,94,92,209656
1.8866,0.2346,38.55,94,92,209659
1.9013,0.2297,38.58,94,92,209664
1.8964,0.2346,38.58,94,92,209667
1.8475,0.2346,38.62,94,92,209670
1.8426,0.2395,38.52,94,92,209674
1.8133,0.2297,38.62,94,92,209677
1.8377,0.2346,38.43,94,92,209680
1.8133,0.2346,38.55,94,92,209684
1.8035,0.2346,38.65,94,92,209687
1.8231,0.2444,38.55,94,92,209690
1.7986,0.2297,38.65,94,92,209694
1.8377,0.2395,38.33,94,92,209697
1.7986,0.2297,38.55,94,92,209700
1.7986,0.2297,38.65,94,92,209703
1.8035,0.2297,38.58,94,92,209708
1.7986,0.2346,38.62,94,92,209711
1.8573,0.2297,38.43,94,92,209714
1.8182,0.2444,38.55,94,92,209718
1.8182,0.2248,38.55,94,92,209721
1.8084,0.2297,38.62,94,92,209724
1.8231,0.2297,38.65,94,92,209728
1.8328,0.2444,38.18,94,92,209731
1.8182,0.2639,38.58,94,92,209734
1.8475,0.2346,38.52,94,92,209738
1.8426,0.2297,38.65,94,92,209741
1.8573,0.2199,38.65,94,92,209744
1.8866,0.2395,38.49,94,92,209747
1.8573,0.2346,38.68,94,92,209752
1.8866,0.2395,38.52,94,92,209755
1.8671,0.2248,38.62,94,92,209758
1.9110,0.2248,38.65,94,92,209762
1.9110,0.2346,38.46,94,92,209765
1.9062,0.2297,38.62,94,92,209768
1.9550,0.2346,38.46,94,92,209772
1.9013,0.2297,38.58,94,92,209775
1.8964,0.2297,38.68,94,92,209778
1.9110,0.2395,38.55,94,92,209782
1.8915,0.2297,38.65,94,92,209785
1.9306,0.2639,38.36,94,92,209788
1.8915,0.2297,38.58,94,92,209792
1.9013,0.2297,38.65,94,92,209796
1.9208,0.2346,38.62,94,92,209799
1.9062,0.2395,38.62,94,92,209802
1.9697,0.2395,38.40,94,92,209806
1.9159,0.2346,38.40,94,92,209809
1.9013,0.2248,38.62,94,92,209812
1.9062,0.2297,38.65,94,92,209816
1.9062,0.2297,38.65,94,92,209819
1.9550,0.2444,38.43,94,92,209822
1.9306,0.2346,38.58,94,92,209826
1.9404,0.2395,38.55,94,92,209829
1.9404,0.2346,38.65,94,92,209832
1.9501,0.2297,38.65,94,92,209836
1.9746,0.2395,38.36,94,92,209840
1.9404,0.2297,38.62,94,92,209843
1.9501,0.2346,38.84,94,92,209846
1.8964,0.2346,38.62,94,92,209850
1.8768,0.2297,38.65,94,92,209853
1.8671,0.2346,38.52,94,92,209856
1.8475,0.2346,38.62,94,92,209860
1.8671,0.2346,38.52,94,92,209863
1.8182,0.2346,38.62,94,92,209866
1.8280,0.2297,38.65,94,92,209870
1.8377,0.2395,38.49,94,92,209873
1.7644,0.2395,38.58,94,92,209879
1.7595,0.2297,38.65,94,92,209882
1.8133,0.2493,38.15,94,92,209885
1.7840,0.2346,38.55,94,92,209889
1.7693,0.2248,38.55,94,92,209892
1.7791,0.2346,38.65,94,92,209895
1.7742,0.2102,38.62,94,92,209898
1.8231,0.2444,38.52,94,92,209902
1.7937,0.2346,38.58,94,92,209905
1.7937,0.2346,38.46,94,92,209908
1.7693,0.2297,38.62,94,92,209912
1.7644,0.2297,38.65,94,92,209915
1.7889,0.2395,38.52,94,92,209918
1.7889,0.2346,38.62,94,92,209923
1.8475,0.2346,38.49,94,92,209926
1.8622,0.2395,38.62,94,92,209929
1.9306,0.2297,38.65,94,92,209933
2.0577,0.2395,38.52,94,92,209936
2.1848,0.2297,38.62,94,92,209939
2.3803,0.2297,38.46,94,92,209942
2.5806,0.2297,38.52,94,92,209946
2.8250,0.2297,38.65,94,92,209949
3.1085,0.2346,38.90,94,92,209952
3.2502,0.2297,38.62,94,92,209956
3.3529,0.2639,38.40,94,92,209959
3.1672,0.2346,38.62,94,92,209963
2.8739,0.2297,38.52,94,92,209967
2.5660,0.2346,38.58,94,92,209970
2.2336,0.2297,38.65,94,92,209973
2.0137,0.2395,38.33,94,92,209976
1.7449,0.2346,38.55,94,92,209980
1.5738,0.2297,38.68,94,92,209983
1.4614,0.2297,38.08,94,92,209986
1.3783,0.2395,38.65,94,92,209990
1.3783,0.2493,38.40,94,92,209993
1.3245,0.2297,38.55,94,92,209996
1.3099,0.2297,38.62,94,92,210000
1.3294,0.2297,38.62,94,92,210003
1.3539,0.2297,38.71,94,92,210007
1.4370,0.2395,38.43,94,92,210011
1.4223,0.2346,38.65,94,92,210014
1.4418,0.2297,38.52,94,92,210017
1.4614,0.2346,38.62,94,92,210020
1.4712,0.2297,38.65,94,92,210024
1.5103,0.2346,38.55,94,92,210027
1.5103,0.2346,38.62,94,92,210030
1.5396,0.2346,38.55,94,92,210034
1.5298,0.2248,38.62,94,92,210037
1.5543,0.2297,38.65,94,92,210040
1.5738,0.2346,38.52,94,92,210044
1.5787,0.2297,38.62,94,92,210048
1.6227,0.2297,38.52,94,92,210051
1.6178,0.2346,38.62,94,92,210055
1.6227,0.2297,38.62,94,92,210058
1.6471,0.2346,38.55,94,92,210061
1.6422,0.2297,38.74,94,92,210064
1.6813,0.2346,38.40,94,92,210068
1.6716,0.2395,38.55,94,92,210071
1.6569,0.2297,38.68,94,92,210074
1.6716,0.2346,38.58,94,92,210078
1.6764,0.2346,38.65,94,92,210081
1.7351,0.2395,38.40,94,92,210084
1.7107,0.2297,38.49,94,92,210088
1.7107,0.2248,38.68,94,92,210092
1.7155,0.2395,38.62,94,92,210095
1.6960,0.2297,38.65,94,92,210099
1.7498,0.2493,38.43,94,92,210102
1.7107,0.2395,38.55,94,92,210105
1.7058,0.2297,38.55,94,92,210108
1.7009,0.2297,38.55,94,92,210112
1.6960,0.2199,38.62,94,92,210115
1.7351,0.2395,38.62,94,92,210118
1.7204,0.2493,38.62,94,92,210122
1.7302,0.2444,38.49,94,92,210125
1.7155,0.2297,38.62,94,92,210128
1.7107,0.2102,38.62,94,92,210132
1.7351,0.2444,38.55,94,92,210136
1.7058,0.2346,38.62,94,92,210139
1.7400,0.2346,38.55,94,92,210143
1.7107,0.2493,38.52,94,92,210146
1.7400,0.2199,38.65,94,92,210149
1.7400,0.2346,38.55,94,92,210152
1.7302,0.2297,38.58,94,92,210156
1.7644,0.2297,38.43,94,92,210159
1.7498,0.2297,38.65,94,92,210162
1.7595,0.2297,38.65,94,92,210166
1.7791,0.2395,38.55,94,92,210169
1.7595,0.2297,38.62,94,92,210172
1.7986,0.2395,38.36,94,92,210177
1.7546,0.2297,38.58,94,92,210180
1.7595,0.2297,38.65,94,92,210183
1.7791,0.2346,38.65,94,92,210187
1.7693,0.2297,38.62,94,92,210190
1.8475,0.2542,38.40,94,92,210193
1.7937,0.2346,38.58,94,92,210196
1.7889,0.2248,38.58,94,92,210200
1.7937,0.2346,38.62,94,92,210203
1.7937,0.2297,38.65,94,92,210206
1.8622,0.2395,38.43,94,92,210210
1.8182,0.2542,38.49,94,92,210213
1.8328,0.2444,38.49,94,92,210216
1.8280,0.2346,38.65,94,92,210221
1.8328,0.2297,38.65,94,92,210224
1.8622,0.2395,38.49,94,92,210227
1.8573,0.2297,38.62,94,92,210231
1.8817,0.2346,38.46,94,92,210234
1.8524,0.2346,38.65,94,92,210237
1.8524,0.2297,38.65,94,92,210240
1.8573,0.2297,38.52,94,92,210244
1.8475,0.2346,38.62,94,92,210247
1.8671,0.2297,38.49,94,92,210250
1.8328,0.2395,38.62,94,92,210254
1.8377,0.2297,38.65,94,92,210257
1.8622,0.2346,38.58,94,92,210260
1.8426,0.2346,38.65,94,92,210265
1.8817,0.2346,38.40,94,92,210268
1.8573,0.2199,38.52,94,92,210271
1.8377,0.2297,38.62,94,92,210275
1.8426,0.2346,38.58,94,92,210278
1.8182,0.2297,38.62,94,92,210281
1.8622,0.2395,38.40,94,92,210284
1.8182,0.2346,38.52,94,92,210288
1.8035,0.2248,38.62,94,92,210291
1.8035,0.2297,38.65,94,92,210294
1.7937,0.2297,38.68,94,92,210298
1.8475,0.2493,38.43,94,92,210301
1.8084,0.2297,38.55,94,92,210305
1.8133,0.2297,38.58,94,92,210309
1.8035,0.2297,38.65,94,92,210312
1.7986,0.2346,38.68,94,92,210315
1.8280,0.2395,38.55,94,92,210319
1.8035,0.2346,38.55,94,92,210322
1.8182,0.2199,38.49,94,92,210325
1.7937,0.2297,38.58,94,92,210328
1.7986,0.2493,38.68,94,92,210332
1.8231,0.2395,38.46,94,92,210335
1.8084,0.2835,38.58,94,92,210338
1.8328,0.2346,38.52,94,92,210342
1.8035,0.2248,38.58,94,92,210345
1.8182,0.2297,38.55,94,92,210349
1.8524,0.2346,38.49,94,92,210353
1.8426,0.2297,38.62,94,92,210356
1.8768,0.2346,38.40,94,92,210359
1.8622,0.2297,38.58,94,92,210363
1.8671,0.2297,38.68,94,92,210366
1.8817,0.2395,38.52,94,92,210369
1.8719,0.2297,38.65,94,92,210372
1.9110,0.2395,38.40,94,92,210376
1.8768,0.2248,38.58,94,92,210379
1.8866,0.2297,37.96,94,92,210382
1.9013,0.2346,38.58,94,92,210386
1.8866,0.2297,38.65,94,92,210390
1.9404,0.2444,38.33,94,92,210393
1.9208,0.2346,38.52,94,92,210397
1.8915,0.2248,38.62,94,92,210400
1.9159,0.2395,38.65,94,92,210403
1.8817,0.2297,38.62,94,92,210407
1.9404,0.2395,38.49,94,92,210410
1.9110,0.2346,38.58,94,92,210413
1.9062,0.2297,38.52,94,92,210416
1.8915,0.2346,38.62,94,92,210420
1.8964,0.2102,38.62,94,92,210423
1.9208,0.2395,38.55,94,92,210426
1.9062,0.2297,38.58,94,92,210430
1.9306,0.2346,38.49,94,92,210434
1.9013,0.2297,38.84,94,92,210437
1.9062,0.2102,38.62,94,92,210441
1.9257,0.2297,38.55,94,92,210444
1.9257,0.2444,38.62,94,92,210447
1.9648,0.2346,38.49,94,92,210451
1.9404,0.2297,38.62,94,92,210454
1.9453,0.2346,38.65,94,92,210457
1.9892,0.2395,38.55,94,92,210460
1.9844,0.2346,38.62,94,92,210464
2.0332,0.2346,38.40,94,92,210467
2.0088,0.2346,38.58,94,92,210470
1.9795,0.2297,38.62,94,92,210475
1.9746,0.2395,38.55,94,92,210478
1.9306,0.2297,38.62,94,92,210481
1.9453,0.2444,38.36,94,92,210485
1.8817,0.2395,38.55,94,92,210488
1.8328,0.2297,38.58,94,92,210492
1.8377,0.2297,38.52,94,92,210495
1.8182,0.2346,38.65,94,92,210498
1.7986,0.2297,38.68,94,92,210502
1.8084,0.2395,38.58,94,92,210505
1.7937,0.2346,38.62,94,92,210508
1.8035,0.2346,38.49,94,92,210511
1.7986,0.2346,38.65,94,92,210515
1.7889,0.2346,38.65,94,92,210519
1.8182,0.2444,38.46,94,92,210522
1.7986,0.2297,38.62,94,92,210526
1.8231,0.2297,38.65,94,92,210529
1.7986,0.2297,38.55,94,92,210532
1.8035,0.2297,38.65,94,92,210536
1.8231,0.2395,38.43,94,92,210539
1.8182,0.2346,38.62,94,92,210542
1.8475,0.2346,38.46,94,92,210546
1.8280,0.2297,38.58,94,92,210549
1.8475,0.2297,38.62,94,92,210552
1.8817,0.2346,38.62,94,92,210555
1.9013,0.2688,38.62,94,92,210560
1.9941,0.2395,38.33,94,92,210563
2.0283,0.2590,38.55,94,92,210566
2.1457,0.2248,38.62,94,92,210570
2.2825,0.2346,38.62,94,92,210573
2.4536,0.2395,38.65,94,92,210576
2.7517,0.2493,38.43,94,92,210580
2.9326,0.2395,38.46,94,92,210583
3.1329,0.2297,38.55,94,92,210586
3.2551,0.2297,38.52,94,92,210590
3.2502,0.2395,38.65,94,92,210593
3.0938,0.2395,38.46,94,92,210596
2.7566,0.2493,38.58,94,92,210599
2.4878,0.2395,38.49,94,92,210604
2.1554,0.2297,38.68,94,92,210607
1.9208,0.2297,38.65,94,92,210610
1.7595,0.2395,38.52,94,92,210614
1.5885,0.2297,38.71,94,92,210617
1.5054,0.2444,38.55,94,92,210620
1.4125,0.2297,38.65,94,92,210624
1.3832,0.2542,38.62,94,92,210627
1.3734,0.2297,38.52,94,92,210630
1.3539,0.2297,38.68,94,92,210634
1.3734,0.2346,38.49,94,92,210637
1.3783,0.2297,38.65,94,92,210640
1.3978,0.2297,38.68,94,92,210643
1.4321,0.2346,38.58,94,92,210648
1.4321,0.2297,38.71,94,92,210651
1.4809,0.2444,38.43,94,92,210654
1.4809,0.2346,38.58,94,92,210658
1.4614,0.2297,38.65,94,92,210661
1.5005,0.2346,38.58,94,92,210664
1.5005,0.2297,38.65,94,92,210668
1.5543,0.2395,38.40,94,92,210671
1.5347,0.2346,38.49,94,92,210674
1.5249,0.2248,38.62,94,92,210677
1.5543,0.2297,38.84,94,92,210681
1.5591,0.2199,38.65,94,92,210684
1.6080,0.2493,38.46,94,92,210688
1.5934,0.2688,38.58,94,92,210692
1.6178,0.2297,38.52,94,92,210695
1.5934,0.2297,38.62,94,92,210698
1.6325,0.2297,38.65,94,92,210702
1.6276,0.2395,38.55,94,92,210705
1.6080,0.2248,38.62,94,92,210708
1.6276,0.2346,38.52,94,92,210712
1.6227,0.2395,38.65,94,92,210715
1.6227,0.2297,38.65,94,92,210718
1.6569,0.2444,38.52,94,92,210722
1.6667,0.2395,38.58,94,92,210725
1.6618,0.2297,38.49,94,92,210728
1.6373,0.2297,38.52,94,92,210732
1.6373,0.2395,38.65,94,92,210736
1.6618,0.2346,38.02,94,92,210739
1.6471,0.2297,38.68,94,92,210742
1.6764,0.2346,38.43,94,92,210746
1.6569,0.2297,38.15,94,92,210749
1.6569,0.2346,38.62,94,92,210752
1.6813,0.2297,38.55,94,92,210756
1.6716,0.2297,38.74,94,92,210759
1.7449,0.2444,38.36,94,92,210762
1.6716,0.2395,38.55,94,92,210766
1.6813,0.2297,38.65,94,92,210769
1.6813,0.2297,38.58,94,92,210772
1.6813,0.2297,38.65,94,92,210776
1.7400,0.2493,38.40,94,92,210780
1.7107,0.2493,38.55,94,92,210783
1.7107,0.2102,38.55,94,92,210786
1.7204,0.2346,38.62,94,92,210790
1.7253,0.2346,38.62,94,92,210793
1.7693,0.2395,38.49,94,92,210796
1.7546,0.2395,38.58,94,92,210800
1.7742,0.2346,38.52,94,92,210803
1.7595,0.2297,38.62,94,92,210806
1.7644,0.2297,38.68,94,92,210810
1.7889,0.2395,38.62,94,92,210813
1.7693,0.2346,38.62,94,92,210817
1.7986,0.2346,38.58,94,92,210820
1.7644,0.2297,38.68,94,92,210824
1.7693,0.2395,38.65,94,92,210827
1.7889,0.2346,38.52,94,92,210830
1.7840,0.2297,37.87,94,92,210834
1.8133,0.2395,38.46,94,92,210837
1.7986,0.2297,38.68,94,92,210840
1.8035,0.2297,38.65,94,92,210844
1.8622,0.2395,38.55,94,92,210847
1.8182,0.2297,37.96,94,92,210850
1.8622,0.2444,38.40,94,92,210854
1.8524,0.2297,38.52,94,92,210857
1.8377,0.2297,38.84,94,92,210861
1.8573,0.2346,38.62,94,92,210864
1.8475,0.2297,37.87,94,92,210868
1.9013,0.2639,38.33,94,92,210871
1.8622,0.2297,38.49,94,92,210874
1.8524,0.2248,38.58,94,92,210878
1.8768,0.2346,38.62,94,92,210881
1.8524,0.2297,38.65,94,92,210884
1.9013,0.2493,38.46,94,92,210888
1.8622,0.2297,38.58,94,92,210891
1.8622,0.2297,38.58,94,92,210894
1.8426,0.2346,38.68,94,92,210898
1.8377,0.2297,38.68,94,92,210902
1.8622,0.2395,38.52,94,92,210905
1.8671,0.2346,38.62,94,92,210908
1.8622,0.2297,38.49,94,92,210912
1.8524,0.2346,38.62,94,92,210915
1.8573,0.2297,38.62,94,92,210918
1.8915,0.2395,38.46,94,92,210922
1.8622,0.2297,38.62,94,92,210925
1.8964,0.2297,38.62,94,92,210928
1.8719,0.2346,38.55,94,92,210932
1.8817,0.2297,38.65,94,92,210935
1.9013,0.2346,38.49,94,92,210938
1.8866,0.2346,38.62,94,92,210942
1.9159,0.2346,38.49,94,92,210946
1.8915,0.2346,38.58,94,92,210949
1.8768,0.2297,38.62,94,92,210952
1.8964,0.2346,38.49,94,92,210956
1.8817,0.2297,38.68,94,92,210959
1.9257,0.2395,38.40,94,92,210962
1.8866,0.2199,38.55,94,92,210966
1.8964,0.2297,38.62,94,92,210969
1.9013,0.2346,38.55,94,92,210972
1.8964,0.2297,38.65,94,92,210976
1.9453,0.2493,38.43,94,92,210979
1.8964,0.2395,38.55,94,92,210982
1.8768,0.2297,38.55,94,92,210987
1.8671,0.2542,38.62,94,92,210990
1.8671,0.2297,38.65,94,92,210993
1.9013,0.2542,38.43,94,92,210997
1.8768,0.2346,38.58,94,92,211000
1.8866,0.2297,38.46,94,92,211003
1.8573,0.2346,38.62,94,92,211006
1.8622,0.2297,38.65,94,92,211010
1.8817,0.2297,38.49,94,92,211013
1.8964,0.2346,38.62,94,92,211016
1.8915,0.2395,38.55,94,92,211020
1.8622,0.2346,38.62,94,92,211023
1.8671,0.2297,38.65,94,92,211026
1.8719,0.2444,38.55,94,92,211031
1.8622,0.2297,38.62,94,92,211034
1.8915,0.2346,38.40,94,92,211037
1.8622,0.2346,38.65,94,92,211041
1.8719,0.2297,38.65,94,92,211044
1.8964,0.2395,38.52,94,92,211047
1.8768,0.2297,38.65,94,92,211050
1.9208,0.2444,38.33,94,92,211054
1.8964,0.2395,38.52,94,92,211057
1.8817,0.2297,38.65,94,92,211060
1.9062,0.2395,38.58,94,92,211064
1.9062,0.2297,38.62,94,92,211067
1.9648,0.2493,38.36,94,92,211070
1.9355,0.2297,38.49,94,92,211075
1.9306,0.2248,38.62,94,92,211078
1.9453,0.2395,38.62,94,92,211081
1.9550,0.2346,38.62,94,92,211085
2.0137,0.2444,37.74,94,92,211088
1.9892,0.2444,38.62,94,92,211091
1.9892,0.2346,38.52,94,92,211094
1.9795,0.2297,38.65,94,92,211098
1.8768,0.2297,38.58,94,92,211101
1.8622,0.2248,38.62,94,92,211105
1.8817,0.2395,38.52,94,92,211108
1.8475,0.2542,38.68,94,92,211111
1.8671,0.2346,38.43,94,92,211116
1.8377,0.2297,38.52,94,92,211119
1.8280,0.2297,38.68,94,92,211122
1.8377,0.2395,38.58,94,92,211126
1.8035,0.2542,38.62,94,92,211129
1.8573,0.2346,38.36,94,92,211132
1.7986,0.2248,38.55,94,92,211136
1.7840,0.2102,38.65,94,92,211139
1.7986,0.2297,38.62,94,92,211142
1.7889,0.2346,38.58,94,92,211145
1.8671,0.2493,38.40,94,92,211149
1.8035,0.2297,38.52,94,92,211152
1.7937,0.2248,38.58,94,92,211155
1.8035,0.2346,38.68,94,92,211160
1.7986,0.2297,38.62,94,92,211163
1.8426,0.2444,38.49,94,92,211166
1.8035,0.2346,38.58,94,92,211170
1.8035,0.2297,38.55,94,92,211173
1.8035,0.2346,38.62,94,92,211176
1.7937,0.2297,38.65,94,92,211180
1.8524,0.2395,38.43,94,92,211183
1.8622,0.2297,38.62,94,92,211186
1.9257,0.2346,38.58,94,92,211189
1.9648,0.2248,38.68,94,92,211193
2.0479,0.2297,38.62,94,92,211196
2.1896,0.2395,38.49,94,92,211200
2.3216,0.2346,38.62,94,92,211204
2.5562,0.2346,38.52,94,92,211207
2.7468,0.2542,38.58,94,92,211210
2.9961,0.2297,38.62,94,92,211214
3.2209,0.2346,38.49,94,92,211217
3.2942,0.2297,38.65,94,92,211220
3.2893,0.2346,38.40,94,92,211224
3.0156,0.2297,38.74,94,92,211227
2.7175,0.2395,38.68,94,92,211230
2.4340,0.2395,38.58,94,92,211233
2.1408,0.2297,38.65,94,92,211237
1.9648,0.2444,38.36,94,92,211240
1.7546,0.2395,37.83,94,92,211244
1.6080,0.2297,38.62,94,92,211248
1.5249,0.2346,38.62,94,92,211251
1.4614,0.2297,38.62,94,92,211254
1.4761,0.2493,38.43,94,92,211258
1.4223,0.2444,38.52,94,92,211261
1.3978,0.2297,38.55,94,92,211264
1.4027,0.2346,38.74,94,92,211268
1.4076,0.2297,38.62,94,92,211271
1.4565,0.2395,38.46,94,92,211274
1.4516,0.2346,38.62,94,92,211277
1.4712,0.2297,38.55,94,92,211281
1.4809,0.2297,38.62,94,92,211284
1.4907,0.2297,38.71,94,92,211288
1.5298,0.2297,38.58,94,92,211292
1.5347,0.2346,38.62,94,92,211295
1.5738,0.2346,38.46,94,92,211298
1.5738,0.2297,38.65,94,92,211302
1.5787,0.2297,38.65,94,92,211305
1.6129,0.2444,38.52,94,92,211308
1.6129,0.2297,38.71,94,92,211312
1.6422,0.2297,38.46,94,92,211315
1.6325,0.2297,38.52,94,92,211318
1.6325,0.2297,38.65,94,92,211321
1.6667,0.2444,38.52,94,92,211325
1.6422,0.2297,38.62,94,92,211329
1.6716,0.2297,38.36,94,92,211332
1.6422,0.2346,38.55,94,92,211336
1.6373,0.2297,38.77,94,92,211339
1.6471,0.2346,38.58,94,92,211342
1.6422,0.2297,38.65,94,92,211346
1.7009,0.2444,37.68,94,92,211349
1.6716,0.2346,38.55,94,92,211352
1.6716,0.2102,38.62,94,92,211356
1.6911,0.2297,38.52,94,92,211359
1.6862,0.2297,38.68,94,92,211362
1.7400,0.2493,38.81,94,92,211365
1.7058,0.2590,38.62,94,92,211369
1.7107,0.2346,38.52,94,92,211373
1.7058,0.2297,38.49,94,92,211376
1.7058,0.2346,38.62,94,92,211380
1.7400,0.2297,38.46,94,92,211383
1.7155,0.2297,38.52,94,92,211386
1.7449,0.2346,38.49,94,92,211390
1.7351,0.2297,38.62,94,92,211393
1.7400,0.2297,38.62,94,92,211396
1.7644,0.2395,38.55,94,92,211399
1.7351,0.2297,38.62,94,92,211403
1.7449,0.2395,37.77,94,92,211406
1.7107,0.2199,38.62,94,92,211409
1.7155,0.2297,38.65,94,92,211414
1.7351,0.2346,38.52,94,92,211417
1.7351,0.2199,38.65,94,92,211420
1.7644,0.2297,38.43,94,92,211424
1.7351,0.2248,38.68,94,92,211427
1.7498,0.2297,38.62,94,92,211430
1.7791,0.2395,38.62,94,92,211434
1.7840,0.2297,38.62,94,92,211437
1.8231,0.2395,38.40,94,92,211440
1.7986,0.2297,38.52,94,92,211443
1.7791,0.2395,38.68,94,92,211447
1.7986,0.2346,38.62,94,92,211450
1.7937,0.2542,38.62,94,92,211453
1.8475,0.2493,38.36,94,92,211458
1.8133,0.2346,38.52,94,92,211461
1.8182,0.2248,38.58,94,92,211464
1.8231,0.2297,38.40,94,92,211468
1.8280,0.2395,38.68,94,92,211471
1.8866,0.2444,38.49,94,92,211474
1.8768,0.2297,38.49,94,92,211478
1.9013,0.2590,38.55,94,92,211481
1.9110,0.2346,38.62,94,92,211484
1.9159,0.2297,38.30,94,92,211487
1.9404,0.2248,38.55,94,92,211491
1.9159,0.2346,38.62,94,92,211494
1.9306,0.2346,37.71,94,92,211497
1.9110,0.2102,38.62,94,92,211502
1.9110,0.2297,38.65,94,92,211505
1.9453,0.2395,38.46,94,92,211508
1.9159,0.2297,38.62,94,92,211512
1.9306,0.2297,38.49,94,92,211515
1.8866,0.2297,38.55,94,92,211518
1.8866,0.2297,38.18,94,92,211522
1.9257,0.2346,38.49,94,92,211525
1.8866,0.2297,38.65,94,92,211528
1.9306,0.2346,38.36,94,92,211531
1.9110,0.2346,38.58,94,92,211535
1.9013,0.2297,38.65,94,92,211538
1.9062,0.2639,38.55,94,92,211542
1.8719,0.2102,38.62,94,92,211546
1.9257,0.2395,38.65,94,92,211549
1.8915,0.2297,38.55,94,92,211552
1.8964,0.2297,38.65,94,92,211556
1.9013,0.2395,38.62,94,92,211559
1.8915,0.2346,38.62,94,92,211562
1.9404,0.2493,38.49,94,92,211566
1.8964,0.2346,38.52,94,92,211569
1.8622,0.2248,38.55,94,92,211572
1.8768,0.2346,38.62,94,92,211575
1.8280,0.2297,38.62,94,92,211579
1.8622,0.2395,38.46,94,92,211582
1.8328,0.2297,38.58,94,92,211586
1.8328,0.2297,38.52,94,92,211590
1.8084,0.2395,38.62,94,92,211593
1.8084,0.2297,38.65,94,92,211596
1.8280,0.2395,38.52,94,92,211600
1.8035,0.2346,38.58,94,92,211603
1.8280,0.2346,38.52,94,92,211606
1.7986,0.2297,38.65,94,92,211609
1.8182,0.2297,38.65,94,92,211613
1.8377,0.2346,38.55,94,92,211616
1.8377,0.2297,38.62,94,92,211619
1.8524,0.2297,38.49,94,92,211623
1.8133,0.2297,38.62,94,92,211627
1.8280,0.2297,38.74,94,92,211630
1.8622,0.2395,38.52,94,92,211634
1.8426,0.2297,38.65,94,92,211637
1.8866,0.2346,38.40,94,92,211640
1.8524,0.2346,38.52,94,92,211644
1.8231,0.2297,38.65,94,92,211647
1.8622,0.2395,38.55,94,92,211650
1.8182,0.2297,38.62,94,92,211653
1.8768,0.2395,38.30,94,92,211657
1.8280,0.2346,38.52,94,92,211660
1.8231,0.2248,38.62,94,92,211663
1.8377,0.2395,38.62,94,92,211667
1.8524,0.2297,38.65,94,92,211671
1.9208,0.2493,38.46,94,92,211674
1.8915,0.2395,38.58,94,92,211678
1.8866,0.2297,38.55,94,92,211681
1.8719,0.2297,38.71,94,92,211684
1.8622,0.2297,38.65,94,92,211688
1.8817,0.2395,38.71,94,92,211691
1.8622,0.2444,38.58,94,92,211694
1.9159,0.2346,38.52,94,92,211697
1.8719,0.2297,38.62,94,92,211701
1.9062,0.2248,38.62,94,92,211704
1.9208,0.2297,38.49,94,92,211707
1.9648,0.2395,38.55,94,92,211712
1.9746,0.2297,38.62,94,92,211715
2.0186,0.2346,38.36,94,92,211719
1.9599,0.2297,38.58,94,92,211722
1.9257,0.2297,38.65,94,92,211725
1.9062,0.2346,38.62,94,92,211729
1.8768,0.2248,38.62,94,92,211732
1.9013,0.2395,38.33,94,92,211735
1.8328,0.2297,38.55,94,92,211739
1.8035,0.2248,38.62,94,92,211742
1.7889,0.2346,38.62,94,92,211745
1.7791,0.2297,38.65,94,92,211748
1.8328,0.2444,38.40,94,92,211752
1.8133,0.2395,38.58,94,92,211756
1.8182,0.2297,38.58,94,92,211759
1.8035,0.2199,38.62,94,92,211763
1.8084,0.2297,38.65,94,92,211766
1.8328,0.2395,38.52,94,92,211769
1.7791,0.2346,38.58,94,92,211773
1.7840,0.2346,38.52,94,92,211776
1.7498,0.2297,38.68,94,92,211779
1.7400,0.2542,38.65,94,92,211783
1.7644,0.2395,38.55,94,92,211786
1.7546,0.2297,38.65,94,92,211789
1.7791,0.2395,38.52,94,92,211792
1.7693,0.2297,38.65,94,92,211796
1.7302,0.2297,38.71,94,92,211800
1.7449,0.2346,38.55,94,92,211803
1.7693,0.2102,38.62,94,92,211807
1.8035,0.2346,38.52,94,92,211810
1.8035,0.2199,38.68,94,92,211813
1.7840,0.2346,38.65,94,92,211817
1.8231,0.2395,38.62,94,92,211820
1.8573,0.2297,38.68,94,92,211823
1.9599,0.2297,38.36,94,92,211826
2.0381,0.2395,38.52,94,92,211830
2.1505,0.2248,38.62,94,92,211833
2.3412,0.2346,38.58,94,92,211836
2.5464,0.2297,38.65,94,92,211841
2.8983,0.2395,38.33,94,92,211844
3.0743,0.2297,38.49,94,92,211847
3.2502,0.2346,38.62,94,92,211851
3.3284,0.2346,38.62,94,92,211854
3.2014,0.2297,38.84,94,92,211857
3.0010,0.2395,38.46,94,92,211861
2.6149,0.2346,38.65,94,92,211864
2.2923,0.2297,38.55,94,92,211867
2.0186,0.2444,38.62,94,92,211870
1.7986,0.2297,38.62,94,92,211874
1.6471,0.2395,38.46,94,92,211877
1.4956,0.2346,38.68,94,92,211880
1.4272,0.2346,38.52,94,92,211885
1.3636,0.2346,38.62,94,92,211888
1.3490,0.2248,38.65,94,92,211891
1.3832,0.2444,38.58,94,92,211895
1.3930,0.2346,38.68,94,92,211898
1.4467,0.2346,38.52,94,92,211901
1.4418,0.2248,38.52,94,92,211904
1.4565,0.2395,38.65,94,92,211908
1.4858,0.2346,38.58,94,92,211911
1.4907,0.2346,38.58,94,92,211914
1.5347,0.2346,38.43,94,92,211918
1.5298,0.2297,38.58,94,92,211921
1.5347,0.2248,38.62,94,92,211924
1.5591,0.2346,38.55,94,92,211929
1.5543,0.2297,38.68,94,92,211932
1.5982,0.2590,38.36,94,92,211935
1.5787,0.2248,38.62,94,92,211939
1.5934,0.2297,38.71,94,92,211942
1.6080,0.2346,38.62,94,92,211945
1.5982,0.2297,38.62,94,92,211948
1.6471,0.2444,38.33,94,92,211952
1.6227,0.2346,38.55,94,92,211955
1.6276,0.2248,38.52,94,92,211958
1.6422,0.2297,38.62,94,92,211962
1.6373,0.2297,38.71,94,92,211965
1.6813,0.2346,38.43,94,92,211969
1.6471,0.2346,38.65,94,92,211973
1.6471,0.2297,38.49,94,92,211976
1.6618,0.2199,38.62,94,92,211979
1.6471,0.2297,38.65,94,92,211983
1.6862,0.2297,38.55,94,92,211986
1.6813,0.2346,38.65,94,92,211989
1.6960,0.2297,38.43,94,92,211992
1.6618,0.2297,38.62,94,92,211996
1.6667,0.2297,38.65,94,92,211999
1.6813,0.2346,38.55,94,92,212002
1.6862,0.2346,38.65,94,92,212006
1.7204,0.2297,38.49,94,92,212009
1.7009,0.2248,38.68,94,92,212013
1.7302,0.2199,38.62,94,92,212017
1.7351,0.2346,38.81,94,92,212020
1.7253,0.2102,38.65,94,92,212023
1.7498,0.2297,38.40,94,92,212027
1.7302,0.2493,38.55,94,92,212030
1.7302,0.2199,38.68,94,92,212033
1.7498,0.2346,38.49,94,92,212036
1.7351,0.2542,38.62,94,92,212040
1.8084,0.2395,38.36,94,92,212043
1.7400,0.2346,38.52,94,92,212046
1.7351,0.2346,38.65,94,92,212050
1.7449,0.2297,38.62,94,92,212054
1.7449,0.2590,38.65,94,92,212057
1.7986,0.2395,38.40,94,92,212061
1.7693,0.2346,38.55,94,92,212064
1.7644,0.2248,38.52,94,92,212067
1.7595,0.2297,38.65,94,92,212071
1.7498,0.2297,38.65,94,92,212074
1.7791,0.2444,38.49,94,92,212077
1.7449,0.2297,38.62,94,92,212080
1.7644,0.2346,38.55,94,92,212084
1.7546,0.2346,38.62,94,92,212087
1.7595,0.2297,38.65,94,92,212090
1.7937,0.2688,38.49,94,92,212094
1.7742,0.2297,38.62,94,92,212098
1.7986,0.2395,38.49,94,92,212101
1.7840,0.2199,38.62,94,92,212105
1.7742,0.2297,38.62,94,92,212108
1.7986,0.2297,38.52,94,92,212111
1.8035,0.2297,38.62,94,92,212115
1.8328,0.2297,38.46,94,92,212118
1.8280,0.2346,38.68,94,92,212121
1.8328,0.2297,38.65,94,92,212124
1.8524,0.2395,38.52,94,92,212128
1.8622,0.2346,38.65,94,92,212131
1.8817,0.2346,38.36,94,92,212134
1.8426,0.2297,38.58,94,92,212139
1.8524,0.2102,38.62,94,92,212142
1.8622,0.2297,38.58,94,92,212145
1.8426,0.2297,38.62,94,92,212149
1.8964,0.2297,38.33,94,92,212152
1.8622,0.2346,38.62,94,92,212155
1.8426,0.2248,38.55,94,92,212159
1.8475,0.2297,38.71,94,92,212162
1.8426,0.2297,38.62,94,92,212165
1.9013,0.2444,38.43,94,92,212168
1.8573,0.2346,38.58,94,92,212172
1.8475,0.2248,38.55,94,92,212175
1.8377,0.2297,38.65,94,92,212178
1.8328,0.2297,38.65,94,92,212183
1.8622,0.2395,38.49,94,92,212186
1.8377,0.2346,38.65,94,92,212189
1.8475,0.2297,38.52,94,92,212193
1.8280,0.2346,38.68,94,92,212196
1.8133,0.2297,38.65,94,92,212199
1.8182,0.2346,38.55,94,92,212202
1.8377,0.2346,38.62,94,92,212206
1.8231,0.2346,37.80,94,92,212209
1.8231,0.2102,38.65,94,92,212212
1.7937,0.2297,38.62,94,92,212216
1.8231,0.2346,38.49,94,92,212219
1.8035,0.2297,38.62,94,92,212222
1.8328,0.2297,38.43,94,92,212227
1.8182,0.2346,38.52,94,92,212230
1.8084,0.2102,38.65,94,92,212233
1.8280,0.2737,38.52,94,92,212237
1.8035,0.2346,38.65,94,92,212240
1.8524,0.2297,38.36,94,92,212243
1.8231,0.2297,38.55,94,92,212246
1.8231,0.2297,38.65,94,92,212250
1.8280,0.2297,38.58,94,92,212253
1.8133,0.2248,38.62,94,92,212256
1.8671,0.2493,38.36,94,92,212260
1.8231,0.2395,38.55,94,92,212263
1.8182,0.2248,38.58,94,92,212267
1.8182,0.2297,38.65,94,92,212271
1.8133,0.2346,38.68,94,92,212274
1.8622,0.2444,38.49,94,92,212277
1.8426,0.2346,38.58,94,92,212281
1.8426,0.2297,38.52,94,92,212284
1.8231,0.2102,38.65,94,92,212287
1.8231,0.2297,38.65,94,92,212291
1.8475,0.2639,38.52,94,92,212294
1.8280,0.2346,38.62,94,92,212297
1.8524,0.2395,38.52,94,92,212300
1.8280,0.2297,38.58,94,92,212304
1.8377,0.2297,38.62,94,92,212307
1.8524,0.2688,38.52,94,92,212311
1.8768,0.2297,38.65,94,92,212315
1.8671,0.2297,38.46,94,92,212318
1.9159,0.2395,38.36,94,92,212322
1.8768,0.2248,38.55,94,92,212325
1.8964,0.2297,38.62,94,92,212328
1.9013,0.2297,38.62,94,92,212332
1.9013,0.2297,38.65,94,92,212335
1.9746,0.2493,38.46,94,92,212338
1.9648,0.2346,38.55,94,92,212342
1.9453,0.2248,38.55,94,92,212345
1.9355,0.2346,38.68,94,92,212348
1.9159,0.2297,38.65,94,92,212353
1.9453,0.2395,38.52,94,92,212356
1.9208,0.2346,38.62,94,92,212359
1.8719,0.2346,38.49,94,92,212362
1.8231,0.2297,38.81,94,92,212366
1.8035,0.2346,38.62,94,92,212369
1.8133,0.2395,38.55,94,92,212372
1.7889,0.2297,38.62,94,92,212376
1.8035,0.2395,38.52,94,92,212379
1.7644,0.2297,38.65,94,92,212382
1.7546,0.2590,38.62,94,92,212386
1.7644,0.2346,38.55,94,92,212389
1.7253,0.2346,38.65,94,92,212392
1.7351,0.2297,38.46,94,92,212396
1.7058,0.2297,38.65,94,92,212400
1.7058,0.2297,38.74,94,92,212403
1.7253,0.2297,38.55,94,92,212406
1.7107,0.2297,38.65,94,92,212410
1.7546,0.2346,38.40,94,92,212413
1.7302,0.2297,38.52,94,92,212416
1.7155,0.2297,38.11,94,92,212420
1.7351,0.2346,38.58,94,92,212423
1.7204,0.2297,38.65,94,92,212426
1.7693,0.2395,38.33,94,92,212430
1.7400,0.2346,38.49,94,92,212433
1.7253,0.2199,38.58,94,92,212436
1.7302,0.2395,38.58,94,92,212440
1.7302,0.2199,38.65,94,92,212444
1.7986,0.2444,38.46,94,92,212447
1.7889,0.2248,38.58,94,92,212450
1.8328,0.2297,38.55,94,92,212454
1.8768,0.2297,38.62,94,92,212457
1.9550,0.2346,38.65,94,92,212460
2.1212,0.2395,38.55,94,92,212464
2.2630,0.2297,38.62,94,92,212467
2.5024,0.2346,38.49,94,92,212470
2.7077,0.2297,38.87,94,92,212474
2.9472,0.2346,38.65,94,92,212477
3.1916,0.2395,38.49,94,92,212481
3.2356,0.2297,38.62,94,92,212484
3.1965,0.2346,38.52,94,92,212488
2.9130,0.2248,38.55,94,92,212491
2.5953,0.2297,38.62,94,92,212494
2.3069,0.2346,38.52,94,92,212498
2.0137,0.2297,38.55,94,92,212501
1.8182,0.2639,38.46,94,92,212504
1.6227,0.2297,38.55,94,92,212508
1.4956,0.2297,38.65,94,92,212511
1.4321,0.2346,38.58,94,92,212514
1.3636,0.2297,38.40,94,92,212518
1.3734,0.2297,38.36,94,92,212521
1.3294,0.2297,38.55,94,92,212525
1.3343,0.2346,38.68,94,92,212528
1.3441,0.2297,38.62,94,92,212532
1.3734,0.2444,38.65,94,92,212535
1.4370,0.2493,38.40,94,92,212538
1.4223,0.2297,38.55,94,92,212542
1.4321,0.2248,38.58,94,92,212545
1.4516,0.2297,38.68,94,92,212548
1.4663,0.2297,38.65,94,92,212552
1.5152,0.2346,38.46,94,92,212555
1.5103,0.2346,38.49,94,92,212558
1.5298,0.2346,38.58,94,92,212562
1.5298,0.2297,38.65,94,92,212566
1.5445,0.2297,38.58,94,92,212569
1.5934,0.2346,38.49,94,92,212572
1.5738,0.2297,38.62,94,92,212576
1.6031,0.2395,38.55,94,92,212579
1.6178,0.2102,38.65,94,92,212582
1.5934,0.2297,38.74,94,92,212586
1.6080,0.2346,38.55,94,92,212589
1.6080,0.2297,38.65,94,92,212592
1.6471,0.2297,38.46,94,92,212596
1.6373,0.2346,38.62,94,92,212599
1.6471,0.2297,38.62,94,92,212602
1.6716,0.2395,38.55,94,92,212606
1.6569,0.2297,38.68,94,92,212610
1.6960,0.2346,38.40,94,92,212613
1.6813,0.2444,38.55,94,92,212616
1.6667,0.2297,38.68,94,92,212620
1.6862,0.2346,38.55,94,92,212623
1.6813,0.2297,38.65,94,92,212626
1.7253,0.2395,37.71,94,92,212630
1.6960,0.2346,38.52,94,92,212633
1.6911,0.2102,38.65,94,92,212636
1.6960,0.2346,38.62,94,92,212640
1.6960,0.2346,38.65,94,92,212643
1.7498,0.2444,38.43,94,92,212646
1.7155,0.2346,38.62,94,92,212651
1.7155,0.2444,38.52,94,92,212654
1.7204,0.2297,38.65,94,92,212657
1.7204,0.2297,38.65,94,92,212660
1.7791,0.2395,38.58,94,92,212664
1.7351,0.2297,38.62,94,92,212667
1.7595,0.2346,38.49,94,92,212670
1.7498,0.2297,38.62,94,92,212674
1.7644,0.2297,38.68,94,92,212677
1.7986,0.2395,38.49,94,92,212680
1.7742,0.2297,38.68,94,92,212684
1.8035,0.2639,38.49,94,92,212687
1.7742,0.2199,38.58,94,92,212690
1.7840,0.2297,38.65,94,92,212695
1.7986,0.2444,38.49,94,92,212698
1.7889,0.2346,38.65,94,92,212701
1.8182,0.2297,38.43,94,92,212704
1.7986,0.2346,38.68,94,92,212708
1.8035,0.2297,38.68,94,92,212711
1.8231,0.2395,38.55,94,92,212714
1.8377,0.2297,38.65,94,92,212718
1.8524,0.2395,38.36,94,92,212721
1.8133,0.2102,38.58,94,92,212724
1.8231,0.2297,38.65,94,92,212728
1.8377,0.2542,38.62,94,92,212731
1.8328,0.2297,38.62,94,92,212734
1.8915,0.2493,38.36,94,92,212739
1.8671,0.2346,38.55,94,92,212742
1.8622,0.2248,38.62,94,92,212745
1.8768,0.2297,38.62,94,92,212749
1.8817,0.2297,38.52,94,92,212752
1.9306,0.2444,38.46,94,92,212755
1.9062,0.2346,38.68,94,92,212758
1.9110,0.2395,38.52,94,92,212762
1.8964,0.2297,38.62,94,92,212765
1.8964,0.2297,38.55,94,92,212768
1.9355,0.2395,38.52,94,92,212772
1.9013,0.2346,38.62,94,92,212775
1.9257,0.2346,38.74,94,92,212779
1.8915,0.2199,38.65,94,92,212783
1.8817,0.2297,38.62,94,92,212786
1.8866,0.2297,38.52,94,92,212789
1.8768,0.2346,38.62,94,92,212792
1.8964,0.2346,38.46,94,92,212796
1.8622,0.2346,38.68,94,92,212799
1.8671,0.2297,38.62,94,92,212802
1.8866,0.2395,38.52,94,92,212806
1.8573,0.2297,38.62,94,92,212809
1.8915,0.2346,38.46,94,92,212812
1.8622,0.2395,38.55,94,92,212816
1.8426,0.2346,38.68,94,92,212819
1.8524,0.2346,38.55,94,92,212823
1.8426,0.2248,38.62,94,92,212827
1.8817,0.2395,38.33,94,92,212830
1.8768,0.2346,38.52,94,92,212833
1.8328,0.2248,38.65,94,92,212837
1.8280,0.2297,38.65,94,92,212840
1.8377,0.2248,38.65,94,92,212843
1.8671,0.2297,38.46,94,92,212846
1.8280,0.2542,38.46,94,92,212850
1.8328,0.2248,38.52,94,92,212853
1.8182,0.2297,38.87,94,92,212856
1.8084,0.2102,38.62,94,92,212860
1.8475,0.2395,38.55,94,92,212864
1.8231,0.2297,38.71,94,92,212867
1.8426,0.2346,38.52,94,92,212871
1.8133,0.2297,38.62,94,92,212874
1.8377,0.2102,38.65,94,92,212877
1.8475,0.2346,38.49,94,92,212881
1.8133,0.2346,38.71,94,92,212884
1.8475,0.2297,38.52,94,92,212887
1.8182,0.2248,38.55,94,92,212890
1.8280,0.2346,38.65,94,92,212894
1.8524,0.2297,38.52,94,92,212897
1.8377,0.2297,38.65,94,92,212900
1.8719,0.2395,38.40,94,92,212904
1.8524,0.2297,38.46,94,92,212908
1.8622,0.2248,38.65,94,92,212911
1.8915,0.2346,38.58,94,92,212915
1.8817,0.2297,38.65,94,92,212918
1.9257,0.2395,38.33,94,92,212921
1.8817,0.2248,38.58,94,92,212924
1.8915,0.2297,38.68,94,92,212928
1.9110,0.2395,38.62,93,92,212931
1.8964,0.2297,38.65,93,92,212935
1.9062,0.2297,38.68,93,92,212938
1.9404,0.2395,38.46,93,92,212941
1.9159,0.2346,38.62,93,92,212945
1.9306,0.2346,38.49,93,92,212948
1.9110,0.2297,38.62,93,92,212952
1.9453,0.2297,38.62,93,92,212956
1.9501,0.2493,38.52,93,92,212959
1.9306,0.2248,38.65,93,92,212962
1.9746,0.2346,38.52,93,92,212966
1.9453,0.2248,38.62,93,92,212969
1.9648,0.2199,38.65,93,92,212972
1.9746,0.2297,38.58,93,92,212976
1.9746,0.2346,38.62,93,92,212979
2.0235,0.2346,38.43,93,92,212982
1.9844,0.2297,38.74,93,92,212985
1.9795,0.2199,38.62,93,92,212989
1.9892,0.2297,38.58,93,92,212993
1.9453,0.2297,38.62,93,92,212996
1.9697,0.2395,38.36,93,92,213000
1.9208,0.2346,38.62,93,92,213003
1.8817,0.2542,38.65,93,92,213006
1.8719,0.2297,38.65,93,92,213010
1.8524,0.2444,38.65,93,92,213013
1.9013,0.2542,38.40,93,92,213016
1.8524,0.2297,38.74,93,92,213020
1.8328,0.2248,38.58,93,92,213023
1.8231,0.2346,38.62,93,92,213026
1.8084,0.2297,38.71,93,92,213029
1.8377,0.2395,38.46,93,92,213033
1.8035,0.2297,38.58,93,92,213037
1.8035,0.2248,38.52,93,92,213040
1.7840,0.2493,38.62,93,92,213044
1.7840,0.2346,38.62,93,92,213047
1.8084,0.2444,38.46,93,92,213050
1.7937,0.2444,38.62,93,92,213054
1.8133,0.2297,38.49,93,92,213057
1.7840,0.2248,38.62,93,92,213060
1.7840,0.2248,38.68,93,92,213063
1.8133,0.2395,38.52,93,92,213067
1.7889,0.2346,38.58,93,92,213070
1.8377,0.2346,38.49,93,92,213073
1.7937,0.2297,38.55,93,92,213078
1.8035,0.2297,38.77,93,92,213081
1.8426,0.2346,38.49,93,92,213084
1.8426,0.2297,38.68,93,92,213088
1.9110,0.2346,38.18,93,92,213091
1.9306,0.2346,38.68,93,92,213094
1.9844,0.2297,38.62,93,92,213097
2.0968,0.2346,38.68,93,92,213101
2.1994,0.2297,38.65,93,92,213104
2.4145,0.2346,38.36,93,92,213107
2.5660,0.2297,38.55,93,92,213111
2.8104,0.2346,38.68,93,92,213114
3.0499,0.2297,38.62,93,92,213117
3.2111,0.2248,38.62,93,92,213122
3.3578,0.2493,38.40,93,92,213125
3.1769,0.2346,38.52,93,92,213128
2.8935,0.2248,38.58,93,92,213132
2.5855,0.2395,38.58,93,92,213135
2.2874,0.2346,38.62,93,92,213138
2.0870,0.2395,38.43,93,92,213141
1.8524,0.2346,38.71,93,92,213145
1.6911,0.2444,38.52,93,92,213148
1.5689,0.2346,38.62,93,92,213151
1.4809,0.2297,38.71,93,92,213155
1.4565,0.2737,38.49,93,92,213158
1.4223,0.2346,38.62,93,92,213161
1.4125,0.2297,38.49,93,92,213166
1.3978,0.2297,38.65,93,92,213169
1.4125,0.2297,38.62,93,92,213172
1.4467,0.2297,38.52,93,92,213176
1.4614,0.2248,38.65,93,92,213179
1.5054,0.2346,38.49,93,92,213182
1.4956,0.2297,38.65,93,92,213185
1.5152,0.2199,38.65,93,92,213189
1.5494,0.2346,38.58,93,92,213192
1.5445,0.2297,38.65,93,92,213195
1.5934,0.2346,38.43,93,92,213199
1.5885,0.2395,38.52,93,92,213202
1.5934,0.2199,38.62,93,92,213206
1.6227,0.2395,38.90,93,92,213210
1.6227,0.2346,38.65,93,92,213213
1.6813,0.2395,38.33,93,92,213216
1.6520,0.2297,38.49,93,92,213220
1.6520,0.2297,38.65,93,92,213223
1.6569,0.2297,38.62,93,92,213226
1.6520,0.2297,38.65,93,92,213229
1.7058,0.2395,38.43,93,92,213233
1.6764,0.2346,38.55,93,92,213236
1.6813,0.2346,38.55,93,92,213239
1.6862,0.2297,38.68,93,92,213243
1.6911,0.2395,38.62,93,92,213246
1.7302,0.2395,38.55,93,92,213250
1.7155,0.2297,38.62,93,92,213254
1.7351,0.2346,38.49,93,92,213257
1.7302,0.2297,38.55,93,92,213260
1.7351,0.2590,38.65,93,92,213264
1.7644,0.2297,38.52,93,92,213267
1.7449,0.2688,38.65,93,92,213270
1.7791,0.2346,38.52,93,92,213273
1.7546,0.2248,38.68,93,92,213277
1.7644,0.2297,38.58,93,92,213280
1.7840,0.2297,38.49,93,92,213283
1.7742,0.2297,38.65,93,92,213287
1.8084,0.2346,38.46,93,92,213291
1.7986,0.2297,38.58,93,92,213294
1.8133,0.2297,38.62,93,92,213298
1.8475,0.2346,38.58,93,92,213301
1.8328,0.2297,38.65,93,92,213304
1.8817,0.2395,38.36,93,92,213308
1.8426,0.2248,38.62,93,92,213311
1.8524,0.2297,38.58,93,92,213314
1.8524,0.2395,38.58,93,92,213317
1.8573,0.2297,38.87,93,92,213321
1.9159,0.2444,38.36,93,92,213324
1.8866,0.2297,38.55,93,92,213327
1.8817,0.2248,38.58,93,92,213331
1.8915,0.2346,38.62,93,92,213335
1.8817,0.2297,38.81,93,92,213338
1.9159,0.2395,38.43,93,92,213342
1.8915,0.2346,38.84,93,92,213345
1.8866,0.2395,38.52,93,92,213348
1.8719,0.2297,38.65,93,92,213352
1.8671,0.2297,38.65,93,92,213355
1.9013,0.2395,38.49,93,92,213358
1.8768,0.2297,38.58,93,92,213361
1.9013,0.2346,38.71,93,92,213365
1.8817,0.2346,38.68,93,92,213368
1.8964,0.2297,38.58,93,92,213371
1.9404,0.2346,38.55,93,92,213376
1.9257,0.2297,38.65,93,92,213379
1.9599,0.2297,38.46,93,92,213382
1.9404,0.2297,38.65,93,92,213386
1.9404,0.2297,38.65,93,92,213389
1.9599,0.2395,38.55,93,92,213392
1.9453,0.2297,38.58,93,92,213396
1.9892,0.2346,38.40,93,92,213399
1.9746,0.2346,38.55,93,92,213402
1.9648,0.2297,38.65,93,92,213405
1.9844,0.2346,38.58,93,92,213409
1.9648,0.2297,38.65,93,92,213412
2.0088,0.2395,38.36,93,92,213415
1.9599,0.2297,38.55,93,92,213420
1.9501,0.2248,38.65,93,92,213423
1.9550,0.2248,38.62,93,92,213426
1.9453,0.2297,38.62,93,92,213430
1.9844,0.2493,38.65,93,92,213433
1.9355,0.2346,38.55,93,92,213436
1.9208,0.2248,38.58,93,92,213440
1.9159,0.2297,38.62,93,92,213443
1.9159,0.2297,38.62,93,92,213446
1.9501,0.2395,38.49,93,92,213449
1.9599,0.2346,38.58,93,92,213453
1.9550,0.2346,38.52,93,92,213456
1.9257,0.2346,38.62,93,92,213459
1.9159,0.2297,38.65,93,92,213464
1.9453,0.2395,38.46,93,92,213467
1.8964,0.2297,38.62,93,92,213470
1.9208,0.2346,37.80,93,92,213474
1.8915,0.2395,38.58,93,92,213477
1.8915,0.2297,38.62,93,92,213480
1.9208,0.2395,38.49,93,92,213484
1.9062,0.2297,38.62,93,92,213487
1.9355,0.2297,38.43,93,92,213490
1.9013,0.2297,38.55,93,92,213494
1.8817,0.2297,38.62,93,92,213497
1.9013,0.2395,38.55,93,92,213500
1.8817,0.2248,38.62,93,92,213504
1.9648,0.2346,38.40,93,92,213508
1.8964,0.2248,38.55,93,92,213511
1.9013,0.2590,38.65,93,92,213514
1.9110,0.2346,38.62,93,92,213518
1.9062,0.2297,38.71,93,92,213521
1.9599,0.2444,38.36,93,92,213524
1.9306,0.2346,38.68,93,92,213528
1.9159,0.2248,38.62,93,92,213531
1.9355,0.2346,38.62,93,92,213534
1.9501,0.2297,38.71,93,92,213537
2.0186,0.2444,38.52,93,92,213541
1.9795,0.2395,38.52,93,92,213545
1.9697,0.2297,38.65,93,92,213549
2.0186,0.2639,38.49,93,92,213552
1.9941,0.2248,38.62,93,92,213555
2.0137,0.2297,38.55,93,92,213559
2.0381,0.2199,38.55,93,92,213562
2.0283,0.2297,38.62,93,92,213565
2.0381,0.2297,38.46,93,92,213569
1.9990,0.2297,38.65,93,92,213572
1.9990,0.2248,38.65,93,92,213575
2.0283,0.2395,38.81,93,92,213579
2.0137,0.2248,38.68,93,92,213582
2.0626,0.2346,38.36,93,92,213585
2.0430,0.2297,38.52,93,92,213588
2.0186,0.2297,38.71,93,92,213593
2.0430,0.2346,38.55,93,92,213596
2.0283,0.2297,38.62,93,92,213599
2.0870,0.2395,38.43,93,92,213603
2.0626,0.2248,38.55,93,92,213606
2.0626,0.2199,38.68,93,92,213609
2.0821,0.2346,38.62,93,92,213613
2.0772,0.2297,38.62,93,92,213616
2.1457,0.2493,38.43,93,92,213619
2.1065,0.2346,38.58,93,92,213622
2.1017,0.2248,38.71,93,92,213626
2.0919,0.2346,38.62,93,92,213629
2.0821,0.2346,38.62,93,92,213633
2.1017,0.2395,38.52,93,92,213637
2.0821,0.2395,38.62,93,92,213640
2.0479,0.2297,38.52,93,92,213643
2.0088,0.2297,38.62,93,92,213647
1.9990,0.2248,38.62,93,92,213650
2.0283,0.2297,38.49,93,92,213653
1.9844,0.2346,38.62,93,92,213656
2.0039,0.2395,38.52,93,92,213660
1.9550,0.2248,38.62,93,92,213663
1.9501,0.2248,38.65,93,92,213666
1.9746,0.2395,38.52,93,92,213670
1.9453,0.2297,38.62,93,92,213673
1.9599,0.2297,38.46,93,92,213677
1.9599,0.2297,38.52,93,92,213681
1.9355,0.2248,38.65,93,92,213684
1.9501,0.2297,38.55,93,92,213687
1.9257,0.2297,38.65,93,92,213691
1.9501,0.2346,38.11,93,92,213694
1.9013,0.2151,38.62,93,92,213697
1.9110,0.2248,38.68,93,92,213700
1.9208,0.2346,38.68,93,92,213704
1.9110,0.2297,38.65,93,92,213707
1.9599,0.2395,38.33,93,92,213710
1.9257,0.2346,38.55,93,92,213714
1.9110,0.2248,38.68,93,92,213718
1.9599,0.2346,38.58,93,92,213721
1.9208,0.2248,38.65,93,92,213725
1.9941,0.2395,38.62,93,92,213728
1.9941,0.2346,38.55,93,92,213731
2.0332,0.2248,38.93,93,92,213735
2.0919,0.2346,38.62,93,92,213738
2.2336,0.2248,38.71,93,92,213741
2.3900,0.2346,38.49,93,92,213744
2.5611,0.2248,38.68,93,92,213748
2.8299,0.2346,38.52,93,92,213751
3.0352,0.2297,38.55,93,92,213754
3.2551,0.2199,38.65,93,92,213758
3.4066,0.2297,38.55,93,92,213762
3.3627,0.2297,38.62,93,92,213765
3.2111,0.2346,38.52,93,92,213769
2.8543,0.2248,38.62,93,92,213772
2.5318,0.2248,38.65,93,92,213775
2.2727,0.2297,38.55,93,92,213779
2.0332,0.2248,38.68,93,92,213782
1.8671,0.2346,38.40,93,92,213785
1.7058,0.2297,38.58,93,92,213788
1.5982,0.2248,38.55,93,92,213792
1.5640,0.2297,38.55,93,92,213795
1.5005,0.2248,38.62,93,92,213798
1.5005,0.2346,38.36,93,92,213803
1.4565,0.2248,38.55,93,92,213806
1.4565,0.2248,38.65,93,92,213809
1.4907,0.2297,38.62,93,92,213813
1.5103,0.2248,38.65,93,92,213816
1.5640,0.2444,38.40,93,92,213819
1.5494,0.2297,38.55,93,92,213822
1.5738,0.2248,38.58,93,92,213826
1.6031,0.2297,38.27,93,92,213829
1.6031,0.2248,38.65,93,92,213832
1.6618,0.2395,38.18,93,92,213836
1.6471,0.2297,38.62,93,92,213839
1.6667,0.2248,38.52,93,92,213842
1.6862,0.2346,38.62,93,92,213847
1.7009,0.2248,38.65,93,92,213850
1.7400,0.2346,38.46,93,92,213853
1.7107,0.2346,38.58,93,92,213857
1.7351,0.2346,38.49,93,92,213860
1.7107,0.2248,38.65,93,92,213863
1.7058,0.2248,38.68,93,92,213866
1.7253,0.2297,38.52,93,92,213870
1.7058,0.2248,38.71,93,92,213873
1.7400,0.2248,38.55,93,92,213876
1.7253,0.2248,38.58,93,92,213880
1.7351,0.2248,38.71,93,92,213883
1.7644,0.2346,38.52,93,92,213886
1.7595,0.2248,38.62,93,92,213891
1.7889,0.2297,38.33,93,92,213894
1.7595,0.2248,38.68,93,92,213897
1.7693,0.2248,38.84,93,92,213901
1.8182,0.2346,38.58,93,92,213904
1.7840,0.2248,38.65,93,92,213907
1.8280,0.2688,38.36,93,92,213910
1.7937,0.2346,38.58,93,92,213914
1.7791,0.2248,38.52,93,92,213917
1.7937,0.2297,38.58,93,92,213920
1.7986,0.2199,38.68,93,92,213924
1.8671,0.2493,38.43,93,92,213927
1.8328,0.2346,38.52,93,92,213931
1.8084,0.2248,38.55,93,92,213935
1.7986,0.2297,38.62,93,92,213938
1.7986,0.2248,38.81,93,92,213941
1.8426,0.2297,38.49,93,92,213945
1.8182,0.2297,38.62,93,92,213948
1.8426,0.2297,38.49,93,92,213951
1.8280,0.2102,38.62,93,92,213954
1.8328,0.2248,38.65,93,92,213958
1.8573,0.2297,38.58,93,92,213961
1.8377,0.2248,38.65,93,92,213964
1.8671,0.2297,38.52,93,92,213968
1.8328,0.2102,38.62,93,92,213971
1.8377,0.2248,38.65,93,92,213975
1.8671,0.2297,38.55,93,92,213979
1.8377,0.2199,38.62,93,92,213982
1.8573,0.2248,38.46,93,92,213985
1.8426,0.2102,38.52,93,92,213989
1.8573,0.2248,38.65,93,92,213992
1.9208,0.2444,38.52,93,92,213995
1.8817,0.2248,38.71,93,92,213998
1.9110,0.2297,38.36,93,92,214002
1.8719,0.2199,38.55,93,92,214005
1.8671,0.2248,38.65,93,92,214008
1.8866,0.2297,38.58,93,92,214012
1.8817,0.2151,38.68,93,92,214016
1.9404,0.2297,38.36,93,92,214019
1.8964,0.2248,38.55,93,92,214023
1.8866,0.2199,38.58,93,92,214026
1.8915,0.2297,38.58,93,92,214029
1.9062,0.2248,38.62,93,92,214033
1.9844,0.2444,38.46,93,92,214036
1.9795,0.2346,38.62,93,92,214039
1.9795,0.2248,38.55,93,92,214043
1.9648,0.2102,38.65,93,92,214046
1.9599,0.2248,38.65,93,92,214049
1.9795,0.2493,38.46,93,92,214052
1.9355,0.2297,38.68,93,92,214056
1.9599,0.2297,38.49,93,92,214060
1.9550,0.2199,38.68,93,92,214063
1.9550,0.2248,38.68,93,92,214067
1.9599,0.2639,38.52,93,92,214070
1.9306,0.2297,38.65,93,92,214073
1.9550,0.2248,38.52,93,92,214077
1.9110,0.2248,38.58,93,92,214080
1.9159,0.2248,38.62,93,92,214083
1.9306,0.2297,38.43,93,92,214087
1.9159,0.2199,38.68,93,92,214090
1.9550,0.2346,38.43,93,92,214093
1.9110,0.2248,38.62,93,92,214096
1.9062,0.2248,38.62,93,92,214100
1.9257,0.2297,38.27,93,92,214104
1.9110,0.2248,38.65,93,92,214107
1.9453,0.2297,38.33,93,92,214111
1.8817,0.2639,38.52,93,92,214114
1.8573,0.2151,38.62,93,92,214117
1.8524,0.2248,38.62,93,92,214121
1.8475,0.2248,38.62,93,92,214124
1.8915,0.2395,38.30,93,92,214127
1.8866,0.2444,38.55,93,92,214131
1.8426,0.2199,38.55,93,92,214134
1.8426,0.2297,38.71,93,92,214137
1.8817,0.2102,38.65,93,92,214140
1.8817,0.2297,38.52,93,92,214145
1.8573,0.2590,38.62,93,92,214148
1.8768,0.2102,38.52,93,92,214151
1.8524,0.2248,38.68,93,92,214155
1.8280,0.2248,38.65,93,92,214158
1.8426,0.2199,38.65,93,92,214162
1.8768,0.2346,38.52,93,92,214165
1.8817,0.2248,38.62,93,92,214168
1.9306,0.2346,38.40,93,92,214172
1.8866,0.2297,38.52,93,92,214175
1.8866,0.2248,38.58,93,92,214178
1.9257,0.2297,38.52,93,92,214182
1.9110,0.2199,38.84,93,92,214185
1.9648,0.2248,38.36,93,92,214189
1.9208,0.2248,38.58,93,92,214192
1.9013,0.2199,38.71,93,92,214196
1.8964,0.2346,38.58,93,92,214199
1.8964,0.2199,38.65,93,92,214202
1.9648,0.2395,38.40,93,92,214206
1.9355,0.2297,38.55,93,92,214209
1.9306,0.2199,38.55,93,92,214212
1.9208,0.2590,38.65,93,92,214216
1.9257,0.2199,38.65,93,92,214219
1.9599,0.2297,38.49,93,92,214222
1.9306,0.2151,38.62,93,92,214226
1.9501,0.2248,38.49,93,92,214230
1.9257,0.2542,38.62,93,92,214233
1.9257,0.2199,38.65,93,92,214236
1.9648,0.2297,38.49,93,92,214240
1.9501,0.2248,38.62,93,92,214243
1.9941,0.2297,38.46,93,92,214246
2.0088,0.2248,38.62,93,92,214250
1.9941,0.2199,38.62,93,92,214253
2.0186,0.2199,38.52,93,92,214256
2.0039,0.2199,38.68,93,92,214260
2.0332,0.2248,38.43,93,92,214263
1.9892,0.2199,38.65,93,92,214266
1.9746,0.2297,38.62,93,92,214270
1.9697,0.2297,38.55,93,92,214274
1.9355,0.2199,38.74,93,92,214277
1.9599,0.2297,38.40,93,92,214280
1.9110,0.2199,38.62,93,92,214284
1.9013,0.2199,38.62,93,92,214287
1.8964,0.2297,38.65,93,92,214290
1.8719,0.2199,38.65,93,92,214294
1.9062,0.2444,38.36,93,92,214297
1.8426,0.2248,38.52,93,92,214300
1.8182,0.2151,38.58,93,92,214304
1.8231,0.2248,38.62,93,92,214307
1.8231,0.2199,38.65,93,92,214310
1.8671,0.2346,38.33,93,92,214315
1.8377,0.2395,38.74,93,92,214318
1.8328,0.2248,38.55,93,92,214321
1.8035,0.2199,38.62,93,92,214324
1.8133,0.2199,38.33,93,92,214328
1.8475,0.2297,38.49,93,92,214331
1.8426,0.2248,38.62,93,92,214334
1.8671,0.2248,38.52,93,92,214338
1.8573,0.2248,38.65,93,92,214341
1.8231,0.2199,38.62,93,92,214344
1.8573,0.2248,38.55,93,92,214348
1.8133,0.2199,38.62,93,92,214351
1.8524,0.2199,38.49,93,92,214354
1.8377,0.2248,38.62,93,92,214359
1.8573,0.2688,38.62,93,92,214362
1.9110,0.2297,38.52,93,92,214365
1.9501,0.2199,38.62,93,92,214368
2.0772,0.2248,38.40,93,92,214372
2.1896,0.2248,38.52,93,92,214375
2.3656,0.2199,38.68,93,92,214378
2.6295,0.2297,38.58,93,92,214382
2.8690,0.2199,38.68,93,92,214385
3.2111,0.2297,38.33,93,92,214388
3.3578,0.2199,38.55,93,92,214392
3.4066,0.2199,38.46,93,92,214395
3.2942,0.2248,38.68,93,92,214398
3.0059,0.2199,38.65,93,92,214403
2.7370,0.2297,38.43,93,92,214406
2.3363,0.2346,38.55,93,92,214409
2.0479,0.2151,38.55,93,92,214412
1.8133,0.2199,38.84,93,92,214416
1.6422,0.2199,38.65,93,92,214419
1.5445,0.2297,38.49,93,92,214422
1.4370,0.2248,38.62,93,92,214426
1.3930,0.1906,38.52,93,92,214429
1.3490,0.2297,38.62,93,92,214432
1.3294,0.2151,38.62,93,92,214436
1.3636,0.2297,37.77,93,92,214439
1.3685,0.2248,38.62,93,92,214443
1.4125,0.2346,38.52,93,92,214447
1.4174,0.2151,38.55,93,92,214450
1.4809,0.2151,38.65,93,92,214453
1.4761,0.2248,38.58,93,92,214456
1.4761,0.2151,38.65,93,92,214460
1.5152,0.2248,38.43,93,92,214463
1.5103,0.2199,38.58,93,92,214466
1.5249,0.2199,38.65,93,92,214470
1.5591,0.2297,38.55,93,92,214473
1.5591,0.2053,38.68,93,92,214476
1.6129,0.2297,38.36,93,92,214480
1.5885,0.2151,38.58,93,92,214483
1.5982,0.2199,38.74,93,92,214487
1.6227,0.2248,38.62,93,92,214491
1.6373,0.2151,38.71,93,92,214494
1.6960,0.2346,38.36,93,92,214497
1.6569,0.2248,38.65,93,92,214501
1.6520,0.2151,38.55,93,92,214504
1.6471,0.2199,38.62,93,92,214507
1.6471,0.2199,38.65,93,92,214510
1.6960,0.2297,38.46,93,92,214514
1.6764,0.2248,38.62,93,92,214517
1.6862,0.2297,38.46,93,92,214520
1.6813,0.2248,38.65,93,92,214524
1.6911,0.2199,38.62,93,92,214528
1.7155,0.2248,38.49,93,92,214531
1.7058,0.2248,38.68,93,92,214535
1.7204,0.2248,38.49,93,92,214538
1.6960,0.2248,38.65,93,92,214541
1.7107,0.1906,38.65,93,92,214545
1.7253,0.2199,38.62,93,92,214548
1.7253,0.2444,38.65,93,92,214551
1.7644,0.2102,38.49,93,92,214554
1.7351,0.2199,38.62,93,92,214558
1.7498,0.2199,38.65,93,92,214561
1.7693,0.2248,38.55,93,92,214564
1.7546,0.2248,38.62,93,92,214568
1.7986,0.2248,38.40,93,92,214572
1.7791,0.2248,38.46,93,92,214575
1.7693,0.2151,38.65,93,92,214579
1.7889,0.2493,38.52,93,92,214582
1.7742,0.2151,38.65,93,92,214585
1.8231,0.2297,38.36,93,92,214589
1.7791,0.2199,38.52,93,92,214592
1.7693,0.1906,38.65,93,92,214595
1.7791,0.2199,38.74,93,92,214598
1.7840,0.2199,38.62,93,92,214602
1.8475,0.2346,38.43,93,92,214605
1.8133,0.2248,38.55,93,92,214608
1.8084,0.2151,38.55,93,92,214612
1.8035,0.2199,38.62,93,92,214616
1.7986,0.2248,38.68,93,92,214619
1.8377,0.2297,38.52,93,92,214623
1.8084,0.2199,38.68,93,92,214626
1.8182,0.2248,38.52,93,92,214629
1.8035,0.2199,38.62,93,92,214633
1.8084,0.2199,38.77,93,92,214636
1.8426,0.2590,38.46,93,92,214639
1.8231,0.2199,38.71,93,92,214642
1.8573,0.2590,38.49,93,92,214646
1.8475,0.2102,38.62,93,92,214649
1.8524,0.2199,38.71,93,92,214652
1.8866,0.2248,38.52,93,92,214657
1.8671,0.2199,38.65,93,92,214660
1.8964,0.2395,38.49,93,92,214663
1.8768,0.2199,38.55,93,92,214667
1.8817,0.2151,38.71,93,92,214670
1.9013,0.2248,38.52,93,92,214673
1.8915,0.2199,38.62,93,92,214677
1.9355,0.2297,38.36,93,92,214680
1.8915,0.2151,38.55,93,92,214683
1.8915,0.2493,38.65,93,92,214686
1.8866,0.2248,38.62,93,92,214690
1.8671,0.2199,38.62,93,92,214693
1.9159,0.2395,38.36,93,92,214696
1.8768,0.2248,38.55,93,92,214701
1.8524,0.2151,38.55,93,92,214704
1.8524,0.2199,38.58,93,92,214707
1.8426,0.2199,38.68,93,92,214711
1.8768,0.2297,38.43,93,92,214714
1.8426,0.2199,38.58,93,92,214717
1.8426,0.2102,38.49,93,92,214721
1.8182,0.2199,38.58,93,92,214724
1.8084,0.2151,38.65,93,92,214727
1.8328,0.2248,38.55,93,92,214731
1.8084,0.2199,38.62,93,92,214734
1.8280,0.2297,38.49,93,92,214737
1.7986,0.2199,38.71,93,92,214740
1.7986,0.2199,38.65,93,92,214745
1.8035,0.2199,38.62,93,92,214748
1.7937,0.2199,38.65,93,92,214751
1.8084,0.2199,38.49,93,92,214755
1.7840,0.2199,38.62,93,92,214758
1.7840,0.2199,38.65,93,92,214761
1.8035,0.2346,38.52,93,92,214765
1.7937,0.2199,38.65,93,92,214768
1.7889,0.2297,38.62,93,92,214772
1.8475,0.2297,38.40,93,92,214775
1.8133,0.2444,38.55,93,92,214778
1.8182,0.2102,38.58,93,92,214781
1.8182,0.2199,38.84,93,92,214786
1.8182,0.2297,38.65,93,92,214789
1.8671,0.2297,38.49,93,92,214792
1.8377,0.2199,38.58,93,92,214796
1.8475,0.2102,38.52,93,92,214799
1.8328,0.2199,38.81,93,92,214802
1.8573,0.2199,38.62,93,92,214806
1.8573,0.2248,38.58,93,92,214809
1.8426,0.2395,38.65,93,92,214812
1.8768,0.2199,38.49,93,92,214816
1.8426,0.2199,38.65,93,92,214819
1.8524,0.2248,38.68,93,92,214822
1.8817,0.2297,38.49,93,92,214825
1.8622,0.2346,38.62,93,92,214830
1.8915,0.2199,38.46,93,92,214833
1.8768,0.2199,38.62,93,92,214836
1.8719,0.2151,38.65,93,92,214840
1.8964,0.2297,38.43,93,92,214843
1.8719,0.2248,38.65,93,92,214846
1.9159,0.2248,38.43,93,92,214850
1.8866,0.2199,38.55,93,92,214853
1.8866,0.2151,38.62,93,92,214856
1.9159,0.2248,38.58,93,92,214860
1.9110,0.2199,38.65,93,92,214863
1.9795,0.2297,38.30,93,92,214866
1.9453,0.2199,38.52,93,92,214871
1.9501,0.2199,38.62,93,92,214874
1.9599,0.2199,38.62,93,92,214877
1.9697,0.2199,38.62,93,92,214880
2.0332,0.2346,38.43,93,92,214884
2.0137,0.2248,38.62,93,92,214887
2.0088,0.2151,38.52,93,92,214890
1.9990,0.2199,38.62,93,92,214894
1.9892,0.2151,38.65,93,92,214897
2.0088,0.2493,38.43,93,92,214900
1.9599,0.2248,38.62,93,92,214904
1.9453,0.2199,38.55,93,92,214907
1.9306,0.2199,38.68,93,92,214910
1.8866,0.2151,38.65,93,92,214914
1.8964,0.2297,38.55,93,92,214918
1.8671,0.2248,38.62,93,92,214921
1.8866,0.2297,38.52,93,92,214924
1.8426,0.2199,38.62,93,92,214928
1.8426,0.2102,38.65,93,92,214931
1.8328,0.2199,38.62,93,92,214934
1.8084,0.2542,38.62,93,92,214938
1.8280,0.2199,38.49,93,92,214941
1.7937,0.2199,38.62,93,92,214944
1.7889,0.2102,38.68,93,92,214948
1.8035,0.2297,38.52,93,92,214951
1.7937,0.2199,38.62,93,92,214955
1.8426,0.2102,38.40,93,92,214958
1.8084,0.2248,38.55,93,92,214962
1.7889,0.2151,38.65,93,92,214965
1.8035,0.2248,38.65,93,92,214968
1.7986,0.2199,38.71,93,92,214972
1.8524,0.2248,38.33,93,92,214975
1.8182,0.2199,38.24,93,92,214978
1.8084,0.2151,38.62,93,92,214982
1.8182,0.2199,38.62,93,92,214985
1.8280,0.2151,38.68,93,92,214988
1.9013,0.2493,38.49,93,92,214992
1.9110,0.2199,38.62,93,92,214995
1.9648,0.2199,38.46,93,92,214999
2.0528,0.2199,38.62,93,92,215002
2.1310,0.2151,38.65,93,92,215006
2.2972,0.2297,38.55,93,92,215009
2.4585,0.2102,38.62,93,92,215012
2.7077,0.2248,38.49,93,92,215016
2.9130,0.2248,38.68,93,92,215019
3.1378,0.2151,38.62,93,92,215022
3.3187,0.2297,38.52,93,92,215026
3.2698,0.2248,38.62,93,92,215029
3.1232,0.2199,38.49,93,92,215032
2.7859,0.2151,38.55,93,92,215036
2.4682,0.2151,38.65,93,92,215040
2.2141,0.2248,38.46,93,92,215043
1.9550,0.2151,38.62,93,92,215046
1.7937,0.2248,38.46,93,92,215050
1.6227,0.2199,38.58,93,92,215053
1.5103,0.2199,38.65,93,92,215056
1.4565,0.2248,38.55,93,92,215060
1.4027,0.2199,38.62,93,92,215063
1.4076,0.2297,38.36,93,92,215066
1.3441,0.2248,38.58,93,92,215070
1.3636,0.2151,38.52,93,92,215073
1.3832,0.2102,38.62,93,92,215076
1.4027,0.2199,38.62,93,92,215080
1.4663,0.2444,38.43,93,92,215084
1.4467,0.2248,38.55,93,92,215087
1.4565,0.2151,38.55,93,92,215090
1.4614,0.2199,38.62,93,92,215094
1.4907,0.2151,38.65,93,92,215097
1.5347,0.2199,38.46,93,92,215100
1.5396,0.2248,38.58,93,92,215104
1.5543,0.2297,38.52,93,92,215107
1.5543,0.2199,38.65,93,92,215110
1.5640,0.2346,38.62,93,92,215114
1.5885,0.2248,38.52,93,92,215117
1.5836,0.2199,38.55,93,92,215120
1.6080,0.2493,38.55,93,92,215124
1.5934,0.2151,38.65,93,92,215128
1.5934,0.2199,38.71,93,92,215131
1.6178,0.2151,38.55,93,92,215134
1.6178,0.2199,38.62,93,92,215138
1.6471,0.2199,38.46,93,92,215141
1.6325,0.2199,38.62,93,92,215144
1.6422,0.2199,38.65,93,92,215148
1.6569,0.2199,38.55,93,92,215151
1.6471,0.2199,38.68,93,92,215154
1.6911,0.2297,38.43,93,92,215158
1.6813,0.2248,38.55,93,92,215161
1.6667,0.2199,38.52,93,92,215164
1.6764,0.2248,38.58,93,92,215169
1.6667,0.2151,38.74,93,92,215172
1.7107,0.2297,38.33,93,92,215175
1.6764,0.2199,38.55,93,92,215178
1.6667,0.2248,38.58,93,92,215182
1.6813,0.2102,38.62,93,92,215185
1.6764,0.2199,38.74,93,92,215188
1.7302,0.2297,38.49,93,92,215192
1.7107,0.2248,38.62,93,92,215195
1.7204,0.2199,38.52,93,92,215198
1.7155,0.2248,38.62,93,92,215202
1.7204,0.2199,38.68,93,92,215205
1.7449,0.2297,38.62,93,92,215208
1.7351,0.2102,38.62,93,92,215213
1.7498,0.2199,38.49,93,92,215216
1.7302,0.2102,38.62,93,92,215219
1.7302,0.2151,38.65,93,92,215222
1.7644,0.2444,38.52,93,92,215226
1.7351,0.2199,38.62,93,92,215229
1.7742,0.2199,38.49,93,92,215232
1.7498,0.2248,38.58,93,92,215236
1.7595,0.2151,38.65,93,92,215239
1.7840,0.2297,38.49,93,92,215242
1.7644,0.2248,38.62,93,92,215246
1.8084,0.2248,38.40,93,92,215249
1.7937,0.2542,38.55,93,92,215252
1.8182,0.2199,38.65,93,92,215257
1.8133,0.2248,38.65,93,92,215260
1.7986,0.2199,38.65,93,92,215263
1.8524,0.2199,38.36,93,92,215266
1.8133,0.2151,38.58,93,92,215270
1.8573,0.2199,38.62,93,92,215273
1.8426,0.2199,38.62,93,92,215276
1.8426,0.2199,38.65,93,92,215280
1.9110,0.2395,38.46,93,92,215283
1.8817,0.2737,38.55,93,92,215286
1.8866,0.2151,38.55,93,92,215290
1.8866,0.2248,38.62,93,92,215293
1.9013,0.1906,38.62,93,92,215297
1.9355,0.2297,37.68,93,92,215301
1.9062,0.2199,38.68,93,92,215304
1.9257,0.2199,38.52,93,92,215307
1.9159,0.2199,38.58,93,92,215310
1.9159,0.2102,38.68,93,92,215314
1.9453,0.2248,38.52,93,92,215317
1.9208,0.2199,38.58,93,92,215320
1.9453,0.2297,38.46,93,92,215324
1.9159,0.2199,38.65,93,92,215327
1.9110,0.2151,38.68,93,92,215330
1.9355,0.2199,38.52,93,92,215334
1.8964,0.2199,38.62,93,92,215337
1.9110,0.2199,38.40,93,92,215341
1.8768,0.2102,38.65,93,92,215345
1.8719,0.2199,38.68,93,92,215348
1.8866,0.2297,38.55,93,92,215351
1.8573,0.2199,38.65,93,92,215354
1.8915,0.2248,38.43,93,92,215358
1.8524,0.2199,38.52,93,92,215361
1.8426,0.2151,38.62,93,92,215364
1.8426,0.2248,38.58,93,92,215368
1.8328,0.2199,38.65,93,92,215371
1.8817,0.2346,38.36,93,92,215374
1.8377,0.2639,38.49,93,92,215379
1.8133,0.2248,38.62,93,92,215383
1.8280,0.2199,38.52,93,92,215387
1.8084,0.2199,38.68,93,92,215390
1.8084,0.2199,38.74,93,92,215393
1.8231,0.2248,38.62,93,92,215397
1.8377,0.2151,38.62,93,92,215400
1.8328,0.2297,38.52,93,92,215403
1.7986,0.2248,38.62,93,92,215406
1.8035,0.2199,38.65,93,92,215410
1.8280,0.2297,38.52,93,92,215413
1.7986,0.2151,38.62,93,92,215416
1.8280,0.2199,38.52,93,92,215420
1.8084,0.2151,38.52,93,92,215424
1.8084,0.2199,38.62,93,92,215427
1.8328,0.2297,38.52,93,92,215431
1.8182,0.2199,38.52,93,92,215434
1.8622,0.2199,38.43,93,92,215437
1.8328,0.2248,38.58,93,92,215441
1.8328,0.2199,38.65,93,92,215444
1.8524,0.2199,38.58,93,92,215447
1.8328,0.2151,38.68,93,92,215450
1.8915,0.2493,38.33,93,92,215454
1.8524,0.2199,38.68,93,92,215457
1.8573,0.2199,38.58,93,92,215460
1.8622,0.2248,38.58,93,92,215464
1.8622,0.2102,38.65,93,92,215468
1.9013,0.2346,38.46,93,92,215471
1.8719,0.2248,38.77,93,92,215475
1.8622,0.2346,38.52,93,92,215478
1.8524,0.2199,38.84,93,92,215481
1.8524,0.2248,38.62,93,92,215485
1.8866,0.2346,38.46,93,92,215488
1.8573,0.2248,38.62,93,92,215491
1.8817,0.2199,38.49,93,92,215495
1.8622,0.2199,38.62,93,92,215498
1.8719,0.2151,38.68,93,92,215501
1.9062,0.2248,38.65,93,92,215504
1.8964,0.2199,38.62,93,92,215508
1.9355,0.2248,38.49,93,92,215512
1.9110,0.2151,38.62,93,92,215515
1.9306,0.2248,38.68,93,92,215519
1.9599,0.2199,38.55,93,92,215522
1.9550,0.2199,38.62,93,92,215525
1.9795,0.2248,38.43,93,92,215529
1.9355,0.2199,38.87,93,92,215532
1.9159,0.2053,38.65,93,92,215535
1.9110,0.2248,38.58,93,92,215539
1.8671,0.2688,38.62,93,92,215542
1.9110,0.2297,38.36,93,92,215545
1.8573,0.2248,38.58,93,92,215548
1.8328,0.2151,38.65,93,92,215553
1.8280,0.2199,38.62,93,92,215556
1.8133,0.2151,38.65,93,92,215559
1.8964,0.2395,38.46,93,92,215563
1.8133,0.2297,38.52,93,92,215566
1.7889,0.2248,38.55,93,92,215569
1.7742,0.2199,38.62,93,92,215573
1.7595,0.2151,38.65,93,92,215576
1.7889,0.2297,38.49,93,92,215579
1.7693,0.2199,38.58,93,92,215583
1.7889,0.2199,38.52,93,92,215586
1.7791,0.2102,38.62,93,92,215589
1.7791,0.2199,38.62,93,92,215592
1.7937,0.2102,38.58,93,92,215597
1.7986,0.2199,38.65,93,92,215600
1.8280,0.2248,38.52,93,92,215603
1.8084,0.2199,38.58,93,92,215607
1.8182,0.2151,38.65,93,92,215610
1.8426,0.2639,38.55,93,92,215613
1.8231,0.2199,38.62,93,92,215617
1.8671,0.2444,38.49,93,92,215620
1.8768,0.2102,38.55,93,92,215623
1.9013,0.2151,38.68,93,92,215627
1.9599,0.2297,38.55,93,92,215630
1.9697,0.2199,38.65,93,92,215633
2.0772,0.2248,38.30,93,92,215636
2.1408,0.2151,38.55,93,92,215641
2.2776,0.1906,38.62,93,92,215644
2.4780,0.2248,38.58,93,92,215647
2.6833,0.2297,38.62,93,92,215651
2.9912,0.2297,38.33,93,92,215654
3.1525,0.2199,38.55,93,92,215657
3.2649,0.2102,38.62,93,92,215661
3.2405,0.2199,38.62,93,92,215664
3.0303,0.2199,38.68,93,92,215667
2.8152,0.2346,38.43,93,92,215670
2.4487,0.2248,38.58,93,92,215674
2.1652,0.2151,38.58,93,92,215677
1.9355,0.2199,38.62,93,92,215681
1.7546,0.2151,38.84,93,92,215685
1.6520,0.2297,38.46,93,92,215688
1.5200,0.2248,38.46,93,92,215691
1.4663,0.2297,38.46,93,92,215695
1.4076,0.2199,38.55,93,92,215698
1.3685,0.2151,38.74,93,92,215701
1.3881,0.2248,38.49,93,92,215705
1.3636,0.2199,38.62,93,92,215708
1.4027,0.2248,38.49,93,92,215711
1.3930,0.2151,38.62,93,92,215714
1.4174,0.2199,38.62,93,92,215718
1.4516,0.2199,38.52,93,92,215721
1.4761,0.2199,38.65,93,92,215725
1.5152,0.2199,38.55,93,92,215729
1.5054,0.2199,38.65,93,92,215732
1.5005,0.2151,38.62,93,92,215735
1.5396,0.2248,38.58,93,92,215739
1.5445,0.2151,38.65,93,92,215742
1.6031,0.2248,38.40,93,92,215745
1.5934,0.2199,38.55,93,92,215749
1.5836,0.1906,38.68,93,92,215752
1.6031,0.2590,38.58,93,92,215755
1.6080,0.2248,38.65,93,92,215758
1.6716,0.2346,38.36,93,92,215762
1.6569,0.2542,38.49,93,92,215766
1.6569,0.2102,38.58,93,92,215769
1.6618,0.2199,38.62,93,92,215773
1.6520,0.2151,38.62,93,92,215776
1.6862,0.2346,38.49,93,92,215779
1.6667,0.2199,38.55,93,92,215783
1.6764,0.2151,38.55,93,92,215786
1.6667,0.2199,38.62,93,92,215789
1.6618,0.2151,38.62,93,92,215793
1.6764,0.2248,38.58,93,92,215796
1.6569,0.2297,38.65,93,92,215799
1.7009,0.2248,38.49,93,92,215802
1.6618,0.2199,38.71,93,92,215806
1.6667,0.2199,38.65,93,92,215810
1.6911,0.2297,38.52,93,92,215813
1.6764,0.2199,38.62,93,92,215817
1.7204,0.2199,38.46,93,92,215820
1.7204,0.2151,38.65,93,92,215823
1.7302,0.2151,38.62,93,92,215827
1.7449,0.2297,38.46,93,92,215830
1.7204,0.2248,38.68,93,92,215833
1.7595,0.2248,38.36,93,92,215837
1.7351,0.2395,38.58,93,92,215840
1.7400,0.2199,38.65,93,92,215843
1.7498,0.2248,38.62,93,92,215846
1.7302,0.2199,38.65,93,92,215851
1.7693,0.2297,38.36,93,92,215854
1.7302,0.2199,38.55,93,92,215857
1.7302,0.2102,38.55,93,92,215861
1.7693,0.2199,38.65,93,92,215864
1.7449,0.2199,38.55,93,92,215867
1.7986,0.2346,38.43,93,92,215871
1.7595,0.2248,38.58,93,92,215874
1.7595,0.2151,38.52,93,92,215877
1.7693,0.2199,38.65,93,92,215881
1.7840,0.2199,37.96,93,92,215884
1.8280,0.2297,38.46,93,92,215887
1.8084,0.2248,38.58,93,92,215890
1.8133,0.2199,38.52,93,92,215895
1.7840,0.2199,38.58,93,92,215898
1.7791,0.2102,38.58,93,92,215901
1.7986,0.2297,38.55,93,92,215905
1.7742,0.2199,38.68,93,92,215908
1.7986,0.2346,38.55,93,92,215911
1.7840,0.2199,38.65,93,92,215915
1.7986,0.2199,38.62,93,92,215918
1.8377,0.1906,38.55,93,92,215921
1.8475,0.2199,38.74,93,92,215925
1.8768,0.2444,38.43,93,92,215928
1.8475,0.2199,38.65,93,92,215931
1.8328,0.2346,38.62,93,92,215934
1.8475,0.2297,38.55,93,92,215939
1.8280,0.2395,38.62,93,92,215942
1.9110,0.2199,38.43,93,92,215945
1.8768,0.2248,38.52,93,92,215949
1.8573,0.2346,38.65,93,92,215952
1.8524,0.2248,38.58,93,92,215955
1.8328,0.2199,38.62,93,92,215959
1.8817,0.2199,38.33,93,92,215962
1.8524,0.2199,38.52,93,92,215965
1.8524,0.2248,38.58,93,92,215969
1.8573,0.2248,38.62,93,92,215972
1.8426,0.2199,38.62,93,92,215975
1.8866,0.2346,38.49,93,92,215979
1.8475,0.2199,38.84,93,92,215983
1.8377,0.2199,38.55,93,92,215986
1.8182,0.2199,38.62,93,92,215989
1.8231,0.2199,38.65,93,92,215994
1.8084,0.2248,38.62,93,92,215997
1.8084,0.2297,38.49,93,92,216001
1.7889,0.2199,38.77,93,92,216004
1.8182,0.2395,38.43,93,92,216007
1.8231,0.2199,38.55,93,92,216011
1.8328,0.2199,38.65,93,92,216014
1.8524,0.2297,38.55,93,92,216017
1.8231,0.2151,38.58,93,92,216022
1.8524,0.2346,38.40,93,92,216025
1.8133,0.2199,38.62,93,92,216028
1.8084,0.2493,38.65,93,92,216032
1.8280,0.2248,38.62,93,92,216035
1.8133,0.2199,38.74,93,92,216038
1.8573,0.2248,38.36,93,92,216041
1.8133,0.2199,38.55,93,92,216045
1.8035,0.2151,38.55,93,92,216048
1.8084,0.2199,38.62,93,92,216051
1.8035,0.2199,38.65,93,92,216055
1.8426,0.2444,38.49,93,92,216058
1.8133,0.2248,38.58,93,92,216061
1.8084,0.2199,38.52,93,92,216066
1.7889,0.2395,38.65,93,92,216069
1.7986,0.2102,38.65,93,92,216072
1.8426,0.2297,38.49,93,92,216075
1.8377,0.2199,38.62,93,92,216079
1.8524,0.2199,38.49,93,92,216082
1.8231,0.2199,38.62,93,92,216085
1.8280,0.2151,38.65,93,92,216089
1.8573,0.2199,38.58,93,92,216092
1.8328,0.2248,38.65,93,92,216095
1.8524,0.2248,38.49,93,92,216099
1.8182,0.2151,38.62,93,92,216102
1.8280,0.2248,38.65,93,92,216105
1.8377,0.2248,38.58,93,92,216110
1.8280,0.2199,38.65,93,92,216113
1.8524,0.2346,38.40,93,92,216116
1.8231,0.2199,38.65,93,92,216119
1.8377,0.2199,38.62,93,92,216123
1.8671,0.2102,38.58,93,92,216126
1.8524,0.2199,38.62,93,92,216129
1.9062,0.2346,38.33,93,92,216133
1.8768,0.2248,38.55,93,92,216136
1.8671,0.2151,38.62,93,92,216139
1.8817,0.2248,38.62,93,92,216143
1.8915,0.2199,38.65,93,92,216146
1.9844,0.2346,38.43,93,92,216150
1.9599,0.2297,38.15,93,92,216154
1.9648,0.2199,38.58,93,92,216157
1.9501,0.2199,38.62,93,92,216160
1.9306,0.2199,38.65,93,92,216163
1.9648,0.2297,38.46,93,92,216167
1.9257,0.2199,38.65,93,92,216170
1.9453,0.2199,38.58,93,92,216173
1.9062,0.2297,38.62,93,92,216177
1.8719,0.2199,38.71,93,92,216180
1.8622,0.2346,38.55,93,92,216183
1.8328,0.2199,38.62,93,92,216187
1.8328,0.2297,38.49,93,92,216190
1.7986,0.2199,38.65,93,92,216194
1.7986,0.2199,38.55,93,92,216198
1.8231,0.2248,38.55,93,92,216201
1.7889,0.2199,38.62,93,92,216204
1.7986,0.2297,38.40,93,92,216208
1.7742,0.2199,38.55,93,92,216211
1.7644,0.2199,38.68,93,92,216214
1.7986,0.2297,38.55,93,92,216217
1.7742,0.2199,38.65,93,92,216221
1.8133,0.2297,38.36,93,92,216224
1.7595,0.2102,38.62,93,92,216227
1.7400,0.2199,38.65,93,92,216231
1.7351,0.2199,38.62,93,92,216235
1.7400,0.2248,38.68,93,92,216238
1.8035,0.2346,38.36,93,92,216242
1.7791,0.2151,38.58,93,92,216245
1.8035,0.2151,38.58,93,92,216248
1.8133,0.2199,38.65,93,92,216251
1.8426,0.2151,38.62,93,92,216255
1.8475,0.2297,38.40,93,92,216258
1.8182,0.2248,38.58,93,92,216261
1.8573,0.1906,38.52,93,92,216265
1.9110,0.2297,38.62,93,92,216268
2.0186,0.2151,38.65,93,92,216271
2.1359,0.2297,38.46,93,92,216275
2.2678,0.2199,38.62,93,92,216279
2.4780,0.2248,38.49,93,92,216282
2.7028,0.2199,38.58,93,92,216286
2.9717,0.2199,38.65,93,92,216289
3.2356,0.2199,38.52,93,92,216292
3.3236,0.2199,38.74,93,92,216295
3.3138,0.2248,38.49,93,92,216299
3.0694,0.2151,38.62,93,92,216302
2.7615,0.2199,38.65,93,92,216305
2.4438,0.2199,38.58,93,92,216309
2.1505,0.2199,38.65,93,92,216312
1.9501,0.2248,38.71,93,92,216315
1.7351,0.2199,38.65,93,92,216320
1.5836,0.2199,38.65,93,92,216323
1.4761,0.2199,38.58,93,92,216326
1.3930,0.2199,38.65,93,92,216330
1.3930,0.2297,38.36,93,92,216333
1.3441,0.2248,38.55,93,92,216336
1.3245,0.2199,38.65,93,92,216339
1.3343,0.2199,38.58,93,92,216343
1.3490,0.1906,38.65,93,92,216346
1.4223,0.2395,38.52,93,92,216349
1.4370,0.2102,38.52,93,92,216353
1.4467,0.2151,38.55,93,92,216356
1.4614,0.2199,38.58,93,92,216359
1.4858,0.2102,38.62,93,92,216364
1.5249,0.2346,37.99,93,92,216367
1.5200,0.2248,38.62,93,92,216370
1.5738,0.2248,38.52,93,92,216374
1.5787,0.2199,38.62,93,92,216377
1.5836,0.2444,38.62,93,92,216380
1.5934,0.2297,38.62,93,92,216383
1.5934,0.2346,38.65,93,92,216387
1.6325,0.2102,38.49,93,92,216390
1.6129,0.2199,38.62,93,92,216393
1.6129,0.2102,38.65,93,92,216397
1.6569,0.2297,38.52,93,92,216400
1.6471,0.2199,38.62,93,92,216403
1.6813,0.2199,38.46,93,92,216408
1.6716,0.2199,38.52,93,92,216411
1.6813,0.2151,38.65,93,92,216414
1.6960,0.2297,38.49,93,92,216418
1.6764,0.2248,38.68,93,92,216421
1.7204,0.2297,38.40,93,92,216424
1.6960,0.2248,38.90,93,92,216427
1.6960,0.2297,38.65,93,92,216431
1.7351,0.2199,38.62,93,92,216434
1.7204,0.2199,38.65,93,92,216437
1.7693,0.2297,38.36,93,92,216441
1.7400,0.2199,38.58,93,92,216444
1.7351,0.2151,38.62,93,92,216448
1.7302,0.2248,38.62,93,92,216452
1.7204,0.2199,38.68,93,92,216455
1.7546,0.2395,38.43,93,92,216458
1.7009,0.2199,38.58,93,92,216462
1.7058,0.2199,38.55,93,92,216465
1.6960,0.2248,38.62,93,92,216468
1.6911,0.2248,38.65,93,92,216471
1.7449,0.2297,38.84,93,92,216475
1.7253,0.2248,38.58,93,92,216478
1.7204,0.2248,38.49,93,92,216481
1.7009,0.2199,38.74,93,92,216485
1.7058,0.2102,38.68,93,92,216488
1.7351,0.2297,38.58,93,92,216492
1.7204,0.2199,38.65,93,92,216496
1.7644,0.2248,38.52,93,92,216499
1.7400,0.1906,38.65,93,92,216502
1.7498,0.2199,38.65,93,92,216505
1.7498,0.2297,38.58,93,92,216509
1.7302,0.2199,38.62,93,92,216512
1.7498,0.2248,38.46,93,92,216515
1.7253,0.2151,38.65,93,92,216519
1.7400,0.2199,38.65,93,92,216522
1.7595,0.2297,38.58,93,92,216525
1.7595,0.2199,38.62,93,92,216529
1.8182,0.2297,38.43,93,92,216532
1.7937,0.2297,38.55,93,92,216536
1.7742,0.1906,38.65,93,92,216540
1.7693,0.2248,38.52,93,92,216543
1.7742,0.2151,38.68,93,92,216546
1.8377,0.2346,38.36,93,92,216549
1.8035,0.2248,38.55,93,92,216553
1.7986,0.2248,38.58,93,92,216556
1.8133,0.2199,38.52,93,92,216559
1.8182,0.2151,38.62,93,92,216563
1.8671,0.2395,38.49,93,92,216566
1.8328,0.2151,38.62,93,92,216569
1.8573,0.2199,38.52,93,92,216573
1.8524,0.2199,38.65,93,92,216577
1.8622,0.2199,38.62,93,92,216580
1.8866,0.2297,38.58,93,92,216584
1.8671,0.2297,38.68,93,92,216587
1.8817,0.2248,38.49,93,92,216590
1.8524,0.2248,38.62,93,92,216594
1.8426,0.2199,38.65,93,92,216597
1.8719,0.2297,38.52,93,91,216600
1.8768,0.2248,38.58,93,91,216605
1.8377,0.2248,38.65,93,91,216608
1.8671,0.2346,38.36,93,91,216611
1.8280,0.2199,38.55,93,91,216615
1.8231,0.2199,38.65,93,91,216619
1.8182,0.2493,38.62,93,91,216622
1.7986,0.2248,38.62,93,91,216626
1.8475,0.2297,38.43,93,91,216629
1.7937,0.2248,38.58,93,91,216632
1.7840,0.1906,38.58,93,91,216636
1.7742,0.2248,38.52,93,91,216639
1.7595,0.2199,38.65,93,91,216642
1.7937,0.2297,38.62,93,91,216646
1.7693,0.2346,38.58,93,91,216649
1.7986,0.2199,38.52,93,91,216652
1.7889,0.2199,38.62,93,91,216655
1.8231,0.2151,38.65,93,91,216659
1.8133,0.2297,38.46,93,91,216663
1.7840,0.2248,38.62,93,91,216666
1.7986,0.2297,38.52,93,91,216670
1.7693,0.2151,38.65,93,91,216673
1.7840,0.2199,38.65,93,91,216676
1.8035,0.2248,38.49,93,91,216680
1.7986,0.2151,38.62,93,91,216683
1.8426,0.2248,38.46,93,91,216686
1.8231,0.2199,38.58,93,91,216690
1.8280,0.2248,38.62,93,91,216693
1.8377,0.2248,38.62,93,91,216696
1.8328,0.2199,38.62,93,91,216699
1.8671,0.2199,38.40,93,91,216704
1.8280,0.2199,38.62,93,91,216707
1.8280,0.2199,38.65,93,91,216710
1.8377,0.2297,38.62,93,91,216714
1.8231,0.2151,38.65,93,91,216717
1.8768,0.2346,38.33,93,91,216720
1.8377,0.2248,38.52,93,91,216724
1.8426,0.2151,38.58,93,91,216727
1.8231,0.2297,38.65,93,91,216730
1.8182,0.2199,38.65,93,91,216734
1.8817,0.2346,38.43,93,91,216737
1.8573,0.2199,38.55,93,91,216740
1.8524,0.2199,38.52,93,91,216744
1.8280,0.2199,38.65,93,91,216748
1.8231,0.2151,38.68,93,91,216751
1.8475,0.2297,38.49,93,91,216754
1.8231,0.2444,38.68,93,91,216758
1.8573,0.2248,38.49,93,91,216761
1.8377,0.2297,38.65,93,91,216764
1.8426,0.2199,38.65,93,91,216768
1.8622,0.2297,38.58,93,91,216771
1.9013,0.2248,38.62,93,91,216774
1.9159,0.2199,38.49,93,91,216778
1.9013,0.2199,38.62,93,91,216781
1.9159,0.2199,38.68,93,91,216784
1.9355,0.2297,38.52,93,91,216788
1.9013,0.2248,38.65,93,91,216792
1.9257,0.2248,38.40,93,91,216795
1.8817,0.2493,38.55,93,91,216798
1.8377,0.2199,38.65,93,91,216802
1.8231,0.2395,38.58,93,91,216805
1.7742,0.2248,38.68,93,91,216808
1.7986,0.2297,38.33,93,91,216812
1.7400,0.2151,38.55,93,91,216815
1.7302,0.2199,38.68,93,91,216818
1.7155,0.2248,38.65,93,91,216822
1.6960,0.2248,38.62,93,91,216825
1.7400,0.2395,38.49,93,91,216828
1.6764,0.2297,38.58,93,91,216833
1.6618,0.2199,38.55,93,91,216836
1.6569,0.2248,38.68,93,91,216839
1.6422,0.2248,38.68,93,91,216842
1.6716,0.2297,38.55,93,91,216846
1.6471,0.2248,38.52,93,91,216849
1.6520,0.2248,38.52,93,91,216852
1.6373,0.2199,38.62,93,91,216856
1.6422,0.2248,38.65,93,91,216859
1.6667,0.2297,38.49,93,91,216862
1.6520,0.2493,38.65,93,91,216866
1.6862,0.2297,38.52,93,91,216869
1.6569,0.2151,38.52,93,91,216872
1.6667,0.2151,38.65,93,91,216877
1.6960,0.2248,38.71,93,91,216880
1.6960,0.2444,38.65,93,91,216883
1.7498,0.2102,38.46,93,91,216887
1.7498,0.2248,38.62,93,91,216890
1.7937,0.2297,38.68,93,91,216893
1.8719,0.2248,38.62,93,91,216896
1.9697,0.2199,38.62,93,91,216900
2.1603,0.2297,38.40,93,91,216903
2.3021,0.2199,38.62,93,91,216906
2.5269,0.2199,38.65,93,91,216910
2.7908,0.2297,38.62,93,91,216913
3.0108,0.2199,38.55,93,91,216916
3.2698,0.2590,38.36,93,91,216921
3.2454,0.2199,38.55,93,91,216924
3.0890,0.2151,38.62,93,91,216927
2.8055,0.2248,38.68,93,91,216930
2.4731,0.2199,38.65,93,91,216934
2.2043,0.2346,37.77,93,91,216937
1.9013,0.2346,38.55,93,91,216940
1.6813,0.2199,38.55,93,91,216944
1.5054,0.2248,38.62,93,91,216947
1.3881,0.2248,38.62,93,91,216950
1.3343,0.2297,38.55,93,91,216954
1.2757,0.2297,38.68,93,91,216957
1.2708,0.2248,38.49,93,91,216961
1.2463,0.2199,38.55,93,91,216965
1.2610,0.2248,38.65,93,91,216968
1.2903,0.2248,38.49,93,91,216971
1.3050,0.2199,38.65,93,91,216974
1.3539,0.2297,38.49,93,91,216978
1.3539,0.2199,38.74,93,91,216981
1.3734,0.2493,38.65,93,91,216984
1.4076,0.2346,38.55,93,91,216988
1.4125,0.2199,38.62,93,91,216991
1.4614,0.2248,38.43,93,91,216994
1.4663,0.2248,38.52,93,91,216998
1.4761,0.2199,38.71,93,91,217001
1.5054,0.2297,38.55,93,91,217005
1.5054,0.2199,38.52,93,91,217009
1.5591,0.2297,38.36,93,91,217012
1.5396,0.2199,38.55,93,91,217015
1.5494,0.2199,38.62,93,91,217018
1.5982,0.2102,38.65,93,91,217022
1.5738,0.2199,38.65,93,91,217025
1.6276,0.2444,38.36,93,91,217028
1.5934,0.2248,38.49,93,91,217032
1.5982,0.2542,38.58,93,91,217035
1.5982,0.2199,38.62,93,91,217038
1.5934,0.2199,38.65,93,91,217042
1.6276,0.2346,38.52,93,91,217046
1.6129,0.2248,38.58,93,91,217049
1.6276,0.2248,38.52,93,91,217053
1.6227,0.2248,38.74,93,91,217056
1.6325,0.2199,38.65,93,91,217059
1.6911,0.2346,38.46,93,91,217062
1.6373,0.2248,38.62,93,91,217066
1.6569,0.2346,38.55,93,91,217069
1.6373,0.2199,38.62,93,91,217072
1.6471,0.2199,38.77,93,91,217076
1.6716,0.2102,38.58,93,91,217079
1.6618,0.2199,38.65,93,91,217082
1.6911,0.2248,38.46,93,91,217086
1.6667,0.2102,38.58,93,91,217090
1.6764,0.2199,38.62,93,91,217093
1.6862,0.2493,38.55,93,91,217097
1.6862,0.2199,38.65,93,91,217100
1.7204,0.2297,38.40,93,91,217103
1.7058,0.2199,38.68,93,91,217106
1.6862,0.2199,38.65,93,91,217110
1.7058,0.2248,38.58,93,91,217113
1.7009,0.2248,38.65,93,91,217116
1.7546,0.2297,38.40,93,91,217120
1.7253,0.2248,38.55,93,91,217123
1.7107,0.2151,38.62,93,91,217126
1.7204,0.2395,38.62,93,91,217131
1.7302,0.2297,38.65,93,91,217134
1.7742,0.2346,38.40,93,91,217137
1.7546,0.2297,38.58,93,91,217141
1.7449,0.2199,38.55,93,91,217144
1.7400,0.2248,38.62,93,91,217147
1.7546,0.2199,38.65,93,91,217150
1.7791,0.2297,38.62,93,91,217154
1.7840,0.2199,38.65,93,91,217157
1.7791,0.2248,38.46,93,91,217160
1.7546,0.2248,38.55,93,91,217164
1.7595,0.2199,38.65,93,91,217167
1.7889,0.2248,38.68,93,91,217170
1.7889,0.2199,38.62,93,91,217175
1.8280,0.2248,38.52,93,91,217178
1.8084,0.2248,38.65,93,91,217181
1.8231,0.2542,38.62,93,91,217185
1.8573,0.2297,38.52,93,91,217188
1.8426,0.2248,38.62,93,91,217191
1.8866,0.2248,38.40,93,91,217195
1.8719,0.2248,38.65,93,91,217198
1.8671,0.2542,38.68,93,91,217201
1.8866,0.2297,38.55,93,91,217204
1.8622,0.2199,38.62,93,91,217208
1.9208,0.2346,38.36,93,91,217211
1.9208,0.2297,38.46,93,91,217217
1.8768,0.2248,38.46,93,91,217220
1.8817,0.2199,38.52,93,91,217223
1.8671,0.2248,38.68,93,91,217227
1.8622,0.2297,38.65,93,91,217230
1.8866,0.2346,38.58,93,91,217233
1.8524,0.2248,38.71,93,91,217237
1.8573,0.2248,38.49,93,91,217240
1.8231,0.2199,38.58,93,91,217243
1.8133,0.2297,38.65,93,91,217247
1.8377,0.2297,38.49,93,91,217250
1.7937,0.2248,38.62,93,91,217253
1.8182,0.2199,38.46,93,91,217256
1.7840,0.2199,38.68,93,91,217261
1.7742,0.2199,38.55,93,91,217264
1.7889,0.2297,38.49,93,91,217267
1.7644,0.2199,38.65,93,91,217271
1.7986,0.2297,38.40,93,91,217274
1.7595,0.2248,38.58,93,91,217277
1.7546,0.2199,38.40,93,91,217281
1.7644,0.2493,38.62,93,91,217284
1.7791,0.2199,38.65,93,91,217287
1.8084,0.2346,38.36,93,91,217290
1.7595,0.2199,38.62,93,91,217294
1.7693,0.2199,38.65,93,91,217297
1.7791,0.2297,38.58,93,91,217300
1.7791,0.2199,38.62,93,91,217305
1.8328,0.2395,38.43,93,91,217308
1.8035,0.2395,38.55,93,91,217311
1.7986,0.2199,38.58,93,91,217315
1.7937,0.2199,38.68,93,91,217318
1.8035,0.2199,38.65,93,91,217321
1.8377,0.2346,37.65,93,91,217325
1.8182,0.2297,38.58,93,91,217328
1.8280,0.2248,38.52,93,91,217331
1.8084,0.2248,38.65,93,91,217335
1.8133,0.2248,38.68,93,91,217338
1.8475,0.2297,38.58,93,91,217341
1.8280,0.2444,38.65,93,91,217345
1.8768,0.2199,38.52,93,91,217349
1.8426,0.2248,38.65,93,91,217352
1.8475,0.2248,38.65,93,91,217355
1.8622,0.2248,38.58,93,91,217359
1.8475,0.2248,38.74,93,91,217362
1.8671,0.2248,38.46,93,91,217365
1.8426,0.2248,38.62,93,91,217369
1.8475,0.2151,38.62,93,91,217372
1.8622,0.2297,38.55,93,91,217375
1.8377,0.2248,38.62,93,91,217379
1.8866,0.2297,38.40,93,91,217382
1.8671,0.2248,38.49,93,91,217385
1.8622,0.2199,38.62,93,91,217389
1.8768,0.2297,38.65,93,91,217393
1.8719,0.2493,38.62,93,91,217396
1.9404,0.2346,38.40,93,91,217399
1.9110,0.2542,38.49,93,91,217403
1.9208,0.2102,38.62,93,91,217406
1.9159,0.2199,38.65,93,91,217409
1.9159,0.2248,38.65,93,91,217413
1.9746,0.2395,38.46,93,91,217416
1.9355,0.2248,38.71,93,91,217419
1.9453,0.2297,38.55,93,91,217423
1.9208,0.2248,38.65,93,91,217426
1.9062,0.2151,38.62,93,91,217430
1.9159,0.2346,38.55,93,91,217433
1.8719,0.2248,38.68,93,91,217437
1.8671,0.2444,38.46,93,91,217440
1.8182,0.2248,38.65,93,91,217443
1.8133,0.2248,38.65,93,91,217447
1.8328,0.2297,38.49,93,91,217450
1.8084,0.2297,38.62,93,91,217453
1.8231,0.2199,38.46,93,91,217457
1.7937,0.2199,38.52,93,91,217460
1.7840,0.2199,38.65,93,91,217463
1.7937,0.2297,38.52,93,91,217467
1.7693,0.2248,38.65,93,91,217470
1.7986,0.2346,38.43,93,91,217474
1.7742,0.2248,38.65,93,91,217478
1.7693,0.2199,38.65,93,91,217481
1.7791,0.2102,38.62,93,91,217484
1.7693,0.2199,38.74,93,91,217487
1.8182,0.2297,38.33,93,91,217491
1.7742,0.2199,38.58,93,91,217494
1.7791,0.2297,38.65,93,91,217497
1.7889,0.2248,38.62,93,91,217501
1.7840,0.2199,38.65,93,91,217504
1.8377,0.2395,38.43,93,91,217507
1.8035,0.2297,38.58,93,91,217511
1.8035,0.2199,38.58,93,91,217515
1.8035,0.2248,38.65,93,91,217518
1.8328,0.2248,38.58,93,91,217522
1.9062,0.2346,38.43,93,91,217525
1.9257,0.2297,38.58,93,91,217528
1.9990,0.2248,37.77,93,91,217531
2.0626,0.2444,38.68,93,91,217535
2.1848,0.2102,38.62,93,91,217538
2.3754,0.2297,38.52,93,91,217541
2.5464,0.2590,38.65,93,91,217545
2.8152,0.2346,38.52,93,91,217548
3.0059,0.2248,38.68,93,91,217551
3.1867,0.2297,38.65,93,91,217555
3.2991,0.2248,38.58,93,91,217559
3.1574,0.2248,38.71,93,91,217562
2.9472,0.2395,38.43,93,91,217565
2.6051,0.2248,38.65,93,91,217569
2.3118,0.2248,38.74,93,91,217572
2.1114,0.2346,38.55,93,91,217575
1.8426,0.2248,38.55,93,91,217579
1.7107,0.2346,38.43,93,91,217582
1.5640,0.2297,38.55,93,91,217585
1.4663,0.2248,38.62,93,91,217589
1.4223,0.2297,38.58,93,91,217592
1.3832,0.2151,38.30,93,91,217595
1.4027,0.2346,38.36,93,91,217600
1.3685,0.2248,38.52,93,91,217603
1.3734,0.2297,38.58,93,91,217606
1.3881,0.2102,38.65,93,91,217609
1.4125,0.2248,38.71,93,91,217613
1.4761,0.2395,38.46,93,91,217616
1.4614,0.2248,38.58,93,91,217619
1.4858,0.2199,38.52,93,91,217623
1.4907,0.2248,38.62,93,91,217626
1.5103,0.2248,38.65,93,91,217629
1.5543,0.2297,38.46,93,91,217633
1.5640,0.2102,38.65,93,91,217636
1.5836,0.2248,38.49,93,91,217639
1.5934,0.2297,38.65,93,91,217644
1.5885,0.2199,38.65,93,91,217647
1.6276,0.2297,38.46,93,91,217650
1.6129,0.2248,38.65,93,91,217653
1.6422,0.2248,38.52,93,91,217657
1.6227,0.2346,38.58,93,91,217660
1.6422,0.2102,38.65,93,91,217663
1.6618,0.2297,38.43,93,91,217667
1.6471,0.2248,38.65,93,91,217670
1.6862,0.2248,38.43,93,91,217673
1.6667,0.2297,38.52,93,91,217677
1.6667,0.2248,38.65,93,91,217680
1.6862,0.2297,38.62,93,91,217683
1.6862,0.2248,38.62,93,91,217688
1.7400,0.2346,38.36,93,91,217691
1.7009,0.2199,38.55,93,91,217694
1.7058,0.2395,38.65,93,91,217697
1.7155,0.2297,38.62,93,91,217701
1.7009,0.2248,38.62,93,91,217704
1.7546,0.2493,38.40,93,91,217707
1.7204,0.2248,38.55,93,91,217711
1.7107,0.2199,38.62,93,91,217714
1.7155,0.2248,38.62,93,91,217717
1.7155,0.2737,38.62,93,91,217721
1.7498,0.2346,38.46,93,91,217724
1.7351,0.2297,38.62,93,91,217728
1.7449,0.2199,38.52,93,91,217732
1.7302,0.2248,38.65,93,91,217735
1.7400,0.2199,38.68,93,91,217738
1.7644,0.2199,38.46,93,91,217741
1.7498,0.2248,38.65,93,91,217745
1.7742,0.2297,38.49,93,91,217748
1.7546,0.2248,38.68,93,91,217751
1.7595,0.2199,38.65,93,91,217755
1.7791,0.2248,38.65,93,91,217758
1.7791,0.2248,38.62,93,91,217761
1.8084,0.2248,38.49,93,91,217765
1.7840,0.2199,38.65,93,91,217768
1.7791,0.2248,38.65,93,91,217772
1.8084,0.2297,38.65,93,91,217776
1.7937,0.2248,38.65,93,91,217779
1.8231,0.2346,38.40,93,91,217782
1.7986,0.2248,38.49,93,91,217785
1.7840,0.2248,38.62,93,91,217789
1.7937,0.2297,38.62,93,91,217792
1.7889,0.2248,38.62,93,91,217795
1.8524,0.2346,38.36,93,91,217799
1.8084,0.2248,38.58,93,91,217802
1.8084,0.2199,38.62,93,91,217805
1.8084,0.2248,38.62,93,91,217809
1.8133,0.2248,38.71,93,91,217812
1.8719,0.2444,38.40,93,91,217816
1.8328,0.2346,38.62,93,91,217819
1.8377,0.2199,38.49,93,91,217823
1.8426,0.2199,38.62,93,91,217826
1.8328,0.2248,38.65,93,91,217831
1.8377,0.2248,38.11,93,91,217834
1.8671,0.2395,38.52,93,91,217837
1.8328,0.2199,38.62,93,91,217841
1.8573,0.2248,38.49,93,91,217844
1.8328,0.2102,38.58,93,91,217847
1.8280,0.2199,38.65,93,91,217851
1.8426,0.2297,38.49,93,91,217854
1.8280,0.2102,38.65,93,91,217858
1.8475,0.2297,38.40,93,91,217862
1.8133,0.2248,38.84,93,91,217865
1.7986,0.2248,38.65,93,91,217868
1.7986,0.2248,38.55,93,91,217871
1.7791,0.2248,38.84,93,91,217875
1.8133,0.2346,38.36,93,91,217878
1.7595,0.2248,38.62,93,91,217881
1.7644,0.2102,38.62,93,91,217885
1.7693,0.2297,38.62,93,91,217888
1.7644,0.2248,38.65,93,91,217891
1.8182,0.2444,38.46,93,91,217895
1.7791,0.2297,38.55,93,91,217899
1.7693,0.2199,38.55,93,91,217902
1.7595,0.2297,38.68,93,91,217906
1.7595,0.2199,38.65,93,91,217909
1.7889,0.2297,38.43,93,91,217912
1.7595,0.2297,38.58,93,91,217916
1.7644,0.2248,38.49,93,91,217919
1.7449,0.2248,38.65,93,91,217922
1.7498,0.2102,38.65,93,91,217925
1.7742,0.2346,38.52,93,91,217929
1.7546,0.2493,38.68,93,91,217932
1.7840,0.2297,38.52,93,91,217935
1.7449,0.2248,38.65,93,91,217939
1.7449,0.2297,38.65,93,91,217943
1.7595,0.2248,38.58,93,91,217946
1.7546,0.2248,38.58,93,91,217950
1.7791,0.2297,38.43,93,91,217953
1.7546,0.2248,37.93,93,91,217956
1.7595,0.2590,38.65,93,91,217960
1.7840,0.2346,38.52,93,91,217963
1.7644,0.2248,38.62,93,91,217966
1.8182,0.2346,38.36,93,91,217969
1.7937,0.2297,38.65,93,91,217973
1.7742,0.2542,38.65,93,91,217976
1.7840,0.2297,38.68,93,91,217979
1.7742,0.2248,38.65,93,91,217984
1.8280,0.2395,38.40,93,91,217987
1.7986,0.2248,38.49,93,91,217990
1.7937,0.2248,38.58,93,91,217994
1.8035,0.2248,38.65,93,91,217997
1.8084,0.2248,38.52,93,91,218000
1.8524,0.2639,38.46,93,91,218004
1.8231,0.2248,38.62,93,91,218007
1.8377,0.2248,38.52,93,91,218010
1.8280,0.2248,38.65,93,91,218013
1.8426,0.2199,38.68,93,91,218017
1.8719,0.2542,38.55,93,91,218020
1.8817,0.2248,38.62,93,91,218023
1.9110,0.2248,38.49,93,91,218028
1.8866,0.2248,38.62,93,91,218031
1.9062,0.2199,38.65,93,91,218034
1.9404,0.2639,38.49,93,91,218038
1.9159,0.2248,38.62,93,91,218041
1.9501,0.2248,38.49,93,91,218044
1.9306,0.2248,38.58,93,91,218048
1.9453,0.2248,38.65,93,91,218051
1.9550,0.2297,38.71,93,91,218054
1.9257,0.2248,38.62,93,91,218057
1.9501,0.2297,38.40,93,91,218061
1.9013,0.2248,38.62,93,91,218064
1.8671,0.2199,38.65,93,91,218067
1.8426,0.2297,38.68,93,91,218072
1.8084,0.2248,38.65,93,91,218075
1.8328,0.2346,38.36,93,91,218078
1.7742,0.2248,38.68,93,91,218082
1.7693,0.2199,38.65,93,91,218085
1.7644,0.2297,38.65,93,91,218088
1.7351,0.2346,38.65,93,91,218092
1.7791,0.2395,38.43,93,91,218095
1.7253,0.2297,38.30,93,91,218098
1.7058,0.2248,38.58,93,91,218101
1.7009,0.2248,38.62,93,91,218105
1.6960,0.2199,38.71,93,91,218108
1.7351,0.2346,38.43,93,91,218112
1.7204,0.2297,38.68,93,91,218116
1.7253,0.2346,38.52,93,91,218119
1.7058,0.2102,38.65,93,91,218122
1.7204,0.2248,38.68,93,91,218126
1.7546,0.2297,38.49,93,91,218129
1.7351,0.2248,38.62,93,91,218132
1.7693,0.2297,38.52,93,91,218135
1.7449,0.2248,38.62,93,91,218139
1.7449,0.2199,38.65,93,91,218142
1.7644,0.2248,38.58,93,91,218145
1.7742,0.2297,38.62,93,91,218149
1.8280,0.2248,38.49,93,91,218152
1.8377,0.2199,38.62,93,91,218156
1.9208,0.2102,38.65,93,91,218160
1.9697,0.2297,38.68,93,91,218163
2.0283,0.2199,38.65,93,91,218166
2.1994,0.2346,38.40,93,91,218170
2.3412,0.2297,38.55,93,91,218173
2.5367,0.2248,38.68,93,91,218176
2.7957,0.2297,38.58,93,91,218179
3.0108,0.2493,38.65,93,91,218183
3.2893,0.2395,38.33,93,91,218186
3.2942,0.2248,38.49,93,91,218189
3.1818,0.2151,38.62,93,91,218193
2.9374,0.2248,38.65,93,91,218196
2.6295,0.2248,38.65,93,91,218200
2.3998,0.2395,38.46,93,91,218204
2.0870,0.2248,38.71,93,91,218207
1.8817,0.2199,38.52,93,91,218210
1.7107,0.2199,38.62,93,91,218214
1.5591,0.2248,38.71,93,91,218217
1.4907,0.2346,38.55,93,91,218220
1.4272,0.2248,38.62,93,91,218223
1.4027,0.2248,38.46,93,91,218227
1.3685,0.2102,38.62,93,91,218230
1.3685,0.2199,38.68,93,91,218233
1.4027,0.2346,38.49,93,91,218237
1.3978,0.2248,38.62,93,91,218241
1.4418,0.2297,38.58,93,91,218244
1.4370,0.2199,38.58,93,91,218248
1.4614,0.2199,38.68,93,91,218251
1.4858,0.2297,38.49,93,91,218254
1.4809,0.2248,38.62,93,91,218258
1.5103,0.2248,38.46,93,91,218261
1.5103,0.2199,38.58,93,91,218264
1.5200,0.2248,38.65,93,91,218267
1.5396,0.2248,38.58,93,91,218271
1.5396,0.2248,38.84,93,91,218274
1.5836,0.2346,38.43,93,91,218277
1.5640,0.2248,38.52,93,91,218281
1.5885,0.2297,38.58,93,91,218285
1.6031,0.2297,38.62,93,91,218288
1.6129,0.2542,38.65,93,91,218292
1.7009,0.2444,38.43,93,91,218295
1.6276,0.2297,38.55,93,91,218298
1.6276,0.2199,38.18,93,91,218301
1.6373,0.2297,38.62,93,91,218305
1.6373,0.2199,38.68,93,91,218308
1.6960,0.2395,38.43,93,91,218311
1.6813,0.2346,38.58,93,91,218315
1.6813,0.2248,38.58,93,91,218318
1.6667,0.2199,38.65,93,91,218321
1.6960,0.2199,38.65,93,91,218326
1.7009,0.2297,38.52,93,91,218329
1.6813,0.2248,38.65,93,91,218332
1.7302,0.2297,38.52,93,91,218336
1.7155,0.2248,38.68,93,91,218339
1.7595,0.2199,38.65,93,91,218342
1.7449,0.2297,38.62,93,91,218345
1.7302,0.2493,38.65,93,91,218349
1.7693,0.2102,38.49,93,91,218352
1.7302,0.2248,38.62,93,91,218355
1.7644,0.2199,38.65,93,91,218359
1.7546,0.2297,38.58,93,91,218362
1.7546,0.2248,38.62,93,91,218365
1.7693,0.2346,38.40,93,91,218370
1.7498,0.2493,38.52,93,91,218373
1.7498,0.2151,38.65,93,91,218376
1.7791,0.2346,38.62,93,91,218380
1.7693,0.2199,38.65,93,91,218383
1.8231,0.2346,38.43,93,91,218386
1.7889,0.2248,38.52,93,91,218390
1.7791,0.2199,38.65,93,91,218393
1.7889,0.2248,38.65,93,91,218396
1.8182,0.2199,38.65,93,91,218399
1.8671,0.2444,38.49,93,91,218403
1.8328,0.2199,38.62,93,91,218406
1.8426,0.2199,38.58,93,91,218409
1.8377,0.2248,38.55,93,91,218414
1.8231,0.2248,38.65,93,91,218417
1.8328,0.2297,38.62,93,91,218420
1.8035,0.2297,38.58,93,91,218424
1.8133,0.2297,38.52,93,91,218427
1.7986,0.2248,38.62,93,91,218430
1.8084,0.2248,38.65,93,91,218434
1.8475,0.2346,38.49,93,91,218437
1.8964,0.2297,38.52,93,91,218442
1.8964,0.2248,38.62,93,91,218445
1.9453,0.2346,38.40,93,91,218448
1.9208,0.2297,38.62,93,91,218451
1.9257,0.2395,38.65,93,91,218456
1.9355,0.2297,38.62,93,91,218459
1.9306,0.2248,38.68,93,91,218462
1.9648,0.2395,38.36,93,91,218466
1.9110,0.2248,38.62,93,91,218469
1.9159,0.2199,38.77,93,91,218472
1.9648,0.2248,38.62,93,91,218476
1.9257,0.2248,38.62,93,91,218479
1.9746,0.2395,38.46,93,91,218482
1.9306,0.2297,38.62,93,91,218486
1.9110,0.2199,38.55,93,91,218489
1.8964,0.2248,38.62,93,91,218492
1.8915,0.2248,38.62,93,91,218496
1.9306,0.2395,38.46,93,91,218500
1.9062,0.2297,38.58,93,91,218503
1.9208,0.2297,38.55,93,91,218506
1.8866,0.2248,38.65,93,91,218510
1.8817,0.2248,38.81,93,91,218513
1.8964,0.2346,38.49,93,91,218516
1.8524,0.2248,38.65,93,91,218520
1.8671,0.2297,38.49,93,91,218523
1.8426,0.2248,38.62,93,91,218526
1.8426,0.2248,38.84,93,91,218530
1.8573,0.2297,38.58,93,91,218533
1.8524,0.2248,38.65,93,91,218536
1.8768,0.2248,38.43,93,91,218540
1.8671,0.2199,38.65,93,91,218544
1.8328,0.2248,38.65,93,91,218547
1.8426,0.2493,38.55,93,91,218550
1.8133,0.2248,38.65,93,91,218554
1.8719,0.2297,38.40,93,91,218557
1.8573,0.2199,38.52,93,91,218560
1.8524,0.2248,38.65,93,91,218564
1.8475,0.2199,38.58,93,91,218567
1.8377,0.2248,38.65,93,91,218570
1.8866,0.2444,38.40,93,91,218574
1.8573,0.2199,38.52,93,91,218577
1.8426,0.2199,38.58,93,91,218580
1.8426,0.2248,38.71,93,91,218584
1.8426,0.2248,38.68,93,91,218588
1.8915,0.2297,38.49,93,91,218591
1.8524,0.2248,38.65,93,91,218594
1.8671,0.2248,38.52,93,91,218598
1.8573,0.2248,38.65,93,91,218601
1.8719,0.2297,38.65,93,91,218604
1.9013,0.2346,38.55,93,91,218608
1.8915,0.2248,38.65,93,91,218611
1.9062,0.2248,38.49,93,91,218614
1.8817,0.2248,38.71,93,91,218618
1.8817,0.2151,38.62,93,91,218621
1.9062,0.2297,38.49,93,91,218625
1.8768,0.2248,38.62,93,91,218629
1.9110,0.2248,38.46,93,91,218632
1.8964,0.2248,38.55,93,91,218635
1.8964,0.2151,38.65,93,91,218638
1.9257,0.2444,38.49,93,91,218642
1.9062,0.2297,38.65,93,91,218645
1.9550,0.2346,38.43,93,91,218648
1.9306,0.2297,38.02,93,91,218652
1.9306,0.2248,38.65,93,91,218655
1.9599,0.2297,38.62,93,91,218658
1.9257,0.2248,38.65,93,91,218662
1.9697,0.2395,38.36,93,91,218665
1.9306,0.2248,38.62,93,91,218669
1.9550,0.2199,38.65,93,91,218672
1.9746,0.2297,38.52,93,91,218676
1.9844,0.2248,38.65,93,91,218679
2.0528,0.2444,38.40,93,91,218682
2.0088,0.2590,38.55,93,91,218686
1.9941,0.2297,38.62,93,91,218689
1.9306,0.2248,38.58,93,91,218692
1.8915,0.2248,38.65,93,91,218696
1.9062,0.2346,38.46,93,91,218699
1.8573,0.2493,38.62,93,91,218702
1.8866,0.2102,38.52,93,91,218706
1.8280,0.2248,38.71,93,91,218710
1.8377,0.2297,38.62,93,91,218713
1.8622,0.2346,38.52,93,91,218716
1.8280,0.2248,38.55,93,91,218720
1.8377,0.2346,38.52,93,91,218723
1.8084,0.2248,38.65,93,91,218726
1.8035,0.2248,38.65,93,91,218730
1.7986,0.2346,38.58,93,91,218733
1.7742,0.2248,38.62,93,91,218736
1.7937,0.2248,38.52,93,91,218740
1.7791,0.2102,38.65,93,91,218743
1.7889,0.2248,38.65,93,91,218746
1.8035,0.2297,38.58,93,91,218749
1.7693,0.2102,38.65,93,91,218754
1.8133,0.2297,38.43,93,91,218757
1.7986,0.2346,38.52,93,91,218760
1.8231,0.2248,38.68,93,91,218764
1.8084,0.2346,38.62,93,91,218767
1.7937,0.2297,38.62,93,91,218770
1.8573,0.2346,38.33,93,91,218774
1.8377,0.2248,38.52,93,91,218777
1.8671,0.2102,38.62,93,91,218780
1.9013,0.2248,38.81,93,91,218784
1.9355,0.2590,38.65,93,91,218787
2.0381,0.2395,38.46,93,91,218790
2.0626,0.2248,38.62,93,91,218793
2.1994,0.2199,38.49,93,91,218798
2.3949,0.2199,38.62,93,91,218801
2.5758,0.2248,38.68,93,91,218804
2.8690,0.2395,38.55,93,91,218808
3.0890,0.2248,38.62,93,91,218811
3.3138,0.2248,38.52,93,91,218814
3.3382,0.2248,38.65,93,91,218818
3.2258,0.2248,38.65,93,91,218821
3.0010,0.2346,38.46,93,91,218824
2.6540,0.2102,38.62,93,91,218828
2.3314,0.2297,38.52,93,91,218831
2.0186,0.2199,38.58,93,91,218834
1.7986,0.2395,38.68,93,91,218838
1.6422,0.2297,38.52,93,91,218842
1.5005,0.2297,38.65,93,91,218845
1.4516,0.2248,38.46,93,91,218848
1.3930,0.2248,38.58,93,91,218852
1.3734,0.2248,38.68,93,91,218855
1.3587,0.2346,38.62,93,91,218858
1.3490,0.2248,38.65,93,91,218862
1.3930,0.2297,38.33,93,91,218865
1.3832,0.2199,38.62,93,91,218868
1.4027,0.2248,38.71,93,91,218871
1.4467,0.2297,38.62,93,91,218875
1.4516,0.2248,38.58,93,91,218878
1.5249,0.2493,38.43,93,91,218882
1.5396,0.2248,38.55,93,91,218886
1.5494,0.2199,38.68,93,91,218889
1.5445,0.2102,38.62,93,91,218892
1.5445,0.2248,38.65,93,91,218896
1.6031,0.2346,38.49,93,91,218899
1.5982,0.2297,38.58,93,91,218902
1.6129,0.2248,38.65,93,91,218906
1.6178,0.2199,38.65,93,91,218909
1.6227,0.2248,38.68,93,91,218912
1.6325,0.2395,38.49,93,91,218916
1.6129,0.2248,38.62,93,91,218919
1.6471,0.2297,38.49,93,91,218923
1.6373,0.2297,38.62,93,91,218926
1.6422,0.2248,38.65,93,91,218930
1.6667,0.2346,38.58,93,91,218933
1.6716,0.2102,38.62,93,91,218936
1.7058,0.2248,38.49,93,91,218940
1.6911,0.2248,38.71,93,91,218943
1.7058,0.2199,38.62,93,91,218946
1.7302,0.2297,38.65,93,91,218950
1.7107,0.2102,38.62,93,91,218953
1.7498,0.2297,38.43,93,91,218956
1.7155,0.2248,38.52,93,91,218960
1.6862,0.2199,38.65,93,91,218963
1.7058,0.2297,38.52,93,91,218967
1.6862,0.2199,38.65,93,91,218970
1.7253,0.2346,38.40,93,91,218974
1.7107,0.2297,38.55,93,91,218977
1.7449,0.2151,38.65,93,91,218980
1.7351,0.2248,38.74,93,91,218984
1.7400,0.2297,38.65,93,91,218987
1.8035,0.2395,38.43,93,91,218990
1.7546,0.2248,38.58,93,91,218994
1.7400,0.2248,38.55,93,91,218997
1.7204,0.2102,38.68,93,91,219000
1.7351,0.2248,38.65,93,91,219004
1.7889,0.2395,38.52,93,91,219008
1.7546,0.2248,38.62,93,91,219011
1.7742,0.2248,38.52,93,91,219014
1.7546,0.2248,38.74,93,91,219018
1.7644,0.2248,38.62,93,91,219021
1.8280,0.2346,38.46,93,91,219024
1.7840,0.2248,38.46,93,91,219028
1.8035,0.2395,38.52,93,91,219031
1.7840,0.2199,38.62,93,91,219034
1.8035,0.2248,38.74,93,91,219038
1.8573,0.2346,38.46,93,91,219041
1.8280,0.2248,38.65,93,91,219044
1.8426,0.2248,38.49,93,91,219047
1.8719,0.2297,38.36,93,91,219053
1.8280,0.2248,38.58,93,91,219057
1.8524,0.2199,38.65,93,91,219060
1.8768,0.2248,38.62,93,91,219063
1.9062,0.2248,38.65,93,91,219066
2.0088,0.2444,38.30,93,91,219070
1.9844,0.2297,38.55,93,91,219073
1.9892,0.2102,38.58,93,91,219076
1.9257,0.2199,38.65,93,91,219080
1.9355,0.2199,38.65,93,91,219083
1.9844,0.2346,38.24,93,91,219086
1.9550,0.2297,38.65,93,91,219090
1.9599,0.2297,38.49,93,91,219094
1.9404,0.2248,38.58,93,91,219097
1.9404,0.2297,38.65,93,91,219101
1.9550,0.2346,38.52,93,91,219104
1.9257,0.2248,38.65,93,91,219107
1.9550,0.2297,38.46,93,91,219110
1.9159,0.2248,38.65,93,91,219114
1.9208,0.2248,38.65,93,91,219117
1.9306,0.2199,38.58,93,91,219120
1.9257,0.2199,38.62,93,91,219124
1.9355,0.2248,38.49,93,91,219127
1.9110,0.2444,38.68,93,91,219130
1.9306,0.2248,38.65,93,91,219134
1.9355,0.2297,38.62,93,91,219138
1.8964,0.2248,38.62,93,91,219141
1.9159,0.2297,38.49,93,91,219144
1.8915,0.2542,38.52,93,91,219148
1.8817,0.2248,38.65,93,91,219151
1.9062,0.2297,38.49,93,91,219154
1.8866,0.2444,38.68,93,91,219158
1.9404,0.2346,38.33,93,91,219161
1.8964,0.2346,38.49,93,91,219164
1.9013,0.2102,38.62,93,91,219168
1.8671,0.2248,38.62,93,91,219171
1.8573,0.2590,38.65,93,91,219174
1.9306,0.2395,38.46,93,91,219179
1.8426,0.2248,38.68,93,91,219182
1.8426,0.2199,38.52,93,91,219185
1.8524,0.2199,38.62,93,91,219188
1.8328,0.2248,38.15,93,91,219192
1.8671,0.2346,38.55,93,91,219195
1.8377,0.2297,38.62,93,91,219198
1.8524,0.2297,38.52,93,91,219202
1.8426,0.2297,38.62,93,91,219205
1.8671,0.2248,38.71,93,91,219208
1.9062,0.2346,38.55,93,91,219212
1.8719,0.2297,38.62,93,91,219215
1.9062,0.2102,38.49,93,91,219218
1.8768,0.2199,38.71,93,91,219223
1.8866,0.2493,38.68,93,91,219226
1.9159,0.2297,37.96,93,91,219229
1.8964,0.2297,38.65,93,91,219233
1.9501,0.2199,38.40,93,91,219236
1.9110,0.2248,38.77,93,91,219239
1.9159,0.2297,38.65,93,91,219242
1.9453,0.2199,38.62,93,91,219246
1.9110,0.2248,38.65,93,91,219249
1.9599,0.2346,38.33,93,91,219252
1.9110,0.2248,38.62,93,91,219256
1.9110,0.2199,38.65,93,91,219259
1.9257,0.2102,38.62,93,91,219262
1.9013,0.2248,38.65,93,91,219267
1.9550,0.2395,38.43,93,91,219270
1.9062,0.2297,38.58,93,91,219273
1.9013,0.2199,38.62,93,91,219277
1.9062,0.2297,38.62,93,91,219280
1.9257,0.2199,38.58,93,91,219283
1.9892,0.2346,38.49,93,91,219286
1.9941,0.2297,38.58,93,91,219290
2.0235,0.2248,38.52,93,91,219293
2.0186,0.2346,38.62,93,91,219296
2.0235,0.2199,38.65,93,91,219300
2.0479,0.2297,38.49,93,91,219303
2.0137,0.2199,38.68,93,91,219307
2.0430,0.2102,38.49,93,91,219311
1.9746,0.2248,38.65,93,91,219314
1.9501,0.2248,38.65,93,91,219317
1.9355,0.2297,38.58,93,91,219320
1.9062,0.2248,38.62,93,91,219324
1.9159,0.2346,38.49,93,91,219327
1.8866,0.2248,38.65,93,91,219330
1.8719,0.2248,38.65,93,91,219334
1.8866,0.2346,38.55,93,91,219337
1.8622,0.2248,38.58,93,91,219340
1.8866,0.2199,38.40,93,91,219344
1.8573,0.2297,38.52,93,91,219347
1.8377,0.2199,38.65,93,91,219351
1.8524,0.2102,38.58,93,91,219355
1.8377,0.2248,38.65,93,91,219358
1.8817,0.2346,38.33,93,91,219361
1.8377,0.2248,38.52,93,91,219364
1.8280,0.2199,38.71,93,91,219368
1.8280,0.2346,38.62,93,91,219371
1.8231,0.2102,38.65,93,91,219374
1.8671,0.2395,38.65,93,91,219378
1.8280,0.2199,38.62,93,91,219381
1.8377,0.2199,38.58,93,91,219384
1.8328,0.2590,38.62,93,91,219388
1.8377,0.2248,38.65,93,91,219392
1.8622,0.2346,38.52,93,91,219395
1.8475,0.2199,38.68,93,91,219399
1.8768,0.2248,38.52,93,91,219402
1.8866,0.2151,38.65,93,91,219405
1.9306,0.2102,38.62,93,91,219408
2.0137,0.2346,38.40,93,91,219412
2.0479,0.2297,38.65,93,91,219415
2.1848,0.2297,38.55,93,91,219418
2.3069,0.2151,38.62,93,91,219422
2.5220,0.2199,38.65,93,91,219425
2.8055,0.2297,38.52,93,91,219428
3.0401,0.2248,38.43,93,91,219432
3.3138,0.2248,38.43,93,91,219436
3.3969,0.2102,38.58,93,91,219439
3.3480,0.2199,38.65,93,91,219442
3.1476,0.2297,38.62,93,91,219446
2.8104,0.2248,38.65,93,91,219449
2.5269,0.2297,38.40,93,91,219452
2.1701,0.2199,38.65,93,91,219456
1.9355,0.2248,38.68,93,91,219459
1.7400,0.2297,38.58,93,91,219462
1.5787,0.2248,38.62,93,91,219466
1.5543,0.2346,38.33,93,91,219469
1.4321,0.2297,38.58,93,91,219472
1.3881,0.2151,38.62,93,91,219476
1.3783,0.2248,38.46,93,91,219480
1.3783,0.2297,38.62,93,91,219483
1.4467,0.2346,38.46,93,91,219486
1.4565,0.2297,38.58,93,91,219490
1.5054,0.2199,38.52,93,91,219493
1.5005,0.2248,38.62,93,91,219496
1.5200,0.2199,38.65,93,91,219500
1.5787,0.2297,38.52,93,91,219503
1.5885,0.2102,38.68,93,91,219506
1.6325,0.2248,38.55,93,91,219510
1.6373,0.2248,38.68,93,91,219513
1.6569,0.2199,38.87,93,91,219516
1.6813,0.2248,38.68,93,91,219521
1.6813,0.2199,38.62,93,91,219524
1.7155,0.2297,38.65,93,91,219527
1.7155,0.2102,38.65,93,91,219530
1.6960,0.2248,38.62,93,91,219534
1.7204,0.2297,38.52,93,91,219537
1.7058,0.2199,38.65,93,91,219540
1.7498,0.2248,38.43,93,91,219544
1.7449,0.2248,38.52,93,91,219547
1.7449,0.2248,38.68,93,91,219550
1.7742,0.2297,38.46,93,91,219554
1.7498,0.2590,38.62,93,91,219557
1.7986,0.2346,38.40,93,91,219560
1.7791,0.2199,38.49,93,91,219565
1.7840,0.2248,38.65,93,91,219568
1.8133,0.2248,38.62,93,91,219571
1.7889,0.2248,38.68,93,91,219574
1.8328,0.2346,38.36,93,91,219578
1.7840,0.2248,38.58,93,91,219581
1.7937,0.2151,38.58,93,91,219584
1.7986,0.2542,38.68,93,91,219588
1.7986,0.2199,38.65,93,91,219591
1.8524,0.2639,38.55,93,91,219594
1.8182,0.2248,38.62,93,91,219598
1.8377,0.2199,38.55,93,91,219601
1.8328,0.2199,38.62,93,91,219604
1.8280,0.2199,38.40,93,91,219608
1.8622,0.2639,38.49,93,91,219612
1.8280,0.2248,38.62,93,91,219615
1.8426,0.2248,38.87,93,91,219618
1.8231,0.2199,38.65,93,91,219622
1.8377,0.1906,38.65,93,91,219625
1.8719,0.2248,38.52,93,91,219628
1.8573,0.2248,38.68,93,91,219632
1.8964,0.1906,38.49,93,91,219635
1.8671,0.2199,38.68,93,91,219638
1.8817,0.2248,38.65,93,91,219642
1.8964,0.2248,38.58,93,91,219645
1.8915,0.2199,38.65,93,91,219649
1.9257,0.2346,38.40,93,91,219652
1.8964,0.2199,38.58,93,91,219656
1.9110,0.2248,38.65,93,91,219659
1.9306,0.2248,38.58,93,91,219662
1.9062,0.2248,38.65,93,91,219667
1.9110,0.2199,38.58,93,91,219670
1.9697,0.2199,38.43,93,91,219674
1.9501,0.2297,37.93,93,91,219677
1.9599,0.2444,38.55,93,91,219680
1.9453,0.2248,38.62,93,91,219684
1.9550,0.2199,38.65,93,91,219687
1.9892,0.2199,38.49,93,91,219691
1.9746,0.2102,38.62,93,91,219695
2.0088,0.2248,38.49,93,91,219698
1.9795,0.2199,38.62,93,91,219701
1.9844,0.2199,38.68,93,91,219704
1.9990,0.2248,38.36,93,91,219708
1.9990,0.2542,38.62,93,91,219711
2.0332,0.2199,38.52,93,91,219714
2.0088,0.2199,38.65,93,91,219718
2.0088,0.2297,38.68,93,91,219721
2.0283,0.2297,38.55,93,91,219724
1.9990,0.2199,38.58,93,91,219728
2.0235,0.2590,38.40,93,91,219731
2.0039,0.2248,38.55,93,91,219735
2.0088,0.2102,38.62,93,91,219738
2.0088,0.2297,38.55,93,91,219742
1.9795,0.2199,38.65,93,91,219745
2.0235,0.2297,38.36,93,91,219748
1.9941,0.2199,38.55,93,91,219752
1.9844,0.2199,38.71,93,91,219755
1.9844,0.2248,38.65,93,91,219758
1.9795,0.2199,38.65,93,91,219762
2.0235,0.2297,38.33,93,91,219765
1.9599,0.2248,38.62,93,91,219768
1.9648,0.2151,38.62,93,91,219771
1.9648,0.2248,38.62,93,91,219776
1.9550,0.2199,38.65,93,91,219779
1.9941,0.2395,38.49,93,91,219782
1.9795,0.2102,38.58,93,91,219786
1.9501,0.2199,38.55,93,91,219789
1.9355,0.2248,38.62,93,91,219792
1.9355,0.2199,38.65,93,91,219796
1.9648,0.2297,38.49,93,91,219799
1.9257,0.2248,38.62,93,91,219802
1.9404,0.2248,38.52,93,91,219806
1.9257,0.2199,38.65,93,91,219809
1.9159,0.2199,38.65,93,91,219812
1.9453,0.2590,38.55,93,91,219816
1.9159,0.2199,38.65,93,91,219820
1.9501,0.2199,38.52,93,91,219823
1.9110,0.2151,38.62,93,91,219826
1.9208,0.2151,38.65,93,91,219830
1.9355,0.2248,38.58,93,91,219833
1.9355,0.2248,38.65,93,91,219836
1.9697,0.2248,38.43,93,91,219840
1.9355,0.2199,38.62,93,91,219843
1.9404,0.2199,38.65,93,91,219846
1.9648,0.2248,38.58,93,91,219850
1.9550,0.2199,38.65,93,91,219853
2.0137,0.2297,38.33,93,91,219856
1.9844,0.2199,38.52,93,91,219859
1.9697,0.2248,38.62,93,91,219864
1.9795,0.2590,38.58,93,91,219867
1.9795,0.2199,38.65,93,91,219870
2.0381,0.2395,38.43,93,91,219874
2.0088,0.2248,38.46,93,91,219877
1.9941,0.2151,38.58,93,91,219880
1.9844,0.2199,38.62,93,91,219884
1.9892,0.2199,38.65,93,91,219887
2.0381,0.2297,38.49,93,91,219890
2.0137,0.2199,38.62,93,91,219894
2.0430,0.2199,38.52,93,91,219897
2.0283,0.2395,38.62,93,91,219900
2.0332,0.2199,38.71,93,91,219904
2.0674,0.2248,38.46,93,91,219908
2.0626,0.2199,38.62,93,91,219911
2.1017,0.2248,38.49,93,91,219914
2.0772,0.2199,38.65,93,91,219918
2.0870,0.2199,38.65,93,91,219921
2.1261,0.2199,38.49,93,91,219924
2.1065,0.2199,38.65,93,91,219928
2.1457,0.2102,38.49,93,91,219931
2.1212,0.2102,38.55,93,91,219934
2.1163,0.2151,38.68,93,91,219937
2.1163,0.2248,38.49,93,91,219941
2.0674,0.2199,38.74,93,91,219944
2.0772,0.2248,38.40,93,91,219948
2.0235,0.2199,38.58,93,91,219952
1.9941,0.2151,38.65,93,91,219955
1.9844,0.2199,38.62,93,91,219958
1.9648,0.2102,38.62,93,91,219962
2.0039,0.2297,38.36,93,91,219965
1.9453,0.2053,38.62,93,91,219968
1.9404,0.2151,38.65,93,91,219972
1.9404,0.2199,38.58,93,91,219975
1.9501,0.2102,38.65,93,91,219978
1.9648,0.2297,38.43,93,91,219981
1.9110,0.2248,38.55,93,91,219985
1.8964,0.2199,38.58,93,91,219988
1.8964,0.2199,38.71,93,91,219992
1.8964,0.2248,38.65,93,91,219996
1.9355,0.2297,38.46,93,91,219999
1.9159,0.2199,38.68,93,91,220002
1.9257,0.1906,38.52,93,91,220006
1.9110,0.2151,38.87,93,91,220009
1.9208,0.2444,38.62,93,91,220012
1.9550,0.2248,38.52,93,91,220016
1.9257,0.2199,38.65,93,91,220019
1.9501,0.2297,38.49,93,91,220022
1.9208,0.2102,38.65,93,91,220025
1.9306,0.2151,38.65,93,91,220029
1.9599,0.2199,38.62,93,91,220033
1.9844,0.2199,38.68,93,91,220036
2.0332,0.2199,38.49,93,91,220040
2.0479,0.2199,38.62,93,91,220043
2.1261,0.2151,38.65,93,91,220046
2.2630,0.2248,38.52,93,91,220050
2.3851,0.2151,38.62,93,91,220053
2.6295,0.2248,38.49,93,91,220056
2.8152,0.2297,38.52,93,91,220060
3.0303,0.1906,38.65,93,91,220063
3.2649,0.2248,38.58,93,91,220066
3.3578,0.2151,38.62,93,91,220069
3.4066,0.2248,38.33,93,91,220073
3.1281,0.2151,38.52,93,91,220077
2.8006,0.2151,38.62,93,91,220080
2.4878,0.2199,38.68,93,91,220084
2.2092,0.2493,38.65,93,91,220087
2.0332,0.2346,38.49,93,91,220090
1.8084,0.2199,38.62,93,91,220094
1.6764,0.2639,38.52,93,91,220097
1.5982,0.2102,38.62,93,91,220100
1.5005,0.2151,38.55,93,91,220103
1.4907,0.2248,38.55,93,91,220107
1.4516,0.2199,38.62,93,91,220110
1.4565,0.2199,38.52,93,91,220113
1.4565,0.2199,38.65,93,91,220118
1.4761,0.2151,38.68,93,91,220121
1.5249,0.2297,38.49,93,91,220124
1.5103,0.2199,38.65,93,91,220128
1.5543,0.2199,38.52,93,91,220131
1.5396,0.2151,38.58,93,91,220134
1.5591,0.2199,38.62,93,91,220138
1.5885,0.2248,38.58,93,91,220141
1.5885,0.2151,38.65,93,91,220144
1.6373,0.2199,38.43,93,91,220148
1.6276,0.2151,38.58,93,91,220151
1.6471,0.2248,38.65,93,91,220154
1.6569,0.2199,38.58,93,91,220157
1.6569,0.2151,38.65,93,91,220162
1.7009,0.2102,38.40,93,91,220165
1.6667,0.2199,38.84,93,91,220168
1.7107,0.2151,38.65,93,91,220172
1.6960,0.2199,38.68,93,91,220175
1.7107,0.2151,38.62,93,91,220178
1.7644,0.2297,38.49,93,91,220182
1.7351,0.2542,38.65,93,91,220185
1.7400,0.2102,38.55,93,91,220188
1.7449,0.2444,38.62,93,91,220192
1.7546,0.2102,38.65,93,91,220195
1.7937,0.2248,38.40,93,91,220198
1.7840,0.2102,38.68,93,91,220203
1.7986,0.2199,38.52,93,91,220206
1.7791,0.2151,38.68,93,91,220209
1.7889,0.2199,38.65,93,91,220212
1.8182,0.2248,38.52,93,91,220216
1.7937,0.2151,38.65,93,91,220219
1.8426,0.2199,38.52,93,91,220222
1.8035,0.2151,38.65,93,91,220226
1.8280,0.2151,38.62,93,91,220229
1.8133,0.2199,38.62,93,91,220232
1.8182,0.2199,38.65,93,91,220236
1.8475,0.2248,38.46,93,91,220239
1.8280,0.2151,38.62,93,91,220242
1.8280,0.2199,38.65,93,91,220247
1.8426,0.2199,38.58,93,91,220250
1.8280,0.2395,38.62,93,91,220253
1.8719,0.2199,38.40,93,91,220256
1.8426,0.2199,38.46,93,91,220260
1.8328,0.2102,38.62,93,91,220263
1.8475,0.2199,38.62,93,91,220266
1.8426,0.2151,38.65,93,91,220270
1.9013,0.2297,38.36,93,91,220273
1.8915,0.2248,38.52,93,91,220278
1.8768,0.2151,38.52,93,91,220281
1.9062,0.2151,38.52,93,91,220284
1.8817,0.2199,38.65,93,91,220289
1.8817,0.2248,38.68,93,91,220292
1.8964,0.2199,38.58,93,91,220295
1.8817,0.2151,38.84,93,91,220299
1.9110,0.2248,38.52,93,91,220302
1.8768,0.2151,38.65,93,91,220305
1.8866,0.2151,38.65,93,91,220308
1.9159,0.2248,38.55,93,91,220312
1.8964,0.2151,38.65,93,91,220315
1.9355,0.2151,38.43,93,91,220318
1.9257,0.2151,37.93,93,91,220322
1.9208,0.2199,38.65,93,91,220325
1.9453,0.2248,38.68,93,91,220328
1.9208,0.2151,38.65,93,91,220333
1.9892,0.2297,38.40,93,91,220336
1.9306,0.2151,38.62,93,91,220339
1.9208,0.2151,38.65,93,91,220343
1.9306,0.2199,38.62,93,91,220346
1.9257,0.2151,38.84,93,91,220349
1.9795,0.2346,38.36,93,91,220352
1.9306,0.2199,38.49,93,91,220356
1.9355,0.2346,38.58,93,91,220359
1.9453,0.2151,38.65,93,91,220362
1.9404,0.2493,38.62,93,91,220366
1.9795,0.2297,38.52,93,91,220369
1.9404,0.2199,38.46,93,91,220372
1.9404,0.2151,38.52,93,91,220377
1.9208,0.2151,38.71,93,91,220380
1.9208,0.2151,38.68,93,91,220383
1.9550,0.2248,38.49,93,91,220387
1.9208,0.2199,38.62,93,91,220390
1.9404,0.2297,38.49,93,91,220393
1.9013,0.2102,38.62,93,91,220397
1.9062,0.2151,38.65,93,91,220400
1.9208,0.2199,38.52,93,91,220403
1.8964,0.2151,38.65,93,91,220406
1.9159,0.2199,38.49,93,91,220410
1.8866,0.1906,38.58,93,91,220413
1.8768,0.2151,38.71,93,91,220417
1.8817,0.2248,38.58,93,91,220421
1.8768,0.2151,38.65,93,91,220424
1.9062,0.2199,38.43,93,91,220427
1.8622,0.1906,38.65,93,91,220431
1.8622,0.2102,38.65,93,91,220434
1.8719,0.2199,38.62,93,91,220437
1.8573,0.2151,38.65,93,91,220441
1.9062,0.2346,38.33,93,91,220444
1.8719,0.2199,38.55,93,91,220447
1.8622,0.2102,38.65,93,91,220450
1.8768,0.2199,38.62,93,91,220454
1.8622,0.2102,38.65,93,91,220457
1.9257,0.2297,38.52,93,91,220461
1.8915,0.2199,38.58,93,91,220465
1.8817,0.2151,37.80,93,91,220468
1.8719,0.2102,38.62,93,91,220471
1.8866,0.2248,38.68,93,91,220475
1.9062,0.2248,38.55,93,91,220478
1.8866,0.2248,38.68,93,91,220481
1.9062,0.2151,38.49,93,91,220485
1.8964,0.2151,38.65,93,91,220488
1.9013,0.2151,38.65,93,91,220491
1.9257,0.2199,38.62,93,91,220494
1.9159,0.2053,38.62,93,91,220498
1.9404,0.2199,38.52,93,91,220502
1.9110,0.2248,38.62,93,91,220505
1.9208,0.2151,38.65,93,91,220509
1.9404,0.2199,38.71,93,91,220512
1.9208,0.2102,38.65,93,91,220515
1.9501,0.2199,38.49,93,91,220519
1.9306,0.2151,38.52,93,91,220522
1.9306,0.2199,38.62,93,91,220525
1.9501,0.2493,38.62,93,91,220529
1.9501,0.2151,38.65,93,91,220532
1.9892,0.2248,38.40,93,91,220535
1.9501,0.2199,38.52,93,91,220538
1.9795,0.2151,38.65,93,91,220542
1.9599,0.2151,38.65,93,91,220546
1.9599,0.2102,38.65,93,91,220549
2.0235,0.2346,38.40,93,91,220553
1.9795,0.2248,38.62,93,91,220556
1.9941,0.2151,38.55,93,91,220559
2.0088,0.2199,38.65,93,91,220563
2.0039,0.2151,38.68,93,91,220566
2.0430,0.2297,38.52,93,91,220569
2.0039,0.2199,38.65,93,91,220573
1.9844,0.2151,38.52,93,91,220576
1.9453,0.2151,38.62,93,91,220579
1.9159,0.2102,38.68,93,91,220582
1.9355,0.2151,38.46,93,91,220587
1.8964,0.2151,37.96,93,91,220590
1.9062,0.2248,38.49,93,91,220593
1.8719,0.2151,38.62,93,91,220597
1.8622,0.2102,38.62,93,91,220600
1.8671,0.2199,38.52,93,91,220603
1.8328,0.2151,38.65,93,91,220607
1.8524,0.2248,38.49,93,91,220610
1.8084,0.2102,38.58,93,91,220613
1.8084,0.2102,38.74,93,91,220617
1.8133,0.2102,38.58,93,91,220620
1.8084,0.1906,38.65,93,91,220623
1.8475,0.2199,38.46,93,91,220626
1.8426,0.2102,38.62,93,91,220631
1.8182,0.2102,38.65,93,91,220634
1.8328,0.2199,38.58,93,91,220637
1.8133,0.2151,38.74,93,91,220641
1.8768,0.2493,38.33,93,91,220644
1.8475,0.2199,38.55,93,91,220647
1.8426,0.2053,38.65,93,91,220651
1.8426,0.2151,38.58,93,91,220654
1.8377,0.2102,38.65,93,91,220657
1.8964,0.2297,38.43,93,91,220661
1.8768,0.2199,38.55,93,91,220664
1.8915,0.2102,37.83,93,91,220667
1.9159,0.2151,38.65,93,91,220670
1.9697,0.2151,38.65,93,91,220675
2.0723,0.2199,38.46,93,91,220678
2.1799,0.2151,38.68,93,91,220681
2.3118,0.2151,38.52,93,91,220685
2.4585,0.2102,38.62,93,91,220688
2.6784,0.2102,38.65,93,91,220691
2.9277,0.2151,38.68,93,91,220695
3.1281,0.2248,38.62,93,91,220698
3.3187,0.2199,38.52,93,91,220701
3.2698,0.2199,38.65,93,91,220705
3.1232,0.1906,38.62,93,91,220708
2.8788,0.2199,38.71,93,91,220711
2.5367,0.2151,38.62,93,91,220715
2.2923,0.2151,38.43,93,91,220719
2.0332,0.2395,38.52,93,91,220722
1.8280,0.2151,38.65,93,91,220725
1.6960,0.2199,38.52,93,91,220729
1.5591,0.2053,38.65,93,91,220732
1.5298,0.2248,38.40,93,91,220735
1.4663,0.2102,38.65,93,91,220739
1.4418,0.2102,38.65,93,91,220742
1.4321,0.2102,38.62,93,91,220745
1.4418,0.2151,38.52,93,91,220749
1.5005,0.2346,38.36,93,91,220752
1.4809,0.2151,38.71,93,91,220755
1.4956,0.2199,38.62,93,91,220759
1.5103,0.2151,38.62,93,91,220763
1.5200,0.2053,38.62,93,91,220766
1.5689,0.2297,38.55,93,91,220769
1.5494,0.2151,38.58,93,91,220773
1.5836,0.2151,38.52,93,91,220776
1.5885,0.2151,38.65,93,91,220779
1.5982,0.2346,38.68,93,91,220783
1.6422,0.1906,38.46,93,91,220786
1.6325,0.2151,38.65,93,91,220789
1.6960,0.2102,38.52,93,91,220793
1.6569,0.2102,38.65,93,91,220796
1.6716,0.2102,38.65,93,91,220800
1.6911,0.2151,38.52,93,91,220804
1.6716,0.2102,38.74,93,91,220807
1.7253,0.2151,38.49,93,91,220810
1.6862,0.2102,38.58,93,91,220813
1.6911,0.2102,38.52,93,91,220817
1.7058,0.2151,38.58,93,91,220820
1.7058,0.2102,38.65,93,91,220823
1.7498,0.2199,38.43,93,91,220827
1.7204,0.2102,38.62,93,91,220830
1.7351,0.2102,38.65,93,91,220833
1.7400,0.2199,38.65,93,91,220837
1.7204,0.1906,38.65,93,91,220840
1.7595,0.2248,38.36,93,91,220844
1.7204,0.2346,38.55,93,91,220847
1.7302,0.2102,38.62,93,91,220851
1.7253,0.2151,38.62,93,91,220854
1.7498,0.2102,38.65,93,91,220857
1.7937,0.2297,37.74,93,91,220861
1.7693,0.2199,38.52,93,91,220864
1.7644,0.2102,38.62,93,91,220867
1.7546,0.2151,38.77,93,91,220871
1.7546,0.2151,38.62,93,91,220874
1.7840,0.2199,38.49,93,91,220877
1.7595,0.2297,38.62,93,91,220881
1.7791,0.2151,38.52,93,91,220884
1.7546,0.2053,38.62,93,91,220888
1.7986,0.2102,38.52,93,91,220893
1.8035,0.2151,38.65,93,91,220896
1.8231,0.2199,38.55,93,91,220900
1.8133,0.2151,38.65,93,91,220903
1.8573,0.2199,38.43,93,91,220906
1.8377,0.2199,38.49,93,91,220909
1.8231,0.2053,38.68,93,91,220913
1.8280,0.2199,38.58,93,91,220916
1.8035,0.2102,38.58,93,91,220919
1.8475,0.2199,38.33,93,91,220923
1.8084,0.2151,38.55,93,91,220926
1.7937,0.2053,37.90,93,91,220930
1.8084,0.2151,38.62,93,91,220934
1.8133,0.2199,38.65,93,91,220937
1.8622,0.2297,38.43,93,91,220940
1.8084,0.2151,38.62,93,91,220943
1.8377,0.2102,38.55,93,91,220947
1.8182,0.2151,38.65,93,91,220950
1.8231,0.1906,38.62,93,91,220953
1.8671,0.2248,38.52,93,91,220957
1.8573,0.2199,38.65,93,91,220960
1.8817,0.1906,38.49,93,91,220963
1.8622,0.2151,38.65,93,91,220967
1.8719,0.2102,38.62,93,91,220971
1.9208,0.2248,38.52,93,91,220974
1.8915,0.2199,38.62,93,91,220978
1.9110,0.2199,38.52,93,91,220981
1.8719,0.2053,38.62,93,91,220984
1.8866,0.2151,38.65,93,91,220987
1.8817,0.2151,38.52,93,91,220991
1.8622,0.2151,38.62,93,91,220994
1.8866,0.1906,38.43,93,91,220997
1.8622,0.2102,38.58,93,91,221001
1.8622,0.2151,38.68,93,91,221004
1.8622,0.2151,38.71,93,91,221007
1.8475,0.2639,38.62,93,91,221011
1.8866,0.2199,38.40,93,91,221015
1.8377,0.2102,38.62,93,91,221018
1.8475,0.2151,38.65,93,91,221022
1.8671,0.2151,38.68,93,91,221025
1.8671,0.2102,38.65,93,91,221028
1.9208,0.2297,38.52,93,91,221032
1.8817,0.2444,38.52,93,91,221035
1.8817,0.2053,38.58,93,91,221038
1.8573,0.2151,38.71,93,91,221041
1.8475,0.2199,38.68,93,91,221045
1.8866,0.2248,38.43,93,91,221048
1.8524,0.2151,38.58,93,91,221051
1.8475,0.2151,38.52,93,91,221056
1.8231,0.2151,38.65,93,91,221059
1.8328,0.2102,38.65,93,91,221062
1.8524,0.2199,38.52,93,91,221066
1.8231,0.2151,38.65,93,91,221069
1.8475,0.2199,38.52,93,91,221072
1.8133,0.2395,38.65,93,91,221076
1.8035,0.2102,38.65,93,91,221079
1.8084,0.2151,38.71,93,91,221082
1.7986,0.2151,38.62,93,91,221085
1.8182,0.2151,38.46,93,91,221089
1.7889,0.2102,38.65,93,91,221092
1.7840,0.2102,38.65,93,91,221095
1.8084,0.2248,38.55,93,91,221100
1.7889,0.2151,38.62,93,91,221103
1.8377,0.2199,38.36,93,91,221106
1.8231,0.2151,38.52,93,91,221110
1.8133,0.2102,38.68,93,91,221113
1.8573,0.2102,38.55,93,91,221116
1.8182,0.2102,38.62,93,91,221120
1.8719,0.2248,38.33,93,91,221123
1.8426,0.2151,38.52,93,91,221126
1.8280,0.2053,38.68,93,91,221130
1.8280,0.2444,38.65,93,91,221133
1.8377,0.2151,38.62,93,91,221136
1.8817,0.2199,38.55,93,91,221139
1.8377,0.1906,38.62,93,91,221144
1.8475,0.2102,38.55,93,91,221147
1.8328,0.2395,38.68,93,91,221150
1.8377,0.2102,38.49,93,91,221154
1.8671,0.2395,38.55,93,91,221157
1.8573,0.1906,38.62,93,91,221160
1.8817,0.2151,38.43,93,91,221164
1.8573,0.2102,38.65,93,91,221167
1.8573,0.2102,38.71,93,91,221170
1.8915,0.2248,38.52,93,91,221174
1.8719,0.2102,38.81,93,91,221177
1.9110,0.2199,38.55,93,91,221180
1.9110,0.2102,38.55,93,91,221185
1.9208,0.2102,38.71,93,91,221188
1.9648,0.2151,38.52,93,91,221191
1.9453,0.2102,38.71,93,91,221194
1.9795,0.2248,38.40,93,91,221198
1.9404,0.2151,38.58,93,91,221201
1.9355,0.2102,38.65,93,91,221204
1.9501,0.2102,38.62,93,91,221208
1.9404,0.2102,38.62,93,91,221211
1.9746,0.2199,38.36,93,91,221214
1.8964,0.2102,38.65,93,91,221218
1.9110,0.2102,38.65,93,91,221221
1.8719,0.2151,38.68,93,91,221224
1.8768,0.2102,38.68,93,91,221228
1.9159,0.2297,38.43,93,91,221232
1.8817,0.2199,38.55,93,91,221235
1.8719,0.2151,38.58,93,91,221238
1.8573,0.2151,38.58,93,91,221242
1.8231,0.2151,38.65,93,91,221245
1.8573,0.2199,38.46,93,91,221248
1.8328,0.2151,38.58,93,91,221252
1.8328,0.2151,38.58,93,91,221255
1.7937,0.2151,38.62,93,91,221258
1.7742,0.2102,38.62,93,91,221262
1.7937,0.2248,38.52,93,91,221265
1.7840,0.1906,38.65,93,91,221268
1.8280,0.2151,38.58,93,91,221273
1.8133,0.2395,38.62,93,91,221276
1.8475,0.2102,38.65,93,91,221279
1.8768,0.2151,38.62,93,91,221282
1.8964,0.2151,38.74,93,91,221286
1.8915,0.2102,38.43,93,91,221289
1.8671,0.2199,38.62,93,91,221292
1.8573,0.2102,38.65,93,91,221296
1.8719,0.2199,38.58,93,91,221299
1.8524,0.2102,38.65,93,91,221302
1.9208,0.2199,38.33,93,91,221306
1.9208,0.2199,38.55,93,91,221309
1.9648,0.2102,38.65,93,91,221313
2.0723,0.2053,38.58,93,91,221317
2.1945,0.2151,38.68,93,91,221320
2.4438,0.2297,38.43,93,91,221323
2.6197,0.2199,38.55,93,91,221326
2.8446,0.2053,38.58,93,91,221330
3.0841,0.2102,38.65,93,91,221333
3.2796,0.2102,38.71,93,91,221336
3.4262,0.2248,38.49,93,91,221340
3.2649,0.2102,38.62,93,91,221343
3.0108,0.2102,38.52,93,91,221346
2.6588,0.2151,38.65,93,91,221350
2.3509,0.2102,38.65,93,91,221353
2.1114,0.2199,38.58,93,91,221357
1.8524,0.2346,38.62,93,91,221360
1.6911,0.2151,38.49,93,91,221364
1.5396,0.2151,38.68,93,91,221367
1.4712,0.1906,38.65,93,91,221370
1.4614,0.2199,38.49,93,91,221374
1.4076,0.2151,38.65,93,91,221377
1.4076,0.2151,38.43,93,91,221380
1.3685,0.2199,38.58,93,91,221384
1.3685,0.2102,38.65,93,91,221387
1.4027,0.2151,38.52,93,91,221390
1.4370,0.2151,38.65,93,91,221394
1.4858,0.2151,38.33,93,91,221398
1.5200,0.2102,38.65,93,91,221401
1.5152,0.2102,38.65,93,91,221405
1.5445,0.2151,38.58,93,91,221408
1.5885,0.2102,38.65,93,91,221411
1.5982,0.2199,38.36,93,91,221414
1.5836,0.2102,38.62,93,91,221418
1.5689,0.2053,38.62,93,91,221421
1.5640,0.2151,38.55,93,91,221424
1.5494,0.1906,38.65,93,91,221428
1.5982,0.2297,38.52,93,91,221431
1.5787,0.2151,38.55,93,91,221434
1.6031,0.2102,38.55,93,91,221438
1.6276,0.2151,38.62,93,91,221442
1.6422,0.2102,38.65,93,91,221445
1.6667,0.2199,38.52,93,91,221449
1.6422,0.2151,38.62,93,91,221452
1.6667,0.2151,38.52,93,91,221455
1.6716,0.2151,38.68,93,91,221458
1.6569,0.2102,38.65,93,91,221462
1.6862,0.2297,38.55,93,91,221465
1.6911,0.2151,38.65,93,91,221468
1.6764,0.2199,38.62,93,91,221472
1.6520,0.2102,38.62,93,91,221475
1.6618,0.2102,38.65,93,91,221478
1.6569,0.2151,38.49,93,91,221483
1.6569,0.2151,38.65,93,91,221486
1.6911,0.2151,38.43,93,91,221489
1.6618,0.2102,38.65,93,91,221493
1.6716,0.2102,38.68,93,91,221496
1.6960,0.2102,38.62,94,91,221499
1.6618,0.2444,38.62,94,91,221504
1.6813,0.2102,38.65,94,91,221507
1.7204,0.2248,38.52,94,91,221511
1.6911,0.2199,38.58,94,91,221514
1.7009,0.2102,38.55,94,91,221517
1.7107,0.2102,38.65,94,91,221520
1.7253,0.2102,38.62,94,91,221524
1.7546,0.2199,38.49,94,91,221528
1.7302,0.2102,38.74,94,91,221531
1.7498,0.2151,38.49,94,91,221535
1.7204,0.2102,38.65,94,91,221538
1.7253,0.2102,38.62,94,91,221541
1.7546,0.2102,38.58,94,91,221545
1.7546,0.2102,38.84,94,91,221548
1.7840,0.2346,38.52,94,91,221551
1.7449,0.2151,38.65,94,91,221554
1.7351,0.2102,38.65,94,91,221558
1.7791,0.2151,38.55,94,91,221561
1.7595,0.2102,38.58,94,91,221564
1.8133,0.2199,38.40,94,91,221569
1.8035,0.2102,38.52,94,91,221572
1.7791,0.2102,38.62,94,91,221575
1.7986,0.2199,38.55,94,91,221579
1.7742,0.2102,38.77,94,91,221582
1.8231,0.2297,38.36,94,91,221585
1.7986,0.2102,38.65,94,91,221589
1.8084,0.2102,38.65,94,91,221592
1.8280,0.2151,38.65,94,91,221595
1.8328,0.2102,38.68,94,91,221599
1.9062,0.2297,38.40,94,91,221602
1.8719,0.2151,38.65,94,91,221605
1.8719,0.2102,38.55,94,91,221608
1.8573,0.2151,38.65,94,91,221613
1.8280,0.2102,38.65,94,91,221616
1.8524,0.2199,38.49,94,91,221619
1.8377,0.1906,38.62,94,91,221623
1.8573,0.2151,38.52,94,91,221626
1.8377,0.2151,38.62,94,91,221629
1.8426,0.2102,37.87,94,91,221633
1.8817,0.2248,38.36,94,91,221636
1.8622,0.2151,38.65,94,91,221639
1.8817,0.2248,38.55,94,91,221643
1.8475,0.2151,38.58,94,91,221646
1.8426,0.2102,38.68,94,91,221649
1.8573,0.2151,38.52,94,91,221652
1.8426,0.2102,38.65,94,91,221657
1.8719,0.2151,38.46,94,91,221660
1.8280,0.2102,37.90,94,91,221663
1.7986,0.2395,38.68,94,91,221667
1.7889,0.2102,38.65,94,91,221670
1.7791,0.2102,38.87,94,91,221673
1.8231,0.2199,38.40,94,91,221677
1.7937,0.2102,38.62,94,91,221680
1.8084,0.2102,38.65,94,91,221683
1.8182,0.2151,38.58,94,91,221687
1.8035,0.2102,38.65,94,91,221690
1.8573,0.2248,38.36,94,91,221693
1.8231,0.2151,38.55,94,91,221697
1.7986,0.2102,38.65,94,91,221701
1.7742,0.2151,38.62,94,91,221704
1.7644,0.2102,38.65,94,91,221707
1.8182,0.2102,38.46,94,91,221711
1.7889,0.2199,38.65,94,91,221714
1.7889,0.2053,38.55,94,91,221717
1.7937,0.2102,38.62,94,91,221721
1.7986,0.2102,38.68,94,91,221724
1.8280,0.2199,38.52,94,91,221727
1.7840,0.2102,38.65,94,91,221731
1.8035,0.2151,38.52,94,91,221734
1.8035,0.2151,38.65,94,91,221737
1.7840,0.2102,38.62,94,91,221742
1.8084,0.2151,38.58,94,91,221745
1.7889,0.1906,38.62,94,91,221748
1.8182,0.2102,37.80,94,91,221751
1.8133,0.2151,38.62,94,91,221755
1.7937,0.2102,38.65,94,91,221758
1.8133,0.2248,38.55,94,91,221761
1.7937,0.2102,38.65,94,91,221765
1.8280,0.2151,38.40,94,91,221768
1.8280,0.2199,38.46,94,91,221771
1.8182,0.1906,38.65,94,91,221775
1.8426,0.2248,38.55,94,91,221778
1.8426,0.1906,38.65,94,91,221782
1.8866,0.2199,38.36,94,91,221785
1.8377,0.2151,38.55,94,91,221789
1.8231,0.2102,38.68,94,91,221792
1.8133,0.2151,38.84,94,91,221795
1.8084,0.2102,38.65,94,91,221799
1.8622,0.2297,38.43,94,91,221802
1.8328,0.2053,38.62,94,91,221805
1.8671,0.2151,38.58,94,91,221809
1.8817,0.2151,38.62,94,91,221812
1.8964,0.2102,38.65,94,91,221815
1.9453,0.2248,38.55,94,91,221819
1.9306,0.2151,38.62,94,91,221822
1.9404,0.2151,38.55,94,91,221826
1.9257,0.2151,38.65,94,91,221830
1.9110,0.2151,38.62,94,91,221833
1.9355,0.2248,38.46,94,91,221836
1.8866,0.2151,38.62,94,91,221839
1.8915,0.2199,38.52,94,91,221843
1.8573,0.2053,38.58,94,91,221846
1.8377,0.2102,38.71,94,91,221849
1.8426,0.2199,38.52,94,91,221853
1.7986,0.2102,38.62,94,91,221856
1.8133,0.2151,38.49,94,91,221859
1.7840,0.2102,38.58,94,91,221863
1.7742,0.2102,38.43,94,91,221867
1.7644,0.2248,38.58,94,91,221870
1.7302,0.2102,38.65,94,91,221874
1.7595,0.2199,38.55,94,91,221877
1.7155,0.2102,38.62,94,91,221880
1.7302,0.2102,38.65,94,91,221883
1.7400,0.2248,38.62,94,91,221887
1.7253,0.2102,38.65,94,91,221890
1.7693,0.2297,38.36,94,91,221893
1.7595,0.2151,38.55,94,91,221897
1.7253,0.2053,38.62,94,91,221900
1.7351,0.2102,38.62,94,91,221903
1.7302,0.2102,38.68,94,91,221907
1.7595,0.2590,38.55,94,91,221911
1.7253,0.2199,38.58,94,91,221914
1.7204,0.2102,38.05,94,91,221918
1.7058,0.2102,38.68,94,91,221921
1.7155,0.2151,38.65,94,91,221924
1.7546,0.2199,38.49,94,91,221927
1.7742,0.2102,38.62,94,91,221931
1.8475,0.2151,38.49,94,91,221934
1.8964,0.2102,38.65,94,91,221937
2.0381,0.2151,38.65,94,91,221941
2.1750,0.2151,38.58,94,91,221944
2.3754,0.2102,38.58,94,91,221947
2.6588,0.2248,38.49,94,91,221952
2.8837,0.2102,38.65,94,91,221955
3.1183,0.2102,38.58,94,91,221958
3.2893,0.2102,38.55,94,91,221962
3.2600,0.2102,38.68,94,91,221965
3.1232,0.2151,37.90,94,91,221968
2.7761,0.2151,38.52,94,91,221971
2.4145,0.2102,38.68,94,91,221975
2.1163,0.2297,38.52,94,91,221978
1.8328,0.2151,38.65,94,91,221981
1.6325,0.2199,38.30,94,91,221985
1.4272,0.2102,38.52,94,91,221988
1.3196,0.2102,38.65,94,91,221991
1.2610,0.2151,38.62,94,91,221996
1.2268,0.1906,38.65,94,91,221999
1.2512,0.2346,38.40,94,91,222002
1.2121,0.2151,38.62,94,91,222006
1.2317,0.2102,38.62,94,91,222009
1.2512,0.2102,38.62,94,91,222012
1.2805,0.2102,38.65,94,91,222015
1.3343,0.2248,38.71,94,91,222019
1.3343,0.2151,38.62,94,91,222022
1.3685,0.2151,38.52,94,91,222025
1.3881,0.2151,38.62,94,91,222029
1.4076,0.2102,38.68,94,91,222032
1.4565,0.2199,38.49,94,91,222035
1.4565,0.1906,38.62,94,91,222040
1.4858,0.2199,38.55,94,91,222043
1.4712,0.2248,38.62,94,91,222046
1.4956,0.2151,38.65,94,91,222050
1.5152,0.2395,38.52,94,91,222053
1.5152,0.1906,38.62,94,91,222056
1.5494,0.2151,38.65,94,91,222059
1.5396,0.2151,38.58,94,91,222063
1.5396,0.2102,38.62,94,91,222066
1.5543,0.2297,38.58,94,91,222069
1.5543,0.1906,38.62,94,91,222073
1.6031,0.2199,38.74,94,91,222076
1.5836,0.2102,38.62,94,91,222080
1.5836,0.2102,38.68,94,91,222084
1.5885,0.2248,38.62,94,91,222087
1.5885,0.2102,38.77,94,91,222090
1.6373,0.2639,38.40,94,91,222094
1.6129,0.2151,38.58,94,91,222097
1.6129,0.2102,38.65,94,91,222100
1.6129,0.2151,38.62,94,91,222104
1.6178,0.2102,38.65,94,91,222107
1.6862,0.2199,38.46,93,91,222110
1.6471,0.2151,38.55,93,91,222115
1.6373,0.2102,38.65,93,91,222118
1.6716,0.2151,38.52,93,91,222123
1.6520,0.2102,37.93,93,91,222126
1.6618,0.2297,38.65,93,91,222129
1.6667,0.2151,38.58,93,91,222132
1.6716,0.2102,38.65,93,91,222136
1.7449,0.2199,38.46,93,91,222139
1.6911,0.2102,38.62,93,91,222142
1.7009,0.2151,38.65,93,91,222146
1.7107,0.2199,38.65,93,91,222149
1.6911,0.2102,38.62,93,91,222152
1.7351,0.2199,38.36,93,91,222156
1.7107,0.2151,38.49,93,91,222159
1.7058,0.2102,38.65,93,91,222162
1.7204,0.2151,38.65,93,91,222167
1.7155,0.2151,38.65,93,91,222170
1.7693,0.2297,38.49,93,91,222173
1.7400,0.2297,38.55,93,91,222177
1.7351,0.2151,38.58,93,91,222180
1.7351,0.2151,38.65,93,91,222183
1.7449,0.2102,38.62,93,91,222186
1.7840,0.2199,38.49,93,91,222190
1.7644,0.2151,38.65,93,91,222193
1.7840,0.2395,38.49,93,91,222196
1.7693,0.2151,38.68,93,91,222200
1.7644,0.2004,38.65,93,91,222203
1.7889,0.2199,38.58,93,91,222206
1.7840,0.2151,38.71,93,91,222211
1.8231,0.2248,38.52,93,91,222214
1.7986,0.2151,38.62,93,91,222217
1.8328,0.2151,38.68,93,91,222221
1.8328,0.2199,38.65,93,91,222224
1.8133,0.2102,38.65,93,91,222227
1.8328,0.2151,38.18,93,91,222230
1.8182,0.2248,38.55,93,91,222234
1.8133,0.2102,38.65,93,91,222237
1.8280,0.2151,38.62,93,91,222240
1.7986,0.2151,38.65,93,91,222244
1.8328,0.2199,38.36,93,91,222247
1.7791,0.2199,38.55,93,91,222251
1.7742,0.2102,38.65,93,91,222255
1.7742,0.2151,38.58,93,91,222258
1.7840,0.2151,38.68,93,91,222261
1.8231,0.2297,37.65,93,91,222265
1.8084,0.2151,38.58,93,91,222268
1.7742,0.2102,38.65,93,91,222271
1.7791,0.2248,38.62,93,91,222275
1.7791,0.2102,38.68,93,91,222278
1.8084,0.2248,38.55,93,91,222281
1.7742,0.2151,38.62,93,91,222284
1.7742,0.2151,38.55,93,91,222288
1.7498,0.2102,38.68,93,91,222291
1.7449,0.2102,38.65,93,91,222295
1.7791,0.2199,38.55,93,91,222299
1.7595,0.2151,38.62,93,91,222302
1.7791,0.2199,38.52,93,91,222305
1.7742,0.2151,38.65,93,91,222309
1.7449,0.2102,38.90,93,91,222312
1.7889,0.2248,38.52,93,91,222315
1.7400,0.2102,38.65,93,91,222319
1.7546,0.2151,37.77,93,91,222322
1.7351,0.2151,38.55,93,91,222325
1.7302,0.2102,38.68,93,91,222328
1.7400,0.2102,38.65,93,91,222332
1.7400,0.2151,38.65,93,91,222336
1.7840,0.2199,38.40,93,91,222339
1.7546,0.2151,38.65,93,91,222343
1.7644,0.2102,38.84,93,91,222346
1.7840,0.2395,38.62,93,91,222349
1.7644,0.2102,38.65,93,91,222353
1.8231,0.2297,38.30,93,91,222356
1.7840,0.2102,38.52,93,91,222359
1.7595,0.2151,38.62,93,91,222363
1.7644,0.2199,38.65,93,91,222366
1.7742,0.2102,38.68,93,91,222369
1.8035,0.2248,38.46,93,91,222372
1.7742,0.2542,38.58,93,91,222376
1.7791,0.2102,38.55,93,91,222380
1.7791,0.2151,38.62,93,91,222383
1.7840,0.2199,38.65,93,91,222387
1.8182,0.2248,38.52,93,91,222390
1.8035,0.2395,38.62,93,91,222393
1.8280,0.2151,38.49,93,91,222397
1.8035,0.2151,38.65,93,91,222400
1.8133,0.2151,38.68,93,91,222403
1.8280,0.2199,38.58,93,91,222407
1.8182,0.2151,38.52,93,91,222410
1.8475,0.2395,38.49,93,91,222413
1.8231,0.2151,38.74,93,91,222416
1.8328,0.2199,38.62,93,91,222420
1.8573,0.2199,38.55,93,91,222424
1.8328,0.2493,38.65,93,91,222427
1.8866,0.2199,38.43,93,91,222431
1.8426,0.2151,38.55,93,91,222434
1.8426,0.2151,38.65,93,91,222437
1.8671,0.2199,38.58,93,91,222441
1.8573,0.2151,38.65,93,91,222444
1.9208,0.2248,38.40,93,91,222447
1.8866,0.2151,38.65,93,91,222451
1.8964,0.2053,38.65,93,91,222454
1.9110,0.2151,38.62,93,91,222457
1.9110,0.2151,37.96,93,91,222461
1.9550,0.2346,38.43,93,91,222465
1.8817,0.2199,38.62,93,91,222468
1.8573,0.2102,38.62,93,91,222471
1.8328,0.2102,38.62,93,91,222475
1.8035,0.2151,38.62,93,91,222478
1.8231,0.2102,38.52,93,91,222481
1.8035,0.2199,38.62,93,91,222485
1.7937,0.2199,37.90,93,91,222488
1.7986,0.2248,38.68,93,91,222491
1.7595,0.2151,38.68,93,91,222495
1.7840,0.2199,38.46,93,91,222498
1.7546,0.2151,38.65,93,91,222501
1.7644,0.2248,38.52,93,91,222505
1.7253,0.2199,38.68,93,91,222509
1.7253,0.2151,38.65,93,91,222512
1.7400,0.2248,38.52,93,91,222515
1.7644,0.2151,38.65,93,91,222519
1.7595,0.2151,38.65,93,91,222522
1.7449,0.2102,38.58,93,91,222525
1.7302,0.2151,38.65,93,91,222529
1.7351,0.2199,38.58,93,91,222532
1.7498,0.2151,38.62,93,91,222535
1.7644,0.2199,38.36,93,91,222539
1.7400,0.2151,38.62,93,91,222542
1.7400,0.2151,38.65,93,91,222545
1.7449,0.2297,38.62,93,91,222550
1.7351,0.2151,38.68,93,91,222553
1.7986,0.2297,38.36,93,91,222556
1.7937,0.2199,38.52,93,91,222559
1.8182,0.2102,38.65,93,91,222563
1.8768,0.2199,38.62,93,91,222566
1.9453,0.2151,38.58,93,91,222569
2.1310,0.2297,38.43,93,91,222573
2.2239,0.2199,37.83,93,91,222576
2.4242,0.2151,38.55,93,91,222579
2.6344,0.2151,38.62,93,91,222583
2.8690,0.2151,38.65,93,91,222586
3.1281,0.2199,38.52,93,91,222589
3.2307,0.2151,38.62,93,91,222594
3.2649,0.2199,38.55,93,91,222597
3.0547,0.2102,38.65,93,91,222600
2.7566,0.2151,38.84,93,91,222603
2.4487,0.2151,38.58,93,91,222607
2.1505,0.2151,38.65,93,91,222610
1.9306,0.2151,38.55,93,91,222613
1.7204,0.2102,38.65,93,91,222617
1.5738,0.2102,38.65,93,91,222620
1.4809,0.2248,38.52,93,91,222623
1.4076,0.2102,38.68,93,91,222627
1.3832,0.2199,38.43,93,91,222630
1.3490,0.2199,38.52,93,91,222633
1.3392,0.2199,38.62,93,91,222638
1.3587,0.2248,38.58,93,91,222641
1.3636,0.2395,38.65,93,91,222644
1.4272,0.2248,38.40,93,91,222647
1.4076,0.2199,38.55,93,91,222651
1.4174,0.2151,38.68,93,91,222654
1.4418,0.2199,38.58,93,91,222657
1.4663,0.2248,38.68,93,91,222661
1.5200,0.2297,38.43,93,91,222664
1.5005,0.2248,38.62,93,91,222667
1.5152,0.2199,38.55,93,91,222671
1.5200,0.2151,38.71,93,91,222674
1.5543,0.2102,38.65,93,91,222678
1.5738,0.2297,38.52,93,91,222682
1.5591,0.2199,38.62,93,91,222685
1.5787,0.2151,38.55,93,91,222688
1.5640,0.2395,38.58,93,91,222692
1.5738,0.2151,38.65,93,91,222695
1.5982,0.2297,38.49,93,91,222698
1.6031,0.2199,38.68,93,91,222701
1.6373,0.2248,38.52,93,91,222705
1.6129,0.2151,38.58,93,91,222708
1.6178,0.2199,38.68,93,91,222711
1.6373,0.2199,38.52,93,91,222715
1.6325,0.2346,38.68,93,91,222718
1.6667,0.2199,38.43,93,91,222722
1.7107,0.2248,38.36,94,91,222727
1.6764,0.2151,38.62,94,91,222730
1.6862,0.2151,38.62,94,91,222734
1.6862,0.2199,38.62,94,91,222737
1.6862,0.1906,38.62,94,91,222740
1.7351,0.2297,38.46,94,91,222744
1.7107,0.2248,38.58,94,91,222747
1.7204,0.2151,38.52,94,91,222750
1.7107,0.2151,38.65,94,91,222754
1.7058,0.2151,38.65,94,91,222757
1.7302,0.2297,38.46,94,91,222760
1.7058,0.2199,38.62,94,91,222764
1.7253,0.2199,38.46,94,91,222768
1.7058,0.2151,38.65,94,91,222771
1.7107,0.2151,38.65,94,91,222774
1.7253,0.2444,38.52,94,91,222778
1.7351,0.2151,38.65,94,91,222781
1.7400,0.2151,38.49,94,91,222784
1.7107,0.2151,38.58,94,91,222788
1.7155,0.1906,38.65,94,91,222791
1.7155,0.2199,38.55,94,91,222794
1.7253,0.2248,38.65,94,91,222798
1.7449,0.2199,38.40,94,91,222801
1.7155,0.2346,38.71,94,91,222804
1.7253,0.2102,38.68,94,91,222808
1.7546,0.2248,38.43,94,91,222812
1.7840,0.2151,38.65,94,91,222815
1.7986,0.2248,38.36,94,91,222818
1.7693,0.2444,38.62,94,91,222822
1.7693,0.2151,38.65,94,91,222825
1.7742,0.2444,38.62,94,91,222828
1.7889,0.2151,38.65,94,91,222832
1.8328,0.2297,38.49,94,91,222835
1.8377,0.2199,38.55,94,91,222838
1.8182,0.2151,38.55,94,91,222842
1.8231,0.2102,38.65,94,91,222845
1.8377,0.2199,38.68,94,91,222849
1.8768,0.2297,38.52,94,91,222852
1.8475,0.2199,38.65,94,91,222856
1.8671,0.2151,38.55,94,91,222859
1.8475,0.2199,38.52,94,91,222862
1.8426,0.2151,38.65,94,91,222866
1.8622,0.2199,38.55,94,91,222869
1.8475,0.2151,38.62,94,91,222872
1.8671,0.2248,38.58,94,91,222876
1.8182,0.2102,38.62,94,91,222879
1.8133,0.2151,38.68,94,91,222882
1.8475,0.2493,38.52,94,91,222886
1.8133,0.2199,38.71,94,91,222889
1.8475,0.2395,38.43,94,91,222893
1.8182,0.1906,38.52,94,91,222897
1.8035,0.2151,38.68,94,91,222900
1.8231,0.2248,38.55,94,91,222903
1.7937,0.2151,38.65,94,91,222906
1.8377,0.2248,38.36,94,91,222910
1.7937,0.2151,38.55,94,91,222913
1.7791,0.2151,38.65,94,91,222916
1.7889,0.2199,38.65,94,91,222920
1.7546,0.2199,38.74,94,91,222923
1.7986,0.2639,38.43,94,91,222926
1.7400,0.2199,38.18,94,91,222930
1.7302,0.2151,38.62,94,91,222934
1.7204,0.2199,38.62,94,91,222937
1.7204,0.2151,38.65,94,91,222941
1.7546,0.2248,38.52,94,91,222944
1.7400,0.2199,38.65,94,91,222947
1.7449,0.2199,38.49,94,91,222950
1.7302,0.2151,38.62,94,91,222954
1.7253,0.2199,38.65,94,91,222957
1.7595,0.2248,38.68,94,91,222960
1.7253,0.2199,38.62,94,91,222964
1.7498,0.2248,38.65,94,91,222967
1.7253,0.2151,38.65,94,91,222970
1.7351,0.2151,38.68,94,91,222974
1.7498,0.2248,38.52,94,91,222978
1.7449,0.1906,38.65,94,91,222981
1.7693,0.2151,38.58,94,91,222985
1.7595,0.2248,38.58,94,91,222988
1.7595,0.2151,38.71,94,91,222991
1.7693,0.2248,38.62,94,91,222995
1.7644,0.2248,38.65,94,91,222998
1.7937,0.2248,38.46,94,91,223001
1.7693,0.2151,38.68,94,91,223004
1.7742,0.2151,38.68,94,91,223008
1.8231,0.2248,38.62,94,91,223011
1.7791,0.2199,38.49,94,91,223014
1.8280,0.2346,38.36,94,91,223019
1.7986,0.1906,38.52,94,91,223022
1.7889,0.2102,38.58,94,91,223025
1.7986,0.2248,38.62,94,91,223029
1.7986,0.2151,38.62,94,91,223032
1.8475,0.2346,38.49,94,91,223035
1.8182,0.2248,38.58,94,91,223039
1.8133,0.2248,38.49,94,91,223042
1.7986,0.2151,38.65,94,91,223045
1.8035,0.2151,38.65,94,91,223048
1.8328,0.2297,38.52,94,91,223052
1.8133,0.1906,38.65,94,91,223055
1.8426,0.2199,38.49,94,91,223058
1.8231,0.2493,38.65,94,91,223063
1.8377,0.2199,38.74,94,91,223066
1.8622,0.2199,38.62,94,91,223069
1.8866,0.2102,38.62,94,91,223073
1.8915,0.2199,38.52,94,91,223076
1.8719,0.2199,38.62,94,91,223079
1.8915,0.2151,38.65,94,91,223083
1.9306,0.2395,38.55,94,91,223086
1.9208,0.2199,38.65,94,91,223089
1.9599,0.2248,38.46,94,91,223092
1.9257,0.2297,38.55,94,91,223096
1.8964,0.2151,38.65,94,91,223099
1.9062,0.2199,38.68,94,91,223102
1.8475,0.2151,38.62,94,91,223107
1.8719,0.2297,38.36,94,91,223110
1.8084,0.2199,38.58,94,91,223113
1.7889,0.2151,38.65,94,91,223117
1.7791,0.2199,38.62,94,91,223120
1.7693,0.2151,38.62,94,91,223123
1.8133,0.2395,38.46,94,91,223127
1.7595,0.2199,38.65,94,91,223130
1.7546,0.2151,38.52,94,91,223133
1.7400,0.2199,38.65,94,91,223137
1.7302,0.2151,38.65,94,91,223140
1.7449,0.2297,38.55,94,91,223143
1.7253,0.2199,38.68,94,91,223147
1.7351,0.2199,38.87,94,91,223151
1.7107,0.2199,38.65,94,91,223154
1.7155,0.2151,38.49,94,91,223157
1.7742,0.2102,38.49,94,91,223161
1.7302,0.2199,38.62,94,91,223164
1.7546,0.2151,38.52,94,91,223167
1.7302,0.2151,38.58,94,91,223171
1.7351,0.2199,38.62,94,91,223174
1.7595,0.2248,38.55,94,91,223177
1.7400,0.2199,38.62,94,91,223181
1.7693,0.2248,38.43,94,91,223184
1.7449,0.2199,38.62,94,91,223187
1.7498,0.2151,38.68,94,91,223192
1.7791,0.2248,38.62,94,91,223195
1.7937,0.2199,38.65,94,91,223198
1.8866,0.2199,38.36,94,91,223201
1.9062,0.2151,38.58,94,91,223205
1.9990,0.2151,38.65,94,91,223208
2.1359,0.2248,38.62,94,91,223211
2.2874,0.2248,38.62,94,91,223215
2.5709,0.2395,38.43,94,91,223218
2.7517,0.2248,38.65,94,91,223221
2.9717,0.2151,38.55,94,91,223225
3.1476,0.2199,38.71,94,91,223228
3.1867,0.2346,38.71,94,91,223232
3.1232,0.2102,38.46,94,91,223236
2.8250,0.2199,38.58,94,91,223239
2.5318,0.2199,38.52,94,91,223242
2.2141,0.2151,38.65,94,91,223245
1.9697,0.2151,38.65,94,91,223249
1.7693,0.2248,38.52,94,91,223252
1.5787,0.2199,38.68,94,91,223255
1.4809,0.2248,38.52,94,91,223259
1.3734,0.2102,38.65,94,91,223262
1.3294,0.2151,38.65,94,91,223265
1.3050,0.2444,38.58,94,91,223269
1.2854,0.2151,38.65,94,91,223272
1.2903,0.2199,38.46,94,91,223276
1.2903,0.2199,38.62,94,91,223280
1.3148,0.2199,38.68,94,91,223283
1.3441,0.2248,38.58,94,91,223286
1.3539,0.2151,38.65,94,91,223289
1.3832,0.2248,38.40,94,91,223293
1.3881,0.2199,38.52,94,91,223296
1.4027,0.2102,38.65,94,91,223299
1.4272,0.2248,38.77,94,91,223303
1.4370,0.2248,38.65,94,91,223306
1.4956,0.2297,38.36,94,91,223309
1.4761,0.2199,38.52,94,91,223313
1.4858,0.2151,38.62,94,91,223316
1.5005,0.2199,38.65,94,91,223320
1.5298,0.2151,38.68,94,91,223324
1.5689,0.2297,38.21,94,91,223327
1.5445,0.2248,38.65,94,91,223330
1.5640,0.2199,38.55,94,91,223333
1.5640,0.2199,38.65,94,91,223337
1.6031,0.2151,38.71,94,91,223341
1.6373,0.2199,38.68,94,91,223344
1.6373,0.2248,38.55,94,91,223347
1.6276,0.2151,38.65,94,91,223350
1.6471,0.2248,38.46,94,91,223354
1.6471,0.2199,38.52,94,91,223357
1.6471,0.2151,38.65,94,91,223361
1.6764,0.2297,38.62,94,91,223365
1.6667,0.2151,38.65,94,91,223368
1.7204,0.2248,38.36,94,91,223371
1.7009,0.2199,38.55,94,91,223375
1.7107,0.2151,38.65,94,91,223378
1.7058,0.2199,38.52,94,91,223381
1.7058,0.2199,38.62,94,91,223385
1.7546,0.2395,38.36,94,91,223388
1.7253,0.2199,38.58,94,91,223391
1.7302,0.2151,38.55,94,91,223394
1.7351,0.2199,38.62,94,91,223398
1.7302,0.2151,38.65,94,91,223401
1.7742,0.2297,38.55,94,91,223405
1.7449,0.2688,38.62,94,91,223409
1.7595,0.2151,38.52,94,91,223412
1.7546,0.2493,38.68,94,91,223415
1.7791,0.2151,38.68,94,91,223419
1.7986,0.2297,38.46,94,91,223422
1.7937,0.2199,38.62,94,91,223425
1.7937,0.2248,38.52,94,91,223429
1.7595,0.2151,38.65,94,91,223432
1.7742,0.2102,38.65,94,91,223435
1.7693,0.2297,38.52,94,91,223439
1.7595,0.2199,38.62,94,91,223442
1.7742,0.2199,38.46,94,91,223446
1.7644,0.2199,38.62,94,91,223449
1.7791,0.1906,38.68,94,91,223453
1.7937,0.2248,38.77,94,91,223456
1.7840,0.2248,38.62,94,91,223459
1.8280,0.2248,38.43,94,91,223463
1.7889,0.2151,38.65,94,91,223466
1.8035,0.2248,38.65,94,91,223469
1.8231,0.2248,38.65,94,91,223473
1.8133,0.2151,38.62,94,91,223476
1.8719,0.2297,38.36,94,91,223479
1.8524,0.2199,38.52,94,91,223483
1.8475,0.2151,38.65,94,91,223486
1.8426,0.2248,38.62,94,91,223490
1.8280,0.2102,38.62,94,91,223493
1.8768,0.2297,37.65,94,91,223497
1.8475,0.2199,38.58,94,91,223500
1.8280,0.2199,38.55,94,91,223503
1.8133,0.2199,38.65,94,91,223507
1.8280,0.2199,38.65,94,91,223510
1.8622,0.2297,38.58,94,91,223513
1.8377,0.2248,38.65,94,91,223517
1.8671,0.1906,38.52,94,91,223520
1.8328,0.2199,38.58,94,91,223523
1.8231,0.2199,38.62,94,91,223527
1.8328,0.2199,38.52,94,91,223531
1.8280,0.2199,38.62,94,91,223534
1.8671,0.2102,38.52,94,91,223537
1.8231,0.2199,38.62,94,91,223541
1.8231,0.2151,38.65,94,91,223544
1.8280,0.2248,38.43,94,91,223547
1.8280,0.2199,38.62,94,91,223551
1.8133,0.2248,38.43,94,91,223554
1.7889,0.2199,38.49,94,91,223557
1.7791,0.2248,38.65,94,91,223561
1.8035,0.2297,38.62,94,91,223564
1.7986,0.2199,38.68,94,91,223567
1.8524,0.2199,38.40,94,91,223571
1.8133,0.2297,38.52,94,91,223575
1.8035,0.2102,38.68,94,91,223578
1.7986,0.2199,38.62,94,91,223581
1.7986,0.2199,38.65,94,91,223585
1.8475,0.2395,38.43,94,91,223588
1.7889,0.2199,38.71,94,91,223591
1.7840,0.2151,38.55,94,91,223595
1.7742,0.2199,38.65,94,91,223598
1.7791,0.2248,38.62,94,91,223601
1.8133,0.2297,38.52,94,91,223605
1.7889,0.2248,38.81,94,91,223608
1.8035,0.2248,38.55,94,91,223611
1.7937,0.2199,38.65,94,91,223616
1.7986,0.2346,38.65,94,91,223619
1.8426,0.2102,38.49,94,91,223622
1.8182,0.2199,38.65,94,91,223626
1.8524,0.2199,38.52,94,91,223629
1.8328,0.2151,38.62,94,91,223632
1.8377,0.2199,38.65,94,91,223635
1.8524,0.2248,38.52,94,91,223639
1.8475,0.2199,38.65,94,91,223642
1.8817,0.2248,38.43,94,91,223645
1.8671,0.2199,38.62,94,91,223649
1.8622,0.2248,38.65,94,91,223652
1.8719,0.2248,38.62,94,91,223655
1.8671,0.2199,38.62,94,91,223660
1.9062,0.2248,38.36,94,91,223663
1.8622,0.2151,38.71,94,91,223666
1.8573,0.2248,38.68,94,91,223670
1.8524,0.2248,38.62,94,91,223673
1.8426,0.2493,38.62,94,91,223676
1.9062,0.2297,38.36,94,91,223679
1.8768,0.2248,38.46,94,91,223683
1.8719,0.2493,38.58,94,91,223686
1.8817,0.2199,38.65,94,91,223689
1.8817,0.2199,38.62,94,91,223693
1.9599,0.2297,38.43,94,91,223696
1.9110,0.2248,38.81,94,91,223699
1.9159,0.2444,38.52,94,91,223704
1.9013,0.2199,38.62,94,91,223707
1.9110,0.2199,38.58,94,91,223710
1.9746,0.2102,38.52,94,91,223714
1.9306,0.2199,38.68,94,91,223717
1.9648,0.2199,38.46,94,91,223720
1.9550,0.2248,38.68,94,91,223723
1.9746,0.2151,38.65,94,91,223727
2.0039,0.2297,38.68,94,91,223730
2.0039,0.2248,38.68,94,91,223733
2.0528,0.2248,38.52,94,91,223737
1.9844,0.2199,38.65,94,91,223740
1.9746,0.2297,38.65,94,91,223744
1.9941,0.2248,38.55,94,91,223748
1.9550,0.2248,38.62,94,91,223751
2.0088,0.2248,38.40,94,91,223754
1.9404,0.2102,38.43,94,91,223757
1.9110,0.2199,38.65,94,91,223761
1.9110,0.2248,38.55,94,91,223764
1.8817,0.2199,38.65,94,91,223767
1.9257,0.2248,38.40,94,91,223771
1.8768,0.2102,38.55,94,91,223774
1.8573,0.2199,38.68,94,91,223777
1.8377,0.2493,38.65,94,91,223781
1.8084,0.2199,38.65,94,91,223784
1.8475,0.2297,38.40,94,91,223788
1.7937,0.2248,38.62,94,91,223792
1.7889,0.2102,38.58,94,91,223795
1.7791,0.2199,38.81,94,91,223798
1.7693,0.2199,38.65,94,91,223801
1.8133,0.2297,38.52,94,91,223805
1.7986,0.2248,38.58,94,91,223808
1.8133,0.2199,38.55,94,91,223811
1.7937,0.2151,38.68,94,91,223815
1.7791,0.2199,38.68,94,91,223818
1.8035,0.2297,38.40,94,91,223821
1.7693,0.2248,38.58,94,91,223825
1.8035,0.2248,38.55,94,91,223828
1.8035,0.2199,38.62,94,91,223832
1.8280,0.2151,38.65,94,91,223836
1.8524,0.2248,38.18,94,91,223839
1.8524,0.2346,38.68,94,91,223842
1.9062,0.2199,38.46,94,91,223845
1.9404,0.2151,38.68,94,91,223849
2.0674,0.2199,38.65,94,91,223852
2.2483,0.2248,38.58,94,91,223855
2.4487,0.2199,38.65,94,91,223859
2.7517,0.2346,38.40,94,91,223862
2.9570,0.2199,38.62,94,91,223865
3.1720,0.2151,38.65,94,91,223869
3.3138,0.2248,38.68,94,91,223873
3.2209,0.2199,38.65,94,91,223876
3.0890,0.2395,38.36,94,91,223880
2.7273,0.2102,38.58,94,91,223883
2.3900,0.2248,38.62,94,91,223886
2.1065,0.2199,38.62,94,91,223889
1.8573,0.2199,38.71,94,91,223893
1.7155,0.2395,38.43,94,91,223896
1.5347,0.2248,38.55,94,91,223899
1.4370,0.2199,38.55,94,91,223903
1.3930,0.2151,38.65,94,91,223906
1.3392,0.2199,38.65,94,91,223909
1.3441,0.2297,38.46,94,91,223913
1.3294,0.1906,38.65,94,91,223917
1.3587,0.2199,37.93,94,91,223920
1.3685,0.2346,38.65,94,91,223924
1.3930,0.2199,38.65,94,91,223927
1.4174,0.2493,38.55,94,91,223930
1.4174,0.2199,38.65,94,91,223933
1.4516,0.2248,38.52,94,91,223937
1.4614,0.2102,38.62,94,91,223940
1.4712,0.2199,38.65,94,91,223943
1.5103,0.2151,38.52,94,91,223947
1.5689,0.2151,38.68,94,91,223950
1.5836,0.2199,38.65,94,91,223954
1.6520,0.2297,38.77,94,91,223958
1.6325,0.2199,38.58,94,91,223961
1.6178,0.2151,38.62,94,91,223965
1.6227,0.2151,38.62,94,91,223968
1.6178,0.2199,38.65,94,91,223971
1.6716,0.2346,38.49,94,91,223975
1.6325,0.1906,38.62,94,91,223978
1.6520,0.2199,38.58,94,91,223981
1.6471,0.2248,38.68,94,91,223985
1.6520,0.2199,38.65,94,91,223988
1.6862,0.2395,38.55,94,91,223991
1.6862,0.2199,38.65,94,91,223994
1.7058,0.2199,38.49,94,91,223998
1.6911,0.2102,38.65,94,91,224002
1.6764,0.2199,38.65,94,91,224005
1.6960,0.2297,38.49,94,91,224009
1.6813,0.2199,38.62,94,91,224012
1.7009,0.2199,38.52,94,91,224015
1.6716,0.2199,38.55,94,91,224019
1.6862,0.2199,38.62,94,91,224022
1.7107,0.2444,38.49,94,91,224025
1.7351,0.2151,38.65,94,91,224029
1.7302,0.2248,38.43,94,91,224032
1.6960,0.2444,38.62,94,91,224035
1.6960,0.2151,38.68,94,91,224038
1.6960,0.2248,38.58,94,91,224043
1.7058,0.2199,38.71,94,91,224046
1.7449,0.2297,38.36,94,91,224049
1.6960,0.2199,38.58,94,91,224053
1.7058,0.2199,38.71,94,91,224056
1.7155,0.2151,38.62,94,91,224059
1.7253,0.2199,38.65,94,91,224063
1.7791,0.2444,38.43,94,91,224066
1.7449,0.2248,38.62,94,91,224069
1.7400,0.2151,38.65,94,91,224072
1.7498,0.2102,38.62,94,91,224076
1.7351,0.2199,38.65,94,91,224079
1.7693,0.2297,38.49,94,91,224082
1.7449,0.2248,38.62,94,91,224087
1.7498,0.2199,38.58,94,91,224090
1.7449,0.2248,38.65,94,91,224093
1.7595,0.2199,38.68,94,91,224097
1.7937,0.2297,38.49,94,91,224100
1.7791,0.2151,38.62,94,91,224103
1.8133,0.2248,38.49,94,91,224107
1.7937,0.2297,38.84,94,91,224110
1.8182,0.2151,38.62,94,91,224113
1.8035,0.2199,38.58,94,91,224116
1.7986,0.2199,38.71,94,91,224120
1.8328,0.2199,38.55,94,91,224123
1.8133,0.2199,38.65,94,91,224126
1.8280,0.2199,38.65,94,91,224131
1.8671,0.2297,38.52,94,91,224134
1.8426,0.2199,38.65,94,91,224137
1.8768,0.2444,38.40,94,91,224141
1.8524,0.2199,38.55,94,91,224144
1.8328,0.2199,38.65,94,91,224147
1.8573,0.2199,38.55,94,91,224151
1.8524,0.2199,38.62,94,91,224154
1.9159,0.2297,38.33,94,91,224157
1.8817,0.2199,38.55,94,91,224160
1.8817,0.2151,38.74,94,91,224164
1.8671,0.2151,38.62,94,91,224167
1.8475,0.2199,38.74,94,91,224171
1.8817,0.2395,38.49,94,91,224175
1.8231,0.2199,38.87,94,91,224178
1.8328,0.2053,38.55,94,91,224181
1.8328,0.2199,38.62,94,91,224185
1.8328,0.2199,38.68,94,91,224188
1.8622,0.2297,38.55,94,91,224191
1.8377,0.2199,38.65,94,91,224195
1.8524,0.2248,38.49,94,91,224198
1.8280,0.2248,38.65,94,91,224201
1.8377,0.2297,38.62,94,91,224205
1.8524,0.2297,38.49,94,91,224208
1.8133,0.2248,38.62,94,91,224211
1.8426,0.2248,38.52,94,91,224215
1.8084,0.2151,38.58,94,91,224219
1.8231,0.2199,38.65,94,91,224222
1.8524,0.2248,38.52,94,91,224225
1.8280,0.2248,38.65,94,91,224229
1.8231,0.2248,38.43,94,91,224232
1.7791,0.2151,38.62,94,91,224235
1.7840,0.1906,38.65,94,91,224239
1.8084,0.2248,38.74,94,91,224242
1.8182,0.2199,38.65,94,91,224245
1.8573,0.2199,38.36,94,91,224249
1.7889,0.2199,38.77,94,91,224252
1.7889,0.2248,38.65,94,91,224256
1.8231,0.2248,38.58,94,91,224259
1.8426,0.2248,38.68,94,91,224263
1.9208,0.2395,38.43,94,91,224266
1.8817,0.2248,38.55,94,91,224269
1.8475,0.2151,38.65,94,91,224273
1.8328,0.2248,38.62,94,91,224276
1.8328,0.2199,38.71,94,91,224279
1.8817,0.2639,38.46,94,91,224283
1.8671,0.2248,38.58,94,91,224286
1.8719,0.2199,38.52,94,91,224289
1.8475,0.2248,38.65,94,91,224293
1.8524,0.2199,38.65,94,91,224296
1.8817,0.2395,38.55,94,91,224300
1.8671,0.2102,38.62,94,91,224303
1.8768,0.2248,38.49,94,91,224307
1.8426,0.2151,38.62,94,91,224310
1.8426,0.2199,38.65,94,91,224313
1.8622,0.2199,38.52,94,91,224317
1.8768,0.2248,38.68,94,91,224320
1.9110,0.2199,38.46,94,91,224323
1.8964,0.2248,38.65,94,91,224327
1.9110,0.2199,38.65,94,91,224330
1.9110,0.2297,38.55,94,91,224333
1.8964,0.2199,38.65,94,91,224337
1.9453,0.2248,38.40,94,91,224340
1.9257,0.2297,38.52,94,91,224344
1.9013,0.1906,38.71,94,91,224347
1.8964,0.2297,38.52,94,91,224351
1.8768,0.2248,38.62,94,91,224354
1.9550,0.2346,38.36,94,91,224357
1.9404,0.2248,38.52,94,91,224361
1.9550,0.2151,38.65,94,91,224364
1.9795,0.2248,38.58,94,91,224367
1.9746,0.2151,38.62,94,91,224371
2.0186,0.2395,38.46,94,91,224374
1.9501,0.2199,38.62,94,91,224377
1.9453,0.2151,38.55,94,91,224381
1.8768,0.2199,38.65,94,91,224385
1.8524,0.2248,38.65,94,91,224388
1.8426,0.2297,38.55,94,91,224391
1.8084,0.2248,38.65,94,91,224395
1.8182,0.2199,38.49,94,91,224398
1.7986,0.2199,38.65,94,91,224401
1.7986,0.2297,38.65,94,91,224405
1.8231,0.2297,38.49,94,91,224408
1.7840,0.2248,38.65,94,91,224411
1.8035,0.2346,38.58,94,91,224415
1.7937,0.2151,38.62,94,91,224418
1.7791,0.2199,38.84,94,91,224421
1.7986,0.2248,38.49,94,91,224425
1.7644,0.2199,38.71,94,91,224429
1.7791,0.2493,38.46,94,91,224432
1.7644,0.2199,38.58,94,91,224435
1.7840,0.2199,38.84,94,91,224439
1.8084,0.2297,38.55,94,91,224442
1.7840,0.2199,38.65,94,91,224445
1.7937,0.2297,38.46,94,91,224449
1.7498,0.2151,38.55,94,91,224452
1.7498,0.2199,37.99,94,91,224455
1.7742,0.2395,38.62,94,91,224459
1.7791,0.2199,38.62,94,91,224462
1.8426,0.2688,38.36,94,91,224465
1.8328,0.2248,38.68,94,91,224470
1.8475,0.2151,38.62,94,91,224473
1.8964,0.2199,38.65,94,91,224476
1.9355,0.2199,38.65,94,91,224479
2.0626,0.2297,38.49,94,91,224483
2.1652,0.2248,38.62,94,91,224486
2.3509,0.2199,38.62,94,91,224489
2.5709,0.2199,38.65,94,91,224493
2.8348,0.2151,38.62,94,91,224496
3.1476,0.2297,38.55,94,91,224499
3.3138,0.2199,38.58,94,91,224503
3.4213,0.2199,38.46,94,91,224506
3.2454,0.2199,38.65,94,91,224509
2.9570,0.2199,38.65,94,91,224514
2.6246,0.2199,38.55,94,91,224517
2.2678,0.2199,38.74,94,91,224520
1.9990,0.2151,38.49,94,91,224523
1.7302,0.2199,38.71,94,91,224527
1.5543,0.2151,38.65,94,91,224530
1.4516,0.2248,38.55,94,91,224533
1.3587,0.2590,38.65,94,91,224537
1.3636,0.2199,38.43,94,91,224540
1.2952,0.2199,38.55,94,91,224543
1.2903,0.2199,38.58,94,91,224547
1.3099,0.2297,38.58,94,91,224550
1.3294,0.2199,38.55,94,91,224553
1.3978,0.2297,38.30,94,91,224557
1.5103,0.2297,38.46,93,90,224561
1.5103,0.2248,38.55,93,90,224564
1.5249,0.2151,38.52,93,90,224568
1.5347,0.2199,38.65,93,90,224571
1.5543,0.2199,38.65,93,90,224574
1.5836,0.2297,38.52,93,90,224578
1.5689,0.2248,38.62,93,90,224581
1.6080,0.2199,38.52,93,90,224584
1.5591,0.2199,38.65,93,90,224588
1.5836,0.2199,38.65,93,90,224591
1.6129,0.2297,38.52,93,90,224594
1.6080,0.2248,38.62,93,90,224599
1.6471,0.2199,38.52,93,90,224602
1.6227,0.2199,38.58,93,90,224605
1.6325,0.2199,38.65,93,90,224608
1.6471,0.2248,38.62,93,90,224612
1.6227,0.2542,38.62,93,90,224615
1.6422,0.2248,38.43,93,90,224618
1.6080,0.2248,38.58,93,90,224622
1.6129,0.2199,38.71,93,90,224625
1.6471,0.2297,38.58,93,90,224628
1.6325,0.2199,38.74,93,90,224632
1.6716,0.2297,38.40,93,90,224635
1.6373,0.2199,38.65,93,90,224638
1.6471,0.2248,38.65,93,90,224643
1.6716,0.2248,38.62,93,90,224646
1.6569,0.2199,38.65,93,90,224649
1.7058,0.2395,38.40,93,90,224652
1.6569,0.2248,38.55,93,90,224656
1.6373,0.2199,38.74,93,90,224659
1.6422,0.2199,38.62,93,90,224662
1.6569,0.2199,38.74,93,90,224666
1.7107,0.2346,38.49,93,90,224669
1.7058,0.2248,38.68,93,90,224672
1.7204,0.2493,38.55,93,90,224676
1.7009,0.2199,38.68,93,90,224679
1.7058,0.2199,38.81,93,90,224683
1.7204,0.2297,38.49,93,90,224687
1.6911,0.2248,38.65,93,90,224690
1.7204,0.2297,38.49,93,90,224693
1.6960,0.2444,38.62,93,90,224696
1.6960,0.2199,38.68,93,90,224700
1.7107,0.2199,38.55,93,90,224703
1.7009,0.2199,38.65,93,90,224706
1.7204,0.2151,38.52,93,90,224710
1.7058,0.2199,38.65,93,90,224713
1.7204,0.2151,38.68,93,90,224716
1.7449,0.2297,38.55,93,90,224720
1.7400,0.2199,38.62,93,90,224723
1.7693,0.2248,38.40,93,90,224727
1.7449,0.2248,38.55,93,90,224730
1.7351,0.2199,38.52,93,90,224734
1.7498,0.2297,38.55,93,90,224737
1.7498,0.2199,38.62,93,90,224740
1.8084,0.2199,38.33,93,90,224744
1.7840,0.2199,38.58,93,90,224747
1.7889,0.2199,38.30,93,90,224750
1.8084,0.2248,38.68,93,90,224754
1.8182,0.2199,38.62,93,90,224757
1.8719,0.2395,38.43,93,90,224760
1.8280,0.2297,38.55,93,90,224764
1.8231,0.2151,38.55,93,90,224768
1.8182,0.2199,38.62,93,90,224771
1.8182,0.2199,38.81,93,90,224775
1.8573,0.2395,38.55,93,90,224778
1.8426,0.2248,38.65,93,90,224781
1.8573,0.2199,38.49,93,90,224784
1.8328,0.2199,38.62,93,90,224788
1.8231,0.2199,38.65,93,90,224791
1.8426,0.2102,38.49,93,90,224794
1.8084,0.2199,38.74,93,90,224798
1.8328,0.2444,38.52,93,90,224801
1.7937,0.1906,38.58,93,90,224804
1.8035,0.2199,38.65,93,90,224808
1.8182,0.2346,38.52,93,90,224812
1.8035,0.2199,38.65,93,90,224815
1.8328,0.2199,38.46,93,90,224818
1.8084,0.2151,38.58,93,90,224822
1.8182,0.2102,38.62,93,90,224825
1.8231,0.2297,38.46,93,90,224828
1.7937,0.2151,38.65,93,90,224832
1.8280,0.2346,38.40,93,90,224835
1.7791,0.2248,38.55,93,90,224838
1.7840,0.2199,38.65,93,90,224842
1.7889,0.2248,38.58,93,90,224845
1.7693,0.2199,38.68,93,90,224848
1.8231,0.2297,37.62,93,90,224852
1.7840,0.2297,38.52,93,90,224856
1.7644,0.1906,38.65,93,90,224859
1.7693,0.2248,38.62,93,90,224863
1.7644,0.2248,38.62,93,90,224866
1.8035,0.2346,38.43,93,90,224869
1.7791,0.2248,38.55,93,90,224872
1.7693,0.2102,38.52,93,90,224876
1.7546,0.2199,38.71,93,90,224879
1.7546,0.2151,38.68,93,90,224882
1.7791,0.2297,38.52,93,90,224886
1.7546,0.2248,38.65,93,90,224889
1.7742,0.2151,38.46,93,90,224892
1.7644,0.2248,38.65,93,90,224897
1.7742,0.2151,38.65,93,90,224900
1.7986,0.2199,38.65,93,90,224903
1.7986,0.2248,38.62,93,90,224907
1.8280,0.2102,38.52,93,90,224910
1.8035,0.2248,38.62,93,90,224913
1.8084,0.2151,38.65,93,90,224916
1.8426,0.2297,38.43,93,90,224920
1.8231,0.2199,38.62,93,90,224923
1.8671,0.2297,38.40,93,90,224926
1.8475,0.2248,38.46,93,90,224930
1.8377,0.2346,38.68,93,90,224933
1.8573,0.2297,38.58,93,90,224936
1.8426,0.2199,38.62,93,90,224941
1.9062,0.2102,38.36,93,90,224944
1.8622,0.2248,38.62,93,90,224947
1.8768,0.2248,38.62,93,90,224951
1.8622,0.2248,38.65,93,90,224954
1.8524,0.2199,38.65,93,90,224957
1.9110,0.2444,38.40,93,90,224960
1.8768,0.2297,38.55,93,90,224964
1.8768,0.2151,38.55,93,90,224967
1.8768,0.2199,38.65,93,90,224970
1.8719,0.2297,38.58,93,90,224974
1.9208,0.2102,38.55,93,90,224977
1.9013,0.2248,38.58,93,90,224980
1.9208,0.2199,38.49,93,90,224985
1.9110,0.2199,38.65,93,90,224988
1.9306,0.2199,38.84,93,90,224991
1.9746,0.2248,38.49,93,90,224995
1.9550,0.2199,38.65,93,90,224998
1.9844,0.2297,38.52,93,90,225001
1.9453,0.2102,38.58,93,90,225004
1.9306,0.2199,38.65,93,90,225008
1.9257,0.2199,38.52,93,90,225011
1.8866,0.2199,38.62,93,90,225014
1.8866,0.2199,38.46,93,90,225018
1.8377,0.2151,38.58,93,90,225021
1.8231,0.2199,38.71,93,90,225025
1.8328,0.2297,38.52,93,90,225029
1.8182,0.2199,38.65,93,90,225032
1.8475,0.2297,38.49,93,90,225035
1.7889,0.2151,38.58,93,90,225039
1.7986,0.2199,38.65,93,90,225042
1.8133,0.2199,38.62,93,90,225045
1.7791,0.2199,38.62,93,90,225048
1.8231,0.2444,38.43,93,90,225052
1.7889,0.2248,38.55,93,90,225055
1.7791,0.2151,38.58,93,90,225058
1.7840,0.2199,38.68,93,90,225062
1.7791,0.2199,38.65,93,90,225065
1.8328,0.2248,38.43,93,90,225069
1.8133,0.2297,38.77,93,90,225073
1.8231,0.2297,38.52,93,90,225076
1.8133,0.2199,38.68,93,90,225079
1.8084,0.2199,38.71,93,90,225083
1.8328,0.2248,38.49,93,90,225086
1.8182,0.2248,38.62,93,90,225089
1.8377,0.2248,38.52,93,90,225092
1.8133,0.2151,38.68,93,90,225096
1.8328,0.2199,38.71,93,90,225099
1.8671,0.2248,38.52,93,90,225102
1.8866,0.2199,38.62,93,90,225106
1.9453,0.2199,38.46,93,90,225110
1.9795,0.2199,38.65,93,90,225113
2.0674,0.2199,38.71,93,90,225117
2.2190,0.2297,38.52,93,90,225120
2.3656,0.2199,38.68,93,90,225123
2.6295,0.2248,38.33,93,90,225127
2.8446,0.2248,38.55,93,90,225130
3.0596,0.2199,38.68,93,90,225133
3.2649,0.2199,38.62,93,90,225136
3.2845,0.2102,38.65,93,90,225140
3.2502,0.2297,38.27,93,90,225143
2.9326,0.2151,38.52,93,90,225146
2.5758,0.2151,38.74,93,90,225150
2.2776,0.2297,38.62,93,90,225154
2.0039,0.2199,38.62,93,90,225157
1.8475,0.2297,38.43,93,90,225161
1.6422,0.2102,38.58,93,90,225164
1.5005,0.2199,38.55,93,90,225167
1.4125,0.2199,38.58,93,90,225171
1.3587,0.2346,38.65,93,90,225174
1.3881,0.2199,38.65,93,90,225178
1.4321,0.2297,38.58,93,90,225181
1.4272,0.2151,38.65,93,90,225184
1.4663,0.2199,38.49,93,90,225188
1.4712,0.2297,38.55,93,90,225191
1.4907,0.2102,38.62,93,90,225195
1.5298,0.2639,38.49,93,90,225198
1.5298,0.2199,38.65,93,90,225202
1.5787,0.2248,38.40,93,90,225205
1.5689,0.2395,38.62,93,90,225208
1.6080,0.2102,38.71,93,90,225212
1.6129,0.2248,38.58,93,90,225215
1.6080,0.2199,38.62,93,90,225218
1.6667,0.2297,38.33,93,90,225222
1.6422,0.2199,38.65,93,90,225225
1.6520,0.2151,38.62,93,90,225228
1.6618,0.1906,38.62,93,90,225231
1.6667,0.2248,38.62,93,90,225235
1.7498,0.2346,38.43,93,90,225239
1.6960,0.2248,38.65,93,90,225242
1.7058,0.2493,38.52,93,90,225246
1.7107,0.2199,38.62,93,90,225249
1.7155,0.2199,38.65,93,90,225252
1.7498,0.2346,38.49,93,90,225256
1.7351,0.2248,38.62,93,90,225259
1.7498,0.2151,38.49,93,90,225262
1.7253,0.2199,38.65,93,90,225266
1.7400,0.2199,38.65,93,90,225269
1.7742,0.2297,38.52,93,90,225272
1.7546,0.2199,38.62,93,90,225276
1.7791,0.2248,38.46,93,90,225280
1.7546,0.2151,38.62,93,90,225283
1.7546,0.2199,38.62,93,90,225286
1.7889,0.2395,38.52,93,90,225290
1.7840,0.2199,38.62,93,90,225293
1.8133,0.2199,38.46,93,90,225296
1.7840,0.2151,38.62,93,90,225300
1.7937,0.2199,38.68,93,90,225303
1.8133,0.2297,38.55,93,90,225306
1.8035,0.2199,38.65,93,90,225310
1.8475,0.2297,38.36,93,90,225313
1.8231,0.2248,38.55,93,90,225316
1.8133,0.2248,38.68,93,90,225319
1.8280,0.2248,38.58,93,90,225324
1.8182,0.2199,38.65,93,90,225327
1.8719,0.2346,38.36,93,90,225330
1.8377,0.2199,38.62,93,90,225334
1.8280,0.2199,38.58,93,90,225337
1.8328,0.2199,38.62,93,90,225340
1.8280,0.2199,38.62,93,90,225344
1.8719,0.2395,38.46,93,90,225347
1.8426,0.2248,38.58,93,90,225350
1.8426,0.2199,37.90,93,90,225354
1.8328,0.2493,38.62,93,90,225357
1.8377,0.2199,38.65,93,90,225360
1.8671,0.2297,38.52,93,90,225363
1.8573,0.2248,38.62,93,90,225368
1.8719,0.2199,38.46,93,90,225371
1.8573,0.2248,38.62,93,90,225374
1.8573,0.2199,38.68,93,90,225378
1.8915,0.2297,38.52,93,90,225381
1.8768,0.2199,38.65,93,90,225384
1.9062,0.2199,38.46,93,90,225388
1.8817,0.2248,38.55,93,90,225391
1.8964,0.2102,38.65,93,90,225394
1.9208,0.2297,38.55,93,90,225398
1.9013,0.2102,38.68,93,90,225401
1.9404,0.2248,38.36,93,90,225404
1.9110,0.2151,38.55,93,90,225408
1.9062,0.2199,38.65,93,90,225412
1.9159,0.2248,38.58,93,90,225415
1.8915,0.2102,38.65,93,90,225418
1.9306,0.2297,38.36,93,90,225422
1.9013,0.2151,38.62,93,90,225425
1.8768,0.2151,38.65,93,90,225428
1.8719,0.2346,38.62,93,90,225432
1.8671,0.2199,38.62,93,90,225435
1.9208,0.2493,38.49,93,90,225438
1.8817,0.2102,38.55,93,90,225442
1.8622,0.2151,38.55,93,90,225445
1.8573,0.2248,38.62,93,90,225448
1.8573,0.2199,38.71,93,90,225453
1.8866,0.2199,38.46,93,90,225456
1.8524,0.2248,38.62,93,90,225459
1.8573,0.2199,38.49,93,90,225462
1.8377,0.2199,38.68,93,90,225466
1.8377,0.2199,38.62,93,90,225469
1.8573,0.2395,38.52,93,90,225472
1.8280,0.2248,38.62,93,90,225476
1.8524,0.2297,38.52,93,90,225479
1.8231,0.2199,38.62,93,90,225482
1.8182,0.2151,38.65,93,90,225486
1.8280,0.2199,38.52,93,90,225489
1.8133,0.2297,38.65,93,90,225492
1.8377,0.2248,38.46,93,90,225496
1.8035,0.2102,38.68,93,90,225500
1.8426,0.2248,38.68,93,90,225503
1.8328,0.2297,38.55,93,90,225506
1.8084,0.2199,38.68,93,90,225510
1.8426,0.2102,38.43,93,90,225513
1.8182,0.2248,38.55,93,90,225516
1.7986,0.2688,38.58,93,90,225520
1.8182,0.2248,38.62,93,90,225523
1.8133,0.2199,38.62,93,90,225526
1.8719,0.2395,38.36,93,90,225530
1.8377,0.2248,38.58,93,90,225533
1.8280,0.2248,38.62,93,90,225537
1.8231,0.2199,38.62,93,90,225540
1.8231,0.2199,38.65,93,90,225544
1.8719,0.2493,38.55,93,90,225547
1.8426,0.2248,38.55,93,90,225550
1.8475,0.2199,38.52,93,90,225554
1.8622,0.2199,38.62,93,90,225557
1.8426,0.2199,38.52,93,90,225560
1.8719,0.2297,38.55,93,90,225564
1.8622,0.2248,38.62,93,90,225567
1.8866,0.2199,38.49,93,90,225570
1.8622,0.2199,38.65,93,90,225574
1.8622,0.2199,38.62,93,90,225577
1.8915,0.2297,38.49,93,90,225581
1.8573,0.2199,38.65,93,90,225585
1.8915,0.2248,38.49,93,90,225588
1.8524,0.2151,38.58,93,90,225591
1.8573,0.2639,38.62,93,90,225594
1.8817,0.2248,38.52,93,90,225598
1.8719,0.2199,38.62,93,90,225601
1.9062,0.2248,38.40,93,90,225604
1.8866,0.2199,38.55,93,90,225608
1.8866,0.2199,38.62,93,90,225611
1.9208,0.2248,38.58,93,90,225614
1.9062,0.2199,38.62,93,90,225618
1.9599,0.2297,38.36,93,90,225622
1.9257,0.2199,38.55,93,90,225625
1.9404,0.2151,38.68,93,90,225629
1.9501,0.2199,38.62,93,90,225632
1.9404,0.2199,38.65,93,90,225635
1.9892,0.2395,38.46,93,90,225638
1.9355,0.2346,38.55,93,90,225642
1.9110,0.2151,38.58,93,90,225645
1.8915,0.2297,38.68,93,90,225648
1.8573,0.2102,38.65,93,90,225652
1.8719,0.2297,38.49,93,90,225655
1.8280,0.2248,38.58,93,90,225658
1.8133,0.2199,38.52,93,90,225662
1.7889,0.2199,38.74,93,90,225666
1.7791,0.2151,38.65,93,90,225669
1.8035,0.2297,38.58,93,90,225672
1.7791,0.2199,38.65,93,90,225676
1.7889,0.2199,38.52,93,90,225679
1.7546,0.2199,38.62,93,90,225682
1.7498,0.2199,38.62,93,90,225686
1.7595,0.2199,38.55,93,90,225689
1.7449,0.2199,38.62,93,90,225692
1.7595,0.2493,38.55,93,90,225696
1.7351,0.2199,38.65,93,90,225699
1.7449,0.2199,38.62,93,90,225702
1.7693,0.2297,38.55,93,90,225707
1.7498,0.2199,38.71,93,90,225710
1.7889,0.2199,38.40,93,90,225713
1.7644,0.2102,38.58,93,90,225716
1.7351,0.2199,38.55,93,90,225720
1.7595,0.2102,38.58,93,90,225723
1.7400,0.2151,38.65,93,90,225726
1.7840,0.2297,38.30,93,90,225730
1.7644,0.2199,38.52,93,90,225733
1.7742,0.2151,38.58,93,90,225736
1.8280,0.2248,38.62,93,90,225740
1.8377,0.2199,38.65,93,90,225743
1.9453,0.2346,38.46,93,90,225746
1.9941,0.2248,38.58,93,90,225751
2.1114,0.2199,38.65,93,90,225754
2.2532,0.2297,38.68,93,90,225757
2.4536,0.2199,38.62,93,90,225760
2.7175,0.2444,38.55,93,90,225764
2.9130,0.2199,38.62,93,90,225767
3.1378,0.2199,38.52,93,90,225770
3.1720,0.2151,38.65,93,90,225774
3.0743,0.2102,38.62,93,90,225777
2.8837,0.2297,38.52,93,90,225780
1.6227,0.2297,38.52,93,90,225784
1.4809,0.2248,38.68,93,90,225787
1.4272,0.2248,38.40,93,90,225792
1.3636,0.2248,38.49,93,90,225795
1.3294,0.2199,38.08,93,90,225798
1.3294,0.2248,38.52,93,90,225801
1.3148,0.2248,38.58,93,90,225805
1.3685,0.2297,38.36,93,90,225808
1.3490,0.2199,38.55,93,90,225811
1.3685,0.2199,38.65,93,90,225815
1.3832,0.2199,38.62,93,90,225818
1.4223,0.2199,38.77,93,90,225821
1.4565,0.2395,38.49,93,90,225825
1.4370,0.2493,38.62,93,90,225828
1.4663,0.2151,38.55,93,90,225831
1.4858,0.2199,38.62,93,90,225836
1.5054,0.2199,38.65,93,90,225839
1.5543,0.2297,38.40,93,90,225842
1.5640,0.2248,38.62,93,90,225846
1.5689,0.2199,38.52,93,90,225849
1.5591,0.2199,38.62,93,90,225852
1.5640,0.2199,38.65,93,90,225855
1.5934,0.2297,38.52,93,90,225859
1.5885,0.2199,38.62,93,90,225862
1.6129,0.2297,38.52,93,90,225865
1.5982,0.2199,38.62,93,90,225869
1.6129,0.2248,38.65,93,90,225872
1.6373,0.2199,38.52,93,90,225875
1.6325,0.2199,38.58,93,90,225880
1.6569,0.2248,38.55,93,90,225883
1.6373,0.2199,38.62,93,90,225886
1.6471,0.2151,38.65,93,90,225889
1.6569,0.2248,38.58,93,90,225893
1.6618,0.2248,38.68,93,90,225896
1.7058,0.2297,38.36,93,90,225899
1.6911,0.2248,38.71,93,90,225903
1.6716,0.2151,38.68,93,90,225906
1.6862,0.2248,38.11,93,90,225909
1.6813,0.2151,38.68,93,90,225913
1.7449,0.2395,38.40,93,90,225916
1.7155,0.2248,38.55,93,90,225920
1.7155,0.2151,38.62,93,90,225924
1.7155,0.2199,38.62,93,90,225927
1.7400,0.2102,38.65,93,90,225930
1.7595,0.2297,38.49,93,90,225934
1.7351,0.2248,38.62,93,90,225937
1.7693,0.2199,38.52,93,90,225940
1.7351,0.2199,38.65,93,90,225943
1.7351,0.2248,38.68,93,90,225947
1.7546,0.2297,38.55,93,90,225950
1.7400,0.2199,38.62,93,90,225953
1.7595,0.2248,38.49,93,90,225957
1.7302,0.2199,38.65,93,90,225960
1.7302,0.2199,38.58,93,90,225964
1.7840,0.2248,38.52,93,90,225968
1.7204,0.2199,38.55,93,90,225971
1.7351,0.2297,38.49,93,90,225974
1.7204,0.2199,38.55,93,90,225978
1.7155,0.2199,38.62,93,90,225981
1.7498,0.2297,38.52,93,90,225984
1.7302,0.2199,38.77,93,90,225987
1.7644,0.2346,38.40,93,90,225991
1.7449,0.2248,38.58,93,90,225994
1.7498,0.2199,38.65,93,90,225997
1.7693,0.2297,38.58,93,90,226001
1.7498,0.2151,38.65,93,90,226004
1.8035,0.2297,38.33,93,90,226008
1.7693,0.2151,38.55,93,90,226012
1.7791,0.2151,38.65,93,90,226015
1.7937,0.2151,38.68,93,90,226018
1.7986,0.2199,38.84,93,90,226022
1.8622,0.2346,38.46,93,90,226025
1.8328,0.2248,38.58,93,90,226028
1.8377,0.2248,38.62,93,90,226031
1.8328,0.2151,38.62,93,90,226035
1.8475,0.2199,38.74,93,90,226038
1.8817,0.2248,38.46,93,90,226041
1.8573,0.2248,38.68,93,90,226045
1.8622,0.2248,38.52,93,90,226049
1.8573,0.2151,38.65,93,90,226052
1.8084,0.2199,38.74,93,90,226056
1.8280,0.2346,38.52,93,90,226059
1.8182,0.2199,38.62,93,90,226062
1.8475,0.2297,38.52,93,90,226066
1.8182,0.2151,38.68,93,90,226069
1.8231,0.2199,38.65,93,90,226072
1.8280,0.2199,38.68,93,90,226075
1.8084,0.2248,38.68,93,90,226079
1.8280,0.2248,38.46,93,90,226082
1.7937,0.2493,38.68,93,90,226085
1.8182,0.2248,38.65,93,90,226089
1.8133,0.2297,38.55,93,90,226093
1.7889,0.2248,38.62,93,90,226096
1.8231,0.2297,38.36,93,90,226100
1.7937,0.2248,38.52,93,90,226103
1.7693,0.2199,38.65,93,90,226106
1.7693,0.2248,38.55,93,90,226110
1.7498,0.2248,38.65,93,90,226113
1.8133,0.2395,38.36,93,90,226116
1.7644,0.2297,38.52,93,90,226119
1.7449,0.2151,38.58,93,90,226123
1.7449,0.2248,38.71,93,90,226126
1.7302,0.2199,38.65,93,90,226129
1.7742,0.2346,38.49,93,90,226134
1.7449,0.2248,38.58,93,90,226137
1.7498,0.2248,38.52,93,90,226140
1.7351,0.2199,38.62,93,90,226144
1.7400,0.2248,38.68,93,90,226147
1.7693,0.2297,38.58,93,90,226150
1.7498,0.2248,38.81,93,90,226154
1.7742,0.2248,38.49,93,90,226157
1.7546,0.2199,38.71,93,90,226160
1.7644,0.2199,38.65,93,90,226163
1.7937,0.2346,38.49,93,90,226167
1.7595,0.2199,38.55,93,90,226170
1.7889,0.2151,38.49,93,90,226173
1.7742,0.2199,38.55,93,90,226178
1.7840,0.2199,38.58,93,90,226181
1.8084,0.2248,38.49,93,90,226184
1.7742,0.2199,38.65,93,90,226188
1.7937,0.2248,38.49,93,90,226191
1.7986,0.2248,38.58,93,90,226194
1.7644,0.2199,38.65,93,90,226198
1.7791,0.2297,38.58,93,90,226201
1.7742,0.2102,38.65,93,90,226204
1.8084,0.2297,38.36,93,90,226207
1.7742,0.2199,38.55,93,90,226211
1.7889,0.2151,38.65,93,90,226214
1.8035,0.2248,38.62,93,90,226217
1.8035,0.2102,38.65,93,90,226222
1.8622,0.2297,38.49,93,90,226225
1.8328,0.2199,38.55,93,90,226228
1.8280,0.2102,38.55,93,90,226232
1.8328,0.2444,38.62,93,90,226235
1.8622,0.2199,38.62,93,90,226238
1.8915,0.2297,38.46,93,90,226242
1.8768,0.2248,38.58,93,90,226245
1.8964,0.2199,38.55,93,90,226248
1.8817,0.2199,38.87,93,90,226251
1.8866,0.2297,38.65,93,90,226255
1.9208,0.2297,38.58,93,90,226258
1.9159,0.2199,38.62,93,90,226262
1.9453,0.2297,38.49,93,90,226266
1.9159,0.1906,38.68,93,90,226269
1.9062,0.2199,38.58,93,90,226272
1.9062,0.2248,38.55,93,90,226276
1.8817,0.2199,38.65,93,90,226279
1.8866,0.2199,38.46,93,90,226282
1.8475,0.2199,38.65,93,90,226286
1.8426,0.2199,38.65,93,90,226289
1.8622,0.2102,38.55,93,90,226292
1.8426,0.2199,38.65,93,90,226295
1.8768,0.2639,38.40,93,90,226299
1.8377,0.2248,38.55,93,90,226302
1.7937,0.2199,38.68,93,90,226306
1.7889,0.2248,38.58,93,90,226310
1.7546,0.2199,38.65,93,90,226313
1.7986,0.2297,38.33,93,90,226316
1.7546,0.2199,38.52,93,90,226320
1.7546,0.2151,38.62,93,90,226323
1.7644,0.2248,38.62,93,90,226326
1.7742,0.2199,38.65,93,90,226330
1.8280,0.2444,38.46,93,90,226333
1.7986,0.2248,38.58,93,90,226336
1.7840,0.2199,38.68,93,90,226339
1.7693,0.2199,38.58,93,90,226343
1.7742,0.2199,38.65,93,90,226347
1.8084,0.2297,38.58,93,90,226350
1.7986,0.2248,38.68,93,90,226354
1.8035,0.2199,38.49,93,90,226357
1.7986,0.2151,38.68,93,90,226360
1.8231,0.2199,38.65,93,90,226364
1.8719,0.2590,38.52,93,90,226367
1.8622,0.2102,38.62,93,90,226370
1.9306,0.2199,38.52,93,90,226374
1.9501,0.2199,38.58,93,90,226377
2.0479,0.2199,38.65,93,90,226380
2.2141,0.2444,38.52,93,90,226383
2.3949,0.2102,38.62,93,90,226387
2.6735,0.2248,38.43,93,90,226391
3.2405,0.2346,38.33,93,90,226395
2.8886,0.2199,38.52,93,90,226398
2.5855,0.2346,38.65,93,90,226401
2.2874,0.2199,38.65,93,90,226405
2.0235,0.2199,38.65,93,90,226408
1.8817,0.2346,38.49,93,90,226411
1.6325,0.2248,38.62,93,90,226415
1.5054,0.2199,38.65,93,90,226418
1.4174,0.2102,38.62,93,90,226421
1.3685,0.2199,38.68,93,90,226425
1.3636,0.2346,38.46,93,90,226428
1.3392,0.2248,38.62,93,90,226432
1.3587,0.2444,38.52,93,90,226435
1.3734,0.2199,38.65,93,90,226439
1.4076,0.2199,38.65,93,90,226442
1.4516,0.2493,38.55,93,90,226445
1.4565,0.1906,38.62,93,90,226449
1.5054,0.2248,38.52,93,90,226452
1.5005,0.2151,38.65,93,90,226455
1.5445,0.2199,38.65,93,90,226459
1.5347,0.2248,38.52,93,90,226462
1.5249,0.2590,38.62,93,90,226465
1.5640,0.2248,38.43,93,90,226468
1.5543,0.2199,38.84,93,90,226472
1.5738,0.2248,38.62,93,90,226476
1.6129,0.2248,38.62,93,90,226479
1.6129,0.2199,38.68,93,90,226483
1.6569,0.2297,38.36,93,90,226486
1.6276,0.2248,38.68,93,90,226489
1.6178,0.2297,38.65,93,90,226493
1.6373,0.2248,38.58,93,90,226496
1.6422,0.2199,38.65,93,90,226499
1.7107,0.2346,38.43,93,90,226503
1.6813,0.2248,38.52,93,90,226506
1.6813,0.2151,38.58,93,90,226509
1.6960,0.2199,38.62,93,90,226512
1.6960,0.2199,38.65,93,90,226516
1.7302,0.2346,38.46,93,90,226520
1.6960,0.2102,38.58,93,90,226523
1.7058,0.2199,38.55,93,90,226527
1.6813,0.2199,38.62,93,90,226530
1.6764,0.2199,38.65,93,90,226533
1.6960,0.2297,38.55,93,90,226537
1.6862,0.2102,38.62,93,90,226540
1.7204,0.2248,38.49,93,90,226543
1.7155,0.2248,38.68,93,90,226547
1.7302,0.2102,38.65,93,90,226550
1.7742,0.2297,38.52,93,90,226553
1.7595,0.2151,38.68,93,90,226556
1.7937,0.2199,38.49,93,90,226561
1.7693,0.2199,38.55,93,90,226564
1.7644,0.2199,38.68,93,90,226567
1.7791,0.2248,38.52,93,90,226571
1.7644,0.2297,38.62,93,90,226574
1.7889,0.2248,38.46,93,90,226577
1.7693,0.2199,38.52,93,90,226581
1.7742,0.2151,38.65,93,90,226584
1.7937,0.2297,38.58,93,90,226587
1.7693,0.2199,38.65,93,90,226591
1.8280,0.2102,38.36,93,90,226594
1.7840,0.2199,38.55,93,90,226597
1.8133,0.2151,38.62,93,90,226600
1.8035,0.2199,38.81,93,90,226605
1.7937,0.2151,38.68,93,90,226608
1.8377,0.2395,38.43,93,90,226611
1.7742,0.2297,38.62,93,90,226615
1.7840,0.2151,38.55,93,90,226618
1.7595,0.2199,38.65,93,90,226621
1.7791,0.2102,38.65,93,90,226625
1.8084,0.2297,38.49,93,90,226628
1.7937,0.2102,38.68,93,90,226631
1.8182,0.2102,38.49,93,90,226635
1.8084,0.2199,38.68,93,90,226638
1.8328,0.2493,38.65,93,90,226641
1.8817,0.2297,38.52,93,90,226644
1.8768,0.2199,38.74,93,90,226649
1.9013,0.2248,38.55,93,90,226652
1.8622,0.2199,38.65,93,90,226655
1.8671,0.2199,38.65,93,90,226659
1.8866,0.2248,38.52,93,90,226662
1.8768,0.2199,38.65,93,90,226665
1.9013,0.2248,38.46,93,90,226669
1.8768,0.2199,38.65,93,90,226672
1.8671,0.2248,38.52,93,90,226675
1.8573,0.2297,38.58,93,90,226679
1.8231,0.2199,38.65,93,90,226682
1.9110,0.2297,38.43,93,90,226685
1.8719,0.2248,38.55,93,90,226689
1.8719,0.2199,38.65,93,90,226693
1.8866,0.2102,38.58,93,90,226696
1.8768,0.2199,38.65,93,90,226699
1.9110,0.2346,38.36,93,90,226703
1.8475,0.2248,38.74,93,90,226706
1.8182,0.2151,38.65,93,90,226709
1.8182,0.2248,38.62,93,90,226713
1.8133,0.2199,38.62,93,90,226716
1.8671,0.2297,38.46,93,90,226719
1.8426,0.2102,38.58,93,90,226723
1.8475,0.2199,38.52,93,90,226726
1.8377,0.2151,38.68,93,90,226729
1.8280,0.2199,38.62,93,90,226734
1.8280,0.2297,38.58,93,90,226737
1.7889,0.2199,38.65,93,90,226740
1.7937,0.2248,38.46,93,90,226743
1.7742,0.2248,38.65,93,90,226747
1.7644,0.2199,38.71,93,90,226750
1.7889,0.2346,38.49,93,90,226753
1.7889,0.2199,38.02,93,90,226757
1.8328,0.2199,37.99,93,90,226760
1.8231,0.2199,38.55,93,90,226763
1.8133,0.2199,38.71,93,90,226767
1.8182,0.2102,38.52,93,90,226770
1.7644,0.2199,38.65,93,90,226774
1.7889,0.2248,38.33,93,90,226778
1.7693,0.2248,38.62,93,90,226781
1.7742,0.2199,38.68,93,90,226784
1.8084,0.2199,38.58,93,90,226787
1.8426,0.2102,38.62,93,90,226791
1.8768,0.2297,38.33,93,90,226794
1.8524,0.2199,38.55,93,90,226797
1.8524,0.2151,38.62,93,90,226801
1.8671,0.2395,38.58,93,90,226804
1.8622,0.2199,38.65,93,90,226807
1.9062,0.2395,38.46,93,90,226811
1.8524,0.2248,38.62,93,90,226814
1.8328,0.2199,38.55,93,90,226818
1.8280,0.2248,38.62,93,90,226822
1.8475,0.2199,38.65,93,90,226825
1.9110,0.2297,38.46,93,90,226828
1.9013,0.2248,38.62,93,90,226831
1.9110,0.2248,38.81,93,90,226835
1.8671,0.2199,38.68,93,90,226838
1.8573,0.2199,38.68,93,90,226841
1.8915,0.2297,38.55,93,90,226845
1.8866,0.2102,38.62,93,90,226848
1.9159,0.2297,38.52,93,90,226851
1.8768,0.2199,38.62,93,90,226855
1.8915,0.2199,38.65,93,90,226859
1.9062,0.2248,37.80,93,90,226862
1.8866,0.2199,38.40,93,90,226866
1.9013,0.2248,38.46,93,90,226869
1.8768,0.2199,38.71,93,90,226872
1.9062,0.2346,38.68,93,90,226875
1.9697,0.2346,38.55,93,90,226879
1.9795,0.2346,38.65,93,90,226882
2.0479,0.2297,38.36,93,90,226885
2.0381,0.2248,38.58,93,90,226889
2.0039,0.2199,38.65,93,90,226892
1.9892,0.2248,38.58,93,90,226895
1.9306,0.2199,38.65,93,90,226899
1.9550,0.2590,38.36,93,90,226903
1.8915,0.2248,38.52,93,90,226906
1.8524,0.2151,38.65,93,90,226909
1.8475,0.2297,38.68,93,90,226913
1.8426,0.2248,38.65,93,90,226916
1.8915,0.2395,38.43,93,90,226919
1.8866,0.2102,38.58,93,90,226923
1.8573,0.2199,38.52,93,90,226926
1.8182,0.2199,38.62,93,90,226929
1.7840,0.1906,38.65,93,90,226933
1.8084,0.2297,38.46,93,90,226936
1.8084,0.2248,38.62,93,90,226939
1.8280,0.2248,38.49,93,90,226944
1.7840,0.2248,38.65,93,90,226947
1.7644,0.2346,38.65,93,90,226950
1.7742,0.2346,38.52,93,90,226953
1.7400,0.2248,38.62,93,90,226957
1.7693,0.2248,38.49,93,90,226960
1.7351,0.2151,38.65,93,90,226963
1.7400,0.2199,38.65,93,90,226967
1.7644,0.2248,38.46,93,90,226970
1.7546,0.2199,38.77,93,90,226973
1.7889,0.2199,38.40,93,90,226977
1.7693,0.2199,38.55,93,90,226980
1.7840,0.2199,38.65,93,90,226983
1.8182,0.2444,38.62,93,90,226987
1.8084,0.2199,38.62,93,90,226991
1.8866,0.2297,38.36,93,90,226994
1.8768,0.2199,38.55,93,90,226997
1.9355,0.2199,38.65,93,90,227001
2.0381,0.2248,38.52,93,90,227004
3.1672,0.2199,38.62,93,90,227008
3.3578,0.2248,38.62,93,90,227011
3.4555,0.2297,37.74,93,90,227014
3.2454,0.2151,38.62,93,90,227018
2.9521,0.2248,38.49,93,90,227021
2.5513,0.2199,38.68,93,90,227024
2.2043,0.2151,38.62,93,90,227028
1.9501,0.2248,38.62,93,90,227032
1.7155,0.2199,38.62,93,90,227035
1.5543,0.2248,38.55,93,90,227039
1.3978,0.2151,38.58,93,90,227042
1.3294,0.2199,38.65,93,90,227045
1.3050,0.2248,38.52,93,90,227048
1.2952,0.2199,38.62,93,90,227052
1.3343,0.2248,38.43,93,90,227055
1.3490,0.2248,38.58,93,90,227058
1.3783,0.2248,38.65,93,90,227062
1.4027,0.2248,38.62,93,90,227065
1.4027,0.2248,38.65,93,90,227068
1.4663,0.2346,38.43,93,90,227073
1.4761,0.2248,38.55,93,90,227076
1.4956,0.2199,38.65,93,90,227079
1.5200,0.2248,38.62,93,90,227083
1.5298,0.2151,38.58,93,90,227086
1.5836,0.2395,38.43,93,90,227089
1.5689,0.2297,38.81,93,90,227092
1.5934,0.2199,38.68,93,90,227096
1.6373,0.2248,38.62,93,90,227099
1.6569,0.2151,38.62,93,90,227102
1.6813,0.2297,38.49,93,90,227106
1.6422,0.2248,38.58,93,90,227109
1.6862,0.2199,38.52,93,90,227112
1.6373,0.2199,38.71,93,90,227117
1.6471,0.2199,38.65,93,90,227120
1.6764,0.2297,38.46,93,90,227123
1.6813,0.2199,38.58,93,90,227127
1.7155,0.2199,38.52,93,90,227130
1.7155,0.2199,38.65,93,90,227133
1.7351,0.2199,38.65,93,90,227136
1.7644,0.2297,38.55,93,90,227140
1.7204,0.2248,38.65,93,90,227143
1.7155,0.2297,38.46,93,90,227146
1.6618,0.2199,38.52,93,90,227150
1.6471,0.2248,38.62,93,90,227153
1.7009,0.2297,38.77,93,90,227156
1.7009,0.2248,38.62,93,90,227161
1.7400,0.2248,38.40,93,90,227164
1.7009,0.2199,38.58,93,90,227167
1.7351,0.2199,37.90,93,90,227171
1.7840,0.2248,38.58,93,90,227174
1.7693,0.2102,38.65,93,90,227177
1.8035,0.2297,38.33,93,90,227180
1.7595,0.2199,38.55,93,90,227184
1.7302,0.2151,38.65,93,90,227187
1.6960,0.2248,38.58,93,90,227190
1.6618,0.2199,38.62,93,90,227194
1.7058,0.2395,38.87,93,90,227197
1.7009,0.2444,38.58,93,90,227201
1.7400,0.2102,38.52,93,90,227205
1.7546,0.2199,38.81,93,90,227208
1.7546,0.2493,38.62,93,90,227211
1.8035,0.2297,38.43,93,90,227215
1.7791,0.2248,38.58,93,90,227218
1.7791,0.2199,38.55,93,90,227221
1.7644,0.2199,38.65,93,90,227224
1.7889,0.2199,37.87,93,90,227228
1.8133,0.2297,38.55,93,90,227231
1.7791,0.2199,38.62,93,90,227234
1.7791,0.2395,38.52,93,90,227238
1.7449,0.2102,38.68,93,90,227241
1.7400,0.2199,38.65,93,90,227245
1.7449,0.2248,38.52,93,90,227249
1.7498,0.2248,38.68,93,90,227252
1.8084,0.2199,38.43,93,90,227255
1.8035,0.2199,38.65,93,90,227258
1.8280,0.2151,38.62,93,90,227262
1.8475,0.2297,38.55,93,90,227265
1.8231,0.2151,38.62,93,90,227268
1.8573,0.2297,38.40,93,90,227272
1.8231,0.2248,38.52,93,90,227275
1.8084,0.2248,38.65,93,90,227278
1.8377,0.2248,38.58,93,90,227282
1.8280,0.2199,38.62,93,90,227286
1.8817,0.2346,38.36,93,90,227289
1.8475,0.2248,38.52,93,90,227293
1.8524,0.2151,38.58,93,90,227296
1.8719,0.2199,38.62,93,90,227299
1.8671,0.2199,38.58,93,90,227302
1.9013,0.2346,38.49,93,90,227306
1.8719,0.2248,38.58,93,90,227309
1.8573,0.2199,37.96,93,90,227312
1.8280,0.2248,38.62,93,90,227316
1.8133,0.2199,38.02,93,90,227319
1.8377,0.2688,38.55,93,90,227322
1.8231,0.2248,38.62,93,90,227326
1.8328,0.2248,38.49,93,90,227330
1.7986,0.2102,38.62,93,90,227333
1.8133,0.2199,38.65,93,90,227337
1.8622,0.2590,38.52,93,90,227340
1.8377,0.2199,38.65,93,90,227343
1.8377,0.2248,38.58,93,90,227346
1.7693,0.2346,38.58,93,90,227350
1.7546,0.2102,38.65,93,90,227353
1.7644,0.2346,38.55,93,90,227356
1.7498,0.2102,38.62,93,90,227360
1.7986,0.2248,38.43,93,90,227363
1.7791,0.2297,38.55,93,90,227366
1.7693,0.2199,38.65,93,90,227371
1.7840,0.2297,38.84,93,90,227374
1.7546,0.2248,38.62,93,90,227377
1.7937,0.2297,38.40,93,90,227380
1.7449,0.2199,38.52,93,90,227384
1.7498,0.2151,38.68,93,90,227387
1.7546,0.2248,38.58,93,90,227390
1.7693,0.2248,38.65,93,90,227394
1.7889,0.2297,38.43,93,90,227397
1.7498,0.2199,38.55,93,90,227400
1.7693,0.2102,38.58,93,90,227404
1.7498,0.2542,38.65,93,90,227407
1.7693,0.2199,38.65,93,90,227410
1.7937,0.2297,38.40,93,90,227415
1.7840,0.2199,38.58,93,90,227418
1.7986,0.2199,38.52,93,90,227421
1.8084,0.2199,38.65,93,90,227425
1.8328,0.2444,38.65,93,90,227428
1.8622,0.2346,38.55,93,90,227431
1.8231,0.2248,38.62,93,90,227434
1.8671,0.2297,38.49,93,90,227438
1.8084,0.2199,38.93,93,90,227441
1.8182,0.2248,38.65,93,90,227444
1.8231,0.2199,38.58,93,90,227448
1.8182,0.2199,38.52,93,90,227451
1.8426,0.2395,38.55,93,90,227454
1.8231,0.2199,38.65,93,90,227459
1.8231,0.2444,38.65,93,90,227462
1.8377,0.2297,38.55,93,90,227465
1.8182,0.2297,38.62,93,90,227469
1.8768,0.2102,38.43,93,90,227472
1.8768,0.2248,38.52,93,90,227475
1.8622,0.2199,38.65,93,90,227478
1.8671,0.2297,38.62,93,90,227482
1.8475,0.2199,38.65,93,90,227485
1.9257,0.2346,38.33,93,90,227488
1.8671,0.2248,38.49,93,90,227492
1.8719,0.2199,38.62,93,90,227495
1.8817,0.2248,38.68,93,90,227499
1.8866,0.2199,38.65,93,90,227503
1.9795,0.2395,38.49,93,90,227506
1.9453,0.2297,38.81,93,90,227509
1.9453,0.2248,38.52,93,90,227513
1.9208,0.2199,38.74,93,90,227516
1.8964,0.2151,38.62,93,90,227519
1.9013,0.2297,38.58,93,90,227522
1.8622,0.2248,38.62,93,90,227526
1.8622,0.2297,38.46,93,90,227529
1.8182,0.2199,38.68,93,90,227532
1.8035,0.2199,38.65,93,90,227536
1.8280,0.2346,38.49,93,90,227539
1.7889,0.2199,38.62,93,90,227543
1.8035,0.2248,38.52,93,90,227547
1.7840,0.2199,38.58,93,90,227550
1.7498,0.2199,38.68,93,90,227553
1.7595,0.2542,38.52,93,90,227557
1.7449,0.2248,38.65,93,90,227560
1.7644,0.2248,38.43,93,90,227563
1.7253,0.2297,38.62,93,90,227566
1.7058,0.2199,38.65,93,90,227570
1.7155,0.2297,38.62,93,90,227573
1.7009,0.2248,38.68,93,90,227576
1.7546,0.2346,38.36,93,90,227580
1.6862,0.2151,38.62,93,90,227584
1.6960,0.2102,38.65,93,90,227587
1.7107,0.2248,38.68,93,90,227591
1.7253,0.2102,38.65,93,90,227594
1.7644,0.2395,38.43,93,90,227597
1.7302,0.2786,38.52,93,90,227601
1.7351,0.2151,38.62,93,90,227604
1.7204,0.2590,38.62,93,90,227607
1.7253,0.2248,38.68,93,90,227610
1.7986,0.2297,38.46,93,90,227614
2.3607,0.2248,38.58,93,90,227617
2.5709,0.2199,38.68,93,90,227621
2.8739,0.2248,38.55,93,90,227624
3.1036,0.2199,38.62,93,90,227628
3.2942,0.2199,38.52,93,90,227632
3.3578,0.2493,38.52,93,90,227635
3.1818,0.2199,38.65,93,90,227638
2.9228,0.2248,38.40,93,90,227642
2.5220,0.2102,38.65,93,90,227645
2.2092,0.2199,38.65,93,90,227648
1.9501,0.2297,38.58,93,90,227651
1.7058,0.2151,38.65,93,90,227655
1.5689,0.2346,38.36,93,90,227658
1.4125,0.2248,38.49,93,90,227661
1.3050,0.2297,38.65,93,90,227665
1.2561,0.2248,38.58,93,90,227668
1.2366,0.2199,38.65,93,90,227672
1.2757,0.2346,38.33,93,90,227676
1.2610,0.2248,38.49,93,90,227679
1.2708,0.2151,38.58,93,90,227682
1.3099,0.2199,38.68,93,90,227686
1.3294,0.2102,38.65,93,90,227689
1.3930,0.2346,38.49,93,90,227692
1.3930,0.2248,38.55,93,90,227695
1.4125,0.2199,38.55,93,90,227699
1.4272,0.2248,38.65,93,90,227702
1.4516,0.2199,38.65,93,90,227705
1.5005,0.2297,38.55,93,90,227709
1.5005,0.2297,38.62,93,90,227713
1.5396,0.2248,38.49,93,90,227716
1.4907,0.2199,38.62,93,90,227720
1.4907,0.2151,38.65,93,90,227723
1.5249,0.2297,38.55,93,90,227726
1.5249,0.2199,38.62,93,90,227730
1.5689,0.2199,38.49,93,90,227733
1.5689,0.2199,38.55,93,90,227736
1.6129,0.2248,38.68,93,90,227739
1.6031,0.2248,38.52,93,90,227743
1.5885,0.2248,38.65,93,90,227746
1.6129,0.2248,38.43,93,90,227749
1.6031,0.2151,38.58,93,90,227753
1.6129,0.2297,38.68,93,90,227757
1.6276,0.2297,38.55,93,90,227760
1.6031,0.2248,38.65,93,90,227764
1.6471,0.2199,38.36,93,90,227767
1.6178,0.2199,37.80,93,90,227770
1.6276,0.2199,38.62,93,90,227774
1.6373,0.2199,38.62,93,90,227777
1.6276,0.2199,38.65,93,90,227780
1.6862,0.2444,38.36,93,90,227783
1.6520,0.2248,38.58,93,90,227787
1.6471,0.2151,38.62,93,90,227790
1.6520,0.2199,38.62,93,90,227793
1.6569,0.2199,38.84,93,90,227798
1.6911,0.2346,38.46,93,90,227801
1.6667,0.2248,38.58,93,90,227804
1.6716,0.2199,38.55,93,90,227808
1.6569,0.2199,38.62,93,90,227811
1.6569,0.2151,38.71,93,90,227814
1.6813,0.2102,38.55,93,90,227818
1.6716,0.2199,38.65,93,90,227821
1.7009,0.2395,38.52,93,90,227824
1.6862,0.2248,38.65,93,90,227827
1.6813,0.2199,38.71,93,90,227831
1.6960,0.2199,38.55,93,90,227834
1.6911,0.2102,38.65,93,90,227837
1.7058,0.2199,38.55,93,90,227842
1.6862,0.2248,38.65,93,90,227845
1.6862,0.1906,38.65,93,90,227848
1.7009,0.2297,38.43,93,90,227852
1.6911,0.2151,38.62,93,90,227855
1.7302,0.2248,38.46,93,90,227858
1.7204,0.2297,38.55,93,90,227862
1.7155,0.2199,38.65,93,90,227865
1.7449,0.2297,38.58,93,90,227868
1.7693,0.2151,38.62,93,90,227871
1.7937,0.2297,38.33,93,90,227875
1.7937,0.2199,38.52,93,90,227878
1.7644,0.2151,38.62,93,90,227881
1.7742,0.2346,38.62,93,90,227886
1.7791,0.2248,38.65,93,90,227889
1.8280,0.2395,38.52,93,90,227892
1.8035,0.2346,38.58,93,90,227896
1.8182,0.2102,38.58,93,90,227899
1.8084,0.2199,38.68,93,90,227902
1.8133,0.2248,38.65,93,90,227906
1.8426,0.2297,38.55,93,90,227909
1.8328,0.2248,38.62,93,90,227912
1.8475,0.2199,38.49,93,90,227915
1.8280,0.2199,38.65,93,90,227919
1.8280,0.2248,38.65,93,90,227922
1.8622,0.2297,38.55,93,90,227926
1.8231,0.2248,38.62,93,90,227930
1.8426,0.2199,38.52,93,90,227933
1.8035,0.2151,38.52,93,90,227936
1.8133,0.2248,38.68,93,90,227940
1.8280,0.2248,38.55,93,90,227943
1.8133,0.2542,38.65,93,90,227946
1.8475,0.2248,38.43,93,90,227950
1.8133,0.2199,38.58,93,90,227953
1.8035,0.2248,38.68,93,90,227956
1.8084,0.2248,38.58,93,90,227959
1.7840,0.2199,38.81,93,90,227963
1.8231,0.2346,38.40,93,90,227966
1.7791,0.2199,38.55,93,90,227970
1.7742,0.2199,38.65,93,90,227974
1.7791,0.2199,38.58,93,90,227977
1.7498,0.2199,38.65,93,90,227980
1.7840,0.2346,38.40,93,90,227984
1.7498,0.2297,38.55,93,90,227987
1.7302,0.2151,38.58,93,90,227990
1.7253,0.2248,38.62,93,90,227994
1.7302,0.2199,38.65,93,90,227997
1.7595,0.2395,38.49,93,90,228000
1.7351,0.2248,38.55,93,90,228003
1.7400,0.2248,38.49,93,90,228007
1.7302,0.1906,38.65,93,90,228011
1.7351,0.2199,38.68,93,90,228014
1.7937,0.2199,38.46,93,90,228018
1.7498,0.2199,38.62,93,90,228021
1.7644,0.2786,38.55,93,90,228024
1.7351,0.2199,38.68,93,90,228028
1.7400,0.2199,38.77,93,90,228031
1.7546,0.2395,38.62,93,90,228034
1.7889,0.2199,38.62,93,90,228038
1.7791,0.2199,38.68,93,90,228041
1.7595,0.2199,38.65,93,90,228044
1.7791,0.2199,38.65,93,90,228047
1.8133,0.2297,38.52,93,90,228051
1.7986,0.2199,38.71,93,90,228055
1.8475,0.2297,38.46,93,90,228058
1.8524,0.2102,38.52,93,90,228062
1.8231,0.2199,38.65,93,90,228065
1.8426,0.2199,38.68,93,90,228068
1.8328,0.2248,38.62,93,90,228072
1.8866,0.2297,38.40,93,90,228075
1.8573,0.2199,38.52,93,90,228078
1.8524,0.2151,38.62,93,90,228082
1.8622,0.2542,38.62,93,90,228085
1.8622,0.2199,38.65,93,90,228088
1.9110,0.2395,38.21,93,90,228091
1.8817,0.2297,38.58,93,90,228096
1.8817,0.2199,38.52,93,90,228099
1.8719,0.2248,38.65,93,90,228102
1.8768,0.2151,38.65,93,90,228106
1.9062,0.2542,38.55,93,90,228109
1.8964,0.2297,38.62,93,90,228112
1.9355,0.2248,38.52,93,90,228116
1.9257,0.2248,38.68,93,90,228119
1.9355,0.2199,38.65,93,90,228122
1.9795,0.2297,38.52,93,90,228126
1.9550,0.2199,38.65,93,90,228129
1.9844,0.2199,38.58,93,90,228132
1.9453,0.2151,38.55,93,90,228135
1.9355,0.2102,38.65,93,90,228140
1.9453,0.2248,38.46,93,90,228143
1.9404,0.2102,38.62,93,90,228146
1.9159,0.2248,38.43,93,90,228150
1.8719,0.2151,38.55,93,90,228153
1.8475,0.2199,38.65,93,90,228156
1.8671,0.2297,38.55,93,90,228160
1.8280,0.2199,38.62,93,90,228163
1.8719,0.2297,38.40,93,90,228166
1.8182,0.2248,38.55,93,90,228170
1.8084,0.2199,38.65,93,90,228173
1.8035,0.2248,38.68,93,90,228176
1.7840,0.2248,38.62,93,90,228179
1.8280,0.2395,38.40,93,90,228184
1.7840,0.2248,38.55,93,90,228187
1.7644,0.2151,38.55,93,90,228190
1.7644,0.2151,38.62,93,90,228194
1.7595,0.2199,38.65,93,90,228197
1.7937,0.2346,38.46,93,90,228200
1.7791,0.2297,38.62,93,90,228204
1.8182,0.2248,38.52,93,90,228207
1.7791,0.2199,38.62,93,90,228210
1.7791,0.2199,38.62,93,90,228214
1.8035,0.2297,38.49,93,90,228217
1.7791,0.2248,38.55,93,90,228220
1.7986,0.2493,38.46,93,90,228224
1.7791,0.2248,38.68,93,90,228228
1.9404,0.2248,38.68,93,90,228232
2.0381,0.2199,38.65,93,90,228236
2.1848,0.2297,38.58,93,90,228239
2.3412,0.2151,38.62,93,90,228242
2.6197,0.2297,38.43,93,90,228246
2.8250,0.2199,38.55,93,90,228249
3.0401,0.2102,38.65,93,90,228252
3.2502,0.2248,38.71,93,90,228256
3.2991,0.2199,38.58,93,90,228259
3.2845,0.2444,38.43,93,90,228262
2.9619,0.2248,38.05,93,90,228267
2.6149,0.2151,38.62,93,90,228270
2.3021,0.2102,38.62,93,90,228273
2.0332,0.2199,38.65,93,90,228276
1.8622,0.2346,38.52,93,90,228280
1.6618,0.2248,38.58,93,90,228283
1.5249,0.2199,38.58,93,90,228286
1.4223,0.2248,38.68,93,90,228290
1.3685,0.2199,38.65,93,90,228293
1.3587,0.2248,38.58,93,90,228296
1.3343,0.2248,38.62,93,90,228300
1.3490,0.2248,38.46,93,90,228303
1.3441,0.2199,38.65,93,90,228306
1.3636,0.2199,38.68,93,90,228311
1.4174,0.2395,38.52,93,90,228314
1.4125,0.2199,38.65,93,90,228317
1.4467,0.2199,38.52,93,90,228320
1.4467,0.2542,38.55,93,90,228324
1.4614,0.2199,38.71,93,90,228327
1.4956,0.2297,38.52,93,90,228330
1.4907,0.2199,38.65,93,90,228334
1.5347,0.2248,38.40,93,90,228337
1.5298,0.2102,38.58,93,90,228340
1.5298,0.1906,38.65,93,90,228344
1.5640,0.2297,38.52,93,90,228347
1.5591,0.2395,38.65,93,90,228350
1.6129,0.2346,38.36,93,90,228354
1.5738,0.2199,38.55,93,90,228358
1.5982,0.1906,38.65,93,90,228361
1.6031,0.2248,38.62,93,90,228364
1.6031,0.2297,38.65,93,90,228368
1.6520,0.2395,38.43,93,90,228371
1.6227,0.2248,38.81,93,90,228374
1.6227,0.2151,38.55,93,90,228378
1.6276,0.2248,38.65,93,90,228381
1.6373,0.2199,38.68,93,90,228384
1.6716,0.2297,38.46,93,90,228388
1.6764,0.2199,38.62,93,90,228391
1.6569,0.2248,38.55,93,90,228395
1.6569,0.2199,38.65,93,90,228399
1.6813,0.2199,38.65,93,90,228402
1.6960,0.2297,38.46,93,90,228405
1.6764,0.2248,38.62,93,90,228408
1.7400,0.2199,38.52,93,90,228412
1.6813,0.2199,38.65,93,90,228415
1.6911,0.2297,38.65,93,90,228418
1.7058,0.2199,38.52,93,90,228422
1.6960,0.2199,38.65,93,90,228425
1.7155,0.2248,38.49,93,90,228428
1.6960,0.2199,38.65,93,90,228432
1.7107,0.2199,38.65,93,90,228435
1.7253,0.2297,38.58,93,90,228439
1.7107,0.2102,38.62,93,90,228442
1.7546,0.2297,38.40,93,90,228446
1.7351,0.2199,38.52,93,90,228449
1.7302,0.2102,38.65,93,90,228452
1.7449,0.2248,38.68,93,90,228456
1.7351,0.2199,38.65,93,90,228459
1.7889,0.2346,38.33,93,90,228462
1.7546,0.2199,38.55,93,90,228466
1.7546,0.2151,38.58,93,90,228469
1.7595,0.2248,38.58,93,90,228472
1.7546,0.2248,38.65,93,90,228476
1.8035,0.2395,38.49,93,90,228480
1.7742,0.2297,38.62,93,90,228483
1.7889,0.2199,38.55,93,90,228486
1.7498,0.2248,38.65,93,90,228490
1.7889,0.2248,38.68,93,90,228493
1.7742,0.2297,38.55,93,90,228496
1.7546,0.2395,38.62,93,90,228500
1.8084,0.2248,38.49,93,90,228503
1.7693,0.2199,38.65,93,90,228506
1.8084,0.2199,38.65,93,90,228510
1.8328,0.2297,38.49,93,90,228513
1.8182,0.2297,38.68,93,90,228516
1.8573,0.2199,38.52,93,90,228520
1.8328,0.2199,38.58,93,90,228524
1.8426,0.2151,38.65,93,90,228527
1.8671,0.2248,38.43,93,90,228531
1.8475,0.2248,38.62,93,90,228534
1.8866,0.2248,38.43,93,90,228537
1.8671,0.2297,38.55,93,90,228540
1.8964,0.2102,38.62,93,90,228544
1.8817,0.2297,38.62,93,90,228547
1.8622,0.2346,38.62,93,90,228550
1.9013,0.2297,38.36,93,90,228554
1.8622,0.2688,38.52,93,90,228557
1.8671,0.2102,38.55,93,90,228560
1.8719,0.2248,38.62,93,90,228564
1.8573,0.2199,38.65,93,90,228568
1.9110,0.2395,38.46,93,90,228571
1.8622,0.2297,38.55,93,90,228575
1.8524,0.2199,38.55,93,90,228578
1.8475,0.2199,38.62,93,90,228581
1.8426,0.2199,38.65,93,90,228584
1.8768,0.2346,38.49,93,90,228588
1.8426,0.2248,38.62,93,90,228591
1.8475,0.2248,38.46,93,90,228594
1.8280,0.2151,38.62,93,90,228598
1.8133,0.2199,38.65,93,90,228601
1.8426,0.2346,38.55,93,90,228604
1.8182,0.2199,38.62,93,90,228609
1.8328,0.2297,38.46,93,90,228612
1.7986,0.2248,38.65,93,90,228615
1.7986,0.2199,38.65,93,90,228619
1.8084,0.2248,38.52,93,90,228622
1.8035,0.2199,38.62,93,90,228625
1.8182,0.2248,38.46,93,90,228628
1.7840,0.2248,38.62,93,90,228632
1.7840,0.2199,38.68,93,90,228635
1.8035,0.2297,38.55,93,90,228638
1.7986,0.2248,38.68,93,90,228642
1.8280,0.2297,38.40,93,90,228645
1.7986,0.2248,38.52,93,90,228648
1.7840,0.2248,38.62,93,90,228653
1.7937,0.2248,38.58,93,90,228656
1.7889,0.2346,38.65,93,90,228659
1.8671,0.2346,38.36,93,90,228663
1.8133,0.2346,38.52,93,90,228666
1.8084,0.2199,38.58,93,90,228669
1.8231,0.2248,38.62,93,90,228672
1.8231,0.2199,38.55,93,90,228676
1.8915,0.2346,38.49,93,90,228679
1.8573,0.2248,38.58,93,90,228682
1.8622,0.2199,38.49,93,90,228686
1.8475,0.2102,38.62,93,90,228689
1.8524,0.2199,38.65,93,90,228692
1.8817,0.2297,38.55,93,90,228697
1.8671,0.2248,38.62,93,90,228700
1.8817,0.2248,38.46,93,90,228703
1.8622,0.2248,38.68,93,90,228707
1.8719,0.2199,38.84,93,90,228710
1.9257,0.2199,38.49,93,90,228713
1.8768,0.2199,38.55,93,90,228716
1.9062,0.2297,38.52,93,90,228720
1.8866,0.2199,38.55,93,90,228723
1.8915,0.2199,38.62,93,90,228726
1.9306,0.2346,38.49,93,90,228730
1.9208,0.2199,38.84,93,90,228733
1.9648,0.2248,38.40,93,90,228737
1.9404,0.2199,38.55,93,90,228741
1.9404,0.2199,38.65,93,90,228744
1.9697,0.2297,38.55,93,90,228747
1.9746,0.2248,38.62,93,90,228751
2.0332,0.2297,38.36,93,90,228754
2.0039,0.2151,38.55,93,90,228757
2.0039,0.2199,38.65,93,90,228760
1.9892,0.2248,38.68,93,90,228764
1.9795,0.2102,38.65,93,90,228767
1.9990,0.2395,38.43,93,90,228770
1.9257,0.2590,38.62,93,90,228774
1.8915,0.2151,38.58,93,90,228777
1.8768,0.2248,38.74,93,90,228781
1.8671,0.2151,38.65,93,90,228785
1.8964,0.2297,38.52,93,90,228788
1.8719,0.2248,38.62,93,90,228791
1.8573,0.2199,38.52,93,90,228795
1.8280,0.2248,38.62,93,90,228798
1.8280,0.2199,38.65,93,90,228801
1.8475,0.2297,38.49,93,90,228804
1.8182,0.2297,38.62,93,90,228808
1.8426,0.2297,38.52,93,90,228811
1.8084,0.2199,38.52,93,90,228814
1.8133,0.2199,38.65,93,90,228818
1.8035,0.2199,38.55,93,90,228822
1.7889,0.2199,38.68,93,90,228825
1.8084,0.2248,38.46,93,90,228829
1.7889,0.2199,38.52,93,90,228832
1.7986,0.2199,38.68,93,90,228835
1.8182,0.2297,38.55,93,90,228839
1.8280,0.2248,38.62,93,90,228843
1.8524,0.2199,38.65,93,90,228847
1.9844,0.2444,38.43,93,90,228850
1.9697,0.2297,38.52,93,90,228853
2.0381,0.2199,38.52,93,90,228856
2.1408,0.2199,38.65,93,90,228860
2.2825,0.2199,38.65,93,90,228864
2.5171,0.2297,38.49,93,90,228867
2.7126,0.2199,38.58,93,90,228871
2.9717,0.2102,38.52,93,90,228874
3.1720,0.2199,38.65,93,90,228877
3.3187,0.2102,38.65,93,90,228881
3.3578,0.2297,38.65,93,90,228884
3.1623,0.2444,38.62,93,90,228887
2.9081,0.2297,38.49,93,90,228890
2.5611,0.2248,38.62,93,90,228894
2.2923,0.2248,38.62,93,90,228897
2.0821,0.2297,38.55,93,90,228900
1.8573,0.2199,38.62,93,90,228904
1.7204,0.2199,38.46,93,90,228908
1.5885,0.2199,38.52,93,90,228911
1.5005,0.2248,38.65,93,90,228915
1.4614,0.2297,38.52,93,90,228918
1.4467,0.2297,38.62,93,90,228921
1.4272,0.2297,38.46,93,90,228925
1.4027,0.2444,38.55,93,90,228928
1.4321,0.2297,38.65,93,90,228931
1.4418,0.2297,38.52,93,90,228935
1.4418,0.2297,38.65,93,90,228938
1.4907,0.2346,38.33,93,90,228941
1.4712,0.2248,38.55,93,90,228944
1.4809,0.2151,38.65,93,90,228948
1.5005,0.2199,38.62,93,90,228952
1.5103,0.1906,38.65,93,90,228955
1.5738,0.2297,38.46,93,90,228959
1.5543,0.2248,38.58,93,90,228962
1.5885,0.2199,38.52,93,90,228965
1.5738,0.2199,38.84,93,90,228969
1.6178,0.2199,38.65,93,90,228972
1.6325,0.2297,38.58,93,90,228975
1.6227,0.2199,38.62,93,90,228979
1.6422,0.2248,38.49,93,90,228982
1.6227,0.2199,38.62,93,90,228985
1.6667,0.2151,38.62,93,90,228988
1.6667,0.2248,38.46,93,90,228993
1.6569,0.2248,38.62,93,90,228996
1.6813,0.2199,38.49,93,90,228999
1.6667,0.2199,37.87,93,90,229003
1.6764,0.2248,38.68,93,90,229006
1.6960,0.2248,38.52,93,90,229009
1.6911,0.2199,38.65,93,90,229013
1.7253,0.2248,38.27,93,90,229016
1.7058,0.2248,38.65,93,90,229019
1.7204,0.2199,38.65,93,90,229023
1.7449,0.2199,38.58,93,90,229026
1.7351,0.2199,38.84,93,90,229029
1.7840,0.2346,38.36,93,90,229032
1.7595,0.2248,38.55,93,90,229037
1.7449,0.2199,38.30,93,90,229040
1.7546,0.2248,38.62,93,90,229043
1.7449,0.2199,38.68,93,90,229047
1.7889,0.2444,38.40,93,90,229050
1.7498,0.2297,38.58,93,90,229053
1.7400,0.2151,38.58,93,90,229057
1.7400,0.2199,38.62,93,90,229060
1.7449,0.2199,38.65,93,90,229063
1.7937,0.2297,38.46,93,90,229067
1.7742,0.2248,38.58,93,90,229070
1.7937,0.2199,38.52,93,90,229073
1.7791,0.2151,38.58,93,90,229076
1.7791,0.2199,38.84,93,90,229081
1.8328,0.2248,38.62,93,90,229084
1.7937,0.2199,38.62,93,90,229087
1.8231,0.2297,38.52,93,90,229091
1.7986,0.2199,38.65,93,90,229094
1.8084,0.2199,38.65,93,90,229097
1.8426,0.2297,38.52,93,90,229101
1.8182,0.2199,38.84,93,90,229104
1.8671,0.2248,38.46,93,90,229107
1.8671,0.2199,38.52,93,90,229111
1.8671,0.2151,38.68,93,90,229114
1.8817,0.2297,38.58,93,90,229117
1.8573,0.2590,38.65,93,90,229122
1.9208,0.2102,38.40,93,90,229125
1.8719,0.2199,38.58,93,90,229128
1.8719,0.2248,38.62,93,90,229131
1.8964,0.2102,38.58,93,90,229135
1.8817,0.2199,38.65,93,90,229138
1.9306,0.2493,38.36,93,90,229141
1.8915,0.2199,37.74,93,90,229145
1.8817,0.2151,38.62,93,90,229148
1.8866,0.2248,38.62,93,90,229151
1.8866,0.2639,38.65,93,90,229155
1.9404,0.2297,38.49,93,90,229158
1.9208,0.2248,38.55,93,90,229161
1.9208,0.2297,38.52,93,90,229166
1.9062,0.2199,38.55,93,90,229169
1.8964,0.2248,38.68,93,90,229172
1.9306,0.2297,38.49,93,90,229175
1.8964,0.2297,38.58,93,90,229179
1.9159,0.2248,38.49,93,90,229182
1.8915,0.2199,38.65,93,90,229185
1.9013,0.2199,38.65,93,90,229189
1.9208,0.2199,38.52,93,90,229192
1.9062,0.2199,38.62,93,90,229195
1.9306,0.2199,38.43,93,90,229199
1.8915,0.2102,38.58,93,90,229202
1.8915,0.2199,38.68,93,90,229206
1.9159,0.2297,38.52,93,90,229210
1.8964,0.2102,38.65,93,90,229213
1.9306,0.2248,38.33,93,90,229216
1.9062,0.2248,38.62,93,90,229219
1.8817,0.2199,38.65,93,90,229223
1.8964,0.2297,38.62,93,90,229226
1.8817,0.2199,38.65,93,90,229229
1.9257,0.2297,38.40,93,90,229233
1.8866,0.2199,38.55,93,90,229236
1.8671,0.2199,38.65,93,90,229239
1.8768,0.2199,38.68,93,90,229243
1.8768,0.2199,38.65,93,90,229246
1.9355,0.2395,38.43,93,90,229250
1.8915,0.2297,38.55,93,90,229254
1.8817,0.2151,38.65,93,90,229257
1.8817,0.2199,38.65,93,90,229260
1.8866,0.2199,38.65,93,90,229263
1.9257,0.2297,38.46,93,90,229267
1.9159,0.2248,38.62,93,90,229270
1.9159,0.2199,38.52,93,90,229273
1.8866,0.2444,38.62,93,90,229277
1.8817,0.2199,38.68,93,90,229280
1.8915,0.2248,38.55,93,90,229283
1.8817,0.2199,38.62,93,90,229287
1.9013,0.2297,38.52,93,90,229291
1.8671,0.2199,38.65,93,90,229294
1.8622,0.2151,38.65,93,90,229298
1.8866,0.2444,38.55,93,90,229301
1.8719,0.2199,38.52,93,90,229304
1.9062,0.2199,38.43,93,90,229307
1.8915,0.2248,38.52,93,90,229311
1.8866,0.2199,38.62,93,90,229314
1.9062,0.2199,38.55,93,90,229317
1.8817,0.2199,38.62,93,90,229321
1.9355,0.2248,38.40,93,90,229324
1.9062,0.2151,38.58,93,90,229327
1.9110,0.2199,38.65,93,90,229331
1.9208,0.2248,38.71,93,90,229335
1.9110,0.2248,38.65,93,90,229338
1.9648,0.2346,38.36,93,90,229342
1.9501,0.2199,38.49,93,90,229345
1.9550,0.2199,38.58,93,90,229348
1.9648,0.2199,38.62,93,90,229351
1.9550,0.2151,38.62,93,90,229355
2.0039,0.2346,38.49,93,90,229358
1.9746,0.2248,38.58,93,90,229361
1.9746,0.2199,38.21,93,90,229365
1.9795,0.2199,38.62,93,90,229368
1.9990,0.2199,38.58,93,90,229371
2.0479,0.2297,38.46,93,90,229376
2.0332,0.2199,38.62,93,90,229379
2.0479,0.2199,38.52,93,90,229382
2.0186,0.2199,38.62,93,90,229385
2.0088,0.2199,38.65,93,90,229389
2.0137,0.2297,38.52,93,90,229392
1.9697,0.2199,38.62,93,90,229395
1.9746,0.2297,38.55,93,90,229399
1.9306,0.2199,38.62,93,90,229402
1.9062,0.2199,38.40,93,90,229405
1.9110,0.2248,38.52,93,90,229409
1.8915,0.2199,38.62,93,90,229412
1.9062,0.2199,38.43,93,90,229415
1.8671,0.2151,38.68,93,90,229420
1.8573,0.2199,38.65,93,90,229423
1.8573,0.2297,38.55,93,90,229426
1.8231,0.2199,38.62,93,90,229429
1.8573,0.2346,38.40,93,90,229433
1.8280,0.2297,38.55,93,90,229436
1.8133,0.2199,38.65,93,90,229439
1.8280,0.2297,38.62,93,90,229443
1.8133,0.2199,38.68,93,90,229446
1.8671,0.2346,37.74,93,90,229449
1.8328,0.2248,38.58,94,90,229454
1.8182,0.2248,38.58,94,90,229457
1.8426,0.2199,38.49,94,90,229462
1.8328,0.2199,38.84,94,90,229465
1.8426,0.2151,38.65,94,90,229468
1.8866,0.2151,38.52,94,90,229472
1.9159,0.2151,38.62,94,90,229475
2.0088,0.2248,38.55,94,90,229478
2.0626,0.2248,38.62,94,90,229481
2.1896,0.2199,38.68,94,90,229485
2.3900,0.2248,38.52,94,90,229488
2.5758,0.2151,38.65,94,90,229491
2.8690,0.2199,38.43,94,90,229495
3.0890,0.2199,38.46,94,90,229498
3.2649,0.2151,38.58,94,90,229501
3.3773,0.2297,38.55,94,90,229506
3.2502,0.2199,38.68,94,90,229509
3.0792,0.2248,38.36,94,90,229512
2.7126,0.2151,38.55,94,90,229516
2.3900,0.2151,38.68,94,90,229519
2.1310,0.2297,38.65,94,90,229522
1.8964,0.1906,38.65,94,90,229525
1.7742,0.2297,38.36,94,90,229529
1.6129,0.2199,38.52,94,90,229532
1.5249,0.2102,38.62,94,90,229535
1.4761,0.2199,38.62,94,90,229539
1.4321,0.2151,38.65,94,90,229542
1.4467,0.2297,38.46,94,90,229545
1.4125,0.1906,38.62,94,90,229550
1.4418,0.2151,38.52,94,90,229553
1.4663,0.2199,38.68,94,90,229556
1.5005,0.2151,38.68,94,90,229560
1.5543,0.2590,38.49,94,90,229563
1.5445,0.2199,38.62,94,90,229566
1.5738,0.2199,38.58,94,90,229569
1.5689,0.2395,38.65,94,90,229573
1.6178,0.2102,38.65,94,90,229576
1.6520,0.2199,38.46,94,90,229579
1.6520,0.2151,38.68,94,90,229583
1.6862,0.2199,38.52,94,90,229586
1.6569,0.2151,38.62,94,90,229590
1.6716,0.2151,38.65,94,90,229594
1.7009,0.2199,38.46,94,90,229597
1.7058,0.2346,38.62,94,90,229600
1.7595,0.2102,38.40,94,90,229604
1.7302,0.2199,38.74,94,90,229607
1.7351,0.2151,38.68,94,90,229610
1.7498,0.2248,38.58,94,90,229613
1.7351,0.2444,38.62,94,90,229617
1.7937,0.2248,38.36,94,90,229620
1.7693,0.2248,38.52,94,90,229623
1.7644,0.2248,38.62,94,90,229627
1.7742,0.2199,38.84,94,90,229630
1.7644,0.2199,38.62,94,90,229634
1.8182,0.2346,38.46,94,90,229638
1.7791,0.2248,38.55,94,90,229641
1.7840,0.2151,38.55,94,90,229644
1.7791,0.2199,38.81,94,90,229648
1.7840,0.2151,38.68,94,90,229651
1.8231,0.2297,38.49,94,90,229654
1.8035,0.2199,38.62,94,90,229657
1.8084,0.2199,38.49,94,90,229661
1.7791,0.2199,38.65,94,90,229664
1.7742,0.2151,38.65,94,90,229667
1.7986,0.2199,38.58,94,90,229671
1.7937,0.2151,38.74,94,90,229675
1.8231,0.2297,38.68,94,90,229678
1.8035,0.2151,38.40,94,90,229682
1.8035,0.2102,38.65,94,90,229685
1.8280,0.2248,38.52,94,90,229688
1.8084,0.2151,38.55,94,90,229692
1.8475,0.2199,38.43,94,90,229695
1.8328,0.2248,38.52,94,90,229698
1.8231,0.2151,38.62,94,90,229701
1.8377,0.2297,38.52,94,90,229705
1.8231,0.2151,38.68,94,90,229708
1.8719,0.2346,38.40,94,90,229711
1.8377,0.2102,38.58,94,90,229715
1.8231,0.2151,38.65,94,90,229719
1.8426,0.2102,38.62,94,90,229722
1.8084,0.2151,38.65,94,90,229726
1.8475,0.2297,38.36,94,90,229729
1.8035,0.2151,38.52,94,90,229732
1.8084,0.2102,37.99,94,90,229736
1.8133,0.2199,38.68,94,90,229739
1.8133,0.2151,37.93,94,90,229742
1.8719,0.2199,38.49,94,90,229745
1.8475,0.2199,38.62,94,90,229749
1.8622,0.2151,38.52,94,90,229752
1.8573,0.2151,38.65,94,90,229755
1.8671,0.2151,38.65,94,90,229760
1.9062,0.2248,38.49,94,90,229763
1.8719,0.2102,38.65,94,90,229766
1.9208,0.2199,38.49,94,90,229770
1.9013,0.2151,38.65,94,90,229773
1.9013,0.2151,38.58,94,90,229776
1.9159,0.2102,38.52,94,90,229780
1.9013,0.2151,38.68,94,90,229783
1.9257,0.2395,38.46,94,90,229786
1.8964,0.2151,38.62,94,90,229789
1.9013,0.2151,38.65,94,90,229793
1.9257,0.2199,38.49,94,90,229796
1.9208,0.2151,38.71,94,90,229799
1.9648,0.2151,38.46,94,90,229804
1.9159,0.2102,38.68,94,90,229807
1.9110,0.2248,38.62,94,90,229810
1.9159,0.2199,38.58,94,90,229814
1.8915,0.2346,38.68,94,90,229817
1.9453,0.2248,38.36,94,90,229820
1.9159,0.2199,38.52,94,90,229824
1.9110,0.2248,38.68,94,90,229827
1.9208,0.2199,38.62,94,90,229830
1.9013,0.2248,38.65,94,90,229834
1.9355,0.2346,38.43,94,90,229837
1.8817,0.2737,38.62,94,90,229840
1.8524,0.2151,38.52,94,90,229843
1.8328,0.2151,38.62,94,90,229848
1.8377,0.2199,38.62,94,90,229851
1.8817,0.2248,38.49,94,90,229854
1.8622,0.2199,38.62,94,90,229858
1.8866,0.2102,38.49,94,90,229861
1.8328,0.2151,38.11,94,90,229864
1.8622,0.2102,38.65,94,90,229868
1.8377,0.2151,38.55,94,90,229871
1.8182,0.2395,38.68,94,90,229874
1.8475,0.1906,38.52,94,90,229878
1.8182,0.2151,38.65,94,90,229881
1.8426,0.2151,38.65,94,90,229884
1.8671,0.2248,38.84,94,90,229889
1.8377,0.1906,38.65,94,90,229892
1.8817,0.2199,38.43,94,90,229895
1.8768,0.2248,38.55,94,90,229898
1.8866,0.2151,38.65,94,90,229902
1.8719,0.2248,38.58,94,90,229905
1.8866,0.2102,38.65,94,90,229908
1.9208,0.2248,38.36,94,90,229912
1.9062,0.2102,38.55,94,90,229915
1.8915,0.1906,38.65,94,90,229918
1.8866,0.2199,38.65,94,90,229922
1.8622,0.2248,38.65,94,90,229925
1.9159,0.2297,38.43,94,90,229928
1.8866,0.2297,38.55,94,90,229933
1.8915,0.1906,38.58,94,90,229936
1.9110,0.2199,38.62,94,90,229939
1.9013,0.2151,38.62,94,90,229942
1.9208,0.2297,38.52,94,90,229946
1.8817,0.2199,38.58,94,90,229949
1.9062,0.2248,38.49,94,90,229952
1.9110,0.2151,38.58,94,90,229956
1.9062,0.2199,38.65,94,90,229959
1.9257,0.2248,38.52,94,90,229962
1.8817,0.2248,38.62,94,90,229966
1.9062,0.2199,38.52,94,90,229969
1.8964,0.2102,38.68,94,90,229972
1.9306,0.2151,38.62,94,90,229977
1.9892,0.2199,38.52,94,90,229980
1.9941,0.2151,38.58,94,90,229983
2.0283,0.2102,38.46,94,90,229986
2.0137,0.2151,38.62,94,90,229990
2.0137,0.2053,38.62,94,90,229993
2.0186,0.2248,38.55,94,90,229996
1.9892,0.2151,38.65,94,90,230000
2.0137,0.2297,38.36,94,90,230003
1.9501,0.2102,38.58,94,90,230006
1.9501,0.2151,38.74,94,90,230010
1.9599,0.2199,38.58,94,90,230013
1.9550,0.2151,38.74,94,90,230017
2.0039,0.2297,38.33,94,90,230021
1.9501,0.2199,38.55,94,90,230024
1.9013,0.2102,38.62,94,90,230027
1.8768,0.2102,38.62,94,90,230030
1.8524,0.2151,38.65,94,90,230034
1.9062,0.2297,38.43,94,90,230037
1.8768,0.2199,38.55,94,90,230040
1.8622,0.2151,38.52,94,90,230044
1.8280,0.2102,38.65,94,90,230047
1.8182,0.2151,38.65,94,90,230050
1.8377,0.2199,38.55,94,90,230054
1.8182,0.2199,38.58,94,90,230057
1.8377,0.2151,38.55,94,90,230061
1.8133,0.2151,38.65,94,90,230065
1.8182,0.2151,38.65,94,90,230069
1.8475,0.2151,38.68,94,90,230073
1.8817,0.2248,38.58,94,90,230076
1.8671,0.2151,38.65,94,90,230079
1.9110,0.2248,38.36,94,90,230083
1.8915,0.2199,38.55,94,90,230086
1.9306,0.2102,38.68,94,90,230089
1.9550,0.2199,38.43,94,90,230092
2.0088,0.2102,38.65,94,90,230096
2.1457,0.2444,38.43,94,90,230099
2.2043,0.2199,38.52,94,90,230103
2.3363,0.2102,38.55,94,90,230107
2.5464,0.2151,38.62,94,90,230110
2.7957,0.2151,38.52,94,90,230113
3.1329,0.2199,38.49,94,90,230117
3.3382,0.2199,38.58,94,90,230120
3.4848,0.2151,38.52,94,90,230123
3.4164,0.2151,38.65,94,90,230127
3.1965,0.2444,38.65,94,90,230130
2.9228,0.2199,38.58,94,90,230133
2.5415,0.2151,38.65,94,90,230136
2.2532,0.2199,38.49,94,90,230140
1.9550,0.2151,38.65,94,90,230144
1.7400,0.2151,38.77,94,90,230147
1.6227,0.2248,38.52,94,90,230151
1.4956,0.2151,38.71,94,90,230154
1.4565,0.2102,38.46,94,90,230157
1.4076,0.2102,38.55,94,90,230161
1.3734,0.2102,38.49,94,90,230164
1.3734,0.2248,38.52,94,90,230167
1.3636,0.2151,38.71,94,90,230171
1.4223,0.2199,38.40,94,90,230174
1.4467,0.2199,38.62,94,90,230177
1.4809,0.2102,37.99,94,90,230180
1.5298,0.2493,38.55,94,90,230184
1.5445,0.2151,38.62,94,90,230188
1.5982,0.2248,38.30,94,90,230191
1.5689,0.2151,38.52,94,90,230195
1.5787,0.2053,38.62,94,90,230198
1.6031,0.2248,38.58,94,90,230201
1.6325,0.2151,38.65,94,90,230205
1.6911,0.2297,38.46,94,90,230208
1.6471,0.2199,38.58,94,90,230211
1.6422,0.2151,38.58,94,90,230215
1.6276,0.2151,38.68,94,90,230218
1.6422,0.2102,38.65,94,90,230221
1.6960,0.2248,38.46,94,90,230225
1.6813,0.2151,38.62,94,90,230228
1.7155,0.2151,38.49,94,90,230232
1.6764,0.2102,38.68,94,90,230235
1.6716,0.2199,38.65,94,90,230239
1.6813,0.2151,38.55,94,90,230242
1.6716,0.2151,38.62,94,90,230245
1.6911,0.2102,38.49,94,90,230249
1.6764,0.2102,38.62,94,90,230252
1.6813,0.2004,38.65,94,90,230255
1.6911,0.2151,38.52,94,90,230259
1.7009,0.2151,38.74,94,90,230262
1.7302,0.2248,38.40,94,90,230265
1.6911,0.2102,38.62,94,90,230269
1.6862,0.2346,38.65,94,90,230273
1.7351,0.2248,38.65,94,90,230276
1.7009,0.2102,38.62,94,90,230279
1.7546,0.2297,38.36,94,90,230283
1.7400,0.2199,38.55,94,90,230286
1.7400,0.2102,38.58,94,90,230289
1.7889,0.2151,38.62,94,90,230293
1.7595,0.2102,38.65,94,90,230296
1.8084,0.2297,38.40,94,90,230299
1.7693,0.2199,38.55,94,90,230303
1.7400,0.2102,38.68,94,90,230306
1.7351,0.2346,38.65,94,90,230309
1.7302,0.2151,38.65,94,90,230313
1.7742,0.2199,38.55,94,90,230317
1.7546,0.2199,38.58,94,90,230320
1.7840,0.2102,38.52,94,90,230323
1.7742,0.2102,38.58,94,90,230327
1.7595,0.2151,38.65,94,90,230330
1.7889,0.2199,38.84,94,90,230333
1.7937,0.2151,38.62,94,90,230337
1.8133,0.2199,38.58,94,90,230340
1.7889,0.2151,38.62,94,90,230343
1.7791,0.2102,38.46,94,90,230347
1.7937,0.2151,38.55,94,90,230350
1.7693,0.2102,38.58,94,90,230353
1.7986,0.2053,38.46,94,90,230358
1.7889,0.2102,38.52,94,90,230361
1.7840,0.2102,38.15,94,90,230364
1.8035,0.2102,38.55,94,90,230368
1.7937,0.2102,38.62,94,90,230371
1.8328,0.2199,38.33,94,90,230374
1.8035,0.2102,38.58,94,90,230377
1.8133,0.2102,38.65,94,90,230381
1.8475,0.2151,38.55,94,90,230384
1.8573,0.2151,38.65,94,90,230387
1.9355,0.2248,38.33,94,90,230391
1.9110,0.2102,38.52,94,90,230394
1.9013,0.2053,38.58,94,90,230397
1.9013,0.2493,38.68,94,90,230402
1.9062,0.2102,38.65,94,90,230405
1.9599,0.2297,38.52,94,90,230408
1.9159,0.2102,38.58,94,90,230412
1.8915,0.2102,38.52,94,90,230415
1.8719,0.2102,38.62,94,90,230418
1.8671,0.2102,38.65,94,90,230421
1.8866,0.2199,38.43,94,90,230425
1.8475,0.2102,38.62,94,90,230428
1.8622,0.2151,37.71,94,90,230431
1.8328,0.2151,38.65,94,90,230435
1.8280,0.2102,38.65,94,90,230438
1.8426,0.2151,38.49,94,90,230441
1.8280,0.2102,38.65,94,90,230446
1.8622,0.2151,38.49,94,90,230449
1.8377,0.2444,38.62,94,90,230452
1.8573,0.2102,38.65,94,90,230456
1.8817,0.2151,38.55,94,90,230459
1.9110,0.2102,38.62,94,90,230462
1.9159,0.2151,38.40,94,90,230465
1.8768,0.2151,38.62,94,90,230469
1.8817,0.2102,38.65,94,90,230472
1.8866,0.2297,38.62,94,90,230475
1.8573,0.2102,38.65,94,90,230479
1.8964,0.2199,38.36,94,90,230482
1.8866,0.2248,38.52,94,90,230486
1.8377,0.2053,38.62,94,90,230490
1.8328,0.2151,38.58,94,90,230493
1.8182,0.2102,38.62,94,90,230496
1.8671,0.2297,38.46,94,90,230500
1.8280,0.2199,38.55,94,90,230503
1.8133,0.2102,38.52,94,90,230506
1.8084,0.2151,38.62,94,90,230509
1.8133,0.2102,38.65,94,90,230513
1.8377,0.2199,38.49,94,90,230516
1.8182,0.2151,38.58,94,90,230519
1.8377,0.2151,38.49,94,90,230523
1.8182,0.2297,38.55,94,90,230526
1.8133,0.2102,38.65,94,90,230530
1.8475,0.2151,38.62,94,90,230534
1.8475,0.2151,38.62,94,90,230537
1.8866,0.2199,38.46,94,90,230540
1.8573,0.2102,38.65,94,90,230544
1.8671,0.2102,38.58,94,90,230547
1.8964,0.2248,38.49,94,90,230550
1.8719,0.2102,38.62,94,90,230554
1.8964,0.2102,38.40,94,90,230557
1.8671,0.2102,38.52,94,90,230560
1.8524,0.2102,38.65,94,90,230563
1.8719,0.2151,38.46,94,90,230567
1.8622,0.2102,38.65,94,90,230571
1.9159,0.2248,38.40,94,90,230574
1.8866,0.2102,38.55,94,90,230578
1.8964,0.2053,38.65,94,90,230581
1.9110,0.2151,38.65,94,90,230584
1.9062,0.2151,38.68,94,90,230588
1.9697,0.2297,38.36,94,90,230591
1.9257,0.2151,38.62,94,90,230594
1.9404,0.2102,38.58,94,90,230597
1.9355,0.1906,38.62,94,90,230601
1.9453,0.2102,38.62,94,90,230604
2.0088,0.2248,38.49,94,90,230607
1.9892,0.1906,38.58,94,90,230611
1.9990,0.2102,38.52,94,90,230615
1.9892,0.2199,38.68,94,90,230618
1.9892,0.2102,38.65,94,90,230622
2.0137,0.2199,38.49,94,90,230625
1.9795,0.2151,38.58,94,90,230628
1.9795,0.2151,38.52,94,90,230632
1.9306,0.2199,38.65,94,90,230635
1.9159,0.1906,38.65,94,90,230638
1.9159,0.2151,38.46,94,90,230641
1.8866,0.2151,38.62,94,90,230645
1.9062,0.2102,38.46,94,90,230648
1.8622,0.2297,38.62,94,90,230651
1.8524,0.2102,38.65,94,90,230656
1.8573,0.2151,38.49,94,90,230659
1.8426,0.2102,38.65,94,90,230662
1.8573,0.2151,38.49,94,90,230666
1.8231,0.1906,38.62,94,90,230669
1.8182,0.2102,38.65,94,90,230672
1.8280,0.2248,38.58,94,90,230676
1.8231,0.2151,38.62,94,90,230680
1.8231,0.2102,38.62,94,90,230684
1.8719,0.2199,38.49,94,90,230687
1.8524,0.2151,38.58,94,90,230690
1.8622,0.2102,38.52,94,90,230694
1.8426,0.2102,38.65,94,90,230697
1.8475,0.2102,38.65,94,90,230701
1.8817,0.2151,38.55,94,90,230704
1.8866,0.2102,38.65,94,90,230708
1.9306,0.2151,38.84,94,90,230711
1.9550,0.2102,38.65,94,90,230714
2.0039,0.2102,38.65,94,90,230718
2.1017,0.2102,38.52,94,90,230721
2.2239,0.2151,38.58,94,90,230724
2.4340,0.2102,38.49,94,90,230728
2.6149,0.2151,38.62,94,90,230731
2.8641,0.2053,38.62,94,90,230734
3.1378,0.2151,38.55,94,90,230738
3.2991,0.2102,38.65,94,90,230742
3.4360,0.2151,37.83,94,90,230745
3.2942,0.2199,38.52,94,90,230748
3.0352,0.2004,38.62,94,90,230752
2.7077,0.2151,38.36,94,90,230755
2.3754,0.2151,38.65,94,90,230758
2.1603,0.2199,38.33,94,90,230762
1.9013,0.2151,38.96,94,90,230765
1.7351,0.2004,38.65,94,90,230768
1.6178,0.2151,38.62,94,90,230772
1.5200,0.2102,38.62,94,90,230775
1.5152,0.2297,38.43,94,90,230778
1.4516,0.2151,38.55,94,90,230782
1.4370,0.2102,38.55,94,90,230786
1.4370,0.2102,38.62,94,90,230789
1.4565,0.2053,38.68,94,90,230792
1.5054,0.2199,38.55,94,90,230796
1.5005,0.2102,38.71,94,90,230799
1.5298,0.2297,38.52,94,90,230802
1.5347,0.2102,38.68,94,90,230806
1.5543,0.2053,38.62,94,90,230809
1.5982,0.2199,38.55,94,90,230812
1.5934,0.2102,38.62,94,90,230816
1.6373,0.2151,38.52,94,90,230819
1.6227,0.2053,38.55,94,90,230822
1.6325,0.2004,38.68,94,90,230827
1.6569,0.2151,38.62,94,90,230830
1.6471,0.2248,38.62,94,90,230833
1.6813,0.2102,38.43,94,90,230836
1.6667,0.2102,38.62,94,90,230840
1.6764,0.2102,38.65,94,90,230843
1.7058,0.2151,38.55,94,90,230846
1.6911,0.2151,38.65,94,90,230850
1.7400,0.2151,38.36,94,90,230853
1.7058,0.2102,38.55,94,90,230856
1.7107,0.1906,38.65,94,90,230860
1.7155,0.2102,38.62,94,90,230863
1.7107,0.2053,38.68,94,90,230866
1.7644,0.2297,38.40,94,90,230871
1.7351,0.2102,38.58,94,90,230874
1.7351,0.2053,38.58,94,90,230877
1.7400,0.2102,37.90,94,90,230881
1.7400,0.2053,38.77,94,90,230884
1.7840,0.2199,38.43,94,90,230887
1.7595,0.2151,38.58,94,90,230890
1.7644,0.2053,38.52,94,90,230894
1.7546,0.2151,38.62,94,90,230897
1.7595,0.2053,38.65,94,90,230900
1.7889,0.2151,38.49,94,90,230904
1.8084,0.2151,38.65,94,90,230907
1.7986,0.2102,38.49,94,90,230910
1.7791,0.2102,38.68,94,90,230915
1.7889,0.2053,38.71,94,90,230918
1.7986,0.2102,38.52,94,90,230921
1.8280,0.2053,38.62,94,90,230924
1.8231,0.2102,38.49,94,90,230928
1.8084,0.2004,38.65,94,90,230931
1.8182,0.2053,38.62,94,90,230934
1.8377,0.2151,38.62,94,90,230938
1.8280,0.2151,38.65,94,90,230941
1.8622,0.2151,38.40,94,90,230944
1.8377,0.2151,38.52,94,90,230948
1.8231,0.2053,38.65,94,90,230951
1.8524,0.2151,38.55,94,90,230955
1.8182,0.2102,38.65,94,90,230959
1.8768,0.2199,38.30,94,90,230962
1.8475,0.2151,38.52,94,90,230965
1.8426,0.2004,39.03,94,90,230969
1.8524,0.2346,38.65,94,90,230972
1.8426,0.2004,38.65,94,90,230975
1.9062,0.2248,38.46,94,90,230978
1.8671,0.2199,38.55,94,90,230982
1.8573,0.2053,38.58,94,90,230985
1.8524,0.2102,38.58,94,90,230988
1.8573,0.2053,38.65,94,90,230992
1.8964,0.2199,38.46,94,90,230995
1.8866,0.2151,38.58,94,90,230999
1.9110,0.2102,38.49,94,90,231003
1.9013,0.2053,38.65,94,90,231006
1.9062,0.2004,38.40,94,90,231009
1.9453,0.2199,38.49,94,90,231012
1.9159,0.2102,38.62,94,90,231016
1.9501,0.2151,38.52,94,90,231019
1.9306,0.2004,38.58,94,90,231022
1.9355,0.2053,38.65,94,90,231026
1.9795,0.2151,38.58,94,90,231029
1.9306,0.2102,38.62,94,90,231032
1.9648,0.2102,38.49,94,90,231036
1.9355,0.1906,38.58,94,90,231040
1.9306,0.2053,38.65,94,90,231043
1.9453,0.2346,38.52,94,90,231047
1.9208,0.2004,38.65,94,90,231050
1.9599,0.1906,38.40,94,90,231053
1.9159,0.2004,38.58,94,90,231056
1.9110,0.2151,38.62,94,90,231060
1.9257,0.2102,38.58,94,90,231063
1.9013,0.2053,38.65,94,90,231066
1.9550,0.2199,38.36,94,90,231070
1.9110,0.2102,38.52,94,90,231073
1.8915,0.1955,38.58,94,90,231076
1.8866,0.2102,38.65,94,90,231080
1.8817,0.2053,38.62,94,90,231084
1.9404,0.2248,38.43,94,90,231087
1.9062,0.2151,38.65,94,90,231090
1.8915,0.2102,38.55,94,90,231094
1.8866,0.2151,38.65,94,90,231097
1.8622,0.2053,38.62,94,90,231100
1.9013,0.2102,38.49,94,90,231104
1.8573,0.2102,38.68,94,90,231107
1.8671,0.2102,38.49,94,90,231110
1.8426,0.2151,38.62,94,90,231114
1.8377,0.2151,38.65,94,90,231117
1.8475,0.1906,38.55,94,90,231120
1.8328,0.2102,38.58,94,90,231124
1.8622,0.2053,38.52,94,90,231128
1.8328,0.2053,38.52,94,90,231131
1.8328,0.2053,38.68,94,90,231135
1.8573,0.2151,38.49,94,90,231138
1.8671,0.2004,38.62,94,90,231141
1.8719,0.2102,38.40,94,90,231144
1.8573,0.2102,38.55,94,90,231148
1.8573,0.2053,38.65,94,90,231151
1.8671,0.2151,38.49,94,90,231154
1.8866,0.2004,38.65,94,90,231158
1.8964,0.2151,38.36,94,90,231161
1.8524,0.2053,38.55,94,90,231164
1.8573,0.2053,38.62,94,90,231169
1.8671,0.2102,38.58,94,90,231172
1.8622,0.2053,38.68,94,90,231175
1.9257,0.2248,38.43,94,90,231179
1.8915,0.2297,38.55,94,90,231182
1.8866,0.1906,38.55,94,90,231185
1.8817,0.2102,38.68,94,90,231188
1.8768,0.2004,38.65,94,90,231192
1.9159,0.2199,38.55,94,90,231195
1.8964,0.2102,38.58,94,90,231198
1.9062,0.2004,38.49,94,90,231202
1.8964,0.2102,38.62,94,90,231205
1.9062,0.2053,38.71,94,90,231208
1.9501,0.2151,38.49,94,90,231213
1.9355,0.2102,38.62,94,90,231216
1.9648,0.2151,38.52,94,90,231219
1.9453,0.2004,38.58,94,90,231223
1.9599,0.2053,38.62,94,90,231226
1.9844,0.2151,38.49,94,90,231229
1.9892,0.2102,38.65,94,90,231232
2.0283,0.2102,38.27,94,90,231236
2.0088,0.2004,38.58,94,90,231239
2.0137,0.2151,38.65,94,90,231242
2.0332,0.2102,38.55,94,90,231246
2.0039,0.2053,38.62,94,90,231249
2.0332,0.2102,38.33,94,90,231252
1.9746,0.2004,38.58,94,90,231257
1.9501,0.2053,38.65,94,90,231260
1.9404,0.2151,38.58,94,90,231263
1.9110,0.2053,38.65,94,90,231266
1.9550,0.2151,38.43,94,90,231270
1.9110,0.2297,38.55,94,90,231273
1.8866,0.2004,38.65,94,90,231276
1.8719,0.2102,38.62,94,90,231280
1.8719,0.2102,38.65,94,90,231283
1.9208,0.2248,38.46,94,90,231286
1.8573,0.2151,38.43,94,90,231291
1.8377,0.2151,38.68,94,90,231294
1.8622,0.2102,38.49,94,90,231299
1.8328,0.2053,38.62,94,90,231302
1.8719,0.2004,38.71,94,90,231305
1.8524,0.2102,38.58,94,90,231309
1.8475,0.2346,38.62,94,90,231312
1.8671,0.2004,38.52,94,90,231315
1.8524,0.2053,38.74,94,90,231318
1.8622,0.2102,38.65,94,90,231322
1.8817,0.2151,38.52,94,90,231325
1.8622,0.2053,38.68,94,90,231328
1.9159,0.1906,38.40,94,90,231332
1.9208,0.2102,38.58,94,90,231335
1.9453,0.2053,38.65,94,90,231339
2.0283,0.2102,38.58,94,90,231343
2.1017,0.2053,38.65,94,90,231346
2.2874,0.2151,38.36,94,90,231349
2.4145,0.2053,38.52,94,90,231353
2.6149,0.2004,38.93,94,90,231356
2.8592,0.2151,38.68,94,90,231359
3.0841,0.2053,38.62,94,90,231362
3.3431,0.2297,38.49,94,90,231366
3.3284,0.2151,38.55,94,90,231369
3.1867,0.2053,38.58,94,90,231372
2.9179,0.2053,38.62,94,90,231376
2.6100,0.2053,38.65,94,90,231379
2.3607,0.2199,38.62,94,90,231383
2.0821,0.2102,38.62,94,90,231387
1.8866,0.2004,38.49,94,90,231390
1.7107,0.2102,38.74,94,90,231393
1.5885,0.2053,38.62,94,90,231396
1.5591,0.2151,38.46,94,90,231400
1.4614,0.2102,38.52,94,90,231403
1.4467,0.2151,38.52,94,90,231406
1.4076,0.2004,38.62,94,90,231410
1.4076,0.2053,38.62,94,90,231413
1.4516,0.2102,38.52,94,90,231416
1.4467,0.2102,38.62,94,90,231420
1.4809,0.2102,38.46,94,90,231424
1.4858,0.2004,38.62,94,90,231427
1.4907,0.2053,38.68,94,90,231431
1.5249,0.2151,38.52,94,90,231434
1.5347,0.2053,38.62,94,90,231437
1.5836,0.2151,38.40,94,90,231440
1.5787,0.1955,38.68,94,90,231444
1.5885,0.2053,38.68,94,90,231447
1.6129,0.2102,38.52,94,90,231450
1.6080,0.2053,38.62,94,90,231454
1.6716,0.2199,38.33,94,90,231457
1.6520,0.2102,38.55,94,90,231460
1.6471,0.2004,38.62,94,90,231464
1.6618,0.2102,38.71,94,90,231468
1.6618,0.2151,38.68,94,90,231471
1.7204,0.2248,38.46,94,90,231475
1.6911,0.2151,38.58,94,90,231478
1.6911,0.2053,38.55,94,90,231481
1.6911,0.2102,38.62,94,90,231484
1.7009,0.2053,38.68,94,90,231488
1.7498,0.2151,38.49,94,90,231491
1.7351,0.2102,38.52,94,90,231494
1.7595,0.2297,38.49,94,90,231498
1.7400,0.2151,38.62,94,90,231501
1.7351,0.2297,38.65,94,90,231504
1.7742,0.2053,38.55,94,90,231508
1.7351,0.2102,38.62,94,90,231512
1.7693,0.2199,38.49,94,90,231515
1.7449,0.2102,38.65,94,90,231519
1.7498,0.2053,38.62,94,90,231522
1.7644,0.2102,38.58,94,90,231525
1.7449,0.2053,38.65,94,90,231528
1.7742,0.2151,38.46,94,90,231532
1.7595,0.2053,38.52,94,90,231535
1.7498,0.2053,38.71,94,90,231538
1.7791,0.2151,38.55,94,90,231542
1.7498,0.2053,38.65,94,90,231545
1.7937,0.2542,38.40,94,90,231548
1.7644,0.2053,38.55,94,90,231553
1.7742,0.2053,38.62,94,90,231556
1.7937,0.2102,38.62,94,90,231559
1.7889,0.2053,38.65,94,90,231563
1.8475,0.2199,38.36,94,90,231566
1.8035,0.2102,38.55,94,90,231569
1.8084,0.2053,38.84,94,90,231572
1.8035,0.2346,38.62,94,90,231576
1.8035,0.2053,38.65,94,90,231579
1.8426,0.2199,38.46,94,90,231582
1.8084,0.2199,38.58,94,90,231586
1.8377,0.2102,38.52,94,90,231589
1.8035,0.2444,38.62,94,90,231592
1.8426,0.2053,38.62,94,90,231597
1.8573,0.2151,38.49,94,90,231600
1.8524,0.2151,38.62,94,90,231603
1.8524,0.2102,38.55,94,90,231607
1.8280,0.2151,38.62,94,90,231610
1.8377,0.2053,38.65,94,90,231613
1.8573,0.2444,38.52,94,90,231616
1.8426,0.2151,38.62,94,90,231620
1.8719,0.2053,38.58,94,90,231623
1.8475,0.2053,38.62,94,90,231626
1.8573,0.2053,38.68,94,90,231630
1.8817,0.2102,38.52,94,90,231633
1.8719,0.2053,38.65,94,90,231636
1.9208,0.2151,38.43,94,90,231641
1.8817,0.2053,38.62,94,90,231644
1.8866,0.2053,38.65,94,90,231647
1.9013,0.2102,38.65,94,90,231651
1.8964,0.2004,38.65,94,90,231654
1.9355,0.2199,38.36,94,90,231657
1.8964,0.2102,38.52,94,90,231660
1.8719,0.2053,38.62,94,90,231664
1.8719,0.2102,38.68,94,90,231667
1.8622,0.2346,38.65,94,90,231670
1.9208,0.2248,38.46,94,90,231674
1.8866,0.2151,38.52,94,90,231677
1.8768,0.2053,38.55,94,90,231681
1.8671,0.2102,38.65,94,90,231685
1.8671,0.2395,38.62,94,90,231688
1.8866,0.2151,38.49,94,90,231691
1.8719,0.2102,38.62,94,90,231695
1.8768,0.2102,38.49,94,90,231698
1.8573,0.2102,37.87,94,90,231701
1.8719,0.2053,38.62,94,90,231704
1.8573,0.2053,38.55,94,90,231708
1.8377,0.2102,38.62,94,90,231711
1.8573,0.2151,38.52,94,90,231714
1.8280,0.2199,38.65,94,90,231718
1.8573,0.2004,38.62,94,90,231721
1.8426,0.2151,38.49,94,90,231725
1.8182,0.2102,38.68,94,90,231729
1.8524,0.2102,38.43,94,90,231732
1.8328,0.2102,38.52,94,90,231735
1.8475,0.2053,38.65,94,90,231739
1.8475,0.2151,38.46,94,90,231742
1.8328,0.2151,38.68,94,90,231745
1.8768,0.2199,38.36,94,90,231749
1.8377,0.2102,38.55,94,90,231752
1.8328,0.2053,38.65,94,90,231755
1.8377,0.2102,37.96,94,90,231758
1.8231,0.2053,38.65,94,90,231762
1.8719,0.2297,38.40,94,90,231766
1.8231,0.2297,38.52,94,90,231769
1.8231,0.1906,38.58,94,90,231773
1.8182,0.2102,38.81,94,90,231776
1.8182,0.2004,38.65,94,90,231779
1.8524,0.2199,37.80,94,90,231783
1.8231,0.2102,38.62,94,90,231786
1.8280,0.2053,38.55,94,90,231789
1.8133,0.2102,38.52,94,90,231793
1.8182,0.2151,38.65,94,90,231796
1.8524,0.2102,38.49,94,90,231799
1.8426,0.2102,38.62,94,90,231802
1.8719,0.2199,38.49,94,90,231806
1.8475,0.2053,38.62,94,90,231810
1.8524,0.2151,38.62,94,90,231813
1.8671,0.2102,38.52,94,90,231817
1.8524,0.2444,38.62,94,90,231820
1.8817,0.2102,38.46,94,90,231823
1.8475,0.2053,38.71,94,90,231827
1.8475,0.2004,38.62,94,90,231830
1.8622,0.2199,38.52,94,90,231833
1.8573,0.2102,38.68,94,90,231837
1.8964,0.2053,38.40,94,90,231840
1.8671,0.2004,38.62,94,90,231843
1.8768,0.2102,38.68,94,90,231846
1.9208,0.2151,38.65,94,90,231851
1.8915,0.2053,38.65,94,90,231854
1.9550,0.2151,38.33,94,90,231857
1.9257,0.2102,38.55,94,90,231861
1.9208,0.2053,38.65,94,90,231864
1.9404,0.2102,38.62,94,90,231867
1.9550,0.2053,38.65,94,90,231871
2.0186,0.2248,38.49,94,90,231874
1.9892,0.2102,38.58,94,90,231877
1.9648,0.2053,38.52,94,90,231881
1.9404,0.2004,38.62,94,90,231884
1.9453,0.2053,38.65,94,90,231887
1.9306,0.1906,38.49,94,90,231890
1.8817,0.2102,38.77,94,90,231895
1.8768,0.2346,38.52,94,90,231898
1.8475,0.2102,38.62,95,90,231901
1.7889,0.2102,38.65,95,90,231906
1.7791,0.2053,38.65,95,90,231909
1.7937,0.2151,38.55,95,90,231913
1.7644,0.2102,38.62,95,90,231916
1.7986,0.2102,38.40,95,90,231919
1.7644,0.2053,38.52,95,90,231923
1.7498,0.2053,38.77,95,90,231926
1.7693,0.2102,38.58,95,90,231929
1.7595,0.2102,38.68,95,90,231932
1.8035,0.2199,38.27,95,90,231937
1.7986,0.2151,38.52,95,90,231940
1.7595,0.2053,38.65,95,90,231943
1.7644,0.2102,38.58,95,90,231947
1.7546,0.2053,38.68,95,90,231950
1.8133,0.2297,38.43,95,90,231953
1.7840,0.2151,38.55,95,90,231957
1.7937,0.1906,38.58,95,90,231960
1.8084,0.2102,38.65,95,90,231963
1.8328,0.2151,38.68,95,90,231967
1.9062,0.2199,38.52,95,90,231970
1.9404,0.2102,38.62,95,90,231973
2.0528,0.2102,38.49,95,90,231976
2.1359,0.2102,38.62,95,90,231981
2.2923,0.2004,38.68,95,90,231984
2.5415,0.2199,38.46,95,90,231987
2.7273,0.2102,38.58,95,90,231991
3.0010,0.2102,38.52,95,90,231994
3.1378,0.2004,38.58,95,90,231997
3.1965,0.2053,38.49,95,90,232001
3.1378,0.2102,38.52,95,90,232004
2.8739,0.2102,38.65,95,90,232007
2.6100,0.2102,38.46,95,90,232011
2.2874,0.2102,38.58,95,90,232014
2.0381,0.2053,38.65,95,90,232017
1.8573,0.2199,38.65,95,90,232020
1.6911,0.2004,38.65,95,90,232025
1.5934,0.2102,38.36,95,90,232028
1.4467,0.2053,38.62,95,90,232031
1.3930,0.2102,38.65,95,90,232035
1.3685,0.2102,38.62,95,90,232038
1.3392,0.2346,38.68,95,90,232041
1.3783,0.2199,38.33,95,90,232045
1.3587,0.2102,38.58,95,90,232048
1.3685,0.2053,38.68,95,90,232051
1.3832,0.2102,38.62,95,90,232054
1.3881,0.2102,38.62,95,90,232058
1.4418,0.2102,38.43,95,90,232061
1.4321,0.2151,38.46,95,90,232065
1.4467,0.2053,38.52,95,90,232069
1.4663,0.2102,38.65,95,90,232072
1.4761,0.2102,38.65,95,90,232075
1.5103,0.2199,38.49,95,90,232079
1.5103,0.2102,38.62,95,90,232082
1.5445,0.2248,38.49,95,90,232085
1.5298,0.2102,38.65,95,90,232089
1.5396,0.2199,38.65,95,90,232092
1.5494,0.2151,38.58,95,90,232095
1.5591,0.2102,38.65,95,90,232098
1.5885,0.2102,38.52,95,90,232102
1.5738,0.2102,38.62,95,90,232105
1.5836,0.2102,38.71,95,90,232109
1.6129,0.2151,38.55,95,90,232113
1.5982,0.2102,38.58,95,90,232116
1.6227,0.2151,38.43,95,90,232119
1.6129,0.2102,38.15,95,90,232123
1.6080,0.2248,38.65,95,90,232126
1.6373,0.2151,38.62,95,90,232129
1.6276,0.2102,38.65,95,90,232133
1.7107,0.2102,38.40,95,90,232136
1.6422,0.2102,38.40,95,90,232139
1.6422,0.2102,38.65,95,90,232143
1.6667,0.2151,38.58,95,90,232146
1.6569,0.2102,38.77,95,90,232150
1.7155,0.2151,38.40,95,90,232153
1.6911,0.2199,38.58,95,90,232157
1.6911,0.2102,38.58,95,90,232160
1.6911,0.2151,38.62,95,90,232163
1.6862,0.2248,38.62,95,90,232167
1.7155,0.2102,38.55,95,90,232170
1.7058,0.2102,38.68,95,90,232173
1.7204,0.2102,38.52,95,90,232177
1.7107,0.2151,38.65,95,90,232180
1.7155,0.2102,38.87,95,90,232183
1.7546,0.2151,38.46,95,90,232187
1.7351,0.2102,38.71,95,90,232190
1.7595,0.2199,38.52,95,90,232194
1.7693,0.2004,38.58,95,90,232197
1.7351,0.2102,38.65,95,90,232201
1.7595,0.2199,38.52,95,90,232204
1.7498,0.2102,38.62,95,90,232207
1.7693,0.2102,38.49,95,90,232211
1.7546,0.2004,38.62,95,90,232214
1.7546,0.2151,38.65,95,90,232217
1.7693,0.2199,38.52,95,90,232221
1.7595,0.2102,38.62,95,90,232224
1.8035,0.2151,38.36,95,90,232227
1.7693,0.2053,38.58,95,90,232231
1.7840,0.2102,38.62,95,90,232235
1.7986,0.2151,38.62,95,90,232238
1.7937,0.1906,38.65,95,90,232241
1.8475,0.2199,38.36,95,90,232245
1.8280,0.2297,38.55,95,90,232248
1.8377,0.2004,38.65,95,90,232251
1.8475,0.2151,38.55,95,90,232255
1.8671,0.2053,38.65,95,90,232258
1.9110,0.2248,38.55,95,90,232261
1.8915,0.2151,38.55,95,90,232265
1.9013,0.2102,38.55,95,90,232268
1.9013,0.2102,38.65,95,90,232271
1.9062,0.2004,38.68,95,90,232275
1.9257,0.2199,38.52,95,90,232279
1.8866,0.2102,38.49,95,90,232282
1.8866,0.2199,38.49,95,90,232285
1.8524,0.2102,38.62,95,90,232289
1.8524,0.2297,38.68,95,90,232292
1.8671,0.2102,38.55,95,90,232295
1.8573,0.2102,38.62,95,90,232299
1.8915,0.2151,38.52,95,90,232302
1.8671,0.2102,38.81,95,90,232305
1.8671,0.2102,38.65,95,90,232309
1.8768,0.2199,38.52,95,90,232312
1.8280,0.2395,38.62,95,90,232315
1.8377,0.2199,38.40,95,90,232320
1.8084,0.2102,38.52,95,90,232323
1.7937,0.2102,38.65,95,90,232326
1.8133,0.2199,38.55,95,90,232329
1.8084,0.2102,38.62,95,90,232333
1.8426,0.2248,38.40,95,90,232336
1.7986,0.2102,38.55,95,90,232339
1.7693,0.2102,38.65,95,90,232343
1.7595,0.2102,38.62,95,90,232346
1.7400,0.2102,37.90,95,90,232349
1.7986,0.2297,38.46,95,90,232353
1.7546,0.2102,38.55,95,90,232356
1.7400,0.2053,38.58,95,90,232359
1.7351,0.2151,38.49,95,90,232363
1.7204,0.2102,38.65,95,90,232367
1.7400,0.2248,38.58,95,90,232370
1.7009,0.2151,38.62,95,90,232373
1.6862,0.2151,38.52,95,90,232377
1.6618,0.2102,38.58,95,90,232380
1.6569,0.2053,38.65,95,90,232383
1.6960,0.2199,38.46,95,90,232387
1.6813,0.2151,38.58,95,90,232390
1.7058,0.2199,38.49,95,90,232393
1.6862,0.2102,38.65,95,90,232397
1.6813,0.2102,38.65,95,90,232400
1.7009,0.2151,38.55,95,90,232403
1.6911,0.2102,38.62,95,90,232407
1.7204,0.2102,38.49,95,90,232411
1.7058,0.2102,38.68,95,90,232414
1.7009,0.2102,38.65,95,90,232417
1.7155,0.2151,38.49,95,90,232421
1.7155,0.2199,38.65,95,90,232424
1.7302,0.2151,38.43,95,90,232427
1.7009,0.2199,38.65,95,90,232431
1.7058,0.2102,38.65,95,90,232434
1.7155,0.2199,38.74,95,90,232437
1.7107,0.2102,38.65,95,90,232441
1.7693,0.2199,38.49,95,90,232444
1.7498,0.2395,38.52,95,90,232448
1.7449,0.1906,38.65,95,90,232451
1.7644,0.2151,38.46,95,90,232455
1.8084,0.2151,38.68,95,90,232458
1.8475,0.2346,38.43,95,90,232461
1.8328,0.2248,38.55,95,90,232465
1.7986,0.2102,38.55,95,90,232468
1.7742,0.2151,38.84,95,90,232471
1.7889,0.2102,38.65,95,90,232475
1.8035,0.2199,38.52,95,90,232478
1.8084,0.2199,38.58,95,90,232481
1.8377,0.2151,38.49,95,90,232485
1.8475,0.2102,38.62,95,90,232488
1.8768,0.2151,38.65,95,90,232492
1.9013,0.2151,38.68,95,90,232495
1.8915,0.2151,38.68,95,90,232499
1.9306,0.2199,38.55,95,90,232502
1.9110,0.2151,38.65,95,90,232505
1.9159,0.2102,38.65,95,90,232509
1.9306,0.2199,38.27,95,90,232512
1.8524,0.2199,38.58,95,90,232517
1.8084,0.2395,38.62,95,90,232520
1.8328,0.2248,38.36,95,90,232523
1.7693,0.2151,38.52,95,90,232527
1.7498,0.2151,38.62,95,90,232530
1.7400,0.2151,38.55,95,90,232534
1.7546,0.2151,38.62,95,90,232538
1.7791,0.2297,38.46,95,90,232541
1.7351,0.2248,38.55,95,90,232544
1.7155,0.2102,38.52,95,90,232548
1.6960,0.2102,38.65,95,90,232551
1.6911,0.1906,38.65,95,90,232554
1.7351,0.2199,38.74,95,90,232557
1.7253,0.2199,38.62,95,90,232561
1.7400,0.2151,38.49,95,90,232564
1.7107,0.2151,38.62,95,90,232567
1.7155,0.2102,38.65,95,90,232571
1.7546,0.2199,38.49,95,90,232574
1.7400,0.2102,38.65,95,90,232578
1.7644,0.2151,38.71,95,90,232582
1.7546,0.2151,38.58,95,90,232585
1.7449,0.2102,38.65,95,90,232588
1.7986,0.2102,38.49,95,90,232592
1.8035,0.2102,38.62,95,90,232595
1.8719,0.2151,38.40,95,90,232598
1.8866,0.1906,38.58,95,90,232602
1.9697,0.2102,38.62,95,90,232605
2.1408,0.2199,38.55,95,90,232608
2.3167,0.2151,38.68,95,90,232611
2.6246,0.2199,38.36,95,90,232615
2.8201,0.2151,38.55,95,90,232619
3.0645,0.1906,38.71,95,90,232622
3.2551,0.2151,38.62,95,90,232626
3.2942,0.2102,38.62,95,90,232629
3.2258,0.2297,38.40,95,90,232632
2.8592,0.2151,38.74,95,90,232636
2.5220,0.2053,38.55,95,90,232639
2.2190,0.2151,38.62,95,90,232642
1.9453,0.2102,38.65,95,90,232645
1.7693,0.2199,38.46,95,90,232649
1.5787,0.2199,38.74,95,90,232652
1.4712,0.2053,38.55,95,90,232655
1.3832,0.2151,38.65,95,90,232659
1.3245,0.2102,38.65,95,90,232663
1.3099,0.2199,38.52,95,90,232666
1.2757,0.2151,38.62,95,90,232670
1.2952,0.2151,38.52,95,90,232673
1.3050,0.1906,38.65,95,90,232676
1.3392,0.2102,38.62,95,90,232680
1.3734,0.2151,38.55,95,90,232683
1.3881,0.1906,38.62,95,90,232686
1.4223,0.2151,38.49,95,90,232689
1.4272,0.2102,38.68,95,90,232693
1.4418,0.2102,38.77,95,90,232696
1.4761,0.2199,38.62,95,90,232699
1.4761,0.2102,38.46,95,90,232704
1.5152,0.2297,38.36,95,90,232707
1.5005,0.2199,38.55,95,90,232710
1.4907,0.2102,38.74,95,90,232714
1.5152,0.2151,38.55,95,90,232717
1.5103,0.2102,37.87,95,90,232720
1.5738,0.2151,38.33,95,90,232724
1.5591,0.2102,38.52,95,90,232727
1.5640,0.2102,38.58,95,90,232730
1.5836,0.2151,38.68,95,90,232733
1.5836,0.2102,38.65,95,90,232737
1.6227,0.2297,38.46,95,90,232740
1.5885,0.2199,38.58,95,90,232743
1.5787,0.2102,38.55,95,90,232748
1.5738,0.2199,38.62,95,90,232751
1.5836,0.2102,38.58,95,90,232754
1.6178,0.2493,38.55,95,90,232758
1.6031,0.2151,38.65,95,90,232761
1.6178,0.2151,38.55,95,90,232764
1.5982,0.2151,38.62,95,90,232768
1.6129,0.2199,38.68,95,90,232771
1.6422,0.2199,38.49,95,90,232774
1.6276,0.2199,38.62,95,90,232778
1.6667,0.2151,38.49,95,90,232781
1.6569,0.2102,38.55,95,90,232784
1.6618,0.2102,38.65,95,90,232787
1.6569,0.2199,38.46,95,90,232792
1.6373,0.2151,38.55,95,90,232795
1.6618,0.2248,38.40,95,90,232798
1.6129,0.2151,38.58,95,90,232802
1.6227,0.2102,38.65,95,90,232805
1.6618,0.2102,38.58,95,90,232808
1.6520,0.2151,38.49,95,90,232812
1.6960,0.2346,38.33,95,90,232815
1.6569,0.2151,38.55,95,90,232818
1.6569,0.2102,38.58,95,90,232822
1.6716,0.2102,38.62,95,90,232825
1.6813,0.2102,38.71,95,90,232828
1.7302,0.2346,38.43,95,90,232832
1.6960,0.2199,38.58,95,90,232836
1.6862,0.2102,38.58,95,90,232839
1.6813,0.2151,38.62,95,90,232842
1.6764,0.2102,38.62,95,90,232846
1.7107,0.2248,38.46,95,90,232849
1.6960,0.2151,38.62,95,90,232852
1.7058,0.2151,38.49,95,90,232856
1.6813,0.2102,38.65,95,90,232859
1.7009,0.2102,38.68,95,90,232862
1.7449,0.2199,38.52,95,90,232866
1.7498,0.2151,38.62,95,90,232869
1.7742,0.2199,38.74,95,90,232872
1.7595,0.2248,38.65,95,90,232876
1.7791,0.2102,38.65,95,90,232880
1.7840,0.2151,38.58,95,90,232883
1.7693,0.2151,38.65,95,90,232886
1.7986,0.2151,38.46,95,90,232890
1.7791,0.2151,38.62,95,90,232893
1.7840,0.2151,38.68,95,90,232896
1.8084,0.2542,38.62,95,90,232900
1.8035,0.2102,38.65,95,90,232903
1.8768,0.2199,38.43,95,90,232906
1.8622,0.2297,38.52,95,90,232910
1.8328,0.2151,38.65,95,90,232913
1.8133,0.2248,38.58,95,90,232916
1.7791,0.2102,38.62,95,90,232920
1.8475,0.2297,38.43,95,90,232924
1.8231,0.2248,38.49,95,90,232927
1.8084,0.2102,38.58,95,90,232930
1.8035,0.2151,38.55,95,90,232934
1.7986,0.1906,38.62,95,90,232937
1.8622,0.2297,38.49,95,90,232940
1.8377,0.2297,38.55,95,90,232944
1.8475,0.2151,38.52,95,90,232947
1.8182,0.2151,38.62,95,90,232950
1.7937,0.2151,38.65,95,90,232954
1.7986,0.2199,38.55,95,90,232957
1.7742,0.2248,38.62,95,90,232961
1.7986,0.2151,38.71,95,90,232965
1.7889,0.1906,38.65,95,90,232968
1.8084,0.2102,38.62,95,90,232971
1.8328,0.2248,38.55,95,90,232974
1.7937,0.2102,38.62,95,90,232978
1.8035,0.2151,38.49,95,90,232981
1.7791,0.2151,38.52,95,90,232984
1.7889,0.2102,38.65,95,90,232988
1.8084,0.2297,38.27,95,90,232991
1.7840,0.2199,38.68,95,90,232994
1.7986,0.2151,38.43,95,90,232998
1.7644,0.2151,37.80,95,90,233001
1.7693,0.2395,38.65,95,90,233005
1.7889,0.2199,38.55,95,90,233008
1.7595,0.2151,38.65,95,90,233012
1.7937,0.2248,38.52,95,90,233015
1.7595,0.2102,38.55,95,90,233018
1.7644,0.2102,37.90,95,90,233022
1.7693,0.2151,38.58,95,90,233025
1.7693,0.2151,38.65,95,90,233028
1.8328,0.2297,38.40,95,90,233032
1.8133,0.2102,38.55,95,90,233035
1.7791,0.2102,38.62,95,90,233038
1.7742,0.2102,38.62,95,90,233042
1.7644,0.2151,38.71,95,90,233046
1.8133,0.2346,38.52,95,90,233049
1.8133,0.2151,38.58,95,90,233053
1.8231,0.2102,38.49,95,90,233056
1.7889,0.2151,38.62,95,90,233059
1.7986,0.2102,38.33,95,90,233062
1.8622,0.2102,38.52,95,90,233066
1.8231,0.2151,38.62,95,90,233069
1.8377,0.2248,38.52,95,90,233072
1.8084,0.2102,38.65,95,90,233076
1.7937,0.2151,38.71,95,90,233079
1.8035,0.2151,38.55,95,90,233082
1.7937,0.2199,38.62,95,90,233086
1.8231,0.2151,38.46,95,90,233090
1.8133,0.2151,38.71,95,90,233093
1.8280,0.2102,38.62,95,90,233097
1.8524,0.2248,38.55,95,90,233100
1.8377,0.2151,38.62,95,90,233103
1.9208,0.2199,38.36,95,90,233106
1.8768,0.2199,38.52,95,90,233110
1.8622,0.2102,38.65,95,90,233113
1.8768,0.2199,38.62,95,90,233116
1.8719,0.2151,38.68,95,90,233120
1.9453,0.2248,38.36,95,90,233123
1.8426,0.2199,38.52,95,90,233128
1.8084,0.2151,38.46,95,90,233132
1.8280,0.2248,38.49,95,90,233135
1.8084,0.2151,38.65,95,90,233139
1.7986,0.2151,38.65,95,90,233142
1.8035,0.2151,38.55,95,90,233145
1.7840,0.2151,38.62,95,90,233149
1.7986,0.2151,38.52,95,90,233152
1.7693,0.2151,38.40,95,90,233155
1.7595,0.2493,38.62,95,90,233159
1.7693,0.2199,38.52,95,90,233162
1.7253,0.2151,38.62,95,90,233165
1.7693,0.2199,38.40,95,90,233168
1.7204,0.2151,38.62,95,90,233172
1.7204,0.2151,38.65,95,90,233176
1.7400,0.2199,38.58,95,90,233179
1.7155,0.2102,38.62,95,90,233183
1.7449,0.2199,38.36,95,90,233186
1.7107,0.2151,38.52,95,90,233189
1.7351,0.2199,38.65,95,90,233193
1.7204,0.2199,38.62,95,90,233196
1.7107,0.2151,38.74,95,90,233199
1.7595,0.2297,38.43,95,90,233203
1.7155,0.2199,38.55,95,90,233206
1.7107,0.2102,38.55,95,90,233209
1.7107,0.2151,38.68,95,90,233213
1.7400,0.2102,38.62,95,90,233217
1.8084,0.2248,38.52,95,90,233220
1.8231,0.2151,38.65,95,90,233223
1.9306,0.2102,38.52,95,90,233227
1.9746,0.2102,38.62,95,90,233230
2.1065,0.2199,38.65,95,90,233233
2.3216,0.2248,38.52,95,90,233237
2.5220,0.2199,38.62,95,90,233240
2.8592,0.2248,38.52,95,90,233243
3.0694,0.2102,38.65,95,90,233247
3.2796,0.2102,38.62,95,90,233250
3.3920,0.2199,38.52,95,90,233253
3.2454,0.2151,38.71,95,90,233257
3.0010,0.2248,38.49,95,90,233261
2.6149,0.2102,38.58,95,90,233264
2.2581,0.2151,38.84,95,90,233267
1.9795,0.2199,38.55,95,90,233271
1.7155,0.2151,38.68,95,90,233274
1.5689,0.2199,38.36,95,90,233277
1.4076,0.2102,38.58,95,90,233281
1.3245,0.2102,38.62,95,90,233284
1.3050,0.2199,38.65,95,90,233287
1.2610,0.2151,38.18,95,90,233291
1.2952,0.2199,38.33,95,90,233294
1.2952,0.2102,38.55,95,90,233297
1.3099,0.2102,38.71,95,90,233302
1.3343,0.2151,38.62,95,90,233305
1.3490,0.2151,38.65,95,90,233308
1.4076,0.2199,37.71,95,90,233311
1.3978,0.2248,38.58,95,90,233315
1.4125,0.2151,38.55,95,90,233318
1.4174,0.2199,38.65,95,90,233321
1.4272,0.2199,38.65,95,90,233325
1.4614,0.2248,37.83,95,90,233328
1.4663,0.2493,38.68,95,90,233331
1.5054,0.2151,38.49,95,90,233335
1.5005,0.2151,38.58,95,90,233338
1.5445,0.2151,38.62,95,90,233341
1.5347,0.2151,38.49,95,90,233346
1.5298,0.2151,38.65,95,90,233349
1.5591,0.2151,38.49,95,90,233352
1.5445,0.2102,38.65,95,90,233355
1.5445,0.2102,38.65,95,90,233359
1.5738,0.2199,38.55,95,90,233362
1.5738,0.2151,38.65,95,90,233365
1.6227,0.2199,38.36,95,90,233369
1.6129,0.2199,38.52,95,90,233372
1.5885,0.2102,38.65,95,90,233375
1.5982,0.2102,38.58,95,90,233379
1.5787,0.2151,38.68,95,90,233382
1.6178,0.2248,38.30,95,90,233385
1.5787,0.2151,38.58,95,90,233390
1.5885,0.2102,38.62,95,90,233393
1.6080,0.2102,38.62,95,90,233396
1.6178,0.2151,38.65,95,90,233400
1.6716,0.2297,38.40,95,90,233403
1.6422,0.2199,38.55,95,90,233406
1.6373,0.2102,38.55,95,90,233409
1.6227,0.2102,38.65,95,90,233413
1.6178,0.1906,38.68,95,90,233416
1.6471,0.2297,38.52,95,90,233419
1.6227,0.2102,38.62,95,90,233423
1.6569,0.2151,38.49,95,90,233426
1.6520,0.2102,38.65,95,90,233430
1.6667,0.2102,38.68,95,90,233434
1.6911,0.2639,38.52,95,90,233437
1.6569,0.2151,38.62,95,90,233440
1.6716,0.2346,38.52,95,90,233444
1.6422,0.2102,38.58,95,90,233447
1.6520,0.2102,38.40,95,90,233450
1.6764,0.2199,38.49,95,90,233453
1.6618,0.2151,38.65,95,90,233457
1.6911,0.2151,38.36,95,90,233460
1.6813,0.2151,38.58,95,90,233463
1.6862,0.2151,38.62,95,90,233467
1.7009,0.2248,38.55,95,90,233470
1.6764,0.2151,38.65,95,90,233474
1.7253,0.2199,38.36,95,90,233478
1.6862,0.2151,38.49,95,90,233481
1.7155,0.2199,38.65,95,90,233484
1.6911,0.2199,38.62,95,90,233488
1.6813,0.2102,38.68,95,90,233491
1.7351,0.2297,38.43,95,90,233494
1.6960,0.2199,38.58,95,90,233498
1.6960,0.2151,38.58,95,90,233501
1.7009,0.2151,38.81,95,90,233504
1.7155,0.2102,38.58,95,90,233507
1.7840,0.2248,38.46,95,90,233511
1.7693,0.2248,38.62,95,90,233515
1.7937,0.2199,38.49,95,90,233518
1.7889,0.2151,38.65,95,90,233522
1.7986,0.2199,38.65,95,90,233525
1.8280,0.2248,38.52,95,90,233528
1.8182,0.2151,38.43,95,90,233532
1.8475,0.2248,38.55,95,90,233535
1.8182,0.2151,38.62,95,90,233538
1.8133,0.2297,38.65,95,90,233542
1.8280,0.2199,38.52,95,90,233545
1.8133,0.2151,38.74,95,90,233548
1.8377,0.2151,38.46,95,90,233551
1.8182,0.2151,38.71,95,90,233555
1.8328,0.2102,38.62,95,90,233559
1.8573,0.2248,38.55,95,90,233562
1.8231,0.2395,38.65,95,90,233566
1.8475,0.2248,38.40,95,90,233569
1.8035,0.2199,38.55,95,90,233572
1.7791,0.2199,38.68,95,90,233576
1.7889,0.2199,38.81,95,90,233579
1.7840,0.2102,38.62,95,90,233582
1.8426,0.2297,38.36,95,90,233586
1.8084,0.2151,38.52,95,90,233589
1.7986,0.2151,38.68,95,90,233592
1.7986,0.2151,38.62,95,90,233596
1.7889,0.2102,38.68,95,90,233600
1.8231,0.2297,38.52,95,90,233603
1.7937,0.2199,38.58,95,90,233606
1.7986,0.2151,38.52,95,90,233610
1.7742,0.2151,38.71,95,90,233613
1.7742,0.2151,38.62,95,90,233616
1.7889,0.2248,38.58,95,90,233620
1.7693,0.2248,38.68,95,90,233623
1.7889,0.2199,38.49,95,90,233626
1.7498,0.2151,38.62,95,90,233630
1.7351,0.2151,38.68,95,90,233633
1.7644,0.2248,38.49,95,90,233636
1.7400,0.2151,38.65,95,90,233640
1.7546,0.2151,38.49,95,90,233644
1.7400,0.2151,38.52,95,90,233647
1.7449,0.2151,38.77,95,90,233651
1.7742,0.2248,38.52,95,90,233654
1.7742,0.2151,38.65,95,90,233657
1.8231,0.2297,38.36,95,90,233660
1.7937,0.2151,38.62,95,90,233664
1.7889,0.2199,38.68,95,90,233667
1.7840,0.2199,38.58,95,90,233670
1.7742,0.2151,38.58,95,90,233674
1.8231,0.2199,38.36,95,90,233677
1.7937,0.2151,38.74,95,90,233680
1.7937,0.2151,38.62,95,90,233684
1.8084,0.2199,38.68,95,90,233688
1.8084,0.2151,38.62,95,90,233691
1.8622,0.2297,38.49,95,90,233695
1.8328,0.2199,38.58,95,90,233698
1.8328,0.2199,38.52,95,90,233701
1.8182,0.2151,38.62,95,90,233704
1.8182,0.2444,38.62,95,90,233708
1.8573,0.2248,38.46,95,90,233711
1.8377,0.2395,38.65,95,90,233714
1.8671,0.2151,38.49,95,90,233718
1.8328,0.2151,38.65,95,90,233721
1.8475,0.2590,38.65,95,90,233724
1.8622,0.2199,38.52,95,90,233729
1.8573,0.2151,37.83,95,90,233732
1.8915,0.2199,38.46,95,90,233735
1.8817,0.2248,38.40,94,90,233739
1.9453,0.2151,38.58,94,90,233743
1.9501,0.2151,38.65,94,90,233747
1.9501,0.2151,38.62,94,90,233750
1.9257,0.2151,38.65,94,90,233753
1.9599,0.2395,38.36,94,90,233757
1.9013,0.2199,38.55,94,90,233760
1.8573,0.2102,38.71,94,90,233763
1.8377,0.2199,38.58,94,90,233766
1.8182,0.2151,38.65,94,90,233771
1.8475,0.2786,38.43,94,90,233774
1.8084,0.2199,38.58,94,90,233777
1.8084,0.2151,38.49,94,90,233781
1.7791,0.2248,38.62,94,90,233784
1.7840,0.2151,38.65,94,90,233787
1.7986,0.2199,38.55,94,90,233791
1.7644,0.1906,38.62,94,90,233794
1.7840,0.2199,38.52,94,90,233797
1.7546,0.2151,37.87,94,90,233801
1.7546,0.2151,38.62,94,90,233804
1.7644,0.2151,38.52,94,90,233807
1.7644,0.2102,38.62,94,90,233810
1.7742,0.2151,38.52,94,90,233815
1.7546,0.2151,38.62,94,90,233818
1.7449,0.2151,38.68,94,90,233821
1.7546,0.2248,38.55,94,90,233825
1.7351,0.2151,38.68,94,90,233828
1.7693,0.2199,38.40,94,90,233831
1.7449,0.2199,38.62,94,90,233835
1.7351,0.2151,37.99,94,90,233838
1.7595,0.2199,38.58,94,90,233841
1.7595,0.2151,38.87,94,90,233845
1.8377,0.2248,38.40,94,90,233848
1.8475,0.2151,38.46,94,90,233851
1.9013,0.2395,38.62,94,90,233856
1.9941,0.2199,38.65,94,90,233859
2.1163,0.2151,38.58,94,90,233862
2.3656,0.2297,38.43,94,90,233865
2.5220,0.2199,38.62,94,90,233869
2.7615,0.2151,38.52,94,90,233872
2.9863,0.2199,38.65,94,90,233875
3.1818,0.2151,38.62,94,90,233879
3.3187,0.2248,38.55,94,90,233882
3.1720,0.2199,38.81,94,90,233885
2.9472,0.2199,38.46,94,90,233889
2.5904,0.2151,38.62,94,90,233892
2.2776,0.2151,38.65,94,90,233895
2.0528,0.2248,38.49,94,90,233900
1.8084,0.2151,38.58,94,90,233903
1.6618,0.2395,38.55,94,90,233906
1.5005,0.2151,38.55,94,90,233909
1.4174,0.2151,38.84,94,90,233913
1.3734,0.2199,38.52,94,90,233916
1.3245,0.2151,38.65,94,90,233919
1.3587,0.2199,38.43,94,90,233923
1.3099,0.2199,38.68,94,90,233926
1.3245,0.2199,38.71,94,90,233929
1.3930,0.2151,38.58,94,90,233933
1.3636,0.2151,38.65,94,90,233936
1.4174,0.2248,38.33,94,90,233939
1.4076,0.2151,38.55,94,90,233944
1.4272,0.2151,39.00,94,90,233947
1.4614,0.2444,38.62,94,90,233950
1.4809,0.2151,38.74,94,90,233953
1.5591,0.2444,38.43,94,90,233957
1.5445,0.2199,38.58,94,90,233960
1.5494,0.2151,37.87,94,90,233963
1.5591,0.2199,38.62,94,90,233967
1.5640,0.2151,38.68,94,90,233970
1.6031,0.2248,38.46,94,90,233973
1.5836,0.2199,38.65,94,90,233977
1.5982,0.2199,38.52,94,90,233980
1.5836,0.2102,38.62,94,90,233984
1.5836,0.2151,38.68,94,90,233988
1.6422,0.2248,38.55,94,90,233991
1.6031,0.2151,38.62,94,90,233994
1.6422,0.2248,38.52,94,90,233998
1.6227,0.2248,38.62,94,90,234001
1.6373,0.2151,38.65,94,90,234004
1.6911,0.2248,38.52,94,90,234007
1.6520,0.2151,38.65,94,90,234011
1.6813,0.2199,38.40,94,90,234014
1.6569,0.2151,38.65,94,90,234017
1.6569,0.2151,38.74,94,90,234021
1.6667,0.2248,38.58,94,90,234024
1.6569,0.2151,38.55,94,90,234028
1.7009,0.2297,38.36,94,90,234032
1.6911,0.2199,38.65,94,90,234035
1.6911,0.2151,38.84,94,90,234038
1.7155,0.2199,38.58,94,90,234042
1.7107,0.2151,38.65,94,90,234045
1.7693,0.2248,38.15,94,90,234048
1.7400,0.2199,37.80,94,90,234051
1.7302,0.2102,38.90,94,90,234055
1.7302,0.2395,38.58,94,90,234058
1.7253,0.2199,38.62,94,90,234061
1.7693,0.2297,38.52,94,90,234065
1.7449,0.2248,38.62,94,90,234068
1.7449,0.2151,38.52,94,90,234072
1.7351,0.2151,38.55,94,90,234076
1.7351,0.2151,38.62,94,90,234079
1.7644,0.2493,38.62,94,90,234082
1.7644,0.2151,38.62,94,90,234086
1.7889,0.2199,38.55,94,90,234089
1.7742,0.2102,38.65,94,90,234092
1.7644,0.2102,38.65,94,90,234095
1.7791,0.2248,38.55,94,90,234099
1.7449,0.2151,38.62,94,90,234102
1.7742,0.2151,38.46,94,90,234105
1.7693,0.2102,38.62,94,90,234109
1.7693,0.2151,38.65,94,90,234113
1.7889,0.2248,38.52,94,90,234116
1.7791,0.2151,38.65,94,90,234120
1.8280,0.2248,38.36,94,90,234123
1.8035,0.2199,38.58,94,90,234126
1.8035,0.2151,38.58,94,90,234130
1.8231,0.2199,38.58,94,90,234133
1.8231,0.1906,38.62,94,90,234136
1.8817,0.2248,38.33,94,90,234139
1.8768,0.2199,38.55,94,90,234143
1.8573,0.1906,38.62,94,90,234146
1.8622,0.2199,38.62,94,90,234149
1.8573,0.1906,38.65,94,90,234153
1.9159,0.2297,38.43,94,90,234157
1.8915,0.2199,38.58,94,90,234160
1.8768,0.2151,38.52,94,90,234164
1.8768,0.2151,38.58,94,90,234167
1.8768,0.2151,38.62,94,90,234170
1.9062,0.2297,38.46,94,90,234174
1.8719,0.2199,38.62,94,90,234177
1.8866,0.2248,38.46,94,90,234180
1.8768,0.2199,38.62,94,90,234184
1.8768,0.2151,38.71,94,90,234187
1.8915,0.2248,38.55,94,90,234190
1.8719,0.2199,38.62,94,90,234193
1.8964,0.2151,38.68,94,90,234198
1.8866,0.2151,38.62,94,90,234201
1.8671,0.2102,38.65,94,90,234204
1.8768,0.2151,38.49,94,90,234208
1.8524,0.2151,38.74,94,90,234211
1.8768,0.2542,38.40,94,90,234214
1.8328,0.2151,38.65,94,90,234218
1.8426,0.2151,38.65,94,90,234221
1.8622,0.2199,38.58,94,90,234224
1.8475,0.2248,38.62,94,90,234228
1.8915,0.2248,38.33,94,90,234231
1.8573,0.2199,38.49,94,90,234234
1.8328,0.2199,38.62,94,90,234238
1.8328,0.2199,38.62,94,90,234242
1.8280,0.2493,38.62,94,90,234245
1.8866,0.2346,38.46,94,90,234248
1.8377,0.2297,38.52,94,90,234252
1.8182,0.2151,38.55,94,90,234255
1.8133,0.2199,38.81,94,90,234258
1.8035,0.2151,38.65,94,90,234262
1.8475,0.2248,38.49,94,90,234265
1.8133,0.2199,38.71,94,90,234268
1.8231,0.2199,38.55,94,90,234272
1.7986,0.2151,38.65,94,90,234275
1.7937,0.2151,38.62,94,90,234278
1.8035,0.2199,38.58,94,90,234283
1.7937,0.2199,38.74,94,90,234286
1.8182,0.2688,38.52,94,90,234289
1.7889,0.2151,38.65,94,90,234292
1.7937,0.2151,38.65,94,90,234296
1.8231,0.2248,38.49,94,90,234299
1.8035,0.2199,38.68,94,90,234302
1.8377,0.2199,38.49,94,90,234306
1.8231,0.2151,38.49,94,90,234309
1.8231,0.2151,38.62,94,90,234312
1.8426,0.2199,38.55,94,90,234316
1.8280,0.2151,38.65,94,90,234319
1.8671,0.2248,38.40,94,90,234322
1.8377,0.2151,38.49,94,90,234327
1.8573,0.2151,38.65,94,90,234330
1.8524,0.2199,38.43,94,90,234333
1.8426,0.2151,38.65,94,90,234336
1.9013,0.2297,38.40,94,90,234340
1.8622,0.2493,38.55,94,90,234343
1.8719,0.2151,38.58,94,90,234346
1.8719,0.2199,38.62,94,90,234350
1.9159,0.2151,38.62,94,90,234354
1.9257,0.2151,38.65,94,90,234358
1.9697,0.2297,38.46,94,90,234361
1.9648,0.2102,38.62,94,90,234364
2.0039,0.2199,38.52,94,90,234369
1.9746,0.2151,38.55,94,90,234372
1.9697,0.2102,38.62,94,90,234375
1.9795,0.2444,38.49,94,90,234379
1.9746,0.2102,38.65,94,90,234382
1.9550,0.2199,38.43,94,90,234385
1.8964,0.2199,38.62,94,90,234389
1.9013,0.2199,38.65,94,90,234392
1.8671,0.2248,38.62,94,90,234395
1.8280,0.2346,38.65,94,90,234398
1.8671,0.2248,38.33,94,90,234402
1.8231,0.2199,38.55,94,90,234405
1.8182,0.2199,38.65,94,90,234408
1.8231,0.2199,38.65,94,90,234413
1.8035,0.2248,38.62,94,90,234416
1.8524,0.2297,38.43,94,90,234419
1.7937,0.2248,38.55,94,90,234423
1.7986,0.2151,38.55,94,90,234426
1.7595,0.2199,38.58,94,90,234429
1.7546,0.2102,38.62,94,90,234433
1.7889,0.2297,38.46,94,90,234436
1.7937,0.2199,38.62,94,90,234439
1.7644,0.2199,38.49,94,90,234443
1.7546,0.2199,38.62,94,90,234446
1.7595,0.2199,38.68,94,90,234449
1.7889,0.2248,38.55,94,90,234452
1.7742,0.2199,38.58,94,90,234457
1.7937,0.2248,38.52,94,90,234460
1.7644,0.2151,38.49,94,90,234463
1.7644,0.2102,38.65,94,90,234467
1.7889,0.2199,38.55,94,90,234470
1.8084,0.2151,38.77,94,90,234473
1.8719,0.2542,38.46,94,90,234477
1.9062,0.2199,38.84,94,90,234480
1.9795,0.2493,38.65,94,90,234483
2.1114,0.2248,38.55,94,90,234486
2.2239,0.2151,38.65,94,90,234490
2.4633,0.2248,38.40,94,90,234493
2.6588,0.2199,38.55,94,90,234497
2.8788,0.2151,38.62,94,90,234501
3.1329,0.2199,38.58,94,90,234504
3.2600,0.2151,38.65,94,90,234507
3.3431,0.2248,38.33,94,90,234511
3.1036,0.2199,38.52,94,90,234514
2.7957,0.2102,38.65,94,90,234517
2.5024,0.2248,38.62,94,90,234521
2.2092,0.2151,38.62,94,90,234524
2.0332,0.2297,38.43,94,90,234527
1.8035,0.2248,38.55,94,90,234530
1.6471,0.2102,38.55,94,90,234534
1.5152,0.2199,38.58,94,90,234537
1.4418,0.2102,38.62,94,90,234541
1.4174,0.2297,38.52,94,90,234545
1.3734,0.2199,38.71,94,90,234548
1.3783,0.2199,38.49,94,90,234551
1.3636,0.2199,38.49,94,90,234555
1.3832,0.2395,38.65,94,90,234558
1.4272,0.2199,38.49,94,90,234561
1.4174,0.2199,38.68,94,90,234565
1.4516,0.2151,38.49,94,90,234568
1.4467,0.2102,38.58,94,90,234571
1.4663,0.2151,38.71,94,90,234574
1.4956,0.2199,38.55,94,90,234578
1.5005,0.2151,38.65,94,90,234582
1.5347,0.2199,38.49,94,90,234585
1.5347,0.2102,38.65,94,90,234589
1.5591,0.2151,38.65,94,90,234592
1.5836,0.2493,38.55,94,90,234595
1.5689,0.1906,38.68,94,90,234599
1.6276,0.2248,38.36,94,90,234602
1.6031,0.2151,38.55,94,90,234605
1.6129,0.2151,38.65,94,90,234609
1.6227,0.2199,38.58,94,90,234612
1.6227,0.2151,38.18,94,90,234615
1.6716,0.2346,38.36,94,90,234618
1.6422,0.2199,38.58,94,90,234622
1.6325,0.2151,38.58,94,90,234626
1.6325,0.2199,38.62,94,90,234629
1.6373,0.2395,38.62,94,90,234633
1.7155,0.2199,38.46,94,90,234636
1.6667,0.2199,38.84,94,90,234639
1.6862,0.2151,38.49,94,90,234643
1.6813,0.2199,38.68,94,90,234646
1.6862,0.2493,38.62,94,90,234649
1.7009,0.2248,38.52,94,90,234653
1.6862,0.2199,38.71,94,90,234656
1.7107,0.2248,38.52,94,90,234659
1.7253,0.2248,38.62,94,90,234663
1.7009,0.2151,38.84,94,90,234667
1.7204,0.2248,38.55,94,90,234670
1.7204,0.2102,38.68,94,90,234673
1.7498,0.2199,38.46,94,90,234677
1.7302,0.2199,38.68,94,90,234680
1.7400,0.2151,38.65,94,90,234683
1.7546,0.2248,38.58,94,90,234687
1.7449,0.2151,38.65,94,90,234690
1.7791,0.2248,38.40,94,90,234693
1.7546,0.2199,38.55,94,90,234697
1.7449,0.2151,38.65,94,90,234700
1.7546,0.2297,38.58,94,90,234703
1.7595,0.2151,38.65,94,90,234707
1.8035,0.2297,38.30,94,90,234711
1.7742,0.2199,38.52,94,90,234714
1.7546,0.2102,38.65,94,90,234717
1.7644,0.2199,38.62,94,90,234721
1.7840,0.2102,38.62,94,90,234724
1.8084,0.2297,38.52,94,90,234727
1.7840,0.2248,38.62,94,90,234731
1.7889,0.2248,38.55,94,90,234734
1.7742,0.2199,38.68,94,90,234737
1.7742,0.2102,38.68,94,90,234741
1.8035,0.2297,38.55,94,90,234744
1.7937,0.2199,38.71,94,90,234747
1.8182,0.2151,38.52,94,90,234750
1.8084,0.2151,38.62,94,90,234755
1.8133,0.2102,38.62,94,90,234758
1.8524,0.2297,38.49,94,90,234761
1.8524,0.2151,38.62,94,90,234765
1.8719,0.2151,38.52,94,90,234768
1.8524,0.2151,38.55,94,90,234771
1.8671,0.2151,38.65,94,90,234775
1.9013,0.2199,38.49,94,90,234778
1.8719,0.2199,38.62,94,90,234781
1.9062,0.2297,38.40,94,90,234785
1.8622,0.2151,38.58,94,90,234788
1.8573,0.2151,38.65,94,90,234791
1.8719,0.2248,38.52,94,90,234796
1.8426,0.2151,38.65,94,90,234799
1.8817,0.2297,38.36,94,90,234802
1.8377,0.2151,38.55,94,90,234806
1.8426,0.2151,38.58,94,90,234809
1.8426,0.2102,38.65,94,90,234812
1.8328,0.2151,37.90,94,90,234815
1.8719,0.2395,38.43,94,90,234819
1.8280,0.2248,38.58,94,90,234822
1.8328,0.2151,38.62,94,90,234825
1.8426,0.2199,38.58,94,90,234829
1.8524,0.2151,38.55,94,90,234832
1.8866,0.2102,38.49,94,90,234835
1.8475,0.2199,38.65,94,90,234840
1.8475,0.2199,38.49,94,90,234843
1.8133,0.1906,38.68,94,90,234846
1.8084,0.2151,38.65,94,90,234850
1.8182,0.2297,38.55,94,90,234853
1.7937,0.2199,38.65,94,90,234856
1.8280,0.2248,38.49,94,90,234859
1.7986,0.2248,38.65,94,90,234863
1.7986,0.2151,38.68,94,90,234866
1.7986,0.2151,38.52,94,90,234869
1.7693,0.2199,38.62,94,90,234873
1.7889,0.2199,38.46,94,90,234876
1.7644,0.2199,38.62,94,90,234880
1.7791,0.2151,38.58,94,90,234884
1.8133,0.2248,38.58,94,90,234887
1.7889,0.2199,38.65,94,90,234890
1.8426,0.2248,38.33,94,90,234894
1.8035,0.2199,38.52,94,90,234897
1.7840,0.2151,38.52,94,90,234900
1.7986,0.2199,38.62,94,90,234903
1.7840,0.2151,38.15,94,90,234907
1.8328,0.2444,38.36,94,90,234910
1.7986,0.2248,38.49,94,90,234913
1.7986,0.2053,38.55,94,90,234917
1.8084,0.2199,38.62,94,90,234920
1.8035,0.2151,38.65,94,90,234924
1.8475,0.2346,38.49,94,90,234928
1.8231,0.2199,38.55,94,90,234931
1.8231,0.2199,38.49,94,90,234934
1.8133,0.2151,38.62,94,90,234938
1.8182,0.2590,38.65,94,90,234941
1.8426,0.2102,38.58,94,90,234944
1.8328,0.2199,38.58,94,90,234948
1.8573,0.2248,38.52,94,90,234951
1.8377,0.2199,38.65,94,90,234954
1.8377,0.2151,38.84,94,90,234957
1.8622,0.2248,38.49,94,90,234961
1.8768,0.2248,38.58,94,90,234967
1.8573,0.2199,38.65,94,90,234970
1.9355,0.2199,38.36,94,90,234973
1.8915,0.2199,38.52,94,90,234976
1.9062,0.2151,38.65,94,90,234980
1.9208,0.2199,38.55,94,90,234983
1.9110,0.2151,38.65,94,90,234986
1.9648,0.2346,38.43,94,90,234990
1.9306,0.2248,38.55,94,90,234993
1.9404,0.2102,38.55,94,90,234996
1.9550,0.2199,38.68,94,90,235000
1.9599,0.2199,38.62,94,90,235003
1.9990,0.2297,38.55,94,90,235006
1.9648,0.2297,38.62,94,90,235011
1.9844,0.2199,38.49,94,90,235014
1.9159,0.2199,38.65,94,90,235017
1.9013,0.2199,38.62,94,90,235020
1.8964,0.2346,38.52,94,90,235024
1.8328,0.2053,38.68,94,90,235027
1.8475,0.2248,38.52,94,90,235030
1.8133,0.2151,38.90,94,90,235034
1.8084,0.2151,38.65,94,90,235037
1.8377,0.2199,38.52,94,90,235040
1.8133,0.2053,38.62,94,90,235044
1.8280,0.2199,38.43,94,90,235047
1.7742,0.2151,38.49,94,90,235051
1.7546,0.2102,38.65,94,90,235055
1.7693,0.2248,38.52,94,90,235058
1.7449,0.2199,38.62,94,90,235061
1.8182,0.2102,38.36,94,90,235064
1.7449,0.2248,38.58,94,90,235068
1.7644,0.2151,38.65,94,90,235071
1.7791,0.2199,38.55,94,90,235074
1.7840,0.2151,38.62,94,90,235078
1.8280,0.2395,38.40,94,90,235081
1.7889,0.2199,38.52,94,90,235084
1.7693,0.2151,38.58,94,90,235088
1.7595,0.2199,38.58,94,90,235091
1.7400,0.2151,38.65,94,90,235095
1.7693,0.2297,38.46,94,90,235099
1.7498,0.2248,38.58,94,90,235102
1.7791,0.2102,38.52,94,90,235105
1.7937,0.2199,38.65,94,90,235108
1.8280,0.2151,38.52,94,90,235112
1.9159,0.2248,38.49,94,90,235115
1.9697,0.2199,37.83,94,90,235118
2.1114,0.2199,38.49,94,90,235122
2.2532,0.2102,38.62,94,90,235125
2.4682,0.2151,38.71,94,90,235128
2.7273,0.2151,38.49,94,90,235132
2.9668,0.2199,38.55,94,90,235136
3.2111,0.2102,38.46,94,90,235139
3.2747,0.2199,38.55,94,90,235143
3.2209,0.2346,38.65,94,90,235146
3.0303,0.2248,38.55,94,90,235149
2.6882,0.2199,38.65,94,90,235153
2.4194,0.2248,38.36,94,90,235156
2.1163,0.2248,38.55,94,90,235159
1.8719,0.2151,38.52,94,90,235162
1.6960,0.2248,38.55,94,90,235166
1.5396,0.2151,38.65,94,90,235169
1.4761,0.2346,38.33,94,90,235172
1.3587,0.2199,38.52,94,90,235176
1.3196,0.2151,38.62,94,90,235180
1.3050,0.2199,38.58,94,90,235183
1.3001,0.2151,38.65,94,90,235187
1.3587,0.2346,38.49,94,90,235190
1.3636,0.2248,38.52,94,90,235193
1.3881,0.2151,38.55,94,90,235197
1.4076,0.2199,38.68,94,90,235200
1.4370,0.2199,38.62,94,90,235203
1.4614,0.2297,38.52,94,90,235206
1.4565,0.2199,38.71,94,90,235210
1.4907,0.2151,38.49,94,90,235213
1.4809,0.2199,38.58,94,90,235216
1.5005,0.2248,38.65,94,90,235220
1.5445,0.2297,38.52,94,90,235224
1.5249,0.2493,38.58,94,90,235227
1.5738,0.2102,38.49,94,90,235231
1.5445,0.2151,38.55,94,90,235234
1.5738,0.2151,38.62,94,90,235237
1.6129,0.2199,38.43,94,90,235241
1.6178,0.2102,38.62,94,90,235244
1.6520,0.2199,38.40,94,90,235247
1.6325,0.2199,38.62,94,90,235250
1.6325,0.2102,38.62,94,90,235254
1.6373,0.2248,37.99,94,90,235257
1.6129,0.2199,38.65,94,90,235260
1.6422,0.2199,38.36,94,90,235265
1.5934,0.2151,38.55,94,90,235268
1.6031,0.2248,38.62,94,90,235271
1.6227,0.2199,38.68,94,90,235275
1.6325,0.2102,38.62,94,90,235278
1.6960,0.2346,38.40,94,90,235281
1.6716,0.2248,38.77,94,90,235285
1.6813,0.2248,38.55,94,90,235288
1.6862,0.2199,38.68,94,90,235291
1.6764,0.2151,38.58,94,90,235294
1.6960,0.2395,38.46,94,90,235298
1.6667,0.2199,38.49,94,90,235301
1.6813,0.2151,38.52,94,90,235304
1.6862,0.2199,38.62,94,90,235309
1.6960,0.2199,38.68,94,90,235312
1.7009,0.2248,38.52,94,90,235315
1.6667,0.1906,38.62,94,90,235319
1.6911,0.2248,38.90,94,90,235322
1.6813,0.2444,38.65,94,90,235325
1.6862,0.2151,38.65,94,90,235329
1.7204,0.2199,38.52,94,90,235332
1.7400,0.2102,38.62,94,90,235335
1.7595,0.2102,38.46,94,90,235338
1.7253,0.2199,38.62,94,90,235342
1.7302,0.2151,38.68,94,90,235345
1.7400,0.2248,38.65,94,90,235348
1.7644,0.2151,38.62,94,90,235353
1.7644,0.2248,38.43,94,90,235356
1.7400,0.2590,38.52,94,90,235359
1.7204,0.2248,38.62,94,90,235363
1.7155,0.2248,38.55,94,90,235366
1.7058,0.2151,38.65,94,90,235369
1.7595,0.2297,38.33,94,90,235373
1.7253,0.2248,38.52,94,90,235376
1.7400,0.2102,38.62,94,90,235379
1.7546,0.2199,38.62,94,90,235382
1.7595,0.2199,38.62,94,90,235386
1.8231,0.2297,38.46,94,90,235389
1.7937,0.2248,38.58,94,90,235393
1.7937,0.2151,38.52,94,90,235397
1.7986,0.1906,38.62,94,90,235400
1.8084,0.2199,38.65,94,90,235403
1.8280,0.2297,38.58,94,90,235407
1.7937,0.2199,38.62,94,90,235410
1.8035,0.2199,38.52,94,90,235413
1.7889,0.1906,38.62,94,90,235417
1.8084,0.2199,38.74,94,90,235420
1.8671,0.2297,38.55,94,90,235423
1.8524,0.2199,38.62,94,90,235426
1.8719,0.2346,38.52,94,90,235430
1.8426,0.2151,38.58,94,90,235433
1.8426,0.2151,38.71,94,90,235437
1.8719,0.2248,38.49,94,90,235441
1.8475,0.2199,38.71,94,90,235444
1.8671,0.2199,38.40,94,90,235447
1.8231,0.2199,38.58,94,90,235451
1.8182,0.2151,38.58,94,90,235454
1.8475,0.2248,38.55,94,90,235457
1.8475,0.1906,38.62,94,90,235461
1.9062,0.2199,38.46,94,90,235464
1.8768,0.2151,38.55,94,90,235467
1.8768,0.2199,38.68,94,90,235470
1.8524,0.2493,38.58,94,90,235474
1.8133,0.2199,38.65,94,90,235478
1.8524,0.2297,38.40,94,90,235481
1.7986,0.2248,38.55,94,90,235485
1.7791,0.2151,38.62,94,90,235488
1.7693,0.2102,38.58,94,90,235491
1.7742,0.2248,38.71,94,90,235495
1.8231,0.2346,38.43,94,90,235498
1.8133,0.2248,38.62,94,90,235501
1.8231,0.2199,38.46,94,90,235505
1.7986,0.2199,38.65,94,90,235508
1.7791,0.2199,38.58,94,90,235511
1.8035,0.2102,38.52,94,90,235515
1.7889,0.2199,38.62,94,90,235518
1.8084,0.2297,38.49,94,90,235522
1.7791,0.2199,38.68,94,90,235525
1.7742,0.2199,38.65,94,90,235529
1.7742,0.2395,38.52,94,90,235532
1.7595,0.2102,38.62,94,90,235535
1.7889,0.2199,38.46,94,90,235539
1.7791,0.2199,38.62,94,90,235542
1.7937,0.2199,38.71,94,90,235545
1.8231,0.2297,38.55,94,90,235549
1.8133,0.2199,38.81,94,90,235552
1.8573,0.2297,38.36,94,90,235555
1.8426,0.2248,38.55,94,90,235559
1.8328,0.2199,38.52,94,90,235563
1.8622,0.2248,38.65,94,90,235566
1.8622,0.2199,38.62,94,90,235569
1.9062,0.2835,38.33,94,90,235573
1.8817,0.2395,38.49,94,90,235577
1.8817,0.2199,38.58,94,90,235581
1.8719,0.2199,38.49,94,90,235584
1.8671,0.2248,38.65,94,90,235587
1.8866,0.2199,38.65,94,90,235591
1.9062,0.2688,38.58,94,90,235594
1.8915,0.2102,38.62,94,90,235597
1.9062,0.2248,38.52,94,90,235601
1.8866,0.2199,38.62,94,90,235604
1.8719,0.2151,38.65,94,90,235608
1.9306,0.2493,38.46,94,90,235612
1.9306,0.2199,38.65,94,90,235615
1.9746,0.2248,38.46,94,90,235618
1.9697,0.2248,38.52,94,90,235622
1.9501,0.2199,38.62,94,90,235625
1.9746,0.2395,38.55,94,90,235628
1.9648,0.2199,38.62,94,90,235631
1.9990,0.2297,38.33,94,90,235635
1.9648,0.2151,38.55,94,90,235638
1.9013,0.2199,38.68,94,90,235641
1.8866,0.2542,38.65,94,90,235645
1.8671,0.2151,38.62,94,90,235649
1.9208,0.2395,38.43,94,90,235652
1.8768,0.2248,38.52,94,90,235656
1.8475,0.2151,38.58,94,90,235659
1.8280,0.2199,38.68,94,90,235662
1.7937,0.2199,38.62,94,90,235666
1.8182,0.2297,38.46,94,90,235669
1.7693,0.2248,38.58,94,90,235672
1.7644,0.2199,38.52,94,90,235675
1.7400,0.2248,38.65,94,90,235679
1.7302,0.1906,38.62,94,90,235682
1.7693,0.2297,38.52,94,90,235685
1.7595,0.2102,38.62,94,90,235689
1.7986,0.2199,38.49,94,90,235693
1.7840,0.2346,38.65,94,90,235696
1.7644,0.2151,38.65,94,90,235700
1.7693,0.2199,38.52,94,90,235703
1.7546,0.2199,38.62,94,90,235706
1.7889,0.2248,38.46,94,90,235710
1.7644,0.2151,38.52,94,90,235713
1.7644,0.2151,38.62,94,90,235716
1.7937,0.2248,38.46,94,90,235719
1.7840,0.2493,38.65,94,90,235723
1.8475,0.2199,38.40,94,90,235726
1.8133,0.2151,38.68,94,90,235729
1.8524,0.2199,38.62,94,90,235734
1.8915,0.2248,38.58,94,90,235737
1.9257,0.2151,38.68,94,90,235740
2.0626,0.2297,38.40,94,90,235744
2.1505,0.2248,38.62,94,90,235747
2.3118,0.2248,38.68,94,90,235750
2.5562,0.2248,38.49,94,90,235754
2.8055,0.2346,38.62,94,90,235757
3.1720,0.2346,38.43,94,90,235760
3.3333,0.2248,38.52,94,90,235763
3.3969,0.2199,38.52,94,90,235767
3.2845,0.2199,38.65,94,90,235770
3.0059,0.2199,38.55,94,90,235773
2.6931,0.2297,38.46,94,90,235778
2.3118,0.2248,38.62,94,90,235781
2.0283,0.2199,38.49,94,90,235784
1.7840,0.2151,38.65,94,90,235788
1.6129,0.2199,38.65,94,90,235791
1.5054,0.2248,38.58,94,90,235794
1.3832,0.2199,38.62,94,90,235798
1.3392,0.2297,38.58,94,90,235801
1.2952,0.2102,38.62,94,90,235804
1.3099,0.2199,38.65,94,90,235807
1.3392,0.2248,38.55,94,90,235811
1.3294,0.2199,38.62,94,90,235814
1.3636,0.2199,38.43,94,90,235817
1.3832,0.2199,38.55,94,90,235822
1.4076,0.2199,38.65,94,90,235825
1.4272,0.2297,38.52,94,90,235828
1.4223,0.2199,38.62,94,90,235832
1.4809,0.2297,38.49,94,90,235835
1.4712,0.2151,38.55,94,90,235838
1.4956,0.2199,38.65,94,90,235842
1.5200,0.2297,38.62,94,90,235845
1.5640,0.2199,38.65,94,90,235848
1.5934,0.2297,38.33,94,90,235851
1.5787,0.2199,38.52,94,90,235855
1.5787,0.2102,38.62,94,90,235858
1.5885,0.2199,38.65,94,90,235862
1.6031,0.2199,38.65,94,90,235866
1.6471,0.2297,38.43,94,90,235869
1.6227,0.2248,38.68,94,90,235872
1.6325,0.2199,38.52,94,90,235876
1.6178,0.2248,38.68,94,90,235879
1.6080,0.2199,38.65,94,90,235882
1.6618,0.2297,38.49,94,90,235886
1.6471,0.2248,38.58,94,90,235889
1.6716,0.2102,38.46,94,90,235892
1.6373,0.2199,38.65,94,90,235895
1.6471,0.2248,38.65,94,90,235899
1.6569,0.2199,38.52,94,90,235902
1.6422,0.2199,38.62,94,90,235906
1.6716,0.2199,38.46,94,90,235910
1.6471,0.2151,38.68,94,90,235913
1.6618,0.2151,38.62,94,90,235916
1.6764,0.2248,38.55,94,90,235920
1.6813,0.2199,38.62,94,90,235923
1.7204,0.2248,38.40,94,90,235926
1.7058,0.2199,38.40,94,90,235930
1.7155,0.2199,38.65,94,90,235933
1.7351,0.2102,38.62,94,90,235936
1.7204,0.2199,38.62,94,90,235939
1.7595,0.2346,38.33,94,90,235943
1.7204,0.2102,38.55,94,90,235947
1.6960,0.2199,38.68,94,90,235950
1.7058,0.2248,38.58,94,90,235954
1.7155,0.2199,38.62,94,90,235957
1.7693,0.2395,37.62,94,90,235960
1.7400,0.2297,38.55,94,90,235964
1.7253,0.2151,38.55,94,90,235967
1.7351,0.2199,38.52,94,90,235970
1.7302,0.2151,38.40,94,90,235973
1.7693,0.2297,38.49,94,90,235977
1.7498,0.2248,38.55,94,90,235980
1.7644,0.2199,38.52,94,90,235983
1.7546,0.2199,38.62,94,90,235987
1.7840,0.2151,38.62,94,90,235991
1.7693,0.2297,38.62,94,90,235994
1.7546,0.2199,38.65,94,90,235998
1.7840,0.2199,38.52,94,90,236001
1.7595,0.2199,38.65,94,90,236004
1.7693,0.2151,38.65,94,90,236008
1.8035,0.2297,38.58,94,90,236011
1.7840,0.2151,38.62,94,90,236014
1.8182,0.2102,38.46,94,90,236017
1.8084,0.2199,38.55,94,90,236021
1.8182,0.2199,38.65,94,90,236024
1.8475,0.2297,38.52,94,90,236027
1.8231,0.2199,38.49,94,90,236032
1.8719,0.2199,38.40,94,90,236035
1.8377,0.2248,38.96,94,90,236038
1.8426,0.2542,38.62,94,90,236042
1.8719,0.2248,38.58,94,90,236045
1.8671,0.2199,38.49,94,90,236048
1.9208,0.2346,38.36,94,90,236052
1.8671,0.2199,38.52,94,90,236055
1.8622,0.2102,38.62,94,90,236058
1.8524,0.2248,38.62,94,90,236062
1.8719,0.2151,38.62,94,90,236065
1.9013,0.2297,37.90,94,90,236068
1.8719,0.2297,38.55,94,90,236071
1.8622,0.2151,38.55,94,90,236076
1.8475,0.2248,38.62,94,90,236079
1.8524,0.2248,38.65,94,90,236082
1.8817,0.2297,38.55,94,90,236086
1.8475,0.2102,38.58,94,90,236089
1.8475,0.2199,38.49,94,90,236092
1.8182,0.2199,38.65,94,90,236096
1.8524,0.2199,38.65,94,90,236099
1.8426,0.2199,38.55,94,90,236102
1.8231,0.2248,38.62,94,90,236106
1.8426,0.2199,38.49,94,90,236109
1.8182,0.2151,38.74,94,90,236112
1.8133,0.2151,38.62,94,90,236115
1.8182,0.2248,38.62,94,90,236120
1.7889,0.2248,38.58,94,90,236123
1.8231,0.2102,38.40,94,90,236126
1.7693,0.2199,38.62,94,90,236130
1.7693,0.2151,38.62,94,90,236133
1.7889,0.2297,37.80,94,90,236136
1.7742,0.2102,38.62,94,90,236140
1.8231,0.2297,38.36,94,90,236143
1.7937,0.2346,38.58,94,90,236146
1.7840,0.2102,38.62,94,90,236150
1.7840,0.2248,38.81,94,90,236153
1.7742,0.2151,38.65,94,90,236156
1.8328,0.2395,38.40,94,90,236160
1.7937,0.2297,38.49,94,90,236164
1.7840,0.2053,38.55,94,90,236167
1.7791,0.2199,38.62,94,90,236170
1.7840,0.2199,38.58,94,90,236174
1.8231,0.2590,38.49,94,90,236177
1.8084,0.2248,38.58,94,90,236180
1.8133,0.2199,38.52,94,90,236184
1.8035,0.2444,38.65,94,90,236187
1.8084,0.2248,38.65,94,90,236191
1.8280,0.2199,38.65,94,90,236194
1.8280,0.2297,38.87,94,90,236197
1.8475,0.2199,38.62,94,90,236201
1.8671,0.2248,38.40,94,90,236205
1.8524,0.2248,38.52,94,90,236208
1.8671,0.2102,38.65,94,90,236211
1.8671,0.2297,38.52,94,90,236215
1.8524,0.2199,38.62,94,90,236218
1.9013,0.2297,38.40,94,90,236221
1.8719,0.2542,38.52,94,90,236225
1.8768,0.2199,38.62,94,90,236228
1.8817,0.2248,38.68,94,90,236231
1.8719,0.2395,38.65,94,90,236235
1.9355,0.2395,38.40,94,90,236238
1.9062,0.2297,38.55,94,90,236241
1.9453,0.2151,38.55,94,90,236246
1.9257,0.2199,38.49,94,90,236249
1.9306,0.2199,38.65,94,90,236252
1.9844,0.2346,38.55,94,90,236255
1.9550,0.2248,38.62,94,90,236259
1.9599,0.2151,38.49,94,90,236262
1.9208,0.2297,38.65,94,90,236265
1.9013,0.2151,38.62,94,90,236269
1.9110,0.2297,38.46,94,90,236272
1.8622,0.2248,38.62,94,90,236275
1.8768,0.2297,38.52,94,90,236279
1.8328,0.2151,38.52,94,90,236282
1.8524,0.2151,38.65,94,90,236285
1.8231,0.2297,38.49,94,90,236290
1.7937,0.2199,38.68,94,90,236293
1.8133,0.2199,38.46,94,90,236296
1.7840,0.2248,38.62,94,90,236300
1.7791,0.2199,38.62,94,90,236303
1.7889,0.2297,38.52,94,90,236306
1.7644,0.2297,38.65,94,90,236309
1.7986,0.2297,38.36,94,90,236313
1.7546,0.2248,38.58,94,90,236316
1.7546,0.2199,38.65,94,90,236319
1.7546,0.2248,38.77,94,90,236323
1.7449,0.2199,38.68,94,90,236326
1.7937,0.2395,38.30,94,90,236329
1.7595,0.2444,38.55,94,90,236334
1.7498,0.2151,38.65,94,90,236337
1.7449,0.2151,38.58,94,90,236340
1.7400,0.2199,38.65,94,90,236344
1.7840,0.2297,38.43,94,90,236347
1.7595,0.2199,38.58,94,90,236350
1.7791,0.2199,38.52,94,90,236353
1.7791,0.2199,38.58,94,90,236357
1.8084,0.2297,38.68,94,90,236360
1.8817,0.2297,38.55,94,90,236363
1.9306,0.2248,38.33,94,90,236367
2.0626,0.2297,38.49,94,90,236370
2.1945,0.2199,38.65,94,90,236374
2.3998,0.2199,38.62,94,90,236378
2.6540,0.2297,38.55,94,90,236381
2.8886,0.2199,38.62,94,90,236384
3.1672,0.2199,38.58,94,90,236387
3.2991,0.2151,38.68,94,90,236391
3.2698,0.2199,38.62,94,90,236394
3.1281,0.2248,38.55,94,90,236397
2.7810,0.2199,38.62,94,90,236401
2.4878,0.2248,38.40,94,90,236404
2.1554,0.2297,38.49,94,90,236407
1.8964,0.2151,38.65,94,90,236411
1.7009,0.2297,38.62,94,90,236414
1.5396,0.2151,38.65,94,90,236418
1.4516,0.2297,38.36,94,90,236422
1.3587,0.2199,38.55,94,90,236425
1.3245,0.2199,38.65,94,90,236428
1.3148,0.2248,38.71,94,90,236431
1.3099,0.2248,38.65,94,90,236435
1.3539,0.2395,38.40,94,90,236438
1.3392,0.2248,38.52,94,90,236441
1.3539,0.2199,38.58,94,90,236445
1.3685,0.2199,38.62,94,90,236448
1.3832,0.2199,38.55,94,90,236451
1.4223,0.2297,38.52,94,90,236455
1.4174,0.2248,38.43,94,90,236459
1.4516,0.2199,38.52,94,90,236462
1.4614,0.2199,38.49,94,90,236466
1.4809,0.2248,38.62,94,90,236469
1.5249,0.2297,38.46,94,90,236472
1.5249,0.2199,38.74,94,90,236475
1.5640,0.2346,38.49,94,90,236479
1.5591,0.2199,38.62,94,90,236482
1.5689,0.2151,38.52,94,90,236485
1.5982,0.2248,38.52,94,90,236489
1.6031,0.2199,38.68,94,90,236492
1.6227,0.2346,38.43,94,90,236495
1.6031,0.2199,38.58,94,90,236499
1.6129,0.2199,38.71,94,90,236503
1.6373,0.2297,38.52,94,90,236506
1.6276,0.2199,38.65,94,90,236510
1.6667,0.2248,38.33,94,90,236513
1.6422,0.2151,38.58,94,90,236516
1.6471,0.2199,38.65,94,90,236519
1.6667,0.2737,38.58,94,90,236523
1.6520,0.2199,38.71,94,90,236526
1.7009,0.2297,38.33,94,90,236529
1.6862,0.2297,38.55,94,90,236533
1.6716,0.2151,38.62,94,90,236536
1.6813,0.2199,38.58,94,90,236539
1.6764,0.2151,38.68,94,90,236544
1.7204,0.2248,38.43,94,90,236547
1.7058,0.2248,37.96,94,90,236550
1.7107,0.2199,38.52,94,90,236554
1.7400,0.2199,38.62,94,90,236557
1.7107,0.2199,38.65,94,90,236560
1.7449,0.2297,38.46,94,90,236563
1.7302,0.2199,38.62,94,90,236567
1.7498,0.2199,38.58,94,90,236570
1.7204,0.2199,38.62,94,90,236573
1.7253,0.2199,38.65,94,90,236577
1.7351,0.2199,38.58,94,90,236580
1.7644,0.2248,38.68,94,90,236583
1.7595,0.2248,38.52,94,90,236588
1.7302,0.2297,38.62,94,90,236591
1.7400,0.1906,38.65,94,90,236594
1.7595,0.2297,38.55,94,90,236598
1.7400,0.2199,38.62,94,90,236601
1.7791,0.2199,38.43,94,90,236604
1.7595,0.2199,38.52,94,90,236607
1.7546,0.2151,38.65,94,90,236611
1.7791,0.2493,38.55,94,90,236614
1.7546,0.2248,38.65,94,90,236617
1.7986,0.2297,38.49,94,90,236621
1.7889,0.2102,38.52,94,90,236624
1.7546,0.2199,38.65,94,90,236627
1.7644,0.2444,38.65,94,90,236632
1.7693,0.2199,38.65,94,90,236635
1.8231,0.2395,38.43,94,90,236638
1.7937,0.2297,38.55,94,90,236642
1.8035,0.2151,38.55,94,90,236645
1.8084,0.2297,38.58,94,90,236648
1.8133,0.2199,38.65,94,90,236652
1.8573,0.2297,38.52,94,90,236655
1.8475,0.2248,38.58,94,90,236658
1.8475,0.2199,38.52,94,90,236661
1.8426,0.2542,38.68,94,90,236665
1.8524,0.2199,38.62,94,90,236668
1.8817,0.2297,38.46,94,90,236672
1.8426,0.2199,38.62,94,90,236676
1.8671,0.2297,37.90,94,90,236679
1.8377,0.2248,38.68,94,90,236682
1.8475,0.2199,38.65,94,90,236686
1.8622,0.2395,38.52,94,90,236689
1.8719,0.2199,38.62,94,90,236692
1.8768,0.2199,38.46,94,90,236696
1.8475,0.2248,38.58,94,90,236699
1.8475,0.2199,38.68,94,90,236702
1.8573,0.2297,38.52,94,90,236705
1.8377,0.2542,38.62,94,90,236709
1.8817,0.2102,38.40,94,90,236712
1.8280,0.2151,38.52,94,90,236716
1.8231,0.2199,38.65,94,90,236720
1.8328,0.2248,38.55,94,90,236723
1.8133,0.2346,38.62,94,90,236726
1.8719,0.2346,38.36,94,90,236730
1.8377,0.2248,38.52,94,90,236733
1.8524,0.2151,38.62,94,90,236736
1.8182,0.2542,38.62,94,90,236740
1.8377,0.2102,38.65,94,90,236743
1.8573,0.2297,38.43,94,90,236746
1.8231,0.2248,38.58,94,90,236749
1.8133,0.2199,38.52,94,90,236753
1.8035,0.2395,38.62,94,90,236756
1.7986,0.2102,38.65,94,90,236760
1.8182,0.2297,38.55,94,90,236764
1.7889,0.2248,38.68,94,90,236767
1.8035,0.2199,38.49,94,90,236770
1.7889,0.2199,38.65,94,90,236774
1.7937,0.2199,38.65,94,90,236777
1.7937,0.2199,38.52,94,90,236780
1.8231,0.2151,38.68,94,90,236784
1.8084,0.2199,38.49,94,90,236787
1.7791,0.2248,38.68,94,90,236790
1.7889,0.2102,38.65,94,90,236794
1.8133,0.2297,38.52,94,90,236797
1.8133,0.2248,38.46,94,90,236802
1.8084,0.2151,38.65,94,90,236805
1.8671,0.2297,38.36,94,90,236808
1.8426,0.2199,38.49,94,90,236811
1.8426,0.2151,38.55,94,90,236815
1.8524,0.2248,38.65,94,90,236818
1.8524,0.2248,38.68,94,90,236821
1.8915,0.2297,38.46,94,90,236825
1.8671,0.2199,38.58,94,90,236828
1.8817,0.2102,38.52,94,90,236831
1.8671,0.2199,37.99,94,90,236835
1.8671,0.2102,38.62,94,90,236838
1.8915,0.2297,38.58,94,90,236841
1.8817,0.2199,38.58,94,90,236846
1.9062,0.2248,38.49,94,90,236849
1.8817,0.2297,38.62,94,90,236852
1.8964,0.2151,38.68,94,90,236855
1.9257,0.2297,38.40,94,90,236859
1.9208,0.2248,38.65,94,90,236862
1.9599,0.2199,38.46,94,90,236865
1.9501,0.2199,38.52,94,90,236869
1.9599,0.2248,38.62,94,90,236872
1.9990,0.2297,38.49,94,90,236875
1.9892,0.2199,38.58,94,90,236879
2.0283,0.2199,38.40,94,90,236882
1.9892,0.2199,38.58,94,90,236886
1.9697,0.2199,38.52,94,90,236890
1.9648,0.2297,38.58,94,90,236893
1.9208,0.2199,38.62,94,90,236896
1.9453,0.2297,38.33,94,90,236899
1.8866,0.2199,38.55,94,90,236903
1.8719,0.2151,38.71,94,90,236906
1.8719,0.2297,38.62,94,90,236909
1.8524,0.2199,38.62,94,90,236913
1.8964,0.2493,38.49,94,90,236916
1.8524,0.2248,38.58,94,90,236919
1.8328,0.2151,38.74,94,90,236923
1.8133,0.2199,38.62,94,90,236926
1.7937,0.2199,38.65,94,90,236930
1.8133,0.2297,38.43,94,90,236934
1.7840,0.2199,38.65,94,90,236937
1.7937,0.2248,38.52,94,90,236940
1.7742,0.1906,38.62,94,90,236943
1.7693,0.2199,38.65,94,90,236947
1.7889,0.2444,38.55,94,90,236950
1.7693,0.2199,38.62,94,90,236953
1.7937,0.2297,38.52,94,90,236957
1.7644,0.2248,38.62,94,90,236960
1.7644,0.2199,38.65,94,90,236963
1.7742,0.2248,38.49,94,90,236967
1.7937,0.2151,38.65,94,90,236971
1.7986,0.2199,38.49,94,90,236974
1.7889,0.2199,38.62,94,90,236978
1.8133,0.2199,38.71,94,90,236981
1.8573,0.2297,38.58,94,90,236984
1.8817,0.2199,38.65,94,90,236987
1.9746,0.2444,38.36,94,90,236991
2.0137,0.2248,38.52,94,90,236994
2.1065,0.2199,38.74,94,90,236997
2.2874,0.2248,38.58,94,90,237001
2.4438,0.2199,38.65,94,90,237004
2.7419,0.2395,38.33,94,90,237007
2.9374,0.2199,38.55,94,90,237011
3.1329,0.2151,38.62,94,90,237015
3.2845,0.2199,38.62,94,90,237018
3.2307,0.2199,38.68,94,90,237022
3.1085,0.2297,38.52,94,90,237025
2.7664,0.2248,38.58,94,90,237028
2.4633,0.2199,38.52,94,90,237031
2.1554,0.2199,38.71,94,90,237035
1.9501,0.2151,38.65,94,90,237038
1.7595,0.2297,38.58,94,90,237041
1.6080,0.2395,38.62,94,90,237045
1.5298,0.2199,38.49,94,90,237048
1.4321,0.2199,38.62,94,90,237051
1.4272,0.2151,38.62,94,90,237056
1.3881,0.2297,38.43,94,90,237059
1.3490,0.2199,38.62,94,90,237062
1.3685,0.2199,38.52,94,90,237066
1.3587,0.2151,38.52,94,90,237069
1.3685,0.2151,38.65,94,90,237072
1.4370,0.2248,38.52,94,90,237076
1.4076,0.2199,38.62,94,90,237079
1.4565,0.2248,38.40,94,90,237082
1.4516,0.2493,38.62,94,90,237085
1.4663,0.2102,38.68,94,90,237089
1.4956,0.2248,38.71,94,90,237092
1.5005,0.2151,38.62,94,90,237095
1.5543,0.2297,38.43,94,90,237100
1.5298,0.2248,38.55,94,90,237103
1.5396,0.1906,38.62,94,90,237106
1.5494,0.2248,38.62,94,90,237110
1.5494,0.2199,38.68,94,90,237113
1.6129,0.2297,38.43,94,90,237116
1.5885,0.2248,38.71,94,90,237119
1.6031,0.2248,38.58,94,90,237123
1.6129,0.2199,38.68,94,90,237126
1.6178,0.2199,38.74,94,90,237129
1.6911,0.2102,38.46,94,90,237133
1.6520,0.2199,38.74,94,90,237136
1.6667,0.2151,38.46,94,90,237139
1.6569,0.2199,38.65,94,90,237144
1.6618,0.2199,38.65,94,90,237147
1.6813,0.2297,38.55,94,90,237150
1.6764,0.2199,38.71,94,90,237154
1.7107,0.2346,38.55,94,90,237157
1.6960,0.2199,38.62,94,90,237160
1.6960,0.2199,38.52,94,90,237163
1.7107,0.2248,38.52,94,90,237167
1.7351,0.2199,38.62,94,90,237170
1.7302,0.2199,38.49,94,90,237173
1.7155,0.2151,38.62,94,90,237177
1.7155,0.2199,38.68,94,90,237180
1.7253,0.2199,38.55,94,90,237184
1.7107,0.2199,38.65,94,90,237188
1.7546,0.2297,38.40,94,90,237191
1.7400,0.2248,38.55,94,90,237194
1.7400,0.1906,38.65,94,90,237198
1.7546,0.2248,38.52,94,90,237201
1.7449,0.2199,38.68,94,90,237204
1.7986,0.2346,38.30,94,90,237207
1.7644,0.2199,38.52,94,90,237211
1.7546,0.2151,38.58,94,90,237214
1.7595,0.2199,38.62,94,90,237217
1.7546,0.2199,38.68,94,90,237221
1.7986,0.2346,38.49,94,90,237224
1.7840,0.2248,38.58,94,90,237228
1.7791,0.2151,38.58,94,90,237232
1.7742,0.2102,38.62,94,90,237235
1.7791,0.2199,38.62,94,90,237238
1.8084,0.2297,38.55,94,90,237242
1.7889,0.2199,38.68,94,90,237245
1.8084,0.2248,38.49,94,90,237248
1.7889,0.2199,38.65,94,90,237251
1.7986,0.2199,38.71,94,90,237255
1.8328,0.2297,38.49,94,90,237258
1.8084,0.2199,38.84,94,90,237261
1.8377,0.2297,38.55,94,90,237265
1.8133,0.2151,38.58,94,90,237268
1.8133,0.2199,38.65,94,90,237272
1.8328,0.2248,38.46,94,90,237276
1.8231,0.2199,38.74,94,90,237279
1.8622,0.2346,38.43,94,90,237282
1.8426,0.2199,38.84,94,90,237286
1.8475,0.2199,38.68,94,90,237289
1.8622,0.2248,38.55,94,90,237292
1.8524,0.2151,38.58,94,90,237295
1.9062,0.2297,38.36,94,90,237299
1.8671,0.2199,38.58,94,90,237302
1.8768,0.2151,38.68,94,90,237305
1.8866,0.2248,38.68,94,90,237309
1.8915,0.2151,38.65,94,90,237313
1.9355,0.2395,38.49,94,90,237316
1.8915,0.2199,38.55,94,90,237320
1.8768,0.2151,38.55,94,90,237323
1.8719,0.2297,38.58,94,90,237326
1.8622,0.2102,38.65,94,90,237330
1.9062,0.2297,38.49,94,90,237333
1.8817,0.2199,38.62,94,90,237336
1.8817,0.2199,38.49,94,90,237340
1.8475,0.2248,38.62,94,90,237343
1.8377,0.2248,38.65,94,90,237346
1.8573,0.2346,38.36,94,90,237349
1.8377,0.2199,38.62,94,90,237353
1.8671,0.2248,38.55,94,90,237357
1.8328,0.2248,38.68,94,90,237360
1.8328,0.2199,38.65,94,90,237364
1.8426,0.2248,38.65,94,90,237367
1.8280,0.2248,38.65,94,90,237370
1.8573,0.2199,38.46,94,90,237374
1.8231,0.2395,38.68,94,90,237377
1.8231,0.2151,38.65,94,90,237380
1.8377,0.2297,38.55,94,90,237384
1.8133,0.2199,38.65,94,90,237387
1.8524,0.2297,38.46,94,90,237390
1.8182,0.2493,38.52,94,90,237393
1.8035,0.2199,38.68,94,90,237398
1.8084,0.2199,38.58,94,90,237401
1.7889,0.2248,38.65,94,90,237404
1.8377,0.2395,38.36,94,90,237408
1.8377,0.2346,38.52,94,90,237411
1.8133,0.2199,38.71,94,90,237415
1.8328,0.2248,38.49,94,90,237418
1.8231,0.2199,38.62,94,90,237421
1.8328,0.2151,38.62,94,90,237425
1.8524,0.2199,38.65,94,90,237428
1.8426,0.2199,38.62,94,90,237431
1.8671,0.2199,38.52,94,90,237435
1.8377,0.2493,38.62,94,90,237438
1.8475,0.2248,38.65,94,90,237442
1.8671,0.2297,38.43,94,90,237446
1.8426,0.2199,38.62,94,90,237449
1.8671,0.2248,38.52,94,90,237452
1.8622,0.2248,38.52,94,90,237455
1.8426,0.2199,38.65,94,90,237459
1.8622,0.2297,38.55,94,90,237462
1.8475,0.2199,38.65,94,90,237465
1.8964,0.2297,38.30,94,90,237469
1.8524,0.1906,38.52,94,90,237472
1.8377,0.2151,38.65,94,90,237475
1.8426,0.2248,38.62,94,90,237479
1.8475,0.1906,38.65,94,90,237483
1.9110,0.2395,38.46,94,90,237486
1.8768,0.2199,38.55,94,90,237490
1.8719,0.2151,38.55,94,90,237493
1.8768,0.2297,38.68,94,90,237496
1.8866,0.2199,38.62,94,90,237500
1.9306,0.2395,38.55,94,90,237503
1.9208,0.2248,38.62,94,90,237506
1.9501,0.2199,38.49,94,90,237509
1.9648,0.2151,38.62,94,90,237513
1.9453,0.2199,38.62,94,90,237516
1.9697,0.2297,38.52,94,90,237519
1.9208,0.2199,38.62,94,90,237523
1.9257,0.2297,38.52,94,90,237527
1.8817,0.2248,38.62,94,90,237530
1.8622,0.1906,38.65,94,90,237534
1.8524,0.2248,38.49,94,90,237537
1.8182,0.2102,38.65,94,90,237540
1.8426,0.2199,38.46,94,90,237543
1.8084,0.2297,38.62,94,90,237547
1.8231,0.2151,38.62,94,90,237550
1.8280,0.2297,38.58,94,90,237553
1.8133,0.2444,38.62,94,90,237557
1.8524,0.2248,38.40,94,90,237560
1.7937,0.2151,38.96,94,90,237563
1.7742,0.2199,38.68,94,90,237568
1.7595,0.2248,38.65,94,90,237571
1.7351,0.2199,38.65,94,90,237574
1.7889,0.2297,38.36,94,90,237578
1.7595,0.2199,38.52,94,90,237581
1.7595,0.2102,38.58,94,90,237584
1.7546,0.2199,38.58,94,90,237588
1.7449,0.2199,38.62,94,90,237591
1.7937,0.2297,38.43,94,90,237594
1.7644,0.2297,38.58,94,90,237597
1.7644,0.2102,38.52,94,90,237601
1.7546,0.2199,38.52,94,90,237604
1.7595,0.2297,38.62,94,90,237607
1.8035,0.2248,38.52,94,90,237612
1.7986,0.2199,38.71,94,90,237615
1.8280,0.2199,38.46,94,90,237618
1.8328,0.2199,38.62,94,90,237622
1.8817,0.2199,38.65,94,90,237625
1.9990,0.2102,38.52,94,90,237628
2.0772,0.2199,38.62,94,90,237631
2.2678,0.2199,38.62,94,90,237635
2.4585,0.2199,38.68,94,90,237638
2.6882,0.2102,38.62,94,90,237641
2.9814,0.2297,38.49,94,90,237645
3.1672,0.2199,38.68,94,90,237648
3.3333,0.2248,38.46,94,90,237651
3.2454,0.2297,38.52,94,90,237656
3.0205,0.2199,38.68,94,90,237659
2.7566,0.2248,38.52,94,90,237662
2.4242,0.2297,38.62,94,90,237666
2.1945,0.2297,38.36,94,90,237669
1.8964,0.2151,38.55,94,90,237672
1.6862,0.2199,38.65,94,90,237675
1.5494,0.2248,38.68,94,90,237679
1.4321,0.2248,38.68,94,90,237682
1.4076,0.2395,38.40,94,90,237685
1.3392,0.2542,38.52,94,90,237689
1.3148,0.2151,38.55,94,90,237692
1.3196,0.2590,38.58,94,90,237696
1.3343,0.2102,38.62,94,90,237700
1.3978,0.2297,37.77,94,90,237703
1.3930,0.2542,38.58,94,90,237706
1.4174,0.2199,38.52,94,90,237710
1.4174,0.2199,38.62,94,90,237713
1.4418,0.1906,38.62,94,90,237716
1.4858,0.2297,38.46,94,90,237719
1.4761,0.2248,38.68,94,90,237723
1.5054,0.2297,38.52,94,90,237726
1.4956,0.2151,38.55,94,90,237729
1.5103,0.2248,38.65,94,90,237733
1.5396,0.2248,38.62,94,90,237736
1.5445,0.2199,38.68,94,90,237740
1.5836,0.2102,38.46,94,90,237744
1.5689,0.2199,38.55,94,90,237747
1.5836,0.2151,38.62,94,90,237750
1.6031,0.2297,38.62,94,90,237754
1.5934,0.2199,38.62,94,90,237757
1.6471,0.2248,38.40,94,90,237760
1.6227,0.2151,38.55,94,90,237764
1.6618,0.2199,38.62,94,90,237767
1.6373,0.2248,38.62,94,90,237770
1.6227,0.2248,38.68,94,90,237773
1.6667,0.2346,38.36,94,90,237777
1.6471,0.2248,38.52,94,90,237780
1.6471,0.2151,38.62,94,90,237784
1.6618,0.2199,38.62,94,90,237788
1.6716,0.2151,38.62,94,90,237791
1.7155,0.2297,37.83,94,90,237794
1.7058,0.2297,38.58,94,90,237798
1.7009,0.2199,38.52,94,90,237801
1.6813,0.2199,38.62,94,90,237804
1.7058,0.2151,38.65,94,90,237808
1.7009,0.2297,38.52,94,90,237811
1.6862,0.2199,38.62,94,90,237814
1.7009,0.2248,38.49,94,90,237817
1.6764,0.1906,38.62,94,90,237821
1.6862,0.2395,38.65,94,90,237825
1.7107,0.2102,38.55,94,90,237828
1.7107,0.2199,38.62,94,90,237832
1.7498,0.2102,38.49,94,90,237835
1.7253,0.2199,38.71,94,90,237838
1.7204,0.2248,38.65,94,90,237842
1.7400,0.2248,38.55,94,90,237845
1.7204,0.2199,38.62,94,90,237848
1.7595,0.2199,38.40,94,90,237852
1.7546,0.2199,38.52,94,90,237855
1.7498,0.2199,38.65,94,90,237858
1.7791,0.2248,38.55,94,90,237861
1.7595,0.2199,38.77,94,90,237865
1.7986,0.2346,38.36,94,90,237869
1.7498,0.2199,38.55,94,90,237872
1.7400,0.2444,38.65,94,90,237876
1.7644,0.2248,38.62,94,90,237879
1.7546,0.2199,38.62,94,90,237882
1.8231,0.2395,38.40,94,90,237886
1.7840,0.2297,38.55,94,90,237889
1.7742,0.2151,38.62,94,90,237892
1.7693,0.2199,38.62,94,90,237896
1.7742,0.2395,38.62,94,90,237899
1.8182,0.2297,38.52,94,90,237902
1.7986,0.2199,38.62,94,90,237905
1.8084,0.2151,38.49,94,90,237910
1.7986,0.2199,38.62,94,90,237913
1.8133,0.2248,38.58,94,90,237916
1.8573,0.2297,38.46,94,90,237920
1.8573,0.2199,38.77,94,90,237923
1.9013,0.2199,38.52,94,90,237926
1.8866,0.2102,38.62,94,90,237930
1.8768,0.2199,38.55,94,90,237933
1.8768,0.2248,38.52,94,90,237936
1.8524,0.2199,38.65,94,90,237940
1.8719,0.2151,38.46,94,90,237943
1.8475,0.2199,38.58,94,90,237946
1.8475,0.2199,38.65,94,90,237949
1.8768,0.2395,38.55,94,90,237954
1.8671,0.2199,38.65,94,90,237957
1.9110,0.2248,38.40,94,90,237960
1.8524,0.2102,38.58,94,90,237964
1.8426,0.2199,38.62,94,90,237967
1.8377,0.2248,38.62,94,90,237970
1.8328,0.2199,38.68,94,90,237974
1.8964,0.2297,38.33,94,90,237977
1.8768,0.2248,38.52,94,90,237980
1.8573,0.2151,37.90,94,90,237984
1.8573,0.2199,38.62,94,90,237987
1.8280,0.2199,38.71,94,90,237990
1.8573,0.2297,38.40,94,90,237993
1.8231,0.2248,38.58,94,90,237998
1.8182,0.2199,38.68,94,90,238001
1.8035,0.2151,38.62,94,90,238004
1.7986,0.2199,38.65,94,90,238008
1.8182,0.2297,38.46,94,90,238011
1.7937,0.2199,38.62,94,90,238014
1.8084,0.2248,38.58,94,90,238018
1.7889,0.2444,38.62,94,90,238021
1.7693,0.2248,38.68,94,90,238025
1.7791,0.1906,38.62,94,90,238028
1.8035,0.2297,38.55,94,90,238031
1.7840,0.2199,38.65,94,90,238035
1.8377,0.2297,38.43,94,90,238039
1.8084,0.2248,38.55,94,90,238042
1.7937,0.2102,38.62,94,90,238045
1.8035,0.2248,38.52,94,90,238049
1.8035,0.2004,38.68,94,90,238052
1.8622,0.2346,38.33,94,90,238055
1.8280,0.2248,38.43,94,90,238059
1.8133,0.2199,38.58,94,90,238062
1.8280,0.2248,38.62,94,90,238065
1.8328,0.2199,37.90,94,90,238069
1.9208,0.2395,38.46,94,90,238072
1.8768,0.2248,38.58,94,90,238075
1.8768,0.2199,38.55,94,90,238080
1.8524,0.2102,38.62,94,90,238083
1.8280,0.2199,38.62,94,90,238086
1.8671,0.2297,38.62,94,90,238089
1.8622,0.2199,38.62,94,90,238093
1.8915,0.2248,38.46,94,90,238096
1.8768,0.2199,38.62,94,90,238099
1.8768,0.2199,38.62,94,90,238103
1.9013,0.2199,38.52,94,90,238106
1.8622,0.2199,38.49,94,90,238109
1.8915,0.2248,38.55,94,90,238113
1.8817,0.2199,38.55,94,90,238116
1.9062,0.2199,38.71,94,90,238119
1.9306,0.2248,38.49,94,90,238124
1.9159,0.2199,38.62,94,90,238127
1.9501,0.2248,38.40,94,90,238130
1.9501,0.2199,38.55,94,90,238133
1.9501,0.2199,38.65,94,90,238137
1.9795,0.2297,38.55,94,90,238140
1.9746,0.2199,38.62,94,90,238143
2.0381,0.2297,38.33,94,90,238147
1.9990,0.1906,38.55,94,90,238150
1.9501,0.2151,38.65,94,90,238153
1.9110,0.2199,38.58,94,90,238157
1.8622,0.1906,38.65,94,90,238160
1.8866,0.2395,38.40,94,90,238163
1.8231,0.2297,38.55,94,90,238168
1.8035,0.2151,38.55,94,90,238171
1.8182,0.2248,38.62,94,90,238174
1.8133,0.2199,38.58,94,90,238177
1.8475,0.2297,38.43,94,90,238181
1.8035,0.2199,38.58,94,90,238184
1.7986,0.2199,38.52,94,90,238187
1.7595,0.2199,38.62,94,90,238191
1.7595,0.2248,38.65,94,90,238194
1.7742,0.2297,38.65,94,90,238197
1.7449,0.2688,38.62,94,90,238201
1.7595,0.2297,38.55,94,90,238204
1.7253,0.2199,38.65,94,90,238208
1.7302,0.2053,38.62,94,90,238212
1.7595,0.2199,38.52,94,90,238215
1.7644,0.2199,38.77,94,90,238218
1.7937,0.2199,38.46,94,90,238221
1.7693,0.2199,38.68,94,90,238225
1.7791,0.2248,38.62,94,90,238228
1.8035,0.2346,38.55,94,90,238231
1.7937,0.2444,38.68,94,90,238235
1.8280,0.2248,38.43,94,90,238238
1.8084,0.2248,38.58,94,90,238241
1.8377,0.2199,38.65,94,90,238245
1.9110,0.2248,38.58,94,90,238248
1.9599,0.2199,38.74,94,90,238252
2.1359,0.2297,38.33,94,90,238256
2.2630,0.2199,38.52,94,90,238259
2.4829,0.2151,38.65,94,90,238262
2.7664,0.2102,38.62,94,90,238265
3.0254,0.2199,38.65,94,90,238269
3.3333,0.2297,38.46,94,90,238272
3.4066,0.2248,38.55,94,90,238275
3.3578,0.2199,38.55,94,90,238279
3.1232,0.2199,38.62,94,90,238282
2.7957,0.2199,38.62,94,90,238285
2.4927,0.2297,38.49,94,90,238289
2.1750,0.2199,38.62,94,90,238292
1.9208,0.2199,38.49,94,90,238296
1.7107,0.2151,38.62,94,90,238300
1.5640,0.2199,38.62,94,90,238303
1.4809,0.2297,38.52,94,90,238306
1.4076,0.2199,38.62,94,90,238309
1.3930,0.2248,38.52,94,90,238313
1.3245,0.2151,38.71,94,90,238316
1.3196,0.2151,38.62,94,90,238319
1.3539,0.2248,38.46,94,90,238323
1.3930,0.2199,38.65,94,90,238326
1.4223,0.2248,38.43,94,90,238329
1.4223,0.2248,38.55,94,90,238333
1.4516,0.2199,38.62,94,90,238337
1.5152,0.2297,38.58,94,90,238340
1.5298,0.2248,38.65,94,90,238344
1.5787,0.2297,38.46,94,90,238347
1.5787,0.2151,38.55,94,90,238350
1.5787,0.2199,38.65,94,90,238353
1.5885,0.2395,38.62,94,90,238357
1.5982,0.2199,38.62,94,90,238360
1.6716,0.2493,38.40,94,90,238363
1.6471,0.2248,38.58,94,90,238367
1.6471,0.2151,38.55,94,90,238370
1.6373,0.1906,38.62,94,90,238373
1.6227,0.2199,38.68,94,90,238377
1.6667,0.2199,38.46,94,90,238381
1.6716,0.2248,37.80,94,90,238384
1.6960,0.2151,38.49,94,90,238388
1.6813,0.2151,38.62,94,90,238391
1.6862,0.2199,38.68,94,90,238394
1.7155,0.2199,38.55,94,90,238398
1.7155,0.2199,38.62,94,90,238401
1.7449,0.2297,38.52,94,90,238404
1.7546,0.2248,38.58,94,90,238407
1.7595,0.2199,38.65,94,90,238411
1.7546,0.2248,38.52,94,90,238414
1.7155,0.2102,38.65,94,90,238417
1.7204,0.2199,38.43,94,90,238422
1.7009,0.2248,38.65,94,90,238425
1.7253,0.2199,38.65,94,90,238428
1.7644,0.2297,38.68,94,90,238432
1.7595,0.2199,38.65,94,90,238435
1.8133,0.2248,38.43,94,90,238438
1.8035,0.2248,38.55,94,90,238442
1.7889,0.2102,38.65,94,90,238445
1.7986,0.2297,38.62,94,90,238448
1.7693,0.2151,38.62,94,90,238451
1.7937,0.2297,38.43,94,90,238455
1.7302,0.2102,38.52,94,90,238458
1.7253,0.2151,38.62,94,90,238461
1.7449,0.2199,38.58,94,90,238466
1.7400,0.2102,38.68,94,90,238469
1.7937,0.2346,38.46,94,90,238472
1.7693,0.2590,38.55,94,90,238476
1.7840,0.2199,38.52,94,90,238479
1.7742,0.2199,38.62,94,90,238482
1.7693,0.2151,38.62,94,90,238486
1.8035,0.2297,38.49,94,90,238489
1.7937,0.2297,38.62,94,90,238492
1.8280,0.2102,38.49,94,90,238495
1.8084,0.2199,38.84,94,90,238499
1.7986,0.2102,38.65,94,90,238502
1.8035,0.2297,38.49,94,90,238505
1.7693,0.2199,38.62,94,90,238510
1.7889,0.2151,38.49,94,90,238513
1.7644,0.2151,38.58,94,90,238516
1.7693,0.2199,38.62,94,90,238520
1.8133,0.2248,38.49,94,90,238523
1.8328,0.2199,38.55,94,90,238526
1.8964,0.2248,38.40,94,90,238530
1.8768,0.2199,38.55,94,90,238533
1.8671,0.2199,38.81,94,90,238536
1.8768,0.2102,38.55,94,90,238539
1.8573,0.2199,38.62,94,90,238543
1.9110,0.2297,38.40,94,90,238546
1.8671,0.2151,38.55,94,90,238550
1.8573,0.2199,38.62,94,90,238554
1.8573,0.2102,38.62,94,90,238557
1.8426,0.2199,38.62,94,90,238560
1.9110,0.2444,38.36,94,90,238564
1.8719,0.2297,37.87,94,90,238567
1.8866,0.2151,38.62,94,90,238570
1.9062,0.2199,38.62,94,90,238574
1.9013,0.2199,38.62,94,90,238577
1.9257,0.2102,38.43,94,90,238580
1.8817,0.2248,38.49,94,90,238583
1.8964,0.2542,38.49,94,90,238587
1.9013,0.2199,38.65,94,90,238590
1.8964,0.2199,38.65,94,90,238594
1.8964,0.2297,38.49,94,90,238598
1.8524,0.2199,38.36,94,90,238601
1.8719,0.2297,38.55,94,90,238604
1.8524,0.2248,38.62,94,90,238608
1.8475,0.2199,38.68,94,90,238611
1.8426,0.2248,38.52,94,90,238614
1.8133,0.2199,38.62,94,90,238618
1.8182,0.2199,38.02,94,90,238621
1.7889,0.2102,38.65,94,90,238624
1.8084,0.2199,38.65,94,90,238627
1.8573,0.2297,38.55,94,90,238631
1.8035,0.2199,38.58,94,90,238635
1.7937,0.2151,38.62,94,90,238639
1.8573,0.2297,38.40,94,90,238642
1.8231,0.2199,38.55,94,90,238645
1.8084,0.2151,38.55,94,90,238649
1.8084,0.2199,38.62,94,90,238652
1.8182,0.2199,38.62,94,90,238655
1.8671,0.2346,38.49,94,90,238659
1.8377,0.2199,38.58,94,90,238662
1.8622,0.2248,38.52,94,90,238665
1.8622,0.2199,38.71,94,90,238669
1.8866,0.2102,38.65,94,90,238672
1.8573,0.2248,38.62,94,90,238675
1.8328,0.2248,38.58,94,90,238679
1.8524,0.2199,38.52,94,90,238683
1.8280,0.2199,38.65,94,90,238686
1.8622,0.2151,38.62,94,90,238689
1.8915,0.2297,38.52,94,90,238693
1.9013,0.2199,38.62,94,90,238696
1.9110,0.2199,38.46,94,90,238699
1.8719,0.2199,38.55,94,90,238703
1.8573,0.2199,38.62,94,90,238706
1.8964,0.2248,38.55,94,90,238709
1.8719,0.2151,38.62,94,90,238713
1.9110,0.2248,38.46,94,90,238716
1.8817,0.2151,38.52,94,90,238720
1.8719,0.2151,38.65,94,90,238724
1.8817,0.2248,38.58,94,90,238727
1.8817,0.2102,38.68,94,90,238730
1.9453,0.2346,38.49,94,90,238733
1.9355,0.2199,38.52,94,90,238737
1.9306,0.2151,38.65,94,90,238740
1.9404,0.2199,38.62,94,90,238743
1.9306,0.2151,38.65,94,90,238747
1.9795,0.2395,38.43,94,90,238750
1.9501,0.2199,38.58,94,90,238753
1.9599,0.1906,38.52,94,90,238757
1.9697,0.2297,38.62,94,90,238760
1.9941,0.2199,38.68,94,90,238764
2.0186,0.2297,38.84,94,90,238768
1.9697,0.2102,38.62,94,90,238771
1.9697,0.2248,38.52,94,90,238774
1.9208,0.2199,38.62,94,90,238777
1.9159,0.2151,38.65,94,90,238781
1.9306,0.2199,38.55,94,90,238784
1.9062,0.2199,38.62,94,90,238787
1.9208,0.2151,38.49,94,90,238791
1.8475,0.2151,38.62,94,90,238794
1.8084,0.2199,38.62,94,90,238797
1.8084,0.2199,38.52,94,90,238801
1.7937,0.2199,38.49,94,90,238804
1.8377,0.2248,38.40,94,90,238808
1.8133,0.2199,38.62,94,90,238812
1.8377,0.2151,38.11,94,90,238815
1.8768,0.2199,38.58,94,90,238818
1.8671,0.2199,38.65,94,90,238821
1.9013,0.2346,38.33,94,90,238825
1.8475,0.1906,38.52,94,90,238828
1.8133,0.2151,38.68,94,90,238831
1.8328,0.2199,38.58,94,90,238835
1.8133,0.2151,38.65,94,90,238838
1.8671,0.2248,38.43,94,90,238841
1.8426,0.2248,37.80,94,90,238845
1.8377,0.2151,38.49,94,90,238849
1.8280,0.2199,38.62,94,90,238852
1.8280,0.2151,38.71,94,90,238856
1.8671,0.2346,38.49,94,90,238859
1.8719,0.2199,38.62,94,90,238862
1.9306,0.2199,38.55,94,90,238865
1.9648,0.2102,38.62,94,90,238869
2.0283,0.2199,38.62,94,90,238872
2.1652,0.2199,38.55,94,90,238875
2.2825,0.2199,38.62,94,90,238879
2.5269,0.2248,38.52,94,90,238882
2.7273,0.2199,38.62,94,90,238885
2.9863,0.2151,38.49,94,90,238889
3.2845,0.2248,38.52,94,90,238893
3.4409,0.2199,38.62,94,90,238896
3.5142,0.2248,38.43,94,90,238900
3.3187,0.2199,38.52,94,90,238903
2.9961,0.2151,38.62,94,90,238906
2.6686,0.2248,38.52,94,90,238910
2.2923,0.2199,38.62,94,90,238913
2.0674,0.2297,38.43,94,90,238916
1.7840,0.2151,38.55,94,90,238919
1.5982,0.2248,38.65,94,90,238923
1.4956,0.2102,38.58,94,90,238926
1.4076,0.2151,38.71,94,90,238929
1.4174,0.2346,38.36,94,90,238934
1.3685,0.2199,38.68,94,90,238937
1.3587,0.2199,38.55,94,90,238940
1.3734,0.2199,38.62,94,90,238944
1.3978,0.2102,38.65,94,90,238947
1.4516,0.2297,38.49,94,90,238950
1.4467,0.2199,38.58,94,90,238954
1.5005,0.2151,38.52,94,90,238957
1.5249,0.2199,38.77,94,90,238960
1.5543,0.2493,38.65,94,90,238963
1.5836,0.2297,38.46,94,90,238967
1.5494,0.2199,38.62,94,90,238970
1.5738,0.2102,38.52,94,90,238973
1.5982,0.2151,38.62,94,90,238978
1.6373,0.2102,38.68,94,90,238981
1.6569,0.2248,38.74,94,90,238984
1.6373,0.2199,38.62,94,90,238988
1.6716,0.1906,38.43,94,90,238991
1.6667,0.2151,38.55,94,90,238994
1.6862,0.1906,38.65,94,90,238998
1.6960,0.2297,38.55,94,90,239001
1.6764,0.2151,38.62,94,90,239004
1.7107,0.2248,38.40,94,90,239007
1.6569,0.2102,38.68,94,90,239011
1.6716,0.2248,38.68,94,90,239014
1.7058,0.2199,38.68,94,90,239017
1.7302,0.2248,38.65,94,90,239022
1.8084,0.2297,38.33,94,90,239025
1.7840,0.2248,38.55,94,90,239028
1.7693,0.2102,38.62,94,90,239032
1.7546,0.2199,38.62,94,90,239035
1.7400,0.2151,38.62,94,90,239038
1.7937,0.2297,38.43,94,90,239042
1.7595,0.2248,38.68,94,90,239045
1.7595,0.2199,38.52,94,90,239048
1.7595,0.2248,38.68,94,90,239051
1.7546,0.2151,38.65,94,90,239055
1.7791,0.2248,38.49,94,90,239058
1.7644,0.2199,38.58,94,90,239062
1.7791,0.2248,38.46,94,90,239066
1.7498,0.2151,38.62,94,90,239069
1.7449,0.2297,38.62,94,90,239072
1.7449,0.2199,38.55,94,90,239076
1.7449,0.2199,38.62,94,90,239079
1.7840,0.2248,38.49,94,90,239082
1.7742,0.2199,38.62,94,90,239086
1.7937,0.2297,38.62,94,90,239089
1.8231,0.2248,38.52,94,90,239092
1.7986,0.2151,38.58,94,90,239096
1.8133,0.2248,38.40,94,90,239099
1.7742,0.2199,38.46,94,90,239102
1.7742,0.2199,38.62,94,90,239106
1.8084,0.2248,38.58,94,90,239110
1.8084,0.2151,38.65,94,90,239113
1.8524,0.2248,38.36,94,90,239116
1.7889,0.2542,38.52,94,90,239120
1.7889,0.2102,38.65,94,90,239123
1.8084,0.2199,38.58,94,90,239126
1.8231,0.2151,38.62,94,90,239130
1.8964,0.2297,38.43,94,90,239133
1.8524,0.2248,38.55,94,90,239136
1.8475,0.2151,38.55,94,90,239140
1.8475,0.2199,38.58,94,90,239143
1.8671,0.2151,38.62,94,90,239147
1.9013,0.2297,38.58,94,90,239151
1.9159,0.2102,38.62,94,90,239154
1.9257,0.2102,38.49,94,90,239157
1.9208,0.2151,38.62,94,90,239160
1.9159,0.2151,38.65,94,90,239164
1.9599,0.2199,38.49,94,90,239167
1.9501,0.2199,38.62,94,90,239170
1.9795,0.2248,38.49,94,90,239174
1.9453,0.2199,38.58,94,90,239177
1.9306,0.2151,38.65,94,90,239180
1.9501,0.2248,38.49,94,90,239184
1.9550,0.2199,38.65,94,90,239187
2.0088,0.2199,38.49,94,90,239191
1.9990,0.2199,38.55,94,90,239195
1.9795,0.2151,38.65,94,90,239198
1.9501,0.2248,38.40,94,90,239201
1.8866,0.2395,38.58,94,90,239204
1.9257,0.2199,38.36,94,90,239208
1.8719,0.2151,38.52,94,90,239211
1.9306,0.2151,38.62,94,90,239214
1.9208,0.2199,38.62,94,90,239218
1.9355,0.2151,38.65,94,90,239221
1.9550,0.2395,38.36,94,90,239224
1.9110,0.2199,38.55,94,90,239228
1.9257,0.2151,38.58,94,90,239232
1.9062,0.2444,38.62,94,90,239235
1.8866,0.2102,38.62,94,90,239239
1.9013,0.2297,38.43,94,90,239242
1.8426,0.2248,38.55,94,90,239246
1.8182,0.2151,38.62,94,90,239249
1.8426,0.2151,37.90,94,90,239252
1.8084,0.2199,38.58,94,90,239256
1.8084,0.2151,38.74,94,90,239259
1.8377,0.2199,38.49,94,90,239262
1.8475,0.2102,38.65,94,90,239265
1.8573,0.2199,38.46,94,90,239269
1.7986,0.2151,38.62,94,90,239272
1.8084,0.2151,38.36,94,90,239276
1.8426,0.2199,38.55,94,90,239280
1.8231,0.2151,38.68,94,90,239283
1.8817,0.2248,38.33,94,90,239286
1.8573,0.2199,38.52,94,90,239290
1.8328,0.2151,39.03,94,90,239293
1.8280,0.2199,38.58,94,90,239296
1.8280,0.2151,38.71,94,90,239300
1.9013,0.2395,38.43,94,90,239303
1.8768,0.2248,38.43,94,90,239306
1.8915,0.2346,38.55,94,90,239309
1.8768,0.2199,38.62,94,90,239313
1.8475,0.2151,38.65,94,90,239316
1.8671,0.2248,38.49,94,90,239320
1.8622,0.2199,38.62,94,90,239324
1.9110,0.2248,38.49,94,90,239327
1.9159,0.2199,38.65,94,90,239330
1.9062,0.2151,38.65,94,90,239334
1.8964,0.2151,38.55,94,90,239337
1.8719,0.2199,38.62,94,90,239340
1.9110,0.2199,38.49,94,90,239344
1.9013,0.2151,38.33,94,90,239347
1.9062,0.2199,38.68,94,90,239350
1.9159,0.2248,38.49,94,90,239354
1.8719,0.2248,38.68,94,90,239357
1.9110,0.2199,38.43,94,90,239361
1.9062,0.2151,37.77,94,90,239364
1.9110,0.2248,38.58,94,90,239368
1.9550,0.2248,38.55,94,90,239371
1.9599,0.2151,38.71,94,90,239374
2.0283,0.2199,38.36,94,90,239378
1.9892,0.2151,38.55,94,90,239381
1.9746,0.2151,38.65,94,90,239384
1.9795,0.2199,38.62,94,90,239388
1.9599,0.2151,38.62,94,90,239391
1.9844,0.2395,38.43,94,90,239394
1.9110,0.2199,38.55,94,90,239398
1.8768,0.2151,38.55,94,90,239401
1.8426,0.2199,37.83,94,90,239405
1.8231,0.2102,38.65,94,90,239409
1.8475,0.2297,38.46,94,90,239412
1.8084,0.2151,38.58,94,90,239415
1.7937,0.2248,38.55,94,90,239418
1.7693,0.2444,38.62,94,90,239422
1.7546,0.2151,38.65,94,90,239425
1.7889,0.2248,38.43,94,90,239428
1.7791,0.2199,38.62,94,90,239432
1.8035,0.2248,38.49,94,90,239435
1.7742,0.2102,38.62,94,90,239438
1.7742,0.2102,38.68,94,90,239442
1.7693,0.2151,38.49,94,90,239446
1.7937,0.2102,38.62,94,90,239449
1.7791,0.2151,38.55,94,90,239453
1.7498,0.2151,38.58,94,90,239456
1.7449,0.2151,38.65,94,90,239459
1.7742,0.2248,38.55,94,90,239462
1.7693,0.2102,38.65,94,90,239466
1.7937,0.2248,38.40,94,90,239469
1.7546,0.2102,38.55,94,90,239472
1.7742,0.2151,38.65,94,90,239476
1.7889,0.2444,38.62,94,90,239479
1.8084,0.2151,38.68,94,90,239482
1.9013,0.2786,38.36,94,90,239486
1.9208,0.1906,38.49,94,90,239490
2.0039,0.2102,38.58,94,90,239493
2.1848,0.2151,38.58,94,90,239497
2.3998,0.2151,38.62,94,90,239500
2.7077,0.2248,38.46,94,90,239503
2.9521,0.2151,38.58,94,90,239506
3.2111,0.2151,38.52,94,90,239510
3.3773,0.2395,38.62,94,90,239513
3.4066,0.1906,38.65,94,90,239516
3.2991,0.2248,38.49,94,90,239520
2.9423,0.2199,38.62,94,90,239523
2.6149,0.2151,38.46,94,90,239526
2.1994,0.2151,38.55,94,90,239531
1.9110,0.2151,38.62,94,90,239534
1.6764,0.2199,38.52,94,90,239537
1.4956,0.2248,38.58,94,90,239541
1.4076,0.2151,38.49,94,90,239544
1.2659,0.2151,38.62,94,90,239547
1.2268,0.2199,38.65,94,90,239550
1.2317,0.2248,38.52,94,90,239554
1.2170,0.2151,38.62,94,90,239557
1.2512,0.2199,38.46,94,90,239560
1.2610,0.2199,38.49,94,90,239564
1.2757,0.2151,38.62,94,90,239567
1.2952,0.2248,38.55,94,90,239570
1.3001,0.2102,38.62,94,90,239575
1.3636,0.2248,38.33,94,90,239578
1.3685,0.2248,38.52,94,90,239581
1.3978,0.1906,38.62,94,90,239585
1.3930,0.2199,38.62,94,90,239588
1.3930,0.2151,38.62,94,90,239591
1.4712,0.2346,38.40,94,90,239594
1.4712,0.2493,38.52,94,90,239598
1.5103,0.2199,38.55,94,90,239601
1.5152,0.2151,38.43,94,90,239604
1.5054,0.2151,38.65,94,90,239608
1.5249,0.2297,38.71,94,90,239611
1.5054,0.2542,38.62,94,90,239614
1.5445,0.1906,38.52,94,90,239619
1.5738,0.2151,38.62,94,90,239622
1.6031,0.2102,38.65,94,90,239625
1.6276,0.2297,38.49,94,90,239629
1.5689,0.2199,38.65,94,90,239632
1.5591,0.2199,38.52,94,90,239635
1.5200,0.2151,38.58,94,90,239639
1.5298,0.2102,38.65,94,90,239642
1.5591,0.2199,38.52,94,90,239645
1.5591,0.2151,38.62,94,90,239648
1.6080,0.2199,38.43,94,90,239652
1.5982,0.2151,38.55,94,90,239655
1.6031,0.2151,38.65,94,90,239659
1.6373,0.2248,37.93,94,90,239663
1.6227,0.2493,38.62,94,90,239666
1.6520,0.2248,38.36,94,90,239669
1.6080,0.2151,38.55,94,90,239673
1.6031,0.2151,38.65,94,90,239676
1.5982,0.2199,38.65,94,90,239679
1.5934,0.2102,38.68,94,90,239683
1.6373,0.2297,38.36,94,90,239686
1.6178,0.2248,38.55,94,90,239689
1.6520,0.2151,38.58,94,90,239692
1.6276,0.2199,38.62,94,90,239696
1.6325,0.2151,38.62,94,90,239699
1.6716,0.2248,38.46,94,90,239703
1.6618,0.2102,38.62,94,90,239707
1.6471,0.2151,38.40,94,90,239710
1.6373,0.2248,38.62,94,90,239713
1.6422,0.2102,38.62,94,90,239717
1.6618,0.2248,38.49,94,90,239720
1.6569,0.2199,38.62,94,90,239723
1.7009,0.2248,38.49,94,90,239727
1.6764,0.2151,38.71,94,90,239730
1.6911,0.2248,38.62,94,90,239733
1.6960,0.2199,38.52,94,90,239737
1.6764,0.2151,38.71,94,90,239740
1.6862,0.2151,38.49,94,90,239744
1.6667,0.2151,38.65,94,90,239747
1.7009,0.2151,38.62,94,90,239751
1.7204,0.2248,37.80,94,90,239754
1.7107,0.2151,38.62,94,90,239757
1.7449,0.2199,38.40,94,90,239761
1.7302,0.2199,38.52,94,90,239764
1.7449,0.2151,38.65,94,90,239767
1.7644,0.2395,38.62,94,90,239771
1.7644,0.2151,38.62,94,90,239774
1.8328,0.2297,38.40,94,90,239777
1.8280,0.2102,38.49,94,90,239781
1.8084,0.2102,38.58,94,90,239784
1.8133,0.2199,38.62,94,90,239788
1.8084,0.2199,38.68,94,90,239791
1.8671,0.2102,38.46,94,90,239795
1.8426,0.2199,38.46,94,90,239798
1.8377,0.2102,38.55,94,90,239801
1.8182,0.2199,38.65,94,90,239805
1.7986,0.2151,38.62,94,90,239808
1.8182,0.2248,38.52,94,90,239811
1.7937,0.2199,38.52,94,90,239815
1.8280,0.2248,38.49,94,90,239818
1.8133,0.2151,38.71,94,90,239821
1.8182,0.2053,38.62,94,90,239825
1.8524,0.2199,38.49,94,90,239828
1.8133,0.2346,38.62,94,90,239832
1.8328,0.2151,38.49,94,90,239836
1.7986,0.2151,38.49,94,90,239839
1.8182,0.2151,38.62,94,90,239842
1.8133,0.2297,38.49,94,90,239845
1.8035,0.2151,38.65,94,90,239849
1.8182,0.2199,38.46,94,90,239852
1.8084,0.2297,38.30,94,90,239856
1.7595,0.2297,38.52,94,90,239859
1.7498,0.2102,38.52,94,90,239862
1.7400,0.2151,38.71,94,90,239866
1.7449,0.2102,38.62,94,90,239869
1.7791,0.2297,38.46,94,90,239873
1.7546,0.2199,38.58,94,90,239877
1.7546,0.2102,38.52,94,90,239880
1.7351,0.2346,38.68,94,90,239883
1.7351,0.2151,38.65,94,90,239887
1.7742,0.2444,38.55,94,90,239890
1.7546,0.2199,38.62,94,90,239893
1.7889,0.2248,38.49,94,90,239897
1.7693,0.2102,38.62,94,90,239900
1.7742,0.2151,38.62,94,90,239903
1.8182,0.2102,38.52,94,90,239906
1.7644,0.2151,38.68,94,90,239910
1.7791,0.2493,38.43,94,90,239913
1.7498,0.2151,38.58,94,90,239917
1.7498,0.2199,38.68,94,90,239921
1.7840,0.2248,38.55,94,90,239924
1.7693,0.2151,38.84,94,90,239927
1.8084,0.2151,38.36,94,90,239931
1.7595,0.2151,38.52,94,90,239934
1.7644,0.2151,38.62,94,90,239937
1.7644,0.2199,38.52,94,90,239941
1.7644,0.2151,38.62,94,90,239944
1.8280,0.2297,38.55,94,90,239947
1.8084,0.2199,38.58,94,90,239951
1.8182,0.2151,38.58,94,90,239954
1.8133,0.2248,38.62,94,90,239958
1.8035,0.2151,38.62,94,90,239961
1.8475,0.2248,38.49,94,90,239965
1.8231,0.2199,38.58,94,90,239968
1.8182,0.2151,38.52,94,90,239971
1.7986,0.2151,38.68,94,90,239975
1.7986,0.2151,38.65,94,90,239978
1.8280,0.2297,38.49,94,90,239981
1.8231,0.2151,38.62,94,90,239985
1.8622,0.2248,38.49,94,90,239988
1.8524,0.2151,38.62,94,90,239991
1.8671,0.2151,38.62,94,90,239995
1.8915,0.2199,38.52,94,90,239998
1.8768,0.2102,37.83,94,90,240002
1.8964,0.2151,38.46,94,90,240006
1.8719,0.2151,38.65,94,90,240009
1.8622,0.2151,38.65,94,90,240012
1.8671,0.2248,38.55,94,90,240015
1.8133,0.2248,38.62,94,90,240019
1.8182,0.2248,38.36,94,90,240022
1.7742,0.2199,38.52,94,90,240025
1.7449,0.2151,38.62,94,90,240029
1.7498,0.2297,38.52,94,90,240032
1.7302,0.2199,38.62,94,90,240035
1.7791,0.2297,38.36,94,90,240039
1.7204,0.2248,38.49,94,90,240043
1.7009,0.2151,38.58,94,90,240046
1.6911,0.2151,38.62,94,90,240050
1.6813,0.2151,38.62,94,90,240053
1.7253,0.2297,38.46,94,90,240056
1.7058,0.2248,38.62,94,90,240060
1.7107,0.2151,38.52,94,90,240063
1.7058,0.2151,38.71,94,90,240066
1.7155,0.2151,38.65,94,90,240069
1.7449,0.2248,37.83,94,90,240073
1.7302,0.2151,38.68,94,90,240076
1.7595,0.2199,38.49,94,90,240079
1.7302,0.2248,38.68,94,90,240083
1.7400,0.2102,38.65,94,90,240087
1.7498,0.2248,38.62,94,90,240090
1.7253,0.2248,38.62,94,90,240094
1.7644,0.2151,38.46,94,90,240097
1.7595,0.2053,38.52,94,90,240100
1.7889,0.2102,38.62,94,90,240104
1.8426,0.2199,38.52,94,90,240107
1.8866,0.2151,38.65,94,90,240110
2.0235,0.2199,38.40,94,90,240113
2.1261,0.2199,38.43,94,90,240117
2.3021,0.2248,38.65,94,90,240120
2.5660,0.2248,38.55,94,90,240123
2.8104,0.2151,38.65,94,90,240128
3.1672,0.2248,38.33,94,90,240131
3.3236,0.2151,38.55,94,90,240134
3.3969,0.2102,38.58,94,90,240138
3.2991,0.2199,38.58,94,90,240141
3.0156,0.2151,38.71,94,90,240144
2.7468,0.2297,38.40,94,90,240148
2.3460,0.2199,38.52,94,90,240151
2.0430,0.2102,38.58,94,90,240154
1.7889,0.2199,38.62,94,90,240157
1.5982,0.2151,38.65,94,90,240161
1.4809,0.2248,38.49,94,90,240164
1.3636,0.2248,38.68,94,90,240167
1.3099,0.2102,38.55,94,90,240172
1.2708,0.2151,38.65,94,90,240175
1.2561,0.2151,38.62,94,90,240178
1.2757,0.2199,38.52,94,90,240182
1.2854,0.2199,38.58,94,90,240185
1.3294,0.2444,38.49,94,90,240188
1.3392,0.2151,38.65,94,90,240191
1.3587,0.2151,38.62,94,90,240195
1.4076,0.2199,38.52,94,90,240198
1.4076,0.2151,38.74,94,90,240201
1.4467,0.2151,38.46,94,90,240205
1.4467,0.2151,38.74,94,90,240208
1.4712,0.2151,38.68,94,90,240211
1.5054,0.2248,38.58,94,90,240216
1.5103,0.2248,38.65,94,90,240219
1.5640,0.2102,38.36,94,90,240222
1.5494,0.2199,38.65,94,90,240226
1.5445,0.2199,38.65,94,90,240229
1.5640,0.2199,38.65,94,90,240232
1.5494,0.2151,38.52,94,90,240235
1.5885,0.2102,38.36,94,90,240239
1.5640,0.2151,38.46,94,90,240242
1.5689,0.2102,38.58,94,90,240245
1.5836,0.2199,38.62,94,90,240249
1.5836,0.2151,38.62,94,90,240252
1.6276,0.2346,38.33,94,90,240256
1.5982,0.2199,38.55,94,90,240260
1.6080,0.2493,38.52,94,90,240263
1.6325,0.2151,38.62,94,90,240266
1.6325,0.2248,38.62,94,90,240270
1.6764,0.2248,38.55,94,90,240273
1.6716,0.2151,38.65,94,90,240276
1.7009,0.2493,38.46,94,90,240280
1.6862,0.2151,38.62,94,90,240283
1.6911,0.2102,38.62,94,90,240286
1.7302,0.2199,38.49,94,90,240289
1.6960,0.2395,38.62,94,90,240293
1.7204,0.2199,38.49,94,90,240296
1.6813,0.2151,38.55,94,90,240300
1.6862,0.2102,38.65,94,90,240304
1.7009,0.2199,38.49,94,90,240307
1.6911,0.2151,38.71,94,90,240310
1.7204,0.2248,38.40,94,90,240314
1.6960,0.2151,38.58,94,90,240317
1.6862,0.2151,38.68,94,90,240320
1.6960,0.2199,38.55,94,90,240324
1.6813,0.2151,38.68,94,90,240327
1.7253,0.2590,38.36,94,90,240330
1.6862,0.2151,38.58,94,90,240333
1.6813,0.2395,38.62,94,90,240337
1.6862,0.2199,38.62,94,90,240340
1.6862,0.2151,38.65,94,90,240344
1.7400,0.2297,38.43,94,90,240348
1.7155,0.2199,38.62,94,90,240351
1.7155,0.2151,38.55,94,90,240354
1.7107,0.2151,38.77,94,90,240358
1.7155,0.2053,38.68,94,90,240361
1.7644,0.2248,38.46,94,90,240364
1.7449,0.2151,38.62,94,90,240368
1.7595,0.2151,38.49,94,90,240371
1.7351,0.2151,38.62,94,90,240374
1.7400,0.2151,38.62,94,90,240378
1.7693,0.2297,38.52,94,90,240381
1.7986,0.2151,38.62,94,90,240385
1.8084,0.2199,38.33,94,90,240388
1.7986,0.2151,38.62,94,90,240392
1.8231,0.2151,38.62,94,90,240395
1.8524,0.2199,38.52,94,90,240398
1.8671,0.2151,38.62,94,90,240402
1.9013,0.2199,38.46,94,90,240405
1.9013,0.2151,38.65,94,90,240408
1.8915,0.2151,38.62,94,90,240412
1.9159,0.2248,38.55,94,90,240415
1.9013,0.2151,38.81,94,90,240418
1.9453,0.2248,38.36,94,90,240422
1.9159,0.2199,38.52,94,90,240425
1.9062,0.2151,38.62,94,90,240429
1.9208,0.2199,38.68,94,90,240433
1.9159,0.2151,38.62,94,90,240436
1.9648,0.2248,38.40,94,90,240439
1.9159,0.2248,38.58,94,90,240442
1.9013,0.2102,38.58,94,90,240446
1.8964,0.2102,38.62,94,90,240449
1.8817,0.2151,38.84,94,90,240452
1.9110,0.2346,38.49,94,90,240456
1.8866,0.2199,38.62,94,90,240459
1.8866,0.2151,38.52,94,90,240462
1.8817,0.2151,38.62,94,90,240466
1.8573,0.1906,38.62,94,90,240470
1.8426,0.2102,38.81,94,90,240474
1.8866,0.2248,38.49,94,90,240477
1.8426,0.2151,38.74,94,90,240480
1.8719,0.2248,38.40,94,90,240484
1.8475,0.2199,38.52,94,90,240487
1.8328,0.2151,38.65,94,90,240490
1.8475,0.2199,38.58,94,90,240494
1.8280,0.2151,38.81,94,90,240497
1.8768,0.2248,38.30,94,90,240500
1.8377,0.2151,38.55,94,90,240503
1.8280,0.2297,38.62,94,90,240507
1.8426,0.2199,38.62,94,90,240510
1.8377,0.2151,38.74,94,90,240514
1.8915,0.2248,38.46,94,90,240518
1.8573,0.2199,37.83,94,90,240521
1.8524,0.2493,38.55,94,90,240524
1.8475,0.2151,38.62,94,90,240528
1.8524,0.2151,38.68,94,90,240531
1.8866,0.2248,38.55,94,90,240534
1.8719,0.2199,38.58,94,90,240538
1.8866,0.2151,38.49,94,90,240541
1.8671,0.2151,38.71,94,90,240544
1.8622,0.1906,38.71,94,90,240548
1.9062,0.2248,38.71,94,90,240551
1.8866,0.2102,38.62,94,90,240555
1.9257,0.2151,38.49,94,90,240558
1.9062,0.2053,38.58,94,90,240562
1.9306,0.2102,38.62,94,90,240565
1.9355,0.2199,38.46,94,90,240568
1.9208,0.2151,38.68,94,90,240572
1.9550,0.2199,38.40,94,90,240575
1.9110,0.2151,38.49,94,90,240578
1.9062,0.2444,38.65,94,90,240582
1.9355,0.2199,38.52,94,90,240585
1.9159,0.2151,38.62,94,90,240588
1.9746,0.2248,38.40,94,90,240591
1.9404,0.2102,38.55,94,90,240595
1.9550,0.2151,38.62,94,90,240599
1.9746,0.2199,38.62,94,90,240602
1.9697,0.2151,38.62,94,90,240606
2.0332,0.2297,38.43,94,90,240609
1.9990,0.2199,38.52,94,90,240612
1.9990,0.2102,38.58,94,90,240616
2.0137,0.2151,38.62,94,90,240619
2.0137,0.2102,38.65,94,90,240622
2.0528,0.2248,38.49,94,90,240626
2.0088,0.2199,38.55,94,90,240629
1.9941,0.2151,38.52,94,90,240632
1.9550,0.2102,38.58,94,90,240635
1.9355,0.2151,38.68,94,90,240640
1.9501,0.2199,38.49,94,90,240643
1.9159,0.2395,38.62,94,90,240646
1.9550,0.2151,38.46,94,90,240650
1.8915,0.2151,38.65,94,90,240653
1.8817,0.2151,38.65,94,90,240656
1.8768,0.2151,38.55,94,90,240660
1.8524,0.2151,38.58,94,90,240663
1.8622,0.2151,38.46,94,90,240666
1.8426,0.2199,38.62,94,90,240670
1.8231,0.1906,38.68,94,90,240673
1.8377,0.2248,38.49,94,90,240676
1.8182,0.2102,38.65,94,90,240679
1.8475,0.2199,38.49,94,90,240684
1.8231,0.2395,38.55,94,90,240687
1.8133,0.2151,38.62,94,90,240690
1.8280,0.2248,38.55,94,90,240694
1.8182,0.2151,38.62,94,90,240697
1.8622,0.2248,38.33,94,90,240700
1.8231,0.2151,38.52,94,90,240704
1.8133,0.2102,38.33,94,90,240707
1.8182,0.2151,38.62,94,90,240710
1.8133,0.2102,38.62,94,90,240714
1.8719,0.2297,38.43,94,90,240717
1.8573,0.2199,38.55,94,90,240720
1.8768,0.2151,38.55,94,90,240724
1.9062,0.2151,38.68,94,90,240728
1.9648,0.2102,38.62,94,90,240731
2.0723,0.2297,38.52,94,90,240734
2.1652,0.2199,38.62,94,90,240738
2.3460,0.2151,38.49,94,90,240741
2.5269,0.2199,38.65,94,90,240744
2.7713,0.2151,38.62,94,90,240748
3.0694,0.2248,38.46,94,90,240751
3.2502,0.2151,38.68,94,90,240754
3.4115,0.2151,38.49,94,90,240758
3.3187,0.2102,38.55,94,90,240761
3.1085,0.2102,38.62,94,90,240764
2.8201,0.2151,38.46,94,90,240769
2.4829,0.2102,38.62,94,90,240772
2.2385,0.2151,38.43,94,90,240775
1.9746,0.2199,38.58,94,90,240778
1.7644,0.2102,38.65,94,90,240782
1.6325,0.2199,38.58,94,90,240785
1.5005,0.2151,38.68,94,90,240788
1.4809,0.2102,38.33,94,90,240792
1.4027,0.2102,38.58,94,90,240795
1.3881,0.2639,38.68,94,90,240798
1.3832,0.2151,38.62,94,90,240802
1.3930,0.2151,38.58,94,90,240805
1.4565,0.2297,38.40,94,90,240808
1.4418,0.2199,38.55,94,90,240813
1.4614,0.2151,38.62,94,90,240816
1.4761,0.2151,38.68,94,90,240819
1.4907,0.2151,38.68,94,90,240822
1.5445,0.2248,38.46,94,90,240826
1.5445,0.2199,38.62,94,90,240829
1.5738,0.2151,38.52,94,90,240832
1.5689,0.2151,38.62,94,90,240836
1.5836,0.2248,38.68,94,90,240839
1.6178,0.2199,38.52,94,90,240842
1.6178,0.2151,38.68,94,90,240846
1.6520,0.2248,38.52,94,90,240849
1.6373,0.2102,38.65,94,90,240852
1.6471,0.2102,38.65,94,90,240857
1.6813,0.2151,38.52,94,90,240860
1.6569,0.2151,38.74,94,90,240863
1.6911,0.2248,38.46,94,90,240866
1.6764,0.2102,38.65,94,90,240870
1.6911,0.2102,38.84,94,90,240873
1.7204,0.2199,38.55,94,90,240876
1.7009,0.2297,38.62,94,90,240880
1.7351,0.2199,38.43,94,90,240883
1.7204,0.2199,38.55,94,90,240886
1.7107,0.2102,38.62,94,90,240890
1.7302,0.2199,38.58,94,90,240893
1.7155,0.2102,38.74,94,90,240897
1.7742,0.2151,38.43,94,90,240901
1.7449,0.2151,38.58,94,90,240904
1.7400,0.2151,38.58,94,90,240907
1.7449,0.2151,38.58,94,90,240910
1.7449,0.2102,38.84,94,90,240914
1.8231,0.2248,38.46,94,90,240917
1.7693,0.2199,38.55,94,90,240920
1.7742,0.2199,38.52,94,90,240924
1.7644,0.2151,38.65,94,90,240927
1.7889,0.2151,38.65,94,90,240930
1.8035,0.2199,38.55,94,90,240934
1.7889,0.2151,38.58,94,90,240937
1.8231,0.2102,38.49,94,90,240941
1.7791,0.2102,38.62,94,90,240945
1.7840,0.2151,38.62,94,90,240948
1.8133,0.2248,38.49,94,90,240951
1.8231,0.2151,38.62,94,90,240955
1.8133,0.2151,38.49,94,90,240958
1.7986,0.2151,38.52,94,90,240961
1.7937,0.2102,38.65,94,90,240964
1.8280,0.2199,38.55,94,90,240968
1.8133,0.2151,38.62,94,90,240971
1.8524,0.2199,38.40,94,90,240974
1.8280,0.2346,38.55,94,90,240978
1.8280,0.2151,38.62,94,90,240982
1.8475,0.2199,38.65,94,90,240985
1.8377,0.2151,38.65,94,90,240989
1.8964,0.2199,38.33,94,90,240992
1.8573,0.1955,38.55,94,90,240995
1.8671,0.2053,38.62,94,90,240999
1.8768,0.2151,38.68,94,90,241002
1.8768,0.2199,38.62,94,90,241005
1.9453,0.2297,38.36,94,90,241009
1.9110,0.2151,38.58,94,90,241012
1.9208,0.2102,38.55,94,90,241015
1.9159,0.2395,38.62,94,90,241018
1.9159,0.2102,38.62,94,90,241022
1.9648,0.2199,38.40,94,90,241026
1.9404,0.2199,38.58,94,90,241029
1.9697,0.2102,38.49,94,90,241033
1.9453,0.2151,38.65,94,90,241036
1.9501,0.2346,38.62,94,90,241039
1.9795,0.2199,38.55,94,90,241043
1.9648,0.2151,38.62,94,90,241046
1.9941,0.2248,38.52,94,90,241049
1.9648,0.2102,38.62,94,90,241052
1.9648,0.2102,38.84,94,90,241056
1.9746,0.2199,38.52,94,90,241059
1.9550,0.2151,38.65,94,90,241062
1.9795,0.2151,38.43,94,90,241067
1.9453,0.2102,38.65,94,90,241070
1.9453,0.2102,38.58,94,90,241073
1.9844,0.2151,38.55,94,90,241077
1.9208,0.1906,38.62,94,90,241081
1.9013,0.2102,38.62,94,90,241085
1.9550,0.2297,38.46,94,90,241088
1.9159,0.2102,38.58,94,90,241091
1.9013,0.2102,38.58,94,90,241095
1.8964,0.2248,38.68,94,90,241098
1.8915,0.2151,38.62,94,90,241101
1.9257,0.2199,38.52,94,90,241105
1.9013,0.2151,38.65,94,90,241108
1.9110,0.2151,38.49,94,90,241112
1.8817,0.2199,38.65,94,90,241115
1.8817,0.2102,38.68,94,90,241119
1.8915,0.2151,38.58,94,90,241122
1.8817,0.2199,38.62,94,90,241125
1.9013,0.2151,38.43,94,90,241129
1.8719,0.2151,38.62,94,90,241132
1.8768,0.2102,38.58,94,90,241135
1.9062,0.2248,38.49,94,90,241139
1.8817,0.2151,38.58,94,90,241142
1.9110,0.2199,38.40,94,90,241145
1.8817,0.2151,38.52,94,90,241149
1.8719,0.2102,38.62,94,90,241153
1.8964,0.2102,38.55,94,90,241156
1.8866,0.2102,38.65,94,90,241159
1.9404,0.2199,38.33,94,90,241163
1.9013,0.2102,38.52,94,90,241166
1.9013,0.2102,38.62,94,90,241169
1.9159,0.2297,38.58,94,90,241173
1.9013,0.2102,38.65,94,90,241176
1.9550,0.2297,38.40,94,90,241179
1.9355,0.2199,38.55,94,90,241183
1.9159,0.2102,38.62,94,90,241186
1.9110,0.2248,38.62,94,90,241189
1.9159,0.2151,38.62,94,90,241193
1.9550,0.2297,38.52,94,90,241197
1.9306,0.2151,38.58,94,90,241200
1.9306,0.2151,38.52,94,90,241203
1.9110,0.2151,38.62,94,90,241207
1.9110,0.2102,38.62,94,90,241210
1.9501,0.2199,38.46,94,90,241213
1.9306,0.1906,38.62,94,90,241217
1.9550,0.2199,38.52,94,90,241220
1.9355,0.2102,38.65,94,90,241223
1.9453,0.2151,38.68,94,90,241227
1.9648,0.2151,38.46,94,90,241230
1.9550,0.2151,38.62,94,90,241233
1.9941,0.2151,38.46,94,90,241238
1.9795,0.2151,38.62,94,90,241241
1.9941,0.2102,38.68,94,90,241244
2.0283,0.2444,38.52,94,90,241248
2.0137,0.2199,38.68,94,90,241251
2.0528,0.2102,38.36,94,90,241254
2.0088,0.2053,38.58,94,90,241257
1.9990,0.2053,38.62,94,90,241261
1.9941,0.2102,38.58,94,90,241264
1.9501,0.2102,38.62,94,90,241267
1.9795,0.2199,38.36,94,90,241271
1.9159,0.2151,38.55,94,90,241274
1.8915,0.2053,38.58,94,90,241277
1.8964,0.2151,38.62,94,90,241282
1.8915,0.2151,38.62,94,90,241285
1.9355,0.2248,38.43,94,90,241288
1.8964,0.2444,38.58,94,90,241292
1.8719,0.2004,38.55,94,90,241295
1.8524,0.2151,38.62,94,90,241298
1.8377,0.2102,38.62,94,90,241301
1.8573,0.2199,38.49,94,90,241305
1.8328,0.2151,38.58,94,90,241308
1.8475,0.2151,38.49,94,90,241311
1.8280,0.2102,38.52,94,90,241315
1.8328,0.2151,38.65,94,90,241318
1.8524,0.2151,38.52,94,90,241321
1.8475,0.2102,38.68,94,90,241326
1.8768,0.2102,38.49,94,90,241329
1.8573,0.2102,38.65,94,90,241332
1.8573,0.2102,38.62,94,90,241336
1.8817,0.2199,38.52,94,90,241339
1.8622,0.2102,38.62,94,90,241342
1.9013,0.2151,38.40,94,90,241345
1.8915,0.2151,38.49,94,90,241349
1.9062,0.2151,38.68,94,90,241352
1.9599,0.2199,38.62,94,90,241355
1.9941,0.2395,38.62,94,90,241359
2.1261,0.2199,38.33,94,90,241362
2.1945,0.2151,38.52,94,90,241366
2.3314,0.2151,38.62,94,90,241370
2.5464,0.2151,38.68,94,90,241373
2.7664,0.2297,38.62,94,90,241376
3.1329,0.2297,38.43,94,90,241380
3.2747,0.2199,38.52,94,90,241383
3.3822,0.2004,38.55,94,90,241386
3.3529,0.2151,38.62,94,90,241389
3.1476,0.2053,38.65,94,90,241393
2.9032,0.2102,38.52,94,90,241396
2.5660,0.1906,38.62,94,90,241399
2.3021,0.2102,38.46,94,90,241403
2.0381,0.2102,38.62,94,90,241406
1.8524,0.2102,38.68,94,90,241410
1.7351,0.2199,38.49,94,90,241414
1.5982,0.1906,38.58,94,90,241417
1.5396,0.2199,38.49,94,90,241420
1.4712,0.2248,38.58,94,90,241424
1.4418,0.2151,38.62,94,90,241427
1.4418,0.2151,38.46,94,90,241430
1.4467,0.2151,38.65,94,90,241433
1.4858,0.2102,38.43,94,90,241437
1.4858,0.2346,38.55,94,90,241440
1.5103,0.2102,38.62,94,90,241443
1.5347,0.2199,38.52,94,90,241447
1.5298,0.2151,38.62,94,90,241451
1.5738,0.2199,38.40,94,90,241454
1.5591,0.2151,38.58,94,90,241458
1.5885,0.2102,38.65,94,90,241461
1.6080,0.2151,38.58,94,90,241464
1.6227,0.2102,38.65,94,90,241468
1.6813,0.2248,38.40,94,90,241471
1.6569,0.2151,38.62,94,90,241474
1.6520,0.2053,38.62,94,90,241477
1.6667,0.2151,38.65,94,90,241481
1.6716,0.2102,38.65,94,90,241484
1.7253,0.2199,38.52,94,90,241487
1.7058,0.2199,38.55,94,90,241491
1.7107,0.1906,38.52,94,90,241495
1.7058,0.2151,38.68,94,90,241498
1.7107,0.2151,38.74,94,90,241502
1.7449,0.2199,38.49,94,90,241505
1.7253,0.2151,38.58,94,90,241508
1.7400,0.2151,38.49,94,90,241512
1.7253,0.2102,38.65,94,90,241515
1.7302,0.2151,38.62,94,90,241518
1.7498,0.2151,38.52,94,90,241521
1.7498,0.2151,38.68,94,90,241525
1.7889,0.2151,38.49,94,90,241528
1.7693,0.2053,38.62,94,90,241531
1.7840,0.2102,38.62,94,90,241536
1.8084,0.2199,38.49,94,90,241539
1.8182,0.2151,38.62,94,90,241542
1.8377,0.2151,38.49,94,90,241546
1.8182,0.2151,38.55,94,90,241549
1.8035,0.2102,38.65,94,90,241552
1.8182,0.2151,38.55,94,90,241556
1.7986,0.2102,38.62,94,90,241559
1.8475,0.2199,38.30,94,90,241562
1.7986,0.1906,38.52,94,90,241566
1.7937,0.2102,38.62,94,90,241569
1.7986,0.2151,38.55,94,90,241572
1.8231,0.2151,38.62,94,90,241575
1.8475,0.2297,38.52,94,90,241580
1.8133,0.2151,38.55,94,90,241583
1.8084,0.2102,38.55,94,90,241586
1.7986,0.2151,38.65,94,90,241590
1.7986,0.2102,38.65,94,90,241593
1.8328,0.2248,38.49,94,90,241596
1.8084,0.2248,38.58,94,90,241600
1.8280,0.2151,38.49,94,90,241603
1.8084,0.2102,38.62,94,90,241606
1.8182,0.2346,38.65,94,90,241610
1.8475,0.2248,38.49,94,90,241613
1.8280,0.2102,38.68,94,90,241616
1.8622,0.2248,38.52,94,90,241619
1.8328,0.2053,38.58,94,90,241624
1.8377,0.2102,38.68,94,90,241627
1.8964,0.2151,38.49,94,90,241630
1.8622,0.2102,38.65,94,90,241634
1.9013,0.2151,38.46,94,90,241637
1.8866,0.2102,38.58,94,90,241640
1.9013,0.2102,38.65,94,90,241644
1.9306,0.2199,38.52,94,90,241647
1.9159,0.2102,38.68,94,90,241650
1.9746,0.2199,38.36,94,90,241653
1.9404,0.2053,38.58,94,90,241657
1.9599,0.2151,38.68,94,90,241660
1.9697,0.2151,38.65,94,90,241664
1.9648,0.2102,38.65,94,90,241668
2.0235,0.2248,38.40,94,90,241671
1.9892,0.2151,38.55,94,90,241674
1.9697,0.1906,38.65,94,90,241678
1.9746,0.2346,38.65,94,90,241681
1.9648,0.2151,38.62,94,90,241684
2.0137,0.2297,38.43,94,90,241688
1.9501,0.2199,38.58,94,90,241692
1.9306,0.2199,38.58,94,90,241696
1.9550,0.2248,38.52,94,90,241699
1.9159,0.2102,38.52,94,90,241702
1.9110,0.2102,38.68,94,90,241705
1.9159,0.2053,38.55,94,90,241710
1.8964,0.2151,38.65,94,90,241713
1.9159,0.2151,37.90,94,90,241716
1.8817,0.2102,38.65,94,90,241720
1.8817,0.2102,38.46,94,90,241723
1.8964,0.2151,38.55,94,90,241726
1.8768,0.2102,38.58,94,90,241730
1.9208,0.2151,38.36,94,90,241733
1.8915,0.2151,38.52,94,90,241736
1.8671,0.2102,38.62,94,90,241740
1.8671,0.2151,38.62,94,90,241743
1.8475,0.2102,38.65,94,90,241746
1.9110,0.2102,38.36,94,90,241751
1.8573,0.2395,38.49,94,90,241754
1.8426,0.2053,38.58,94,90,241757
1.8426,0.2151,38.62,94,90,241760
1.8377,0.2199,38.58,94,90,241764
1.8719,0.2248,38.49,94,90,241767
1.8426,0.2395,38.62,94,90,241770
1.8573,0.2102,38.52,94,90,241774
1.8280,0.2102,38.68,94,90,241777
1.8280,0.2004,38.65,94,90,241780
1.8573,0.2199,38.55,94,90,241784
1.8426,0.2151,38.58,94,90,241787
1.8719,0.2199,38.49,94,90,241790
1.8524,0.2102,38.65,94,90,241795
1.8671,0.2151,38.62,94,90,241798
1.8964,0.2199,38.46,94,90,241801
1.8671,0.2151,38.62,94,90,241805
1.8964,0.2102,38.46,94,90,241808
1.8768,0.2346,38.52,94,90,241811
1.8768,0.2102,38.62,94,90,241814
1.8964,0.2248,38.49,94,90,241818
1.8964,0.2102,38.62,94,90,241821
1.9159,0.2151,38.40,94,90,241824
1.9062,0.2151,38.68,94,90,241828
1.8866,0.2102,38.68,94,90,241831
1.9013,0.2297,38.68,94,90,241835
1.9159,0.2102,38.62,94,90,241839
1.9404,0.2248,38.52,94,90,241842
1.9306,0.2102,38.52,94,90,241845
1.8964,0.2053,38.58,94,90,241849
1.9062,0.2151,38.62,94,90,241852
1.9062,0.2102,38.62,94,90,241855
1.9697,0.2297,38.49,94,90,241858
1.9453,0.2199,38.62,94,90,241862
1.9453,0.2151,38.55,94,90,241865
1.9453,0.2395,38.62,94,90,241868
1.9746,0.1906,38.65,94,90,241872
2.0186,0.2199,38.43,94,90,241875
1.9892,0.2248,38.58,94,90,241879
2.0479,0.2102,38.49,94,90,241883
1.9844,0.2102,38.68,94,90,241886
1.9697,0.2102,38.65,94,90,241889
1.9746,0.2199,38.52,94,90,241893
1.9355,0.2102,38.55,94,90,241896
1.9355,0.2444,38.52,94,90,241899
1.8817,0.2151,38.62,94,90,241902
1.8719,0.2102,38.65,94,90,241906
1.8768,0.2151,38.52,94,90,241909
1.8622,0.2151,38.65,94,90,241912
1.8817,0.2395,38.43,94,90,241916
1.8426,0.2102,38.71,94,90,241920
1.8328,0.2346,38.65,94,90,241923
1.8377,0.2199,38.58,94,90,241927
1.8035,0.2102,38.62,94,90,241930
1.8280,0.2248,38.43,94,90,241933
1.7986,0.2151,38.55,94,90,241937
1.7840,0.2248,38.65,94,90,241940
1.7986,0.2151,38.58,94,90,241943
1.7937,0.2102,38.71,94,90,241946
1.8524,0.2395,38.36,94,90,241950
1.8182,0.2151,38.90,94,90,241953
1.8084,0.2053,38.55,94,90,241956
1.8035,0.2151,38.62,94,90,241960
1.8035,0.2395,38.58,94,90,241964
1.8573,0.2248,38.46,94,90,241967
1.8426,0.2151,38.58,94,90,241971
1.8524,0.2151,38.55,94,90,241974
1.8426,0.2102,38.62,94,90,241977
1.8573,0.2346,38.62,94,90,241981
1.9110,0.2199,38.58,94,90,241984
1.9355,0.2102,38.71,94,90,241987
2.0235,0.2151,38.49,94,90,241990
2.0821,0.2102,38.68,94,90,241994
2.2043,0.2102,38.62,94,90,241997
2.3900,0.2248,38.52,94,90,242000
2.5660,0.2102,38.62,94,90,242004
2.8299,0.2151,38.49,94,90,242008
3.0841,0.2151,38.55,94,90,242011
3.2356,0.2053,38.62,94,90,242015
3.3529,0.2248,38.52,94,90,242018
3.2258,0.2151,38.62,94,90,242021
3.0596,0.2199,38.40,94,90,242025
2.7028,0.2493,38.58,94,90,242028
2.3998,0.2199,38.62,94,90,242031
2.1603,0.2199,38.55,94,90,242034
1.9159,0.2102,38.62,94,90,242038
1.7840,0.2199,38.36,94,90,242041
1.5982,0.2102,38.55,94,90,242044
1.5200,0.2102,38.62,94,90,242049
1.4761,0.2151,38.62,94,90,242052
1.4370,0.2151,38.62,94,90,242055
1.4614,0.2297,38.43,94,90,242059
1.4174,0.2199,38.46,94,90,242062
1.4272,0.2151,38.52,94,90,242065
1.4418,0.2102,38.58,94,90,242069
1.4614,0.2151,38.65,94,90,242072
1.5054,0.2346,38.62,94,90,242075
1.5298,0.2102,38.58,94,90,242078
1.5200,0.2151,38.49,94,90,242082
1.5152,0.2151,38.58,94,90,242085
1.5396,0.2102,38.62,94,90,242088
1.5738,0.2199,38.52,94,90,242093
1.5738,0.2151,38.58,94,90,242096
1.6178,0.2199,38.49,94,90,242099
1.5934,0.2102,38.62,94,90,242103
1.6129,0.2151,38.65,94,90,242106
1.6276,0.2151,38.52,94,90,242109
1.6325,0.2199,38.58,94,90,242113
1.6862,0.2151,38.46,94,90,242116
1.6569,0.2102,38.65,94,90,242119
1.6716,0.2151,38.62,94,90,242122
1.6911,0.2199,38.58,94,90,242126
1.6813,0.2151,38.62,94,90,242129
1.7204,0.2248,38.36,94,90,242132
1.7009,0.2199,38.52,94,90,242137
1.6960,0.2151,38.62,94,90,242140
1.7107,0.2151,38.62,94,90,242143
1.7009,0.2151,38.62,94,90,242147
1.7595,0.2297,38.43,94,90,242150
1.7204,0.2151,38.55,94,90,242153
1.7155,0.1906,38.55,94,90,242157
1.7107,0.2151,38.52,94,90,242160
1.7009,0.2151,38.62,94,90,242163
1.7400,0.2199,38.49,94,90,242167
1.7204,0.2248,38.62,94,90,242170
1.7351,0.2151,38.55,94,90,242173
1.7253,0.2151,38.68,94,90,242177
1.7400,0.2102,38.65,94,90,242181
1.7546,0.2199,38.58,94,90,242184
1.7400,0.2395,38.58,94,90,242187
1.7986,0.2151,38.49,94,90,242191
1.7400,0.2102,38.62,94,90,242194
1.7449,0.2151,38.62,94,90,242197
1.7742,0.2199,38.62,94,90,242201
1.7546,0.2151,38.62,94,90,242204
1.7791,0.2151,38.52,94,90,242207
1.7644,0.2199,38.55,94,90,242211
1.7595,0.2151,38.62,94,90,242214
1.7889,0.2248,38.52,94,90,242217
1.7693,0.1906,38.65,94,90,242222
1.8231,0.2199,38.36,94,90,242225
1.7937,0.2102,38.55,94,90,242228
1.7986,0.2102,38.65,94,90,242231
1.8133,0.2151,38.62,94,90,242235
1.8035,0.2102,38.62,94,90,242238
1.8524,0.2297,38.46,94,90,242241
1.8182,0.2151,38.49,94,90,242245
1.7986,0.2053,38.58,94,90,242248
1.7986,0.2199,38.58,94,90,242251
1.8035,0.2102,38.62,94,90,242255
1.8524,0.2248,38.46,94,90,242258
1.8231,0.2151,38.68,94,90,242262
1.8377,0.2102,38.52,94,90,242266
1.8328,0.2346,38.62,94,90,242269
1.8524,0.1906,38.65,94,90,242272
1.8866,0.2199,38.46,94,90,242275
1.8866,0.2151,38.58,94,90,242279
1.8915,0.2151,38.49,94,90,242282
1.8719,0.2248,38.65,94,90,242285
1.8817,0.1906,38.65,94,90,242289
1.9013,0.2151,38.27,94,90,242292
1.8915,0.2151,38.62,94,90,242295
1.9110,0.2102,38.52,94,90,242299
1.8866,0.2248,38.40,94,90,242302
1.8573,0.1906,38.58,94,90,242308
1.8719,0.2102,38.58,94,90,242311
1.8768,0.2102,38.58,94,90,242314
1.8671,0.2102,38.77,94,90,242318
1.9110,0.2542,38.36,94,90,242321
1.8719,0.1906,38.68,94,90,242324
1.8573,0.2102,38.55,94,90,242327
1.8573,0.2102,38.62,94,90,242331
1.8573,0.2102,38.71,94,90,242334
1.8964,0.2395,38.43,94,90,242337
1.8671,0.2199,38.58,94,90,242341
1.8573,0.2102,38.55,94,90,242344
1.8377,0.2151,38.62,94,90,242348
1.8231,0.2102,38.68,94,90,242352
1.8524,0.2248,38.49,94,90,242355
1.8426,0.2151,38.58,94,90,242358
1.8622,0.2151,38.49,94,90,242362
1.8280,0.2151,38.62,94,90,242365
1.8280,0.2102,38.65,94,90,242368
1.8328,0.2248,38.52,94,90,242371
1.8133,0.2102,38.65,94,90,242375
1.8426,0.2102,38.52,94,90,242378
1.8133,0.2151,38.65,94,90,242381
1.8133,0.2102,38.65,94,90,242385
1.8377,0.2199,38.55,94,90,242388
1.8182,0.2102,38.62,94,90,242392
1.8573,0.2199,38.43,94,90,242396
1.8426,0.2199,38.52,94,90,242399
1.8328,0.2102,38.62,94,90,242402
1.8524,0.2199,38.58,94,90,242406
1.8377,0.2102,38.71,94,90,242409
1.8915,0.2151,38.36,94,90,242412
1.8622,0.2151,38.33,94,90,242416
1.8915,0.2053,38.58,94,90,242419
1.8719,0.2151,38.62,94,90,242422
1.8622,0.2102,38.55,94,90,242425
1.9453,0.2248,38.46,94,90,242429
1.8866,0.2199,38.55,94,90,242433
1.8866,0.2102,38.52,94,90,242436
1.8719,0.2102,38.65,94,90,242440
1.8719,0.2248,38.62,94,90,242443
1.9013,0.2248,38.55,94,90,242446
1.8817,0.2151,38.84,94,90,242450
1.9013,0.2248,38.46,94,90,242453
1.8768,0.2102,38.68,94,90,242456
1.8719,0.2102,38.62,94,90,242460
1.9062,0.2248,38.52,94,90,242463
1.8817,0.2151,38.62,94,90,242466
1.9208,0.2102,38.49,94,90,242469
1.8915,0.1906,38.55,94,90,242473
1.9013,0.2102,38.68,94,90,242477
1.9159,0.2102,38.49,94,90,242480
1.9013,0.1906,38.65,94,90,242484
1.9306,0.2151,38.52,94,90,242487
1.9159,0.2151,38.55,94,90,242490
1.9062,0.2102,38.62,94,90,242494
1.9404,0.2444,38.55,94,90,242497
1.9355,0.2102,38.68,94,90,242500
1.9892,0.2199,38.46,94,90,242504
1.9599,0.2151,38.55,94,90,242507
1.9746,0.2102,38.21,94,90,242510
1.9892,0.2102,38.58,94,90,242513
1.9697,0.2102,38.65,94,90,242518
2.0186,0.2395,38.40,94,90,242521
1.9599,0.2151,38.55,94,90,242524
1.9257,0.2102,38.58,94,90,242528
1.9062,0.2102,38.62,94,90,242531
1.8768,0.2102,38.62,94,90,242534
1.9013,0.2248,38.46,94,90,242538
1.8671,0.2199,38.58,94,90,242541
1.8622,0.2151,38.49,94,90,242544
1.8328,0.2102,38.68,94,90,242548
1.8280,0.2151,38.68,94,90,242551
1.8426,0.2248,38.49,94,90,242554
1.8133,0.1906,38.58,94,90,242557
1.8231,0.2199,38.58,94,90,242562
1.7840,0.2444,38.62,94,90,242565
1.7791,0.2102,38.62,94,90,242568
1.7791,0.2151,38.52,94,90,242572
1.7644,0.2102,38.65,94,90,242575
1.7937,0.2151,38.43,94,90,242578
1.7840,0.2151,38.65,94,90,242582
1.7644,0.2102,38.68,94,90,242585
1.7889,0.2199,38.58,94,90,242588
1.7742,0.2102,38.62,94,90,242592
1.8231,0.2199,38.40,94,90,242595
1.8084,0.2199,38.55,94,90,242598
1.8133,0.2102,38.65,94,90,242601
1.8231,0.2151,38.62,94,90,242606
1.8182,0.2102,38.68,94,90,242609
1.8817,0.2248,38.33,94,90,242612
1.8719,0.2102,38.49,94,90,242616
1.8915,0.2102,38.62,94,90,242619
1.9355,0.2151,38.62,94,90,242622
1.9941,0.2151,38.62,94,90,242626
2.1750,0.2297,38.62,94,90,242629
2.3069,0.2248,38.55,94,90,242632
2.5073,0.2102,38.52,94,90,242636
2.7224,0.2151,38.55,94,90,242639
2.9765,0.2151,38.62,94,90,242642
3.2209,0.2248,38.52,94,90,242647
3.2991,0.2199,38.62,94,90,242650
3.2893,0.2248,38.49,94,90,242653
3.0303,0.2151,38.62,94,90,242656
2.7370,0.2151,38.65,94,90,242660
2.4829,0.2248,38.49,94,90,242663
2.1848,0.2102,38.62,94,90,242666
1.9844,0.2102,38.46,94,90,242670
1.7546,0.2102,38.74,94,90,242673
1.6080,0.2102,38.62,94,90,242676
1.5200,0.2199,38.49,94,90,242680
1.4370,0.2151,38.65,94,90,242683
1.4223,0.2151,38.40,94,90,242686
1.3734,0.2102,38.55,94,90,242691
1.3587,0.2102,38.62,94,90,242694
1.3832,0.2199,38.65,94,90,242697
1.3832,0.2151,38.65,94,90,242700
1.4370,0.2102,38.33,94,90,242704
1.4223,0.2248,38.52,94,90,242707
1.4614,0.2102,38.65,94,90,242710
1.4809,0.2151,38.84,94,90,242714
1.4956,0.2053,38.68,94,90,242717
1.5543,0.2297,38.55,94,90,242720
1.5298,0.2248,38.58,94,90,242724
1.5445,0.2102,38.55,94,90,242727
1.5543,0.2248,38.62,94,90,242731
1.5640,0.2102,38.62,94,90,242735
1.6080,0.2248,38.43,94,90,242738
1.6227,0.2248,38.58,94,90,242741
1.6031,0.2102,38.49,94,90,242744
1.5885,0.2151,38.58,94,90,242748
1.6129,0.2151,38.62,94,90,242751
1.6227,0.2248,38.46,94,90,242754
1.6325,0.2102,38.62,94,90,242758
1.6569,0.2248,38.49,94,90,242761
1.6373,0.2151,38.65,94,90,242764
1.6422,0.2102,38.62,94,90,242768
1.6520,0.2151,38.52,94,90,242771
1.6422,0.2151,38.68,94,90,242775
1.6716,0.2151,38.52,94,90,242779
1.6667,0.1906,38.65,94,90,242782
1.6813,0.2151,38.62,94,90,242785
1.7009,0.2199,38.68,94,90,242789
1.6911,0.2151,38.65,94,90,242792
1.7204,0.2346,38.33,94,90,242795
1.6911,0.2199,38.55,94,90,242798
1.6764,0.2102,38.84,94,90,242802
1.6911,0.1906,38.62,94,90,242805
1.6960,0.2151,38.65,94,90,242808
1.7498,0.2639,38.36,94,90,242812
1.7204,0.2199,38.65,94,90,242816
1.7155,0.2151,38.55,94,90,242819
1.7253,0.2102,38.62,94,90,242823
1.7302,0.2102,38.62,94,90,242826
1.7742,0.2493,38.49,94,90,242829
1.7546,0.2151,38.55,94,90,242833
1.7498,0.2151,38.49,94,90,242836
1.7107,0.2151,38.62,94,90,242839
1.7058,0.2639,38.65,94,90,242843
1.7302,0.2248,38.58,94,90,242846
1.7204,0.2151,38.58,94,90,242849
1.7498,0.2199,38.52,94,90,242852
1.7253,0.2151,38.65,94,90,242856
1.7155,0.2395,38.62,94,90,242860
1.7302,0.2248,38.52,94,90,242863
1.7058,0.2151,38.62,94,90,242867
1.7302,0.2151,38.49,94,90,242870
1.7302,0.2151,38.65,94,90,242873
1.7351,0.2102,38.62,94,90,242877
1.7693,0.2248,38.52,94,90,242880
1.7546,0.2151,38.62,94,90,242883
1.7986,0.2102,38.36,94,90,242887
1.7742,0.2151,38.52,94,90,242890
1.7986,0.2102,38.65,94,90,242893
1.8084,0.2199,38.62,94,90,242896
1.7986,0.2151,38.68,94,90,242900
1.8475,0.2248,38.43,94,90,242904
1.7937,0.2151,38.49,94,90,242907
1.8133,0.2151,38.58,94,90,242911
1.7889,0.2151,38.49,95,90,242914
1.8231,0.2199,38.62,95,90,242919
1.8328,0.2102,38.65,95,90,242922
1.8524,0.2248,38.18,95,90,242925
1.8328,0.2151,38.62,95,90,242929
1.8622,0.2199,37.77,95,90,242932
1.8426,0.2444,38.58,95,90,242935
1.8475,0.1906,38.62,95,90,242939
1.8719,0.2199,38.49,95,90,242942
1.8475,0.2151,38.62,95,90,242946
1.8671,0.2199,38.43,95,90,242950
1.8280,0.2248,38.55,95,90,242953
1.8280,0.2102,38.65,95,90,242956
1.8377,0.2248,38.46,95,90,242959
1.8133,0.2151,38.62,95,90,242963
1.8475,0.2199,38.36,95,90,242966
1.7937,0.2151,38.55,95,90,242969
1.7742,0.2151,38.65,95,90,242973
1.7840,0.2297,38.58,95,90,242976
1.7791,0.2151,38.65,95,90,242979
1.8377,0.2297,38.40,95,90,242983
1.8035,0.2297,38.55,95,90,242987
1.7889,0.2151,38.58,95,90,242990
1.7791,0.2199,38.62,95,90,242994
1.7791,0.2151,38.87,95,90,242997
1.8280,0.2248,38.46,95,90,243000
1.7937,0.2199,38.58,95,90,243004
1.7889,0.2151,38.52,95,90,243007
1.7644,0.2151,38.62,95,90,243010
1.7595,0.2102,38.58,95,90,243013
1.8231,0.2248,38.52,95,90,243017
1.7840,0.2199,38.62,95,90,243020
1.8231,0.2248,38.49,95,90,243023
1.7986,0.2199,38.62,95,90,243027
1.7840,0.2151,38.74,95,90,243031
1.7986,0.2199,38.52,95,90,243034
1.7986,0.1906,38.65,95,90,243038
1.8377,0.2151,38.46,95,90,243041
1.8182,0.2102,38.65,95,90,243044
1.8231,0.2151,38.74,95,90,243048
1.8426,0.2248,38.49,95,90,243051
1.8133,0.2151,38.62,95,90,243054
1.8328,0.2297,38.36,95,90,243057
1.7937,0.2199,38.55,95,90,243061
1.7840,0.2151,38.65,95,90,243064
1.8035,0.2199,38.58,95,90,243067
1.8133,0.2151,38.62,95,90,243072
1.8671,0.2688,38.33,95,90,243075
1.8280,0.2199,38.52,95,90,243078
1.8231,0.2199,38.55,95,90,243082
1.8475,0.2199,38.62,95,90,243085
1.8573,0.2151,38.65,95,90,243088
1.8964,0.2248,38.49,95,90,243092
1.8671,0.2199,38.58,95,90,243095
1.8622,0.2151,38.49,95,90,243098
1.8524,0.2102,38.62,95,90,243101
1.8377,0.2151,38.62,95,90,243105
1.8475,0.2248,38.55,95,90,243108
1.8377,0.2199,38.62,95,90,243111
1.8719,0.2248,38.49,95,90,243116
1.8377,0.2199,38.65,95,90,243119
1.8524,0.2151,38.62,95,90,243122
1.8866,0.2248,38.49,95,90,243126
1.8671,0.2248,38.62,95,90,243129
1.9013,0.2151,38.46,95,90,243132
1.9013,0.2053,38.55,95,90,243136
1.9453,0.2102,38.62,95,90,243139
1.9404,0.2346,38.55,95,90,243142
1.8964,0.2151,38.62,95,90,243146
1.9062,0.2199,38.49,95,90,243149
1.8866,0.2151,38.58,95,90,243152
1.8426,0.2151,38.62,95,90,243156
1.8524,0.2297,38.58,95,90,243160
1.8280,0.1906,38.62,95,90,243163
1.8524,0.2248,38.33,95,90,243166
1.7840,0.2151,38.55,95,90,243170
1.7693,0.2102,38.58,95,90,243173
1.7742,0.2297,38.65,95,90,243176
1.7791,0.2151,38.62,95,90,243180
1.8377,0.2248,38.49,95,90,243183
1.7791,0.2199,38.58,95,90,243186
1.7693,0.2151,38.55,95,90,243190
1.7400,0.2248,38.62,95,90,243193
1.7400,0.2151,38.65,95,90,243196
1.7693,0.2248,38.49,95,90,243201
1.7498,0.2151,38.58,95,90,243204
1.7791,0.2199,38.43,95,90,243207
1.7546,0.2151,38.62,95,90,243210
1.7351,0.2151,38.68,95,90,243214
1.7351,0.2199,38.55,95,90,243217
1.7204,0.2151,38.58,95,90,243220
1.7498,0.2151,38.02,95,90,243224
1.7155,0.2151,38.55,95,90,243227
1.7155,0.2151,38.68,95,90,243230
1.7302,0.2248,38.49,95,90,243234
1.7498,0.2151,38.62,95,90,243237
1.8280,0.2346,38.40,95,90,243240
1.8475,0.2151,38.58,95,90,243245
1.8768,0.2151,38.68,95,90,243248
1.9550,0.2248,38.58,95,90,243251
1.9892,0.2151,38.65,95,90,243255
2.1750,0.2199,38.33,95,90,243258
2.3216,0.1906,38.55,95,90,243261
2.5269,0.2151,38.62,95,90,243264
2.8006,0.2199,38.62,95,90,243268
3.0694,0.2151,38.65,95,90,243271
3.3675,0.2297,38.40,95,90,243274
3.4115,0.2248,38.55,95,90,243278
3.2747,0.2102,38.55,95,90,243281
2.9814,0.2151,38.62,95,90,243284
2.6491,0.2199,38.62,95,90,243289
2.3167,0.2248,38.49,95,90,243292
2.0039,0.2151,38.58,95,90,243295
1.7986,0.2542,38.55,95,90,243298
1.6129,0.2151,38.62,95,90,243302
1.4858,0.2297,38.65,95,90,243305
1.4272,0.2199,38.58,95,90,243308
1.3539,0.2199,38.62,95,90,243312
1.3343,0.2248,38.49,95,90,243315
1.3148,0.2151,38.65,95,90,243318
1.3392,0.2395,38.65,95,90,243322
1.3734,0.2248,38.52,95,90,243325
1.3587,0.2199,38.62,95,90,243329
1.3978,0.2102,38.46,95,90,243333
1.3978,0.2151,38.52,95,90,243336
1.4223,0.2542,38.65,95,90,243339
1.4761,0.2248,38.55,95,90,243343
1.4858,0.2248,38.68,95,90,243346
1.5347,0.2199,38.36,95,90,243349
1.5298,0.2102,38.62,95,90,243352
1.5347,0.2199,38.65,95,90,243356
1.5494,0.2199,38.68,95,90,243359
1.5494,0.2151,38.65,95,90,243362
1.6373,0.2297,38.33,95,90,243366
1.5885,0.2199,38.52,95,90,243369
1.6325,0.2102,38.58,95,90,243373
1.6325,0.2151,38.68,95,90,243377
1.6520,0.2102,38.62,95,90,243380
1.6520,0.2297,38.49,95,90,243383
1.6325,0.2297,38.58,95,90,243387
1.6862,0.2102,38.52,95,90,243390
1.6618,0.2151,38.62,95,90,243393
1.6716,0.2151,38.65,95,90,243396
1.7107,0.2248,38.49,95,90,243400
1.6862,0.2151,38.58,95,90,243403
1.7107,0.2199,38.52,95,90,243406
1.6911,0.2151,38.62,95,90,243410
1.7204,0.2199,38.65,95,90,243414
1.7400,0.2199,38.49,95,90,243417
1.7253,0.2151,38.62,95,90,243421
1.7449,0.2151,38.49,95,90,243424
1.7107,0.2151,38.58,95,90,243427
1.7107,0.2102,38.62,95,90,243431
1.7155,0.2248,38.58,95,90,243434
1.6960,0.2199,38.62,95,90,243437
1.7302,0.2199,38.43,95,90,243440
1.7155,0.2102,38.62,95,90,243444
1.7351,0.2199,38.68,95,90,243447
1.7498,0.2199,38.62,95,90,243450
1.7302,0.2151,38.65,95,90,243454
1.7791,0.2248,38.33,95,90,243458
1.7351,0.2199,38.58,95,90,243461
1.7351,0.2102,38.58,95,90,243465
1.7644,0.2199,38.58,95,90,243468
1.7693,0.2151,38.65,95,90,243471
1.8182,0.2346,38.40,95,90,243475
1.7644,0.2248,38.65,95,90,243478
1.7400,0.2248,38.52,95,90,243481
1.7449,0.2151,38.62,95,90,243484
1.7449,0.2151,38.62,95,90,243488
1.7742,0.2248,38.52,95,90,243491
1.7595,0.2199,38.58,95,90,243494
1.7840,0.2199,38.77,95,90,243499
1.7693,0.2102,38.68,95,90,243502
1.7546,0.2151,38.65,95,90,243505
1.7644,0.2151,38.55,95,90,243509
1.7449,0.2151,38.62,95,90,243512
1.7742,0.2248,38.52,95,90,243515
1.7595,0.2151,38.65,95,90,243519
1.7791,0.2151,38.62,95,90,243522
1.8084,0.2248,38.55,94,90,243525
1.8426,0.2199,38.58,94,90,243530
1.8475,0.2151,38.65,94,90,243533
1.9062,0.2248,38.36,94,90,243537
1.8768,0.2151,38.49,94,90,243540
1.8719,0.2151,38.58,94,90,243544
1.8915,0.2199,38.62,94,90,243547
1.8866,0.2151,38.74,94,90,243551
1.9501,0.2297,38.46,94,90,243554
1.9257,0.2199,38.55,94,90,243557
1.9208,0.2151,38.52,94,90,243561
1.9013,0.2151,38.65,94,90,243564
1.8866,0.2151,38.84,94,90,243567
1.9159,0.2297,38.62,94,90,243571
1.8573,0.2199,38.62,94,90,243574
1.8524,0.2199,38.46,94,90,243577
1.8182,0.2151,38.62,94,90,243581
1.8182,0.2151,38.65,94,90,243585
1.8524,0.2297,38.52,94,90,243588
1.8426,0.2151,38.62,94,90,243592
1.8671,0.2151,38.46,94,90,243595
1.8231,0.2151,38.77,94,90,243598
1.8035,0.2151,38.68,94,90,243601
1.8084,0.2199,38.49,94,90,243605
1.7791,0.2151,38.65,94,90,243608
1.8035,0.2102,38.43,94,90,243611
1.7791,0.2199,38.58,94,90,243615
1.7742,0.2199,38.65,94,90,243618
1.7889,0.1906,38.55,94,90,243621
1.7791,0.2151,38.77,94,90,243625
1.8182,0.2199,38.33,94,90,243629
1.7742,0.2151,38.58,94,90,243632
1.7693,0.2151,38.68,94,90,243636
1.7742,0.2199,38.58,94,90,243639
1.7937,0.2151,38.62,94,90,243642
1.8328,0.2346,38.46,94,90,243645
1.7937,0.2199,38.52,94,90,243649
1.7840,0.2151,38.55,94,90,243652
1.7742,0.2199,38.02,94,90,243655
1.7742,0.2199,38.65,94,90,243659
1.8133,0.2297,38.46,94,90,243662
1.7889,0.2199,38.58,94,90,243665
1.7986,0.2199,38.49,94,90,243670
1.7889,0.2151,38.58,94,90,243673
1.8231,0.2199,38.62,94,90,243676
1.8231,0.2199,38.58,94,90,243680
1.8133,0.2199,38.58,94,90,243683
1.8671,0.2151,38.52,94,90,243686
1.8182,0.2151,38.58,94,90,243689
1.8182,0.2199,38.65,94,90,243693
1.8231,0.2199,38.58,94,90,243696
1.8084,0.2151,38.65,94,90,243699
1.8377,0.2444,38.43,94,90,243703
1.8182,0.2199,38.65,94,90,243706
1.8377,0.2199,38.68,94,90,243709
1.8671,0.2248,38.55,94,90,243714
1.8426,0.2199,38.68,94,90,243717
1.8817,0.2248,38.33,94,90,243720
1.8524,0.2199,38.52,94,90,243724
1.8328,0.2297,38.68,94,90,243727
1.8328,0.2199,38.71,94,90,243730
1.8231,0.2151,38.65,94,90,243734
1.8768,0.2346,38.43,94,90,243737
1.8377,0.2297,38.49,94,90,243740
1.8377,0.2151,38.55,94,90,243743
1.8426,0.2199,38.62,94,90,243747
1.8524,0.2151,38.65,94,90,243750
1.9013,0.2199,38.49,94,90,243753
1.8817,0.2199,38.58,94,90,243758
1.9062,0.2199,38.55,94,90,243761
1.8915,0.2199,38.68,94,90,243764
1.9062,0.2248,38.65,94,90,243768
1.9355,0.2248,38.74,94,90,243771
1.9159,0.2395,38.58,94,90,243774
1.9257,0.2199,38.52,94,90,243778
1.8768,0.2151,38.65,94,90,243781
1.8573,0.2151,38.62,94,90,243784
1.8719,0.2248,38.77,94,90,243787
1.8328,0.2102,38.62,94,90,243791
1.8280,0.2151,38.49,94,90,243794
1.7986,0.2346,38.52,94,90,243798
1.7840,0.2151,38.58,94,90,243802
1.7986,0.2297,38.52,94,90,243805
1.7742,0.2199,38.62,94,90,243808
1.8035,0.2248,38.40,94,90,243812
1.7595,0.2199,38.62,94,90,243815
1.7400,0.2151,38.62,94,90,243818
1.7302,0.2199,38.62,94,90,243822
1.7058,0.2151,38.55,94,90,243825
1.7546,0.2102,38.33,94,90,243828
1.7155,0.2346,38.52,94,90,243832
1.7204,0.2102,38.58,94,90,243835
1.7204,0.2199,38.62,94,90,243838
1.7155,0.2199,38.65,94,90,243842
1.7791,0.2346,38.46,94,90,243846
1.7302,0.2199,38.58,94,90,243849
1.7351,0.2151,38.52,94,90,243852
1.7253,0.2151,38.71,94,90,243856
1.7253,0.2053,38.65,94,90,243859
1.7546,0.2248,38.46,94,90,243862
1.7302,0.2248,38.58,94,90,243866
1.7546,0.2102,38.46,94,90,243869
1.7595,0.2151,38.65,94,90,243872
1.7889,0.2102,38.62,94,90,243876
1.8524,0.2199,38.52,94,90,243879
1.9110,0.2199,38.62,94,90,243883
2.0528,0.2151,38.49,94,90,243886
2.1799,0.2151,38.58,94,90,243890
2.3754,0.2199,38.62,94,90,243893
2.6442,0.2199,38.49,94,90,243896
2.8690,0.2151,38.65,94,90,243900
3.1574,0.2248,38.43,94,90,243903
3.2551,0.2151,38.58,94,90,243906
3.2600,0.2248,38.62,94,90,243910
3.0841,0.2199,38.58,94,90,243913
2.7566,0.2151,38.58,94,90,243916
2.4780,0.2297,38.33,94,90,243920
2.1261,0.2248,38.55,94,90,243923
1.8475,0.2151,38.65,94,90,243927
1.6471,0.2199,38.58,94,90,243930
1.4907,0.2151,38.77,94,90,243934
1.4223,0.2444,38.40,94,90,243937
1.3245,0.2248,38.55,94,90,243940
1.2854,0.2199,38.52,94,90,243944
1.2805,0.2102,38.58,94,90,243947
1.2659,0.2151,38.62,94,90,243950
1.3245,0.2248,38.49,94,90,243954
1.3392,0.2199,38.62,94,90,243957
1.3685,0.2199,38.52,94,90,243960
1.3978,0.2248,38.65,94,90,243964
1.3930,0.2151,38.62,94,90,243968
1.4663,0.2248,38.58,94,90,243971
1.4418,0.2151,38.62,94,90,243974
1.4809,0.2248,38.49,94,90,243978
1.4858,0.2199,38.68,94,90,243981
1.5103,0.2151,38.74,94,90,243984
1.5543,0.2102,38.55,94,90,243988
1.5494,0.2199,38.62,94,90,243991
1.5738,0.2199,38.52,94,90,243994
1.5640,0.2199,38.58,94,90,243998
1.5640,0.2151,38.68,94,90,244001
1.5934,0.2248,38.55,94,90,244004
1.5738,0.2151,38.65,94,90,244008
1.6227,0.2590,38.36,94,90,244012
1.6031,0.2151,38.55,94,90,244015
1.6080,0.2151,38.62,94,90,244018
1.6520,0.2199,38.58,94,90,244022
1.6325,0.2102,38.65,94,90,244025
1.6764,0.2297,38.74,94,90,244028
1.6667,0.2102,38.49,94,90,244032
1.6569,0.2102,38.58,94,90,244035
1.6667,0.2248,38.62,94,90,244038
1.6716,0.2151,38.62,94,90,244042
1.7155,0.2297,38.49,94,90,244045
1.6813,0.2199,38.58,94,90,244048
1.6911,0.2151,38.46,94,90,244052
1.6813,0.2151,38.62,94,90,244056
1.6862,0.2151,38.62,94,90,244059
1.7204,0.2248,38.46,94,90,244063
1.6960,0.2151,38.62,94,90,244066
1.7155,0.2199,38.49,94,90,244069
1.6960,0.2199,38.65,94,90,244072
1.6960,0.2151,38.33,94,90,244076
1.7155,0.2199,38.52,94,90,244079
1.6960,0.2199,38.68,94,90,244082
1.7253,0.2151,38.58,94,90,244086
1.7009,0.2151,38.58,94,90,244089
1.7155,0.2151,38.65,94,90,244092
1.7351,0.2151,38.49,94,90,244097
1.7253,0.2151,38.65,94,90,244100
1.7693,0.2248,38.40,94,90,244103
1.7449,0.2102,38.62,94,90,244107
1.7498,0.2151,38.65,94,90,244110
1.7546,0.2248,38.62,94,90,244113
1.7498,0.2151,38.62,94,90,244116
1.7937,0.2248,38.33,94,90,244120
1.7644,0.2199,38.58,94,90,244123
1.7498,0.2151,38.11,94,90,244126
1.7546,0.2199,38.62,94,90,244130
1.7498,0.2151,38.74,94,90,244133
1.8035,0.2395,38.43,94,90,244136
1.8133,0.2248,38.52,94,90,244142
1.8035,0.2199,38.58,94,90,244145
1.8377,0.2248,38.52,94,90,244149
1.8231,0.2151,38.65,94,90,244152
1.8328,0.2151,38.74,94,90,244155
1.8524,0.2151,38.49,94,90,244159
1.8426,0.2151,38.62,94,90,244162
1.8719,0.2199,38.40,94,90,244165
1.8524,0.2199,38.65,94,90,244169
1.8573,0.2151,38.84,94,90,244172
1.8768,0.2248,38.55,94,90,244175
1.8622,0.2199,38.58,94,90,244178
1.9013,0.2346,38.40,94,90,244183
1.8768,0.2248,38.52,94,90,244186
1.8622,0.2151,38.71,94,90,244189
1.9013,0.2102,38.58,94,90,244193
1.8622,0.2151,38.62,94,90,244196
1.9110,0.2590,38.36,94,90,244199
1.8671,0.2199,38.49,94,90,244203
1.8475,0.2151,38.52,94,90,244206
1.8475,0.2199,38.62,94,90,244209
1.8377,0.2151,38.68,94,90,244213
1.8866,0.2346,38.46,94,90,244216
1.8573,0.2248,38.58,94,90,244219
1.8524,0.2151,38.49,94,90,244222
1.8328,0.2199,38.58,94,90,244227
1.8280,0.2151,38.65,94,90,244230
1.8524,0.2297,38.55,94,90,244233
1.8231,0.2199,38.62,94,90,244237
1.8475,0.2199,38.49,94,90,244240
1.8182,0.2199,38.58,94,90,244243
1.8084,0.2151,38.58,94,90,244247
1.8280,0.2199,38.46,94,90,244250
1.8035,0.2151,38.84,94,90,244253
1.8377,0.2199,38.49,94,90,244257
1.8035,0.2151,38.55,94,90,244260
1.7986,0.2199,38.62,94,90,244263
1.8133,0.2248,38.49,94,90,244268
1.7986,0.2199,38.65,94,90,244271
1.8280,0.2346,38.46,94,90,244274
1.7986,0.2199,38.55,94,90,244277
1.7889,0.2151,38.62,94,90,244281
1.7986,0.2102,38.58,94,90,244284
1.7791,0.2151,38.58,94,90,244287
1.8231,0.2395,38.33,94,90,244291
1.7840,0.2199,38.55,94,90,244294
1.7840,0.2151,38.62,94,90,244297
1.7937,0.2199,38.58,94,90,244301
1.7889,0.2248,38.65,94,90,244304
1.8377,0.2346,38.43,94,90,244307
1.8084,0.2248,38.52,94,90,244312
1.8035,0.2151,38.55,94,90,244315
1.8084,0.2199,38.62,94,90,244318
1.8133,0.2199,38.62,94,90,244321
1.8573,0.2297,38.46,94,90,244325
1.8377,0.2199,38.58,94,90,244328
1.8524,0.2248,38.52,94,90,244331
1.8377,0.2151,38.62,94,90,244335
1.8377,0.2297,38.65,94,90,244338
1.8622,0.2297,38.52,94,90,244341
1.8475,0.2199,38.58,94,90,244345
1.8768,0.2297,38.46,94,90,244348
1.8524,0.2151,38.62,94,90,244352
1.8524,0.2151,38.65,94,90,244356
1.8768,0.2199,38.52,94,90,244359
1.8622,0.2151,38.65,94,90,244362
1.8866,0.2248,38.46,94,90,244365
1.8573,0.2199,38.65,94,90,244369
1.8671,0.2199,38.68,94,90,244372
1.8866,0.2248,38.55,94,90,244375
1.8768,0.2151,38.62,94,90,244379
1.9208,0.2248,38.43,94,90,244382
1.8964,0.2639,38.55,94,90,244385
1.9208,0.2248,38.65,94,90,244389
1.9110,0.2199,38.68,94,90,244392
1.9062,0.2248,38.62,94,90,244396
1.9746,0.2395,38.40,94,90,244400
1.9599,0.2346,38.52,94,90,244403
1.9599,0.2151,38.52,94,90,244406
1.9648,0.2199,38.81,94,90,244410
1.9550,0.2199,38.65,94,90,244413
1.9844,0.2102,38.46,94,90,244416
1.9404,0.2199,38.58,94,90,244419
1.9257,0.2542,38.49,94,90,244423
1.8866,0.2199,38.62,94,90,244426
1.8671,0.2151,38.68,94,90,244429
1.8719,0.2248,38.62,94,90,244433
1.8475,0.2248,38.58,94,90,244436
1.8671,0.2248,38.52,94,90,244440
1.8328,0.2199,38.58,94,90,244444
1.8231,0.2248,38.62,94,90,244447
1.8377,0.2297,38.55,94,90,244450
1.8084,0.2199,38.68,94,90,244454
1.8280,0.1906,38.46,94,90,244457
1.7986,0.2199,38.55,94,90,244460
1.7840,0.2151,38.62,94,90,244463
1.8035,0.2297,38.52,94,90,244467
1.7791,0.2199,38.62,94,90,244470
1.8182,0.2199,38.36,94,90,244473
1.7889,0.2199,38.58,94,90,244477
1.7791,0.2151,38.21,94,90,244481
1.8182,0.2297,38.62,94,90,244484
1.7742,0.2151,38.62,94,90,244488
1.8182,0.2297,38.33,94,90,244491
1.7742,0.2199,38.52,94,90,244494
1.7693,0.2151,38.65,94,90,244498
1.7742,0.2199,38.62,94,90,244501
1.7791,0.2102,38.68,94,90,244504
1.8866,0.2346,38.46,94,90,244507
1.8524,0.2199,38.58,94,90,244511
1.8915,0.2151,38.52,94,90,244514
1.9453,0.2199,38.62,94,90,244517
2.0283,0.2297,38.65,94,90,244521
2.2190,0.2297,38.43,94,90,244525
2.3167,0.2199,38.68,94,90,244528
2.5415,0.2199,38.55,94,90,244532
2.7419,0.1906,38.65,94,90,244535
2.9814,0.2151,38.65,94,90,244538
3.2111,0.2199,38.55,94,90,244542
3.2747,0.2199,38.58,94,90,244545
3.2356,0.2199,38.52,94,90,244548
2.9863,0.2151,38.62,94,90,244551
2.6491,0.2151,38.65,94,90,244555
2.3656,0.2248,38.49,94,90,244558
2.0772,0.2102,38.68,94,90,244561
1.8817,0.2248,38.33,94,90,244566
1.6813,0.2102,38.68,94,90,244569
1.5396,0.2151,38.65,94,90,244572
1.4516,0.2590,38.58,94,90,244576
1.3832,0.2199,38.65,94,90,244579
1.3881,0.2297,38.36,94,90,244582
1.3490,0.2102,38.55,94,90,244586
1.3343,0.2151,38.71,94,90,244589
1.3490,0.2199,38.62,94,90,244592
1.3636,0.2151,38.62,94,90,244595
1.4125,0.2395,38.36,94,90,244599
1.3832,0.2297,38.52,94,90,244602
1.4027,0.2151,38.55,94,90,244605
1.4467,0.2102,38.62,94,90,244610
1.4370,0.2151,38.65,94,90,244613
1.4858,0.2444,38.49,94,90,244616
1.4858,0.2199,38.58,94,90,244620
1.5054,0.2151,38.52,94,90,244623
1.5298,0.2102,38.62,94,90,244626
1.5103,0.2199,38.74,94,90,244630
1.5347,0.2199,38.58,94,90,244633
1.5396,0.2199,38.62,94,90,244636
1.5689,0.2248,38.52,94,90,244640
1.5543,0.1906,38.62,94,90,244643
1.5640,0.2151,38.71,94,90,244646
1.5885,0.2248,38.55,94,90,244649
1.5787,0.2199,38.62,94,90,244654
1.6080,0.2199,38.49,94,90,244657
1.6227,0.2248,38.52,94,90,244660
1.6031,0.2151,38.62,94,90,244664
1.6373,0.2346,38.55,94,90,244667
1.6129,0.2199,38.62,94,90,244670
1.6569,0.2248,38.36,94,90,244674
1.6422,0.2151,38.55,94,90,244677
1.6373,0.2151,38.68,94,90,244680
1.6471,0.2199,38.55,94,90,244684
1.6373,0.2199,38.62,94,90,244687
1.6862,0.2297,38.36,94,90,244690
1.6618,0.2199,38.49,94,90,244694
1.6618,0.2151,38.58,94,90,244698
1.6716,0.2199,38.58,94,90,244701
1.6667,0.2199,38.65,94,90,244704
1.7107,0.2346,38.49,94,90,244708
1.6764,0.2199,38.62,94,90,244711
1.6911,0.2199,38.49,94,90,244714
1.6911,0.2199,38.62,94,90,244718
1.7058,0.2199,38.62,94,90,244721
1.7400,0.2199,38.46,94,90,244724
1.7253,0.2199,38.65,94,90,244728
1.7400,0.2199,38.46,94,90,244731
1.7155,0.2151,38.65,94,90,244734
1.7253,0.2151,38.62,94,90,244738
1.7498,0.2248,38.52,94,90,244742
1.7302,0.2102,38.62,94,90,244745
1.7644,0.2199,38.55,94,90,244748
1.7449,0.2102,38.40,94,90,244752
1.7498,0.2151,38.58,94,90,244756
1.7889,0.2151,38.62,94,90,244760
1.7791,0.2199,38.68,94,90,244763
1.8133,0.2151,38.62,94,90,244766
1.8328,0.2395,38.46,94,90,244770
1.8280,0.2199,38.58,94,90,244773
1.8035,0.2151,38.55,94,90,244776
1.8035,0.2248,38.62,94,90,244781
1.8377,0.2248,38.65,94,90,244784
1.8622,0.2297,38.43,94,90,244787
1.8524,0.2199,38.55,94,90,244791
1.8573,0.2199,38.55,94,90,244794
1.8524,0.2199,38.62,94,90,244797
1.8524,0.2102,38.62,94,90,244800
1.8964,0.2248,38.40,94,90,244804
1.8866,0.2346,38.58,94,90,244807
1.9404,0.2102,38.49,94,90,244810
1.8768,0.2199,38.62,94,90,244814
1.8719,0.2199,38.62,94,90,244817
1.8768,0.2102,38.55,94,90,244820
1.8671,0.2199,38.52,94,90,244825
1.8866,0.2248,38.46,94,90,244828
1.8573,0.2199,38.71,94,90,244831
1.8475,0.2248,38.40,94,90,244835
1.8622,0.2248,38.58,94,90,244838
1.8377,0.2102,38.68,94,90,244841
1.8768,0.2102,38.36,94,90,244844
1.8475,0.2248,38.30,94,90,244848
1.8328,0.2151,38.62,94,90,244851
1.8426,0.2248,38.55,94,90,244854
1.8328,0.2199,38.68,94,90,244858
1.8768,0.2493,38.33,94,90,244861
1.8328,0.2199,38.52,94,90,244865
1.8231,0.2151,38.58,94,90,244869
1.8182,0.2248,38.62,94,90,244872
1.8084,0.2199,38.71,94,90,244875
1.8524,0.2346,38.46,94,90,244879
1.8035,0.2248,38.55,94,90,244882
1.8035,0.2199,38.55,94,90,244885
1.8328,0.2151,38.62,94,90,244888
1.8035,0.2151,38.58,94,90,244892
1.8524,0.2102,38.55,94,90,244895
1.8182,0.2248,38.58,94,90,244898
1.8231,0.2199,38.49,94,90,244902
1.8035,0.2199,38.65,94,90,244905
1.8035,0.2199,38.71,94,90,244909
1.8280,0.2248,38.46,94,90,244913
1.7937,0.2199,38.65,94,90,244916
1.8280,0.2151,38.52,94,90,244919
1.7986,0.2151,38.58,94,90,244923
1.7986,0.2199,38.58,94,90,244926
1.8084,0.2199,38.49,94,90,244929
1.7986,0.2199,38.62,94,90,244932
1.8231,0.2199,38.43,94,90,244936
1.7986,0.2199,38.55,94,90,244939
1.7986,0.2151,38.65,94,90,244942
1.8182,0.2151,38.52,94,90,244946
1.8084,0.2199,38.58,94,90,244950
1.8524,0.2248,38.36,94,90,244953
1.7986,0.2102,38.55,94,90,244957
1.8133,0.2151,38.62,94,90,244960
1.8182,0.2248,38.58,94,90,244963
1.8084,0.2199,38.65,94,90,244967
1.8622,0.2395,38.36,94,90,244970
1.8328,0.2248,38.49,94,90,244973
1.8231,0.2151,38.58,94,90,244976
1.8280,0.2199,38.58,94,90,244980
1.8280,0.2248,38.58,94,90,244983
1.8622,0.2297,38.43,94,90,244986
1.8328,0.2248,38.58,94,90,244990
1.8328,0.2199,38.52,94,90,244994
1.8475,0.2199,38.62,94,90,244997
1.8231,0.2199,38.65,94,90,245001
1.8475,0.2346,38.52,94,90,245004
1.8377,0.2199,38.62,94,90,245007
1.8622,0.2248,38.46,94,90,245011
1.8524,0.2199,38.58,94,90,245014
1.8573,0.2199,38.65,94,90,245017
1.8719,0.2199,38.52,94,90,245020
1.8817,0.2248,38.65,94,90,245024
1.8964,0.2199,38.49,94,90,245027
1.8817,0.2248,38.65,94,90,245030
1.8866,0.2199,38.68,94,90,245035
1.9159,0.2248,38.49,94,90,245038
1.9013,0.2199,38.62,94,90,245041
1.9599,0.2297,38.40,94,90,245045
1.9453,0.2248,38.52,94,90,245048
1.9257,0.2151,38.62,94,90,245051
1.9648,0.2248,38.58,94,90,245055
1.9062,0.2199,38.62,94,90,245058
1.9550,0.2346,38.33,94,90,245061
1.9013,0.2199,38.52,94,90,245065
1.8768,0.2151,38.65,94,90,245068
1.8768,0.2199,38.65,94,90,245071
1.8377,0.2199,38.62,94,90,245074
1.8719,0.2688,38.46,94,90,245079
1.8328,0.2248,38.62,94,90,245082
1.8133,0.2151,38.58,94,90,245085
1.7986,0.2248,38.62,94,90,245089
1.7889,0.2199,38.68,94,90,245092
1.8035,0.2248,38.55,94,90,245095
1.7693,0.2199,38.62,94,90,245099
1.7840,0.2199,38.43,94,90,245102
1.7595,0.2248,38.68,94,90,245105
1.7595,0.2151,38.81,94,90,245109
1.7840,0.2248,38.55,94,90,245112
1.7595,0.2199,38.62,94,90,245115
1.7840,0.2248,38.55,94,90,245118
1.7498,0.2151,38.58,94,90,245123
1.7546,0.2151,38.65,94,90,245126
1.7742,0.2248,38.49,94,90,245129
1.7595,0.2199,38.65,94,90,245133
1.7889,0.2297,38.40,94,90,245136
1.7595,0.2199,38.58,94,90,245139
1.7595,0.2151,38.65,94,90,245143
1.7840,0.2199,38.55,94,90,245146
1.7840,0.2199,38.62,94,90,245149
1.8622,0.2297,38.36,94,90,245153
1.8622,0.2248,38.55,94,90,245156
1.9257,0.2151,38.62,94,90,245159
2.0283,0.2102,38.58,94,90,245164
2.1505,0.2199,38.52,94,90,245167
2.3900,0.2542,38.43,94,90,245170
2.5367,0.2102,38.62,94,90,245173
2.7761,0.2151,38.55,94,90,245177
3.0156,0.2199,38.65,94,90,245180
3.1769,0.2151,38.62,94,90,245183
3.2747,0.2688,38.43,94,90,245187
3.1085,0.2199,38.58,94,90,245190
2.8641,0.2199,38.55,94,90,245193
2.5367,0.2297,38.68,94,90,245197
2.2581,0.2102,38.65,94,90,245200
2.0381,0.2248,38.46,94,90,245203
1.8182,0.2297,38.62,94,90,245207
1.6813,0.2248,38.52,94,90,245211
1.5200,0.2199,38.15,94,90,245214
1.4516,0.2102,38.62,94,90,245217
1.4125,0.2199,38.52,94,90,245221
1.3832,0.2199,38.65,94,90,245224
1.3832,0.2542,38.46,94,90,245227
1.3685,0.2199,38.62,94,90,245231
1.3881,0.2297,38.62,94,90,245234
1.4174,0.2248,38.58,94,90,245237
1.4272,0.2493,38.65,94,90,245241
1.4761,0.2248,38.40,94,90,245244
1.4712,0.2248,38.68,94,90,245248
1.4712,0.2199,38.62,94,90,245251
1.5005,0.2248,38.62,94,90,245255
1.5054,0.2151,38.55,94,90,245258
1.5591,0.2346,38.33,94,90,245261
1.5396,0.2199,38.24,94,90,245265
1.5445,0.2151,38.58,94,90,245268
1.5591,0.2199,38.65,94,90,245271
1.5591,0.2199,38.62,94,90,245275
1.6325,0.2395,38.36,94,90,245278
1.6227,0.2199,38.55,94,90,245281
1.6276,0.2199,38.49,94,90,245285
1.6080,0.2199,38.65,94,90,245288
1.6080,0.2542,38.62,94,90,245292
1.6716,0.2102,38.55,94,90,245295
1.6276,0.2199,38.62,94,90,245299
1.6569,0.2199,38.49,94,90,245302
1.6471,0.2199,38.71,94,90,245305
1.6569,0.2248,38.62,94,90,245309
1.6813,0.2297,38.55,94,90,245312
1.6520,0.2151,38.62,94,90,245315
1.6813,0.2199,38.49,94,90,245319
1.6618,0.2151,38.52,94,90,245322
1.6667,0.2248,38.68,94,90,245325
1.6862,0.2248,38.46,94,90,245329
1.6667,0.2102,38.62,94,90,245332
1.7155,0.2102,38.40,94,90,245336
1.6716,0.2199,38.65,94,90,245340
1.6764,0.2151,38.62,94,90,245343
1.7009,0.2248,38.55,94,90,245346
1.6911,0.2151,38.84,94,90,245349
1.7693,0.2297,38.43,94,90,245353
1.7009,0.2151,38.77,94,90,245356
1.7009,0.2199,38.68,94,90,245359
1.7107,0.2199,38.58,94,90,245363
1.7449,0.2199,38.65,94,90,245367
1.7546,0.2151,38.65,94,90,245371
1.7986,0.2199,38.46,94,90,245374
1.7644,0.2199,38.62,94,90,245378
1.8231,0.2297,38.46,94,90,245382
1.7693,0.2199,38.62,94,90,245385
1.7742,0.2151,38.58,94,90,245388
1.7889,0.2199,38.52,94,90,245392
1.7693,0.2199,38.55,94,90,245395
1.8035,0.2248,38.46,94,90,245398
1.7742,0.2151,38.58,94,90,245402
1.7840,0.2199,38.62,94,90,245405
1.8133,0.2248,38.52,94,90,245408
1.7986,0.2199,38.68,94,90,245411
1.8377,0.2297,38.40,94,90,245415
1.8035,0.2151,38.65,94,90,245419
1.7986,0.2248,38.68,94,90,245422
1.8084,0.2248,38.58,94,90,245426
1.8084,0.2199,38.65,94,90,245429
1.8768,0.2346,38.33,94,90,245432
1.8622,0.2248,38.55,94,90,245436
1.8671,0.2151,38.65,94,90,245439
1.8768,0.2199,38.71,94,90,245442
1.8622,0.2199,38.65,94,90,245446
1.9013,0.2346,38.43,94,90,245449
1.8768,0.2248,38.52,94,90,245452
1.8671,0.2346,38.52,94,90,245455
1.8524,0.2199,38.62,94,90,245459
1.8377,0.2248,38.68,94,90,245463
1.8671,0.2297,38.49,94,90,245466
1.8328,0.2199,38.71,94,90,245470
1.8524,0.2248,38.49,94,90,245473
1.8377,0.2199,38.62,94,90,245476
1.8377,0.2248,38.65,94,90,245480
1.8426,0.2199,38.55,94,90,245483
1.8231,0.2199,38.84,94,90,245486
1.8426,0.2248,38.49,94,90,245490
1.8133,0.2199,38.65,94,90,245493
1.8231,0.2151,38.62,94,90,245496
1.8426,0.2248,38.55,94,90,245500
1.8328,0.2248,38.62,94,90,245504
1.8328,0.2248,38.40,94,90,245507
1.8084,0.2199,38.49,94,90,245510
1.8035,0.2248,38.65,94,90,245514
1.8377,0.2248,38.55,94,90,245517
1.8231,0.2151,38.62,94,90,245520
1.8622,0.2297,38.36,94,90,245524
1.7986,0.2151,38.55,94,90,245527
1.7791,0.2151,38.62,94,90,245530
1.7791,0.2199,38.55,94,90,245534
1.7644,0.2151,38.58,94,90,245537
1.8231,0.2395,38.43,94,90,245540
1.8084,0.2248,38.55,94,90,245544
1.7840,0.2151,38.55,94,90,245548
1.7791,0.2199,38.62,94,90,245551
1.7791,0.2199,38.62,94,90,245554
1.8084,0.2297,38.52,94,90,245558
1.7889,0.2248,38.58,94,90,245561
1.7986,0.2199,38.49,94,90,245564
1.7791,0.2248,38.62,94,90,245568
1.7791,0.2199,38.68,94,90,245571
1.8084,0.2297,38.49,94,90,245574
1.7937,0.2199,38.62,94,90,245578
1.8231,0.2297,38.49,94,90,245581
1.7889,0.2248,38.58,94,90,245584
1.7937,0.2199,38.62,94,90,245588
1.8084,0.2248,38.52,94,90,245592
1.7986,0.2248,38.65,94,90,245595
1.8377,0.2102,38.46,94,90,245598
1.7986,0.2199,38.65,94,90,245602
1.7986,0.2151,38.62,94,90,245605
1.8280,0.2297,38.55,94,90,245608
1.8182,0.2199,38.62,94,90,245612
1.8964,0.2297,38.40,94,90,245615
1.8280,0.2151,38.58,94,90,245618
1.8328,0.2493,38.65,94,90,245622
1.8426,0.2248,38.58,94,90,245625
1.8231,0.2199,38.62,94,90,245628
1.8817,0.2346,38.33,94,90,245633
1.8475,0.2248,38.62,94,90,245636
1.8328,0.2151,38.62,94,90,245639
1.8328,0.2199,38.52,94,90,245643
1.8328,0.2199,38.68,94,90,245646
1.8817,0.2102,38.43,94,90,245649
1.8573,0.2248,38.62,94,90,245652
1.8573,0.2151,38.52,94,90,245656
1.8377,0.2199,37.83,94,90,245659
1.8328,0.2199,38.68,94,90,245662
1.8768,0.2297,38.52,94,90,245666
1.8817,0.2199,38.65,94,90,245669
1.9306,0.2199,38.49,94,90,245672
1.9257,0.2199,38.62,94,90,245677
1.9257,0.2102,38.65,94,90,245680
1.9355,0.2199,38.52,94,90,245683
1.9257,0.2493,38.62,94,90,245687
1.9453,0.2199,38.46,94,90,245690
1.9208,0.2199,38.52,94,90,245693
1.9110,0.2199,38.68,94,90,245696
1.9062,0.2297,38.52,94,90,245700
1.8524,0.2151,38.68,94,90,245703
1.8719,0.2248,38.36,94,90,245706
1.8377,0.2297,38.49,94,90,245710
1.8182,0.2102,38.65,94,90,245713
1.8280,0.2248,38.58,94,90,245716
1.8035,0.2151,38.68,94,90,245721
1.8377,0.2297,38.33,94,90,245724
1.7791,0.2199,38.52,94,90,245727
1.7644,0.2102,38.62,94,90,245731
1.7595,0.2199,38.62,94,90,245734
1.7546,0.2346,38.62,94,90,245737
1.8084,0.2395,38.43,94,90,245740
1.7742,0.2248,38.55,94,90,245744
1.7693,0.2297,38.55,94,90,245747
1.7595,0.2199,38.62,94,90,245750
1.7546,0.2151,38.68,94,90,245754
1.7791,0.2297,38.55,94,90,245757
1.7546,0.2395,38.62,94,90,245761
1.7791,0.2199,38.49,94,90,245765
1.7498,0.2346,38.58,94,90,245768
1.7791,0.2151,38.65,94,90,245771
1.7840,0.2346,38.46,94,90,245775
1.7595,0.2248,38.62,94,90,245778
1.8328,0.2102,38.49,94,90,245781
1.7937,0.2151,38.55,94,90,245784
1.8328,0.2199,38.62,94,90,245788
1.9013,0.2248,38.55,94,90,245791
1.9453,0.2199,38.65,94,90,245794
2.1065,0.2199,38.40,94,90,245798
2.1896,0.1906,38.55,94,90,245801
2.3754,0.2151,38.62,94,90,245805
2.6393,0.2297,38.52,94,90,245809
2.8690,0.2199,38.65,94,90,245812
3.1720,0.2248,38.40,94,90,245815
3.2454,0.2151,38.58,94,90,245819
3.2502,0.2248,38.68,94,90,245822
3.0596,0.2199,38.65,94,90,245825
2.7370,0.2151,38.62,94,90,245828
2.4780,0.2297,38.36,94,90,245832
2.1359,0.2248,38.55,94,90,245835
1.8768,0.2151,38.62,94,90,245838
1.6862,0.2199,38.62,94,90,245842
1.5347,0.2199,38.62,94,90,245846
1.4809,0.2102,38.43,94,90,245849
1.3685,0.2248,38.65,94,90,245853
1.3196,0.2199,38.55,94,90,245856
1.2903,0.2199,38.62,94,90,245859
1.2854,0.2199,38.65,94,90,245862
1.3196,0.2542,38.52,94,90,245866
1.3294,0.2248,38.62,94,90,245869
1.3636,0.2248,38.46,94,90,245872
1.3734,0.2248,38.65,94,90,245876
1.4076,0.2199,38.62,94,90,245879
1.4418,0.2297,38.52,94,90,245882
1.4516,0.2199,38.65,94,90,245886
1.4858,0.2199,38.52,94,90,245890
1.4712,0.2102,38.62,94,90,245893
1.4858,0.2199,38.62,94,90,245897
1.5152,0.2297,38.52,94,90,245900
1.5200,0.2199,38.62,94,90,245903
1.5738,0.2248,38.36,94,90,245906
1.5885,0.2199,38.46,94,90,245910
1.5982,0.2151,38.65,94,90,245913
1.6373,0.2297,38.43,94,90,245916
1.6227,0.2444,38.65,94,90,245920
1.6618,0.2297,38.36,94,90,245923
1.6129,0.2151,38.52,94,90,245926
1.6276,0.2151,38.62,94,90,245931
1.6520,0.2248,38.62,94,90,245934
1.6569,0.2248,38.62,94,90,245937
1.6960,0.2297,38.43,94,90,245941
1.6520,0.2346,38.52,94,90,245944
1.6618,0.2151,38.55,94,90,245947
1.6667,0.2199,38.62,94,90,245950
1.6911,0.2199,38.65,94,90,245954
1.7155,0.2297,38.52,94,90,245957
1.6960,0.2199,38.74,94,90,245960
1.7107,0.2199,38.49,94,90,245964
1.6960,0.2199,38.62,94,90,245967
1.6813,0.2199,38.52,94,90,245970
1.7058,0.2248,38.43,94,89,245975
1.7449,0.2248,38.49,94,89,245979
1.7253,0.1906,38.62,94,89,245983
1.7595,0.2248,38.55,94,89,245986
1.7351,0.2151,38.55,94,89,245989
1.7400,0.2151,38.65,94,89,245993
1.7889,0.2248,38.55,94,89,245996
1.7351,0.2199,38.62,94,89,245999
1.7595,0.2297,37.71,94,89,246002
1.7498,0.2199,38.52,94,89,246006
1.7253,0.2151,38.62,94,89,246009
1.7155,0.2199,38.58,94,89,246012
1.7107,0.2199,38.65,94,89,246017
1.7791,0.2590,38.40,94,89,246020
1.7644,0.2248,38.58,94,89,246023
1.7644,0.2151,38.58,94,89,246027
1.7595,0.2199,38.62,94,89,246030
1.7546,0.2199,38.62,94,89,246033
1.7889,0.2297,38.36,94,89,246037
1.7693,0.2248,38.58,94,89,246040
1.7986,0.2199,38.49,94,89,246043
1.7889,0.2199,38.58,94,89,246046
1.7986,0.2151,38.62,94,89,246050
1.8280,0.2248,38.62,94,89,246053
1.8084,0.2688,38.62,94,89,246056
1.8377,0.2297,38.52,94,89,246061
1.8231,0.2199,38.65,94,89,246064
1.8231,0.2199,38.68,94,89,246067
1.8426,0.2199,38.52,94,89,246071
1.8377,0.2199,38.46,94,89,246074
1.8671,0.2151,38.46,94,89,246077
1.8524,0.2199,38.71,94,89,246081
1.8671,0.2444,38.74,94,89,246084
1.8915,0.2297,38.55,94,89,246087
1.8866,0.2151,38.68,94,89,246091
1.9306,0.2248,38.43,94,89,246094
1.9110,0.2248,38.52,94,89,246097
1.8866,0.2199,38.68,94,89,246100
1.8915,0.2248,38.58,94,89,246105
1.8719,0.2199,38.62,94,89,246108
1.9404,0.2346,38.36,94,89,246111
1.8622,0.2248,38.55,94,89,246115
1.8719,0.2151,38.58,94,89,246118
1.8524,0.2199,38.68,94,89,246121
1.8573,0.2199,38.68,94,89,246125
1.9013,0.2346,38.46,94,89,246128
1.8622,0.2248,38.71,94,89,246131
1.8475,0.2346,38.55,94,89,246135
1.8328,0.2199,38.65,94,89,246138
1.8328,0.2346,38.65,94,89,246141
1.8719,0.2297,38.55,94,89,246145
1.8426,0.2199,38.58,94,89,246149
1.8622,0.2151,38.46,94,89,246152
1.8280,0.2199,38.65,94,89,246155
1.8328,0.2151,38.62,94,89,246159
1.8719,0.2297,38.58,94,89,246162
1.8622,0.2199,38.62,94,89,246165
1.8426,0.2199,38.49,94,89,246169
1.7986,0.2151,38.55,94,89,246172
1.7840,0.2102,38.62,94,89,246175
1.8182,0.2639,38.55,94,89,246179
1.8084,0.2199,38.65,94,89,246182
1.8377,0.2248,38.40,94,89,246185
1.8084,0.2199,38.62,94,89,246189
1.7986,0.2199,38.62,94,89,246193
1.8182,0.2248,38.58,94,89,246196
1.8084,0.2395,38.62,94,89,246199
1.8719,0.2346,38.33,94,89,246203
1.8182,0.2199,38.40,94,89,246206
1.8182,0.2248,38.68,94,89,246209
1.8280,0.2248,38.58,94,89,246213
1.8231,0.2151,38.62,94,89,246216
1.8915,0.2395,38.43,94,89,246219
1.8524,0.2248,38.71,94,89,246223
1.8426,0.2151,38.55,94,89,246226
1.8426,0.2199,38.49,94,89,246230
1.8426,0.2199,38.74,94,89,246233
1.9159,0.2346,38.43,94,89,246237
1.8719,0.2248,38.65,94,89,246240
1.8719,0.2639,38.49,94,89,246243
1.8377,0.2199,38.62,94,89,246247
1.8328,0.2199,38.68,94,89,246250
1.8524,0.2297,38.55,94,89,246253
1.8328,0.2199,38.65,94,89,246257
1.8524,0.2297,38.49,94,89,246260
1.8231,0.2297,38.65,94,89,246263
1.8231,0.2151,38.65,94,89,246267
1.8475,0.2297,38.55,94,89,246270
1.8328,0.2199,38.62,94,89,246274
1.8622,0.2199,38.46,94,89,246277
1.8328,0.2151,38.68,94,89,246281
1.8377,0.2199,38.65,94,89,246284
1.8622,0.2297,38.52,94,89,246287
1.8475,0.2199,38.62,94,89,246291
1.9013,0.2297,38.36,94,89,246294
1.9110,0.2248,38.49,94,89,246297
1.8817,0.2199,38.65,94,89,246301
1.9159,0.2248,38.58,94,89,246304
1.9062,0.2199,38.62,94,89,246307
1.9648,0.2297,38.43,94,89,246311
1.9355,0.2199,38.49,94,89,246315
1.9208,0.2151,38.58,94,89,246318
1.9159,0.2199,38.58,94,89,246321
1.9013,0.2151,38.62,94,89,246325
1.9257,0.2346,38.49,94,89,246328
1.8964,0.2199,38.55,94,89,246331
1.8475,0.2199,38.52,94,89,246335
1.8182,0.2248,38.62,94,89,246338
1.8084,0.2199,38.65,94,89,246341
1.8182,0.2297,38.52,94,89,246345
1.7889,0.2199,38.62,94,89,246348
1.7986,0.2248,38.46,94,89,246351
1.7595,0.2248,38.68,94,89,246355
1.7498,0.2199,38.62,94,89,246359
1.7742,0.2395,38.46,94,89,246362
1.7400,0.2199,38.62,94,89,246366
1.7595,0.2199,38.49,94,89,246369
1.7253,0.2248,38.55,94,89,246372
1.7253,0.2151,38.62,94,89,246375
1.7449,0.2248,38.55,94,89,246379
1.7400,0.2199,38.62,94,89,246382
1.7791,0.2248,38.77,94,89,246385
1.7546,0.2199,38.58,94,89,246389
1.7546,0.2199,38.62,94,89,246392
1.7742,0.2248,38.62,94,89,246395
1.7644,0.2199,38.65,94,89,246400
1.8035,0.2297,38.33,94,89,246403
1.7693,0.2151,38.55,94,89,246406
1.7791,0.2102,38.65,94,89,246410
1.8035,0.2248,38.65,94,89,246413
1.8280,0.2248,38.62,94,89,246416
1.9404,0.2395,38.43,94,89,246419
1.9697,0.2493,38.58,94,89,246423
2.0723,0.2248,38.55,94,89,246426
2.2336,0.2199,38.65,94,89,246429
2.4340,0.2248,38.62,94,89,246433
2.7322,0.2297,38.43,94,89,246436
2.9472,0.2639,38.58,94,89,246439
3.1867,0.2151,38.52,94,89,246444
3.2942,0.2199,38.71,94,89,246447
3.2698,0.2493,38.62,94,89,246450
3.1134,0.2297,38.58,94,89,246454
2.7713,0.2199,38.58,94,89,246457
2.4682,0.2199,38.49,94,89,246460
2.1359,0.2199,38.68,94,89,246463
1.8866,0.2248,38.62,94,89,246467
1.7058,0.2248,38.55,94,89,246470
1.5494,0.2199,38.65,94,89,246473
1.4663,0.2248,38.43,94,89,246477
1.3832,0.2199,38.65,94,89,246480
1.3490,0.2053,38.62,94,89,246483
1.3392,0.2297,38.58,94,89,246488
1.3245,0.2297,38.62,94,89,246491
1.3930,0.2297,38.36,94,89,246494
1.3783,0.2248,38.74,94,89,246498
1.3930,0.2199,38.62,94,89,246501
1.4223,0.2248,38.58,94,89,246504
1.4321,0.2395,38.62,94,89,246507
1.4956,0.2346,38.36,94,89,246511
1.4858,0.2199,38.46,94,89,246514
1.4956,0.2199,38.62,94,89,246517
1.5249,0.2199,38.62,94,89,246521
1.5347,0.2248,38.71,94,89,246524
1.5787,0.2395,38.49,94,89,246528
1.5689,0.2248,38.55,94,89,246532
1.5689,0.2199,38.52,94,89,246535
1.5640,0.2151,38.62,94,89,246538
1.5787,0.2199,38.27,94,89,246542
1.6080,0.2248,38.55,94,89,246545
1.5885,0.2199,38.62,94,89,246548
1.6276,0.2248,38.49,94,89,246551
1.6178,0.2102,38.62,94,89,246555
1.6178,0.2199,38.65,94,89,246558
1.6618,0.2639,38.52,94,89,246561
1.6422,0.2199,38.68,94,89,246565
1.6618,0.2297,38.49,94,89,246568
1.6422,0.1906,38.55,94,89,246572
1.6471,0.2199,38.71,94,89,246576
1.6862,0.2248,38.49,94,89,246579
1.6569,0.2199,38.62,94,89,246582
1.6911,0.2248,38.36,94,89,246586
1.7155,0.2395,38.40,94,89,246590
1.6862,0.2248,38.52,94,89,246594
1.6764,0.2151,38.55,94,89,246597
1.6764,0.2297,38.68,94,89,246600
1.6764,0.2199,38.71,94,89,246604
1.7302,0.2590,38.49,94,89,246607
1.7302,0.2248,38.62,94,89,246610
1.7204,0.2199,38.52,94,89,246614
1.7107,0.2248,38.65,94,89,246618
1.7155,0.2199,38.62,94,89,246621
1.7498,0.2297,38.40,94,89,246624
1.7302,0.2199,38.58,94,89,246628
1.7546,0.2248,38.24,94,89,246631
1.7302,0.2248,38.62,94,89,246634
1.7400,0.2199,38.62,94,89,246638
1.7546,0.2590,38.52,94,89,246641
1.7449,0.2248,38.62,94,89,246644
1.7644,0.2199,38.46,94,89,246648
1.7449,0.2199,38.55,94,89,246651
1.7498,0.2199,38.62,94,89,246654
1.7693,0.2297,38.43,94,89,246658
1.7546,0.2248,38.62,94,89,246662
1.7986,0.2248,38.40,94,89,246665
1.7644,0.2199,38.58,94,89,246668
1.7791,0.2199,38.65,94,89,246672
1.7840,0.2248,37.87,94,89,246675
1.7791,0.2102,38.68,94,89,246678
1.8280,0.2346,38.33,94,89,246682
1.8084,0.2248,38.55,94,89,246685
1.8035,0.2102,38.65,94,89,246688
1.8182,0.2248,38.62,94,89,246692
1.8231,0.2199,38.74,94,89,246695
1.8915,0.2444,38.43,94,89,246699
1.8573,0.2297,38.58,94,89,246702
1.8573,0.2248,38.52,94,89,246706
1.8573,0.2199,38.62,94,89,246709
1.8671,0.2199,38.68,94,89,246712
1.9013,0.2346,38.49,94,89,246716
1.8817,0.2248,38.65,94,89,246719
1.8915,0.2199,38.52,94,89,246722
1.9013,0.2199,38.62,94,89,246726
1.8671,0.2199,38.18,94,89,246729
1.8817,0.2346,38.58,94,89,246732
1.8866,0.2248,38.62,94,89,246735
1.8817,0.2248,38.52,94,89,246739
1.8768,0.2151,38.62,94,89,246743
1.8524,0.2199,38.62,94,89,246746
1.8671,0.2297,38.52,94,89,246750
1.8377,0.2199,38.62,94,89,246753
1.8622,0.2248,38.62,94,89,246756
1.8475,0.2248,38.49,94,89,246760
1.8377,0.2199,38.68,94,89,246763
1.8622,0.2297,38.55,94,89,246766
1.8377,0.2199,38.62,94,89,246770
1.8817,0.2297,38.33,94,89,246773
1.8426,0.2199,38.55,94,89,246776
1.8377,0.2199,38.71,94,89,246780
1.8524,0.2297,38.58,94,89,246784
1.8426,0.2199,38.65,94,89,246787
1.8915,0.2395,38.40,94,89,246790
1.8671,0.2199,38.52,94,89,246794
1.8328,0.2151,38.58,94,89,246797
1.8328,0.2248,38.62,94,89,246800
1.8280,0.2199,38.62,94,89,246804
1.8719,0.2297,38.49,94,89,246807
1.8719,0.2297,38.55,94,89,246810
1.8426,0.2199,38.52,94,89,246814
1.8231,0.2297,38.62,94,89,246817
1.8231,0.2199,38.62,94,89,246820
1.8524,0.2297,38.49,94,89,246824
1.8231,0.2199,38.58,94,89,246828
1.8426,0.2248,38.46,94,89,246831
1.8133,0.2151,38.65,94,89,246834
1.8182,0.2199,38.62,94,89,246838
1.8377,0.2297,38.49,94,89,246841
1.8426,0.2151,38.65,94,89,246844
1.8573,0.2199,38.46,94,89,246848
1.8280,0.2199,38.62,94,89,246851
1.8475,0.2199,38.62,94,89,246854
1.8573,0.2248,38.58,94,89,246858
1.8426,0.2151,38.65,94,89,246861
1.8768,0.2248,38.40,94,89,246864
1.8475,0.2151,38.58,94,89,246868
1.8524,0.2248,38.62,94,89,246872
1.8671,0.2297,38.71,94,89,246875
1.8622,0.2102,38.62,94,89,246878
1.9013,0.2297,38.40,94,89,246882
1.8768,0.2297,38.49,94,89,246885
1.8622,0.2151,38.62,94,89,246888
1.8719,0.2248,38.52,94,89,246892
1.8719,0.2248,38.62,94,89,246895
1.9208,0.2297,38.43,94,89,246898
1.8915,0.2639,38.55,94,89,246902
1.9159,0.2199,38.52,94,89,246905
1.8768,0.2199,38.58,94,89,246908
1.8768,0.2199,38.65,94,89,246913
1.9062,0.2297,38.49,94,89,246916
1.8915,0.2248,38.65,94,89,246919
1.9110,0.2199,38.52,94,89,246922
1.9062,0.2199,38.65,94,89,246926
1.9062,0.2395,38.58,94,89,246929
1.9257,0.2199,38.55,94,89,246932
1.9257,0.2199,38.62,94,89,246936
1.9648,0.2297,38.52,94,89,246939
1.9550,0.2199,38.62,94,89,246942
1.9746,0.2199,38.62,94,89,246946
2.0088,0.2297,38.52,94,89,246949
1.9795,0.2199,38.62,94,89,246952
1.9990,0.2248,38.43,94,89,246957
1.9697,0.2102,38.49,94,89,246960
1.9306,0.2199,38.65,94,89,246963
1.9208,0.2395,38.55,94,89,246966
1.8817,0.2199,38.65,94,89,246970
1.9110,0.2297,38.43,94,89,246973
1.8671,0.2102,38.52,94,89,246976
1.8475,0.2102,38.65,94,89,246980
1.8573,0.2248,38.58,94,89,246983
1.8280,0.2248,38.62,94,89,246986
1.8671,0.2346,38.33,94,89,246990
1.8182,0.2199,38.52,94,89,246993
1.8182,0.2151,38.62,94,89,246996
1.7937,0.2248,38.65,94,89,247001
1.7791,0.1906,38.65,94,89,247004
1.8182,0.2346,38.36,94,89,247007
1.7840,0.2297,38.58,94,89,247010
1.7791,0.2199,38.55,94,89,247014
1.7644,0.2248,38.62,94,89,247017
1.7889,0.2102,38.62,94,89,247020
1.8084,0.2248,38.49,94,89,247024
1.7937,0.2199,38.58,94,89,247027
1.8035,0.2248,38.49,94,89,247030
1.7840,0.2248,38.65,94,89,247034
1.7840,0.2199,38.68,94,89,247037
1.8084,0.2248,38.52,94,89,247041
1.7986,0.2199,38.58,94,89,247044
1.8475,0.2199,38.46,94,89,247048
1.8622,0.2151,38.58,94,89,247051
1.8817,0.2199,38.74,94,89,247054
1.9550,0.2248,38.55,94,89,247058
2.0137,0.2199,38.62,94,89,247061
2.1603,0.2248,38.40,94,89,247064
2.2727,0.2151,38.74,94,89,247068
2.4731,0.2199,38.65,94,89,247071
2.7224,0.2248,38.55,94,89,247074
2.9472,0.2199,38.62,94,89,247078
3.2405,0.2297,38.33,94,89,247081
3.3138,0.2346,38.58,94,89,247085
3.2502,0.1906,38.58,94,89,247088
3.0596,0.2248,38.68,94,89,247092
2.7419,0.2199,38.62,94,89,247095
2.5024,0.2395,38.36,94,89,247098
2.1848,0.2248,38.58,94,89,247102
1.9404,0.2151,38.58,94,89,247105
1.7595,0.2199,38.65,94,89,247108
1.6129,0.2199,38.71,94,89,247112
1.5445,0.2346,38.49,94,89,247115
1.4565,0.2248,38.62,94,89,247118
1.4223,0.2346,38.55,94,89,247122
1.3881,0.2199,38.65,94,89,247126
1.3734,0.2346,38.62,94,89,247129
1.3978,0.2297,38.58,94,89,247132
1.3978,0.2199,38.58,94,89,247136
1.4614,0.2199,38.49,94,89,247139
1.4321,0.2199,38.62,94,89,247142
1.4467,0.2151,38.65,94,89,247146
1.4809,0.2297,38.65,94,89,247149
1.4858,0.2151,38.62,94,89,247152
1.5200,0.2248,38.40,94,89,247156
1.5347,0.2199,38.46,94,89,247159
1.5445,0.2248,38.58,94,89,247162
1.5738,0.2297,38.52,94,89,247166
1.5738,0.2199,38.62,94,89,247170
1.6178,0.2248,38.40,94,89,247173
1.6031,0.2248,38.52,94,89,247176
1.6080,0.2199,38.65,94,89,247180
1.6325,0.2248,38.58,94,89,247183
1.6276,0.2199,38.62,94,89,247186
1.6764,0.2297,38.30,94,89,247190
1.6569,0.1906,38.55,94,89,247193
1.6569,0.2151,38.65,94,89,247196
1.6667,0.2248,38.62,93,89,247200
1.6911,0.2248,38.65,93,89,247204
1.6862,0.2199,38.65,93,89,247208
1.7351,0.2297,38.49,93,89,247212
1.7058,0.2199,38.74,93,89,247215
1.7302,0.2248,38.52,93,89,247219
1.7058,0.2151,38.58,93,89,247222
1.7107,0.2199,38.62,93,89,247225
1.7302,0.2248,38.55,93,89,247228
1.7253,0.2542,38.62,93,89,247232
1.7644,0.2199,38.46,93,89,247235
1.7449,0.2053,38.55,93,89,247238
1.7498,0.2248,38.65,93,89,247242
1.7742,0.2297,38.58,93,89,247245
1.7595,0.2493,38.62,93,89,247248
1.8035,0.2248,38.40,93,89,247252
1.7693,0.2151,38.58,93,89,247256
1.7986,0.2102,38.65,93,89,247259
1.7840,0.2248,38.68,93,89,247263
1.7791,0.2248,38.65,93,89,247266
1.8377,0.2346,38.33,93,89,247269
1.8035,0.2248,38.52,93,89,247272
1.7937,0.2493,38.58,93,89,247276
1.7986,0.2199,38.62,93,89,247279
1.7986,0.2199,38.71,93,89,247282
1.8475,0.2395,38.40,93,89,247286
1.8182,0.2297,38.65,93,89,247289
1.8084,0.2199,38.49,93,89,247292
1.8280,0.2199,38.62,93,89,247297
1.7986,0.2199,38.62,93,89,247300
1.8231,0.2297,38.52,93,89,247303
1.7889,0.2248,38.58,93,89,247307
1.8084,0.2199,38.52,93,89,247310
1.7840,0.2199,38.62,93,89,247313
1.7986,0.2199,38.62,93,89,247316
1.8182,0.2199,38.52,93,89,247320
1.8133,0.2199,38.62,93,89,247323
1.8524,0.2248,38.49,93,89,247326
1.8280,0.2248,38.65,93,89,247330
1.8426,0.2199,38.65,93,89,247333
1.8671,0.2297,38.55,93,89,247336
1.8475,0.2199,38.62,93,89,247341
1.8817,0.2248,38.40,93,89,247344
1.9062,0.2248,38.46,93,89,247347
1.8573,0.2199,38.68,93,89,247351
1.8719,0.2297,38.55,93,89,247354
1.8475,0.2199,38.62,93,89,247357
1.8964,0.2297,38.33,93,89,247360
1.8573,0.2199,38.55,93,89,247364
1.8573,0.2199,38.62,93,89,247367
1.8817,0.2297,38.58,93,89,247370
1.8622,0.2199,38.62,93,89,247374
1.9110,0.2493,38.40,93,89,247377
1.8768,0.2102,38.55,93,89,247380
1.8524,0.2151,38.55,93,89,247385
1.8573,0.2444,38.62,93,89,247388
1.8524,0.2199,38.49,93,89,247391
1.8866,0.2346,38.52,93,89,247395
1.8622,0.2248,38.58,93,89,247398
1.8573,0.2199,38.52,93,89,247401
1.8573,0.2248,38.62,93,89,247405
1.8328,0.2199,38.62,93,89,247408
1.8622,0.2297,38.43,93,89,247411
1.8328,0.2199,38.62,93,89,247414
1.8524,0.2297,38.52,93,89,247418
1.8377,0.2199,38.62,93,89,247421
1.8133,0.2199,38.62,93,89,247425
1.8280,0.2151,38.52,93,89,247429
1.8084,0.2199,38.65,93,89,247432
1.8377,0.2248,38.46,93,89,247435
1.8035,0.2151,38.55,93,89,247439
1.7986,0.2199,38.62,93,89,247442
1.8133,0.2590,38.52,93,89,247445
1.7937,0.2199,38.65,93,89,247449
1.8231,0.2297,38.49,93,89,247452
1.7889,0.2151,38.62,93,89,247455
1.7840,0.2199,38.62,93,89,247458
1.7937,0.2297,38.58,93,89,247462
1.7791,0.2199,38.62,93,89,247465
1.8231,0.2297,38.33,93,89,247469
1.8133,0.2248,38.52,93,89,247473
1.7693,0.2151,38.58,93,89,247476
1.7791,0.2297,38.62,93,89,247479
1.7791,0.2199,38.62,93,89,247483
1.8328,0.2297,38.40,93,89,247486
1.8035,0.2297,38.62,93,89,247489
1.8084,0.2199,38.52,93,89,247493
1.7986,0.2199,38.81,93,89,247496
1.8035,0.2444,38.68,93,89,247499
1.8377,0.2297,38.49,93,89,247502
1.8231,0.2590,38.62,93,89,247506
1.8573,0.2102,38.46,93,89,247510
1.8280,0.2199,38.62,93,89,247513
1.8328,0.2199,38.68,93,89,247517
1.8524,0.2199,38.52,93,89,247520
1.8475,0.2199,38.58,93,89,247523
1.8719,0.2248,38.49,93,89,247527
1.8475,0.2199,38.58,93,89,247530
1.8573,0.2151,38.62,93,89,247533
1.8915,0.2297,38.87,93,89,247537
1.8719,0.2199,38.62,93,89,247540
1.9110,0.2248,38.40,93,89,247543
1.8915,0.2248,38.46,93,89,247546
1.8719,0.2444,38.62,93,89,247550
1.9062,0.2346,38.55,93,89,247554
1.8915,0.2199,38.58,93,89,247557
1.9404,0.2248,38.33,93,89,247561
1.9062,0.2199,38.52,93,89,247564
1.9013,0.2199,38.65,93,89,247567
1.9062,0.2102,38.58,93,89,247571
1.9110,0.2199,38.65,93,89,247574
1.9892,0.2395,38.40,93,89,247577
1.9648,0.2248,38.52,93,89,247581
1.9599,0.2151,38.62,93,89,247584
1.9599,0.2493,38.62,93,89,247587
1.9501,0.2199,38.68,93,89,247590
1.9795,0.2297,38.55,93,89,247595
1.9355,0.2248,38.58,93,89,247598
1.9208,0.2199,38.62,93,89,247601
1.8915,0.2248,38.62,93,89,247605
1.8524,0.2199,38.62,93,89,247608
1.8817,0.2297,38.43,93,89,247611
1.8475,0.2199,38.62,93,89,247615
1.8622,0.2297,38.46,93,89,247618
1.8377,0.2151,38.58,93,89,247621
1.8182,0.2151,38.68,93,89,247625
1.8280,0.2248,38.52,93,89,247628
1.7986,0.2199,38.62,93,89,247631
1.8133,0.2199,38.43,93,89,247634
1.7840,0.2102,38.58,93,89,247639
1.7742,0.2199,38.62,93,89,247642
1.7840,0.2297,38.52,93,89,247645
1.7693,0.2248,38.68,93,89,247649
1.8182,0.2297,38.40,93,89,247652
1.7791,0.2151,38.58,93,89,247655
1.7840,0.2199,38.65,93,89,247659
1.7889,0.2248,38.62,93,89,247662
1.7742,0.2199,38.62,93,89,247665
1.8280,0.2297,38.33,93,89,247669
1.7986,0.2395,38.55,93,89,247672
1.7840,0.2151,38.58,93,89,247675
1.7937,0.2248,38.62,93,89,247678
1.7986,0.2248,38.62,93,89,247683
1.8719,0.2297,38.43,93,89,247686
1.8671,0.2297,38.55,93,89,247689
1.9013,0.2199,38.52,93,89,247693
1.9501,0.2199,38.62,93,89,247696
2.0235,0.2248,38.68,93,89,247699
2.1750,0.2297,38.49,93,89,247703
2.3069,0.2248,38.62,93,89,247706
2.5269,0.2248,38.49,93,89,247709
2.7322,0.2199,38.62,93,89,247713
2.9717,0.2151,38.62,93,89,247716
3.1867,0.2199,38.65,93,89,247719
3.2551,0.2199,38.65,93,89,247723
3.2160,0.2248,38.52,93,89,247727
2.9423,0.2199,38.71,93,89,247730
2.6491,0.2688,38.62,93,89,247733
2.3803,0.2297,38.52,93,89,247737
2.0968,0.2199,38.62,93,89,247740
1.9159,0.2346,38.43,93,89,247743
1.7302,0.2199,38.49,93,89,247747
1.5885,0.2199,38.58,93,89,247750
1.5200,0.2297,38.55,93,89,247753
1.4418,0.2199,38.62,93,89,247757
1.4516,0.2590,38.33,93,89,247760
1.3978,0.2199,38.58,93,89,247763
1.3832,0.2199,38.87,93,89,247767
1.4027,0.2444,38.62,93,89,247771
1.4027,0.2199,38.62,93,89,247774
1.4663,0.2297,38.36,93,89,247777
1.4418,0.2248,38.52,93,89,247781
1.4565,0.2151,38.55,93,89,247784
1.4809,0.2248,38.62,93,89,247787
1.5005,0.2199,38.65,93,89,247791
1.5591,0.2297,38.46,93,89,247794
1.5591,0.2248,38.62,93,89,247797
1.5738,0.2199,38.52,93,89,247801
1.5787,0.2151,38.62,93,89,247804
1.5934,0.2199,38.62,93,89,247808
1.6373,0.2297,38.43,93,89,247811
1.6618,0.2297,38.49,93,89,247816
1.6471,0.2199,38.62,93,89,247820
1.6911,0.2248,38.40,93,89,247823
1.6764,0.2151,38.58,93,89,247826
1.6862,0.2199,38.65,93,89,247829
1.7058,0.2248,38.58,93,89,247833
1.6911,0.2199,38.62,93,89,247836
1.7449,0.2297,38.36,93,89,247839
1.7155,0.2248,38.52,93,89,247843
1.7107,0.2151,38.65,93,89,247846
1.7302,0.2199,38.58,93,89,247849
1.7546,0.2199,38.65,93,89,247854
1.7742,0.2297,38.43,93,89,247857
1.7400,0.2248,38.62,93,89,247860
1.7351,0.2151,38.58,93,89,247863
1.7351,0.2199,38.62,93,89,247867
1.7351,0.2102,38.62,93,89,247870
1.7742,0.2346,38.46,93,89,247873
1.7595,0.2199,38.68,93,89,247877
1.7693,0.1906,38.49,93,89,247880
1.7595,0.2199,38.55,93,89,247883
1.7644,0.2199,38.68,93,89,247887
1.7889,0.2297,38.65,93,89,247890
1.7693,0.2199,38.58,93,89,247894
1.7986,0.2297,38.52,93,89,247898
1.7742,0.2199,38.68,93,89,247901
1.8035,0.2151,38.62,93,89,247904
1.7937,0.2248,38.93,93,89,247908
1.7791,0.2590,38.65,93,89,247911
1.8377,0.2248,38.46,93,89,247914
1.7840,0.2199,38.84,93,89,247917
1.7889,0.2248,38.68,93,89,247921
1.7986,0.2248,38.58,93,89,247924
1.7791,0.2053,38.68,93,89,247927
1.8182,0.2297,38.36,93,89,247931
1.8035,0.2248,38.49,93,89,247934
1.7986,0.2199,38.62,93,89,247938
1.8133,0.2248,38.58,93,89,247942
1.8084,0.2151,38.68,93,89,247945
1.8671,0.2346,38.36,93,89,247948
1.8280,0.2297,38.49,93,89,247952
1.8524,0.2151,38.62,93,89,247955
1.8328,0.2199,38.58,93,89,247958
1.8426,0.2346,38.65,93,89,247961
1.9208,0.2346,38.46,93,89,247965
1.8719,0.2248,38.58,93,89,247968
1.8768,0.2102,38.55,93,89,247971
1.8671,0.2199,38.62,93,89,247975
1.8719,0.2151,38.62,93,89,247979
1.9013,0.2297,38.55,93,89,247982
1.8866,0.2248,38.55,93,89,247986
1.9110,0.2248,38.49,93,89,247989
1.8915,0.2199,38.65,93,89,247992
1.8964,0.2199,38.62,93,89,247996
1.9355,0.2297,38.49,93,89,247999
1.9013,0.2248,38.68,93,89,248002
1.9404,0.2199,38.49,93,89,248005
1.8866,0.2151,38.52,93,89,248009
1.8768,0.2199,38.68,93,89,248012
1.8915,0.2248,38.46,93,89,248015
1.8719,0.2199,38.81,93,89,248019
1.8964,0.2248,38.40,93,89,248023
1.8524,0.2248,38.58,93,89,248026
1.8328,0.2199,38.84,93,89,248030
1.8768,0.2297,38.55,93,89,248033
1.8182,0.2199,38.65,93,89,248036
1.8671,0.2542,38.36,93,89,248040
1.8328,0.2199,38.40,93,89,248043
1.8328,0.2151,38.62,93,89,248046
1.8377,0.2199,38.58,93,89,248049
1.8133,0.2199,38.71,93,89,248053
1.8573,0.2395,38.40,93,89,248056
1.8182,0.2297,38.55,93,89,248059
1.8035,0.2151,38.58,93,89,248064
1.7986,0.2248,38.62,93,89,248067
1.7840,0.2199,38.71,93,89,248070
1.8035,0.2248,38.43,93,89,248074
1.7742,0.2248,38.58,93,89,248077
1.7742,0.2199,38.49,93,89,248080
1.7791,0.2199,38.62,93,89,248084
1.7644,0.2199,38.65,93,89,248087
1.7889,0.2297,38.52,93,89,248090
1.7644,0.2297,38.62,93,89,248093
1.7889,0.2102,38.52,93,89,248097
1.7644,0.2199,38.84,93,89,248100
1.7742,0.1906,38.68,93,89,248103
1.7937,0.2199,38.43,93,89,248108
1.7986,0.2199,38.62,93,89,248111
1.8280,0.2102,38.43,93,89,248114
1.8231,0.2199,38.58,93,89,248118
1.8328,0.2199,38.62,93,89,248121
1.8524,0.2346,38.55,93,89,248124
1.8231,0.2297,38.65,93,89,248128
1.8671,0.2297,38.40,93,89,248131
1.8426,0.2248,38.62,93,89,248134
1.8231,0.2151,38.62,93,89,248137
1.8328,0.2248,38.58,93,89,248141
1.8231,0.2199,38.62,93,89,248144
1.8817,0.2346,38.33,93,89,248147
1.8475,0.2248,38.49,93,89,248152
1.8475,0.2151,38.58,93,89,248155
1.8622,0.2199,38.71,93,89,248158
1.8622,0.2297,38.62,93,89,248162
1.9110,0.2297,38.46,93,89,248165
1.8768,0.2248,38.36,93,89,248168
1.8719,0.2199,38.55,93,89,248172
1.8622,0.2199,38.62,93,89,248175
1.8573,0.2297,38.58,93,89,248178
1.9208,0.2102,38.55,93,89,248181
1.8671,0.2248,38.58,93,89,248185
1.8817,0.2199,38.49,93,89,248188
1.8573,0.2248,38.62,93,89,248192
1.8671,0.2151,38.65,93,89,248196
1.9110,0.2590,38.55,93,89,248199
1.8866,0.2199,38.62,93,89,248202
1.9159,0.2199,38.49,93,89,248206
1.9159,0.2199,38.55,93,89,248209
1.9159,0.2199,38.62,93,89,248212
1.9599,0.2248,38.49,93,89,248216
1.9453,0.2199,38.62,93,89,248219
1.9892,0.2248,38.43,93,89,248222
1.9501,0.2199,38.55,93,89,248225
1.9306,0.2199,38.62,93,89,248229
1.9355,0.2297,38.49,93,89,248232
1.9013,0.2199,38.62,93,89,248236
1.9648,0.2102,38.36,93,89,248240
1.8719,0.2346,38.62,93,89,248243
1.8671,0.2102,38.65,93,89,248246
1.8524,0.2248,38.62,93,89,248250
1.8133,0.2199,38.62,93,89,248253
1.8426,0.2395,38.40,93,89,248256
1.7840,0.2248,38.52,93,89,248260
1.7644,0.2444,38.55,93,89,248263
1.7644,0.2199,38.74,93,89,248266
1.7595,0.2199,38.65,93,89,248269
1.7937,0.2297,38.46,93,89,248273
1.7546,0.2248,38.52,93,89,248276
1.7546,0.2688,38.52,93,89,248280
1.7449,0.2199,38.68,93,89,248284
1.7400,0.2199,38.65,93,89,248287
1.7840,0.2199,38.49,93,89,248290
1.7595,0.2199,38.58,93,89,248294
1.7791,0.2199,38.46,93,89,248297
1.7498,0.2151,38.62,93,89,248300
1.7498,0.2199,38.65,93,89,248304
1.7595,0.2248,38.55,93,89,248307
1.7546,0.2199,38.62,93,89,248310
1.7791,0.2199,38.46,93,89,248313
1.7498,0.2102,38.62,93,89,248317
1.7742,0.2151,38.71,93,89,248321
1.8182,0.2297,38.55,93,89,248324
1.8377,0.2199,38.71,93,89,248328
1.9208,0.2590,38.40,93,89,248331
1.9746,0.2248,38.52,93,89,248334
2.0723,0.1906,38.62,93,89,248338
2.2434,0.2248,38.52,93,89,248341
2.4194,0.2199,38.62,93,89,248344
2.7419,0.2297,38.33,93,89,248347
2.9472,0.2151,38.55,93,89,248351
3.1574,0.2151,38.62,93,89,248354
3.3089,0.2248,38.65,93,89,248357
3.2845,0.2542,38.62,93,89,248361
3.2063,0.2395,38.43,93,89,248365
2.8397,0.2248,38.52,93,89,248368
2.5122,0.2199,38.55,93,89,248372
2.2190,0.2199,38.62,93,89,248375
1.9648,0.2444,38.62,93,89,248378
1.7889,0.2297,38.52,93,89,248382
1.6031,0.2199,38.62,93,89,248385
1.5005,0.2248,38.49,93,89,248388
1.4223,0.2199,38.62,93,89,248391
1.3930,0.2199,38.65,93,89,248395
1.4272,0.2395,38.43,93,89,248398
1.3685,0.2199,38.62,93,89,248401
1.3930,0.2542,38.49,93,89,248406
1.3881,0.2102,38.58,93,89,248409
1.4125,0.2199,38.68,93,89,248412
1.4467,0.2248,38.49,93,89,248416
1.4614,0.2199,38.71,93,89,248419
1.5054,0.2248,38.49,93,89,248422
1.6129,0.2297,38.33,93,89,248427
1.5787,0.1906,38.55,93,89,248430
1.5787,0.2151,38.74,93,89,248434
1.6080,0.2248,38.68,93,89,248437
1.6178,0.2199,38.62,93,89,248440
1.6911,0.2346,38.40,93,89,248444
1.6813,0.2297,38.58,93,89,248448
1.6667,0.1906,38.55,93,89,248451
1.6764,0.2346,38.68,93,89,248454
1.6911,0.2102,38.62,93,89,248458
1.7253,0.2297,38.43,93,89,248461
1.7058,0.2102,38.55,93,89,248464
1.7155,0.2199,38.49,93,89,248468
1.6960,0.2199,38.62,93,89,248471
1.6960,0.2151,38.62,93,89,248474
1.7155,0.2297,38.52,93,89,248478
1.6911,0.2199,38.52,93,89,248481
1.7204,0.2248,38.46,93,89,248484
1.7058,0.2199,38.62,93,89,248487
1.7204,0.2199,38.65,93,89,248492
1.7400,0.2248,38.52,93,89,248495
1.7546,0.2102,38.62,93,89,248498
1.7351,0.2199,38.52,93,89,248502
1.7546,0.2248,38.62,93,89,248505
1.7400,0.2199,38.65,93,89,248508
1.7595,0.2297,38.62,93,89,248512
1.7351,0.2199,38.62,93,89,248515
1.7742,0.2248,38.33,93,89,248518
1.7546,0.2395,38.52,93,89,248522
1.7449,0.2199,38.65,93,89,248525
1.7595,0.2248,38.58,93,89,248528
1.7449,0.2199,38.62,93,89,248531
1.7840,0.2297,38.43,93,89,248536
1.7449,0.2199,38.52,93,89,248539
1.7449,0.2151,38.58,93,89,248542
1.7595,0.2346,38.62,93,89,248546
1.7742,0.2151,38.62,93,89,248549
1.8426,0.2297,38.77,93,89,248552
1.8231,0.2297,38.55,93,89,248556
1.8231,0.2199,38.52,93,89,248559
1.8084,0.2199,38.58,93,89,248562
1.8475,0.2102,38.62,93,89,248566
1.8280,0.2297,38.62,93,89,248569
1.7986,0.2542,38.62,93,89,248572
1.8231,0.2102,38.49,93,89,248576
1.7937,0.2199,38.62,93,89,248580
1.7986,0.2199,38.62,93,89,248583
1.8377,0.2297,38.65,93,89,248586
1.8377,0.2151,38.49,93,89,248590
1.8475,0.2199,38.52,93,89,248593
1.8328,0.2151,38.55,93,89,248596
1.8622,0.2199,38.62,93,89,248600
1.9355,0.2199,38.49,93,89,248603
1.9013,0.2199,38.62,93,89,248606
1.9404,0.2248,38.52,93,89,248610
1.9062,0.2199,38.55,93,89,248613
1.8964,0.2199,38.65,93,89,248616
1.9110,0.2248,38.68,93,89,248620
1.8964,0.2199,38.58,93,89,248624
1.9990,0.2102,38.33,93,89,248627
1.9453,0.2199,38.52,93,89,248630
1.9550,0.2151,38.65,93,89,248634
1.9306,0.2248,38.62,93,89,248637
1.9159,0.2444,38.65,93,89,248640
1.9550,0.2395,38.43,93,89,248644
1.9110,0.2248,38.52,93,89,248647
1.9110,0.2102,38.55,93,89,248650
1.9208,0.2199,38.62,93,89,248654
1.9159,0.2248,38.62,93,89,248657
1.9355,0.2102,38.43,93,89,248660
1.9110,0.2248,38.62,93,89,248664
1.9110,0.2151,38.49,93,89,248668
1.8866,0.2199,38.62,93,89,248671
1.8671,0.2199,38.62,93,89,248674
1.8866,0.2297,38.52,93,89,248678
1.8573,0.2199,38.62,93,89,248681
1.8622,0.2248,38.52,93,89,248684
1.8280,0.2199,38.62,93,89,248688
1.8182,0.2199,38.68,93,89,248691
1.8426,0.2248,38.52,93,89,248694
1.8573,0.2199,38.62,93,89,248698
1.8866,0.2199,38.43,93,89,248701
1.8622,0.2199,38.62,93,89,248705
1.8573,0.2199,38.65,93,89,248708
1.8671,0.2199,38.52,93,89,248712
1.8182,0.2199,38.84,93,89,248715
1.8280,0.2297,38.36,93,89,248718
1.7986,0.2248,38.55,93,89,248722
1.7791,0.2151,38.62,93,89,248725
1.8084,0.2248,38.58,93,89,248728
1.8280,0.2199,38.84,93,89,248732
1.8817,0.2590,38.33,93,89,248735
1.8328,0.2199,38.49,93,89,248738
1.8133,0.2151,38.58,93,89,248742
1.8280,0.2102,38.58,93,89,248745
1.8280,0.2199,38.62,93,89,248749
1.8768,0.2346,38.52,93,89,248752
1.8377,0.2297,38.55,93,89,248756
1.8426,0.2199,38.55,93,89,248759
1.8573,0.2590,38.62,93,89,248762
1.8719,0.2199,38.62,93,89,248766
1.9062,0.2297,38.52,93,89,248769
1.9257,0.2199,38.58,93,89,248772
1.9159,0.2248,38.49,93,89,248776
1.9013,0.2151,38.62,93,89,248779
1.8671,0.2199,38.62,93,89,248782
1.9062,0.2248,38.49,93,89,248786
1.9013,0.2199,38.62,93,89,248790
1.9355,0.2199,38.49,93,89,248793
1.9013,0.2151,38.55,93,89,248796
1.8768,0.2199,38.65,93,89,248800
1.8768,0.2248,38.46,93,89,248803
1.8524,0.2199,38.62,93,89,248806
1.9062,0.2248,38.40,93,89,248810
1.9013,0.2199,38.58,93,89,248813
1.9013,0.2151,38.65,93,89,248816
1.9404,0.2199,38.58,93,89,248820
1.9453,0.2248,38.68,93,89,248823
1.9941,0.2297,38.36,93,89,248826
1.9501,0.2199,38.55,93,89,248830
1.9208,0.2199,38.62,93,89,248834
1.9257,0.2248,38.58,93,89,248837
1.9257,0.2199,38.62,93,89,248841
2.0088,0.2395,38.36,93,89,248844
2.0137,0.2297,38.55,93,89,248847
2.0381,0.2102,38.55,93,89,248850
2.0186,0.2199,38.62,93,89,248854
1.9892,0.2151,38.65,93,89,248857
2.0088,0.2297,38.46,93,89,248860
1.9648,0.2151,38.55,93,89,248864
1.9550,0.2199,38.52,93,89,248867
1.9159,0.2199,38.58,93,89,248870
1.8964,0.2199,38.62,93,89,248875
1.9110,0.2297,38.52,93,89,248878
1.8768,0.2199,38.62,93,89,248881
1.8915,0.2346,38.55,93,89,248884
1.8524,0.2199,38.65,93,89,248888
1.8377,0.2199,38.58,93,89,248891
1.8426,0.2248,38.55,93,89,248894
1.8328,0.2199,38.62,93,89,248898
1.8524,0.2199,38.52,93,89,248901
1.8182,0.2199,38.62,93,89,248904
1.7937,0.2199,38.58,93,89,248908
1.7937,0.2199,38.55,93,89,248911
1.7546,0.2199,38.62,93,89,248914
1.8035,0.2297,38.36,93,89,248919
1.7840,0.2248,38.52,93,89,248922
1.7840,0.2199,38.65,93,89,248925
1.8084,0.2248,38.55,93,89,248928
1.8084,0.2199,38.65,93,89,248932
1.8768,0.2297,38.33,93,89,248935
1.8719,0.2151,38.52,93,89,248938
1.8475,0.2151,38.62,93,89,248942
1.8377,0.2395,38.62,93,89,248945
1.8280,0.2199,38.62,93,89,248948
1.8719,0.2395,38.33,93,89,248952
1.8817,0.2102,38.55,93,89,248955
1.9013,0.2199,38.52,93,89,248958
1.9648,0.2248,38.58,93,89,248963
2.0772,0.2199,38.65,93,89,248966
2.2727,0.2297,38.52,93,89,248969
2.4242,0.2248,38.58,93,89,248972
2.6637,0.2151,38.52,93,89,248976
2.8788,0.2151,38.62,93,89,248979
3.1525,0.2199,38.62,93,89,248982
3.4115,0.2297,38.46,93,89,248986
3.4262,0.2199,38.62,93,89,248989
3.3284,0.2248,38.52,93,89,248992
2.9814,0.2248,38.55,93,89,248996
2.6246,0.1906,38.62,93,89,248999
2.3021,0.2297,38.55,93,89,249003
2.0332,0.2248,38.62,93,89,249007
1.8133,0.2248,38.43,93,89,249010
1.6276,0.2199,38.55,93,89,249013
1.4956,0.2199,38.62,93,89,249016
1.4321,0.2297,38.62,93,89,249020
1.3587,0.2151,38.62,93,89,249023
1.3685,0.2297,38.36,93,89,249026
1.3343,0.2639,38.52,93,89,249030
1.3539,0.2199,38.65,93,89,249033
1.3832,0.2248,38.87,93,90,249036
1.5054,0.2199,37.83,93,90,249040
1.5249,0.2199,38.71,93,90,249043
1.5738,0.2199,38.43,93,90,249048
1.5689,0.2248,38.68,93,90,249051
1.5934,0.2151,38.49,93,90,249054
1.5836,0.2199,38.62,93,90,249058
1.5934,0.2199,38.58,93,90,249061
1.6325,0.2102,38.52,93,90,249064
1.6422,0.2199,38.71,93,90,249067
1.6716,0.2248,38.52,93,90,249071
1.6471,0.2102,38.62,93,90,249074
1.6471,0.2199,38.62,93,90,249077
1.6618,0.2248,38.49,93,90,249081
1.6422,0.2102,38.62,93,90,249084
1.6764,0.2199,38.52,93,90,249088
1.6618,0.2199,38.68,93,90,249092
1.6716,0.2199,38.62,93,90,249095
1.7009,0.2639,38.58,93,90,249098
1.7058,0.2199,38.62,93,90,249102
1.7498,0.2297,38.33,93,90,249105
1.7253,0.2248,38.55,93,90,249108
1.7107,0.2199,38.65,93,90,249111
1.7155,0.2199,38.58,93,90,249115
1.7107,0.2199,38.62,93,90,249118
1.7644,0.2395,38.24,93,90,249121
1.7595,0.2248,38.52,93,90,249125
1.7400,0.1906,38.55,93,90,249128
1.7546,0.2248,38.43,93,90,249132
1.7546,0.2199,38.62,93,90,249136
1.7986,0.2297,38.49,93,90,249139
1.7742,0.2248,38.58,93,90,249142
1.7644,0.2297,38.52,93,90,249146
1.7400,0.2199,38.62,93,90,249149
1.7302,0.2151,38.68,93,90,249152
1.7449,0.2297,38.55,93,90,249155
1.7253,0.2199,38.62,93,90,249159
1.7351,0.2248,38.49,93,90,249162
1.7155,0.2199,38.74,93,90,249165
1.7155,0.2297,38.74,93,90,249169
1.7400,0.2297,38.52,93,90,249172
1.7302,0.2199,38.62,93,90,249176
1.7693,0.2248,38.49,93,90,249180
1.7595,0.2199,38.62,93,90,249183
1.7644,0.2151,38.65,93,90,249186
1.7840,0.2297,38.58,93,90,249190
1.7644,0.2151,38.65,93,90,249193
1.7986,0.2297,38.43,93,90,249196
1.7693,0.2248,38.68,93,90,249199
1.7595,0.2199,38.65,93,90,249203
1.7791,0.2248,38.55,93,90,249206
1.7644,0.2199,38.81,93,90,249209
1.8133,0.2248,38.33,93,90,249213
1.7889,0.2199,38.05,93,90,249217
1.7986,0.2151,38.62,93,90,249220
1.8133,0.2102,38.62,93,90,249224
1.7986,0.2199,38.62,93,90,249227
1.8671,0.2346,38.43,93,90,249230
1.8182,0.2248,38.65,93,90,249234
1.8231,0.2199,38.58,93,90,249237
1.8280,0.2199,38.58,93,90,249240
1.8328,0.2199,38.65,93,90,249243
1.8768,0.2248,38.43,93,90,249247
1.8622,0.2248,38.55,93,90,249250
1.8866,0.2297,38.46,93,90,249253
1.8573,0.2199,38.62,93,90,249257
1.8524,0.2199,38.65,93,90,249261
1.8671,0.2297,38.55,93,90,249264
1.8524,0.2199,38.81,93,90,249268
1.8866,0.2346,38.52,93,90,249271
1.8622,0.1906,38.62,93,90,249274
1.8622,0.2199,38.55,93,90,249278
1.8671,0.2248,38.49,93,90,249281
1.8573,0.2199,38.68,93,90,249284
1.8768,0.2151,38.40,93,90,249287
1.8524,0.2199,38.65,93,90,249291
1.8524,0.2199,38.62,93,90,249294
1.8719,0.2297,38.55,93,90,249297
1.8377,0.2248,38.65,93,90,249302
1.9013,0.2199,38.36,93,90,249305
1.8328,0.2248,38.58,93,90,249308
1.8035,0.2151,38.65,93,90,249312
1.8035,0.2248,38.58,93,90,249315
1.7937,0.2199,38.55,93,90,249318
1.8524,0.2444,38.36,93,90,249322
1.8182,0.2248,38.74,93,90,249325
1.8084,0.2199,38.62,93,90,249328
1.7986,0.2102,38.62,93,90,249331
1.7986,0.2199,38.62,93,90,249335
1.8328,0.2590,38.49,93,90,249338
1.7986,0.2248,38.58,93,90,249341
1.7889,0.2199,38.84,93,90,249346
1.7889,0.2248,38.62,93,90,249349
1.7693,0.2199,38.65,93,90,249352
1.7937,0.2297,38.58,93,90,249356
1.7644,0.2199,38.62,93,90,249359
1.7889,0.2248,38.46,93,90,249362
1.7644,0.2199,38.62,93,90,249366
1.7742,0.2151,38.65,93,90,249369
1.8280,0.2297,38.49,93,90,249372
1.7889,0.2248,38.62,93,90,249376
1.8182,0.2248,38.46,93,90,249379
1.7986,0.2199,38.55,93,90,249382
1.8035,0.2199,38.58,93,90,249385
1.8377,0.2346,38.52,93,90,249390
1.8280,0.2199,38.62,93,90,249393
1.8768,0.2542,38.40,93,90,249396
1.8426,0.2248,38.55,93,90,249400
1.8377,0.2199,38.65,93,90,249403
1.8524,0.2297,38.58,93,90,249406
1.8377,0.1906,38.68,93,90,249410
1.8817,0.2297,38.71,93,90,249413
1.8622,0.2102,38.52,93,90,249416
1.8377,0.2151,38.65,93,90,249420
1.8426,0.2248,38.62,93,90,249423
1.8377,0.2151,38.49,93,90,249426
1.8915,0.2395,38.43,93,90,249430
1.8622,0.2297,38.62,93,90,249434
1.8573,0.2199,38.62,93,90,249437
1.8524,0.2102,38.62,93,90,249440
1.8524,0.2199,38.62,93,90,249444
1.8817,0.2248,38.46,93,90,249447
1.8524,0.2199,38.58,93,90,249450
1.8719,0.2248,38.52,93,90,249454
1.8622,0.2199,38.62,93,90,249457
1.8817,0.2199,38.74,93,90,249460
1.9159,0.2297,38.52,93,90,249464
1.8817,0.2199,38.62,93,90,249467
1.9257,0.2199,38.52,93,90,249470
1.9013,0.2151,38.58,93,90,249474
1.9110,0.2199,38.62,93,90,249478
1.9355,0.2248,38.52,93,90,249481
1.9501,0.2151,38.62,93,90,249484
1.9599,0.2248,38.43,93,90,249488
1.9404,0.2248,38.65,93,90,249491
1.9208,0.2151,38.62,93,90,249494
1.9110,0.2248,38.55,93,90,249498
1.8622,0.2199,38.62,93,90,249501
1.8817,0.2346,38.36,93,90,249504
1.8426,0.2248,38.52,93,90,249508
1.8133,0.2199,38.65,93,90,249511
1.8084,0.2248,38.65,93,90,249515
1.7889,0.2199,38.62,93,90,249518
1.8328,0.2395,38.33,93,90,249522
1.7840,0.2297,38.52,93,90,249525
1.7644,0.2151,38.55,93,90,249528
1.7546,0.2444,38.68,93,90,249532
1.7400,0.2199,38.62,93,90,249535
1.7742,0.2297,38.52,93,90,249538
1.7498,0.2297,38.58,93,90,249542
1.7840,0.2102,38.49,93,90,249545
1.7400,0.2199,38.62,93,90,249548
1.7449,0.2151,38.62,93,90,249552
1.7693,0.2248,38.55,93,90,249555
1.7595,0.2199,38.62,93,90,249559
1.7840,0.2297,38.55,93,90,249562
1.7693,0.2199,38.84,93,90,249566
1.7791,0.2199,38.65,93,90,249569
1.8182,0.2297,38.49,93,90,249572
1.7937,0.2297,38.68,93,90,249576
1.8182,0.2199,38.46,93,90,249579
1.8133,0.2199,37.77,93,90,249582
1.8328,0.2297,38.62,93,90,249586
1.8866,0.2297,38.52,93,90,249589
1.9208,0.2199,38.62,93,90,249592
2.0723,0.2297,38.40,93,90,249596
2.1359,0.2248,38.58,93,90,249600
2.2923,0.2199,38.68,93,90,249603
2.5171,0.2248,38.58,93,90,249606
2.7419,0.2199,38.65,93,90,249610
3.0694,0.2297,38.43,93,90,249613
3.2209,0.2151,38.55,93,90,249616
3.3236,0.2151,38.62,93,90,249620
3.2747,0.2248,38.68,93,90,249623
3.0401,0.2199,38.68,93,90,249626
2.7908,0.2395,38.43,93,90,249630
2.3998,0.2248,38.55,93,90,249633
2.1017,0.2199,38.55,93,90,249636
1.8622,0.2199,38.55,93,90,249640
1.6764,0.2248,38.68,93,90,249644
1.5689,0.2297,38.49,93,90,249647
1.3685,0.2248,38.52,93,90,249651
1.3783,0.2199,38.52,93,90,249654
1.4272,0.2151,38.46,93,90,249657
1.4223,0.2151,38.58,93,90,249661
1.4565,0.2199,38.62,93,90,249664
1.4858,0.2297,38.52,93,90,249667
1.4907,0.2199,38.65,93,90,249671
1.5347,0.2248,38.46,93,90,249674
1.5396,0.2151,38.58,93,90,249677
1.5494,0.2199,38.81,93,90,249681
1.5689,0.2297,38.68,93,90,249684
1.5738,0.2199,38.62,93,90,249688
1.6227,0.2248,38.33,93,90,249692
1.6031,0.2199,38.55,93,90,249695
1.5982,0.2102,38.71,93,90,249698
1.6129,0.2248,38.62,93,90,249701
1.6178,0.2151,38.65,93,90,249705
1.6667,0.2346,38.40,93,90,249708
1.6422,0.2248,38.55,93,90,249711
1.6373,0.2151,38.65,93,90,249715
1.6325,0.2102,38.62,93,90,249718
1.6422,0.2199,38.62,93,90,249721
1.6764,0.2444,38.52,93,90,249725
1.6667,0.2199,38.58,93,90,249729
1.6862,0.2199,38.43,93,90,249732
1.6667,0.2248,38.62,93,90,249736
1.6764,0.2199,38.68,93,90,249739
1.6911,0.2151,38.55,93,90,249742
1.6813,0.2199,38.62,93,90,249745
1.7058,0.2248,38.55,93,90,249749
1.7107,0.2199,38.62,93,90,249752
1.6764,0.2199,38.74,93,90,249755
1.7107,0.2297,38.55,93,90,249759
1.7009,0.2199,38.74,93,90,249762
1.7351,0.2248,38.40,93,90,249765
1.7253,0.2248,38.49,93,90,249769
1.7155,0.2151,38.65,93,90,249773
1.7400,0.2248,38.55,93,90,249776
1.7204,0.1906,38.62,93,90,249780
1.7644,0.2248,38.40,93,90,249783
1.7400,0.2199,38.52,93,90,249786
1.7400,0.2199,38.68,93,90,249789
1.7498,0.2248,38.58,93,90,249793
1.7498,0.2151,38.68,93,90,249796
1.8035,0.2639,38.36,93,90,249799
1.7693,0.2199,38.55,93,90,249803
1.7644,0.2199,38.58,93,90,249806
1.7693,0.2102,38.62,93,90,249809
1.7742,0.2444,38.65,93,90,249814
1.8231,0.2346,38.49,93,90,249817
1.7937,0.2199,38.62,93,90,249820
1.8084,0.2248,38.52,93,90,249824
1.7937,0.2199,38.71,93,90,249827
1.7986,0.2199,38.65,93,90,249830
1.8426,0.2297,38.46,93,90,249833
1.8133,0.2199,38.52,93,90,249837
1.8377,0.2151,38.46,93,90,249840
1.8133,0.2199,38.65,93,90,249843
1.8280,0.2151,38.84,93,90,249847
1.8475,0.2199,38.52,93,90,249850
1.8328,0.2199,38.65,93,90,249853
1.8671,0.2151,38.46,93,90,249858
1.8524,0.2151,38.71,93,90,249861
1.8622,0.2151,38.62,93,90,249864
1.8817,0.2297,38.52,93,90,249868
1.8768,0.2151,38.55,93,90,249871
1.9208,0.2248,38.40,93,90,249874
1.8866,0.2151,38.58,93,90,249878
1.9257,0.2151,38.65,93,90,249881
1.9208,0.2248,38.58,93,90,249884
1.9404,0.2248,38.65,93,90,249887
1.9697,0.2297,38.33,93,90,249891
1.9355,0.2248,38.52,93,90,249894
1.9208,0.2151,38.62,93,90,249897
1.9257,0.2248,38.77,93,90,249902
1.9159,0.2151,38.62,93,90,249905
1.9648,0.2297,38.43,93,90,249908
1.9208,0.2395,38.55,93,90,249912
1.9159,0.2102,38.52,93,90,249915
1.8915,0.2199,38.81,93,90,249918
1.8866,0.2151,38.65,93,90,249922
1.9110,0.2248,38.49,93,90,249925
1.8866,0.2297,38.58,93,90,249928
1.9257,0.2199,38.46,93,90,249931
1.8817,0.2151,38.62,93,90,249935
1.8915,0.2151,38.62,93,90,249938
1.8964,0.2199,38.55,93,90,249942
1.8866,0.2151,38.65,93,90,249946
1.9355,0.2151,38.49,93,90,249949
1.8719,0.2199,38.62,93,90,249952
1.8671,0.2151,38.62,93,90,249956
1.8964,0.2297,38.49,93,90,249959
1.8719,0.2151,38.62,93,90,249962
1.8964,0.2297,38.40,93,90,249966
1.9013,0.2102,38.52,93,90,249969
1.8524,0.2151,38.62,93,90,249972
1.8622,0.2248,38.58,93,90,249976
1.8328,0.2151,38.62,93,90,249979
1.8866,0.2248,38.36,93,90,249982
1.8475,0.2199,38.52,93,90,249986
1.8377,0.2151,38.58,93,90,249990
1.8475,0.2199,38.62,93,90,249993
1.8377,0.2151,38.68,93,90,249996
1.8964,0.2395,38.43,93,90,250000
1.8622,0.2248,38.55,93,90,250003
1.8524,0.2151,38.52,93,90,250006
1.8475,0.2199,38.71,93,90,250010
1.8719,0.2102,38.62,93,90,250013
1.8768,0.2248,38.58,93,90,250016
1.8573,0.2199,38.62,93,90,250020
1.8671,0.2199,38.46,93,90,250023
1.8573,0.2199,38.65,93,90,250027
1.8719,0.2248,38.65,93,90,250031
1.9013,0.2248,38.49,93,90,250034
1.8915,0.2151,38.62,93,90,250037
1.9208,0.2199,37.74,93,90,250040
1.8964,0.2151,38.52,93,90,250044
1.8964,0.2151,38.62,93,90,250047
1.9257,0.2346,38.49,93,90,250050
1.9062,0.2151,38.62,93,90,250054
1.9404,0.2199,38.43,93,90,250057
1.9110,0.2248,38.52,93,90,250060
1.9355,0.2199,38.62,93,90,250064
1.9306,0.2248,38.68,93,90,250067
1.9110,0.2151,38.62,93,90,250071
1.9648,0.2248,38.36,93,90,250075
1.9208,0.2151,38.58,93,90,250078
1.9257,0.2199,38.65,93,90,250081
1.9404,0.2199,38.62,93,90,250084
1.9355,0.2151,38.62,93,90,250088
1.9941,0.2297,38.36,93,90,250091
1.9697,0.2590,38.52,93,90,250094
1.9648,0.2151,38.55,93,90,250098
1.9795,0.2199,38.58,93,90,250101
1.9892,0.2151,38.62,93,90,250104
2.0479,0.2297,38.43,93,90,250108
2.0332,0.2199,38.55,93,90,250112
2.0528,0.2102,38.49,93,90,250115
2.0430,0.2151,38.62,93,90,250119
2.0332,0.2151,38.65,93,90,250122
2.0528,0.2199,38.49,93,90,250125
2.0088,0.2199,38.62,93,90,250128
2.0039,0.2199,38.49,93,90,250132
1.9453,0.2151,38.58,93,90,250135
1.9208,0.2151,38.65,93,90,250138
1.9208,0.2199,38.52,93,90,250142
1.9013,0.2248,38.68,93,90,250145
1.9257,0.2248,38.49,93,90,250148
1.8817,0.2151,38.62,93,90,250152
1.8768,0.1906,38.65,93,90,250156
1.8866,0.2199,38.49,93,90,250159
1.8622,0.2151,38.62,93,90,250163
1.8768,0.2199,38.49,93,90,250166
1.8426,0.2248,38.52,93,90,250169
1.8328,0.2151,38.62,93,90,250172
1.8475,0.2199,38.55,93,90,250176
1.8377,0.2151,38.62,93,90,250179
1.8866,0.2248,38.27,93,90,250182
1.8475,0.2151,38.52,93,90,250186
1.8377,0.2102,38.71,93,90,250189
1.8426,0.2151,38.62,93,90,250192
1.8426,0.2151,38.62,93,90,250196
1.8915,0.2395,38.46,93,90,250200
1.8524,0.2199,38.55,93,90,250203
1.8524,0.2151,38.46,93,90,250207
1.8475,0.1906,38.62,93,90,250210
1.8573,0.2395,38.62,93,90,250213
1.9110,0.2248,38.55,93,90,250216
1.9110,0.2102,38.62,93,90,250220
1.9697,0.2199,38.68,93,90,250223
2.0186,0.2151,38.62,93,90,250226
2.1114,0.2151,38.71,93,90,250230
2.2776,0.2346,38.46,93,90,250233
2.4145,0.2151,38.52,93,90,250236
2.6588,0.2199,38.49,93,90,250241
2.8495,0.2151,38.58,93,90,250244
3.0841,0.2151,38.74,93,90,250247
3.2991,0.2151,38.49,93,90,250251
3.3089,0.2151,38.62,93,90,250254
3.2405,0.2199,38.40,93,90,250257
1.9159,0.2248,38.36,92,90,250261
1.7253,0.2151,38.49,92,90,250264
1.5934,0.2102,38.81,92,90,250268
1.5200,0.2248,38.62,92,90,250271
1.4761,0.2151,38.65,92,90,250274
1.4809,0.2199,38.49,92,90,250277
1.4467,0.1906,38.58,92,90,250281
1.4565,0.2102,38.52,92,90,250285
1.4663,0.2151,38.62,92,90,250288
1.4907,0.2151,38.62,92,90,250292
1.5347,0.2199,38.49,92,90,250295
1.5298,0.2151,38.58,92,90,250298
1.5591,0.2199,38.46,92,90,250302
1.5543,0.2102,38.68,92,90,250305
1.5787,0.2151,38.65,92,90,250308
1.6178,0.2346,38.49,92,90,250312
1.6080,0.2102,38.65,92,90,250315
1.6471,0.1906,38.49,92,90,250318
1.6276,0.2102,38.52,92,90,250321
1.6373,0.2248,38.68,92,90,250326
1.6569,0.2199,38.49,92,90,250329
1.6520,0.2151,38.71,92,90,250332
1.6813,0.2199,38.46,92,90,250336
1.6618,0.2151,38.68,92,90,250339
1.6716,0.2199,38.58,92,90,250342
1.6960,0.2199,38.55,92,90,250346
1.6911,0.2151,38.65,92,90,250349
1.7400,0.2248,38.40,92,90,250352
1.7155,0.2199,38.52,92,90,250356
1.7449,0.2199,38.62,92,90,250359
1.7253,0.2199,38.62,92,90,250362
1.7546,0.2151,38.62,92,90,250365
1.7840,0.2297,38.40,92,90,250370
1.7498,0.2297,38.52,92,90,250373
1.7449,0.2102,38.55,92,90,250376
1.7400,0.2151,38.52,92,90,250380
1.7400,0.2297,38.62,92,90,250383
1.7791,0.2248,38.49,92,90,250386
1.7644,0.2199,38.62,92,90,250390
1.8035,0.2151,38.52,92,90,250393
1.7693,0.2151,38.71,92,90,250396
1.7742,0.2151,38.65,92,90,250400
1.7937,0.2151,38.74,92,90,250403
1.8035,0.2151,38.62,92,90,250406
1.8231,0.2199,38.52,92,90,250409
1.8328,0.2151,38.62,92,90,250414
1.7986,0.2102,38.68,92,90,250417
1.8182,0.2248,38.55,92,90,250420
1.7986,0.2151,38.62,92,90,250424
1.8231,0.2151,38.40,92,90,250427
1.8133,0.2102,38.52,92,90,250430
1.8133,0.2102,38.62,92,90,250434
1.8573,0.2248,38.52,92,90,250437
1.8280,0.2102,38.62,92,90,250440
1.8817,0.2199,37.96,92,90,250444
1.8524,0.2199,38.52,92,90,250447
1.8377,0.2102,38.62,92,90,250450
1.8524,0.2199,38.55,92,90,250455
1.8426,0.2199,38.68,92,90,250458
1.8964,0.2297,38.36,92,90,250461
1.8573,0.2151,38.49,92,90,250464
1.8475,0.1906,38.62,92,90,250468
1.8573,0.2151,38.58,92,90,250471
1.8573,0.2151,38.62,92,90,250474
1.9013,0.2297,38.46,92,90,250478
1.8768,0.2248,38.58,92,90,250481
1.8817,0.2102,38.58,92,90,250484
1.8719,0.2151,38.65,92,90,250488
1.8817,0.2102,38.62,92,90,250491
1.9208,0.2248,38.43,92,90,250494
1.9013,0.2151,38.62,92,90,250499
1.9355,0.2199,38.46,92,90,250502
1.9062,0.2151,38.58,92,90,250505
1.9257,0.2102,38.65,92,90,250508
1.9550,0.2248,38.52,92,90,250512
1.9453,0.2151,38.65,92,90,250515
1.9648,0.2151,38.46,92,90,250518
1.9355,0.2444,38.55,92,90,250522
1.9355,0.2102,37.99,92,90,250525
1.9501,0.2346,38.55,92,90,250528
1.9355,0.2102,38.62,92,90,250532
1.9648,0.2199,38.46,92,90,250535
1.9257,0.1906,38.58,92,90,250539
1.9257,0.2102,38.65,92,90,250543
1.9404,0.2542,38.55,92,90,250546
1.9208,0.2151,38.62,92,90,250549
1.9697,0.2346,38.36,92,90,250553
1.9355,0.2199,38.52,92,90,250556
1.9110,0.2053,38.58,92,90,250559
1.9159,0.2199,38.62,92,90,250562
1.9110,0.2102,38.65,92,90,250566
1.9599,0.2297,38.43,92,90,250569
1.9257,0.2199,38.58,92,90,250572
1.9110,0.2102,38.55,92,90,250576
1.8964,0.2151,38.62,92,90,250579
1.8964,0.2151,38.62,92,90,250583
1.9208,0.2444,38.49,92,90,250587
1.8964,0.2102,38.58,92,90,250590
1.9062,0.2151,38.49,92,90,250593
1.8768,0.2151,38.62,92,90,250597
1.8768,0.2102,38.52,92,90,250600
1.8866,0.2151,38.55,92,90,250603
1.8817,0.2151,38.62,92,90,250606
1.9062,0.2151,38.49,92,90,250610
1.8719,0.2151,38.62,92,90,250613
1.8768,0.2102,38.65,92,90,250616
1.9013,0.2199,38.46,92,90,250620
1.8719,0.2102,38.74,92,90,250624
1.9013,0.2248,38.43,92,90,250627
1.8768,0.2151,38.55,92,90,250631
1.8622,0.2102,38.62,92,90,250634
1.8817,0.2248,38.55,92,90,250637
1.8671,0.2102,38.62,92,90,250641
1.9306,0.2102,38.33,92,90,250644
1.8866,0.2151,38.62,92,90,250647
1.8719,0.2102,38.62,92,90,250651
1.8915,0.2151,38.58,92,90,250654
1.8817,0.2102,38.62,92,90,250657
1.9648,0.2199,38.43,92,90,250660
1.9013,0.2199,38.55,92,90,250664
1.8964,0.2004,38.55,92,90,250668
1.8817,0.2102,38.62,92,90,250671
1.8817,0.2151,38.68,92,90,250675
1.9110,0.2248,38.55,92,90,250678
1.8915,0.2151,38.62,92,90,250681
1.9062,0.2151,38.49,92,90,250685
1.8866,0.2102,38.62,92,90,250688
1.8915,0.2151,38.62,92,90,250691
1.9257,0.2248,38.49,92,90,250695
1.8964,0.2151,38.62,92,90,250698
1.9306,0.2151,38.81,92,90,250701
1.9208,0.2199,38.58,92,90,250705
1.9501,0.2102,38.65,92,90,250708
1.9501,0.2151,38.46,92,90,250712
1.9306,0.2151,38.62,92,90,250715
1.9648,0.2151,38.43,92,90,250719
1.9501,0.2151,38.55,92,90,250722
1.9501,0.2102,38.62,92,90,250725
1.9844,0.2199,38.52,92,90,250729
1.9697,0.2151,38.62,92,90,250732
2.0283,0.2199,38.40,92,90,250735
1.9941,0.2199,38.55,92,90,250739
2.0137,0.2102,38.65,92,90,250742
2.0332,0.2151,38.55,92,90,250745
2.0381,0.2102,38.62,92,90,250749
2.0674,0.2297,38.40,92,90,250753
2.0137,0.2151,38.74,92,90,250756
1.9844,0.2053,38.55,92,90,250759
1.9697,0.2151,38.62,92,90,250763
1.9648,0.2102,38.62,92,90,250766
1.9599,0.2199,38.43,92,90,250769
1.9306,0.2151,38.55,92,90,250773
1.9062,0.2102,38.62,92,90,250776
1.8817,0.2151,38.58,92,90,250779
1.8671,0.1906,38.62,92,90,250783
1.8915,0.2199,38.49,92,90,250786
1.8622,0.2151,38.58,92,90,250789
1.8671,0.2199,38.58,92,90,250793
1.8231,0.2151,38.62,92,90,250797
1.8133,0.2102,38.65,92,90,250800
1.8182,0.2151,38.52,92,90,250803
1.8377,0.2151,38.62,92,90,250807
1.8280,0.2102,38.43,92,90,250810
1.8035,0.2102,38.62,92,90,250813
1.8035,0.2102,38.62,92,90,250817
1.8182,0.2199,38.49,92,90,250820
1.8035,0.2102,38.68,92,90,250823
1.8328,0.2199,38.43,92,90,250827
1.8182,0.2395,38.55,92,90,250830
1.8084,0.1906,38.62,92,90,250833
1.8231,0.2151,38.62,92,90,250838
1.8182,0.1906,38.62,92,90,250841
1.8817,0.2199,38.36,92,90,250844
1.8866,0.2151,38.49,92,90,250847
1.8768,0.2053,38.65,92,90,250851
1.9208,0.2151,38.58,92,90,250854
2.0039,0.2151,38.62,92,90,250857
2.1114,0.2297,38.46,92,90,250861
2.1896,0.2639,38.55,92,90,250864
2.3412,0.2151,38.55,92,90,250867
2.5024,0.2248,38.65,93,90,250871
3.2649,0.2102,38.68,93,90,250874
3.0792,0.2248,38.62,93,90,250878
2.8397,0.2199,38.52,93,90,250882
2.4927,0.2151,38.65,93,90,250885
2.2532,0.2151,38.43,93,90,250889
2.0039,0.2102,38.52,93,90,250892
1.8084,0.2102,38.65,93,90,250895
1.6862,0.2199,38.52,93,90,250898
1.5640,0.2102,38.62,93,90,250902
1.5347,0.2151,38.33,93,90,250905
1.4712,0.2151,38.58,93,90,250908
1.4614,0.2102,38.65,93,90,250912
1.4663,0.2395,38.58,93,90,250915
1.4663,0.2102,38.62,93,90,250918
1.5347,0.2199,38.30,93,90,250923
1.5200,0.2151,38.55,93,90,250926
1.5298,0.2053,38.62,93,90,250929
1.5445,0.2151,38.71,93,90,250933
1.5445,0.2102,38.62,93,90,250936
1.6031,0.2297,38.43,93,90,250939
1.5885,0.2199,38.58,93,90,250942
1.5934,0.2102,38.52,93,90,250946
1.6031,0.2151,38.62,93,90,250949
1.6129,0.2102,38.65,93,90,250952
1.6471,0.2199,38.49,93,90,250956
1.6227,0.2151,38.58,93,90,250959
1.6373,0.2102,38.43,93,90,250962
1.6276,0.2053,38.62,93,90,250967
1.6422,0.2102,38.62,93,90,250970
1.6764,0.2199,38.52,93,90,250973
1.6813,0.2151,38.62,93,90,250977
1.7204,0.2102,38.49,93,90,250980
1.7058,0.2053,38.55,93,90,250983
1.7449,0.2102,38.65,93,90,250986
1.7253,0.2102,38.49,93,90,250990
1.7155,0.2102,38.65,93,90,250993
1.7449,0.2151,38.40,93,90,250996
1.7253,0.2102,38.77,93,90,251000
1.7351,0.2004,38.62,93,90,251003
1.7595,0.2151,38.58,93,90,251006
1.7449,0.2102,38.58,93,90,251011
1.7889,0.2151,38.36,93,90,251014
1.7595,0.2151,38.55,93,90,251017
1.7400,0.2053,38.65,93,90,251021
1.7449,0.2151,38.55,93,90,251024
1.7400,0.2102,38.58,93,90,251027
1.7986,0.2444,38.36,93,90,251030
1.7791,0.2151,38.52,93,90,251034
1.7742,0.2102,38.62,93,90,251037
1.7840,0.2102,38.62,93,90,251040
1.7840,0.2102,38.68,93,90,251044
1.8328,0.2199,38.49,93,90,251047
1.8182,0.2151,38.58,93,90,251051
1.8280,0.2102,38.52,93,90,251055
1.8133,0.2102,38.62,93,90,251058
1.8133,0.2102,38.65,93,90,251061
1.8231,0.2199,38.58,93,90,251065
1.7937,0.2151,38.58,93,90,251068
1.8133,0.2102,38.49,93,90,251071
1.7791,0.2102,38.62,93,90,251074
1.7889,0.2102,38.62,93,90,251078
1.8133,0.2151,38.58,93,90,251081
1.7889,0.1906,38.62,93,90,251084
1.8231,0.2102,38.74,93,90,251088
1.8182,0.2151,38.52,93,90,251091
1.8377,0.2102,38.62,93,90,251095
1.8573,0.2346,38.49,93,90,251099
1.8328,0.2102,38.62,93,90,251102
1.8622,0.2151,38.40,93,90,251105
1.8328,0.2297,38.55,93,90,251109
1.8280,0.2102,38.65,93,90,251112
1.8573,0.2151,38.58,93,90,251115
1.8426,0.2199,38.65,93,90,251118
1.9159,0.2151,38.33,93,90,251122
1.8768,0.2102,38.49,93,90,251125
1.9062,0.2053,38.68,93,90,251128
1.8964,0.2102,38.62,93,90,251132
1.8964,0.2151,38.68,93,90,251136
1.9648,0.2297,38.43,93,90,251139
1.9453,0.2151,38.55,93,90,251143
1.9550,0.2004,38.52,93,90,251146
1.9306,0.2102,38.65,93,90,251149
1.9257,0.2151,38.62,93,90,251153
1.9599,0.2199,38.46,93,90,251156
1.9257,0.2053,38.62,93,90,251159
1.9355,0.2151,38.49,93,90,251162
1.9062,0.2102,38.65,93,90,251166
1.8964,0.2151,38.62,93,90,251169
1.9208,0.2199,38.52,93,90,251172
1.8964,0.2102,38.62,93,90,251176
1.9159,0.2199,38.52,93,90,251180
1.9208,0.2102,38.62,93,90,251183
1.8964,0.2102,38.65,93,90,251187
1.9110,0.2199,38.55,93,90,251190
1.9062,0.2102,38.62,93,90,251193
1.9306,0.2102,38.49,93,90,251197
1.9306,0.2151,38.62,93,90,251200
1.9110,0.2102,38.65,93,90,251203
1.9355,0.2199,38.52,93,90,251206
1.9062,0.2102,38.62,93,90,251210
1.9355,0.2151,38.36,93,90,251213
1.9013,0.2151,38.49,93,90,251216
1.8768,0.2102,38.71,93,90,251220
1.8866,0.1906,38.58,93,90,251224
1.8768,0.2102,38.65,93,90,251227
1.9306,0.2248,38.33,93,90,251231
1.8866,0.1906,38.52,93,90,251234
1.8524,0.2053,38.58,93,90,251237
1.8426,0.2151,38.62,93,90,251241
1.8328,0.1906,38.62,93,90,251244
1.8719,0.2248,38.52,93,90,251247
1.8524,0.2199,38.55,93,90,251250
1.8622,0.1906,38.52,93,90,251254
1.8475,0.2102,38.52,93,90,251257
1.8426,0.2102,38.62,93,90,251260
1.8817,0.2199,38.58,93,90,251265
1.8719,0.2395,38.58,93,90,251268
1.8866,0.2102,38.46,93,90,251271
1.8524,0.2297,38.62,93,90,251275
1.8573,0.2102,38.62,93,90,251278
1.8866,0.2199,38.52,93,90,251281
1.8622,0.2102,38.62,93,90,251285
1.8817,0.2102,38.55,93,90,251288
1.8475,0.2151,38.55,93,90,251291
1.8475,0.2102,38.62,93,90,251294
1.8671,0.2102,38.49,93,90,251298
1.8768,0.2151,38.62,93,90,251301
1.8964,0.2151,38.40,93,90,251304
1.8719,0.2199,38.58,93,90,251309
1.8768,0.2102,38.65,93,90,251312
1.9062,0.2199,38.49,93,90,251315
1.8866,0.2102,38.68,93,90,251319
1.9404,0.2199,38.33,93,90,251322
1.8915,0.2151,38.55,93,90,251325
1.8964,0.2053,38.68,93,90,251329
1.9110,0.2102,38.55,93,90,251332
1.9159,0.2102,38.65,93,90,251335
1.9795,0.2297,38.43,93,90,251338
1.9355,0.2199,38.55,93,90,251342
1.9110,0.2102,38.55,93,90,251345
1.8915,0.2248,38.62,93,90,251348
1.9013,0.2004,38.62,93,90,251353
1.9404,0.2199,38.43,93,90,251356
1.9257,0.2102,38.62,93,90,251359
1.9501,0.2151,38.49,93,90,251363
1.9306,0.2102,38.65,93,90,251366
1.9453,0.2102,38.74,93,90,251369
1.9941,0.2151,38.52,93,90,251373
1.9892,0.2102,38.62,93,90,251376
2.0283,0.2199,38.49,93,90,251379
2.0039,0.2151,38.65,93,90,251382
2.0137,0.1906,38.65,93,90,251386
2.0235,0.2151,38.58,93,90,251389
1.9941,0.2102,38.65,93,90,251393
2.0039,0.2102,38.43,93,90,251397
1.9208,0.2102,38.52,93,90,251400
1.8915,0.2102,38.58,93,90,251403
1.8915,0.1906,38.55,93,90,251407
1.8573,0.2199,38.62,93,90,251410
1.9159,0.1906,38.43,93,90,251413
1.8622,0.2151,38.52,93,90,251416
1.8280,0.2102,38.55,93,90,251420
1.8231,0.2151,38.55,93,90,251423
1.8084,0.2102,38.81,93,90,251426
1.8671,0.2151,38.30,93,90,251430
1.8182,0.2102,38.36,93,90,251433
1.8084,0.2151,38.58,93,90,251437
1.8133,0.2102,38.62,93,90,251441
1.8182,0.2102,38.62,93,90,251444
1.8671,0.2297,38.46,93,90,251447
1.8377,0.2151,38.68,93,90,251451
1.8231,0.2004,38.52,93,90,251454
1.7889,0.2151,38.62,93,90,251457
1.7742,0.2102,38.65,93,90,251461
1.7986,0.2199,38.55,93,90,251464
1.7791,0.2102,38.58,93,90,251467
1.8133,0.2395,38.49,93,90,251470
1.8084,0.2102,38.68,93,90,251474
1.8231,0.2102,38.74,93,90,251478
1.8964,0.2199,38.49,93,90,251481
2.1896,0.2199,38.55,93,90,251485
2.3216,0.2102,38.62,93,90,251488
2.6002,0.2199,38.40,93,90,251492
2.8152,0.2199,38.55,93,90,251495
3.0645,0.2102,38.62,93,90,251498
3.2991,0.2151,38.58,93,90,251502
3.3578,0.2151,38.62,93,90,251505
3.3675,0.2199,38.33,93,90,251508
3.0401,0.2102,38.49,93,90,251512
2.7322,0.2004,38.58,93,90,251515
2.3998,0.2151,38.62,93,90,251518
2.1163,0.2151,38.58,93,90,251522
1.9306,0.2248,38.49,93,90,251526
1.7155,0.2493,38.58,93,90,251529
1.5689,0.2102,38.52,93,90,251532
1.4712,0.2102,38.65,93,90,251536
1.4125,0.2102,38.62,93,90,251539
1.4125,0.2199,38.46,93,90,251542
1.3832,0.2590,38.55,93,90,251546
1.4174,0.2151,38.46,93,90,251549
1.3978,0.2102,38.65,93,90,251552
1.4223,0.2102,38.65,93,90,251555
1.4761,0.2199,38.55,93,90,251559
1.4761,0.2102,38.71,93,90,251563
1.5152,0.2248,38.49,93,90,251566
1.5152,0.2053,38.58,93,90,251570
1.5445,0.2102,38.65,93,90,251573
1.6031,0.2199,38.49,93,90,251576
1.5934,0.2102,38.62,93,90,251580
1.6422,0.2151,38.40,93,90,251583
1.6080,0.2053,38.65,93,90,251586
1.6080,0.2102,38.84,93,90,251590
1.6178,0.2297,38.58,93,90,251593
1.6080,0.2102,38.71,93,90,251596
1.6569,0.2199,38.36,93,90,251599
1.6471,0.2102,38.55,93,90,251603
1.6471,0.2102,38.65,93,90,251607
1.6667,0.2151,38.71,93,90,251610
1.6716,0.2151,38.62,93,90,251614
1.7498,0.2297,38.33,93,90,251617
1.7302,0.2151,38.55,93,90,251620
1.7204,0.2053,38.55,93,90,251624
1.7009,0.2102,38.65,93,90,251627
1.6862,0.2199,38.58,93,90,251630
1.7204,0.2248,38.46,93,90,251634
1.7009,0.2151,38.65,93,90,251637
1.7107,0.2004,38.49,93,90,251640
1.7058,0.2102,38.62,93,90,251643
1.7058,0.2102,38.65,93,90,251648
1.7400,0.2199,38.55,93,90,251651
1.7498,0.2151,38.62,93,90,251654
1.7840,0.2151,38.46,93,90,251658
1.7644,0.2151,38.62,93,90,251661
1.7546,0.2102,38.62,93,90,251664
1.7693,0.2248,38.49,93,90,251668
1.7302,0.2102,38.58,93,90,251671
1.7449,0.2151,38.46,93,90,251674
1.7302,0.2102,38.58,93,90,251678
1.7400,0.2102,38.62,93,90,251681
1.7693,0.2199,38.52,93,90,251684
1.7546,0.2102,38.62,93,90,251687
1.7986,0.2151,38.36,93,90,251692
1.7889,0.2151,38.62,93,90,251695
1.8035,0.2053,38.58,93,90,251698
1.8622,0.2151,38.55,93,90,251702
1.8084,0.2102,38.62,93,90,251705
1.8377,0.2199,38.33,93,90,251708
1.7937,0.2102,38.52,93,90,251712
1.7986,0.2053,38.62,93,90,251715
1.8084,0.2151,38.62,93,90,251718
1.8133,0.2102,38.55,93,90,251722
1.8622,0.2346,38.43,93,90,251725
1.8035,0.2151,38.58,93,90,251728
1.7937,0.2102,38.52,93,90,251731
1.7889,0.2151,38.62,93,90,251736
1.7986,0.2102,38.62,93,90,251739
1.8426,0.2395,38.43,93,90,251742
1.8426,0.2151,38.62,93,90,251746
1.8671,0.2102,38.49,93,90,251749
1.8475,0.1906,38.68,93,90,251752
1.8426,0.2102,38.65,93,90,251756
1.8719,0.2444,38.52,93,90,251759
1.8866,0.2151,38.62,93,90,251762
1.9062,0.2151,38.52,93,90,251766
1.8915,0.2346,38.62,93,90,251769
1.9013,0.2102,38.68,93,90,251772
1.9257,0.2151,38.52,93,90,251776
1.9208,0.2102,38.62,93,90,251780
1.9501,0.2102,38.43,93,90,251783
1.9062,0.2102,38.58,93,90,251786
1.8964,0.2199,38.62,93,90,251790
1.9110,0.2199,38.58,93,90,251793
1.8964,0.2297,38.62,93,90,251796
1.9648,0.2248,38.36,93,90,251800
1.9453,0.2151,38.65,93,90,251803
1.9257,0.2395,38.68,93,90,251806
1.9208,0.2151,38.58,93,90,251810
1.8915,0.2102,38.62,93,90,251813
1.9355,0.2199,38.36,93,90,251816
1.8915,0.2151,38.52,93,90,251820
1.8817,0.2004,38.55,93,90,251824
1.8817,0.2151,38.58,93,90,251827
1.8719,0.2151,38.68,93,90,251830
1.9062,0.2199,38.46,93,90,251834
1.8671,0.2151,38.55,93,90,251837
1.8671,0.1906,38.52,93,90,251840
1.8524,0.2102,38.65,93,90,251844
1.8573,0.2151,38.62,93,90,251847
1.8866,0.2199,38.55,93,90,251850
1.8622,0.2199,38.62,93,90,251854
1.8622,0.2199,38.49,93,90,251857
1.8182,0.2151,38.62,93,90,251860
1.8084,0.2102,38.71,93,90,251865
1.8231,0.2590,38.55,93,90,251868
1.7986,0.2102,38.62,93,90,251871
1.8231,0.2151,38.49,93,90,251874
1.8182,0.2151,38.55,93,90,251878
1.8328,0.2102,38.62,93,90,251881
1.8524,0.2590,38.49,93,90,251884
1.8622,0.2151,38.65,93,90,251888
1.8622,0.2199,38.36,93,90,251891
1.8475,0.2151,38.55,93,90,251894
1.8231,0.2102,38.65,93,90,251898
1.8328,0.2542,38.55,93,90,251901
1.8182,0.1906,38.62,93,90,251905
1.8768,0.2248,37.59,93,90,251909
1.8573,0.2102,38.49,93,90,251912
1.8328,0.2053,38.58,93,90,251915
1.8475,0.2151,38.62,93,90,251918
1.8573,0.2102,38.62,93,90,251922
1.9110,0.2248,38.49,93,90,251925
1.9257,0.2102,38.58,93,90,251928
1.8915,0.2102,38.52,93,90,251932
1.8866,0.2151,38.62,93,90,251935
1.8768,0.2102,38.62,93,90,251938
1.9159,0.2248,38.43,93,90,251942
1.8915,0.2151,38.62,93,90,251945
1.9110,0.2151,38.55,93,90,251949
1.8817,0.2102,38.65,93,90,251953
1.8817,0.2102,38.81,93,90,251956
1.9453,0.2102,38.52,93,90,251959
1.8915,0.2102,38.65,93,90,251963
1.9257,0.2102,38.52,93,90,251966
1.9159,0.2102,38.58,93,90,251969
1.9062,0.2102,38.65,93,90,251972
1.9159,0.2151,38.52,93,90,251976
1.9110,0.2151,38.62,93,90,251979
1.9453,0.2199,38.40,93,90,251982
1.9110,0.2102,38.62,93,90,251986
1.9110,0.2102,38.62,93,90,251990
1.9355,0.2199,38.58,93,90,251993
1.9355,0.2102,38.62,93,90,251997
1.9990,0.2199,38.33,93,90,252000
1.9746,0.2493,38.52,93,90,252003
1.9648,0.2151,38.58,93,90,252007
1.9697,0.2151,38.58,93,90,252010
1.9550,0.1906,38.62,93,90,252013
2.0137,0.2297,38.40,93,90,252016
1.9501,0.2297,38.52,93,90,252020
1.9159,0.2053,38.55,93,90,252023
1.8817,0.2151,38.81,93,90,252026
1.8622,0.2151,38.65,93,90,252030
1.8817,0.2199,38.49,93,90,252034
1.8426,0.2151,38.62,93,90,252037
1.8475,0.1906,38.49,93,90,252041
1.8182,0.2151,38.49,93,90,252044
1.8035,0.2102,38.62,93,90,252047
1.8084,0.2151,38.46,93,90,252051
1.7791,0.2248,38.62,93,90,252054
1.7889,0.2199,38.52,93,90,252057
1.7449,0.2199,38.62,93,90,252060
1.7400,0.2102,38.62,93,90,252064
1.7693,0.2199,38.49,93,90,252067
1.7546,0.2151,38.65,93,90,252070
1.7889,0.2151,38.49,93,90,252075
1.7693,0.2151,38.55,93,90,252078
1.7595,0.2102,38.62,93,90,252081
1.7937,0.2199,38.55,93,90,252085
1.7546,0.2102,38.62,93,90,252088
1.7889,0.2199,38.43,93,90,252091
1.8475,0.2297,38.49,92,90,252095
1.8524,0.2493,38.62,92,90,252098
1.9013,0.2102,38.52,92,90,252102
1.9697,0.2151,38.62,92,90,252105
2.1212,0.2199,38.68,92,90,252108
2.2874,0.2248,38.55,92,90,252112
2.4780,0.2151,38.58,92,90,252115
2.7664,0.2199,38.49,92,90,252119
2.9814,0.2102,38.55,92,90,252122
3.2014,0.2199,38.62,92,90,252126
3.3627,0.2248,38.46,92,90,252129
3.2502,0.2151,38.58,92,90,252132
3.0645,0.1906,38.49,92,90,252136
2.6784,0.2102,38.55,92,90,252139
2.3509,0.2102,38.52,92,90,252142
2.0772,0.2102,38.52,92,90,252146
1.8231,0.2102,38.65,92,90,252149
1.6618,0.2151,38.46,92,90,252152
1.5005,0.2151,38.55,92,90,252156
1.4027,0.2102,38.65,92,90,252160
1.3685,0.2248,38.55,92,90,252163
1.3343,0.2151,38.65,92,90,252166
1.3587,0.2199,38.33,92,90,252170
1.3294,0.1906,38.55,92,90,252173
1.3539,0.2102,38.74,92,90,252176
1.3832,0.2248,38.62,92,90,252180
1.4076,0.2102,38.65,92,90,252183
1.4712,0.2297,38.40,92,90,252186
1.4907,0.2199,38.55,92,90,252190
1.4663,0.2053,38.58,92,90,252193
1.4858,0.2151,38.62,92,90,252196
1.4956,0.2102,38.65,92,90,252200
1.5494,0.2248,38.46,92,90,252204
1.5396,0.2199,38.58,92,90,252207
1.5543,0.2151,38.46,92,90,252210
1.5543,0.2102,38.62,92,90,252214
1.5738,0.2102,38.62,92,90,252217
1.6129,0.2151,38.49,92,90,252220
1.6178,0.2151,38.58,92,90,252224
1.6422,0.2199,38.46,92,90,252227
1.6276,0.2151,38.62,92,90,252230
1.6227,0.2102,38.74,92,90,252234
1.6325,0.2102,38.55,92,90,252237
1.6325,0.2102,38.62,92,90,252240
1.6569,0.2151,38.46,92,90,252244
1.6422,0.2151,38.62,92,90,252248
1.6520,0.2102,38.62,92,90,252251
1.6813,0.2199,38.55,92,90,252254
1.6764,0.2151,38.71,92,90,252258
1.7204,0.2346,38.40,92,90,252261
1.7058,0.2199,38.55,92,90,252264
1.6960,0.2102,38.62,92,90,252268
1.7351,0.2151,38.58,92,90,252271
1.6813,0.2102,38.65,92,90,252274
1.7253,0.2248,38.36,92,90,252278
1.6960,0.2151,38.49,92,90,252281
1.6911,0.2053,38.71,92,90,252284
1.6960,0.2151,38.62,92,90,252289
1.6911,0.2102,38.62,92,90,252292
1.7449,0.2297,38.46,92,90,252295
1.7204,0.2199,38.55,92,90,252298
1.7204,0.2102,38.55,92,90,252302
1.7253,0.2151,38.62,92,90,252305
1.7351,0.2102,38.62,92,90,252308
1.7742,0.2297,38.52,92,90,252312
1.7595,0.2102,38.62,92,90,252315
1.7742,0.2151,38.68,92,90,252318
1.7644,0.2102,38.62,92,90,252322
1.7693,0.2102,37.83,92,90,252325
1.8035,0.2297,38.49,92,90,252328
1.7840,0.2151,38.55,92,90,252333
1.8133,0.2102,38.52,92,90,252336
1.8182,0.2102,38.55,92,90,252339
1.7986,0.2102,38.62,92,90,252342
1.8231,0.2151,38.46,92,90,252346
1.8084,0.2151,38.62,92,90,252349
1.8426,0.2151,38.40,92,90,252352
1.8182,0.2151,38.55,92,90,252356
1.8084,0.2102,38.71,92,90,252359
1.8280,0.2102,38.62,92,90,252362
1.8133,0.2102,38.62,92,90,252366
1.8573,0.2248,38.33,92,90,252369
1.8084,0.2102,38.55,92,90,252372
1.8133,0.2102,38.62,92,90,252377
1.8328,0.2151,38.58,92,90,252380
1.8426,0.2151,38.62,92,90,252383
1.9062,0.2346,38.36,92,90,252387
1.8817,0.2102,38.55,92,90,252390
1.8719,0.2102,38.55,92,90,252393
1.8817,0.2102,38.62,92,90,252396
1.8817,0.2151,38.62,92,90,252400
1.9208,0.2346,38.43,92,90,252403
1.9013,0.2199,38.55,92,90,252406
1.9110,0.2151,38.55,92,90,252410
1.9013,0.2151,38.62,92,90,252413
1.9013,0.2102,38.62,92,90,252417
1.9257,0.2493,38.52,92,90,252421
1.8964,0.2151,38.62,92,90,252424
1.9306,0.2199,38.52,92,90,252427
1.9013,0.2102,38.62,92,90,252431
1.8964,0.2151,38.65,92,90,252434
1.9062,0.2151,38.52,92,90,252437
1.8866,0.2102,38.62,92,90,252440
1.9159,0.2151,38.55,92,90,252444
1.8866,0.2151,38.65,92,90,252447
1.8817,0.2102,38.71,92,90,252450
1.9159,0.2248,38.55,92,90,252454
1.8719,0.2151,38.68,92,90,252457
1.9159,0.2248,38.40,92,90,252461
1.8866,0.2151,38.58,92,90,252465
1.8622,0.2053,38.65,92,90,252468
1.8719,0.2199,38.62,92,90,252471
1.8524,0.2248,38.62,92,90,252475
1.9159,0.2297,38.36,92,90,252478
1.8671,0.2248,38.55,92,90,252481
1.8475,0.2102,38.52,92,90,252485
1.8475,0.2151,38.81,92,90,252488
1.8475,0.2199,38.62,92,90,252491
1.8768,0.2248,38.58,92,90,252494
1.8426,0.2151,38.55,92,90,252498
1.8475,0.1906,38.49,92,90,252502
1.8280,0.2151,38.71,92,90,252505
1.8328,0.2102,38.62,92,90,252509
1.8524,0.2199,38.46,92,90,252512
1.8426,0.2297,38.58,92,90,252515
1.8573,0.2199,38.46,92,90,252519
1.8280,0.2102,38.65,92,90,252522
1.8328,0.2199,38.62,92,90,252525
1.8622,0.2199,38.55,92,90,252529
1.8328,0.2102,38.68,92,90,252532
1.8573,0.2151,38.49,92,90,252535
1.8377,0.2151,38.52,92,90,252539
1.8475,0.1906,38.62,92,90,252542
1.8671,0.2248,38.55,92,90,252546
1.8426,0.2151,38.62,92,90,252549
1.8964,0.2199,38.33,92,90,252553
1.8671,0.2102,38.55,92,90,252556
1.8671,0.2102,38.62,92,90,252559
1.8817,0.2053,38.58,92,90,252563
1.8671,0.2102,38.65,92,90,252566
1.9257,0.2248,38.71,92,90,252569
1.8866,0.2102,38.49,92,90,252573
1.8817,0.2102,38.58,92,90,252576
1.8817,0.2493,38.62,92,90,252579
1.8817,0.2102,38.65,92,90,252583
1.9306,0.2248,38.46,92,90,252587
1.8964,0.2248,38.55,92,90,252590
1.9013,0.2151,38.52,92,90,252593
1.9062,0.2151,38.62,92,90,252597
1.8964,0.2151,38.62,92,90,252600
1.9404,0.2151,38.46,92,90,252603
1.9110,0.2151,38.62,92,90,252607
1.9355,0.2199,38.55,92,90,252610
1.9159,0.2102,38.65,92,90,252613
1.9257,0.2102,38.52,92,90,252617
1.9550,0.2151,38.52,92,90,252620
1.9501,0.2151,38.62,92,90,252623
1.9892,0.2199,38.49,92,90,252627
1.9746,0.2102,38.58,92,90,252631
1.9844,0.2102,38.62,92,90,252634
2.0088,0.2248,38.46,92,90,252638
1.9990,0.2151,38.62,92,90,252641
2.0283,0.2199,38.43,92,90,252644
1.9697,0.2199,38.58,92,90,252647
1.9501,0.2151,38.65,92,90,252651
1.9404,0.2199,38.55,92,90,252654
1.8964,0.2102,38.62,92,90,252657
1.9208,0.2248,38.43,92,90,252661
1.8719,0.2199,38.52,92,90,252664
1.8475,0.2151,38.62,92,90,252667
1.8524,0.2199,38.65,92,90,252672
1.8719,0.2102,38.62,92,90,252675
1.8915,0.2297,38.11,92,90,252678
1.8671,0.2199,38.52,92,90,252682
1.8280,0.2102,38.52,92,90,252685
1.8133,0.2102,38.65,92,90,252688
1.8084,0.2151,38.62,92,90,252691
1.8328,0.2248,38.49,92,90,252695
1.8084,0.2053,38.55,92,90,252698
1.8231,0.2199,38.49,92,90,252701
1.8035,0.2151,38.58,92,90,252705
1.8084,0.2102,38.52,92,90,252708
1.8231,0.2151,38.74,92,90,252712
1.8524,0.2199,38.49,92,90,252716
1.8328,0.2395,38.65,92,90,252719
1.8768,0.2199,38.36,92,90,252723
1.8866,0.2199,38.58,92,90,252726
1.9062,0.2151,38.65,92,90,252729
1.9746,0.2199,38.65,92,90,252733
2.0283,0.2151,38.65,92,90,252736
2.1945,0.2102,38.30,92,90,252739
2.3021,0.2151,38.55,92,90,252742
2.4780,0.2004,38.62,92,90,252746
2.7126,0.2102,38.62,92,90,252749
2.9374,0.2102,38.62,92,90,252752
3.2356,0.2297,38.43,92,90,252756
3.3040,0.2199,38.55,92,90,252760
3.2600,0.2102,38.55,92,90,252763
3.0547,0.2151,38.58,92,90,252767
2.7566,0.2102,38.65,92,90,252770
2.4927,0.2248,38.71,92,90,252773
2.1896,0.2151,38.68,92,90,252777
1.9746,0.2199,38.49,92,90,252780
1.7644,0.2151,38.65,92,90,252783
1.6276,0.2151,38.62,92,90,252786
1.5494,0.2248,38.49,92,90,252790
1.4663,0.2102,38.62,92,90,252793
1.4467,0.2199,38.52,92,90,252796
1.3978,0.2151,38.58,92,90,252801
1.3881,0.2102,38.65,92,90,252804
1.4418,0.2151,38.49,92,90,252807
1.4076,0.2151,38.62,92,90,252811
1.4516,0.2151,38.40,92,90,252814
1.4516,0.2151,38.55,92,90,252817
1.4663,0.2102,38.71,92,90,252821
1.5054,0.2199,38.55,92,90,252824
1.4956,0.2151,38.65,92,90,252827
1.5640,0.2199,38.33,92,90,252830
1.5543,0.2151,38.55,92,90,252834
1.5689,0.2151,37.96,92,90,252837
1.6129,0.2346,38.68,92,90,252840
1.5982,0.2102,38.74,92,90,252845
1.6520,0.2346,38.36,92,90,252848
1.6276,0.2151,38.55,92,90,252851
1.6325,0.2102,38.68,92,90,252855
1.6471,0.2151,38.62,92,90,252858
1.6471,0.2102,38.65,92,90,252861
1.7058,0.2248,38.46,92,90,252865
1.6764,0.2199,38.68,92,90,252868
1.6862,0.2151,38.49,92,90,252871
1.6764,0.2151,38.62,92,90,252875
1.6813,0.2199,38.62,92,90,252878
1.6960,0.2199,38.52,92,90,252881
1.6862,0.2151,38.65,92,90,252884
1.7107,0.2248,38.49,92,90,252889
1.6862,0.2102,38.62,92,90,252892
1.6862,0.2102,38.62,92,90,252895
1.7058,0.2151,38.52,92,90,252899
1.6862,0.2102,38.62,92,90,252902
1.7058,0.2151,38.46,92,90,252905
1.6911,0.2151,38.62,92,90,252909
1.7058,0.2395,38.65,92,90,252912
1.7302,0.2102,38.52,92,90,252915
1.7155,0.2151,38.65,92,90,252919
1.7644,0.2151,38.40,92,90,252922
1.7351,0.2199,38.52,92,90,252925
1.7351,0.2102,38.74,92,90,252929
1.7498,0.2102,38.55,92,90,252933
1.7449,0.2151,38.65,92,90,252936
1.8035,0.2346,38.30,92,90,252939
1.7742,0.2151,38.49,92,90,252943
1.7742,0.2102,38.65,92,90,252946
1.7889,0.2151,38.58,92,90,252949
1.7791,0.2102,38.71,92,90,252953
1.8231,0.2493,38.46,92,90,252956
1.7986,0.2199,38.55,92,90,252959
1.7937,0.2151,38.49,92,90,252963
1.7937,0.2151,38.62,92,90,252966
1.7889,0.2102,38.58,92,90,252969
1.8182,0.2199,38.52,92,90,252974
1.7937,0.2151,38.65,92,90,252977
1.8182,0.2102,38.46,92,90,252980
1.7937,0.2151,38.65,92,90,252983
1.7937,0.2102,38.62,92,90,252987
1.8231,0.2248,38.49,92,90,252990
1.7937,0.2248,38.62,92,90,252993
1.8084,0.2102,38.46,92,90,252997
1.7840,0.2102,38.65,92,90,253000
1.7889,0.2102,38.71,92,90,253003
1.8133,0.2199,38.71,92,90,253007
1.8084,0.2151,38.58,92,90,253010
1.8475,0.2444,38.40,92,90,253014
1.8328,0.2151,38.58,92,90,253018
1.8328,0.2102,38.62,92,90,253021
1.8622,0.2199,38.55,92,90,253024
1.8475,0.2151,38.65,92,90,253027
1.8964,0.2444,38.33,92,90,253031
1.8573,0.2102,38.55,92,90,253034
1.8573,0.2297,38.62,92,90,253037
1.8671,0.2102,38.62,92,90,253041
1.8573,0.2151,38.62,92,90,253044
1.9159,0.2297,38.43,92,90,253047
1.8719,0.2199,38.62,92,90,253051
1.8622,0.2297,38.52,92,90,253054
1.8573,0.2151,38.71,92,90,253058
1.8524,0.2151,38.62,92,90,253062
1.8866,0.2199,38.43,92,90,253065
1.8622,0.2151,38.58,92,90,253068
1.8768,0.2151,38.49,92,90,253072
1.8475,0.2199,38.62,92,90,253075
1.8328,0.2151,38.65,92,90,253078
1.8622,0.2248,38.52,92,90,253081
1.8377,0.2199,38.62,92,90,253085
1.8719,0.2151,38.49,92,90,253088
1.8426,0.2346,38.62,92,90,253091
1.8524,0.1906,38.62,92,90,253095
1.8671,0.2199,38.52,92,90,253099
1.8426,0.2151,38.62,92,90,253102
1.8622,0.2102,38.40,92,90,253106
1.8231,0.2151,38.62,92,90,253109
1.8182,0.2102,38.62,92,90,253112
1.8328,0.2248,38.55,92,90,253116
1.8035,0.2102,38.62,92,90,253119
1.8524,0.2248,38.52,92,90,253122
1.8231,0.2199,38.49,92,90,253125
1.8084,0.2102,38.65,92,90,253129
1.8182,0.2346,38.52,92,90,253132
1.8035,0.2199,38.62,92,90,253135
1.8524,0.2297,38.40,92,90,253139
1.8084,0.2297,38.52,92,90,253143
1.7937,0.2151,38.55,92,90,253146
1.7986,0.2151,38.62,92,90,253150
1.7986,0.2053,38.68,92,90,253153
1.8377,0.2248,38.46,92,90,253156
1.8182,0.2199,38.62,92,90,253160
1.8231,0.2248,38.49,92,90,253163
1.8084,0.2151,38.62,92,90,253166
1.8133,0.2199,38.62,92,90,253169
1.8377,0.2199,38.55,92,90,253173
1.8231,0.2151,38.62,92,90,253176
1.8426,0.2297,38.52,92,90,253179
1.8231,0.2151,38.74,92,90,253184
1.8328,0.2199,38.62,92,90,253187
1.8622,0.2248,38.49,92,90,253190
1.8426,0.2151,38.68,92,90,253194
1.8768,0.2151,38.49,92,90,253197
1.8622,0.2297,38.55,92,90,253200
1.8622,0.2102,38.62,92,90,253204
1.8866,0.2151,38.52,92,90,253207
1.8768,0.2151,38.62,92,90,253210
1.9159,0.2199,38.52,92,90,253214
1.8915,0.2151,38.52,92,90,253217
1.8768,0.2102,38.65,92,90,253220
1.8719,0.2151,38.58,92,90,253223
1.8768,0.2102,38.65,92,90,253228
1.9306,0.2297,38.40,92,90,253231
1.8866,0.2151,38.55,92,90,253234
1.8915,0.2102,38.62,92,90,253238
1.8964,0.2151,38.49,92,90,253241
1.8964,0.2151,38.68,92,90,253244
1.9550,0.2590,38.46,92,90,253248
1.9453,0.2248,38.62,92,90,253251
1.9550,0.2151,38.52,92,90,253254
1.9501,0.2248,38.62,92,90,253258
1.9697,0.2102,38.62,92,90,253261
2.0235,0.2199,38.43,92,90,253264
2.0088,0.2151,38.62,92,90,253268
2.0283,0.2151,38.46,92,90,253272
1.9892,0.2248,38.65,92,90,253275
1.9844,0.2102,38.65,92,90,253278
1.9795,0.2346,38.46,92,90,253282
1.9306,0.2199,38.62,92,90,253285
1.9306,0.2151,38.46,92,90,253288
1.8768,0.2102,38.43,92,90,253292
1.8622,0.2151,38.62,92,90,253295
1.8622,0.2199,38.55,92,90,253298
1.8426,0.2151,38.62,92,90,253302
1.8671,0.2199,38.40,92,90,253305
1.8182,0.2444,38.68,92,90,253308
1.8133,0.2102,38.62,92,90,253313
1.8133,0.2199,38.62,92,91,253316
1.7693,0.2151,38.58,92,91,253320
1.7693,0.2151,38.62,92,91,253323
1.7986,0.2248,38.40,92,91,253326
1.7791,0.2199,38.55,92,91,253330
1.7840,0.2151,38.55,92,91,253333
1.7693,0.2199,38.62,92,91,253336
1.7644,0.2102,38.65,92,91,253339
1.7889,0.2248,38.46,92,91,253343
1.7546,0.2151,38.62,92,91,253346
1.7986,0.2199,38.55,92,91,253349
1.7791,0.2346,38.68,92,91,253353
1.8084,0.2102,38.62,92,91,253357
1.8475,0.2151,38.58,92,91,253360
1.8866,0.2199,38.62,92,91,253364
1.9746,0.2151,38.46,92,91,253367
2.0479,0.2102,38.65,92,91,253370
2.1799,0.2102,38.65,92,91,253374
2.3656,0.2248,38.52,92,91,253377
2.5513,0.2102,38.62,92,91,253380
2.8397,0.2199,38.46,92,91,253383
3.0352,0.2444,38.55,92,91,253387
3.1623,0.2102,38.65,92,91,253390
3.2209,0.2248,38.55,92,91,253393
3.0792,0.2102,38.62,92,91,253398
2.8935,0.2248,38.33,92,91,253401
2.5220,0.2542,38.62,92,91,253404
2.2239,0.2004,38.58,92,91,253408
1.9892,0.2151,38.62,92,91,253411
1.7937,0.2151,38.68,92,91,253414
1.6911,0.2297,38.46,92,91,253418
1.5396,0.2102,38.62,92,91,253421
1.4663,0.2151,38.52,92,91,253424
1.4125,0.2151,38.71,92,91,253427
1.4125,0.2151,38.65,92,91,253431
1.3930,0.2199,38.43,92,91,253434
1.3783,0.2151,38.62,92,91,253437
1.4076,0.2151,38.49,92,91,253442
1.4272,0.2297,38.65,92,91,253445
1.4321,0.2102,38.62,92,91,253448
1.4761,0.2297,38.49,92,91,253452
1.4712,0.2151,38.58,92,91,253455
1.5103,0.2199,38.49,92,91,253458
1.5103,0.2102,38.55,92,91,253462
1.5298,0.2102,38.62,92,91,253465
1.5640,0.2102,38.52,92,91,253468
1.5738,0.2151,38.62,92,91,253472
1.6129,0.2199,38.36,92,91,253475
1.6031,0.2199,38.58,92,91,253478
1.6031,0.2102,38.62,92,91,253481
1.6129,0.2102,38.58,92,91,253486
1.6080,0.2102,38.65,92,91,253489
1.6569,0.2248,38.36,92,91,253492
1.6129,0.2248,38.58,92,91,253496
1.6227,0.2151,38.62,92,91,253499
1.6276,0.2297,38.58,92,91,253502
1.6178,0.2151,38.71,92,91,253506
1.6862,0.2248,38.43,92,91,253509
1.6618,0.2102,38.58,92,91,253512
1.6667,0.2102,38.62,92,91,253516
1.6716,0.2102,38.62,92,91,253519
1.6667,0.2151,38.65,92,91,253522
1.7009,0.2248,38.43,92,91,253526
1.6813,0.2199,38.58,92,91,253530
1.6911,0.2151,38.43,92,91,253533
1.7058,0.2151,38.62,92,91,253536
1.6764,0.2102,38.62,92,91,253540
1.7302,0.2199,38.52,92,91,253543
1.6862,0.2151,38.65,92,91,253546
1.7204,0.2297,38.49,92,91,253550
1.6911,0.2102,38.58,92,91,253553
1.6960,0.2102,38.62,92,91,253556
1.7058,0.2102,38.55,92,91,253560
1.7009,0.2151,38.62,92,91,253563
1.7351,0.2151,38.43,92,91,253566
1.7155,0.2102,38.62,92,91,253571
1.7253,0.2102,38.55,92,91,253574
1.7644,0.2151,38.55,92,91,253577
1.7498,0.2151,38.52,92,91,253580
1.7986,0.2346,38.43,92,91,253584
1.7693,0.2199,38.55,92,91,253587
1.7498,0.2151,38.71,92,91,253590
1.7595,0.2199,38.58,92,91,253594
1.7498,0.2151,37.87,92,91,253597
1.8035,0.2444,38.43,92,91,253600
1.7693,0.2248,38.58,92,91,253604
1.7595,0.2444,38.62,92,91,253607
1.7498,0.2151,38.62,92,91,253611
1.7595,0.2102,38.62,92,91,253615
1.8328,0.2248,38.49,92,91,253618
1.7693,0.2151,38.68,92,91,253621
1.7889,0.2151,38.49,92,91,253624
1.7791,0.2151,38.62,92,91,253628
1.7840,0.2199,38.68,92,91,253631
1.8133,0.2199,38.55,92,91,253634
1.7937,0.2151,38.55,92,91,253638
1.8280,0.2248,38.52,92,91,253641
1.8084,0.2151,38.62,92,91,253644
1.8182,0.2102,38.62,92,91,253648
1.8524,0.2102,38.49,92,91,253651
1.8377,0.2151,38.58,92,91,253655
1.8817,0.2151,38.40,92,91,253659
1.8768,0.2151,38.58,92,91,253662
1.8719,0.2053,38.62,92,91,253665
1.9013,0.2248,38.58,92,91,253669
1.8768,0.2102,38.58,92,91,253672
1.9110,0.2248,38.36,92,91,253675
1.8768,0.2102,38.52,92,91,253678
1.8573,0.2004,38.58,92,91,253682
1.8573,0.1906,38.58,92,91,253685
1.8475,0.2151,38.55,92,91,253688
1.8964,0.2199,38.36,92,91,253692
1.8524,0.2151,38.55,92,91,253696
1.8524,0.2151,38.58,92,91,253699
1.8573,0.2199,38.84,92,91,253703
1.8524,0.1906,38.62,92,91,253706
1.8817,0.2297,38.52,92,91,253709
1.8475,0.2199,38.58,92,91,253713
1.8377,0.2102,38.52,92,91,253716
1.8133,0.2346,38.62,92,91,253719
1.8084,0.2151,38.62,92,91,253722
1.8328,0.2248,38.52,92,91,253726
1.8133,0.2151,38.58,92,91,253729
1.8231,0.2199,38.49,92,91,253732
1.7937,0.2102,38.62,92,91,253736
1.7986,0.2151,38.65,92,91,253740
1.8182,0.2102,38.49,92,91,253743
1.8035,0.2102,38.62,92,91,253747
1.8231,0.2151,38.52,92,91,253750
1.7840,0.2199,38.55,92,91,253753
1.7742,0.2151,38.62,92,91,253757
1.7840,0.2102,38.55,92,91,253760
1.7791,0.2151,38.65,92,91,253763
1.8133,0.2199,38.36,92,91,253767
1.7693,0.2102,38.62,92,91,253770
1.7693,0.2151,38.65,92,91,253773
1.7937,0.2248,38.58,92,91,253776
1.7889,0.2151,38.65,92,91,253780
1.8768,0.2297,38.33,92,91,253784
1.8133,0.2199,38.49,92,91,253787
1.7986,0.2102,38.55,92,91,253791
1.7986,0.2199,38.62,92,91,253794
1.7986,0.2102,38.71,92,91,253797
1.8622,0.2444,38.40,92,91,253801
1.8377,0.2199,38.55,92,91,253804
1.8328,0.2102,38.52,92,91,253807
1.8035,0.2102,38.58,92,91,253811
1.8084,0.2151,38.68,92,91,253814
1.8280,0.2346,38.46,92,91,253817
1.7986,0.2151,38.62,92,91,253820
1.8328,0.2199,38.49,92,91,253825
1.8182,0.2199,38.62,92,91,253828
1.8328,0.2151,38.90,92,91,253831
1.8622,0.2151,38.58,92,91,253835
1.8573,0.2151,38.62,92,91,253838
1.8915,0.2151,38.46,92,91,253841
1.8622,0.2151,38.62,92,91,253845
1.8622,0.2346,38.62,92,91,253848
1.8817,0.2199,38.49,92,91,253851
1.8573,0.2151,38.65,92,91,253855
1.8915,0.2199,38.43,92,91,253858
1.8719,0.2199,38.52,92,91,253861
1.8671,0.2053,38.62,92,91,253865
1.8866,0.2199,38.77,92,91,253869
1.8622,0.2248,38.62,92,91,253872
1.9110,0.2248,38.33,92,91,253875
1.8671,0.2102,38.49,92,91,253879
1.8671,0.2102,38.46,92,91,253882
1.8719,0.2151,38.62,92,91,253885
1.8768,0.2102,38.62,92,91,253889
1.9453,0.2346,38.43,92,91,253892
1.9110,0.2248,38.68,92,91,253895
1.9404,0.2151,38.52,92,91,253899
1.9501,0.2151,38.62,92,91,253902
1.9697,0.2151,38.62,92,91,253905
2.0137,0.2248,38.52,92,91,253910
1.9892,0.2151,38.62,92,91,253913
1.9844,0.2151,38.46,92,91,253916
1.9453,0.2151,38.65,92,91,253920
1.9159,0.2151,38.71,92,91,253923
1.9404,0.2248,38.49,93,91,253926
1.8182,0.2248,38.52,93,91,253931
1.7937,0.2102,38.62,93,91,253934
1.8280,0.2199,38.33,93,91,253938
1.8035,0.2151,38.55,93,91,253941
1.8084,0.2151,38.71,93,91,253944
1.8133,0.2248,38.58,93,91,253947
1.8035,0.2102,38.62,93,91,253952
1.8328,0.2297,38.33,93,91,253955
1.8231,0.2151,38.58,93,91,253958
1.7889,0.2102,38.58,93,91,253962
1.7889,0.2102,38.68,93,91,253965
1.7791,0.2151,38.65,93,91,253968
1.8133,0.2346,38.49,93,91,253972
1.7840,0.2199,38.58,93,91,253975
1.7889,0.2151,38.55,93,91,253978
1.7840,0.2151,38.65,93,91,253982
1.7840,0.2151,38.71,93,91,253985
1.8231,0.2199,38.46,93,91,253988
1.8133,0.2199,38.58,93,91,253991
1.8573,0.2151,38.46,93,91,253996
1.8768,0.2151,38.65,93,91,253999
1.9257,0.2151,38.65,93,91,254002
2.0283,0.2199,38.46,93,91,254006
2.1261,0.2151,38.74,93,91,254009
2.3265,0.2151,38.46,93,91,254012
2.5122,0.2102,38.58,93,91,254016
2.7615,0.2493,38.62,93,91,254019
3.0303,0.2199,38.58,93,91,254022
3.2258,0.2151,38.65,93,91,254026
3.3675,0.2346,38.40,93,91,254029
3.2063,0.2151,38.62,93,91,254032
2.9619,0.2151,38.58,93,91,254035
2.6491,0.2151,38.52,93,91,254040
2.3265,0.2151,38.65,93,91,254043
2.1114,0.2346,38.30,93,91,254046
1.8475,0.2199,38.55,93,91,254050
1.6618,0.2102,38.62,93,91,254053
1.5445,0.2102,38.62,93,91,254056
1.4467,0.2102,38.62,93,91,254060
1.4418,0.2297,38.49,93,91,254063
1.3881,0.2199,38.55,93,91,254066
1.3685,0.2151,38.49,93,91,254070
1.3783,0.2151,38.62,93,91,254073
1.3881,0.2151,38.84,93,91,254076
1.4370,0.2102,38.49,93,91,254081
1.4467,0.2151,38.58,93,91,254084
1.4712,0.2199,38.49,93,91,254087
1.4614,0.2151,38.62,93,91,254090
1.4809,0.2102,38.65,93,91,254094
1.5005,0.2199,38.55,93,91,254097
1.5200,0.2151,38.65,93,91,254100
1.5591,0.2248,38.49,93,91,254104
1.5396,0.2151,38.62,93,91,254107
1.5494,0.2151,38.68,93,91,254110
1.5738,0.2199,37.83,93,91,254114
1.6031,0.2102,38.62,93,91,254117
1.6227,0.2248,38.40,93,91,254120
1.6178,0.2102,38.52,93,91,254125
1.6178,0.2151,38.62,93,91,254128
1.6422,0.2248,38.58,93,91,254131
1.6422,0.2102,38.58,93,91,254134
1.6960,0.2102,38.33,93,91,254138
1.6667,0.2151,38.08,93,91,254141
1.6569,0.2102,38.58,93,91,254144
1.6520,0.2102,38.62,93,91,254148
1.6373,0.2151,38.65,93,91,254151
1.6813,0.2639,38.40,93,91,254154
1.6422,0.2248,38.65,93,91,254158
1.6422,0.2102,38.55,93,91,254161
1.6325,0.2151,38.62,93,91,254164
1.6422,0.2151,38.62,93,91,254169
1.7009,0.2297,38.49,93,91,254172
1.7009,0.2151,38.62,93,91,254175
1.7253,0.2151,38.46,93,91,254178
1.7155,0.2151,38.65,93,91,254182
1.7107,0.2199,38.58,93,91,254185
1.7302,0.2297,38.52,93,91,254188
1.6862,0.2346,38.58,93,91,254192
1.7009,0.2199,38.52,93,91,254195
1.6813,0.2102,38.58,93,91,254198
1.6862,0.2151,38.65,93,91,254202
1.7107,0.2199,38.49,93,91,254205
1.7058,0.2151,38.65,93,91,254209
1.7400,0.2151,38.43,93,91,254213
1.7253,0.2151,38.55,93,91,254216
1.7204,0.2102,38.62,93,91,254219
1.7204,0.2199,38.58,93,91,254223
1.7204,0.2151,38.74,93,91,254226
1.7546,0.2688,38.40,93,91,254229
1.7107,0.2151,38.58,93,91,254232
1.7204,0.2151,38.71,93,91,254236
1.7351,0.2248,38.62,93,91,254239
1.7400,0.2151,38.68,93,91,254242
1.7937,0.2395,38.36,93,91,254246
1.7546,0.2199,38.55,93,91,254249
1.7449,0.2102,38.65,93,91,254253
1.7498,0.2199,38.62,93,91,254257
1.7498,0.2151,38.62,93,91,254260
1.8182,0.2199,38.43,93,91,254263
1.7937,0.2199,38.58,93,91,254267
1.7986,0.2395,38.52,93,91,254270
1.7889,0.2151,38.62,93,91,254273
1.7986,0.2151,38.62,93,91,254276
1.8524,0.2248,38.49,93,91,254280
1.8280,0.2151,38.62,93,91,254283
1.8719,0.2199,38.46,93,91,254286
1.8524,0.2102,38.62,93,91,254290
1.8671,0.2151,38.62,93,91,254294
1.8915,0.2199,38.55,93,91,254297
1.9062,0.2151,38.62,93,91,254301
1.9306,0.2248,38.49,93,91,254304
1.9013,0.2151,38.62,93,91,254307
1.9159,0.2102,38.77,93,91,254311
1.9599,0.2248,38.52,93,91,254314
1.8915,0.2151,38.58,93,91,254317
1.9110,0.2199,38.43,93,91,254321
1.8915,0.2199,38.49,93,91,254324
1.9062,0.2151,38.65,93,91,254327
1.9306,0.2248,38.62,93,91,254330
1.8964,0.2151,38.55,93,91,254334
1.9257,0.2248,38.30,93,91,254338
1.8866,0.2151,38.52,93,91,254341
1.8915,0.2151,38.58,93,91,254345
1.8866,0.2199,38.46,93,91,254348
1.8719,0.2151,38.62,93,91,254351
1.9159,0.2346,38.58,93,91,254355
1.8671,0.2199,38.58,93,91,254358
1.8768,0.2151,38.49,93,91,254361
1.8622,0.2151,38.62,93,91,254365
1.8622,0.2151,38.71,93,91,254368
1.8964,0.2248,38.55,93,91,254371
1.8915,0.2102,38.62,93,91,254375
1.8866,0.2199,37.71,93,91,254379
1.8524,0.2102,38.62,93,91,254382
1.8426,0.2151,38.65,93,91,254385
1.8671,0.2248,38.49,93,91,254389
1.8280,0.2199,38.65,93,91,254392
1.8426,0.2346,38.46,93,91,254395
1.8133,0.2102,38.55,93,91,254399
1.8133,0.2151,38.62,93,91,254402
1.8328,0.2248,38.49,93,91,254405
1.8133,0.2151,38.62,93,91,254409
1.8573,0.2199,38.40,93,91,254412
1.8231,0.2199,38.52,93,91,254415
1.8133,0.2102,38.74,93,91,254419
1.8231,0.2199,38.58,93,91,254423
1.8182,0.2102,38.65,93,91,254426
1.8719,0.2248,38.36,93,91,254429
1.8231,0.2102,38.58,93,91,254433
1.8475,0.2102,38.65,93,91,254436
1.8622,0.2199,38.58,93,91,254439
1.8475,0.2151,38.65,93,91,254443
1.9062,0.2297,38.36,93,91,254446
1.8866,0.2199,38.52,93,91,254449
1.8817,0.1906,38.55,93,91,254453
1.8817,0.2248,38.62,93,91,254456
1.8768,0.2102,38.65,93,91,254459
1.9110,0.2248,38.40,93,91,254464
1.8768,0.2199,38.58,93,91,254467
1.8817,0.2151,38.52,93,91,254470
1.8719,0.2199,38.58,93,91,254473
1.9013,0.2151,38.68,93,91,254477
1.9110,0.2199,38.49,93,91,254480
1.8915,0.2151,38.68,93,91,254483
1.9208,0.2248,38.49,93,91,254487
1.8866,0.2151,38.62,93,91,254490
1.8866,0.2151,38.62,93,91,254493
1.8964,0.2199,38.62,93,91,254497
1.9257,0.2151,38.58,93,91,254500
1.9306,0.2151,38.65,93,91,254503
1.8964,0.2151,38.62,93,91,254508
1.8964,0.2151,38.81,93,91,254511
1.9208,0.2248,38.55,93,91,254514
1.8866,0.2151,38.49,93,91,254518
1.9404,0.2297,38.36,93,91,254521
1.9208,0.2199,38.52,93,91,254524
1.9159,0.2151,38.65,93,91,254527
1.9453,0.2199,38.71,93,91,254531
1.9453,0.2151,38.62,93,91,254534
2.0039,0.2346,38.36,93,91,254537
1.9355,0.2248,38.49,93,91,254542
1.8817,0.2151,38.77,93,91,254545
1.9013,0.2151,38.40,93,91,254550
1.8671,0.2151,38.62,93,91,254553
1.8573,0.2151,38.65,93,91,254556
1.8622,0.2199,38.81,93,91,254560
1.8475,0.2248,38.62,93,91,254563
1.8719,0.2102,38.46,93,91,254566
1.8084,0.2151,38.62,93,91,254570
1.8231,0.2102,38.62,93,91,254573
1.7986,0.2248,38.62,93,91,254576
1.7791,0.2102,38.62,93,91,254580
1.8035,0.2199,38.46,93,91,254583
1.7889,0.2297,38.46,93,91,254586
1.7889,0.2151,38.62,93,91,254589
1.8133,0.2346,38.58,93,91,254594
1.7986,0.2151,38.62,93,91,254597
1.8524,0.2248,38.33,93,91,254600
1.8231,0.2151,38.52,93,91,254604
1.7840,0.2102,38.62,93,91,254607
1.7742,0.2151,38.71,93,91,254610
1.7644,0.2102,38.62,93,91,254614
1.8133,0.2297,38.46,93,91,254617
1.7693,0.2297,38.68,93,91,254620
1.7889,0.2102,38.52,93,91,254624
1.8035,0.2151,38.62,93,91,254627
1.8475,0.2151,38.65,93,91,254630
1.9306,0.2297,38.52,93,91,254635
1.9746,0.2102,38.58,93,91,254638
2.0821,0.2199,38.46,93,91,254641
2.1994,0.2151,38.62,93,91,254644
2.3900,0.2102,38.62,93,91,254648
2.6637,0.2297,38.46,93,91,254651
2.8739,0.2151,38.62,93,91,254654
3.1623,0.2199,38.52,93,91,254658
3.2845,0.2102,38.62,93,91,254661
3.3138,0.2151,38.62,93,91,254664
3.1818,0.2297,38.55,93,91,254668
2.8495,0.2102,38.62,93,91,254671
2.5464,0.2199,38.43,93,91,254674
2.1848,0.2102,38.52,93,91,254679
1.9013,0.2102,38.58,93,91,254682
1.7107,0.2199,38.65,93,91,254685
1.5494,0.2199,38.58,93,91,254688
1.5005,0.2199,38.33,93,91,254692
1.4027,0.2151,38.84,93,91,254695
1.3783,0.2151,38.65,93,91,254698
1.3734,0.2199,38.55,93,91,254702
1.3685,0.2151,38.62,93,91,254705
1.4174,0.2297,37.65,93,91,254708
1.4076,0.2248,38.55,93,91,254712
1.4272,0.1906,38.55,93,91,254715
1.4516,0.2151,38.62,93,91,254718
1.4761,0.2151,38.68,93,91,254723
1.5200,0.2297,38.43,93,91,254726
1.5249,0.2199,38.58,93,91,254729
1.5494,0.2151,38.49,93,91,254733
1.5543,0.2151,38.65,93,91,254736
1.5738,0.2151,38.68,93,91,254739
1.6227,0.2248,38.49,93,91,254742
1.5982,0.2151,38.62,93,91,254746
1.6276,0.2297,38.55,93,91,254749
1.6080,0.2151,38.62,93,91,254752
1.6129,0.2151,38.62,93,91,254756
1.6325,0.2102,38.58,93,91,254759
1.6325,0.2151,38.68,93,91,254763
1.6618,0.2199,38.49,93,91,254767
1.6422,0.2151,38.62,93,91,254770
1.6422,0.2151,38.74,93,91,254773
1.6618,0.2199,38.55,93,91,254777
1.6520,0.2102,38.58,93,91,254780
1.6960,0.2248,38.40,93,91,254783
1.6813,0.1906,38.52,93,91,254786
1.6716,0.2151,38.62,93,91,254790
1.6813,0.2199,38.55,93,91,254793
1.6618,0.2151,38.81,93,91,254796
1.7058,0.2199,38.43,93,91,254800
1.6764,0.2199,38.49,93,91,254803
1.6716,0.2053,38.62,93,91,254807
1.6813,0.2199,38.62,93,91,254811
1.6960,0.2151,38.65,93,91,254814
1.7449,0.2395,38.46,93,91,254817
1.7107,0.2151,38.62,93,91,254821
1.7253,0.2444,38.52,93,91,254824
1.7058,0.2199,38.62,93,91,254827
1.7155,0.2151,38.65,93,91,254831
1.7351,0.2102,38.55,93,91,254834
1.7302,0.2151,38.58,93,91,254837
1.7595,0.2248,38.46,93,91,254840
1.7498,0.2151,38.62,93,91,254844
1.7498,0.2102,38.62,93,91,254848
1.7742,0.2248,38.52,93,91,254851
1.7889,0.2151,38.65,93,91,254855
1.7742,0.2151,38.46,93,91,254858
1.7595,0.2297,38.55,93,91,254861
1.7498,0.2102,38.62,93,91,254865
1.7742,0.2297,38.52,93,91,254868
1.7546,0.2151,38.62,93,91,254871
1.7986,0.2248,38.40,93,91,254875
1.7644,0.2248,38.55,93,91,254878
1.7498,0.2151,38.62,93,91,254881
1.7546,0.2199,38.65,93,91,254884
1.7498,0.2493,38.62,93,91,254888
1.7986,0.2248,38.33,93,91,254892
1.7546,0.2199,38.58,93,91,254895
1.7644,0.1906,38.58,93,91,254899
1.7693,0.2199,38.68,93,91,254902
1.7791,0.2102,38.65,93,91,254905
1.8328,0.2297,38.49,93,91,254909
1.8133,0.2199,38.58,93,91,254912
1.8573,0.2102,38.52,93,91,254915
1.8182,0.2151,38.62,93,91,254919
1.8524,0.2151,38.71,93,91,254922
1.8719,0.2248,38.49,93,91,254925
1.8524,0.2151,38.62,93,91,254929
1.8768,0.2199,38.49,93,91,254932
1.8475,0.2248,38.62,93,91,254936
1.8573,0.2151,38.62,93,91,254939
1.8768,0.2199,38.49,93,91,254943
1.8573,0.2151,38.62,93,91,254946
1.8964,0.2151,38.52,93,91,254949
1.8671,0.2151,38.55,93,91,254953
1.8719,0.2151,38.52,93,91,254956
1.8768,0.2248,38.55,93,91,254959
1.8622,0.2151,38.62,93,91,254963
1.8964,0.2199,38.40,93,91,254966
1.8573,0.2151,38.62,93,91,254969
1.8524,0.2151,38.58,93,91,254973
1.8719,0.1906,38.55,93,91,254977
1.8475,0.2199,38.62,93,91,254980
1.8915,0.2102,38.30,93,91,254984
1.8719,0.2199,38.52,93,91,254987
1.8573,0.2151,38.62,93,91,254990
1.8622,0.2199,38.58,93,91,254993
1.8475,0.2151,38.68,93,91,254997
1.8964,0.2297,38.46,93,91,255000
1.8524,0.2248,38.43,93,91,255003
1.8377,0.2444,38.52,93,91,255007
1.8231,0.2151,38.68,93,91,255010
1.8280,0.2151,38.65,93,91,255013
1.8524,0.2199,38.49,93,91,255017
1.8280,0.2151,38.71,93,91,255021
1.8426,0.2151,38.49,93,91,255024
1.8182,0.2151,38.62,93,91,255028
1.8182,0.2248,38.68,93,91,255031
1.8328,0.2199,38.62,93,91,255034
1.8182,0.2151,38.71,93,91,255037
1.8426,0.2199,38.49,93,91,255041
1.8182,0.2151,38.62,93,91,255044
1.8426,0.2151,38.62,93,91,255047
1.8426,0.2248,38.46,93,91,255051
1.8182,0.2151,38.62,93,91,255054
1.8524,0.2199,38.36,93,91,255057
1.8328,0.2199,38.52,93,91,255062
1.8231,0.2151,38.62,93,91,255065
1.8426,0.2199,38.52,93,91,255068
1.8328,0.2151,38.62,93,91,255072
1.8866,0.2248,38.33,93,91,255075
1.8524,0.2151,38.52,93,91,255078
1.8524,0.2102,38.62,93,91,255082
1.8573,0.2151,38.65,93,91,255085
1.8573,0.2151,38.62,93,91,255088
1.9159,0.2444,38.40,93,91,255092
1.8719,0.2199,38.58,93,91,255095
1.8768,0.2199,37.83,93,91,255098
1.8719,0.2151,38.62,93,91,255101
1.8719,0.2151,38.65,93,91,255106
1.9208,0.2102,38.52,93,91,255109
1.8866,0.2199,38.58,93,91,255112
1.8964,0.2199,38.49,93,91,255116
1.8817,0.2151,38.65,93,91,255119
1.8866,0.2151,38.65,93,91,255122
1.9159,0.2199,38.46,93,91,255126
1.8964,0.2151,38.68,93,91,255129
1.9257,0.2199,38.49,93,91,255132
1.8964,0.2102,38.55,93,91,255136
1.9013,0.2248,38.62,93,91,255139
1.9257,0.2199,38.52,93,91,255142
1.9110,0.2297,38.68,93,91,255145
1.9453,0.2102,38.40,93,91,255150
2.0137,0.2297,38.36,92,92,255155
1.9795,0.2151,38.52,92,92,255158
2.0186,0.2102,38.62,92,92,255161
1.9990,0.2199,38.65,92,92,255164
1.9941,0.2151,38.62,92,92,255168
2.0381,0.2297,38.43,92,92,255171
1.9892,0.2248,38.49,92,92,255174
1.9599,0.2151,38.52,92,92,255178
1.9257,0.2199,38.65,92,92,255181
1.9208,0.2151,38.62,92,92,255184
1.9257,0.2248,38.46,92,92,255188
1.8817,0.2199,38.68,92,92,255192
1.8866,0.2199,38.46,92,92,255195
1.8524,0.2151,38.65,92,92,255199
1.8524,0.2151,38.68,92,92,255202
1.8524,0.2151,38.46,92,92,255205
1.8182,0.2444,38.62,92,92,255208
1.8475,0.2102,38.49,92,92,255212
1.7937,0.2102,38.65,92,92,255215
1.7937,0.2151,38.62,92,92,255218
1.8084,0.2199,38.52,92,92,255222
1.7937,0.2151,38.65,92,92,255225
1.8377,0.2151,38.40,92,92,255228
1.7986,0.2151,38.58,92,92,255233
1.7986,0.2151,38.62,92,92,255236
1.8133,0.2199,38.62,92,92,255239
1.7937,0.2151,38.58,92,92,255243
1.8524,0.2248,38.43,92,92,255246
1.8182,0.2395,38.52,92,92,255249
1.7986,0.2102,38.62,92,92,255252
1.8133,0.2248,38.58,92,92,255256
1.8573,0.2151,38.62,92,92,255259
1.9013,0.2297,38.40,92,92,255262
1.9013,0.2199,38.55,92,92,255266
1.9355,0.2102,38.55,92,92,255269
2.0088,0.2199,38.65,92,92,255272
2.0968,0.2151,38.58,92,92,255277
2.2776,0.2248,38.46,92,92,255280
2.4096,0.2199,38.71,92,92,255283
2.6393,0.2151,38.49,92,92,255287
2.8543,0.2151,38.65,92,92,255290
3.0938,0.2151,38.68,92,92,255293
3.3089,0.2199,38.55,92,92,255296
3.3284,0.2151,38.62,92,92,255300
3.2405,0.2248,38.93,92,92,255303
2.9228,0.2151,38.62,92,92,255306
2.6002,0.2151,38.71,92,92,255310
2.3363,0.2297,38.49,92,92,255313
2.0528,0.2151,38.65,92,92,255316
1.8719,0.2151,38.49,92,92,255321
1.6960,0.2151,38.49,92,92,255324
1.5738,0.2151,37.83,92,92,255327
1.5249,0.2248,38.52,92,92,255331
1.4663,0.2151,38.62,92,92,255334
1.4809,0.2248,38.36,92,92,255337
1.4418,0.2102,38.36,92,92,255341
1.4370,0.2199,38.62,92,92,255344
1.4565,0.2199,38.58,92,92,255347
1.4663,0.2151,38.52,92,92,255350
1.5298,0.2346,38.33,92,92,255354
1.5200,0.2151,38.55,92,92,255357
1.5298,0.2053,38.55,92,92,255361
1.5396,0.2151,38.68,92,92,255365
1.5738,0.2199,38.62,92,92,255368
1.6178,0.2297,38.49,92,92,255371
1.6178,0.2199,38.62,92,92,255375
1.6422,0.2151,38.52,92,92,255378
1.6422,0.2151,38.62,92,92,255381
1.6471,0.2151,38.62,92,92,255385
1.6960,0.2248,38.40,92,92,255388
1.6911,0.2102,38.62,92,92,255391
1.7107,0.2199,38.49,92,92,255394
1.6960,0.2102,38.62,92,92,255398
1.7351,0.2151,38.62,92,92,255401
1.7253,0.2199,38.49,92,92,255405
1.7400,0.2102,38.62,92,92,255409
1.7351,0.2151,38.46,92,92,255412
1.7155,0.2151,38.62,92,92,255415
1.7253,0.2151,38.62,92,92,255419
1.7449,0.2297,38.52,92,92,255422
1.7449,0.2151,38.62,92,92,255425
1.7742,0.2199,38.46,92,92,255429
1.7400,0.2102,38.58,92,92,255432
1.7351,0.2102,38.62,92,92,255435
1.7595,0.2346,38.58,92,92,255439
1.7546,0.2151,38.65,92,92,255442
1.8084,0.2297,38.33,92,92,255446
1.7791,0.2102,38.55,92,92,255449
1.7693,0.2102,38.62,92,92,255453
1.7791,0.1906,38.62,92,92,255456
1.7742,0.2102,38.58,92,92,255459
1.8280,0.2248,38.40,92,92,255463
1.7986,0.1906,38.55,92,92,255466
1.7937,0.2151,38.68,92,92,255469
1.7937,0.2199,38.62,92,92,255473
1.7986,0.2102,38.62,92,92,255476
1.8231,0.2151,38.49,92,92,255479
1.8035,0.2151,38.62,92,92,255483
1.8280,0.2199,38.52,92,92,255486
1.8084,0.2199,38.58,92,92,255490
1.8133,0.2151,38.62,92,92,255493
1.8280,0.2199,38.52,92,92,255497
1.8182,0.2151,38.62,92,92,255500
1.8524,0.2151,38.46,92,92,255503
1.8133,0.2151,38.62,92,92,255507
1.8280,0.2151,38.62,92,92,255510
1.8475,0.1906,38.52,92,92,255513
1.8328,0.2151,38.58,92,92,255517
1.8719,0.2151,38.40,92,92,255520
1.8524,0.2199,38.71,92,92,255523
1.8377,0.2444,38.62,92,92,255527
1.8524,0.2199,38.65,92,92,255531
1.8426,0.2199,38.62,92,92,255534
1.8964,0.2248,38.33,92,92,255538
1.8622,0.2199,38.49,92,92,255541
1.8573,0.1906,38.58,92,92,255544
1.8719,0.2151,38.58,92,92,255547
1.8768,0.2102,38.52,92,92,255551
1.9501,0.2297,38.43,92,92,255554
1.9159,0.2199,38.46,92,92,255557
1.9257,0.2053,38.52,92,92,255561
1.9257,0.2102,38.62,92,92,255564
1.9355,0.2053,38.68,92,92,255567
1.9746,0.2248,38.52,92,92,255571
1.9501,0.2151,38.65,92,92,255575
1.9697,0.2151,38.49,92,92,255578
1.9453,0.2151,38.62,92,92,255582
1.9501,0.2102,38.65,92,92,255585
1.9844,0.2248,38.46,92,92,255588
1.9501,0.2151,38.62,92,92,255592
1.9795,0.2151,38.49,92,92,255595
1.9501,0.2053,38.62,92,92,255598
1.9550,0.2151,38.62,92,92,255601
1.9697,0.2199,38.65,92,92,255605
1.9453,0.2053,38.62,92,92,255608
1.9697,0.1906,38.43,92,92,255611
1.9453,0.2151,38.49,92,92,255616
1.9404,0.2151,38.68,92,92,255619
1.9550,0.2199,38.55,92,92,255622
1.9306,0.2102,38.77,92,92,255626
1.9746,0.2199,38.36,92,92,255629
1.9208,0.2102,38.55,92,92,255632
1.9257,0.2151,38.52,92,92,255635
1.9355,0.2151,38.62,92,92,255639
1.9208,0.2151,38.65,92,92,255642
1.9795,0.2102,38.30,92,92,255645
1.9404,0.2199,38.58,92,92,255649
1.9159,0.2297,38.62,92,92,255652
1.9110,0.2151,38.58,92,92,255655
1.8964,0.2102,38.62,92,92,255660
1.9648,0.2248,38.43,92,92,255663
1.8964,0.2151,38.81,92,92,255666
1.8964,0.2151,38.52,92,92,255670
1.8768,0.2102,38.71,92,92,255673
1.8719,0.2151,38.62,92,92,255676
1.9013,0.2199,38.40,92,92,255680
1.8817,0.2151,38.58,92,92,255683
1.9208,0.2102,38.52,92,92,255686
1.8768,0.2102,38.62,92,92,255689
1.8768,0.2102,38.58,92,92,255693
1.8964,0.2151,38.55,92,92,255696
1.8817,0.2151,38.58,92,92,255699
1.9062,0.2151,38.46,92,92,255704
1.8866,0.2151,38.58,92,92,255707
1.8964,0.2151,38.62,92,92,255710
1.9208,0.2297,38.52,92,92,255714
1.9062,0.2151,38.62,92,92,255717
1.9453,0.2199,37.62,92,92,255720
1.9159,0.2151,38.49,92,92,255724
1.8915,0.2102,38.62,92,92,255727
1.9110,0.2151,38.55,92,92,255730
1.9013,0.2102,38.65,92,92,255734
1.9599,0.2248,38.33,92,92,255737
1.9208,0.2151,38.49,92,92,255740
1.9208,0.2053,38.58,92,92,255744
1.9306,0.2151,38.62,92,92,255748
1.9404,0.2102,38.62,92,92,255751
1.9892,0.2297,38.46,92,92,255754
1.9550,0.2151,38.55,92,92,255758
1.9648,0.2102,38.52,92,92,255761
1.9599,0.2151,38.81,92,92,255764
1.9648,0.2248,38.62,92,92,255769
1.9990,0.2151,38.62,92,92,255772
2.0088,0.2199,38.49,92,92,255776
1.9941,0.2493,38.58,92,92,255779
2.0381,0.2151,38.43,92,92,255782
2.0235,0.2102,38.49,92,92,255787
2.0283,0.2590,38.62,92,92,255790
2.0674,0.2199,38.52,92,92,255793
2.0577,0.2102,38.65,92,92,255796
2.1114,0.2199,38.36,92,92,255800
2.0821,0.2102,38.55,92,92,255803
2.0626,0.2102,38.74,92,92,255806
2.0626,0.2297,38.55,92,92,255810
2.0332,0.2102,38.62,92,92,255813
2.0577,0.2199,38.36,92,92,255816
1.9844,0.2151,38.52,92,92,255820
1.9550,0.2053,38.55,92,92,255823
1.9404,0.2151,38.58,92,92,255826
1.9110,0.2004,38.68,92,92,255830
1.9550,0.2297,38.43,92,92,255834
1.9110,0.2199,38.71,92,92,255837
1.8866,0.2102,38.52,92,92,255840
1.8719,0.2102,38.62,92,92,255844
1.8524,0.2102,38.62,92,92,255847
1.8768,0.2248,38.46,92,92,255850
1.8328,0.2151,38.62,92,92,255854
1.8426,0.2151,38.49,92,92,255857
1.8231,0.2102,38.84,92,92,255860
1.8280,0.2151,38.62,92,92,255864
1.8573,0.2151,38.55,92,92,255867
1.8426,0.2053,38.62,92,92,255870
1.8719,0.2151,38.49,92,92,255874
1.8426,0.2053,38.62,92,92,255878
1.8475,0.2395,38.62,92,92,255881
1.8622,0.2151,38.52,92,92,255884
1.8475,0.2102,38.58,92,92,255888
1.8719,0.2151,38.43,92,92,255891
1.8426,0.2102,38.58,92,92,255894
1.8573,0.2102,38.62,92,92,255898
1.8915,0.2151,37.83,92,92,255901
1.9062,0.2102,38.62,92,92,255904
1.9990,0.2199,38.33,92,92,255908
2.0235,0.2199,38.52,92,92,255911
2.0919,0.2151,38.62,92,92,255915
2.2092,0.2151,38.65,92,92,255919
2.3509,0.2248,38.62,92,92,255922
2.6246,0.2297,38.36,92,92,255925
2.8055,0.2199,38.52,92,92,255928
3.0254,0.2151,38.55,92,92,255932
3.2160,0.2151,38.58,92,92,255935
3.2991,0.2102,38.58,92,92,255938
3.2845,0.2151,38.46,92,92,255942
3.0156,0.2102,38.62,92,92,255945
2.7224,0.2102,38.49,92,92,255948
2.4194,0.2151,38.58,92,92,255952
2.1457,0.2102,38.62,92,92,255955
1.9550,0.2102,38.55,92,92,255959
1.7791,0.2102,38.58,92,92,255963
1.6716,0.2199,38.49,92,92,255966
1.5543,0.2102,38.65,92,92,255969
1.4956,0.2297,38.62,92,92,255972
1.4858,0.2199,38.49,92,92,255976
1.4467,0.2297,38.62,92,92,255979
1.4663,0.2102,38.43,92,92,255982
1.4614,0.2102,38.52,92,92,255986
1.4712,0.2248,38.62,92,92,255989
1.5005,0.2199,38.49,92,92,255992
1.4956,0.2102,38.58,92,92,255996
1.5445,0.2102,38.33,92,92,256000
1.5347,0.2053,38.84,92,92,256003
1.5494,0.2297,38.62,92,92,256007
1.5689,0.2151,38.58,92,92,256010
1.5836,0.2102,38.62,92,92,256013
1.6471,0.2493,38.33,92,92,256016
1.6178,0.2102,38.52,92,92,256020
1.6276,0.2053,38.65,92,92,256023
1.6325,0.2102,38.62,92,92,256026
1.6422,0.2102,38.62,92,92,256030
1.6911,0.2395,38.43,92,92,256033
1.6667,0.1906,38.55,92,92,256036
1.6813,0.2053,38.52,92,92,256040
1.6813,0.2004,38.62,92,92,256044
1.6911,0.2004,38.62,92,92,256047
1.7204,0.2199,38.43,92,92,256050
1.7058,0.2102,38.52,92,92,256054
1.7253,0.2346,38.55,92,92,256057
1.7155,0.2102,38.62,92,92,256060
1.7204,0.2102,38.62,92,92,256064
1.7693,0.2151,38.55,92,92,256067
1.7302,0.2102,38.71,92,92,256070
1.7595,0.2151,38.49,92,92,256074
1.7351,0.2053,38.58,92,92,256077
1.7351,0.2102,38.58,92,92,256080
1.7595,0.2102,38.52,92,92,256084
1.7449,0.2102,38.58,92,92,256088
1.7742,0.2102,38.46,92,92,256091
1.7351,0.2102,38.62,92,92,256094
1.7498,0.2053,38.74,92,92,256098
1.7644,0.2151,38.55,92,92,256101
1.7498,0.2102,38.62,92,92,256104
1.7937,0.2248,38.43,92,92,256108
1.7693,0.2102,38.55,92,92,256111
1.7546,0.2102,38.65,92,92,256114
1.7644,0.2102,38.58,92,92,256118
1.7546,0.2102,38.62,92,92,256121
1.8182,0.2395,38.36,92,92,256124
1.7937,0.2151,38.68,92,92,256129
1.7889,0.1955,38.55,92,92,256132
1.8035,0.2151,38.62,92,92,256135
1.8035,0.2102,38.65,92,92,256138
1.8475,0.2151,38.46,92,92,256142
1.8133,0.2102,38.58,92,92,256145
1.8182,0.2102,38.55,92,92,256148
1.7986,0.2053,38.62,92,92,256152
1.7840,0.2102,38.62,92,92,256155
1.8035,0.2151,38.52,92,92,256158
1.7742,0.2151,38.58,92,92,256162
1.7840,0.2102,38.46,92,92,256165
1.7498,0.2151,38.62,92,92,256168
1.7400,0.2053,38.65,92,92,256173
1.7400,0.2199,38.55,92,92,256176
1.6862,0.2053,38.62,92,92,256179
1.6764,0.1906,38.49,92,92,256182
1.6129,0.2053,38.43,92,92,256186
1.5787,0.2053,38.62,92,92,256189
1.5640,0.1906,38.49,92,92,256192
1.5200,0.2102,38.62,92,92,256196
1.5298,0.2151,38.40,92,92,256199
1.4907,0.2102,38.55,92,92,256202
1.4809,0.2053,38.62,92,92,256206
1.4809,0.2151,38.52,92,92,256209
1.4565,0.2151,38.62,92,92,256212
1.4907,0.2151,38.33,92,92,256216
1.4467,0.2248,38.52,92,92,256220
1.4516,0.1906,38.62,92,92,256223
1.4467,0.2102,38.68,92,92,256226
1.4272,0.1906,38.62,92,92,256230
1.4809,0.2297,38.36,92,92,256233
1.4516,0.2444,38.55,92,92,256236
1.4467,0.2053,38.55,92,92,256240
1.4467,0.2102,38.58,92,92,256243
1.4565,0.1906,38.68,92,92,256246
1.4809,0.2199,38.43,92,92,256250
1.4614,0.2102,38.55,92,92,256253
1.4809,0.2102,38.49,92,92,256257
1.4614,0.1906,38.62,92,92,256260
1.4663,0.2053,38.62,92,92,256264
1.5005,0.2248,38.55,92,92,256267
1.5054,0.2102,38.62,92,92,256270
1.5200,0.2102,38.49,92,92,256274
1.5054,0.2102,38.52,92,92,256277
1.5152,0.2053,38.62,92,92,256280
1.5396,0.2102,38.68,92,92,256284
1.5445,0.2151,38.62,92,92,256287
1.5689,0.2053,38.46,92,92,256290
1.5494,0.2346,38.62,92,92,256294
1.5640,0.2053,38.62,92,92,256297
1.5787,0.2151,38.71,92,92,256301
1.5738,0.2102,38.62,92,92,256304
1.6178,0.2151,38.33,92,92,256308
1.6080,0.2053,38.49,92,92,256311
1.6080,0.2102,38.62,92,92,256314
1.6276,0.2151,38.46,92,92,256318
1.6129,0.2053,38.68,92,92,256321
1.6716,0.2151,38.33,92,92,256324
1.6325,0.2151,38.49,92,92,256328
1.6276,0.2004,38.62,92,92,256331
1.6471,0.2102,38.62,92,92,256334
1.6471,0.2053,38.55,92,92,256338
1.7058,0.1906,38.43,92,92,256342
1.6764,0.2102,38.58,92,92,256345
1.6862,0.2053,38.52,92,92,256348
1.6911,0.1906,38.58,92,92,256352
1.6960,0.2053,38.62,92,92,256355
1.7351,0.2542,38.55,92,92,256358
1.7204,0.2151,38.55,92,92,256362
1.7351,0.2102,38.55,92,92,256365
1.7400,0.2102,38.55,92,92,256368
1.7449,0.2053,38.62,92,92,256372
1.7937,0.2199,38.46,92,92,256375
1.7937,0.2053,38.46,92,92,256380
1.7791,0.2151,38.62,92,92,256384
1.8231,0.2151,38.40,92,92,256387
1.8084,0.2102,38.58,92,92,256391
1.8035,0.2053,38.62,92,92,256394
1.8328,0.2151,38.52,92,92,256397
1.8231,0.2004,38.62,92,92,256400
1.8817,0.2151,38.33,92,92,256404
1.8671,0.2102,38.55,92,92,256407
1.8768,0.2004,38.62,92,92,256410
1.9062,0.2102,38.55,92,92,256414
1.9208,0.2004,38.62,92,92,256417
1.9941,0.2248,38.43,92,92,256420
1.9599,0.2151,38.49,92,92,256424
1.9453,0.2053,38.55,92,92,256428
1.9501,0.2102,38.58,92,92,256431
1.9697,0.2053,38.65,92,92,256434
2.0283,0.2151,38.43,92,92,256438
2.0283,0.2102,38.65,92,92,256441
2.0479,0.2102,38.65,92,92,256444
2.0283,0.2199,38.58,92,92,256448
2.0235,0.2151,38.62,92,92,256451
2.0381,0.2151,38.49,92,92,256454
1.9892,0.2248,38.68,92,92,256458
1.9892,0.2102,38.49,92,92,256461
1.9306,0.2102,38.68,92,92,256464
1.9159,0.2102,38.62,92,92,256467
1.9257,0.2102,38.55,92,92,256472
1.9110,0.2053,38.58,92,92,256475
1.9355,0.2444,38.46,92,92,256478
1.9110,0.2102,38.62,92,92,256482
1.9062,0.2053,38.65,92,92,256485
1.9110,0.2199,38.52,92,92,256488
1.8817,0.2053,38.62,92,92,256492
1.9110,0.2151,38.52,92,92,256495
1.9013,0.2151,38.49,92,92,256498
1.8817,0.2053,38.62,92,92,256502
1.9013,0.2151,38.52,92,92,256505
1.8866,0.2053,38.62,92,92,256508
1.9453,0.2151,38.33,92,92,256512
1.9013,0.2151,38.52,92,92,256516
1.8866,0.2004,38.62,92,92,256519
1.9062,0.2102,38.58,92,92,256522
1.9013,0.2053,38.81,92,92,256526
1.9599,0.2248,38.40,92,92,256529
1.9110,0.1906,38.55,92,92,256532
1.9013,0.2004,38.58,92,92,256536
1.9013,0.2004,38.81,92,92,256539
1.9110,0.2102,38.62,92,92,256542
1.9795,0.2199,38.46,92,92,256545
2.0039,0.2102,38.68,92,92,256549
2.0772,0.2053,38.52,92,92,256552
2.1505,0.2004,38.62,92,92,256556
2.3069,0.1906,38.62,92,92,256560
2.5367,0.2151,38.55,92,92,256563
2.7370,0.2102,38.58,92,92,256566
2.9961,0.2102,38.46,92,92,256570
3.1916,0.2053,38.62,92,92,256573
3.3724,0.2102,38.62,92,92,256576
3.4848,0.2102,38.52,92,92,256579
3.3627,0.2102,38.46,92,92,256583
3.1672,0.2395,38.49,92,92,256586
2.8299,0.2053,38.58,92,92,256589
2.5464,0.2053,38.74,92,92,256593
2.3167,0.2102,38.52,92,92,256596
2.1065,0.2053,38.62,92,92,256600
1.9844,0.2151,38.46,92,92,256604
1.8426,0.2053,38.62,92,92,256607
1.7937,0.2004,38.65,92,92,256610
1.7595,0.2102,38.55,92,92,256613
1.7253,0.2004,38.62,92,92,256617
1.7693,0.2151,38.36,92,92,256620
1.7546,0.2102,38.52,92,92,256623
1.7791,0.2053,38.62,92,92,256627
1.8182,0.2102,38.65,92,92,256630
1.8280,0.2053,38.68,92,92,256633
1.9062,0.2248,38.33,92,92,256637
1.8719,0.2102,38.49,92,92,256641
1.8719,0.2053,38.55,92,92,256644
1.8915,0.2102,38.58,92,92,256648
1.9062,0.2102,38.62,92,92,256651
1.9648,0.2199,38.46,92,92,256654
1.9453,0.2102,38.71,92,92,256657
1.9746,0.2151,38.49,92,92,256661
1.9746,0.2053,38.62,92,92,256664
1.9892,0.2248,38.62,92,92,256667
2.0430,0.2102,38.55,92,92,256671
1.9990,0.2102,38.62,92,92,256674
2.0283,0.2102,38.55,92,92,256677
2.0235,0.2004,38.62,92,92,256681
2.0088,0.2053,38.62,92,92,256685
2.0430,0.2151,38.49,92,92,256688
2.0137,0.2102,38.68,92,92,256691
2.0430,0.2004,38.49,92,92,256695
2.0332,0.2004,38.55,92,92,256698
2.0137,0.1906,38.62,92,92,256701
2.0430,0.2102,38.55,92,92,256705
2.0332,0.2053,38.52,92,92,256708
2.0528,0.2102,38.49,92,92,256711
2.0332,0.2004,38.55,92,92,256715
2.0381,0.1906,38.62,92,92,256718
2.0528,0.2102,38.55,92,92,256721
2.0381,0.2053,38.84,92,92,256724
2.0723,0.2151,38.40,92,92,256729
2.0235,0.2004,38.58,92,92,256732
2.0283,0.2053,38.65,92,92,256735
2.0381,0.2346,38.81,92,92,256739
2.0430,0.2102,38.62,92,92,256742
2.0870,0.2102,38.33,92,92,256745
2.0332,0.2102,38.55,92,92,256748
2.0186,0.2053,38.58,92,92,256752
2.0479,0.2151,38.62,92,92,256755
1.9990,0.2053,38.62,92,92,256758
2.0430,0.2248,38.40,92,92,256762
1.9892,0.2102,38.49,92,92,256765
1.9746,0.2053,38.55,92,92,256769
1.9697,0.2102,38.68,92,92,256773
1.9648,0.2346,38.68,92,92,256776
2.0137,0.2151,38.46,92,92,256779
1.9648,0.2102,38.65,92,92,256782
1.9550,0.2053,38.55,92,92,256786
1.9257,0.2053,38.62,92,92,256789
1.9257,0.2053,38.81,92,92,256792
1.9501,0.2151,38.55,92,92,256796
1.9208,0.2053,38.62,92,92,256799
1.9453,0.2102,38.46,92,92,256802
1.9159,0.1906,38.62,92,92,256806
1.9110,0.2053,38.71,92,92,256809
1.9355,0.2151,38.52,92,92,256813
1.9062,0.2053,38.62,92,92,256817
1.9208,0.2053,38.46,92,92,256820
1.8866,0.2053,38.55,92,92,256823
1.8866,0.2004,38.62,92,92,256826
1.9110,0.2346,38.52,92,92,256830
1.9013,0.2053,38.62,92,92,256833
1.9355,0.2102,38.40,92,92,256836
1.9110,0.2102,38.58,92,92,256840
1.9013,0.2297,38.62,92,92,256843
1.9257,0.2151,38.55,92,92,256846
1.9110,0.2053,38.68,92,92,256850
1.9648,0.2151,38.30,92,92,256854
1.9306,0.2053,38.55,92,92,256857
1.9257,0.2053,38.65,92,92,256860
1.9159,0.2102,38.58,92,92,256864
1.9013,0.2053,38.62,92,92,256867
1.9306,0.2248,38.36,92,92,256870
1.8768,0.2102,38.55,92,92,256874
1.8524,0.2102,38.55,92,92,256877
1.8475,0.2102,38.58,92,92,256880
1.8426,0.2102,38.62,92,92,256884
1.8719,0.2151,38.43,92,92,256887
1.8573,0.2151,38.58,92,92,256890
1.8377,0.2053,38.49,92,92,256894
1.8084,0.2346,38.62,92,92,256898
1.7937,0.2004,38.62,92,92,256901
1.8084,0.2151,38.55,92,92,256904
1.7840,0.2053,38.77,92,92,256908
1.7986,0.2102,38.46,92,92,256911
1.7644,0.2151,38.65,92,92,256914
1.7693,0.2053,38.65,92,92,256918
1.7840,0.2102,38.49,92,92,256921
1.7693,0.1906,38.62,92,92,256924
1.8035,0.2053,38.52,92,92,256928
1.7889,0.2102,38.62,92,92,256931
1.7986,0.2053,38.62,92,92,256934
1.8231,0.2102,38.49,92,92,256937
1.7791,0.2053,38.62,92,92,256942
1.7889,0.2102,38.40,92,92,256945
1.7546,0.2199,38.55,92,92,256948
1.7546,0.2004,38.62,92,92,256952
1.7937,0.2102,38.55,92,92,256955
1.7986,0.1955,38.68,92,92,256958
1.8426,0.2151,38.30,92,92,256962
1.7986,0.2053,38.55,92,92,256965
1.7986,0.2053,38.62,92,92,256968
1.8133,0.2102,38.62,92,92,256972
1.8328,0.2053,38.62,92,92,256975
1.8964,0.2248,38.43,92,92,256978
1.8475,0.2102,38.55,92,92,256982
1.8377,0.2004,38.52,92,92,256986
1.8524,0.2102,38.62,93,92,256989
1.8817,0.2053,38.62,93,92,256994
1.8817,0.2053,38.68,93,92,256997
1.9013,0.2151,38.49,93,92,257000
1.8817,0.2053,38.62,93,92,257004
1.9355,0.2102,38.46,93,92,257007
1.9159,0.2053,38.52,93,92,257010
1.9062,0.1955,38.68,93,92,257014
1.9159,0.2102,38.49,93,92,257017
1.9013,0.2053,38.58,93,92,257020
1.9453,0.2542,38.40,93,92,257024
1.9306,0.2053,38.55,93,92,257028
1.9355,0.2053,38.62,93,92,257031
1.9648,0.2248,38.55,93,92,257034
1.9550,0.2053,38.62,93,92,257038
1.9795,0.2151,38.36,93,92,257041
1.9599,0.2102,38.55,93,92,257044
1.9648,0.2053,38.65,93,92,257048
1.9746,0.2102,38.58,93,92,257051
1.9648,0.2053,38.62,93,92,257054
2.0235,0.2248,38.33,93,92,257058
1.9941,0.2102,38.52,93,92,257061
1.9941,0.2004,38.55,93,92,257064
2.0186,0.2102,38.52,93,92,257068
2.0381,0.2102,38.62,93,92,257072
2.1114,0.2102,38.43,93,92,257075
2.0772,0.2102,38.43,93,92,257078
2.0528,0.2199,38.49,93,92,257082
2.0235,0.2004,38.62,93,92,257085
2.0137,0.2053,38.62,93,92,257088
2.0186,0.2151,38.46,93,92,257092
1.9892,0.2004,38.58,93,92,257095
1.9746,0.2102,38.46,93,92,257098
1.9404,0.2053,38.52,93,92,257101
1.9355,0.2053,38.62,93,92,257105
1.9501,0.2053,38.58,93,92,257108
1.9355,0.2053,38.58,93,92,257112
1.9941,0.2102,38.49,93,92,257116
1.9110,0.2053,38.58,93,92,257119
1.8964,0.2053,38.68,93,92,257122
1.9110,0.2102,38.49,93,92,257126
1.8671,0.2053,38.65,93,92,257129
1.8768,0.2199,38.40,93,92,257132
1.8475,0.2053,38.52,93,92,257135
1.8475,0.1906,38.62,93,92,257139
1.8915,0.2199,38.55,93,92,257142
1.8866,0.2053,38.68,93,92,257145
1.9453,0.2151,38.33,93,92,257149
1.9110,0.2053,38.52,93,92,257153
1.8817,0.2053,38.62,93,92,257156
1.8768,0.2102,38.58,93,92,257160
1.8719,0.2053,38.62,93,92,257163
1.9257,0.2199,38.30,93,92,257166
1.8964,0.2053,38.55,93,92,257169
1.8964,0.2004,38.58,93,92,257173
1.9110,0.2102,38.65,93,92,257176
1.9159,0.2053,38.62,93,92,257179
1.9990,0.2199,38.49,93,92,257183
2.0186,0.2053,38.58,93,92,257186
2.1065,0.2053,38.55,93,92,257189
2.2385,0.2053,38.68,93,92,257193
2.4145,0.2053,38.65,93,92,257197
2.6882,0.2199,38.43,93,92,257200
2.8983,0.2102,38.55,93,92,257204
3.1720,0.2102,38.52,93,92,257207
3.3284,0.2053,38.62,93,92,257210
3.4066,0.1906,38.62,93,92,257213
3.3627,0.2151,38.68,93,92,257217
3.0596,0.2102,38.58,93,92,257220
2.7517,0.2102,38.49,93,92,257223
2.3754,0.2053,38.81,93,92,257227
2.0821,0.2151,38.62,93,92,257230
1.8671,0.2102,38.52,93,92,257233
1.6862,0.2053,38.65,93,92,257238
1.5689,0.2248,38.40,93,92,257241
1.4565,0.2053,38.65,93,92,257244
1.4174,0.2053,38.58,93,92,257247
1.4223,0.2151,38.55,93,92,257251
1.4027,0.2053,38.62,93,92,257254
1.4467,0.2199,38.36,93,92,257257
1.4418,0.2102,38.52,93,92,257261
1.4614,0.2053,38.65,93,92,257264
1.4907,0.2102,38.58,93,92,257267
1.4907,0.2053,38.62,93,92,257271
1.5445,0.2199,38.33,93,92,257274
1.5396,0.1906,38.49,93,92,257277
1.5640,0.2004,38.58,93,92,257282
1.5836,0.2102,38.46,93,92,257285
1.5885,0.2053,38.62,93,92,257288
1.6422,0.2248,38.46,93,92,257291
1.6178,0.2102,38.58,93,92,257295
1.6373,0.2102,38.52,93,92,257298
1.6373,0.2053,38.62,93,92,257301
1.6373,0.2053,38.62,93,92,257305
1.6667,0.2151,38.55,93,92,257308
1.6471,0.2053,38.52,93,92,257311
1.6764,0.2151,38.46,93,92,257315
1.6862,0.2102,38.65,93,92,257318
1.7107,0.2004,38.65,93,92,257321
1.7400,0.2199,38.49,93,92,257325
1.7009,0.2102,38.65,93,92,257329
1.7155,0.2102,38.49,93,92,257332
1.6862,0.1906,38.55,93,92,257335
1.7204,0.2053,37.83,93,92,257339
1.7546,0.2102,38.46,93,92,257342
1.7058,0.2053,38.62,93,92,257345
1.7253,0.2102,38.52,93,92,257349
1.7204,0.2004,38.55,93,92,257352
1.7009,0.2053,38.62,93,92,257355
1.7107,0.2151,38.49,93,92,257359
1.7302,0.2053,38.65,93,92,257362
1.8084,0.2151,38.36,93,92,257366
1.7498,0.2053,38.55,93,92,257369
1.7302,0.2053,38.62,93,92,257373
1.7204,0.2102,38.58,93,92,257376
1.6960,0.2053,38.62,93,92,257379
1.7449,0.2102,38.33,93,92,257383
1.7351,0.2102,38.58,93,92,257386
1.7400,0.2004,38.62,93,92,257389
1.7400,0.2102,38.58,93,92,257393
1.7253,0.2053,38.65,93,92,257396
1.8084,0.2199,38.43,93,92,257399
1.7693,0.2102,38.55,93,92,257402
1.7449,0.2053,38.49,93,92,257406
1.7253,0.2395,38.58,93,92,257410
1.7595,0.1906,38.62,93,92,257413
1.7693,0.2151,38.68,93,92,257417
1.7693,0.2346,38.58,93,92,257420
1.7986,0.2102,38.46,93,92,257423
1.7840,0.2053,38.08,93,92,257427
1.7889,0.2004,38.58,93,92,257430
1.7937,0.1906,38.52,93,92,257433
1.7840,0.2053,38.62,93,92,257437
1.8133,0.2102,38.46,93,92,257440
1.7840,0.2053,38.62,93,92,257443
1.7986,0.2053,38.68,93,92,257446
1.8377,0.2346,38.52,93,92,257451
1.8328,0.2102,38.62,93,92,257454
1.8622,0.2102,38.46,93,92,257457
1.8475,0.2004,38.49,93,92,257461
1.8328,0.2053,38.65,93,92,257464
1.8622,0.2151,38.52,93,92,257467
1.8768,0.2004,38.62,93,92,257471
1.9257,0.2151,38.36,93,92,257474
1.8768,0.2004,38.52,93,92,257477
1.8719,0.2053,38.62,93,92,257480
1.8719,0.2102,38.58,93,92,257484
1.8671,0.2053,38.65,93,92,257487
1.9404,0.2248,38.36,93,92,257490
1.9257,0.2102,38.52,93,92,257495
1.9501,0.2004,38.58,93,92,257498
1.9501,0.2102,38.62,93,92,257501
1.9453,0.2053,38.62,93,92,257505
1.9892,0.2199,38.49,93,92,257508
1.9453,0.2102,38.58,93,92,257511
1.9257,0.2053,38.52,93,92,257515
1.8964,0.2102,38.62,93,92,257518
1.9013,0.2053,38.62,93,92,257521
1.9404,0.2199,38.46,93,92,257524
1.8964,0.2102,38.58,93,92,257528
1.9013,0.2102,38.52,93,92,257531
1.9062,0.2102,38.65,93,92,257534
1.9306,0.2053,38.62,93,92,257539
1.9453,0.2102,38.58,93,92,257542
1.9013,0.2102,38.68,93,92,257545
1.8915,0.2102,38.49,93,92,257549
1.8671,0.2053,38.65,93,92,257552
1.9013,0.2053,38.62,93,92,257555
1.8964,0.2102,38.62,93,92,257558
1.8817,0.2053,38.65,93,92,257562
1.8915,0.2102,38.40,93,92,257565
1.8377,0.2053,38.62,93,92,257568
1.8328,0.2053,38.62,93,92,257572
1.8573,0.2199,38.55,93,92,257575
1.8524,0.2053,38.71,93,92,257579
1.9159,0.2493,38.33,93,92,257583
1.8768,0.2102,38.49,93,92,257586
1.8426,0.2053,38.58,93,92,257589
1.8622,0.2102,38.58,93,92,257593
1.8524,0.2053,38.62,93,92,257596
1.9306,0.2248,38.40,92,93,257599
1.9159,0.2248,38.55,92,93,257604
1.9159,0.2004,38.58,92,93,257607
1.9159,0.2102,38.49,92,93,257610
1.8719,0.2102,38.58,92,93,257614
1.8671,0.2004,38.62,92,93,257617
1.8817,0.2102,38.55,92,93,257620
1.8719,0.2102,38.62,92,93,257625
1.9404,0.2151,38.49,92,93,257628
1.9013,0.2053,38.62,92,93,257631
1.8915,0.2053,38.62,92,93,257635
1.9013,0.2151,38.49,92,93,257638
1.8915,0.2053,38.62,92,93,257641
2.0039,0.2151,38.40,92,93,257645
1.9550,0.1906,38.46,92,93,257648
1.9062,0.2053,38.68,92,93,257651
1.9013,0.2199,38.55,92,93,257654
1.9013,0.2053,38.62,92,93,257658
1.9795,0.2151,38.49,92,93,257661
1.9501,0.2004,38.52,92,93,257665
1.9453,0.2151,38.62,92,93,257669
1.9599,0.2102,38.58,92,93,257672
1.9404,0.2151,38.62,92,93,257675
1.9648,0.2297,38.36,92,93,257679
1.9013,0.2053,38.52,92,93,257682
1.9355,0.2004,38.58,92,93,257685
1.9355,0.1906,38.62,92,93,257688
1.9159,0.2102,38.58,92,93,257692
1.9599,0.2199,38.46,92,93,257695
1.9404,0.2151,38.74,92,93,257698
1.9599,0.2053,38.49,92,93,257702
1.9941,0.2102,38.62,92,93,257705
2.0332,0.2053,38.68,92,93,257709
2.0772,0.2199,38.49,92,93,257713
2.0186,0.2102,38.58,92,93,257716
1.9990,0.2102,38.46,92,93,257719
1.9404,0.2102,38.62,92,93,257723
1.9159,0.2248,38.62,92,93,257726
1.9306,0.2199,38.55,92,93,257729
1.8866,0.2102,38.58,92,93,257732
1.9159,0.2151,38.49,92,93,257736
1.8915,0.2053,38.58,92,93,257739
1.8866,0.2053,38.62,92,93,257742
1.8671,0.2102,38.52,92,93,257746
1.7937,0.2053,38.62,92,93,257750
1.7791,0.2102,38.40,92,93,257753
1.7449,0.2102,38.65,92,93,257757
1.7693,0.2053,38.74,92,93,257760
1.7986,0.2248,38.52,92,93,257763
1.7791,0.1906,38.65,92,93,257766
1.8133,0.2151,38.36,92,93,257770
1.7986,0.2151,38.52,92,93,257773
1.8035,0.2053,38.62,92,93,257776
1.8035,0.2151,38.58,92,93,257780
1.7937,0.2004,38.62,92,93,257783
1.8280,0.2248,38.36,92,93,257786
1.7889,0.2102,38.55,92,93,257790
1.7791,0.2004,38.55,92,93,257794
1.7889,0.2102,38.62,92,93,257797
1.7791,0.2053,38.62,92,93,257801
1.8280,0.2248,38.46,92,93,257804
1.8231,0.2102,38.62,92,93,257807
1.8573,0.2053,38.49,92,93,257810
1.8573,0.2102,38.62,92,93,257814
1.8915,0.2053,38.62,92,93,257817
1.9941,0.2199,38.52,92,93,257820
2.0870,0.2102,38.58,92,93,257824
2.2678,0.2102,38.30,92,93,257827
2.4682,0.2004,38.68,92,93,257830
2.6979,0.2053,38.62,92,93,257835
3.0108,0.2199,37.99,92,93,257838
3.2258,0.2199,38.65,92,93,257841
3.4457,0.2102,38.49,92,93,257844
3.3773,0.2053,38.58,92,93,257848
3.1720,0.2053,38.62,92,93,257851
2.8592,0.2151,38.49,92,93,257854
2.4731,0.2102,38.62,92,93,257858
2.1896,0.2102,38.77,92,93,257861
1.8964,0.2004,38.55,92,93,257864
1.7107,0.2004,38.62,92,93,257868
1.5103,0.2151,38.52,92,93,257871
1.3441,0.2102,38.62,92,93,257874
1.2757,0.2199,38.36,92,93,257878
1.2072,0.2053,38.55,92,93,257882
1.2170,0.2053,38.62,92,93,257885
1.2463,0.2102,38.55,92,93,257888
1.2610,0.2053,38.62,92,93,257892
1.3196,0.2395,38.33,92,93,257895
1.3196,0.2102,38.55,92,93,257898
1.3392,0.2004,37.83,92,93,257902
1.3978,0.2151,38.58,92,93,257905
1.3930,0.2053,38.62,92,93,257908
1.4467,0.2199,38.49,92,93,257911
1.4370,0.2102,38.55,92,93,257915
1.4418,0.2053,38.52,92,93,257918
1.4663,0.2004,38.58,92,93,257922
1.4663,0.2053,38.62,92,93,257926
1.5005,0.2151,38.58,92,93,257929
1.5005,0.2151,38.58,92,93,257932
1.5347,0.2151,38.49,92,93,257936
1.5347,0.2102,38.62,92,93,257939
1.5543,0.2102,38.65,92,93,257942
1.5640,0.2102,38.55,92,93,257946
1.5445,0.2102,38.62,92,93,257949
1.5738,0.2151,38.49,92,93,257952
1.5640,0.2102,38.62,92,93,257955
1.5885,0.2053,38.65,92,93,257959
1.6129,0.2151,38.49,92,93,257963
1.5885,0.2102,38.65,92,93,257966
1.6178,0.2102,38.40,92,93,257970
1.6178,0.2102,38.55,92,93,257973
1.6227,0.2053,38.58,92,93,257976
1.6520,0.2151,38.55,92,93,257980
1.6373,0.2102,38.58,92,93,257983
1.6764,0.2151,38.36,92,93,257986
1.6520,0.2004,38.52,92,93,257990
1.6667,0.2102,38.65,92,93,257993
1.6520,0.2151,38.58,92,93,257996
1.6422,0.2346,38.62,92,93,257999
1.6960,0.2102,38.33,92,93,258003
1.6667,0.2102,38.49,92,93,258007
1.6813,0.2004,38.55,92,93,258010
1.6716,0.2102,38.62,92,93,258014
1.6716,0.2199,38.62,92,93,258017
1.7204,0.2248,38.49,92,93,258020
1.6862,0.2102,38.62,92,93,258024
1.7107,0.2248,38.55,92,93,258027
1.7155,0.2102,38.55,92,93,258030
1.7204,0.2102,38.62,92,93,258034
1.7644,0.2248,38.43,92,93,258037
1.7302,0.2102,38.77,92,93,258040
1.7400,0.2248,38.49,92,93,258043
1.7449,0.2151,38.68,92,93,258048
1.7253,0.2102,38.62,92,93,258051
1.7449,0.2102,38.52,92,93,258054
1.7204,0.2102,38.62,92,93,258058
1.7449,0.2102,38.49,92,93,258061
1.7107,0.2395,38.58,92,93,258064
1.7204,0.2053,38.58,92,93,258068
1.7302,0.2102,38.62,92,93,258071
1.7155,0.2102,38.62,92,93,258074
1.7742,0.2004,38.40,92,93,258077
1.7155,0.2102,38.62,92,93,258081
1.7204,0.2053,38.62,92,93,258084
1.7449,0.2248,38.58,92,93,258087
1.7351,0.2102,38.58,92,93,258092
1.7986,0.2199,38.33,92,93,258095
1.7742,0.2151,38.55,92,93,258098
1.7546,0.2053,38.65,92,93,258102
1.7742,0.2102,38.58,92,93,258105
1.7742,0.2102,37.87,92,93,258108
1.8426,0.2395,38.36,92,93,258112
1.8133,0.2151,38.49,92,93,258115
1.7986,0.2199,38.55,92,93,258118
1.8035,0.2102,38.62,92,93,258121
1.8084,0.2053,38.62,92,93,258125
1.8573,0.2248,38.46,92,93,258128
1.8280,0.1906,38.58,92,93,258131
1.8377,0.2102,38.49,92,93,258136
1.8328,0.2102,38.62,92,93,258139
1.8280,0.2053,38.71,92,93,258142
1.8524,0.2297,38.52,92,93,258146
1.8622,0.2102,38.58,92,93,258149
1.8524,0.2102,38.49,92,93,258152
1.8377,0.2004,38.62,92,93,258156
1.8280,0.1906,38.62,92,93,258159
1.8524,0.2199,38.52,92,93,258162
1.8328,0.1906,38.62,92,93,258165
1.8524,0.2102,38.46,92,93,258169
1.8231,0.2102,38.55,92,93,258172
1.8182,0.2102,38.62,92,93,258176
1.8280,0.2444,38.46,92,93,258180
1.8035,0.2102,38.62,92,93,258183
1.8231,0.2102,38.40,92,93,258186
1.7986,0.2151,38.62,92,93,258190
1.7791,0.2053,38.62,92,93,258193
1.7937,0.2151,38.71,92,93,258196
1.7840,0.2102,38.62,92,93,258200
1.8426,0.2102,38.33,92,93,258203
1.7937,0.2151,38.52,92,93,258206
1.7840,0.2053,38.65,92,93,258209
1.7840,0.2102,38.55,92,93,258213
1.7595,0.2102,38.62,92,93,258217
1.7644,0.2053,38.62,92,93,258222
1.7889,0.2199,38.46,92,93,258225
1.7644,0.2248,38.65,92,93,258228
1.7937,0.2151,38.49,92,93,258232
1.7742,0.2053,38.90,92,93,258235
1.7889,0.2102,38.62,92,93,258238
1.8035,0.2102,38.49,92,93,258242
1.7937,0.2102,38.62,92,93,258245
1.8133,0.2102,38.46,92,93,258248
1.7889,0.2004,38.55,92,93,258252
1.7889,0.2053,38.62,92,93,258255
1.7986,0.2102,38.62,92,93,258258
1.7889,0.2199,38.62,92,93,258262
1.8280,0.2199,38.40,92,93,258266
1.7937,0.2053,38.62,92,93,258269
1.7986,0.2102,38.65,92,93,258272
1.8133,0.2151,38.62,92,93,258276
1.7986,0.2053,38.62,92,93,258279
1.8475,0.2199,38.33,92,93,258282
1.8182,0.2151,38.52,92,93,258286
1.8035,0.2053,38.62,92,93,258289
1.8231,0.2151,38.62,92,93,258292
1.8084,0.2053,38.62,92,93,258296
1.8719,0.2248,38.43,92,93,258299
1.8328,0.2151,38.52,92,93,258302
1.8280,0.2053,38.52,92,93,258306
1.8231,0.2102,38.77,92,93,258310
1.8280,0.2004,38.62,92,93,258313
1.8719,0.2102,38.46,92,93,258316
1.8475,0.2102,38.58,92,93,258320
1.8622,0.2102,38.49,92,93,258323
1.8524,0.2102,38.58,92,93,258326
1.8573,0.2102,38.65,92,93,258330
1.9159,0.2151,38.55,92,93,258333
1.9062,0.2102,38.58,92,93,258336
1.9501,0.2151,38.55,92,93,258339
1.9306,0.1906,38.62,92,93,258343
1.9306,0.2053,38.65,92,93,258347
1.9501,0.2199,38.52,92,93,258350
1.9159,0.2151,38.58,92,93,258354
1.9208,0.2102,37.87,92,93,258357
1.8768,0.2102,38.55,92,93,258360
1.8768,0.2053,38.68,92,93,258364
1.8426,0.2199,38.43,92,93,258367
1.8035,0.2053,38.68,92,93,258370
1.8377,0.2151,38.36,92,93,258374
1.7986,0.2004,38.52,92,93,258377
1.7840,0.2102,38.62,92,93,258380
1.7840,0.2102,38.58,92,93,258383
1.7693,0.2102,38.74,92,93,258387
1.8035,0.2493,38.33,92,93,258391
1.7546,0.2102,38.81,92,93,258394
1.7449,0.2053,38.58,92,93,258398
1.7595,0.2151,38.62,92,93,258401
1.7302,0.2346,38.62,92,93,258404
1.7791,0.2248,38.46,92,93,258408
1.7400,0.2102,38.55,92,93,258411
1.7351,0.2053,38.52,92,93,258414
1.7253,0.2102,38.62,92,93,258418
1.7253,0.2102,38.58,92,93,258421
1.7595,0.2199,38.40,92,93,258424
1.7400,0.2102,38.46,92,93,258427
1.7595,0.2102,38.46,92,93,258432
1.7498,0.2102,38.62,92,93,258435
1.7498,0.2102,38.71,92,93,258438
1.8084,0.2151,38.49,92,93,258442
1.7889,0.2102,38.62,92,93,258445
1.8426,0.2102,38.46,92,93,258448
1.8524,0.2053,38.62,92,93,258452
1.9257,0.2053,38.62,92,93,258455
2.0430,0.2248,38.49,92,93,258458
2.1799,0.2053,38.62,92,93,258461
2.4047,0.2151,38.43,92,93,258465
2.6100,0.2102,38.65,92,93,258468
2.8641,0.2102,38.58,92,93,258471
3.1329,0.2151,38.55,92,93,258476
3.2600,0.2004,38.62,92,93,258479
3.3431,0.2248,38.36,92,93,258482
3.1183,0.2151,38.55,92,93,258486
2.7859,0.2053,38.62,92,93,258489
2.4585,0.2102,38.58,92,93,258492
2.1408,0.2102,38.62,92,93,258496
1.9355,0.2297,38.33,92,93,258499
1.6862,0.2102,38.49,92,93,258502
1.5249,0.2053,38.58,92,93,258505
1.4272,0.2102,38.65,92,93,258509
1.3587,0.2004,38.62,92,93,258512
1.3636,0.2248,38.52,92,93,258515
1.3196,0.2151,38.58,92,93,258520
1.3099,0.2102,38.52,92,93,258523
1.3196,0.2102,38.68,92,93,258526
1.3490,0.2102,38.65,92,93,258530
1.3881,0.2199,38.55,92,93,258533
1.3930,0.2102,38.65,92,93,258536
1.4272,0.2151,38.49,92,93,258539
1.4223,0.2102,38.68,92,93,258543
1.4370,0.2395,38.62,92,93,258546
1.4907,0.2199,38.52,92,93,258549
1.4907,0.2346,38.62,92,93,258553
1.5396,0.2151,38.49,92,93,258556
1.5298,0.2102,38.62,92,93,258560
1.5396,0.2346,38.58,92,93,258564
1.5689,0.2151,38.49,92,93,258567
1.5591,0.2102,38.46,92,93,258570
1.5934,0.2199,38.43,92,93,258574
1.5787,0.2102,38.62,92,93,258577
1.5787,0.2102,38.65,92,93,258580
1.5934,0.2102,38.55,92,93,258584
1.5885,0.2102,38.68,92,93,258587
1.6325,0.2199,38.33,92,93,258590
1.6031,0.2102,38.55,92,93,258593
1.6080,0.2053,38.62,92,93,258597
1.6227,0.2102,38.58,92,93,258600
1.6276,0.2102,38.62,92,93,258604
1.6813,0.2297,38.36,92,93,258608
1.6520,0.1906,38.58,92,93,258611
1.6520,0.2053,38.58,92,93,258614
1.6520,0.2151,38.62,92,93,258618
1.6569,0.2053,38.62,92,93,258621
1.6911,0.2346,38.40,92,93,258624
1.6716,0.1906,38.58,92,93,258628
1.6813,0.2102,38.52,92,93,258631
1.6716,0.2346,38.68,92,93,258634
1.6764,0.2053,38.62,92,93,258637
1.7058,0.2199,38.58,92,93,258641
1.6911,0.2151,38.58,92,93,258644
1.7351,0.2102,38.52,92,93,258648
1.7155,0.2102,38.65,92,93,258652
1.7546,0.2102,38.62,92,93,258655
1.7498,0.2102,38.55,92,93,258658
1.7449,0.2102,38.65,92,93,258662
1.7742,0.2102,38.46,92,93,258665
1.7595,0.2102,38.74,92,93,258668
1.7644,0.2346,38.62,92,93,258671
1.7791,0.2102,38.55,92,93,258675
1.7693,0.2102,38.62,92,93,258678
1.8280,0.2151,38.36,92,93,258681
1.7937,0.2151,38.27,92,93,258685
1.7791,0.2248,38.68,92,93,258689
1.7889,0.2151,38.65,92,93,258692
1.7791,0.2004,38.62,92,93,258696
1.8377,0.2199,38.30,92,93,258699
1.7937,0.2102,38.43,92,93,258702
1.7791,0.2053,38.58,92,93,258706
1.7889,0.2102,38.65,92,93,258709
1.7840,0.2102,38.62,92,93,258712
1.8377,0.2248,38.43,92,93,258715
1.8084,0.2151,38.55,92,93,258719
1.8084,0.2053,38.52,92,93,258722
1.7986,0.2053,38.68,92,93,258725
1.8084,0.2102,38.62,92,93,258729
1.8426,0.2199,38.52,92,93,258733
1.8231,0.2102,38.58,92,93,258736
1.8524,0.2102,38.49,92,93,258740
1.8328,0.2053,38.62,92,93,258743
1.8426,0.2053,38.62,92,93,258746
1.8768,0.2199,38.49,92,93,258750
1.8475,0.2102,38.65,92,93,258753
1.8719,0.2102,38.49,92,93,258756
1.8377,0.2053,38.58,92,93,258759
1.8622,0.2004,38.68,92,93,258763
1.8524,0.2151,38.40,92,93,258766
1.8328,0.2199,38.62,92,93,258769
1.8622,0.2151,38.40,92,93,258774
1.8426,0.2102,38.58,92,93,258777
1.8377,0.2248,38.65,92,93,258780
1.8524,0.2151,38.55,92,93,258784
1.8426,0.2102,38.58,92,93,258787
1.8817,0.2199,38.33,92,93,258790
1.8377,0.2053,38.58,92,93,258794
1.8377,0.2102,38.65,92,93,258797
1.8475,0.2102,38.58,92,93,258800
1.8280,0.2102,38.62,92,93,258803
1.8719,0.2297,38.36,92,93,258807
1.8426,0.2151,38.52,92,93,258810
1.8328,0.2004,38.58,92,93,258813
1.8328,0.2102,38.58,92,93,258818
1.8328,0.2151,38.58,92,93,258821
1.8719,0.2199,38.43,93,94,258824
1.8231,0.2102,38.52,93,94,258829
1.7986,0.2102,38.65,93,94,258832
1.8377,0.2053,38.46,93,94,258836
1.7889,0.2053,38.71,93,94,258839
1.7937,0.2053,38.62,93,94,258842
1.8133,0.2102,38.52,93,94,258846
1.7986,0.2102,38.84,93,94,258849
1.8280,0.2444,38.40,93,94,258852
1.7937,0.2102,38.65,93,94,258856
1.7986,0.2053,38.58,93,94,258860
1.8182,0.2248,38.55,93,94,258863
1.7937,0.2102,38.68,93,94,258866
1.8377,0.2199,38.33,93,94,258870
1.8133,0.2102,38.49,93,94,258873
1.7986,0.2053,38.65,93,94,258876
1.8035,0.2151,38.58,93,94,258880
1.7986,0.1906,38.62,93,94,258883
1.8524,0.2297,38.30,93,94,258886
1.8133,0.2151,38.55,93,94,258890
1.8084,0.2053,38.55,93,94,258893
1.8084,0.2102,38.65,93,94,258896
1.8084,0.2102,38.65,93,94,258899
1.8524,0.2297,38.46,93,94,258904
1.8280,0.2102,38.55,93,94,258907
1.8377,0.2346,38.49,93,94,258910
1.8328,0.2102,38.62,93,94,258914
1.8377,0.2102,38.74,93,94,258917
1.8719,0.2151,38.55,93,94,258920
1.8622,0.2102,38.58,93,94,258924
1.8817,0.2346,38.55,93,94,258927
1.8622,0.2102,38.68,93,94,258930
1.8671,0.2053,38.62,93,94,258934
1.9013,0.2151,38.49,93,94,258937
1.8719,0.2102,38.62,93,94,258940
1.9110,0.2053,38.46,93,94,258944
1.9013,0.1906,38.55,93,94,258948
1.8915,0.2102,38.62,93,94,258951
1.9208,0.2151,38.46,93,94,258954
1.9159,0.2102,38.62,93,94,258958
1.9550,0.2102,38.40,93,94,258961
1.9306,0.2102,38.58,93,94,258964
1.9355,0.2053,38.62,93,94,258968
1.9599,0.1906,38.58,93,94,258971
1.9550,0.2102,38.55,93,94,258974
2.0137,0.2297,38.36,93,94,258977
1.9599,0.2053,38.62,93,94,258981
1.9599,0.2053,38.68,93,94,258984
1.9501,0.2395,38.62,93,94,258988
1.9159,0.2102,38.65,93,94,258992
1.9453,0.2297,38.33,93,94,258995
1.9110,0.2151,38.52,93,94,258998
1.8426,0.2004,38.55,93,94,259002
1.8377,0.2444,38.58,93,94,259005
1.8377,0.2053,38.62,93,94,259008
1.8622,0.2199,38.46,93,94,259011
1.8280,0.2590,38.55,93,94,259015
1.8133,0.2053,38.49,93,94,259018
1.7889,0.2102,38.62,93,94,259021
1.7791,0.2053,38.52,93,94,259025
1.7937,0.2102,38.49,93,94,259028
1.7595,0.2102,38.62,93,94,259032
1.7742,0.2102,38.49,93,94,259036
1.7791,0.2102,38.62,93,94,259039
1.7449,0.2053,38.62,93,94,259042
1.7644,0.2102,38.55,93,94,259046
1.7498,0.2102,38.62,93,94,259049
1.7693,0.2102,38.46,93,94,259052
1.7351,0.2102,38.62,93,94,259055
1.7449,0.2053,38.62,93,94,259059
1.7693,0.2151,38.49,93,94,259062
1.7400,0.2102,38.58,93,94,259065
1.7742,0.2151,38.40,93,94,259069
1.7644,0.2151,38.52,93,94,259073
1.7693,0.2053,38.58,93,94,259076
1.8133,0.2151,38.55,93,94,259080
1.8328,0.2102,38.46,93,94,259083
1.9404,0.2248,38.30,93,94,259086
1.9746,0.2102,38.49,93,94,259090
2.0723,0.2053,38.65,93,94,259093
2.2385,0.2102,38.58,93,94,259096
2.3851,0.2053,38.62,93,94,259099
2.6882,0.2297,38.40,93,94,259103
2.8739,0.2297,38.58,93,94,259106
3.1183,0.2004,38.52,93,94,259109
3.2307,0.2102,38.62,93,94,259113
3.2209,0.2102,38.68,93,94,259117
3.1134,0.2199,38.49,93,94,259120
2.7664,0.2102,38.55,93,94,259124
2.4682,0.2395,38.55,93,94,259127
2.1652,0.2102,37.99,93,94,259130
1.9257,0.2102,38.65,93,94,259134
1.7791,0.2102,38.46,93,94,259137
1.6031,0.2248,38.62,93,94,259140
1.5396,0.2102,38.52,93,94,259143
1.4272,0.2053,38.62,93,94,259147
1.3881,0.2053,38.62,93,94,259150
1.3734,0.2199,38.49,93,94,259153
1.3539,0.2102,38.65,93,94,259158
1.3783,0.2444,38.43,93,94,259161
1.3832,0.2102,38.55,93,94,259164
1.4076,0.2151,38.62,93,94,259168
1.4370,0.2199,38.55,93,94,259171
1.4467,0.2053,38.65,93,94,259174
1.5005,0.2151,38.36,93,94,259178
1.4858,0.2053,38.58,93,94,259181
1.5103,0.2053,38.58,93,94,259184
1.5347,0.2151,38.58,93,94,259187
1.5494,0.2102,38.77,93,94,259191
1.6031,0.2248,38.30,93,94,259194
1.5934,0.1906,38.49,93,94,259197
1.5885,0.2053,38.62,93,94,259202
1.6031,0.2151,38.58,93,94,259205
1.6080,0.1906,38.62,93,94,259208
1.6569,0.2248,38.43,93,94,259212
1.6325,0.2199,38.55,93,94,259215
1.6325,0.1906,38.52,93,94,259218
1.6276,0.2102,38.62,93,94,259222
1.6325,0.2102,38.62,93,94,259225
1.6618,0.2151,38.58,93,94,259228
1.6618,0.2151,38.58,93,94,259231
1.6667,0.2102,38.46,93,94,259235
1.6569,0.2102,38.58,93,94,259238
1.6716,0.2004,38.62,93,94,259241
1.6911,0.2102,38.55,93,94,259246
1.6862,0.2102,38.81,93,94,259249
1.7155,0.2248,38.49,93,94,259252
1.6911,0.2102,38.62,93,94,259256
1.6960,0.2346,38.65,93,94,259259
1.7253,0.2151,38.52,93,94,259262
1.7107,0.2102,38.62,93,94,259266
1.7400,0.2151,38.43,93,94,259269
1.7204,0.2102,38.49,93,94,259272
1.7155,0.2053,38.46,93,94,259275
1.7400,0.2151,38.55,93,94,259279
1.7204,0.2102,38.68,93,94,259282
1.7644,0.2151,38.33,93,94,259286
1.7302,0.2102,38.52,93,94,259290
1.7302,0.2053,38.65,93,94,259293
1.7449,0.2102,38.62,93,94,259296
1.7449,0.2004,38.62,93,94,259300
1.8035,0.2248,38.36,93,94,259303
1.7693,0.2151,38.55,93,94,259306
1.7742,0.1906,38.55,93,94,259309
1.7840,0.2102,38.74,93,94,259313
1.7840,0.2102,38.62,93,94,259316
1.8377,0.2199,38.49,93,94,259319
1.8133,0.2102,38.62,93,94,259323
1.8280,0.2102,38.52,93,94,259326
1.8182,0.2102,38.65,93,94,259330
1.8231,0.2053,38.62,93,94,259334
1.8573,0.1906,38.43,93,94,259337
1.8328,0.2102,38.58,93,94,259340
1.8768,0.2102,38.49,93,94,259344
1.8280,0.2102,38.71,93,94,259347
1.8328,0.2053,38.62,93,94,259350
1.8475,0.2102,38.49,93,94,259353
1.8231,0.2102,38.55,93,94,259357
1.8426,0.2102,38.46,93,94,259360
1.8133,0.2053,38.58,93,94,259363
1.8182,0.2102,38.65,93,94,259367
1.8426,0.2102,38.58,93,94,259371
1.8328,0.2102,38.65,93,94,259374
1.8768,0.2395,38.36,93,94,259378
1.8475,0.2053,38.43,93,94,259381
1.8573,0.2395,38.65,93,94,259384
1.8768,0.2102,38.58,93,94,259388
1.8573,0.2102,38.68,93,94,259391
1.9062,0.2199,38.30,93,94,259394
1.8768,0.2102,38.52,93,94,259397
1.8622,0.2102,38.62,93,94,259401
1.8671,0.2053,38.58,93,94,259404
1.8622,0.1906,38.62,93,94,259407
1.9159,0.2297,38.40,93,94,259411
1.8671,0.2102,38.52,93,94,259415
1.8573,0.2053,38.55,93,94,259418
1.8524,0.2102,38.62,93,94,259422
1.8573,0.2004,38.68,93,94,259425
1.8866,0.2151,38.46,93,94,259428
1.8524,0.2151,38.58,93,94,259432
1.8671,0.2102,38.49,93,94,259435
1.8475,0.2102,38.62,93,94,259438
1.8328,0.2102,38.62,93,94,259443
1.8622,0.2053,38.62,93,94,259446
1.8622,0.2151,38.52,93,94,259449
1.8377,0.2053,38.62,93,94,259453
1.8719,0.2151,38.36,93,94,259457
1.8426,0.2151,38.52,93,94,259460
1.8622,0.2004,38.62,93,94,259464
1.8426,0.2151,37.77,93,94,259467
1.8231,0.2199,38.65,93,94,259470
1.8768,0.2199,38.33,93,94,259474
1.8328,0.2199,38.49,93,94,259477
1.8426,0.2053,38.62,93,94,259480
1.8182,0.2102,38.62,93,94,259484
1.8084,0.2199,38.62,93,94,259487
1.8671,0.2102,38.43,93,94,259490
1.8133,0.2102,38.55,93,94,259493
1.8084,0.2053,38.52,93,94,259497
1.7986,0.2151,38.62,93,94,259501
1.8035,0.2346,38.65,93,94,259504
1.8475,0.1906,38.52,93,94,259508
1.8328,0.2102,38.58,93,94,259511
1.8475,0.2102,38.62,93,94,259514
1.8231,0.1906,38.62,93,94,259518
1.8328,0.2053,38.62,93,94,259521
1.8719,0.2199,38.43,93,94,259524
1.8475,0.2102,38.58,93,94,259528
1.8719,0.2151,38.46,93,94,259531
1.8426,0.2053,38.58,93,94,259534
1.8573,0.1906,38.62,93,94,259537
1.8768,0.2151,38.49,93,94,259542
1.8622,0.2053,38.62,93,94,259545
1.8866,0.2102,38.46,93,94,259548
1.8768,0.2053,38.55,93,94,259552
1.8768,0.2053,38.62,93,94,259555
1.8866,0.2102,38.55,93,94,259558
1.8964,0.2053,38.62,93,94,259562
1.9208,0.2151,38.36,93,94,259565
1.8719,0.2151,38.62,93,94,259568
1.8817,0.1906,38.62,93,94,259572
1.8915,0.2151,38.55,93,94,259575
1.8817,0.2053,38.62,93,94,259578
1.9404,0.2248,38.36,93,94,259581
1.9062,0.2102,38.49,93,94,259586
1.9159,0.2053,38.55,93,94,259589
1.9062,0.2102,38.62,93,94,259592
1.9110,0.2004,38.62,93,94,259596
1.9746,0.2151,38.43,93,94,259599
1.9501,0.2395,38.55,93,94,259602
2.0039,0.2004,38.49,93,94,259606
1.9599,0.2102,38.58,93,94,259609
1.9746,0.2053,38.65,93,94,259612
2.0039,0.2199,38.46,93,94,259616
1.9746,0.1906,38.58,93,94,259619
1.9795,0.2102,38.46,93,94,259622
1.9355,0.2102,38.62,93,94,259625
1.9159,0.2053,38.62,93,94,259630
1.9013,0.2102,38.55,93,94,259633
1.8719,0.2004,38.62,93,94,259636
1.8817,0.2102,38.49,93,94,259640
1.8475,0.2004,38.58,93,94,259643
1.8377,0.2053,38.62,93,94,259646
1.8475,0.2151,38.52,93,94,259650
1.8133,0.2102,38.62,93,94,259653
1.8377,0.2102,38.40,93,94,259656
1.8084,0.2151,38.46,93,94,259659
1.7840,0.2004,38.62,93,94,259663
1.7937,0.2151,38.62,93,94,259666
1.7742,0.2151,38.62,93,94,259670
1.8133,0.1906,38.33,93,94,259674
1.7693,0.2102,38.55,93,94,259677
1.7693,0.1906,38.65,93,94,259680
1.7791,0.2102,38.68,93,94,259684
1.7742,0.2053,38.58,93,94,259687
1.8280,0.2248,38.36,93,94,259690
1.7889,0.2102,38.46,93,94,259694
1.7889,0.2199,38.55,93,94,259697
1.7889,0.2102,38.62,93,94,259700
1.7937,0.2053,38.62,93,94,259703
1.8426,0.2199,38.49,93,94,259707
1.8280,0.2102,38.58,93,94,259710
1.8475,0.2053,38.52,93,94,259714
1.8622,0.2151,38.62,93,94,259718
1.9062,0.2053,38.62,93,94,259721
2.0039,0.2151,38.49,93,94,259724
2.0723,0.1906,38.58,93,94,259728
2.2239,0.2102,38.46,93,94,259731
2.3607,0.2053,38.84,93,94,259734
2.5660,0.2053,38.65,93,94,259737
2.8397,0.2199,38.52,93,94,259741
3.0352,0.2151,38.62,93,94,259744
3.2356,0.2102,38.46,93,94,259747
3.2111,0.2053,38.58,93,94,259751
3.0743,0.2053,38.65,93,94,259755
2.8201,0.2102,38.52,93,94,259758
2.4976,0.2053,38.65,93,94,259762
2.2874,0.2102,38.40,93,94,259765
1.9795,0.2053,38.62,93,94,259768
1.7889,0.2395,38.62,93,94,259771
1.6520,0.2151,38.58,93,94,259775
1.5200,0.2053,38.62,93,94,259778
1.4809,0.2199,38.36,93,94,259781
1.4223,0.2102,38.55,93,94,259785
1.3881,0.2053,38.62,93,94,259788
1.3832,0.2102,38.58,93,94,259791
1.3783,0.2053,38.62,93,94,259795
1.4321,0.2297,38.30,93,94,259799
1.4223,0.2102,38.52,93,94,259802
1.4321,0.2004,38.58,93,94,259806
1.4516,0.2151,38.62,93,94,259809
1.4712,0.2053,38.58,93,94,259812
1.5298,0.2199,38.49,93,94,259815
1.5494,0.2151,38.58,93,94,259819
1.5396,0.2053,38.58,93,94,259822
1.5543,0.2053,38.62,93,94,259825
1.5738,0.2004,38.62,93,94,259829
1.6080,0.2151,38.40,93,94,259832
1.5982,0.2053,38.62,93,94,259835
1.6325,0.2151,38.46,93,94,259840
1.6178,0.2053,38.58,93,94,259843
1.6276,0.2102,38.58,93,94,259846
1.6667,0.2199,38.49,93,94,259850
1.6471,0.2102,38.65,93,94,259853
1.6813,0.2053,38.49,93,94,259856
1.6667,0.2053,38.65,93,94,259859
1.6764,0.2053,38.62,93,94,259863
1.7009,0.2102,38.46,93,94,259866
1.6911,0.2053,38.84,93,94,259869
1.7302,0.2444,38.43,93,94,259873
1.7107,0.2053,38.55,93,94,259876
1.7107,0.2053,38.81,93,94,259879
1.7253,0.2151,38.55,93,94,259884
1.7155,0.2053,38.62,93,94,259887
1.7595,0.2151,38.33,93,94,259890
1.7204,0.2102,38.55,93,94,259894
1.7253,0.2053,38.52,93,94,259897
1.7351,0.2053,38.58,93,94,259900
1.7302,0.2053,38.71,93,94,259903
1.7840,0.2444,38.49,93,94,259907
1.7400,0.2102,38.58,93,94,259910
1.7351,0.2053,38.52,93,94,259913
1.7302,0.2151,38.65,93,94,259917
1.7400,0.2053,38.62,93,94,259920
1.7742,0.2151,38.84,93,94,259923
1.7693,0.2102,38.58,93,94,259928
1.7742,0.2102,38.52,93,94,259931
1.7546,0.2102,38.62,93,94,259934
1.7546,0.2053,38.62,93,94,259938
1.7889,0.2151,38.49,93,94,259941
1.7742,0.2102,38.58,93,94,259944
1.7986,0.2151,38.49,93,94,259947
1.7693,0.2053,38.62,93,94,259951
1.7644,0.2004,38.65,93,94,259954
1.7791,0.2102,38.52,93,94,259957
1.7791,0.2053,38.62,93,94,259961
1.8377,0.2053,38.49,93,94,259964
1.7840,0.2053,38.58,93,94,259968
1.7889,0.2053,38.58,93,94,259972
1.8084,0.2151,38.55,93,94,259975
1.7937,0.2053,38.49,93,94,259978
1.8377,0.2151,38.43,93,94,259981
1.8133,0.2102,38.55,93,94,259985
1.8133,0.2053,38.62,93,94,259988
1.8280,0.2102,38.55,93,94,259991
1.8182,0.2053,38.81,93,94,259995
1.8719,0.2248,38.30,93,94,259998
1.8426,0.2102,38.49,93,94,260001
1.8426,0.2004,38.55,93,94,260005
1.8524,0.2102,38.62,93,94,260008
1.8622,0.2053,38.62,93,94,260012
1.9208,0.2248,38.43,93,94,260016
1.9208,0.2151,38.55,93,94,260019
1.8915,0.2053,38.52,93,94,260022
1.8768,0.2102,38.62,93,94,260025
1.8768,0.2053,38.62,93,94,260029
1.9013,0.2199,38.52,93,94,260032
1.8768,0.2102,38.62,93,94,260035
1.8915,0.2199,38.49,93,94,260039
1.8719,0.2053,38.58,93,94,260042
1.8719,0.2102,38.62,93,94,260045
1.9062,0.2102,38.46,93,94,260049
1.8524,0.2151,38.49,93,94,260054
1.8377,0.2053,38.58,93,94,260058
1.8817,0.2151,38.36,93,94,260061
1.8524,0.2102,38.58,93,94,260064
1.8426,0.2444,38.62,93,94,260068
1.8524,0.2151,38.58,93,94,260071
1.8426,0.2053,38.62,93,94,260074
1.8915,0.2297,38.30,93,94,260078
1.8426,0.2053,38.55,93,94,260081
1.8280,0.2004,38.65,93,94,260084
1.8231,0.2151,38.68,93,94,260087
1.8182,0.2053,38.81,93,94,260091
1.8719,0.2248,38.43,93,94,260094
1.8377,0.2151,38.55,93,94,260098
1.8182,0.2053,38.49,93,94,260102
1.7937,0.2151,38.62,93,94,260105
1.7693,0.2053,38.68,93,94,260108
1.7937,0.2151,38.43,93,94,260112
1.7595,0.2102,38.55,93,94,260115
1.7791,0.2297,38.46,93,94,260118
1.7644,0.2102,38.68,93,94,260122
1.7693,0.2053,38.58,93,94,260125
1.7986,0.2151,38.52,93,94,260128
1.7840,0.2102,38.62,93,94,260131
1.8182,0.2151,38.52,93,94,260135
1.7937,0.2004,38.58,93,94,260139
1.7937,0.2053,38.62,93,94,260142
1.8035,0.2151,38.55,93,94,260146
1.8084,0.2102,38.62,93,94,260149
1.8328,0.2102,38.40,93,94,260152
1.8035,0.2151,38.62,93,94,260156
1.8475,0.2004,38.58,93,94,260159
1.8426,0.2151,38.55,93,94,260162
1.8377,0.2004,38.62,93,94,260166
1.8915,0.2151,38.36,93,94,260169
1.8671,0.2444,38.55,93,94,260172
1.8475,0.2004,38.68,93,94,260175
1.8475,0.2151,38.62,93,94,260179
1.8280,0.2102,38.62,93,94,260183
1.8768,0.2297,38.36,93,94,260186
1.8475,0.2199,38.49,93,94,260190
1.8475,0.2053,38.55,93,94,260193
1.8524,0.2102,38.77,93,94,260196
1.8475,0.2102,38.62,93,94,260200
1.8866,0.2151,38.46,93,94,260203
1.8524,0.2199,38.58,93,94,260206
1.8573,0.2102,38.55,93,94,260210
1.8475,0.2102,38.62,93,94,260213
1.8671,0.2102,38.62,93,94,260216
1.8866,0.2151,38.55,93,94,260219
1.8866,0.2102,38.58,93,94,260224
1.9257,0.2151,38.49,93,94,260227
1.8964,0.2151,38.62,93,94,260230
1.9110,0.2053,38.62,93,94,260234
1.9501,0.2151,38.46,93,94,260237
1.9453,0.2151,38.62,93,94,260240
1.9941,0.2102,38.49,93,94,260244
1.9892,0.2248,38.52,93,94,260247
1.9844,0.2004,38.62,93,94,260250
1.9844,0.2395,38.52,93,94,260254
1.9306,0.2102,38.65,93,94,260257
1.9355,0.2102,38.15,93,94,260260
1.8768,0.2248,37.77,93,94,260263
1.8475,0.2395,38.68,93,94,260268
1.8475,0.2102,38.58,93,94,260271
1.8280,0.2053,38.62,93,94,260274
1.8768,0.2199,38.27,93,94,260278
1.8231,0.2053,38.52,93,94,260281
1.8133,0.2004,38.62,93,94,260284
1.7986,0.2053,38.62,93,94,260288
1.7889,0.2053,38.65,93,94,260291
1.8280,0.2590,38.43,93,94,260294
1.7840,0.2102,38.55,93,94,260297
1.7693,0.2004,38.52,93,94,260301
1.7595,0.2102,38.77,93,94,260304
1.7693,0.2102,38.62,93,94,260307
1.8133,0.2199,38.43,93,94,260312
1.7791,0.2395,38.58,93,94,260315
1.7937,0.2102,38.49,93,94,260318
1.7644,0.2102,38.62,93,94,260322
1.7644,0.2053,38.62,93,94,260325
1.8035,0.2199,38.52,93,94,260328
1.7986,0.2102,38.62,93,94,260332
1.8280,0.2199,38.49,93,94,260335
1.7889,0.2053,38.58,93,94,260338
1.7889,0.2053,38.68,93,94,260341
1.8035,0.2102,38.52,93,94,260345
1.8084,0.2053,38.62,93,94,260348
1.8671,0.2102,38.46,93,94,260352
1.8915,0.2151,38.62,93,94,260356
1.9844,0.2053,38.62,93,94,260359
2.1310,0.2199,38.77,93,94,260362
2.2776,0.2004,38.65,93,94,260366
2.5562,0.2151,38.36,93,94,260369
2.7810,0.2102,38.49,93,94,260372
3.0108,0.2102,38.65,93,94,260375
3.2307,0.1906,38.55,93,94,260379
3.2796,0.2053,38.62,93,94,260382
3.2698,0.2151,38.36,93,94,260385
2.9619,0.2102,38.52,93,94,260389
2.6344,0.2053,38.65,93,94,260392
2.3314,0.2053,38.68,93,94,260396
2.0528,0.2053,38.62,93,94,260400
1.8768,0.2248,38.46,93,94,260403
1.6520,0.2199,38.55,93,94,260406
1.5298,0.2053,38.52,93,94,260410
1.4321,0.2102,38.62,93,94,260413
1.3832,0.2053,38.62,93,94,260416
1.3734,0.2248,38.49,93,94,260419
1.3441,0.2102,38.58,93,94,260423
1.3636,0.2102,38.55,93,94,260426
1.3636,0.2102,38.71,93,94,260429
1.3881,0.2053,38.62,93,94,260433
1.4223,0.1906,38.46,93,94,260436
1.4223,0.2151,38.52,93,94,260440
1.4761,0.2102,38.52,93,94,260444
1.4712,0.2053,38.58,93,94,260447
1.4858,0.2151,38.62,93,94,260450
1.5103,0.2102,38.55,93,94,260454
1.5103,0.2053,38.58,93,94,260457
1.5494,0.2053,38.43,93,94,260460
1.5494,0.2102,38.52,93,94,260463
1.5640,0.2102,38.62,93,94,260467
1.6178,0.2151,38.55,93,94,260470
1.5934,0.2053,38.62,93,94,260473
1.6422,0.2151,38.36,93,94,260477
1.6080,0.2053,38.55,93,94,260481
1.6178,0.2053,38.68,93,94,260484
1.6227,0.2444,38.62,93,94,260488
1.6325,0.2102,38.62,93,94,260491
1.6911,0.2493,38.33,93,94,260494
1.6716,0.2151,38.62,93,94,260498
1.6667,0.2053,38.55,93,94,260501
1.6667,0.2102,38.62,93,94,260504
1.6667,0.2053,38.68,93,94,260507
1.7107,0.2199,38.49,93,94,260511
1.6960,0.2151,38.55,93,94,260514
1.7155,0.2102,38.52,93,94,260517
1.7009,0.2053,38.58,93,94,260521
1.6960,0.2102,38.62,93,94,260525
1.7204,0.2151,38.49,93,94,260528
1.7009,0.2151,38.58,93,94,260532
1.7546,0.2151,38.46,93,94,260535
1.6960,0.2102,38.62,93,94,260538
1.7009,0.2151,38.62,93,94,260542
1.7155,0.2102,38.52,93,94,260545
1.7155,0.2102,38.58,93,94,260548
1.7546,0.2004,38.55,93,94,260551
1.7253,0.2102,38.58,93,94,260555
1.7302,0.2004,38.62,93,94,260558
1.7400,0.2151,38.55,93,94,260561
1.7253,0.2346,38.65,93,94,260566
1.7693,0.2102,38.40,93,94,260569
1.7449,0.2102,38.49,93,94,260572
1.7302,0.2053,38.71,93,94,260576
1.7498,0.2151,38.52,93,94,260579
1.7351,0.2102,38.62,93,94,260582
1.7937,0.2199,38.33,93,94,260585
1.7546,0.2102,38.52,93,94,260589
1.7595,0.2053,38.62,93,94,260592
1.7595,0.2199,38.62,93,94,260595
1.7595,0.2102,38.62,93,94,260599
1.8133,0.2297,38.40,93,94,260602
1.7644,0.2151,38.55,93,94,260605
1.7595,0.2053,38.58,93,94,260610
1.7595,0.2053,38.68,93,94,260613
1.7742,0.2102,38.62,93,94,260616
1.8280,0.2199,38.49,93,94,260620
1.8084,0.2102,38.62,93,94,260623
1.8328,0.1906,38.52,93,94,260626
1.8231,0.2297,38.68,93,94,260630
1.8280,0.1906,38.58,93,94,260633
1.8622,0.2151,38.49,93,94,260636
1.8475,0.2102,38.62,93,94,260639
1.8768,0.2151,38.58,93,94,260643
1.8426,0.2395,38.58,93,94,260646
1.8719,0.2004,38.62,93,94,260649
1.8622,0.2102,38.49,93,94,260654
1.8475,0.2102,38.58,93,94,260657
1.8964,0.2102,38.43,93,94,260660
1.9013,0.2199,38.33,93,94,260665
1.8671,0.2053,38.55,93,94,260668
1.8768,0.2053,38.58,93,94,260672
1.8719,0.2199,38.58,93,94,260675
1.8524,0.2102,38.62,93,94,260678
1.9062,0.2199,38.40,93,94,260682
1.8768,0.2151,38.55,93,94,260685
1.8524,0.2053,38.55,93,94,260688
1.8768,0.2151,38.62,93,94,260691
1.8671,0.2102,38.81,93,94,260696
1.9062,0.2151,38.43,93,94,260699
1.8768,0.2102,38.33,93,94,260702
1.8671,0.2102,38.49,93,94,260706
1.8328,0.2102,38.62,93,94,260709
1.8377,0.2102,38.62,93,94,260712
1.8622,0.2248,38.49,93,94,260716
1.8475,0.2102,38.58,93,94,260719
1.8622,0.2151,38.52,93,94,260722
1.8231,0.2053,38.68,93,94,260726
1.8035,0.2053,38.62,93,94,260729
1.7937,0.2151,38.90,93,94,260732
1.7791,0.2248,38.62,93,94,260736
1.8280,0.2102,38.46,93,94,260740
1.8035,0.2102,38.71,93,94,260743
1.8377,0.2004,38.62,93,94,260746
1.9062,0.2102,38.49,93,94,260750
1.8426,0.2102,38.46,93,94,260753
1.8671,0.2248,38.36,93,94,260756
1.8377,0.2102,38.49,93,94,260760
1.8182,0.2053,38.62,93,94,260763
1.8426,0.2151,38.55,93,94,260766
1.8280,0.2102,38.68,93,94,260769
1.8768,0.2199,38.30,93,94,260773
1.8377,0.2102,38.49,93,94,260776
1.8182,0.2053,38.71,93,94,260780
1.8231,0.2199,38.62,93,94,260784
1.8231,0.2102,38.55,93,94,260787
1.8866,0.2248,38.40,93,94,260790
1.8377,0.2102,38.58,93,94,260794
1.8328,0.2053,38.52,93,94,260797
1.8377,0.2102,38.58,93,94,260800
1.8377,0.2102,38.62,93,94,260804
1.8622,0.2199,38.52,93,94,260807
1.8817,0.2151,38.58,93,94,260810
1.8768,0.2102,38.49,93,94,260813
1.8622,0.2053,38.58,93,94,260817
1.8719,0.2004,38.62,93,94,260820
1.9013,0.2151,38.46,93,94,260824
1.9013,0.2346,38.58,93,94,260828
1.9208,0.2151,38.49,93,94,260831
1.8768,0.2053,38.52,93,94,260834
1.8719,0.2151,38.62,93,94,260838
1.8915,0.2102,38.65,93,94,260841
1.8719,0.2053,38.62,93,94,260844
1.9062,0.2102,38.40,93,94,260848
1.9013,0.2102,38.52,93,94,260851
1.9110,0.2102,38.62,93,94,260854
1.9306,0.2151,38.55,93,94,260857
1.9306,0.2102,38.65,93,94,260861
1.9941,0.2444,38.27,93,94,260865
1.9648,0.2053,38.55,93,94,260868
1.9746,0.2102,38.81,93,94,260872
1.9892,0.2151,38.58,93,94,260875
1.9648,0.2102,38.52,93,94,260878
1.9941,0.2151,38.33,93,94,260882
1.9355,0.2151,38.52,93,94,260885
1.9110,0.2053,38.62,93,94,260888
1.9013,0.2102,38.58,93,94,260892
1.8817,0.2102,38.62,93,94,260895
1.9257,0.2248,38.43,93,94,260898
1.9013,0.2151,38.58,93,94,260901
1.8964,0.2102,38.52,93,94,260905
1.8719,0.2102,38.62,93,94,260909
1.8475,0.2102,38.62,93,94,260912
1.8573,0.2199,38.49,93,94,260916
1.8280,0.1906,38.58,93,94,260919
1.8377,0.2102,38.49,93,94,260922
1.7986,0.2248,38.62,93,94,260926
1.7791,0.2102,38.62,93,94,260929
1.7840,0.2102,38.52,93,94,260932
1.7791,0.2199,38.62,93,94,260935
1.8035,0.1906,38.52,93,94,260939
1.7498,0.2102,38.84,93,94,260942
1.7546,0.2102,38.62,93,94,260945
1.7986,0.2151,38.49,93,94,260950
1.7937,0.2151,38.58,93,94,260953
1.8426,0.2102,38.40,93,94,260956
1.8280,0.2102,38.40,93,94,260960
1.8133,0.2199,38.62,93,94,260963
1.8377,0.2199,38.55,93,94,260966
1.8280,0.2102,38.71,93,94,260970
1.8817,0.2199,38.33,93,94,260973
1.8377,0.2102,38.52,93,94,260976
1.8524,0.2102,38.49,93,94,260979
1.9257,0.2151,38.58,93,94,260983
1.9990,0.2102,38.68,93,94,260986
2.1701,0.2297,38.33,93,94,260989
2.2776,0.2151,38.52,93,94,260994
2.4731,0.2053,38.55,93,94,260997
2.7126,0.2102,38.62,93,94,261000
2.9765,0.2102,38.71,93,94,261004
3.2845,0.2248,38.49,93,94,261007
3.3773,0.2102,38.58,93,94,261010
3.3578,0.2102,38.43,93,94,261014
3.0938,0.1906,38.62,93,94,261017
2.7517,0.2004,38.62,93,94,261020
2.4487,0.2199,38.43,93,94,261023
2.1017,0.2151,38.58,93,94,261027
1.8573,0.2102,38.49,93,94,261030
1.6373,0.2102,38.58,93,94,261033
1.5103,0.2053,38.62,93,94,261038
1.4272,0.2151,38.49,93,94,261041
1.3441,0.2151,38.62,93,94,261044
1.3343,0.2102,38.46,93,94,261048
1.3001,0.2102,38.55,93,94,261051
1.3099,0.2102,38.58,93,94,261054
1.3392,0.2199,38.49,93,94,261057
1.3685,0.2102,38.58,93,94,261061
1.4272,0.2102,38.40,93,94,261064
1.4174,0.2004,38.58,93,94,261067
1.4467,0.2102,38.62,93,94,261071
1.4761,0.2151,38.58,93,94,261074
1.4858,0.2102,38.62,93,94,261078
1.5347,0.2199,38.36,93,94,261082
1.5103,0.2151,38.52,93,94,261085
1.5200,0.2053,38.62,93,94,261088
1.5445,0.2102,38.62,93,94,261092
1.5494,0.2151,38.62,93,94,261095
1.6178,0.2297,38.55,93,94,261098
1.6031,0.2151,38.55,93,94,261101
1.5982,0.2102,38.58,93,94,261105
1.5885,0.2102,38.58,93,94,261108
1.5836,0.2004,38.62,93,94,261111
1.6276,0.2199,38.52,93,94,261115
1.6178,0.2493,38.55,93,94,261118
1.6325,0.2102,38.49,93,94,261122
1.6129,0.2102,38.68,93,94,261126
1.6227,0.2102,38.62,93,94,261129
1.6325,0.2151,38.62,93,94,261132
1.6227,0.2151,38.62,93,94,261136
1.6471,0.2199,38.52,93,94,261139
1.6422,0.2053,38.62,93,94,261142
1.6667,0.2053,38.62,93,94,261146
1.7009,0.2151,38.52,93,94,261149
1.6911,0.2102,38.68,93,94,261152
1.7107,0.2102,38.46,93,94,261155
1.6911,0.2297,38.49,93,94,261159
1.6862,0.2102,38.68,93,94,261163
1.7058,0.2199,38.55,93,94,261166
1.6862,0.2102,38.62,93,94,261170
1.7204,0.2199,38.36,93,94,261173
1.6862,0.2053,38.52,93,94,261176
1.6813,0.2004,38.62,93,94,261180
1.6911,0.2151,38.58,93,94,261183
1.6813,0.2102,38.58,93,94,261186
1.7449,0.2248,38.33,93,94,261189
1.7204,0.2102,38.58,93,94,261193
1.7155,0.2053,38.55,93,94,261196
1.7400,0.2102,38.62,93,94,261199
1.7107,0.2102,38.71,93,94,261203
1.7498,0.2297,38.46,93,94,261207
1.7058,0.2102,38.58,93,94,261210
1.7204,0.2102,38.71,93,94,261214
1.7058,0.2151,38.62,93,94,261217
1.7058,0.2102,38.62,93,94,261220
1.7546,0.2199,38.46,93,94,261224
1.7302,0.2151,38.58,93,94,261227
1.7498,0.2151,38.46,93,94,261230
1.7253,0.2102,38.62,93,94,261233
1.7302,0.2004,38.62,93,94,261237
1.7644,0.2151,38.49,93,94,261240
1.7498,0.2151,38.62,93,94,261243
1.7840,0.2102,38.49,93,94,261248
1.7546,0.2053,38.62,93,94,261251
1.7595,0.2004,38.58,93,94,261254
1.8035,0.2102,38.52,93,94,261258
1.7644,0.2102,38.65,93,94,261261
1.8084,0.2151,38.40,93,94,261264
1.7986,0.1906,38.62,93,94,261268
1.8084,0.2102,38.62,93,94,261271
1.8328,0.2151,38.58,93,95,261274
1.8524,0.2053,38.62,93,95,261279
1.8475,0.2102,38.62,93,95,261282
1.8866,0.2199,38.43,93,95,261285
1.8524,0.2151,38.58,93,95,261289
1.8426,0.2102,38.52,93,95,261293
1.8328,0.2346,38.62,93,95,261296
1.8328,0.2102,38.62,93,95,261300
1.8671,0.2199,38.46,93,95,261303
1.8524,0.2102,38.62,93,95,261306
1.8671,0.2102,38.46,93,95,261310
1.8280,0.2102,38.62,93,95,261313
1.8133,0.2102,38.62,93,95,261316
1.8182,0.2102,38.52,93,95,261320
1.8084,0.2102,38.58,93,95,261323
1.8280,0.2102,38.49,93,95,261326
1.7937,0.2004,38.62,93,95,261329
1.7937,0.2102,38.62,93,95,261334
1.8280,0.2199,38.55,93,95,261337
1.7986,0.1906,38.62,93,95,261340
1.8328,0.2151,38.40,93,95,261344
1.7986,0.2102,38.46,93,95,261347
1.7742,0.2151,38.68,93,95,261350
1.7889,0.2199,38.49,93,95,261354
1.7644,0.2004,38.62,93,95,261357
1.8084,0.2199,38.40,93,95,261360
1.7644,0.2102,38.49,93,95,261364
1.7595,0.2151,38.68,93,95,261367
1.7595,0.2151,38.65,93,95,261370
1.7498,0.2248,38.62,93,95,261373
1.7986,0.2297,38.43,93,95,261378
1.7498,0.2199,38.52,93,95,261381
1.7644,0.2004,38.55,93,95,261384
1.7400,0.2102,38.62,93,95,261388
1.7400,0.2151,38.68,93,95,261391
1.7791,0.2248,38.52,93,95,261394
1.7546,0.2151,38.52,93,95,261398
1.7644,0.2151,38.49,93,95,261401
1.7595,0.2346,38.62,93,95,261404
1.7693,0.2102,38.62,93,95,261408
1.8035,0.2199,38.40,93,95,261411
1.7791,0.2151,38.62,93,95,261414
1.8035,0.2199,38.49,93,95,261417
1.7840,0.2053,38.65,93,95,261422
1.7840,0.2346,38.58,93,95,261425
1.7986,0.2151,38.49,93,95,261428
1.7889,0.2395,38.65,93,95,261432
1.8133,0.2199,38.43,93,95,261435
1.7937,0.2102,38.62,93,95,261438
1.7937,0.2004,38.62,93,95,261442
1.8084,0.2199,38.55,93,95,261445
1.7937,0.2102,38.62,93,95,261448
1.8280,0.2151,38.40,93,95,261452
1.7889,0.2053,38.58,93,95,261455
1.7889,0.2102,38.68,93,95,261458
1.8035,0.2151,38.55,93,95,261462
1.7937,0.2102,38.62,93,95,261466
1.8475,0.2493,38.30,93,95,261469
1.8280,0.2151,38.49,93,95,261472
1.8182,0.2053,38.58,93,95,261476
1.8280,0.2151,38.62,93,95,261479
1.8328,0.2102,38.62,93,95,261482
1.8915,0.2248,38.40,93,95,261486
1.8622,0.2102,38.55,93,95,261489
1.8622,0.2102,38.52,93,95,261492
1.8573,0.2102,38.58,93,95,261496
1.8671,0.2151,38.62,93,95,261499
1.9159,0.2199,38.55,93,95,261502
1.9355,0.2151,38.58,93,95,261506
1.9257,0.2102,38.46,93,95,261510
1.8915,0.2102,38.62,93,95,261513
1.8817,0.2102,38.65,93,95,261516
1.8719,0.2151,38.55,93,95,261520
1.8524,0.2151,38.58,93,95,261523
1.8573,0.2102,38.49,93,95,261526
1.8084,0.2102,38.62,93,95,261530
1.7937,0.2102,38.68,93,95,261533
1.8035,0.2151,38.49,93,95,261536
1.7693,0.2102,37.99,93,95,261540
1.7840,0.2542,38.40,93,95,261543
1.7937,0.2151,38.52,93,95,261547
1.7400,0.2102,38.62,93,95,261550
1.7498,0.2297,38.55,93,95,261554
1.7253,0.2102,38.62,93,95,261557
1.7546,0.2199,38.40,93,95,261560
1.7253,0.2151,38.52,93,95,261564
1.7204,0.2102,38.65,93,95,261567
1.7302,0.2395,38.58,93,95,261570
1.7400,0.2102,38.62,93,95,261574
1.7791,0.2297,38.36,93,95,261577
1.7351,0.2151,38.52,93,95,261580
1.7351,0.2102,38.55,93,95,261584
1.7302,0.2199,38.62,93,95,261587
1.7302,0.2102,38.62,93,95,261591
1.7595,0.2248,38.49,93,95,261595
1.7302,0.2102,38.58,93,95,261598
1.7351,0.2102,38.49,93,95,261601
1.7400,0.2199,38.62,93,95,261604
1.7693,0.2151,38.62,93,95,261608
1.8328,0.2199,38.46,93,95,261611
1.8426,0.2102,38.58,93,95,261614
1.9453,0.2199,37.87,93,95,261618
2.0137,0.2053,38.62,93,95,261621
2.1457,0.2102,38.62,93,95,261624
2.3607,0.2151,38.52,93,95,261628
2.5660,0.2151,38.62,93,95,261632
2.8495,0.2102,38.43,93,95,261635
3.0547,0.2102,38.77,93,95,261638
3.2160,0.2346,38.68,93,95,261642
3.2796,0.2199,38.52,93,95,261645
3.0987,0.2102,38.68,93,95,261648
2.8690,0.2151,38.36,93,95,261652
2.4780,0.2053,38.58,93,95,261655
2.1701,0.2102,38.62,93,95,261658
1.9208,0.2297,38.58,93,95,261662
1.7009,0.1906,38.65,93,95,261665
1.5885,0.2199,38.33,93,95,261668
1.4467,0.2151,38.68,93,95,261671
1.3636,0.2004,38.68,93,95,261676
1.3294,0.2151,38.58,93,95,261679
1.3050,0.2346,38.65,93,95,261682
1.3392,0.2199,38.43,93,95,261686
1.3245,0.2199,38.52,93,95,261689
1.3441,0.2151,38.55,93,95,261692
1.3783,0.2102,38.62,93,95,261696
1.4027,0.2102,38.52,93,95,261699
1.4516,0.2151,38.46,93,95,261702
1.4565,0.2151,38.58,93,95,261706
1.4858,0.2199,38.49,93,95,261709
1.4907,0.2102,38.62,93,95,261712
1.5054,0.2102,38.68,93,95,261716
1.5591,0.2151,38.55,93,95,261720
1.5347,0.2102,38.21,93,95,261723
1.5640,0.2199,38.46,93,95,261726
1.5494,0.2102,38.58,93,95,261730
1.5640,0.2102,38.65,93,95,261733
1.5934,0.2248,38.49,93,95,261736
1.5787,0.2102,38.68,93,95,261740
1.6080,0.2151,38.40,93,95,261743
1.6178,0.2151,38.52,93,95,261746
1.6031,0.2102,38.62,93,95,261750
1.6227,0.2102,38.52,93,95,261753
1.6129,0.2102,38.62,93,95,261756
1.6569,0.2199,38.36,93,95,261760
1.6373,0.1906,38.55,93,95,261764
1.6325,0.2102,38.71,93,95,261767
1.6471,0.2151,38.68,93,95,261770
1.6422,0.2102,38.62,93,95,261774
1.6911,0.2297,38.33,93,95,261777
1.6618,0.2151,38.52,93,95,261780
1.6618,0.2053,38.55,93,95,261784
1.6960,0.2151,38.62,93,95,261787
1.6716,0.2102,38.55,93,95,261790
1.7107,0.2248,38.49,93,95,261794
1.6911,0.2151,38.58,93,95,261797
1.7009,0.2395,38.49,93,95,261800
1.6862,0.2102,38.62,93,95,261805
1.6862,0.2102,38.62,93,95,261808
1.7204,0.2248,38.43,93,95,261811
1.7009,0.2151,38.65,93,95,261814
1.7253,0.2199,38.49,93,95,261818
1.6960,0.2199,38.62,93,95,261821
1.7107,0.2102,38.62,93,95,261824
1.7302,0.2248,38.55,93,95,261828
1.7204,0.2102,38.62,93,95,261831
1.7449,0.2151,38.46,93,95,261834
1.7204,0.2102,38.58,93,95,261838
1.7253,0.2102,38.62,93,95,261841
1.7498,0.2151,38.52,93,95,261844
1.7351,0.2151,38.62,93,95,261849
1.7791,0.2151,38.36,93,95,261852
1.7498,0.2004,38.62,93,95,261855
1.7546,0.2102,38.58,93,95,261858
1.7644,0.2444,38.58,93,95,261862
1.7644,0.2102,38.62,93,95,261865
1.8182,0.2199,38.30,93,95,261868
1.7937,0.2151,38.55,93,95,261872
1.7791,0.2053,38.58,93,95,261875
1.7986,0.2151,38.58,93,95,261878
1.7889,0.2102,38.58,93,95,261882
1.8426,0.2297,38.40,93,95,261885
1.8377,0.2248,38.49,93,95,261890
1.8573,0.2151,38.65,93,95,261893
1.8622,0.2199,38.52,93,95,261896
1.8377,0.2053,38.65,93,95,261900
1.8524,0.1906,38.62,93,95,261903
1.8671,0.2151,38.58,93,95,261906
1.8622,0.2151,38.65,93,95,261910
1.8915,0.2151,38.46,93,95,261913
1.8719,0.2151,38.62,93,95,261916
1.8768,0.2102,38.74,93,95,261919
1.8915,0.2444,38.55,93,95,261923
1.8671,0.2102,38.62,93,95,261926
1.9110,0.2542,38.36,93,95,261929
1.8866,0.2102,38.52,93,95,261934
1.8671,0.2102,38.65,93,95,261937
1.8817,0.2151,38.33,93,95,261940
1.8524,0.2102,38.62,93,95,261944
1.9013,0.2297,38.33,93,95,261947
1.8573,0.2102,38.49,93,95,261950
1.8377,0.2053,38.62,93,95,261954
1.8377,0.2053,38.62,93,95,261957
1.8182,0.2151,38.62,93,95,261960
1.8622,0.2248,38.49,93,95,261963
1.8328,0.1906,38.55,93,95,261967
1.8280,0.2102,37.74,93,95,261970
1.8084,0.2297,38.62,93,95,261974
1.8035,0.2102,38.62,93,95,261978
1.8280,0.2199,38.58,93,95,261981
1.8084,0.2151,38.58,93,95,261984
1.8231,0.2151,38.46,93,95,261988
1.8280,0.2151,38.62,93,95,261991
1.8035,0.2151,38.62,93,95,261994
1.8231,0.2248,38.46,93,95,261998
1.7986,0.2102,38.62,93,95,262001
1.8182,0.2151,38.46,93,95,262004
1.7986,0.2102,38.52,93,95,262008
1.7937,0.2102,38.62,93,95,262011
1.8280,0.2199,38.49,93,95,262014
1.7986,0.2102,38.62,93,95,262018
1.8377,0.2151,38.40,93,95,262022
1.8231,0.2102,38.58,93,95,262025
1.8084,0.2102,38.65,93,95,262028
1.8182,0.2151,38.62,93,95,262032
1.7986,0.2102,38.62,93,95,262035
1.8475,0.2199,38.40,93,95,262038
1.8035,0.2199,38.52,93,95,262042
1.8035,0.2102,38.62,93,95,262045
1.8084,0.2151,38.58,93,95,262048
1.8035,0.2199,38.62,93,95,262052
1.8719,0.2297,38.43,93,95,262055
1.8426,0.2199,38.43,93,95,262059
1.8328,0.2151,38.55,93,95,262062
1.8328,0.2151,38.90,93,95,262066
1.8328,0.2151,38.68,93,95,262069
1.8719,0.2248,38.46,93,95,262072
1.8475,0.2151,38.55,93,95,262076
1.8671,0.2151,38.49,93,95,262079
1.8475,0.2102,38.65,93,95,262082
1.8768,0.2151,38.62,93,95,262086
1.8768,0.2248,38.43,93,95,262089
1.8524,0.2248,38.58,93,95,262092
1.8817,0.2248,38.52,93,95,262096
1.8524,0.2102,38.68,93,95,262099
1.8524,0.2151,38.68,93,95,262103
1.8671,0.2151,38.49,93,95,262106
1.8573,0.2102,38.52,93,95,262110
1.8866,0.2151,38.40,93,95,262113
1.8671,0.2102,38.62,93,95,262116
1.8768,0.2053,38.62,93,95,262120
1.9013,0.2199,38.49,93,95,262123
1.8866,0.2102,38.62,93,95,262126
1.9501,0.2102,38.36,93,95,262130
1.9404,0.2151,37.74,93,95,262133
1.9355,0.2102,38.65,93,95,262136
1.9550,0.2151,38.65,93,95,262140
1.9453,0.2102,38.62,93,95,262144
1.9941,0.2346,38.36,93,95,262147
1.9453,0.2151,38.52,93,95,262150
1.9208,0.2004,38.55,93,95,262154
1.8964,0.2151,38.62,93,95,262157
1.8622,0.2444,38.62,93,95,262160
1.8817,0.2199,38.46,93,95,262164
1.8377,0.2151,38.46,93,95,262167
1.8377,0.2102,38.52,93,95,262170
1.8133,0.2102,38.71,93,95,262174
1.8084,0.2151,38.62,93,95,262177
1.8182,0.2199,38.62,93,95,262180
1.7889,0.2493,38.58,93,95,262184
1.8280,0.2199,38.46,93,95,262188
1.7546,0.2102,38.58,93,95,262191
1.7498,0.2248,38.62,93,95,262195
1.7742,0.2199,38.58,93,95,262198
1.7449,0.2151,38.62,93,95,262201
1.7693,0.2151,38.43,93,95,262204
1.7546,0.2102,38.49,93,95,262208
1.7840,0.2102,38.62,93,95,262211
1.7742,0.2395,38.49,93,95,262214
1.7546,0.2151,38.62,93,95,262218
1.7937,0.2199,38.40,93,95,262221
1.7644,0.2151,38.62,93,95,262224
1.7595,0.2102,38.58,93,95,262228
1.7693,0.2151,38.58,93,95,262232
1.7693,0.2151,38.58,93,95,262235
1.8328,0.2248,38.30,93,95,262239
1.8182,0.2151,38.52,93,95,262242
1.8524,0.2053,38.58,93,95,262245
1.8964,0.2151,38.58,93,95,262248
1.9892,0.2151,38.68,93,95,262252
2.1114,0.2297,38.43,93,95,262255
2.2043,0.2444,38.55,93,95,262258
2.3705,0.2102,38.52,93,95,262262
2.5758,0.2151,38.62,93,95,262265
2.8104,0.2102,38.62,93,95,262268
3.0938,0.2199,38.43,93,95,262273
3.2111,0.2493,38.62,93,95,262276
3.2600,0.2102,38.49,93,95,262279
3.0792,0.2102,38.62,93,95,262283
2.8006,0.2102,38.81,93,95,262286
2.5269,0.2248,38.52,93,95,262289
2.2190,0.2151,38.62,93,95,262292
1.9990,0.2199,38.58,93,95,262296
1.7791,0.2444,38.58,93,95,262299
1.6080,0.2102,38.62,93,95,262302
1.5054,0.2151,38.52,93,95,262306
1.4174,0.2151,38.68,93,95,262309
1.3881,0.1906,38.43,93,95,262312
1.3392,0.2102,38.58,93,95,262317
1.3294,0.2151,38.62,93,95,262320
1.3392,0.2199,37.99,93,95,262323
1.3441,0.2199,38.62,93,95,262327
1.3978,0.2199,38.43,93,95,262330
1.3978,0.2199,38.52,93,95,262333
1.4321,0.2151,38.62,93,95,262336
1.4272,0.2102,38.62,93,95,262340
1.4370,0.1906,38.62,93,95,262343
1.5005,0.2297,38.43,93,95,262346
1.4907,0.2151,38.49,93,95,262350
1.5103,0.2102,38.55,93,95,262353
1.5347,0.2151,38.58,93,95,262356
1.5445,0.2151,38.62,93,95,262361
1.5885,0.2248,37.71,93,95,262364
1.5738,0.2151,38.58,93,95,262367
1.5934,0.2151,38.49,93,95,262371
1.5836,0.2639,38.62,93,95,262374
1.5885,0.2102,38.65,93,95,262377
1.6178,0.2199,38.55,93,95,262380
1.6031,0.2151,38.62,93,95,262384
1.6325,0.2199,38.46,93,95,262387
1.6129,0.2151,38.62,93,95,262390
1.6227,0.2102,38.65,93,95,262394
1.6569,0.2199,38.40,93,95,262397
1.6764,0.2151,38.62,93,95,262401
1.6716,0.2151,38.43,93,95,262405
1.6569,0.2493,38.55,93,95,262408
1.6667,0.2248,38.62,93,95,262411
1.6813,0.2199,38.52,93,95,262415
1.6716,0.2199,38.68,93,95,262418
1.7107,0.2199,38.33,93,95,262421
1.6911,0.2248,38.52,93,95,262424
1.7009,0.2102,38.62,93,95,262428
1.7058,0.2151,38.58,93,95,262431
1.6911,0.2102,38.68,93,95,262434
1.7400,0.2248,38.30,93,95,262438
1.7058,0.2151,38.52,93,95,262441
1.7058,0.2102,37.80,93,95,262445
1.7058,0.2151,38.65,93,95,262449
1.7009,0.2102,38.62,93,95,262452
1.7546,0.2297,38.46,93,95,262455
1.7155,0.2199,38.62,93,95,262458
1.7253,0.2151,38.55,93,95,262462
1.7253,0.2151,38.58,93,95,262465
1.7498,0.2151,38.62,93,95,262468
1.7644,0.2199,38.65,93,95,262472
1.7742,0.2151,38.58,93,95,262475
1.7595,0.2151,38.46,93,95,262478
1.7351,0.2199,38.68,93,95,262482
1.7400,0.2102,38.62,93,95,262486
1.7644,0.2248,38.52,93,95,262489
1.7449,0.2151,38.58,93,95,262493
1.7791,0.2102,38.52,93,95,262496
1.7498,0.2102,38.46,93,95,262499
1.7546,0.2102,38.62,93,95,262503
1.7693,0.2102,38.62,93,95,262506
1.7937,0.2102,38.55,93,95,262510
1.7840,0.2102,38.68,93,95,262513
1.8377,0.2248,38.30,93,95,262516
1.8182,0.1906,38.55,93,95,262519
1.8182,0.2102,38.62,93,95,262523
1.8328,0.2151,38.58,93,95,262526
1.8377,0.2102,38.62,93,95,262530
1.8964,0.2493,38.40,93,95,262534
1.8671,0.2199,38.52,93,95,262537
1.8573,0.2102,38.77,93,95,262540
1.8671,0.2151,38.58,93,95,262544
1.8524,0.2102,38.62,93,95,262547
1.8866,0.2199,38.46,93,95,262550
1.8719,0.2248,38.58,93,95,262554
1.8768,0.2151,38.52,93,95,262557
1.8524,0.2151,38.55,93,95,262560
1.8524,0.2102,38.65,93,95,262563
1.8719,0.2151,38.52,93,95,262567
1.8573,0.2199,38.58,93,95,262571
1.8817,0.2199,38.58,93,95,262574
1.8573,0.2102,38.58,93,95,262578
1.8573,0.2102,38.62,93,95,262581
1.8719,0.2542,38.55,93,95,262584
1.8475,0.2151,38.68,93,95,262588
1.8719,0.2151,38.36,93,95,262591
1.8426,0.2151,38.49,93,95,262594
1.8328,0.2102,38.58,93,95,262598
1.8573,0.2199,38.52,93,95,262601
1.8377,0.2102,38.62,93,95,262604
1.8817,0.2199,38.36,93,95,262607
1.8475,0.1906,38.52,93,95,262611
1.8377,0.2102,38.68,93,95,262615
1.8426,0.2199,38.55,93,95,262618
1.8475,0.2151,38.62,93,95,262622
1.8866,0.2297,38.36,93,95,262625
1.8377,0.2151,38.52,93,95,262628
1.8231,0.2102,38.62,93,95,262632
1.8231,0.2248,38.58,93,95,262635
1.8182,0.2102,38.62,93,95,262638
1.8475,0.2248,38.55,93,95,262642
1.8475,0.2199,38.55,93,95,262645
1.8133,0.2151,38.55,93,95,262648
1.7986,0.2151,38.62,93,95,262652
1.8035,0.2102,38.62,93,95,262656
1.8426,0.2199,38.43,93,95,262659
1.8280,0.2151,38.58,93,95,262662
1.8475,0.2199,38.46,93,95,262666
1.8231,0.2151,38.62,93,95,262669
1.8280,0.2102,38.62,93,95,262672
1.8475,0.2151,38.46,93,95,262676
1.8328,0.2151,38.62,93,95,262679
1.8622,0.2151,38.49,93,95,262682
1.8328,0.2346,38.55,93,95,262686
1.8328,0.2102,38.65,93,95,262689
1.8475,0.2590,38.49,93,95,262692
1.8622,0.2102,38.58,93,95,262696
1.8768,0.2199,38.36,93,95,262700
1.8377,0.2053,38.58,93,95,262703
1.8475,0.2151,38.65,93,95,262706
1.8622,0.2199,38.55,93,95,262710
1.8426,0.2102,38.62,93,95,262713
1.8915,0.2297,38.33,93,95,262716
1.8671,0.2199,38.49,93,95,262720
1.8573,0.2102,38.58,93,95,262723
1.8622,0.2199,38.68,93,95,262726
1.8817,0.2151,38.68,93,95,262730
1.9110,0.2297,38.71,93,95,262733
1.8817,0.2151,38.55,93,95,262736
1.8817,0.2102,38.43,93,95,262740
1.8768,0.2248,38.62,93,95,262744
1.8768,0.2102,38.62,93,95,262747
1.9208,0.2199,38.43,93,95,262750
1.9208,0.2199,38.58,93,95,262754
1.9404,0.2199,38.46,93,95,262757
1.9208,0.2151,38.65,93,95,262760
1.9257,0.2102,38.62,93,95,262764
1.9501,0.2151,38.52,93,95,262767
1.9501,0.2151,38.62,93,95,262770
1.9892,0.2102,38.49,93,95,262774
1.9501,0.2151,38.62,93,95,262777
1.9648,0.1906,38.62,93,95,262780
1.9599,0.2199,38.49,93,95,262785
1.9159,0.2151,38.68,93,95,262788
1.9257,0.2151,38.40,93,95,262791
1.8768,0.2151,38.58,93,95,262794
1.8475,0.2151,38.62,93,95,262798
1.8524,0.2199,38.46,93,95,262801
1.8231,0.2151,38.62,93,95,262804
1.8573,0.2199,38.33,93,95,262808
1.8084,0.2151,38.55,93,95,262811
1.7986,0.2102,38.62,93,95,262814
1.7889,0.2199,38.58,93,95,262818
1.7742,0.2199,38.58,93,95,262821
1.8182,0.2102,38.36,93,95,262824
1.7693,0.2199,38.55,93,95,262829
1.7889,0.2102,38.52,93,95,262832
1.7546,0.2151,38.62,93,95,262835
1.7449,0.2151,38.62,93,95,262838
1.7889,0.2248,38.36,93,95,262842
1.7595,0.2151,38.55,93,95,262845
1.7644,0.2102,38.52,93,95,262848
1.7546,0.2151,38.62,93,95,262852
1.7644,0.2102,38.62,93,95,262855
1.7986,0.2248,38.55,93,95,262858
1.7742,0.2151,38.62,93,95,262862
1.8035,0.2199,38.49,93,95,262865
1.7742,0.2053,38.58,93,95,262868
1.7791,0.2102,38.58,93,95,262873
1.8231,0.2199,38.43,93,95,262876
1.8377,0.2151,38.68,93,95,262879
1.9110,0.2151,38.46,93,95,262883
1.9404,0.2151,38.52,93,95,262886
2.0235,0.2102,38.62,93,95,262889
2.1603,0.2248,38.65,93,95,262892
2.2972,0.2151,38.62,93,95,262896
2.5464,0.2102,38.36,93,95,262899
2.7224,0.2151,38.77,93,95,262902
2.9619,0.2199,38.65,93,95,262906
3.1769,0.2151,38.58,93,95,262909
3.2502,0.2053,38.58,93,95,262913
3.2747,0.2346,38.36,93,95,262917
2.9961,0.2102,38.55,93,95,262920
2.6784,0.2102,38.62,93,95,262923
2.3900,0.2151,38.62,93,95,262926
2.1212,0.2151,38.62,93,95,262930
1.9550,0.2297,38.40,93,95,262933
1.7498,0.2199,38.58,93,95,262936
1.6129,0.2102,38.52,93,95,262940
1.5152,0.2151,38.62,93,95,262943
1.4663,0.1906,38.62,93,95,262946
1.4565,0.2199,38.46,93,95,262950
1.4272,0.2102,38.58,93,95,262953
1.4370,0.2151,38.58,93,95,262957
1.4272,0.2053,38.62,93,95,262961
1.4516,0.2102,38.71,93,95,262964
1.4761,0.2151,38.55,93,95,262967
1.4858,0.2151,38.62,93,95,262971
1.5200,0.2151,38.49,93,95,262974
1.5103,0.2102,38.62,93,95,262977
1.5298,0.2102,38.74,93,95,262980
1.5689,0.2248,38.49,93,95,262984
1.5738,0.2151,38.49,93,95,262987
1.6227,0.2151,38.40,93,95,262990
1.6178,0.2199,38.52,93,95,262994
1.6178,0.2102,38.62,93,95,262998
1.6422,0.2199,38.58,93,95,263001
1.6325,0.2102,38.77,93,95,263005
1.6862,0.2248,38.33,93,95,263008
1.6618,0.2151,38.52,93,95,263011
1.6569,0.2199,38.58,93,95,263015
1.6667,0.2151,38.58,93,95,263018
1.6618,0.2102,38.65,93,95,263021
1.7155,0.2248,38.43,93,95,263024
1.6764,0.2199,38.62,93,95,263028
1.6813,0.2102,38.55,93,95,263031
1.6813,0.2151,38.58,93,95,263034
1.6911,0.2151,38.62,93,95,263038
1.7253,0.2248,38.52,93,95,263042
1.7107,0.2151,38.77,93,95,263045
1.7351,0.2248,38.46,93,95,263049
1.7204,0.2151,38.68,93,95,263052
1.7302,0.2102,38.65,93,95,263055
1.7937,0.2102,38.46,93,95,263059
1.7400,0.2151,38.58,93,95,263062
1.7595,0.2297,38.49,93,95,263065
1.7253,0.2102,38.58,93,95,263069
1.7253,0.2102,38.65,93,95,263072
1.7449,0.2199,38.49,93,95,263075
1.7351,0.2102,38.58,93,95,263078
1.7693,0.2151,38.40,93,95,263083
1.7498,0.2151,38.55,93,95,263086
1.7449,0.2102,38.62,93,95,263089
1.7644,0.2444,38.55,93,95,263093
1.7595,0.2102,38.62,93,95,263096
1.8084,0.2248,38.33,93,95,263099
1.7693,0.2151,38.55,93,95,263103
1.7693,0.2102,38.65,93,95,263106
1.7595,0.2542,38.55,93,95,263109
1.7644,0.2151,38.62,93,95,263113
1.7644,0.2102,38.62,93,95,263116
1.7986,0.2248,38.49,93,95,263120
1.7791,0.2151,38.55,93,95,263123
1.7986,0.2151,38.84,93,95,263127
1.7889,0.2151,38.62,93,95,263130
1.8035,0.2102,38.62,93,95,263134
1.8328,0.2248,38.52,93,95,263137
1.8231,0.2151,38.68,93,95,263140
1.8671,0.2151,38.49,93,95,263144
1.8377,0.2102,38.55,93,95,263147
1.8475,0.2102,38.62,93,95,263150
1.8573,0.2151,38.62,93,95,263154
1.8475,0.2151,38.68,93,95,263157
1.8866,0.2151,38.36,93,95,263160
1.8622,0.2102,38.58,93,95,263164
1.8817,0.2102,38.62,93,95,263168
1.9013,0.2248,38.52,93,95,263171
1.8817,0.2151,38.62,93,95,263175
1.9306,0.2248,38.30,93,95,263178
1.9013,0.2151,38.52,93,95,263181
1.8817,0.2102,38.62,93,95,263184
1.8817,0.2151,38.58,93,95,263188
1.8622,0.2102,38.62,93,95,263191
1.9013,0.2297,38.46,93,95,263194
1.8524,0.2248,38.52,93,95,263198
1.8328,0.2102,38.52,93,95,263201
1.8475,0.2102,38.68,93,95,263204
1.8573,0.2102,38.62,93,95,263208
1.8866,0.2248,38.46,93,95,263212
1.8573,0.2151,38.55,93,95,263215
1.8671,0.1906,38.49,93,95,263219
1.8426,0.2151,38.46,93,95,263222
1.8377,0.2151,38.68,93,95,263225
1.8524,0.2199,38.52,93,95,263228
1.8328,0.2199,38.58,93,95,263232
1.8573,0.2248,38.49,93,95,263235
1.8377,0.2199,38.58,93,95,263238
1.8475,0.2151,38.65,93,95,263242
1.8671,0.2199,38.49,93,95,263245
1.8182,0.2151,38.62,93,95,263248
1.8231,0.2151,38.40,93,95,263252
1.7937,0.2102,38.49,93,95,263256
1.7840,0.2102,38.65,93,95,263259
1.7986,0.2199,38.52,93,95,263263
1.7791,0.2151,38.65,93,95,263266
1.8328,0.2199,38.33,93,95,263269
1.8426,0.2102,38.52,93,95,263273
1.8182,0.2102,38.68,93,95,263276
1.8328,0.2248,38.62,93,95,263279
1.8231,0.2102,38.65,93,95,263282
1.8524,0.2297,38.33,93,95,263286
1.8084,0.2151,38.52,93,95,263289
1.8035,0.2102,38.58,93,95,263292
1.8084,0.2199,38.58,93,95,263297
1.8084,0.1906,38.65,93,95,263300
1.8573,0.2297,38.65,93,95,263303
1.8377,0.2248,38.55,93,95,263307
1.8768,0.2151,38.52,93,95,263310
1.8328,0.2151,38.84,93,95,263313
1.8231,0.2151,38.58,93,95,263316
1.8475,0.2248,38.43,93,95,263320
1.8182,0.2199,38.58,93,95,263323
1.8524,0.2151,38.43,93,95,263326
1.8426,0.2151,38.65,93,95,263330
1.8573,0.2199,38.68,93,95,263333
1.8817,0.2199,38.87,93,95,263336
1.8622,0.2151,38.62,93,95,263341
1.8915,0.2151,38.49,93,95,263344
1.8622,0.2102,38.58,93,95,263347
1.8817,0.2151,38.62,93,95,263351
1.8817,0.2199,38.43,93,95,263354
1.8719,0.2248,38.62,93,95,263357
1.9159,0.1906,38.36,93,95,263361
1.8817,0.2151,38.62,93,95,263364
1.8915,0.2102,38.62,93,95,263367
1.9062,0.2199,38.55,93,95,263370
1.8768,0.2151,38.58,93,95,263374
1.9110,0.2248,38.30,93,95,263377
1.8866,0.2199,38.43,93,95,263380
1.8866,0.2102,38.68,93,95,263385
1.9110,0.2199,38.58,93,95,263388
1.9257,0.2102,38.46,93,95,263391
1.9941,0.2199,38.43,93,95,263395
1.9648,0.2199,38.46,93,95,263398
1.9648,0.2151,38.52,93,95,263401
1.9697,0.2151,38.62,93,95,263405
1.9697,0.2151,38.68,93,95,263408
1.9990,0.2248,38.46,93,95,263411
1.9697,0.2151,38.55,93,95,263414
1.9990,0.2151,38.46,93,95,263418
1.9110,0.2199,38.62,93,95,263421
1.8915,0.2199,38.62,93,95,263425
1.8915,0.2151,38.58,93,95,263429
1.8671,0.2151,38.58,93,95,263432
1.9013,0.2102,38.49,93,95,263435
1.8475,0.2151,38.81,93,95,263439
1.8280,0.2199,38.62,93,95,263442
1.8328,0.2248,38.49,93,95,263445
1.7937,0.2444,38.65,93,95,263449
1.8182,0.2151,38.40,93,95,263452
1.7840,0.2151,38.52,93,95,263455
1.7644,0.2102,38.52,93,95,263458
1.7742,0.1906,38.52,93,95,263462
1.7546,0.2151,38.62,93,95,263465
1.7937,0.2248,38.33,93,95,263469
1.7546,0.2151,38.52,93,95,263473
1.7595,0.2151,38.62,93,95,263476
1.7791,0.2199,38.58,93,95,263479
1.7840,0.2151,38.68,93,95,263483
1.8426,0.2297,38.33,93,95,263486
1.8182,0.2151,38.55,93,95,263489
1.8133,0.2151,38.55,93,95,263493
1.8035,0.2151,38.62,93,95,263496
1.7791,0.2151,38.62,93,95,263499
1.8182,0.2297,38.52,93,95,263503
1.8084,0.2151,38.58,93,95,263506
1.8377,0.2199,38.49,93,95,263510
1.8524,0.2151,38.62,93,95,263513
1.8964,0.2102,38.62,93,95,263517
2.0088,0.2248,38.43,93,95,263520
2.0919,0.2297,38.55,93,95,263523
2.2678,0.2248,38.46,93,95,263527
2.4438,0.2102,38.65,93,95,263530
2.6833,0.2151,38.77,93,95,263533
2.9765,0.2199,38.46,93,95,263537
3.1623,0.2151,38.71,93,95,263540
3.3333,0.2151,38.49,93,95,263543
3.2698,0.2102,38.58,93,95,263547
3.0645,0.2151,38.62,93,95,263550
2.7859,0.2248,38.52,93,95,263554
2.4438,0.2151,38.62,93,95,263557
2.1896,0.2199,38.40,93,95,263561
1.9062,0.2151,38.58,93,95,263564
1.7253,0.2102,38.62,93,95,263567
1.5738,0.2199,38.58,93,95,263571
1.4516,0.2151,38.58,93,95,263574
1.4076,0.2248,38.36,93,95,263577
1.3783,0.2102,38.52,93,95,263581
1.3294,0.2102,38.58,93,95,263584
1.3783,0.2199,38.58,93,95,263587
1.3685,0.2151,38.62,93,95,263591
1.4418,0.2297,38.40,93,95,263595
1.4321,0.2199,38.52,93,95,263598
1.4418,0.2151,38.58,93,95,263601
1.4614,0.2151,38.62,93,95,263605
1.4858,0.2102,38.68,93,95,263608
1.5543,0.2297,38.49,93,95,263611
1.5543,0.2151,38.68,93,95,263615
1.5738,0.2199,38.46,93,95,263618
1.5591,0.2102,38.62,93,95,263621
1.5591,0.2102,38.62,93,95,263625
1.5934,0.2102,38.52,93,95,263628
1.5787,0.2151,38.62,93,95,263631
1.6129,0.2151,38.52,93,95,263635
1.5885,0.2151,38.68,93,95,263639
1.6031,0.2151,38.62,93,95,263642
1.6471,0.2199,38.55,93,95,263646
1.6618,0.2151,38.62,93,95,263649
1.7107,0.1906,38.40,93,95,263652
1.6960,0.2199,38.52,93,95,263655
1.6813,0.2102,38.55,93,95,263659
1.6911,0.2199,38.55,93,95,263662
1.6764,0.2102,38.65,93,95,263665
1.7302,0.2248,38.33,93,95,263669
1.7058,0.2151,38.62,93,95,263672
1.7107,0.2151,38.65,93,95,263675
1.7204,0.2199,38.58,93,95,263680
1.7009,0.2102,38.68,93,95,263683
1.7302,0.2346,38.40,93,95,263686
1.6862,0.2199,38.55,93,95,263690
1.6764,0.2102,38.58,93,95,263693
1.6764,0.2199,38.58,93,95,263696
1.6667,0.2102,38.62,93,95,263699
1.7253,0.2248,38.52,93,95,263703
1.7204,0.2151,38.58,93,95,263706
1.7546,0.2151,38.49,93,95,263709
1.7546,0.2102,38.58,93,95,263713
1.7693,0.2199,38.62,93,95,263716
1.7937,0.2248,38.43,93,95,263719
1.7302,0.2199,38.43,93,95,263724
1.7058,0.2151,38.58,93,95,263727
1.7693,0.2102,38.36,93,95,263731
1.7693,0.2151,38.65,93,95,263734
1.7986,0.2199,38.62,93,95,263737
1.8280,0.2199,38.55,93,95,263741
1.8231,0.2151,38.65,93,95,263744
1.8768,0.2248,38.33,93,95,263747
1.8328,0.2151,38.77,93,95,263750
1.8035,0.2151,38.62,93,95,263754
1.7840,0.2151,38.58,93,95,263757
1.7889,0.2151,38.62,93,95,263760
1.8671,0.2297,38.46,93,95,263764
1.8328,0.2151,38.58,93,95,263768
1.8426,0.2102,38.52,93,95,263771
1.8475,0.2151,38.62,93,95,263775
1.8622,0.2102,38.62,93,95,263778
1.9208,0.2248,38.49,93,95,263781
1.8915,0.2199,38.62,93,95,263785
1.8817,0.2151,38.49,93,95,263788
1.8671,0.2199,38.68,93,95,263791
1.8964,0.2102,38.65,93,95,263795
1.9257,0.2297,38.52,93,95,263798
1.9208,0.2151,38.58,93,95,263801
1.9110,0.2199,38.49,93,95,263804
1.8671,0.2151,38.55,93,95,263809
1.8768,0.2102,38.62,93,95,263812
1.9110,0.2151,38.55,93,95,263815
1.9159,0.2151,38.58,93,95,263819
1.9697,0.2199,38.33,93,95,263822
1.9257,0.2102,38.62,93,95,263825
1.9208,0.2102,38.68,93,95,263829
1.9257,0.2395,38.55,93,95,263832
1.8915,0.2151,38.62,93,95,263835
1.9355,0.2248,38.36,93,95,263839
1.8964,0.1906,38.52,93,95,263842
1.8915,0.2151,38.65,93,95,263845
1.9110,0.2151,38.58,93,95,263848
1.9110,0.2151,38.62,93,95,263853
1.9599,0.2444,38.40,93,95,263856
1.9159,0.2199,38.52,93,95,263859
1.8964,0.2102,38.62,93,95,263863
1.8866,0.2199,38.58,93,95,263866
1.8768,0.2151,38.62,93,95,263869
1.9062,0.2248,38.46,93,95,263873
1.8817,0.2151,38.58,93,95,263876
1.8671,0.2151,38.49,93,95,263879
1.8328,0.2542,38.62,93,95,263883
1.8328,0.2151,38.58,93,95,263886
1.8524,0.2199,38.52,93,95,263889
1.8426,0.2151,38.58,93,95,263894
1.8768,0.2199,38.49,93,95,263897
1.8524,0.2151,38.58,93,95,263900
1.8475,0.2151,38.65,93,95,263903
1.8671,0.2248,38.49,93,95,263907
1.8475,0.2297,38.58,93,95,263910
1.8866,0.2151,38.43,93,95,263913
1.8671,0.2151,38.58,93,95,263917
1.8426,0.2053,38.62,93,95,263920
1.8475,0.2248,38.52,93,95,263923
1.8133,0.2102,38.68,93,95,263927
1.8671,0.1906,38.36,93,95,263930
1.8622,0.2151,38.52,93,95,263933
1.8964,0.2102,38.62,93,95,263938
1.8671,0.2199,38.58,93,95,263941
1.8671,0.2151,38.62,93,95,263944
1.9355,0.2346,38.33,93,95,263947
1.9013,0.2248,38.55,93,95,263951
1.8866,0.2151,38.55,93,95,263954
1.8719,0.2151,38.52,93,95,263957
1.8524,0.2102,38.62,93,95,263961
1.9062,0.2297,38.49,93,95,263964
1.9062,0.2248,38.58,93,95,263967
1.9062,0.2151,38.49,93,95,263971
1.8964,0.2151,38.58,93,95,263974
1.8622,0.2102,38.58,93,95,263977
1.8915,0.2199,38.46,93,95,263982
1.8817,0.2151,38.58,93,95,263985
1.9355,0.2248,38.46,93,95,263988
1.9404,0.2151,38.62,93,95,263992
1.9453,0.2151,38.62,93,95,263995
1.9550,0.2199,38.49,93,95,263998
1.9159,0.2151,38.62,93,95,264001
1.9159,0.2493,38.46,93,95,264005
1.8817,0.2151,38.52,93,95,264008
1.8866,0.2102,38.62,93,95,264011
1.9062,0.2102,38.52,93,95,264015
1.8866,0.2151,38.58,93,95,264018
1.9306,0.2199,38.52,93,95,264022
1.9013,0.2102,38.58,93,95,264026
1.9404,0.2102,38.62,93,95,264029
2.0039,0.2199,38.55,93,95,264032
2.0137,0.2151,38.65,93,95,264036
2.0723,0.2248,38.33,93,95,264039
2.0186,0.2199,38.49,93,95,264042
1.9795,0.2151,38.62,93,95,264045
1.9844,0.2199,38.65,93,95,264049
1.9599,0.2102,38.62,93,95,264052
1.9844,0.2297,38.43,93,95,264055
1.9257,0.2444,38.52,93,95,264059
1.8915,0.2151,38.49,93,95,264062
1.8817,0.2151,38.62,93,95,264066
1.8719,0.2151,38.65,93,95,264070
1.9062,0.2248,38.46,93,95,264073
1.8622,0.2151,38.62,93,95,264076
1.8573,0.2199,38.46,93,95,264080
1.8328,0.2151,38.62,93,95,264083
1.8573,0.2151,38.62,93,95,264086
1.8377,0.2151,38.46,93,95,264090
1.8231,0.2151,38.65,93,95,264093
1.8475,0.2151,38.49,93,95,264096
1.8231,0.2151,38.65,93,95,264099
1.8182,0.2151,38.58,93,95,264103
1.8182,0.2248,38.49,93,95,264107
1.7791,0.2151,38.52,93,95,264110
1.8133,0.2248,38.36,93,95,264114
1.8084,0.2199,38.52,93,95,264117
1.8084,0.2102,38.65,93,95,264120
1.8231,0.2102,38.55,93,95,264124
1.8035,0.2151,38.81,93,95,264127
1.8426,0.2199,38.30,93,95,264130
1.8035,0.2151,38.49,93,95,264134
1.8035,0.2102,38.65,93,95,264137
1.8182,0.2151,38.58,93,95,264140
1.8426,0.2151,38.62,93,95,264143
1.9648,0.2297,38.30,93,95,264147
2.0479,0.2199,38.55,93,95,264151
2.1065,0.2102,38.52,93,95,264154
2.2287,0.2151,38.52,93,95,264158
2.3754,0.2151,38.62,93,95,264161
2.6491,0.2248,38.55,93,95,264164
2.8739,0.2688,38.58,93,95,264168
3.1720,0.2102,38.49,93,95,264171
3.3236,0.2151,38.49,93,95,264174
3.3773,0.2151,38.58,93,95,264178
3.3040,0.2248,38.46,93,95,264181
2.9619,0.2151,38.77,93,95,264184
2.6344,0.2199,38.46,93,95,264187
2.2630,0.2102,38.58,93,95,264192
1.9892,0.2102,38.62,93,95,264195
1.7742,0.2151,38.49,93,95,264198
1.5787,0.2102,38.58,93,95,264202
1.4712,0.2151,38.43,93,95,264205
1.3587,0.2102,38.55,93,95,264208
1.3148,0.2102,38.81,93,95,264212
1.3343,0.2199,38.52,93,95,264215
1.3196,0.2151,38.62,93,95,264218
1.3636,0.2199,38.33,93,95,264222
1.3685,0.1906,38.58,93,95,264225
1.4027,0.2102,38.62,93,95,264228
1.4370,0.2248,38.62,93,95,264231
1.4516,0.2102,38.62,93,95,264236
1.5054,0.2248,38.30,93,95,264239
1.4858,0.2151,38.52,93,95,264242
1.5054,0.2151,38.52,93,95,264246
1.5347,0.2151,38.62,93,95,264249
1.5445,0.2151,38.68,93,95,264252
1.6080,0.2248,38.36,93,95,264256
1.6031,0.2199,38.55,93,95,264259
1.6080,0.2151,38.52,93,95,264262
1.6080,0.2151,38.55,93,95,264266
1.6178,0.2151,38.68,93,95,264269
1.6520,0.2248,38.46,93,95,264272
1.6422,0.2199,38.55,93,95,264275
1.6716,0.2102,38.46,93,95,264280
1.6569,0.2151,38.68,93,95,264283
1.6716,0.2102,38.62,93,95,264286
1.6862,0.2151,38.55,93,95,264290
1.6716,0.2151,38.62,93,95,264293
1.6911,0.2151,38.49,93,95,264296
1.6569,0.2199,38.62,93,95,264300
1.6569,0.2102,38.62,93,95,264303
1.6960,0.2199,38.52,93,95,264306
1.6960,0.2102,38.62,93,95,264310
1.7302,0.2199,38.40,93,95,264313
1.7155,0.2151,38.46,93,95,264316
1.7058,0.2151,38.68,93,95,264320
1.7204,0.2199,38.40,93,95,264324
1.7009,0.2102,38.62,93,95,264327
1.7546,0.2248,38.33,93,95,264330
1.7449,0.2248,38.46,93,95,264334
1.7204,0.2199,38.55,93,95,264337
1.7302,0.2151,38.52,93,95,264341
1.7351,0.2199,38.62,93,95,264344
1.7546,0.2151,38.68,93,95,264347
1.7840,0.2199,38.55,93,95,264351
1.7644,0.2151,38.62,93,95,264354
1.7840,0.2151,38.43,93,95,264357
1.7644,0.2151,38.65,93,95,264361
1.7644,0.2102,38.62,93,95,264365
1.7889,0.2102,38.52,93,95,264368
1.7449,0.2199,38.55,93,95,264372
1.7791,0.2102,38.46,93,95,264375
1.7351,0.2102,38.52,93,95,264378
1.7302,0.2151,38.55,93,95,264381
1.7498,0.2199,38.46,93,95,264385
1.7302,0.2151,38.62,93,95,264388
1.7791,0.2248,38.40,93,95,264391
1.7546,0.2199,38.55,93,95,264395
1.7693,0.2151,38.62,93,95,264398
1.7937,0.2199,38.58,93,95,264401
1.7840,0.2199,38.71,93,95,264406
1.8377,0.2248,38.33,93,95,264409
1.7986,0.2151,38.52,93,95,264412
1.8084,0.2053,38.58,93,95,264416
1.8231,0.2151,38.62,93,95,264419
1.8280,0.2151,38.58,93,95,264422
1.8866,0.2297,38.43,93,95,264425
1.8573,0.2199,38.62,93,95,264429
1.8719,0.2395,38.49,93,95,264432
1.8671,0.2151,38.65,93,95,264435
1.8768,0.2151,38.62,93,95,264439
1.9257,0.2248,38.43,93,95,264442
1.9013,0.2199,38.58,93,95,264445
1.9159,0.2151,38.55,93,95,264450
1.8915,0.2151,38.55,93,95,264453
1.8866,0.2151,38.62,93,95,264456
1.9159,0.2199,37.77,93,95,264460
1.8964,0.2444,38.58,93,95,264463
1.9355,0.1906,38.49,93,95,264466
1.8915,0.2102,38.62,93,95,264469
1.8915,0.2102,38.62,93,95,264473
1.8964,0.2151,38.52,93,95,264476
1.8768,0.2151,38.46,93,95,264479
1.8964,0.2151,38.40,93,95,264483
1.8622,0.2151,38.68,93,95,264486
1.8573,0.2199,38.58,93,95,264489
1.8768,0.2248,38.58,93,95,264494
1.8524,0.2151,38.58,93,95,264497
1.8964,0.2199,38.33,93,95,264500
1.8622,0.2199,38.58,93,95,264504
1.8426,0.2151,38.65,93,95,264507
1.8475,0.2199,37.80,93,95,264510
1.8280,0.2102,38.49,93,95,264514
1.8915,0.2395,38.36,93,95,264517
1.8475,0.2199,38.08,93,95,264520
1.8377,0.2102,38.52,93,95,264523
1.8671,0.2151,38.68,93,95,264527
1.8328,0.2151,38.62,93,95,264530
1.8671,0.2444,38.46,93,95,264534
1.8377,0.2199,38.55,93,95,264538
1.8524,0.2102,38.55,93,95,264541
1.8377,0.2199,38.58,93,95,264544
1.8377,0.2151,38.65,93,95,264548
1.8524,0.2248,38.58,93,95,264551
1.8328,0.2151,38.58,93,95,264554
1.8475,0.2199,38.49,93,95,264558
1.8182,0.2151,38.62,93,95,264561
1.8231,0.2151,38.65,93,95,264564
1.8573,0.2199,38.46,93,95,264567
1.8377,0.2151,38.58,93,95,264571
1.8768,0.2151,38.40,93,95,264574
1.8622,0.2151,38.24,93,95,264578
1.8573,0.2151,38.62,93,95,264582
1.8817,0.2248,38.52,93,95,264585
1.8622,0.2151,38.62,93,95,264588
1.9062,0.2199,38.36,93,95,264592
1.8768,0.2199,38.52,93,95,264595
1.8768,0.1906,38.62,93,95,264598
1.8866,0.2199,38.58,93,95,264602
1.8719,0.2199,38.65,93,95,264605
1.9159,0.2102,38.33,93,95,264608
1.8817,0.2493,38.49,93,95,264612
1.9110,0.2102,38.58,93,95,264615
1.8817,0.2151,38.62,93,95,264619
1.8817,0.2199,38.62,93,95,264622
1.9257,0.2297,38.43,93,95,264626
1.9013,0.2199,38.55,93,95,264629
1.8964,0.2248,38.52,93,95,264632
1.8964,0.2151,38.33,93,95,264636
1.9062,0.2151,38.65,93,95,264639
1.9550,0.2248,38.43,93,95,264642
1.9306,0.2151,38.58,93,95,264646
1.9550,0.2102,38.46,93,95,264649
1.9257,0.2151,38.62,93,95,264652
1.9306,0.2102,37.99,93,95,264655
1.9550,0.2151,38.46,93,95,264659
1.9355,0.2102,38.62,93,95,264663
1.9795,0.2151,38.52,93,95,264666
1.9648,0.2053,38.68,93,95,264670
1.9746,0.2102,38.62,93,95,264673
1.9990,0.2151,38.46,93,95,264676
1.9990,0.2102,38.62,93,95,264680
1.9990,0.1906,38.36,93,95,264683
1.9550,0.2493,38.58,93,95,264686
1.9355,0.2102,38.62,93,95,264690
1.9306,0.2199,38.46,93,95,264693
1.8866,0.2151,38.62,93,95,264696
1.9257,0.2199,38.33,93,95,264699
1.8915,0.2199,38.55,93,95,264704
1.8719,0.2102,38.62,93,95,264707
1.8719,0.2199,38.55,93,95,264710
1.8671,0.2199,38.58,93,95,264714
1.9013,0.2297,38.36,93,95,264717
1.8524,0.2199,38.49,93,95,264720
1.8328,0.2151,38.55,93,95,264724
1.8231,0.2151,38.62,93,95,264727
1.8084,0.2053,38.68,93,95,264730
1.8377,0.2248,38.46,93,95,264734
1.8035,0.2151,38.62,93,95,264737
1.8035,0.2151,38.49,93,95,264740
1.7889,0.2151,38.62,93,95,264743
1.7889,0.2346,38.68,93,95,264748
1.8133,0.2199,38.55,93,95,264751
1.7986,0.2151,38.62,93,95,264754
1.8475,0.2102,38.49,93,95,264758
1.8084,0.2151,38.65,93,95,264761
1.8280,0.2151,38.58,93,95,264764
1.8475,0.2199,38.49,93,95,264768
1.8328,0.2248,38.62,93,95,264771
1.8768,0.2151,38.40,93,95,264774
1.8866,0.2151,38.46,93,95,264778
1.9159,0.2199,38.62,93,95,264781
1.9892,0.2248,38.74,93,95,264784
2.0479,0.2248,38.62,93,95,264788
2.2532,0.2199,38.40,93,95,264792
2.3558,0.2151,38.52,93,95,264795
2.5562,0.2346,38.62,93,95,264798
2.8152,0.2151,38.58,93,95,264802
3.0450,0.2102,38.62,93,95,264805
3.3284,0.2248,38.30,93,95,264808
3.3529,0.2151,38.55,93,95,264812
3.2600,0.2053,38.58,93,95,264815
3.0205,0.2151,38.58,93,95,264818
2.6882,0.2102,38.62,93,95,264822
2.4242,0.2297,38.74,93,95,264825
2.0968,0.2199,38.55,93,95,264828
1.8768,0.2151,38.52,93,95,264832
1.6862,0.2199,38.58,93,95,264836
1.5591,0.2151,38.62,93,95,264839
1.5054,0.2199,38.52,93,95,264842
1.4321,0.2199,38.55,93,95,264846
1.4125,0.2151,38.52,93,95,264849
1.3881,0.2102,38.62,93,95,264852
1.3881,0.2102,38.62,93,95,264856
1.4321,0.2248,38.58,93,95,264859
1.4418,0.2151,38.58,93,95,264862
1.4907,0.2151,38.46,93,95,264866
1.4858,0.2151,38.62,93,95,264869
1.5152,0.2102,38.62,93,95,264872
1.5396,0.2151,38.52,93,95,264876
1.5494,0.2199,38.62,93,95,264880
1.5982,0.2102,38.43,93,95,264883
1.5885,0.2151,38.62,93,95,264886
1.6325,0.2102,38.62,93,95,264890
1.6373,0.2199,38.46,93,95,264893
1.6325,0.2102,38.62,93,95,264896
1.6862,0.2199,38.36,93,95,264900
1.6716,0.2199,38.55,93,95,264903
1.6667,0.2151,38.62,93,95,264906
1.6764,0.2151,38.55,93,95,264910
1.6764,0.2102,38.62,93,95,264913
1.7302,0.2297,38.40,93,95,264916
1.7009,0.2199,38.49,93,95,264921
1.6960,0.2053,38.55,93,95,264924
1.7009,0.2151,38.62,93,95,264927
1.6960,0.2053,38.55,93,95,264930
1.7400,0.1906,38.46,93,95,264934
1.7107,0.2151,38.81,93,95,264937
1.7155,0.2151,38.49,93,95,264940
1.6960,0.2102,38.62,93,95,264944
1.7058,0.2102,38.62,93,95,264947
1.7107,0.2102,38.52,93,95,264951
1.7302,0.2151,38.52,93,95,264954
1.7204,0.2102,38.65,93,95,264957
1.7546,0.2102,38.40,93,95,264962
1.7546,0.2102,38.49,93,95,264965
1.7253,0.2102,38.58,93,95,264968
1.7546,0.2248,38.58,93,95,264972
1.7204,0.1906,38.58,93,95,264975
1.7644,0.2199,38.40,93,95,264978
1.7498,0.2151,38.55,93,95,264981
1.7155,0.2102,38.62,93,95,264985
1.7155,0.2151,38.58,93,95,264988
1.7400,0.2102,38.58,93,95,264991
1.7644,0.2297,38.36,93,95,264995
1.7204,0.2151,38.55,93,95,264998
1.7107,0.2102,38.55,93,95,265001
1.7058,0.2102,38.62,93,95,265006
1.7009,0.1906,38.62,93,95,265009
1.7351,0.2248,38.49,93,95,265012
1.7058,0.2199,38.58,93,95,265015
1.7107,0.2151,38.46,93,95,265019
1.6960,0.2102,38.58,93,95,265022
1.6911,0.2053,38.62,93,95,265025
1.7204,0.2199,38.49,93,95,265029
1.6960,0.2297,38.62,93,95,265032
1.7155,0.2199,38.46,93,95,265035
1.7009,0.2102,38.58,93,95,265039
1.7058,0.2102,38.68,93,95,265042
1.7449,0.2151,38.49,93,95,265046
1.7204,0.2102,38.62,93,95,265050
1.7595,0.2102,38.65,93,95,265053
1.7449,0.2102,38.52,93,95,265056
1.7595,0.2102,38.62,93,95,265059
1.7840,0.2151,38.49,93,95,265063
1.7693,0.2199,38.58,93,95,265066
1.8133,0.2151,38.43,93,95,265069
1.7889,0.2004,38.58,93,95,265073
1.8084,0.2102,38.58,93,95,265076
1.8231,0.2151,38.55,93,95,265079
1.8133,0.2102,38.62,93,95,265083
1.8671,0.2199,38.33,93,95,265086
1.8426,0.2151,38.49,93,95,265090
1.8280,0.2053,38.71,93,95,265094
1.8377,0.2199,38.62,93,95,265097
1.8328,0.2102,38.62,93,95,265100
1.8817,0.2297,38.49,93,95,265103
1.8426,0.2248,38.52,93,95,265107
1.8377,0.2102,38.52,93,95,265110
1.8231,0.2102,38.62,93,95,265113
1.8133,0.2102,38.62,93,95,265117
1.8524,0.2199,38.46,93,95,265120
1.8231,0.2151,38.58,93,95,265123
1.8426,0.2102,38.49,93,95,265127
1.8133,0.2102,38.65,93,95,265131
1.8133,0.2151,38.62,93,95,265134
1.8231,0.2151,38.62,93,95,265138
1.8084,0.2102,38.62,93,95,265141
1.8328,0.2151,38.46,93,95,265144
1.8280,0.2102,38.62,93,95,265148
1.8084,0.2102,38.62,93,95,265151
1.8328,0.2199,38.52,93,95,265154
1.8133,0.1906,38.58,93,95,265157
1.8426,0.2151,38.49,93,95,265161
1.8280,0.2151,38.49,93,95,265164
1.8182,0.2053,38.62,93,95,265167
1.8426,0.2151,38.55,93,95,265171
1.8231,0.1906,38.62,93,95,265175
1.8671,0.2199,38.52,93,95,265178
1.8377,0.2102,38.52,93,95,265182
1.8231,0.2102,38.77,93,95,265185
1.8328,0.2199,38.58,93,95,265188
1.8280,0.2102,38.62,93,95,265192
1.8866,0.2297,38.43,93,95,265195
1.8475,0.2151,38.52,93,95,265198
1.8475,0.2053,38.55,93,95,265201
1.8524,0.2346,38.58,93,95,265205
1.8524,0.2102,38.58,93,95,265208
1.8964,0.2248,38.49,93,95,265211
1.8817,0.2102,38.55,93,95,265216
1.8866,0.2102,38.49,93,95,265219
1.8964,0.2102,38.58,93,95,265222
1.8817,0.2102,38.68,93,95,265226
1.9208,0.2199,38.40,93,95,265229
1.8964,0.2102,38.58,93,95,265232
1.9208,0.2199,38.46,93,95,265236
1.8915,0.2151,38.58,93,95,265239
1.9013,0.2102,38.62,93,95,265242
1.9257,0.2151,38.49,93,95,265246
1.9159,0.2102,38.65,93,95,265249
1.9453,0.2102,38.43,93,95,265252
1.9306,0.2102,38.55,93,95,265255
1.9404,0.2102,38.62,93,95,265260
1.9599,0.2151,38.52,93,95,265263
1.9404,0.2102,38.62,93,95,265266
1.9844,0.2151,38.33,93,95,265270
1.9404,0.2053,38.58,93,95,265273
1.9453,0.2102,38.65,93,95,265276
1.9599,0.2248,38.58,93,95,265280
1.9550,0.2102,38.55,93,95,265283
2.0137,0.2248,38.30,93,95,265286
1.9844,0.2151,38.49,93,95,265290
1.9746,0.2053,38.65,93,95,265293
1.9892,0.2102,38.58,93,95,265296
1.9941,0.2102,38.62,93,95,265299
2.0577,0.2199,38.40,93,95,265304
2.0283,0.2151,38.55,93,95,265307
2.0235,0.2053,38.52,93,95,265310
1.9990,0.2102,38.55,93,95,265314
1.9844,0.2004,38.62,93,95,265317
1.9990,0.2199,38.49,93,95,265320
1.9501,0.2102,38.58,93,95,265324
1.9453,0.2151,38.46,93,95,265327
1.8964,0.2102,38.58,93,95,265330
1.8817,0.2199,38.62,93,95,265333
1.9062,0.2102,38.52,93,95,265337
1.8719,0.2102,38.58,93,95,265340
1.8915,0.2102,38.40,93,95,265344
1.8622,0.1906,38.58,93,95,265348
1.8573,0.2053,38.62,93,95,265351
1.8719,0.2248,38.55,93,95,265354
1.8426,0.2102,38.62,93,95,265358
1.8671,0.2102,38.40,93,95,265361
1.8622,0.2102,38.49,93,95,265364
1.8328,0.2102,38.62,93,95,265368
1.8719,0.2102,38.52,93,95,265371
1.8280,0.2102,38.62,93,95,265374
1.8719,0.2199,38.30,93,95,265377
1.8622,0.2151,38.52,93,95,265381
1.8280,0.2102,38.62,93,95,265384
1.8377,0.2102,38.62,93,95,265388
1.8475,0.2102,38.68,93,95,265392
1.8866,0.2297,38.33,93,95,265395
1.8426,0.2199,38.52,93,95,265398
1.8328,0.2053,38.52,93,95,265402
1.8426,0.2102,38.58,93,95,265405
1.8573,0.2053,38.62,93,95,265408
1.9355,0.2248,38.55,93,95,265412
1.9550,0.2151,38.55,93,95,265415
2.0332,0.2102,38.49,93,95,265418
2.1163,0.2102,38.62,93,95,265421
2.2483,0.2102,38.62,93,95,265425
2.4633,0.2199,38.49,93,95,265428
2.6393,0.2151,38.58,93,95,265432
2.9081,0.2151,38.49,93,95,265436
3.0987,0.2053,38.55,93,95,265439
3.2551,0.2102,38.62,93,95,265442
3.3040,0.2102,38.43,93,95,265446
3.1281,0.2102,38.55,93,95,265449
2.8886,0.1955,38.46,93,95,265452
2.5464,0.2053,38.58,93,95,265456
2.2630,0.2053,38.52,93,95,265459
2.0430,0.2199,38.49,93,95,265462
1.8328,0.2053,38.58,93,95,265465
1.7107,0.2151,38.40,93,95,265469
1.5640,0.2053,38.58,93,95,265473
1.4956,0.2004,38.65,93,95,265476
1.4565,0.2151,38.55,93,95,265480
1.4272,0.2102,38.62,93,95,265483
1.4370,0.2199,38.46,93,95,265486
1.4174,0.2199,38.52,93,95,265490
1.4272,0.2053,38.62,93,95,265493
1.4565,0.2151,38.58,93,95,265496
1.4712,0.2053,38.58,93,95,265500
1.5396,0.2297,38.40,93,95,265503
1.5249,0.2151,38.52,93,95,265506
1.5396,0.2053,38.52,93,95,265509
1.5494,0.2102,38.58,93,95,265513
1.5640,0.2004,38.62,93,95,265517
1.6129,0.2199,38.46,93,95,265520
1.6080,0.2102,38.62,93,95,265524
1.6325,0.2199,38.46,93,95,265527
1.6325,0.2102,38.62,93,95,265530
1.6422,0.2151,38.58,93,95,265534
1.6667,0.2151,38.55,93,95,265537
1.6569,0.2102,38.62,93,95,265540
1.6911,0.2151,38.52,93,95,265544
1.6618,0.2199,38.62,93,95,265547
1.6667,0.1906,38.62,93,95,265550
1.6911,0.2151,38.71,93,95,265553
1.7107,0.2151,38.62,93,95,265558
1.7058,0.2053,38.62,93,95,265562
1.7546,0.2199,38.30,93,95,265565
1.7253,0.2004,38.55,93,95,265568
1.7302,0.2053,38.58,93,95,265571
1.7302,0.2102,38.58,93,95,265575
1.7253,0.2053,38.62,93,95,265578
1.7791,0.2199,38.49,93,95,265581
1.7449,0.2102,38.71,93,95,265585
1.7400,0.2053,38.55,93,95,265588
1.7400,0.2102,38.62,93,95,265591
1.7351,0.2053,38.62,93,95,265595
1.7693,0.2199,38.52,93,95,265598
1.7400,0.2102,38.58,93,95,265602
1.7546,0.2102,38.49,93,95,265605
1.7351,0.2004,38.62,93,95,265609
1.7449,0.2053,38.62,93,95,265612
1.7742,0.2199,38.49,93,95,265615
1.7546,0.1906,38.58,93,95,265619
1.7791,0.2151,38.49,93,95,265622
1.7498,0.2151,38.58,93,95,265625
1.7644,0.2053,38.62,93,95,265629
1.7791,0.2395,38.49,93,95,265632
1.7693,0.2102,38.58,93,95,265635
1.7937,0.2102,38.43,93,95,265639
1.7693,0.2102,38.52,93,95,265643
1.7742,0.2151,38.62,93,95,265646
1.7937,0.2151,38.58,93,95,265649
1.7937,0.2346,38.65,93,95,265653
1.8377,0.2151,38.36,93,95,265656
1.7937,0.2053,38.55,93,95,265659
1.8084,0.2053,38.62,93,95,265663
1.8084,0.2102,38.65,93,95,265666
1.8182,0.2053,38.62,93,95,265669
1.8622,0.2297,38.33,93,95,265673
1.8231,0.2102,38.49,93,95,265676
1.8182,0.2053,38.58,93,95,265679
1.8280,0.2102,38.58,93,95,265683
1.8377,0.2102,38.58,93,95,265687
1.8964,0.2297,38.40,93,95,265690
1.8817,0.2102,38.58,93,95,265693
1.8915,0.2102,38.43,93,95,265697
1.8817,0.2053,38.62,93,95,265700
1.8866,0.2102,38.58,93,95,265703
1.9159,0.2151,38.46,93,95,265707
1.9013,0.2151,38.55,93,95,265710
1.9257,0.2102,38.49,93,95,265713
1.8964,0.2102,38.62,93,95,265717
1.8915,0.2053,38.62,93,95,265720
1.9062,0.2102,38.52,93,95,265723
1.8964,0.2151,38.65,93,95,265728
1.9208,0.2102,38.43,93,95,265731
1.8915,0.2102,38.62,93,95,265734
1.8866,0.2053,38.62,93,95,265737
1.9062,0.2151,38.68,93,95,265741
1.8768,0.2151,38.58,93,95,265744
1.9013,0.2102,38.36,93,95,265747
1.8817,0.2102,38.46,93,95,265751
1.8622,0.2151,38.62,93,95,265754
1.8719,0.2151,38.58,93,95,265757
1.8475,0.2004,38.62,93,95,265761
1.8866,0.2151,38.36,93,95,265764
1.8475,0.2151,38.49,93,95,265767
1.8231,0.2053,38.55,93,95,265772
1.8328,0.2102,38.65,93,95,265775
1.8475,0.2151,38.65,93,95,265778
1.8719,0.2248,38.43,93,95,265781
1.8280,0.2248,38.55,93,95,265785
1.8182,0.2053,38.52,93,95,265788
1.8084,0.2102,38.62,93,95,265791
1.8426,0.2053,38.62,93,95,265795
1.8377,0.2199,38.55,93,95,265798
1.8182,0.2297,38.62,93,95,265801
1.8231,0.2102,38.49,93,95,265805
1.7986,0.2199,38.62,93,95,265808
1.7937,0.2004,38.62,93,95,265811
1.8377,0.2199,38.46,93,95,265816
1.8133,0.2053,38.62,93,95,265819
1.8377,0.1906,38.52,93,95,265822
1.8133,0.2004,38.55,93,95,265825
1.8182,0.2102,38.58,93,95,265829
1.8377,0.2102,38.49,93,95,265832
1.8280,0.2053,38.62,93,95,265835
1.8573,0.2395,38.40,93,95,265839
1.8377,0.2102,38.55,93,95,265842
1.8328,0.2053,38.62,93,95,265845
1.8524,0.2151,38.55,93,95,265849
1.8426,0.2102,38.68,93,95,265852
1.8817,0.2151,38.36,93,95,265856
1.8426,0.2053,38.55,93,95,265860
1.8475,0.2053,38.62,93,95,265863
1.8671,0.2151,38.55,93,95,265866
1.8573,0.2102,38.52,93,95,265869
1.9159,0.2248,38.33,93,95,265873
1.8915,0.2151,38.49,93,95,265876
1.8671,0.2004,38.55,93,95,265879
1.8719,0.2151,38.58,93,95,265883
1.8573,0.2053,38.58,93,95,265886
1.9257,0.2199,38.43,93,95,265889
1.8768,0.2151,38.65,93,95,265893
1.8817,0.2199,38.46,93,95,265896
1.8719,0.2102,38.62,93,95,265900
1.8768,0.2102,38.65,93,95,265904
1.9062,0.2248,38.43,93,95,265907
1.8964,0.1906,38.58,93,95,265910
1.9159,0.2102,38.46,93,95,265913
1.8964,0.2102,38.62,93,95,265917
1.9110,0.2053,38.62,93,95,265920
1.9306,0.2102,38.49,93,95,265923
1.9306,0.2102,38.58,93,95,265927
1.9697,0.2053,38.46,93,95,265930
1.9501,0.2102,38.62,93,95,265933
1.9648,0.2053,38.62,93,95,265937
2.0039,0.2151,38.52,93,95,265940
1.9844,0.2102,38.58,93,95,265944
2.0137,0.2102,38.40,93,95,265947
1.9795,0.2053,38.49,93,95,265951
1.9453,0.2053,38.65,93,95,265954
1.9599,0.2248,38.52,93,95,265957
1.9110,0.2102,38.62,93,95,265961
1.9306,0.2151,38.36,93,95,265964
1.8817,0.2102,38.52,93,95,265967
1.8573,0.2053,38.65,93,95,265971
1.8622,0.2102,38.58,93,95,265974
1.8573,0.2053,38.58,93,95,265977
1.8915,0.2297,38.36,93,95,265981
1.8280,0.1906,38.55,93,95,265985
1.8035,0.2053,38.55,93,95,265988
1.7986,0.2102,38.77,93,95,265991
1.7840,0.2053,38.62,93,95,265995
1.8182,0.2199,38.52,93,95,265998
1.7840,0.2102,38.52,93,95,266001
1.7840,0.2199,38.52,93,95,266005
1.7742,0.2102,38.74,93,95,266008
1.7840,0.2102,38.58,93,95,266011
1.8182,0.2199,38.43,93,95,266015
1.7937,0.2102,38.65,93,95,266018
1.8084,0.2151,38.46,93,95,266021
1.7791,0.2102,38.62,93,95,266025
1.7840,0.2053,38.58,93,95,266029
1.8035,0.2102,38.49,93,95,266032
1.7937,0.2102,38.62,93,95,266035
1.8280,0.2102,38.65,93,95,266039
1.8084,0.2053,38.58,93,95,266042
1.8377,0.2102,38.62,93,95,266045
1.8817,0.2102,38.46,93,95,266049
1.9159,0.2151,38.65,93,95,266052
2.0186,0.2151,38.40,93,95,266055
2.0821,0.2102,38.62,93,95,266059
2.2239,0.2004,38.62,93,95,266062
2.4096,0.2151,38.62,93,95,266065
2.6051,0.2102,38.68,93,95,266070
2.9179,0.1906,38.36,93,95,266073
3.0938,0.2102,38.55,93,95,266076
3.2209,0.2053,38.62,93,95,266079
3.2649,0.2102,38.58,93,95,266083
3.1036,0.2102,38.71,93,95,266086
2.9179,0.2297,38.40,93,95,266089
2.5611,0.2151,38.55,93,95,266093
2.2581,0.2053,38.62,93,95,266096
2.0137,0.2053,38.58,93,95,266099
1.8426,0.2004,38.62,93,95,266103
1.6960,0.2199,38.43,93,95,266106
1.5543,0.2151,38.55,93,95,266109
1.4858,0.2102,38.49,93,95,266113
1.4223,0.2102,38.58,93,95,266117
1.3978,0.2053,38.62,93,95,266120
1.3978,0.2151,38.65,93,95,266123
1.3832,0.2199,38.62,93,95,266127
1.4174,0.2151,38.49,93,95,266130
1.4174,0.2102,38.62,93,95,266133
1.4321,0.2102,38.62,93,95,266137
1.4809,0.2199,38.46,93,95,266140
1.4809,0.2102,38.58,93,95,266143
1.5200,0.2102,38.43,93,95,266147
1.5200,0.2102,38.52,93,95,266150
1.5445,0.2297,38.58,93,95,266153
1.5836,0.2151,38.49,93,95,266157
1.5836,0.2102,38.58,93,95,266161
1.6471,0.2199,38.36,93,95,266164
1.7107,0.2297,38.40,93,95,266168
1.6716,0.2151,38.65,93,95,266171
1.6764,0.2053,38.52,93,95,266174
1.6911,0.2102,38.62,93,95,266178
1.6960,0.2102,38.62,93,95,266181
1.7400,0.2248,38.49,93,95,266184
1.7155,0.1906,38.58,93,95,266188
1.7253,0.2102,38.46,93,95,266191
1.7058,0.2102,38.58,93,95,266194
1.7204,0.2053,38.62,93,95,266199
1.7546,0.2199,38.49,93,95,266202
1.7351,0.2102,38.55,93,95,266205
1.7498,0.2151,38.46,93,95,266208
1.7253,0.2102,38.58,93,95,266212
1.7302,0.2053,38.62,93,95,266215
1.7546,0.2151,38.49,93,95,266218
1.7498,0.1906,38.58,93,95,266222
1.7742,0.2102,38.40,93,95,266225
1.7498,0.2102,38.55,93,95,266228
1.7546,0.2053,38.62,93,95,266232
1.7644,0.2346,38.52,93,95,266235
1.7595,0.2053,38.62,93,95,266238
1.7742,0.2151,38.36,93,95,266243
1.7400,0.2053,38.58,93,95,266246
1.7449,0.2151,38.58,93,95,266249
1.7449,0.2151,38.40,93,95,266252
1.7595,0.2102,38.62,93,95,266256
1.7889,0.2199,38.36,93,95,266259
1.7546,0.2102,38.58,93,95,266262
1.7449,0.2151,38.58,93,95,266266
1.7498,0.2151,38.24,93,95,266269
1.7449,0.2102,38.62,93,95,266272
1.8035,0.2248,38.43,93,95,266276
1.7742,0.2395,38.52,93,95,266279
1.7742,0.2053,38.55,93,95,266283
1.7644,0.2102,38.62,93,95,266287
1.7644,0.2151,38.62,93,95,266290
1.7986,0.2199,38.46,93,95,266293
1.7791,0.2102,38.71,93,95,266296
1.7986,0.2346,38.46,93,95,266300
1.7889,0.2102,38.62,93,95,266303
1.7889,0.2004,38.62,93,95,266306
1.8084,0.2102,38.52,93,95,266310
1.7986,0.2102,38.62,93,95,266313
1.8231,0.2639,38.52,93,95,266316
1.7986,0.2102,38.58,93,95,266320
1.8133,0.2102,38.40,93,95,266323
1.8426,0.2151,38.52,93,95,266327
1.8231,0.2102,38.65,93,95,266331
1.8573,0.2102,38.40,93,95,266334
1.8377,0.2102,38.49,93,95,266337
1.8426,0.2053,38.68,93,95,266340
1.8719,0.2151,38.52,93,95,266344
1.8524,0.2102,38.58,93,95,266347
1.9013,0.2199,38.36,93,95,266350
1.8671,0.2102,38.52,93,95,266354
1.8573,0.2102,38.58,93,95,266357
1.8719,0.2151,38.58,93,95,266360
1.8524,0.2053,38.62,93,95,266364
1.9062,0.2297,38.36,93,95,266368
1.8671,0.2102,38.52,93,95,266371
1.8622,0.2053,38.58,93,95,266375
1.8866,0.2102,38.62,93,95,266378
1.8475,0.2053,38.62,93,95,266381
1.8817,0.2248,38.49,93,95,266384
1.8524,0.1906,38.55,93,95,266388
1.8524,0.2102,38.46,93,95,266391
1.8377,0.2102,38.62,93,95,266394
1.8328,0.2102,38.65,93,95,266398
1.8719,0.2151,38.46,93,95,266401
1.8328,0.2102,38.81,93,95,266404
1.8377,0.2199,38.46,93,95,266408
1.7986,0.2053,38.58,93,95,266412
1.7840,0.2053,38.58,93,95,266415
1.8035,0.2151,38.49,93,95,266419
1.8133,0.2053,38.62,93,95,266422
1.8280,0.2102,38.46,93,95,266425
1.8035,0.2102,38.55,93,95,266428
1.8035,0.2346,38.62,93,95,266432
1.8133,0.2151,38.49,93,95,266435
1.7889,0.2102,38.52,93,95,266438
1.8133,0.2199,38.36,93,95,266442
1.7742,0.2053,38.65,93,95,266445
1.7791,0.2248,38.62,93,95,266448
1.8035,0.2199,38.55,93,95,266452
1.8035,0.2102,38.58,93,95,266456
1.8573,0.2199,38.30,93,95,266459
1.8280,0.2151,38.49,93,95,266463
1.8084,0.2053,38.62,93,95,266466
1.8182,0.2102,38.58,93,95,266469
1.8231,0.2102,38.58,93,95,266472
1.8915,0.2297,38.36,93,95,266476
1.8671,0.2199,38.52,93,95,266479
1.8719,0.2053,38.52,93,95,266482
1.8622,0.2151,38.58,93,95,266486
1.8524,0.1906,38.62,93,95,266489
1.8817,0.2199,38.55,93,95,266492
1.8524,0.2151,38.58,93,95,266497
1.8671,0.2102,38.49,93,95,266500
1.8475,0.2053,38.55,93,95,266503
1.8524,0.2102,38.62,93,95,266507
1.8817,0.2199,38.52,93,95,266510
1.8768,0.2102,38.58,93,95,266513
1.9013,0.2199,38.49,93,95,266516
1.8671,0.2151,38.58,93,95,266520
1.8671,0.2102,38.68,93,95,266523
1.8866,0.2199,38.49,93,95,266526
1.8671,0.2151,38.65,93,95,266530
1.8915,0.2102,38.40,93,95,266533
1.8719,0.2346,38.55,93,95,266536
1.8817,0.1906,38.62,93,95,266541
1.9062,0.2199,38.55,93,95,266544
1.8915,0.2004,38.62,93,95,266547
1.9306,0.2151,38.36,93,95,266551
1.8964,0.2346,38.52,93,95,266554
1.9062,0.2053,38.62,93,95,266557
1.9013,0.2151,38.55,93,95,266560
1.8964,0.2004,38.62,93,95,266564
1.9648,0.2102,38.33,93,95,266567
1.9404,0.2102,38.52,93,95,266570
1.9453,0.2053,38.55,93,95,266574
1.9550,0.2102,38.58,93,95,266577
1.9355,0.2102,38.62,93,95,266580
1.9990,0.2248,38.46,93,95,266585
1.9208,0.2151,38.65,93,95,266588
1.8964,0.2102,38.49,93,95,266591
1.8622,0.2102,37.83,93,95,266595
1.8280,0.2102,38.65,93,95,266598
1.8377,0.2199,38.43,93,95,266601
1.7937,0.2102,38.55,93,95,266604
1.7986,0.2248,38.46,93,95,266608
1.7791,0.2102,38.58,93,95,266611
1.7840,0.2102,38.65,93,95,266614
1.8084,0.2151,38.46,93,95,266618
1.7840,0.2102,38.58,93,95,266621
1.8035,0.2102,38.46,93,95,266625
1.7644,0.2053,38.68,93,95,266629
1.7644,0.2199,38.58,93,95,266632
1.7742,0.2102,38.52,93,95,266635
1.7595,0.2102,38.49,93,95,266638
1.7791,0.2102,38.40,93,95,266642
1.7449,0.2102,38.62,93,95,266645
1.7351,0.2102,38.62,93,95,266648
1.7400,0.2199,38.55,93,95,266652
1.7009,0.2102,38.65,93,95,266655
1.7351,0.2199,38.33,93,95,266658
1.7155,0.2151,38.49,93,95,266662
1.7058,0.2102,38.65,93,95,266665
1.7302,0.2102,38.55,93,95,266669
1.7351,0.2102,38.62,93,95,266673
1.8133,0.2395,38.36,93,95,266676
1.8084,0.2102,38.52,93,95,266679
1.8377,0.2053,38.77,93,95,266682
1.8915,0.2151,38.58,93,95,266686
1.9746,0.1906,38.58,93,95,266689
2.1359,0.2199,38.49,93,95,266692
2.2581,0.2053,38.55,93,95,266696
2.4731,0.2102,38.49,93,95,266699
2.6833,0.2102,38.71,93,95,266702
2.9228,0.2004,38.62,93,95,266706
3.1672,0.2199,38.55,93,95,266710
3.2209,0.2199,38.58,93,95,266713
3.1769,0.2248,38.49,93,95,266716
2.9081,0.2102,37.80,93,95,266720
2.6100,0.2102,38.65,93,95,266723
2.3412,0.2199,38.40,93,95,266726
2.0430,0.2151,38.58,93,95,266730
1.8426,0.2151,38.49,93,95,266733
1.6325,0.2053,38.55,93,95,266736
1.5298,0.2053,38.62,93,95,266740
1.4125,0.2151,38.52,93,95,266743
1.3294,0.2151,38.68,93,95,266746
1.3050,0.2151,38.40,93,95,266750
1.2708,0.2102,38.52,93,95,266754
1.2708,0.2151,38.62,93,95,266757
1.3099,0.2151,38.55,93,95,266760
1.3343,0.2102,38.65,93,95,266764
1.3881,0.2199,38.33,93,95,266767
1.3734,0.2102,38.62,93,95,266770
1.3978,0.2102,38.68,93,95,266774
1.4174,0.1906,38.62,93,95,266777
1.5200,0.2102,38.62,93,95,266782
1.5396,0.2102,38.71,93,95,266785
1.5836,0.2199,38.43,93,95,266788
1.5885,0.2151,38.58,93,95,266792
1.6129,0.2199,38.43,93,95,266796
1.6031,0.2102,38.62,93,95,266799
1.6129,0.2102,38.65,93,95,266803
1.6520,0.2151,38.49,93,95,266806
1.6471,0.2102,38.58,93,95,266809
1.6960,0.2102,38.52,93,95,266812
1.6716,0.2053,38.58,93,95,266816
1.6618,0.2102,38.62,93,95,266819
1.6520,0.2151,38.55,93,95,266822
1.6373,0.2151,38.62,93,95,266826
1.6764,0.2151,38.40,93,95,266829
1.6764,0.2004,38.68,93,95,266832
1.7009,0.2102,38.62,93,95,266836
1.6911,0.2151,38.62,93,95,266840
1.6911,0.2151,38.62,93,95,266843
1.7351,0.2199,38.30,93,95,266847
1.7009,0.2248,38.55,93,95,266850
1.6862,0.2004,38.62,93,95,266853
1.6911,0.2151,38.55,93,95,266856
1.6960,0.2151,38.62,93,95,266860
1.7693,0.2297,38.36,93,95,266863
1.7351,0.2248,38.49,93,95,266866
1.7204,0.2053,38.55,93,95,266870
1.7058,0.2102,38.62,93,95,266873
1.7009,0.2102,38.71,93,95,266876
1.7449,0.2248,38.46,93,95,266881
1.7302,0.2151,38.68,93,95,266884
1.7302,0.2102,38.46,93,95,266887
1.7107,0.2151,38.62,93,95,266890
1.7204,0.2102,38.68,93,95,266894
1.7546,0.2297,38.52,93,95,266897
1.7449,0.2151,38.65,93,95,266900
1.7546,0.2102,38.52,93,95,266904
1.7204,0.2151,38.62,93,95,266907
1.7155,0.2102,38.62,93,95,266910
1.7498,0.2199,38.52,93,95,266914
1.7449,0.2102,38.58,93,95,266917
1.7693,0.2102,38.46,93,95,266920
1.7400,0.2151,38.52,93,95,266925
1.7253,0.2102,38.58,93,95,266928
1.7693,0.2199,38.55,93,95,266931
1.7546,0.2151,38.62,93,95,266934
1.8035,0.2151,37.74,93,95,266938
1.8280,0.2151,38.58,93,95,266941
1.8133,0.1906,38.62,93,95,266944
1.8035,0.2151,38.58,93,95,266948
1.7742,0.2151,38.62,93,95,266951
1.8182,0.2199,38.33,93,95,266954
1.7937,0.2151,38.52,93,95,266958
1.8231,0.2053,38.62,93,95,266961
1.8426,0.2102,38.62,93,95,266964
1.8377,0.2102,38.62,93,95,266969
1.8964,0.2297,38.40,93,95,266972
1.8573,0.2151,38.55,93,95,266975
1.8671,0.2102,38.52,93,95,266979
1.9013,0.2151,38.62,93,95,266982
1.8866,0.2102,38.65,93,95,266985
1.9208,0.2297,38.43,93,95,266988
1.8866,0.2151,38.58,93,95,266992
1.8964,0.2151,38.55,93,95,266995
1.8622,0.2102,38.58,93,95,266998
1.8573,0.2102,38.81,93,95,267002
1.8817,0.2248,38.49,93,95,267005
1.8817,0.2102,38.62,93,95,267009
1.9404,0.2151,38.43,93,95,267013
1.9110,0.2151,38.68,93,95,267016
1.8768,0.2102,38.62,93,95,267019
1.8573,0.2199,38.68,93,95,267023
1.8280,0.1906,38.62,93,95,267026
1.8475,0.2151,38.40,93,95,267029
1.8133,0.2151,38.68,93,95,267032
1.8084,0.2102,38.62,93,95,267036
1.8133,0.2199,38.40,93,95,267039
1.7986,0.2102,38.62,93,95,267042
1.8573,0.2199,37.62,93,95,267046
1.8328,0.2542,38.49,93,95,267049
1.8280,0.2151,38.62,93,95,267053
1.8280,0.2151,38.62,93,95,267057
1.8231,0.2102,38.62,93,95,267060
1.8573,0.2297,38.36,93,95,267063
1.8133,0.2199,38.49,93,95,267067
1.7986,0.2053,38.55,93,95,267070
1.7937,0.2102,38.58,93,95,267073
1.7937,0.2151,38.68,93,95,267076
1.8280,0.2199,38.43,93,95,267080
1.7937,0.2102,38.55,93,95,267083
1.7986,0.2151,38.49,93,95,267086
1.7937,0.2102,38.52,93,95,267090
1.8084,0.2151,38.62,93,95,267094
1.8231,0.2199,38.52,93,95,267097
1.7937,0.2151,38.58,93,95,267101
1.8084,0.1906,38.46,93,95,267104
1.7986,0.2346,38.62,93,95,267107
1.8133,0.2004,38.62,93,95,267111
1.8475,0.2199,38.46,93,95,267114
1.8182,0.2102,38.58,93,95,267117
1.8328,0.2102,38.46,93,95,267120
1.8084,0.2102,38.58,93,95,267124
1.8084,0.2102,38.58,93,95,267127
1.8426,0.2199,38.52,93,95,267130
1.8328,0.2102,38.58,93,95,267134
1.8768,0.2151,38.36,93,95,267138
1.8426,0.2151,38.74,93,95,267141
1.8328,0.2151,38.62,93,95,267145
1.8573,0.2151,38.58,93,95,267148
1.8622,0.2053,38.62,93,95,267151
1.9257,0.2199,38.30,93,95,267155
1.8671,0.2248,38.52,93,95,267158
1.8768,0.2053,38.58,93,95,267161
1.8475,0.2102,38.58,93,95,267164
1.8426,0.2102,38.58,93,95,267168
1.9110,0.2248,38.43,93,95,267171
1.8524,0.2199,38.55,93,95,267174
1.8377,0.2102,38.52,93,95,267179
1.8280,0.2102,38.62,93,95,267182
1.8280,0.2102,38.58,93,95,267185
1.8768,0.2248,38.40,93,95,267189
1.8719,0.2151,38.58,93,95,267192
1.9110,0.2151,38.40,93,95,267195
1.9159,0.2199,38.62,93,95,267199
1.9306,0.2053,38.62,93,95,267202
1.9550,0.2444,38.40,93,95,267205
1.9257,0.2151,38.62,93,95,267208
1.9453,0.2102,38.49,93,95,267212
1.9013,0.2102,38.65,93,95,267215
1.8817,0.2102,38.62,93,95,267218
1.8719,0.2151,38.52,93,95,267223
1.8377,0.2102,38.62,93,95,267226
1.8426,0.2151,38.40,93,95,267229
1.7986,0.2102,38.58,93,95,267233
1.7889,0.2102,38.58,93,95,267236
1.7889,0.2199,38.55,93,95,267239
1.7546,0.2151,38.68,93,95,267243
1.7937,0.2199,38.33,93,95,267246
1.7644,0.2151,38.49,93,95,267249
1.7449,0.2102,38.62,93,95,267252
1.7498,0.2151,38.58,93,95,267256
1.7449,0.2151,38.58,93,95,267259
1.7742,0.2297,38.18,93,95,267262
1.7742,0.2102,38.49,93,95,267267
1.7351,0.1906,38.55,93,95,267270
1.7302,0.2102,38.58,93,95,267273
1.7155,0.2199,38.62,93,95,267277
1.7400,0.2199,38.49,93,95,267280
1.7058,0.2151,38.55,93,95,267283
1.7009,0.2102,38.46,93,95,267287
1.6862,0.2151,38.58,93,95,267290
1.6960,0.2102,38.46,93,95,267293
1.7302,0.2248,38.52,93,95,267296
1.7253,0.2151,38.58,93,95,267300
1.7693,0.2151,38.49,93,95,267303
1.7791,0.2102,38.62,93,95,267307
1.8182,0.2102,38.68,93,95,267311
1.9110,0.2395,38.49,93,95,267314
1.9844,0.2102,38.52,93,95,267317
2.1554,0.2395,38.46,93,95,267321
2.3265,0.1906,38.52,93,95,267324
2.5562,0.2102,38.68,93,95,267327
2.8495,0.2151,38.46,93,95,267331
3.0645,0.2102,38.58,93,95,267334
3.2991,0.2151,38.33,93,95,267337
3.2698,0.2102,38.55,93,95,267340
3.1183,0.2102,38.62,93,95,267344
2.8446,0.2199,38.55,93,95,267347
2.4829,0.2102,38.58,93,95,267351
2.2043,0.2199,38.30,93,95,267355
1.8719,0.2151,38.52,93,95,267358
1.6520,0.2004,38.58,93,95,267361
1.4907,0.2102,38.58,93,95,267365
1.3783,0.2102,38.62,93,95,267368
1.3539,0.2297,38.36,93,95,267371
1.2561,0.2151,38.58,93,95,267374
1.2219,0.2102,38.55,93,95,267378
1.2121,0.2053,38.58,93,95,267381
1.2268,0.2102,38.62,93,95,267384
1.2854,0.2199,38.43,93,95,267388
1.4223,0.2151,38.49,93,95,267393
1.4125,0.2102,38.62,93,95,267397
1.4663,0.2102,38.43,93,95,267400
1.5005,0.2004,38.55,93,95,267403
1.4858,0.2102,38.62,93,95,267407
1.5200,0.2151,38.49,93,95,267410
1.5298,0.2102,38.62,93,95,267413
1.5738,0.2151,38.40,93,95,267417
1.5591,0.2199,38.58,93,95,267420
1.5738,0.2102,38.62,93,95,267423
1.5738,0.2151,38.55,93,95,267426
1.5738,0.2102,38.62,93,95,267430
1.6129,0.2199,38.33,93,95,267433
1.5982,0.2102,38.55,93,95,267437
1.6031,0.2102,38.62,93,95,267441
1.6031,0.2346,38.58,93,95,267444
1.6031,0.2102,38.62,93,95,267447
1.6618,0.2297,38.40,93,95,267451
1.6227,0.2248,38.49,93,95,267454
1.6178,0.2151,38.52,93,95,267457
1.6178,0.2102,38.71,93,95,267461
1.6178,0.2199,38.62,93,95,267464
1.6520,0.2199,38.46,93,95,267467
1.6325,0.2151,38.55,93,95,267471
1.6422,0.2102,38.49,93,95,267474
1.6276,0.2102,38.62,93,95,267478
1.6422,0.2102,38.58,93,95,267481
1.6667,0.2151,38.52,93,95,267485
1.6618,0.2151,38.62,93,95,267488
1.6911,0.2199,38.49,93,95,267491
1.6618,0.2151,38.62,93,95,267495
1.6569,0.2053,38.62,93,95,267498
1.6716,0.2542,38.52,93,95,267501
1.6520,0.2102,38.62,93,95,267505
1.6716,0.2151,38.36,93,95,267508
1.6618,0.2151,38.49,93,95,267511
1.6569,0.2102,38.65,93,95,267515
1.6862,0.2199,38.58,93,95,267518
1.6764,0.2102,38.65,93,95,267522
1.7204,0.2248,38.33,93,95,267526
1.6862,0.2102,38.65,93,95,267529
1.6862,0.2102,38.58,93,95,267532
1.6960,0.2151,38.55,93,95,267535
1.6862,0.2102,38.62,93,95,267539
1.7351,0.2297,38.33,93,95,267542
1.6960,0.2199,38.52,93,95,267545
1.6960,0.2053,37.93,93,95,267549
1.6960,0.2346,38.58,93,95,267552
1.6960,0.2102,38.62,93,95,267555
1.7400,0.2248,38.46,93,95,267559
1.7058,0.2395,38.58,93,95,267563
1.7204,0.2151,38.49,93,95,267566
1.7107,0.2102,38.77,93,95,267569
1.7204,0.2102,38.62,93,95,267573
1.7595,0.1906,38.43,93,95,267576
1.7595,0.2151,38.46,93,95,267579
1.7889,0.2199,38.46,93,95,267583
1.7742,0.1906,38.65,93,95,267586
1.7937,0.2102,38.58,93,95,267589
1.8231,0.2151,38.52,93,95,267593
1.8133,0.2102,38.62,93,95,267596
1.8475,0.2102,38.43,93,95,267599
1.8182,0.2102,38.58,93,95,267603
1.8231,0.2102,38.58,93,95,267607
1.8426,0.2151,38.52,93,95,267610
1.8280,0.2199,38.58,93,95,267613
1.8622,0.2151,38.33,93,95,267617
1.8133,0.2102,38.58,93,95,267620
1.8084,0.1906,38.62,93,95,267623
1.8182,0.2199,38.77,93,95,267627
1.7986,0.1906,38.58,93,95,267630
1.8328,0.2199,38.40,93,95,267633
1.8084,0.2199,38.52,93,95,267637
1.7889,0.2151,38.58,93,95,267640
1.7986,0.2151,38.55,93,95,267643
1.7937,0.2151,38.62,93,95,267648
1.8524,0.2297,37.68,93,95,267651
1.8328,0.2151,38.49,93,95,267654
1.8084,0.2102,38.52,93,95,267657
1.7937,0.2102,38.46,93,95,267661
1.7889,0.2151,38.62,93,95,267664
1.8133,0.2199,38.46,93,95,267667
1.7889,0.2151,38.55,93,95,267671
1.7986,0.2151,38.46,93,95,267674
1.7791,0.2395,38.62,93,95,267677
1.7742,0.2102,38.62,93,95,267681
1.7840,0.2590,38.52,93,95,267684
1.7791,0.2151,38.58,93,95,267687
1.7937,0.2199,38.55,93,95,267692
1.7791,0.2151,38.62,93,95,267695
1.7644,0.2102,38.71,93,95,267698
1.7840,0.2297,38.46,93,95,267702
1.7546,0.2102,38.58,93,95,267705
1.7742,0.2151,38.36,93,95,267708
1.7595,0.2151,38.52,93,95,267711
1.7546,0.2151,38.68,93,95,267715
1.7840,0.2199,38.55,93,95,267718
1.7644,0.2102,38.62,93,95,267721
1.8133,0.2297,38.33,93,95,267725
1.7742,0.2102,38.49,93,95,267728
1.7742,0.2102,38.62,93,95,267731
1.8133,0.2248,38.58,93,95,267736
1.7742,0.2102,38.62,93,95,267739
1.8231,0.2297,38.33,93,95,267742
1.7840,0.2151,38.58,93,95,267746
1.7791,0.2102,38.52,93,95,267749
1.8084,0.2151,38.58,93,95,267752
1.7937,0.2102,38.77,93,95,267755
1.8426,0.2248,38.49,93,95,267759
1.8280,0.2151,38.58,93,95,267762
1.8377,0.2151,38.84,93,95,267765
1.8328,0.2151,38.62,93,95,267769
1.8426,0.2346,38.62,93,95,267772
1.8768,0.1906,38.43,93,95,267776
1.8475,0.2151,38.58,93,95,267780
1.8671,0.2248,38.49,93,95,267783
1.8377,0.2053,38.58,93,95,267786
1.8377,0.2102,38.62,93,95,267790
1.8524,0.2151,38.49,93,95,267793
1.8328,0.2102,38.62,93,95,267796
1.8817,0.2151,38.43,93,95,267800
1.8377,0.2151,38.21,93,95,267803
1.8475,0.2102,38.68,93,95,267806
1.8573,0.2199,38.55,93,95,267809
1.8475,0.2297,38.62,93,95,267813
1.9110,0.2102,38.33,93,95,267816
1.8622,0.2102,38.55,93,95,267820
1.8768,0.2151,38.62,93,95,267824
1.8915,0.2199,38.58,93,95,267827
1.8866,0.2053,38.62,93,95,267830
1.9550,0.2297,38.33,93,95,267834
1.9306,0.2151,38.71,93,95,267837
1.9110,0.2004,38.55,93,95,267840
1.9110,0.2151,38.58,93,95,267844
1.8964,0.2102,38.65,93,95,267847
1.9257,0.2248,38.43,93,95,267850
1.8719,0.2199,38.58,93,95,267853
1.8426,0.2395,38.49,93,95,267857
1.8035,0.2102,38.58,93,95,267860
1.7986,0.2102,38.62,93,95,267864
1.8133,0.2395,38.49,93,95,267868
1.7791,0.1906,38.55,93,95,267871
1.7937,0.2151,38.43,93,95,267874
1.7693,0.2151,38.58,93,95,267878
1.7644,0.2102,38.49,93,95,267881
1.7644,0.2053,38.55,93,95,267884
1.7498,0.1906,38.58,93,95,267888
1.7693,0.2102,38.58,93,95,267891
1.7400,0.2151,38.62,93,95,267894
1.7449,0.2102,38.65,93,95,267897
1.7644,0.2199,38.49,93,95,267901
1.7449,0.2102,38.62,93,95,267905
1.7742,0.2199,38.36,93,95,267908
1.7595,0.2151,38.52,93,95,267912
1.7498,0.2102,38.58,93,95,267915
1.7742,0.2199,38.55,93,95,267918
1.7546,0.2102,38.58,93,95,267922
1.8084,0.2444,38.30,93,95,267925
1.7742,0.2102,38.52,93,95,267928
1.7742,0.2102,38.62,93,95,267932
1.7937,0.2151,38.58,93,95,267935
1.8084,0.2102,38.62,93,95,267938
1.8915,0.2297,38.36,93,95,267941
1.8866,0.2151,38.58,93,95,267945
1.9453,0.2102,38.46,93,95,267949
2.0332,0.2151,38.62,93,95,267952
2.1603,0.2102,38.68,93,95,267956
2.3656,0.2297,38.49,93,95,267959
2.5513,0.2102,38.55,93,95,267962
2.8055,0.2151,38.43,93,95,267966
3.0108,0.2102,38.62,93,95,267969
3.1916,0.2102,38.62,93,95,267972
3.2893,0.2199,38.49,93,95,267976
3.1232,0.2102,38.62,93,95,267979
2.8935,0.2199,38.49,93,95,267982
2.5318,0.2102,38.62,93,95,267985
2.2336,0.2151,38.62,93,95,267990
1.9990,0.2199,38.49,93,95,267993
1.7742,0.2199,38.58,93,95,267996
1.6716,0.2102,38.43,93,95,268000
1.3734,0.2102,38.33,93,95,268004
1.3539,0.2102,38.52,93,95,268008
1.3685,0.2102,38.62,93,95,268011
1.3930,0.2151,38.58,93,95,268014
1.4027,0.2151,38.62,93,95,268018
1.4809,0.2297,38.46,93,95,268021
1.4565,0.2199,38.55,93,95,268024
1.4712,0.2444,38.52,93,95,268028
1.4858,0.2151,38.62,93,95,268032
1.5054,0.2199,38.62,93,95,268035
1.5543,0.2199,38.43,93,95,268039
1.5543,0.2248,38.71,93,95,268042
1.5836,0.2151,38.46,93,95,268045
1.5738,0.2102,38.62,93,95,268048
1.5885,0.2199,38.58,93,95,268052
1.6227,0.2248,38.52,93,95,268055
1.6080,0.2102,38.62,93,95,268058
1.6373,0.2199,38.46,93,95,268062
1.6080,0.2151,38.68,93,95,268065
1.6080,0.2102,38.62,93,95,268068
1.6227,0.2151,37.77,93,95,268072
1.6178,0.2151,38.58,93,95,268076
1.6520,0.2151,38.40,93,95,268079
1.6373,0.2151,38.58,93,95,268082
1.6471,0.1906,38.62,93,95,268086
1.6618,0.2199,38.55,93,95,268089
1.6471,0.2102,38.62,93,95,268092
1.6911,0.2199,38.30,93,95,268096
1.6716,0.2151,38.52,93,95,268099
1.6618,0.2102,38.62,93,95,268102
1.6764,0.2151,38.55,93,95,268106
1.6667,0.2102,38.58,93,95,268109
1.7204,0.2297,38.30,93,95,268112
1.7058,0.2151,38.49,93,95,268116
1.6960,0.2053,38.55,93,95,268120
1.7009,0.2151,38.77,93,95,268123
1.6960,0.2151,38.65,93,95,268126
1.7644,0.2199,38.43,93,95,268130
1.7107,0.2199,38.43,93,95,268133
1.7107,0.2053,38.49,93,95,268136
1.7058,0.2151,38.58,93,95,268140
1.7009,0.2102,38.62,93,95,268143
1.7644,0.2248,38.49,93,95,268146
1.7155,0.2151,38.58,93,95,268150
1.7400,0.2151,38.43,93,95,268153
1.7253,0.2151,38.58,93,95,268156
1.7302,0.2102,38.62,93,95,268161
1.7644,0.2199,38.49,93,95,268164
1.7351,0.2102,38.58,93,95,268167
1.7595,0.2639,38.46,93,95,268170
1.7498,0.2102,38.52,93,95,268174
1.7400,0.2102,38.68,93,95,268177
1.7693,0.2102,38.46,93,95,268180
1.7449,0.2102,38.62,93,95,268184
1.7889,0.2151,38.71,93,95,268187
1.7644,0.2151,38.58,93,95,268190
1.7644,0.2102,38.55,93,95,268194
1.7889,0.2151,38.55,93,95,268197
1.7840,0.2102,38.62,93,95,268200
1.8328,0.2248,38.36,93,95,268205
1.7986,0.2102,38.55,93,95,268208
1.7937,0.2102,38.58,93,95,268211
1.8084,0.2199,38.62,93,95,268214
1.8084,0.2102,38.62,93,95,268218
1.8817,0.2297,38.33,93,95,268221
1.8475,0.2199,38.58,93,95,268224
1.8475,0.2102,38.55,93,95,268228
1.8475,0.2346,38.58,93,95,268231
1.8475,0.2151,38.62,93,95,268234
1.8915,0.2199,38.40,93,95,268238
1.8671,0.2248,38.55,93,95,268241
1.8719,0.2151,38.58,93,95,268244
1.8475,0.2151,38.62,93,95,268249
1.8426,0.2102,38.62,93,95,268252
1.8671,0.2199,38.49,93,95,268255
1.8426,0.2151,38.58,93,95,268259
1.8671,0.2199,38.49,93,95,268262
1.8328,0.2102,38.58,93,95,268265
1.8231,0.2102,38.81,93,95,268268
1.8280,0.2151,38.52,93,95,268272
1.8133,0.2151,38.58,93,95,268275
1.8231,0.2151,38.49,93,95,268278
1.7986,0.2151,38.62,93,95,268282
1.7986,0.2102,38.58,93,95,268285
1.8426,0.2248,38.52,93,95,268289
1.7840,0.2102,38.58,93,95,268293
1.8231,0.2151,38.33,93,95,268296
1.7986,0.2151,38.49,93,95,268299
1.7840,0.2102,38.62,93,95,268303
1.7840,0.2199,38.55,93,95,268306
1.7840,0.2102,38.02,93,95,268309
1.8280,0.2297,38.46,93,95,268312
1.7889,0.2199,38.49,93,95,268316
1.7840,0.2053,38.55,93,95,268319
1.7937,0.2102,38.62,93,95,268322
1.8182,0.2102,38.58,93,95,268326
1.8328,0.2297,38.52,93,95,268329
1.7937,0.2151,38.55,93,95,268333
1.8231,0.2102,38.52,93,95,268337
1.7840,0.2151,38.84,93,95,268340
1.7889,0.2151,38.62,93,95,268343
1.8133,0.2199,38.52,93,95,268347
1.7986,0.2199,38.68,93,95,268350
1.8133,0.2151,38.46,93,95,268353
1.8280,0.2151,38.62,93,95,268357
1.8035,0.2102,38.62,93,95,268360
1.8280,0.2248,38.43,93,95,268363
1.8035,0.2151,38.65,93,95,268366
1.8280,0.2151,38.40,93,95,268370
1.8084,0.2151,38.55,93,95,268374
1.8133,0.2151,38.62,93,95,268377
1.8377,0.2248,38.46,93,95,268381
1.8377,0.2102,38.62,93,95,268384
1.8622,0.2199,38.36,93,95,268387
1.8280,0.2199,38.55,93,95,268391
1.8280,0.2102,38.62,93,95,268394
1.8426,0.2199,38.52,93,95,268397
1.8328,0.2102,38.58,93,95,268400
1.8817,0.2248,38.33,93,95,268404
1.8475,0.2102,38.81,93,95,268407
1.8377,0.2151,38.58,93,95,268410
1.8426,0.2199,38.55,93,95,268414
1.8377,0.2151,38.58,93,95,268418
1.9013,0.2297,38.43,93,95,268421
1.8719,0.2199,38.52,93,95,268425
1.8622,0.2151,38.52,93,95,268428
1.8524,0.2151,38.62,93,95,268431
1.8671,0.2151,38.62,93,95,268435
1.8915,0.2297,38.40,93,95,268438
1.8817,0.2151,38.58,93,95,268441
1.8866,0.2151,38.77,93,95,268445
1.8719,0.2151,38.58,93,95,268448
1.8817,0.1906,38.62,93,95,268451
1.9159,0.2248,38.40,93,95,268454
1.9013,0.2151,38.58,93,95,268459
1.9453,0.2199,38.49,93,95,268462
1.9355,0.2102,38.49,93,95,268465
1.9453,0.2151,38.65,93,95,268469
1.9648,0.2151,38.49,93,95,268472
1.9501,0.2395,38.62,93,95,268475
1.9990,0.2151,38.40,93,95,268479
1.9208,0.2102,38.68,93,95,268482
1.9062,0.2102,38.58,93,95,268485
1.9306,0.2102,38.55,93,95,268488
1.8573,0.2102,38.62,93,95,268492
1.8768,0.2199,38.30,93,95,268495
1.8426,0.2151,38.49,93,95,268498
1.8182,0.2151,38.62,93,95,268503
1.8231,0.2151,38.55,93,95,268506
1.7986,0.2102,38.62,93,95,268509
1.8426,0.2590,38.33,93,95,268513
1.7986,0.2151,38.49,93,95,268516
1.7742,0.2053,38.52,93,95,268519
1.7644,0.2199,38.58,93,95,268523
1.7546,0.2102,38.65,93,95,268526
1.7937,0.2297,38.46,93,95,268529
1.7498,0.1906,38.58,93,95,268533
1.7546,0.2151,38.58,93,95,268536
1.7498,0.2151,38.62,93,95,268539
1.7546,0.2102,38.52,93,95,268542
1.7840,0.2248,38.52,93,95,268547
1.7791,0.2151,38.55,93,95,268550
1.7937,0.2151,38.46,93,95,268553
1.7791,0.2102,38.58,93,95,268557
1.7791,0.2102,38.62,93,95,268560
1.8084,0.2151,38.49,93,95,268563
1.7889,0.2151,38.58,93,95,268567
1.8231,0.2151,38.46,93,95,268570
1.8280,0.2151,38.52,93,95,268573
1.8573,0.2102,38.58,93,95,268577
1.9257,0.2248,38.49,93,95,268580
1.9697,0.2151,38.52,93,95,268583
2.1065,0.2346,38.33,93,95,268587
2.2092,0.2199,38.58,93,95,268591
2.3656,0.2102,38.62,93,95,268594
2.5904,0.2297,38.55,93,95,268597
2.8299,0.2102,38.62,93,95,268601
3.1085,0.2248,38.33,93,95,268604
3.1965,0.2151,38.55,93,95,268607
3.2209,0.2102,38.58,93,95,268611
3.0841,0.2151,37.99,93,95,268614
1.7693,0.2395,38.62,93,95,268619
1.6373,0.2102,38.62,93,95,268622
1.5347,0.2199,38.55,93,95,268625
1.4370,0.2151,38.58,93,95,268630
1.4125,0.2199,38.46,93,95,268633
1.3685,0.2102,38.58,93,95,268636
1.3490,0.2151,38.58,93,95,268639
1.3685,0.2151,38.49,93,95,268643
1.3734,0.2346,38.68,93,95,268646
1.4174,0.2199,38.46,93,95,268649
1.4076,0.2102,38.65,93,95,268653
1.4272,0.2151,38.62,93,95,268656
1.4516,0.2199,38.49,93,95,268659
1.4516,0.2151,38.52,93,95,268663
1.4956,0.2248,38.36,93,95,268666
1.4809,0.2102,38.62,93,95,268669
1.5054,0.2151,38.62,93,95,268674
1.5347,0.2199,38.55,93,95,268677
1.5445,0.2102,38.58,93,95,268680
1.5982,0.2199,38.30,93,95,268683
1.5836,0.2199,38.52,93,95,268687
1.5787,0.2102,38.58,93,95,268690
1.5934,0.2199,38.58,93,95,268693
1.6031,0.2151,38.65,93,95,268697
1.6569,0.2297,38.43,93,95,268700
1.6422,0.2248,38.58,93,95,268703
1.6373,0.2102,38.49,93,95,268707
1.6373,0.2151,38.62,93,95,268710
1.6520,0.2151,38.62,93,95,268713
1.6764,0.2248,38.46,93,95,268718
1.6813,0.2199,38.58,93,95,268721
1.6716,0.2151,38.49,93,95,268724
1.6569,0.2151,38.58,93,95,268727
1.6618,0.1906,38.58,93,95,268731
1.6716,0.2199,38.52,93,95,268734
1.6569,0.2151,38.62,93,95,268737
1.6813,0.2199,38.52,93,95,268741
1.6569,0.2151,38.62,93,95,268744
1.6716,0.2102,38.62,93,95,268747
1.6960,0.2248,38.62,93,95,268751
1.6813,0.2102,38.58,93,95,268754
1.7107,0.2151,38.36,93,95,268758
1.6960,0.2151,38.49,93,95,268762
1.6960,0.2053,38.58,93,95,268765
1.7204,0.2297,38.52,93,95,268768
1.7058,0.2053,38.62,93,95,268771
1.7791,0.2199,38.33,93,95,268775
1.7302,0.2102,38.21,93,95,268778
1.7253,0.2151,38.58,93,95,268781
1.7400,0.2199,38.58,93,95,268785
1.7351,0.2102,38.62,93,95,268788
1.7889,0.2248,38.30,93,95,268791
1.7498,0.2151,38.49,93,95,268795
1.7400,0.2102,38.52,93,95,268798
1.7400,0.2151,38.58,93,95,268802
1.7351,0.2102,38.65,93,95,268806
1.7840,0.2444,38.46,93,95,268809
1.7595,0.2248,38.55,93,95,268812
1.7546,0.2151,38.52,93,95,268815
1.7742,0.2151,38.58,93,95,268819
1.7546,0.2102,38.62,93,95,268822
1.7937,0.2297,38.40,93,95,268825
1.7742,0.2151,38.55,93,95,268829
1.7937,0.2151,38.43,93,95,268832
1.7986,0.2199,38.62,93,95,268835
1.7791,0.2102,38.62,93,95,268839
1.7986,0.2199,38.46,93,95,268843
1.7889,0.2102,38.62,93,95,268846
1.8280,0.2151,38.52,93,95,268850
1.8133,0.2346,38.62,93,95,268853
1.8231,0.2102,38.62,93,95,268856
1.8524,0.2199,38.43,93,95,268859
1.8426,0.2151,38.68,93,95,268863
1.8768,0.2199,38.36,93,95,268866
1.8475,0.2151,38.58,93,95,268869
1.8573,0.2102,38.62,93,95,268873
1.8719,0.2590,38.58,93,95,268876
1.8573,0.2151,38.62,93,95,268879
1.9062,0.2248,38.27,93,95,268883
1.8719,0.2151,38.58,93,95,268887
1.8524,0.2102,38.58,93,95,268890
1.8524,0.2151,38.55,93,95,268894
1.8426,0.2102,38.62,93,95,268897
1.8915,0.2297,38.40,93,95,268900
1.8426,0.2199,38.52,93,95,268903
1.8377,0.2102,38.58,93,95,268907
1.8328,0.2248,38.58,93,95,268910
1.8426,0.2102,38.58,93,95,268913
1.8671,0.2248,38.55,93,95,268917
1.8719,0.2151,38.55,93,95,268920
1.8622,0.2151,38.46,93,95,268923
1.8377,0.2199,38.58,93,95,268928
1.8377,0.2102,38.58,93,95,268931
1.8524,0.2199,38.52,93,95,268934
1.8524,0.2102,38.58,93,95,268938
1.8573,0.2199,38.55,93,95,268941
1.8280,0.2151,38.58,93,95,268944
1.8133,0.2102,38.58,93,95,268948
1.8426,0.2199,38.46,93,95,268951
1.8133,0.1906,38.58,93,95,268954
1.8377,0.2151,38.36,93,95,268957
1.8280,0.2151,38.49,93,95,268961
1.8035,0.2102,38.62,93,95,268964
1.8231,0.2395,38.58,93,95,268967
1.8084,0.2004,38.58,93,95,268972
1.8280,0.2199,38.33,93,95,268975
1.7986,0.2102,38.58,93,95,268978
1.7840,0.2151,38.55,93,95,268982
1.7937,0.2151,38.55,93,95,268985
1.7742,0.2151,38.65,93,95,268988
1.8280,0.2248,38.33,93,95,268991
1.7840,0.2151,38.49,93,95,268995
1.7791,0.2102,38.65,93,95,268998
1.7840,0.2248,38.58,93,95,269001
1.7742,0.2102,38.62,93,95,269005
1.8328,0.2297,38.43,93,95,269008
1.8133,0.2248,38.55,93,95,269011
1.8182,0.2151,38.46,93,95,269016
1.8133,0.2151,38.62,93,95,269019
1.8182,0.2102,38.62,93,95,269022
1.8573,0.2248,38.43,93,95,269026
1.8328,0.2346,38.49,93,95,269029
1.8573,0.2248,38.46,93,95,269032
1.8377,0.2151,38.65,93,95,269035
1.8280,0.2102,38.84,93,95,269039
1.8866,0.2151,38.46,93,95,269042
1.8328,0.2151,38.65,93,95,269045
1.8622,0.2199,38.46,93,95,269049
1.8280,0.2102,38.55,93,95,269052
1.8426,0.2102,38.62,93,95,269056
1.8573,0.2248,38.49,93,95,269060
1.8524,0.2151,38.58,93,95,269063
1.8817,0.2199,38.36,93,95,269066
1.8524,0.1906,38.58,93,95,269070
1.8573,0.2102,38.62,93,95,269073
1.8817,0.2395,38.52,93,95,269076
1.8671,0.2151,38.62,93,95,269079
1.9208,0.2493,38.30,93,95,269083
1.9110,0.2248,38.49,93,95,269086
1.8964,0.2102,38.58,93,95,269089
1.9110,0.2297,38.58,93,95,269093
1.9501,0.2151,38.62,93,95,269096
1.9892,0.2297,38.43,93,95,269100
1.9599,0.2199,38.49,93,95,269104
1.9599,0.2102,38.52,93,95,269107
1.9550,0.2151,38.58,93,95,269110
1.9453,0.2151,38.68,93,95,269114
1.9697,0.2248,38.49,93,95,269117
1.9257,0.2151,38.62,93,95,269120
1.9159,0.2151,38.49,93,95,269123
1.8719,0.2151,38.36,93,95,269127
1.8573,0.2151,38.62,93,95,269130
1.8524,0.2199,38.58,93,95,269133
1.8231,0.2199,38.58,93,95,269137
1.8377,0.2199,38.49,93,95,269140
1.8035,0.2199,38.68,93,95,269144
1.8377,0.2151,38.62,93,95,269148
1.8280,0.2199,38.49,93,95,269151
1.7986,0.2151,38.68,93,95,269154
1.8182,0.2151,38.40,93,95,269158
1.7840,0.2151,38.46,93,95,269161
1.7644,0.2248,38.62,93,95,269164
1.7840,0.2248,38.52,93,95,269167
1.7644,0.2151,38.68,93,95,269171
1.8035,0.2444,38.36,93,95,269174
1.7791,0.2151,38.52,93,95,269177
1.7742,0.2102,38.62,93,95,269181
1.7937,0.2102,38.55,93,95,269185
1.7889,0.2102,38.62,93,95,269188
1.8377,0.2444,38.30,93,95,269192
1.7937,0.2151,38.55,93,95,269195
1.7791,0.2395,38.55,93,95,269198
1.7742,0.2151,38.58,93,95,269202
1.7693,0.2151,38.58,93,95,269205
1.8182,0.2248,38.46,93,95,269208
1.8035,0.2199,38.43,93,95,269212
1.8328,0.2151,38.55,93,95,269215
1.8622,0.2151,38.62,93,95,269218
1.9208,0.2199,38.58,93,95,269221
2.0528,0.2248,38.43,93,95,269225
3.0352,0.2102,38.49,93,95,269230
3.1916,0.2151,38.62,93,95,269234
3.2845,0.2151,38.40,93,95,269237
3.1232,0.1906,38.52,93,95,269240
2.8543,0.2102,38.62,93,95,269244
2.5660,0.2248,38.49,93,95,269247
2.2483,0.2151,38.58,93,95,269250
2.0381,0.2199,38.33,93,95,269254
1.7937,0.2102,38.62,93,95,269257
1.6471,0.2151,38.62,93,95,269260
1.5200,0.2199,38.58,93,95,269263
1.4174,0.2346,38.62,93,95,269267
1.4272,0.2297,38.30,93,95,269271
1.3343,0.2199,38.49,93,95,269274
1.3099,0.2102,38.52,93,95,269278
1.3148,0.2102,38.58,93,95,269281
1.3245,0.2102,38.62,93,95,269284
1.3832,0.2346,38.40,93,95,269288
1.3832,0.2199,38.58,93,95,269291
1.4125,0.2151,38.49,93,95,269294
1.4272,0.2199,38.58,93,95,269298
1.4467,0.2102,38.62,93,95,269301
1.4907,0.2248,38.43,93,95,269304
1.5054,0.2102,38.58,93,95,269307
1.5249,0.2151,38.24,93,95,269312
1.5249,0.2102,38.62,93,95,269315
1.5494,0.2151,38.62,93,95,269318
1.5836,0.2688,38.55,93,95,269322
1.5982,0.2102,38.62,93,95,269325
1.6373,0.2151,38.46,93,95,269328
1.6178,0.2151,38.62,93,95,269332
1.6129,0.2102,38.62,93,95,269335
1.6276,0.2444,38.52,93,95,269338
1.6129,0.2199,38.62,93,95,269342
1.6373,0.2151,38.36,93,95,269345
1.6227,0.2199,38.49,93,95,269348
1.6178,0.2151,38.62,93,95,269351
1.6471,0.2248,38.52,93,95,269356
1.6373,0.2151,38.68,93,95,269359
1.6813,0.2248,38.36,93,95,269362
1.6520,0.2151,38.52,93,95,269366
1.6569,0.2102,38.58,93,95,269369
1.6716,0.2199,38.55,93,95,269372
1.6764,0.2151,38.62,93,95,269376
1.7400,0.2346,38.43,93,95,269379
1.7058,0.2199,38.55,93,95,269382
1.7058,0.2151,38.58,93,95,269386
1.7107,0.2102,38.58,93,95,269389
1.7204,0.2151,38.81,93,95,269392
1.7644,0.2102,38.52,93,95,269396
1.7400,0.2151,38.58,93,95,269400
1.7400,0.2151,38.08,93,95,269403
1.7058,0.2151,38.58,93,95,269406
1.7058,0.2151,38.65,93,95,269410
1.7302,0.2199,38.49,93,95,269413
1.7058,0.2151,38.58,93,95,269416
1.7351,0.2248,38.49,93,95,269420
1.7253,0.2004,38.58,93,95,269423
1.7253,0.2151,38.58,93,95,269426
1.7400,0.2102,38.49,93,95,269430
1.7302,0.2102,38.62,93,95,269433
1.7546,0.2151,38.52,93,95,269436
1.7351,0.2151,38.55,93,95,269441
1.7400,0.2151,38.58,93,95,269444
1.7498,0.2248,38.52,93,95,269447
1.7351,0.2248,38.58,93,95,269450
1.8084,0.2199,38.33,93,95,269454
1.7351,0.2102,38.55,93,95,269457
1.7400,0.2151,38.62,93,95,269460
1.7498,0.2199,38.58,93,95,269464
1.7742,0.2248,38.62,93,95,269467
1.8035,0.2297,38.33,93,95,269470
1.7742,0.2199,38.52,93,95,269474
1.7742,0.2004,38.58,93,95,269477
1.7840,0.2151,38.58,93,95,269480
1.7889,0.2151,38.62,93,95,269485
1.8426,0.2199,38.40,93,95,269488
1.8231,0.2248,38.52,93,95,269491
1.8182,0.2151,38.49,93,95,269494
1.8035,0.2151,38.11,93,95,269498
1.8084,0.2297,38.62,93,95,269501
1.8328,0.2248,38.49,93,95,269504
1.8133,0.2151,38.43,93,95,269508
1.8377,0.2199,38.49,93,95,269511
1.8231,0.2151,38.62,93,95,269514
1.8280,0.2199,38.58,93,95,269518
1.8377,0.2151,38.52,93,95,269521
1.8328,0.2151,38.58,93,95,269524
1.8915,0.2199,38.43,93,95,269529
1.8377,0.2346,38.58,93,95,269532
1.8426,0.2151,38.62,93,95,269535
1.8524,0.2248,38.52,93,95,269538
1.8280,0.2053,38.58,93,95,269542
1.8719,0.2102,38.40,93,95,269545
1.8573,0.2199,38.46,93,95,269548
1.8328,0.2053,38.62,93,95,269552
1.8328,0.2199,38.55,93,95,269555
1.7937,0.2199,38.65,93,95,269558
1.8280,0.2297,38.33,93,95,269562
1.7693,0.2151,38.05,93,95,269565
1.7693,0.2053,38.62,93,95,269569
1.7840,0.2199,38.58,93,95,269573
1.7937,0.2102,38.58,93,95,269576
1.8475,0.2297,38.40,93,95,269579
1.8084,0.2248,38.52,93,95,269582
1.7840,0.2102,38.55,93,95,269586
1.7742,0.2151,38.62,93,95,269589
1.7644,0.2151,38.58,93,95,269592
1.7986,0.2297,38.49,93,95,269596
1.7889,0.2199,38.55,93,95,269599
1.8084,0.2151,38.46,93,95,269602
1.8280,0.2199,38.58,93,95,269606
1.7986,0.2151,38.58,93,95,269609
1.8231,0.2248,38.49,93,95,269613
1.8133,0.2102,38.58,93,95,269617
1.8084,0.2248,38.49,93,95,269620
1.7791,0.2102,38.65,93,95,269623
1.7889,0.2102,38.68,93,95,269626
1.8133,0.2199,38.55,93,95,269630
1.7937,0.2151,38.58,93,95,269633
1.8182,0.2151,38.46,93,95,269636
1.7937,0.2102,38.55,93,95,269640
1.8084,0.2151,38.62,93,95,269643
1.8328,0.2248,38.74,93,95,269646
1.8231,0.2053,38.68,93,95,269650
1.8768,0.2199,38.33,93,95,269654
1.8377,0.2053,38.55,93,95,269657
1.8426,0.2151,38.62,93,95,269661
1.8426,0.2199,38.55,93,95,269664
1.8231,0.2102,38.62,93,95,269667
1.8719,0.2297,38.46,93,95,269670
1.8328,0.2199,38.49,93,95,269674
1.8280,0.2102,38.58,93,95,269677
1.8280,0.2248,38.58,93,95,269680
1.8280,0.2248,38.62,93,95,269684
1.8768,0.2297,38.46,93,95,269687
1.8426,0.2297,38.55,93,95,269690
1.8817,0.2151,38.52,93,95,269694
1.8475,0.2151,38.49,93,95,269698
1.8671,0.2053,38.62,93,95,269701
1.8817,0.2248,38.46,93,95,269705
1.8622,0.2199,38.55,93,95,269708
1.8915,0.2199,38.46,93,95,269711
1.8768,0.2151,38.65,93,95,269714
1.8866,0.2199,38.62,93,95,269718
1.8768,0.2151,38.55,93,95,269721
1.8622,0.2151,38.55,93,95,269724
1.8866,0.2151,38.46,93,95,269728
1.8524,0.2248,38.58,93,95,269731
1.8817,0.2151,38.62,93,95,269734
1.9355,0.2199,38.46,93,95,269739
1.9404,0.2151,38.62,93,95,269742
1.9746,0.2199,38.33,93,95,269745
1.9501,0.2151,38.49,93,95,269749
1.9355,0.2102,38.62,93,95,269752
1.9453,0.2395,38.52,93,95,269755
1.9257,0.2102,38.62,93,95,269759
1.9355,0.2346,38.36,93,95,269762
1.8671,0.2151,38.49,93,95,269765
1.8475,0.2102,38.58,93,95,269768
1.8377,0.2151,38.62,93,95,269772
1.8231,0.2102,38.62,93,95,269775
1.8475,0.2297,37.65,93,95,269778
1.8084,0.2297,38.55,93,95,269783
1.7986,0.1906,38.52,93,95,269786
1.7889,0.2151,38.62,93,95,269789
1.7889,0.2151,38.62,93,95,269793
1.8133,0.2248,38.52,93,95,269796
1.7937,0.2199,38.62,93,95,269799
1.7986,0.2151,38.49,93,95,269803
1.7644,0.2053,38.55,93,95,269806
1.7742,0.2151,38.58,93,95,269809
1.7937,0.2248,38.49,93,95,269812
1.7840,0.2151,38.58,93,95,269816
1.7791,0.2199,38.46,93,95,269819
1.7546,0.2102,38.58,93,95,269822
1.7644,0.2199,38.62,93,95,269827
1.8035,0.2199,38.87,93,95,269830
1.8035,0.2102,38.62,93,95,269833
1.8328,0.1906,38.40,93,95,269837
1.8866,0.2199,38.33,93,94,269841
1.9159,0.2151,38.58,93,94,269845
2.0283,0.2151,38.58,93,94,269848
2.1945,0.2199,38.58,93,94,269851
2.3949,0.2151,38.62,93,94,269855
2.7517,0.2102,38.43,93,94,269858
2.9423,0.2199,38.55,93,94,269861
3.1769,0.2151,38.52,93,94,269864
3.3187,0.2102,38.58,93,94,269869
3.2845,0.2151,38.62,93,94,269872
3.1378,0.2346,38.40,93,94,269875
2.7761,0.2199,38.58,93,94,269879
2.4487,0.2199,38.52,93,94,269882
2.1212,0.2151,38.58,93,94,269885
1.8768,0.2102,38.62,93,94,269889
1.6911,0.2346,38.55,93,94,269892
1.5103,0.2151,38.58,93,94,269895
1.4272,0.2199,38.58,93,94,269899
1.3587,0.2395,38.58,93,94,269902
1.3490,0.2151,38.62,93,94,269905
1.3441,0.2199,38.52,93,94,269908
1.3245,0.2199,38.58,93,94,269913
1.3685,0.2199,38.40,93,94,269916
1.3783,0.2151,38.62,93,94,269919
1.4174,0.1906,38.65,93,94,269923
1.4614,0.2199,38.55,93,94,269926
1.4516,0.2151,38.58,93,94,269929
1.4858,0.2248,38.33,93,94,269933
1.4663,0.2248,38.52,93,94,269936
1.4809,0.2151,38.62,93,94,269939
1.5200,0.2199,38.55,93,94,269943
1.5445,0.2004,38.62,93,94,269946
1.6325,0.2297,38.33,93,94,269949
1.6129,0.2199,38.49,93,94,269953
1.6178,0.1906,38.55,93,94,269957
1.6178,0.2151,37.90,93,94,269960
1.6178,0.2102,38.65,93,94,269963
1.6618,0.2297,38.43,93,94,269967
1.6471,0.2199,38.68,93,94,269970
1.6667,0.2151,38.49,93,94,269973
1.6569,0.2151,38.62,93,94,269977
1.6569,0.2248,38.68,93,94,269980
1.6764,0.2248,38.55,93,94,269983
1.6569,0.2151,38.58,93,94,269987
1.6716,0.2199,38.46,93,94,269990
1.6569,0.2151,38.58,93,94,269993
1.6716,0.1906,38.62,93,94,269998
1.7155,0.2248,38.46,93,94,270001
1.7009,0.2151,38.58,93,94,270004
1.7204,0.2151,38.43,93,94,270007
1.7058,0.2444,38.55,93,94,270011
1.7009,0.2102,38.62,93,94,270014
1.7155,0.2493,38.55,93,94,270017
1.7107,0.2102,38.58,93,94,270021
1.7400,0.2199,38.40,93,94,270024
1.7107,0.2444,38.55,93,94,270027
1.6911,0.2151,38.58,93,94,270031
1.6862,0.2199,38.55,93,94,270034
1.6911,0.2151,38.58,93,94,270038
1.7351,0.2248,37.77,93,94,270042
1.7107,0.2102,38.52,93,94,270045
1.7204,0.2102,38.58,93,94,270048
1.7253,0.2493,38.62,93,94,270051
1.7204,0.2151,38.58,93,94,270055
1.7644,0.2297,38.43,93,94,270058
1.7351,0.2199,38.55,93,94,270061
1.7351,0.2151,38.49,93,94,270065
1.7595,0.2151,38.58,93,94,270068
1.7400,0.2151,38.62,93,94,270071
1.7742,0.2248,38.43,93,94,270075
1.7498,0.2151,38.62,93,94,270078
1.7693,0.2493,38.43,93,94,270082
1.7449,0.1906,38.62,93,94,270086
1.7546,0.2151,38.62,93,94,270089
1.7791,0.2297,38.49,93,94,270092
1.7595,0.1906,38.62,93,94,270096
1.7742,0.2151,38.46,93,94,270099
1.7449,0.2151,38.55,93,94,270102
1.7498,0.2151,38.58,93,94,270105
1.7693,0.2444,38.49,93,94,270109
1.7693,0.2151,38.58,93,94,270112
1.7986,0.2199,38.46,93,94,270115
1.7742,0.2151,38.58,93,94,270119
1.8035,0.2102,38.62,93,94,270123
1.8328,0.2199,38.55,93,94,270126
1.8280,0.2151,38.71,93,94,270130
1.8817,0.2248,38.33,93,94,270133
1.8524,0.2199,38.52,93,94,270136
1.8524,0.2102,38.55,93,94,270140
1.8768,0.2199,38.55,93,94,270143
1.8817,0.2151,38.68,93,94,270146
1.9501,0.2395,38.40,93,94,270149
1.9159,0.2248,38.52,93,94,270153
1.9013,0.2151,38.46,93,94,270156
1.9110,0.2151,38.62,93,94,270159
1.8768,0.2151,38.62,93,94,270163
1.8964,0.2493,38.49,93,94,270167
1.8719,0.2151,38.58,93,94,270170
1.8768,0.2199,38.43,93,94,270174
1.8768,0.2199,38.58,93,94,270177
1.8573,0.2151,38.58,93,94,270180
1.8817,0.2297,38.52,93,94,270184
1.8719,0.2151,38.62,93,94,270187
1.8964,0.2199,38.49,93,94,270190
1.8524,0.2151,38.62,93,94,270194
1.8524,0.2102,38.58,93,94,270197
1.8671,0.2102,38.49,93,94,270200
1.8475,0.2151,38.58,93,94,270203
1.8768,0.2199,38.40,93,94,270208
1.8426,0.2151,38.49,93,94,270211
1.8280,0.2151,38.62,93,94,270214
1.8475,0.2248,38.52,93,94,270218
1.8231,0.2102,38.71,93,94,270221
1.8719,0.2248,38.33,93,94,270224
1.8328,0.2151,38.58,93,94,270228
1.8133,0.2151,38.62,93,94,270231
1.8035,0.2151,38.58,93,94,270234
1.7840,0.2151,38.58,93,94,270238
1.8328,0.2346,38.43,93,94,270241
1.7986,0.2199,38.52,93,94,270244
1.7986,0.2199,38.52,93,94,270247
1.7986,0.2102,38.62,93,94,270252
1.7986,0.2151,38.62,93,94,270255
1.8328,0.2102,38.49,93,94,270258
1.8133,0.2199,38.65,93,94,270262
1.8231,0.2151,38.49,93,94,270265
1.7937,0.2151,38.81,93,94,270268
1.7937,0.2004,38.62,93,94,270272
1.8280,0.2248,38.46,93,94,270275
1.8035,0.2151,38.58,93,94,270278
1.8671,0.2248,38.49,93,94,270282
1.8133,0.2102,38.52,93,94,270285
1.8133,0.2248,38.68,93,94,270288
1.8280,0.2199,38.52,93,94,270292
1.8133,0.2151,38.62,93,94,270296
1.8377,0.2102,38.40,93,94,270299
1.8328,0.2151,38.58,93,94,270302
1.8573,0.2151,38.58,93,94,270306
1.8622,0.2248,38.52,93,94,270309
1.8426,0.2248,38.68,93,94,270312
1.8768,0.2199,38.33,93,94,270316
1.8280,0.2151,38.55,93,94,270319
1.8328,0.2102,38.62,93,94,270322
1.8475,0.2199,38.52,93,94,270326
1.8377,0.2151,38.62,93,94,270329
1.8964,0.2297,38.33,93,94,270332
1.8622,0.2199,38.52,93,94,270337
1.8524,0.2102,38.55,93,94,270340
1.8622,0.2199,38.62,93,94,270343
1.8671,0.2151,38.62,93,94,270347
1.9013,0.2444,38.40,93,94,270350
1.8719,0.2199,38.55,93,94,270353
1.8719,0.2151,38.58,93,94,270356
1.8573,0.2151,38.62,93,94,270360
1.8671,0.2151,38.62,93,94,270363
1.9257,0.2297,38.46,93,94,270366
1.8866,0.2199,38.58,93,94,270370
1.9257,0.2199,38.49,93,94,270373
1.9355,0.2102,38.58,93,94,270376
1.9159,0.2151,38.43,93,94,270381
1.9306,0.2444,38.55,93,94,270384
1.9062,0.2102,38.58,93,94,270387
1.9208,0.2151,38.46,93,94,270391
1.8768,0.2102,38.62,93,94,270394
1.8622,0.2151,38.74,93,94,270397
1.8622,0.2248,38.52,93,94,270400
1.8328,0.2151,38.71,93,94,270404
1.8622,0.2297,38.33,93,94,270407
1.8280,0.2199,38.55,93,94,270410
1.7986,0.2151,38.58,93,94,270414
1.8035,0.1906,38.55,93,94,270417
1.7791,0.2151,38.62,93,94,270420
1.8133,0.2297,38.33,93,94,270425
1.7595,0.2199,38.81,93,94,270428
1.7400,0.2102,38.58,93,94,270431
1.7693,0.2151,38.58,93,94,270435
1.7351,0.2102,38.27,93,94,270438
1.7937,0.2297,38.43,93,94,270441
1.7644,0.2199,38.55,93,94,270444
1.7693,0.2151,38.62,93,94,270448
1.7498,0.2102,38.58,93,94,270451
1.7302,0.2102,38.65,93,94,270456
1.7449,0.2151,38.62,93,94,270459
1.7840,0.2248,38.49,93,94,270462
1.7840,0.2151,38.58,93,94,270467
1.8328,0.2151,38.43,93,94,270470
1.8573,0.2151,38.49,93,94,270473
1.9013,0.2151,38.62,93,94,270477
2.0039,0.2248,38.55,93,94,270480
2.0919,0.2151,38.62,93,94,270483
2.3021,0.2248,38.30,93,94,270487
2.4780,0.2151,38.52,93,94,270490
2.6979,0.2199,38.58,93,94,270493
2.9570,0.2199,38.71,93,94,270497
3.1525,0.2151,38.62,93,94,270500
3.3480,0.2297,38.33,93,94,270503
3.2209,0.2151,38.52,93,94,270507
2.9961,0.2151,38.55,93,94,270511
2.6686,0.2199,38.71,93,94,270514
2.3314,0.2151,38.58,93,94,270517
2.0821,0.2297,38.43,93,94,270521
1.8084,0.2151,38.58,93,94,270524
1.6325,0.2151,38.49,93,94,270527
1.4858,0.2444,38.58,93,94,270531
1.3978,0.2151,38.62,93,94,270534
1.3685,0.2248,38.43,93,94,270537
1.3245,0.2151,38.58,93,94,270541
1.3245,0.2199,38.46,93,94,270544
1.3245,0.2248,38.62,93,94,270547
1.3294,0.2151,38.62,93,94,270551
1.3734,0.2248,38.46,93,94,270555
1.3930,0.2199,38.62,93,94,270558
1.4321,0.2151,38.43,93,94,270561
1.4272,0.2151,38.55,93,94,270565
1.4418,0.2151,38.62,93,94,270568
1.4712,0.2248,38.52,93,94,270571
1.4663,0.2151,38.71,93,94,270575
1.5152,0.2297,38.36,93,94,270578
1.5005,0.2151,38.58,93,94,270581
1.5298,0.2151,38.65,93,94,270585
1.5543,0.2199,38.58,93,94,270588
1.5640,0.2151,38.62,93,94,270592
1.6520,0.2297,38.33,93,94,270596
1.5885,0.2199,38.65,93,94,270599
1.5836,0.2151,38.58,93,94,270602
1.5934,0.2199,38.58,93,94,270606
1.5982,0.2151,38.58,93,94,270609
1.6422,0.2346,38.46,93,94,270612
1.6325,0.2199,38.68,93,94,270615
1.6325,0.2199,38.52,93,94,270619
1.6227,0.2199,38.62,93,94,270622
1.6276,0.2444,38.58,93,94,270625
1.6569,0.2248,38.49,93,94,270629
1.6422,0.2199,38.18,93,94,270632
1.6618,0.2151,38.46,93,94,270636
1.6471,0.2151,38.58,93,94,270640
1.6520,0.2151,38.58,93,94,270643
1.6618,0.2199,38.52,93,94,270646
1.6569,0.2151,38.58,93,94,270650
1.6862,0.2248,38.46,93,94,270653
1.6618,0.2151,38.62,93,94,270656
1.6960,0.2151,38.62,93,94,270659
1.6862,0.2199,38.58,93,94,270663
1.6667,0.2151,38.58,93,94,270666
1.7058,0.2199,38.36,93,94,270669
1.6911,0.2297,38.49,93,94,270673
1.6813,0.1906,38.62,93,94,270676
1.7009,0.2297,38.55,93,94,270680
1.6911,0.2151,38.58,93,94,270684
1.7449,0.2248,38.36,93,94,270687
1.7253,0.2102,38.49,93,94,270690
1.7204,0.2102,38.58,93,94,270694
1.7302,0.2199,38.55,93,94,270697
1.7302,0.2151,38.62,93,94,270700
1.7742,0.2297,38.43,93,94,270704
1.7449,0.2199,38.52,93,94,270707
1.7595,0.2151,38.55,93,94,270710
1.7449,0.2199,38.55,93,94,270713
1.7449,0.2151,38.58,93,94,270717
1.7693,0.2248,38.49,93,94,270721
1.7449,0.2151,38.58,93,94,270724
1.7644,0.2199,38.49,93,94,270728
1.7449,0.2102,38.58,93,94,270731
1.7546,0.2151,38.62,93,94,270734
1.7840,0.2542,38.46,93,94,270738
1.7595,0.2199,38.58,93,94,270741
1.7840,0.2151,38.46,93,94,270744
1.7498,0.2102,38.55,93,94,270748
1.7693,0.2151,38.62,93,94,270751
1.7986,0.2248,38.46,93,94,270754
1.7937,0.2102,38.62,93,94,270757
1.8231,0.2199,38.40,93,94,270761
1.8035,0.2444,38.55,93,94,270765
1.8182,0.2102,38.62,93,94,270768
1.8426,0.2248,38.68,93,94,270772
1.8280,0.2102,38.65,93,94,270775
1.8719,0.2248,38.30,93,94,270778
1.8280,0.2151,38.65,93,94,270782
1.8328,0.2151,38.65,93,94,270785
1.8426,0.2248,38.58,93,94,270788
1.8328,0.2151,38.55,93,94,270792
1.8964,0.2346,38.36,93,94,270795
1.8426,0.2199,38.55,93,94,270798
1.8231,0.2053,38.52,93,94,270801
1.8280,0.2199,38.65,93,94,270806
1.8231,0.2151,38.71,93,94,270809
1.8573,0.2248,38.40,93,94,270812
1.8426,0.2199,38.58,93,94,270816
1.8377,0.2151,38.49,93,94,270819
1.8231,0.2199,38.65,93,94,270822
1.8182,0.2248,38.58,93,94,270826
1.8377,0.2248,38.46,93,94,270829
1.8084,0.2199,38.58,93,94,270832
1.8280,0.2199,38.46,93,94,270836
1.7937,0.2199,38.62,93,94,270839
1.7889,0.2151,38.65,93,94,270842
1.7986,0.2151,38.52,93,94,270845
1.7889,0.2199,38.58,93,94,270850
1.8084,0.2151,38.40,93,94,270853
1.7791,0.2151,38.62,93,94,270856
1.7791,0.2151,38.68,93,94,270860
1.7937,0.2297,38.49,93,94,270863
1.7693,0.2102,38.58,93,94,270866
1.8084,0.2199,38.36,93,94,270870
1.7840,0.1906,38.49,93,94,270873
1.7742,0.2151,38.55,93,94,270876
1.7889,0.1906,38.55,93,94,270880
1.7693,0.2151,38.68,93,94,270883
1.8133,0.2346,38.30,93,94,270886
1.7791,0.2199,38.58,93,94,270891
1.7742,0.2102,38.58,93,94,270894
1.7791,0.2102,38.58,93,94,270897
1.7742,0.2151,38.68,93,94,270900
1.8231,0.2395,38.46,93,94,270904
1.7937,0.2199,37.83,93,94,270907
1.8035,0.2151,38.49,93,94,270910
1.8035,0.1906,38.58,93,94,270914
1.7986,0.2151,38.58,93,94,270917
1.8280,0.2102,38.52,93,94,270920
1.8133,0.2199,38.58,93,94,270924
1.8328,0.2199,38.46,93,94,270927
1.8426,0.2151,38.58,93,94,270930
1.8328,0.2151,38.68,93,94,270935
1.8671,0.2248,38.52,93,94,270938
1.8377,0.2199,38.71,93,94,270941
1.8622,0.2199,38.46,93,94,270944
1.8377,0.2151,38.55,93,94,270948
1.8377,0.2151,38.49,93,94,270951
1.8622,0.2199,38.43,93,94,270954
1.8426,0.2151,38.68,93,94,270958
1.8866,0.2248,38.43,93,94,270961
1.8524,0.2199,38.55,93,94,270964
1.8475,0.2151,38.58,93,94,270968
1.8573,0.2151,38.55,93,94,270971
1.8426,0.2151,38.65,93,94,270974
1.8915,0.2297,38.30,93,94,270979
1.8524,0.2151,38.55,93,94,270982
1.8524,0.2053,38.58,93,94,270985
1.8622,0.2151,38.55,93,94,270988
1.8671,0.2151,38.65,93,94,270992
1.9257,0.2346,38.40,93,94,270995
1.9013,0.2248,37.99,93,94,270998
1.9013,0.2151,38.52,93,94,271002
1.9062,0.2199,38.58,93,94,271005
1.9208,0.2151,38.58,93,94,271008
1.9844,0.2102,38.43,93,94,271012
1.9550,0.2199,38.58,93,94,271015
1.9697,0.2444,38.49,93,94,271019
1.9648,0.2102,38.58,93,94,271023
1.9355,0.2151,38.65,93,94,271026
1.9453,0.2297,38.52,93,94,271029
1.9013,0.2199,38.58,93,94,271033
1.8964,0.2248,38.52,93,94,271036
1.8377,0.2151,38.58,93,94,271039
1.8182,0.2151,38.62,93,94,271042
1.8133,0.2102,38.52,93,94,271046
1.7986,0.2151,38.58,93,94,271049
1.8133,0.2199,38.40,93,94,271052
1.7791,0.2199,38.62,93,94,271056
1.7742,0.2151,38.58,93,94,271059
1.7889,0.2248,38.52,93,94,271063
1.7253,0.2199,38.58,93,94,271068
1.7204,0.2151,38.62,93,94,271071
1.7742,0.2297,38.40,93,94,271075
1.7546,0.2248,38.52,93,94,271078
1.7498,0.2151,38.52,93,94,271081
1.7498,0.2199,38.58,93,94,271085
1.7546,0.2151,38.62,93,94,271088
1.7889,0.2248,38.49,93,94,271091
1.7693,0.2102,38.58,93,94,271094
1.7937,0.2199,38.46,93,94,271098
1.7742,0.2199,38.62,93,94,271101
1.7889,0.2151,38.62,93,94,271105
1.8231,0.2444,38.52,93,94,271109
1.8426,0.2199,38.58,93,94,271112
1.9159,0.2199,38.84,93,94,271115
1.9599,0.2199,38.58,93,94,271119
2.0626,0.2151,38.55,93,94,271122
2.2190,0.2199,38.49,93,94,271125
2.3705,0.2151,38.62,93,94,271129
2.6295,0.2199,38.36,93,94,271132
2.8397,0.2102,38.49,93,94,271135
3.0499,0.2151,38.71,93,94,271139
3.2454,0.2248,38.52,93,94,271142
3.2111,0.2151,38.62,93,94,271145
3.1232,0.2297,38.33,93,94,271149
2.7810,0.2151,38.49,93,94,271153
2.4585,0.2151,38.58,93,94,271156
2.1896,0.2199,38.65,93,94,271159
1.9355,0.2151,38.58,93,94,271163
1.7937,0.2688,38.36,93,94,271166
1.6031,0.2248,38.55,93,94,271169
1.4907,0.2151,38.52,93,94,271173
1.4076,0.2102,38.58,93,94,271176
1.3734,0.2151,38.58,93,94,271179
1.3685,0.2297,38.55,93,94,271183
1.3441,0.2199,38.46,93,94,271186
1.3539,0.2248,38.55,93,94,271190
1.3587,0.2199,38.71,93,94,271194
1.3783,0.2053,38.65,93,94,271197
1.4272,0.2297,38.46,93,94,271200
1.4223,0.2151,38.62,93,94,271203
1.4614,0.2102,38.49,93,94,271207
1.4516,0.2102,38.58,93,94,271210
1.4761,0.2151,38.62,93,94,271213
1.5152,0.2199,38.40,93,94,271217
1.5200,0.2248,38.65,93,94,271220
1.5738,0.2248,38.43,93,94,271223
1.5640,0.2151,38.49,93,94,271227
1.5787,0.2151,38.58,93,94,271230
1.6031,0.2248,38.52,93,94,271234
1.5982,0.2151,38.74,93,94,271238
1.6667,0.2199,38.33,93,94,271241
1.6129,0.2151,38.52,93,94,271244
1.6520,0.2199,38.65,93,94,271247
1.6325,0.2199,38.58,93,94,271251
1.6227,0.2297,38.62,93,94,271254
1.6764,0.2346,38.33,93,94,271257
1.6422,0.2199,38.49,93,94,271261
1.6373,0.2151,38.52,93,94,271264
1.6471,0.2199,38.62,93,94,271267
1.6471,0.2395,38.62,93,94,271271
1.6911,0.2297,38.43,93,94,271275
1.6667,0.2444,38.55,93,94,271278
1.6716,0.2151,38.52,93,94,271282
1.6569,0.2199,38.62,93,94,271285
1.6618,0.2199,38.68,93,94,271288
1.6764,0.2248,38.49,93,94,271292
1.6569,0.2199,38.58,93,94,271295
1.7107,0.2102,38.46,93,94,271298
1.6716,0.2151,38.52,93,94,271301
1.6764,0.2199,38.62,93,94,271305
1.6960,0.2199,38.52,93,94,271308
1.6911,0.2151,38.62,93,94,271311
1.7204,0.2102,38.43,93,94,271315
1.6960,0.2151,38.58,93,94,271319
1.7009,0.2151,38.58,93,94,271322
1.7204,0.2248,38.52,93,94,271326
1.7058,0.2248,38.62,93,94,271329
1.7302,0.2248,38.33,93,94,271332
1.7204,0.2199,38.55,93,94,271336
1.7107,0.2151,38.58,93,94,271339
1.7204,0.2248,38.62,93,94,271342
1.7155,0.2151,38.58,93,94,271345
1.7693,0.2297,38.30,93,94,271349
1.7351,0.2199,38.46,93,94,271352
1.7351,0.2102,38.58,93,94,271355
1.7351,0.2199,38.58,93,94,271360
1.7302,0.2151,38.65,93,94,271363
1.8035,0.2346,38.43,93,94,271366
1.7400,0.2199,38.62,93,94,271370
1.7400,0.2151,38.46,93,94,271373
1.7351,0.2151,38.58,93,94,271376
1.7449,0.2151,38.58,93,94,271380
1.7791,0.2102,38.52,93,94,271383
1.7644,0.2199,38.68,93,94,271386
1.7889,0.2199,38.46,93,94,271389
1.7791,0.2199,38.58,93,94,271393
1.7937,0.2151,38.52,93,94,271396
1.8524,0.2297,38.46,93,94,271399
1.8231,0.2199,38.58,93,94,271404
1.8622,0.2151,38.46,93,94,271407
1.8377,0.2151,38.52,93,94,271410
1.8475,0.2297,38.58,93,94,271414
1.8719,0.2199,38.46,93,94,271417
1.8573,0.2199,38.62,93,94,271420
1.9110,0.2199,38.36,93,94,271424
1.8622,0.2151,38.46,93,94,271427
1.8622,0.2199,38.65,93,94,271430
1.8768,0.2102,38.55,93,94,271433
1.8622,0.2151,38.68,93,94,271437
1.9062,0.2346,38.33,93,94,271440
1.8573,0.2151,37.80,93,94,271443
1.8524,0.2297,38.62,93,94,271448
1.8573,0.2199,38.58,93,94,271451
1.8426,0.2199,38.65,93,94,271454
1.9013,0.2346,38.40,93,94,271458
1.8573,0.2248,38.52,93,94,271461
1.8377,0.2151,38.52,93,94,271464
1.8328,0.2199,38.58,93,94,271468
1.8280,0.2151,38.62,93,94,271471
1.8671,0.2102,38.40,93,94,271474
1.8280,0.2199,38.52,93,94,271478
1.8377,0.2199,38.46,93,94,271481
1.8182,0.2102,38.58,93,94,271484
1.8133,0.2151,38.68,93,94,271488
1.8426,0.2297,38.49,93,94,271492
1.8182,0.2199,38.58,93,94,271495
1.8377,0.2248,38.46,93,94,271498
1.8084,0.2199,38.62,93,94,271502
1.8133,0.1906,38.62,93,94,271505
1.8182,0.2199,38.55,93,94,271508
1.8035,0.2151,38.58,93,94,271512
1.8280,0.2151,38.24,93,94,271515
1.8035,0.2151,38.62,93,94,271518
1.8084,0.2151,38.58,93,94,271521
1.8231,0.2297,38.52,93,94,271525
1.7986,0.2102,38.62,93,94,271528
1.8328,0.2248,38.40,93,94,271532
1.8084,0.2199,38.49,93,94,271536
1.7986,0.2199,38.62,93,94,271539
1.8035,0.2248,38.52,93,94,271542
1.7889,0.2151,38.58,93,94,271546
1.8475,0.2248,38.30,93,94,271549
1.8133,0.2199,38.46,93,94,271552
1.8084,0.2199,38.62,93,94,271556
1.8231,0.2199,38.58,93,94,271559
1.8231,0.2151,38.68,93,94,271562
1.8719,0.2346,38.40,93,94,271565
1.8426,0.2199,38.55,93,94,271569
1.8426,0.2151,38.52,93,94,271572
1.8377,0.2151,38.68,93,94,271576
1.8377,0.2151,38.49,93,94,271580
1.8719,0.2199,38.52,93,94,271583
1.8573,0.2199,38.65,93,94,271586
1.8768,0.2199,38.46,93,94,271590
1.8573,0.2199,38.62,93,94,271593
1.8622,0.2248,38.62,93,94,271596
1.9013,0.2248,38.46,93,94,271600
1.8768,0.2102,38.62,93,94,271603
1.9013,0.2151,38.46,93,94,271606
1.8719,0.2151,38.62,93,94,271610
1.8719,0.2346,38.62,93,94,271613
1.8866,0.2199,38.52,93,94,271617
1.8671,0.2444,38.62,93,94,271620
1.8964,0.2199,38.40,93,94,271624
1.8671,0.2151,38.62,93,94,271627
1.8573,0.2151,38.71,93,94,271630
1.8866,0.2199,38.52,93,94,271634
1.8817,0.2199,38.62,93,94,271637
1.9404,0.2248,38.33,93,94,271640
1.9062,0.2199,38.52,93,94,271644
1.9257,0.2151,38.58,93,94,271647
1.9404,0.2199,38.58,93,94,271650
1.9501,0.2151,38.62,93,94,271654
2.0235,0.2346,38.33,93,94,271657
1.9795,0.2199,38.55,93,94,271661
1.9648,0.2151,38.52,93,94,271664
1.9501,0.2199,38.55,93,94,271668
1.9306,0.2151,38.62,93,94,271671
1.9501,0.2297,38.43,93,94,271674
1.8622,0.2199,38.62,93,94,271679
1.8377,0.2395,38.62,93,94,271682
1.8573,0.2151,38.46,93,94,271686
1.8280,0.2151,38.46,93,94,271689
1.8524,0.2248,38.62,93,94,271692
1.8231,0.2199,38.55,93,94,271696
1.8035,0.2248,38.68,93,94,271699
1.8231,0.2102,38.36,93,94,271703
1.7840,0.2395,38.55,93,94,271707
1.7840,0.1906,38.58,93,94,271710
1.7937,0.2199,38.62,93,94,271713
1.7889,0.2102,38.62,93,94,271717
1.8328,0.2297,38.40,93,94,271720
1.8133,0.2199,38.55,93,94,271723
1.7986,0.2102,38.55,93,94,271726
1.8133,0.2248,38.58,93,94,271730
1.8084,0.2102,38.62,93,94,271733
1.8768,0.2346,38.40,93,94,271736
1.8231,0.2248,38.71,93,94,271740
1.8182,0.2151,38.49,93,94,271744
1.8328,0.2199,38.65,93,94,271747
1.8573,0.2199,38.62,93,94,271751
1.9306,0.2248,38.46,93,94,271754
1.9648,0.2199,38.55,93,94,271757
2.0723,0.2248,38.46,93,94,271761
2.1701,0.2248,38.58,93,94,271764
2.3363,0.2151,38.68,93,94,271767
2.5562,0.2151,38.55,93,94,271770
2.7761,0.2199,38.65,93,94,271774
3.0547,0.2248,38.46,93,94,271777
3.1916,0.2151,38.62,93,94,271780
3.2551,0.2151,38.77,93,94,271784
3.1818,0.2248,38.49,93,94,271788
2.8886,0.2151,38.65,93,94,271791
2.6197,0.2248,38.36,93,94,271795
2.3069,0.1906,38.49,93,94,271798
2.0283,0.2151,38.58,93,94,271801
1.8377,0.2248,38.52,93,94,271805
1.6520,0.2151,38.62,93,94,271808
1.5640,0.2248,38.36,93,94,271811
1.4565,0.2248,38.49,93,94,271814
1.3978,0.2102,38.62,93,94,271818
1.3832,0.2199,38.58,93,94,271821
1.3587,0.2151,38.62,93,94,271824
1.3978,0.2346,38.33,93,94,271828
1.3734,0.2151,38.49,93,94,271832
1.3978,0.2151,38.55,93,94,271835
1.4125,0.2199,38.65,93,94,271839
1.4272,0.2151,38.58,93,94,271842
1.4809,0.2297,38.49,93,94,271845
1.4761,0.2248,38.55,93,94,271849
1.5054,0.2102,38.49,93,94,271852
1.5103,0.2102,38.58,93,94,271855
1.5347,0.2151,38.58,93,94,271858
1.5787,0.2248,38.52,93,94,271862
1.5591,0.2248,38.58,93,94,271865
1.5836,0.2248,38.46,93,94,271868
1.5738,0.2151,38.33,93,94,271873
1.5885,0.2199,38.62,93,94,271876
1.6129,0.2199,38.40,93,94,271879
1.6031,0.2199,38.58,93,94,271883
1.6325,0.2102,38.43,93,94,271886
1.6178,0.2151,38.58,93,94,271889
1.6325,0.2151,38.58,93,94,271893
1.6520,0.2248,38.65,93,94,271896
1.6471,0.2151,38.62,93,94,271899
1.6911,0.2248,38.36,93,94,271902
1.6618,0.2346,38.55,93,94,271906
1.6813,0.2151,38.62,93,94,271909
1.6960,0.2199,38.46,93,94,271912
1.7009,0.2151,38.62,93,94,271917
1.7498,0.2297,38.30,93,94,271920
1.7155,0.2199,38.52,93,94,271923
1.7107,0.2151,38.55,93,94,271927
1.7107,0.2199,38.58,93,94,271930
1.7009,0.2444,38.62,93,94,271933
1.7498,0.2346,38.43,93,94,271937
1.7302,0.2493,38.55,93,94,271940
1.7302,0.2102,38.52,93,94,271943
1.7204,0.2199,38.58,93,94,271947
1.7204,0.2151,38.58,93,94,271950
1.7546,0.2199,38.46,93,94,271953
1.7253,0.2199,38.58,93,94,271956
1.7400,0.2199,38.46,93,94,271961
1.7155,0.2151,38.62,93,94,271964
1.7204,0.2151,38.52,93,94,271967
1.7302,0.2151,38.52,93,94,271971
1.7253,0.2199,38.62,93,94,271974
1.7595,0.2199,38.43,93,94,271977
1.7498,0.2151,38.58,93,94,271981
1.7644,0.2151,38.62,93,94,271984
1.7986,0.2248,38.55,93,94,271987
1.7644,0.2151,38.58,93,94,271991
1.7937,0.1906,38.40,93,94,271994
1.7693,0.2199,38.52,93,94,271997
1.7595,0.2151,38.62,93,94,272001
1.7889,0.2248,38.52,93,94,272005
1.7791,0.2151,38.65,93,94,272008
1.8622,0.2297,38.36,93,94,272011
1.8035,0.2199,38.52,93,94,272015
1.7986,0.2248,38.62,93,94,272018
1.7986,0.2199,38.58,93,94,272021
1.7791,0.2151,38.40,93,94,272025
1.8280,0.2395,38.36,93,94,272028
1.7937,0.2248,38.68,93,94,272031
1.7986,0.2297,38.55,93,94,272035
1.8182,0.2102,38.58,93,94,272038
1.8328,0.2151,38.62,93,94,272041
1.8866,0.2297,38.49,93,94,272045
1.8719,0.2199,38.58,93,94,272049
1.8768,0.2199,38.58,93,94,272052
1.8524,0.2199,38.58,93,94,272055
1.8573,0.2151,38.62,93,94,272059
1.9013,0.2346,38.46,93,94,272062
1.8915,0.2199,38.71,93,94,272065
1.9208,0.2248,38.46,93,94,272069
1.9257,0.1906,38.58,93,94,272072
1.9062,0.2151,38.62,93,94,272075
1.9257,0.2346,38.49,93,94,272079
1.9062,0.2151,38.62,93,94,272082
1.9208,0.2199,38.46,93,94,272086
1.8817,0.2444,38.52,93,94,272089
1.8817,0.2151,38.62,93,94,272093
1.8866,0.2248,38.43,93,94,272096
1.8671,0.2493,38.62,93,94,272099
1.9062,0.2248,38.33,93,94,272103
1.8573,0.2151,38.55,93,94,272106
1.8475,0.2102,38.65,93,94,272109
1.8573,0.2199,38.65,93,94,272113
1.8475,0.2151,38.65,93,94,272116
1.8866,0.2297,37.99,93,94,272119
1.8475,0.2151,38.46,93,94,272123
1.8377,0.2102,38.58,93,94,272126
1.8426,0.2199,38.58,93,94,272130
1.8377,0.2102,38.62,93,94,272133
1.8817,0.2297,38.40,93,94,272137
1.8475,0.2199,38.55,93,94,272140
1.8377,0.2151,38.49,93,94,272143
1.8328,0.2151,38.71,93,94,272147
1.8328,0.2151,38.62,93,94,272150
1.8475,0.2248,38.87,93,94,272153
1.8133,0.2199,38.58,93,94,272157
1.8377,0.2199,38.46,93,94,272160
1.8133,0.2199,38.58,93,94,272163
1.8035,0.2151,38.58,93,94,272167
1.8182,0.2151,38.81,93,94,272171
1.8084,0.2102,38.58,93,94,272174
1.8328,0.2102,38.52,93,94,272177
1.8035,0.2151,38.58,93,94,272181
1.8133,0.2199,38.58,93,94,272184
1.8426,0.2248,38.49,93,94,272187
1.8280,0.2151,38.62,93,94,272191
1.8719,0.2199,38.36,93,94,272194
1.8573,0.2199,38.49,93,94,272197
1.8768,0.2102,38.58,93,94,272201
1.8622,0.2248,38.52,93,94,272204
1.8426,0.2248,38.58,93,94,272207
1.9062,0.2248,38.33,93,94,272211
1.8768,0.2151,38.52,93,94,272215
1.8866,0.2151,38.62,93,94,272218
1.8964,0.2199,38.62,93,94,272222
1.8817,0.2151,38.62,93,94,272225
1.9306,0.2346,38.40,93,94,272228
1.8768,0.2248,38.52,93,94,272231
1.8573,0.2151,38.52,93,94,272235
1.8524,0.2199,38.65,93,94,272238
1.8524,0.2151,38.58,93,94,272241
1.8866,0.2297,38.55,93,94,272245
1.8671,0.2151,38.55,93,94,272248
1.8768,0.2199,38.49,93,94,272251
1.8573,0.2248,38.58,93,94,272256
1.8573,0.2102,38.68,93,94,272259
1.8915,0.2297,38.58,93,94,272262
1.8719,0.2151,38.58,93,94,272266
1.9062,0.2248,37.74,93,94,272269
1.8866,0.2102,38.58,93,94,272272
1.8964,0.2151,38.62,93,94,272275
1.9257,0.2199,38.02,93,94,272279
1.9159,0.2248,38.68,93,94,272282
1.9599,0.2199,38.43,93,94,272285
1.9648,0.2248,38.30,93,94,272290
1.9110,0.2151,38.43,93,94,272293
1.8915,0.2151,38.58,93,94,272297
1.8719,0.2199,38.58,93,94,272301
1.8573,0.2199,38.62,93,94,272304
1.8964,0.2297,38.43,93,94,272308
1.8573,0.2248,38.62,93,94,272311
1.8475,0.1906,38.52,93,94,272314
1.8182,0.2199,38.58,93,94,272318
1.8182,0.2199,38.62,93,94,272321
1.8328,0.2248,38.43,93,94,272324
1.7937,0.2248,38.55,93,94,272328
1.7889,0.1906,38.46,93,94,272331
1.7644,0.2199,38.68,93,94,272334
1.7595,0.2444,38.62,93,94,272337
1.7742,0.2297,38.49,93,94,272342
1.7546,0.2199,38.58,93,94,272345
1.7937,0.2297,38.49,93,94,272348
1.7693,0.2151,38.58,93,94,272352
1.7742,0.2151,38.49,93,94,272355
1.7791,0.2102,38.52,93,94,272358
1.7742,0.2199,38.62,93,94,272362
1.8035,0.2346,38.40,93,94,272365
1.7889,0.2199,38.62,93,94,272368
1.7889,0.2151,38.65,93,94,272372
1.8133,0.2248,38.55,93,94,272375
1.7937,0.2151,38.58,93,94,272378
1.8573,0.2199,38.33,93,94,272381
1.8524,0.2199,38.55,93,94,272386
1.8866,0.2199,38.71,93,94,272389
1.9453,0.2199,38.58,93,94,272392
2.0137,0.2151,38.62,93,94,272396
2.2190,0.2493,38.33,93,94,272399
2.3705,0.2248,38.55,93,94,272402
2.5806,0.2151,38.49,93,94,272406
2.8543,0.2151,38.58,93,94,272409
3.0743,0.1906,38.62,93,94,272412
3.3236,0.2297,38.46,93,94,272416
3.3333,0.2248,38.55,93,94,272419
3.2405,0.2151,38.49,93,94,272422
2.9472,0.2199,38.77,93,94,272425
2.6442,0.2151,38.65,93,94,272430
2.3314,0.2248,38.58,93,94,272433
2.0381,0.2199,38.62,93,94,272436
1.8328,0.2248,38.52,93,94,272440
1.6276,0.2151,38.71,93,94,272443
1.4956,0.2151,38.62,93,94,272446
1.4321,0.2297,38.52,93,94,272450
1.3930,0.2199,38.65,93,94,272453
1.3587,0.2151,38.46,93,94,272456
1.3392,0.2346,38.55,93,94,272460
1.3587,0.2151,38.62,93,94,272463
1.4076,0.2346,38.46,93,94,272466
1.4076,0.2248,38.62,93,94,272470
1.4614,0.2248,38.36,93,94,272474
1.4712,0.2199,38.62,93,94,272477
1.4858,0.2151,38.58,93,94,272480
1.5005,0.2199,38.55,93,94,272484
1.4956,0.2542,38.58,93,94,272487
1.5738,0.2297,38.30,93,94,272490
1.5543,0.2151,38.58,93,94,272494
1.5787,0.2053,38.62,93,94,272497
1.5934,0.2102,38.58,93,94,272500
1.5934,0.2151,38.62,93,94,272504
1.6422,0.2346,38.43,93,94,272507
1.6276,0.2199,37.77,93,94,272510
1.6422,0.2346,38.55,93,94,272514
1.6422,0.2199,38.71,93,94,272518
1.6373,0.2151,38.62,93,94,272521
1.6813,0.2297,38.46,93,94,272524
1.6667,0.2199,38.62,93,94,272528
1.6813,0.2102,38.46,93,94,272531
1.6569,0.2151,38.62,93,94,272534
1.6716,0.2151,38.62,93,94,272538
1.7107,0.2297,38.49,93,94,272541
1.6862,0.2199,38.55,93,94,272544
1.7058,0.2199,38.46,93,94,272548
1.6667,0.2151,38.62,93,94,272551
1.6960,0.2248,38.58,93,94,272555
1.7351,0.2151,38.52,93,94,272558
1.6911,0.2151,38.62,93,94,272562
1.7253,0.2199,38.40,93,94,272565
1.7107,0.2151,38.62,93,94,272568
1.7204,0.2248,38.58,93,94,272572
1.7400,0.2199,38.55,93,94,272575
1.7155,0.2199,38.52,93,94,272578
1.7351,0.2248,38.33,93,94,272582
1.7107,0.2248,38.52,93,94,272585
1.7155,0.2151,38.55,93,94,272588
1.7644,0.2199,38.58,93,94,272592
1.7791,0.2151,38.58,93,94,272595
1.8475,0.2346,38.36,93,94,272599
1.7742,0.2248,38.46,93,94,272603
1.7595,0.2102,38.55,93,94,272606
1.7595,0.2199,38.62,93,94,272609
1.7546,0.2151,38.68,93,94,272612
1.7937,0.2248,38.46,93,94,272616
1.7693,0.2199,38.58,93,94,272619
1.7742,0.2151,38.55,93,94,272622
1.7546,0.2151,38.58,93,94,272626
1.7449,0.2297,38.74,93,94,272629
1.7937,0.2199,38.55,93,94,272632
1.7937,0.2199,38.58,93,94,272636
1.8280,0.2199,38.55,93,94,272640
1.7986,0.2199,38.58,93,94,272643
1.7889,0.2151,38.62,93,94,272646
1.8133,0.2248,38.52,93,94,272650
1.8035,0.2199,38.62,93,94,272653
1.8328,0.2151,38.40,93,94,272656
1.8133,0.2151,38.52,93,94,272660
1.8182,0.2151,38.62,93,94,272663
1.8768,0.2199,38.49,93,94,272666
1.8377,0.2151,38.65,93,94,272670
1.8866,0.2248,38.40,93,94,272673
1.8719,0.2199,38.55,93,94,272676
1.8573,0.2151,38.62,93,94,272680
1.8671,0.2395,38.55,93,94,272684
1.8768,0.2151,38.62,93,94,272687
1.9550,0.2297,38.27,93,94,272691
1.9159,0.2102,38.52,93,94,272694
1.8915,0.2102,38.58,93,94,272697
1.8768,0.2395,38.58,93,94,272700
1.8719,0.2151,38.58,93,94,272704
1.9208,0.2444,38.43,93,94,272707
1.8915,0.1906,38.55,93,94,272710
1.8866,0.2151,38.49,93,94,272714
1.8671,0.2199,38.58,93,94,272717
1.8524,0.2151,38.65,93,94,272720
1.8719,0.2248,38.40,93,94,272724
1.8426,0.2199,38.58,93,94,272728
1.8524,0.2199,38.49,93,94,272731
1.8475,0.2102,38.62,93,94,272735
1.8426,0.2151,38.58,93,94,272738
1.8671,0.2199,38.49,93,94,272741
1.8328,0.2151,38.58,93,94,272744
1.8426,0.2151,38.58,93,94,272748
1.8182,0.2151,38.58,93,94,272751
1.8084,0.2151,38.62,93,94,272754
1.8133,0.2493,38.52,93,94,272758
1.7840,0.2199,38.58,93,94,272761
1.8133,0.2199,38.40,93,94,272764
1.8035,0.2151,38.62,93,94,272769
1.8035,0.2151,38.58,93,94,272772
1.8231,0.2248,38.52,93,94,272775
1.8035,0.2151,38.58,93,94,272779
1.8524,0.2297,38.33,93,94,272782
1.8426,0.2297,38.52,93,94,272785
1.8035,0.2102,38.62,93,94,272788
1.8035,0.2248,38.55,93,94,272792
1.8084,0.2151,38.58,93,94,272795
1.8475,0.2297,38.40,93,94,272798
1.8035,0.2248,38.46,93,94,272802
1.7889,0.2151,38.52,93,94,272805
1.7840,0.2199,38.55,93,94,272808
1.7889,0.2248,38.62,93,94,272813
1.8328,0.2248,38.46,93,94,272816
1.8182,0.2102,38.55,93,94,272819
1.8280,0.2102,38.49,93,94,272823
1.8231,0.2199,38.62,93,94,272826
1.8280,0.2639,38.68,93,94,272829
1.8524,0.2248,38.55,93,94,272832
1.8426,0.2199,38.58,93,94,272836
1.8622,0.2248,38.46,93,94,272839
1.8280,0.2199,38.58,93,94,272842
1.8280,0.2151,38.58,93,94,272846
1.8524,0.2248,38.46,93,94,272849
1.8133,0.2199,38.58,93,94,272852
1.8377,0.2199,38.52,93,94,272857
1.8231,0.2199,38.52,93,94,272860
1.8328,0.1906,38.62,93,94,272863
1.8719,0.2248,38.43,93,94,272867
1.8671,0.2199,38.58,93,94,272870
1.9062,0.2199,38.36,93,94,272873
1.8768,0.2590,38.52,93,94,272876
1.8671,0.2248,38.65,93,94,272880
1.8768,0.2199,38.55,93,94,272883
1.8622,0.2151,38.71,93,94,272886
1.9062,0.2199,38.30,93,94,272890
1.8573,0.2151,38.49,93,94,272893
1.8573,0.2590,38.58,93,94,272897
1.8622,0.2199,38.55,93,94,272901
1.9062,0.1906,38.58,93,94,272905
1.9257,0.2151,38.65,93,94,272909
1.9746,0.2346,38.40,93,94,272912
1.9550,0.2199,38.58,93,94,272915
1.9746,0.2199,38.46,93,94,272919
1.9306,0.2248,38.62,93,94,272922
1.9110,0.2248,38.58,93,94,272925
1.8915,0.2199,38.49,93,94,272928
1.8377,0.2199,38.58,93,94,272932
1.8524,0.2102,38.43,93,94,272935
1.8133,0.2151,38.68,93,94,272939
1.8035,0.2248,38.58,93,94,272943
1.8182,0.2102,38.49,93,94,272946
1.7742,0.2199,38.58,93,94,272949
1.8035,0.2199,38.36,93,94,272953
1.7644,0.2151,38.58,93,94,272956
1.7693,0.2151,38.62,93,94,272959
1.7840,0.2248,38.55,93,94,272962
1.7546,0.2151,38.62,93,94,272966
1.8035,0.2297,38.30,93,94,272969
1.7742,0.1906,38.55,93,94,272972
1.7498,0.2151,38.62,93,94,272976
1.7546,0.2248,38.58,93,94,272979
1.7449,0.2151,38.68,93,94,272983
1.7986,0.2346,38.40,93,94,272987
1.7644,0.2248,38.52,93,94,272990
1.7546,0.2151,38.52,93,94,272993
1.7546,0.2199,38.65,93,94,272997
1.7546,0.2151,38.58,93,94,273000
1.7986,0.2199,38.46,93,94,273003
1.7937,0.2199,38.58,93,94,273006
1.8231,0.2199,38.46,93,94,273010
1.8182,0.2199,38.62,93,94,273013
1.8280,0.2151,38.58,93,94,273016
1.8866,0.2102,38.52,93,94,273020
1.9257,0.2199,38.58,93,94,273024
2.0528,0.2248,38.46,93,94,273027
2.1652,0.2199,38.62,93,94,273031
2.3558,0.2151,38.49,93,94,273034
2.6197,0.2151,38.49,93,94,273037
2.8397,0.2199,38.68,93,94,273041
3.1232,0.2542,38.40,93,94,273044
3.2600,0.1906,38.49,93,94,273047
3.2796,0.2151,38.65,93,94,273050
3.1574,0.2248,38.49,93,94,273054
2.8250,0.2199,38.62,93,94,273057
2.5415,0.2248,38.33,93,94,273060
2.1799,0.2199,38.49,93,94,273064
1.8964,0.2248,38.58,93,94,273068
1.6862,0.2199,38.58,93,94,273071
1.5103,0.2151,38.65,93,94,273075
1.4418,0.2297,38.33,93,94,273078
1.3392,0.2199,38.52,93,94,273081
1.3001,0.2199,38.55,93,94,273085
1.2903,0.2199,38.58,93,94,273088
1.2805,0.2151,38.62,93,94,273091
1.3343,0.2346,38.43,93,94,273094
1.3245,0.2199,38.71,93,94,273098
1.3490,0.2248,38.46,93,94,273101
1.3734,0.2199,38.58,93,94,273104
1.3930,0.2151,38.62,93,94,273108
1.4370,0.2346,38.40,93,94,273112
1.4370,0.2199,38.58,93,94,273115
1.4663,0.2199,38.46,93,94,273119
1.4907,0.2248,38.58,93,94,273122
1.4858,0.1906,38.58,93,94,273125
1.5249,0.2248,38.27,93,94,273129
1.5200,0.2199,38.58,93,94,273132
1.5640,0.2102,38.46,93,94,273135
1.5494,0.2151,38.65,93,94,273138
1.5591,0.2151,38.58,93,94,273142
1.5738,0.2199,38.52,93,94,273145
1.5689,0.2199,38.62,93,94,273148
1.5982,0.2297,38.43,93,94,273153
1.5836,0.2151,38.68,93,94,273156
1.5934,0.2151,38.62,93,94,273159
1.6178,0.2248,37.80,93,94,273163
1.6080,0.2199,38.55,93,94,273166
1.6618,0.2297,38.33,93,94,273169
1.6373,0.2199,38.43,93,94,273173
1.6325,0.2395,38.58,93,94,273176
1.6520,0.2297,38.55,93,94,273179
1.6422,0.2151,38.55,93,94,273182
1.6911,0.2346,38.36,93,94,273186
1.6667,0.2346,38.55,93,94,273189
1.6618,0.2151,38.55,93,94,273192
1.6667,0.2199,38.68,93,94,273197
1.6667,0.2248,38.58,93,94,273200
1.7009,0.2297,38.46,93,94,273203
1.6813,0.2199,38.65,93,94,273207
1.6911,0.2199,38.46,93,94,273210
1.6813,0.2199,38.62,93,94,273213
1.6813,0.2395,38.58,93,94,273217
1.7107,0.2248,38.55,93,94,273220
1.7009,0.2199,38.58,93,94,273223
1.7302,0.2248,38.40,93,94,273226
1.7107,0.2199,38.58,93,94,273230
1.7155,0.2151,38.62,93,94,273233
1.7449,0.2297,38.49,93,94,273236
1.7204,0.2199,38.58,93,94,273241
1.7449,0.2199,38.46,93,94,273244
1.7253,0.2199,38.52,93,94,273247
1.7302,0.2151,38.62,93,94,273251
1.7498,0.2346,38.46,93,94,273254
1.7351,0.1906,38.62,93,94,273257
1.7742,0.2248,38.33,93,94,273261
1.7546,0.2248,38.52,93,94,273264
1.7449,0.2151,38.58,93,94,273267
1.7546,0.2542,38.52,93,94,273270
1.7498,0.2102,38.62,93,94,273274
1.8035,0.2297,38.30,93,94,273277
1.7644,0.2248,38.52,93,94,273281
1.7595,0.2151,38.58,93,94,273285
1.7742,0.2199,38.58,93,94,273288
1.7791,0.2102,38.62,93,94,273291
1.8280,0.2297,38.40,93,94,273295
1.7986,0.2199,38.62,93,94,273298
1.8231,0.2151,38.49,93,94,273301
1.7986,0.2346,38.62,93,94,273305
1.8328,0.2102,38.65,93,94,273308
1.8524,0.2297,38.43,93,94,273311
1.8622,0.2102,38.55,93,94,273314
1.8573,0.2199,38.46,93,94,273318
1.8426,0.2199,38.58,93,94,273321
1.8426,0.2248,38.68,93,94,273325
1.8671,0.2248,38.49,93,94,273329
1.8426,0.2199,38.58,93,94,273332
1.8719,0.2248,38.52,93,94,273335
1.8328,0.2151,38.68,93,94,273339
1.8426,0.2151,38.58,93,94,273342
1.8475,0.2199,38.62,93,94,273345
1.8328,0.2248,38.68,93,94,273349
1.8573,0.2199,38.40,93,94,273352
1.8231,0.2493,38.68,93,94,273355
1.8328,0.2102,38.62,93,94,273358
1.8426,0.2248,38.52,93,94,273362
1.8377,0.2199,38.58,93,94,273366
1.8671,0.2297,38.33,93,94,273369
1.8377,0.2297,38.52,93,94,273373
1.8182,0.2151,38.62,93,94,273376
1.8231,0.2248,38.55,93,94,273379
1.8182,0.2151,38.62,93,94,273383
1.8671,0.2395,38.43,93,94,273386
1.8280,0.2248,38.52,93,94,273389
1.8133,0.2151,38.49,93,94,273393
1.7986,0.2199,38.58,93,94,273396
1.7986,0.2151,38.65,93,94,273399
1.8231,0.2248,38.46,93,94,273403
1.8035,0.2199,38.36,93,94,273406
1.8133,0.2199,38.58,93,94,273410
1.7889,0.2151,38.58,93,94,273413
1.7937,0.2151,38.58,93,94,273417
1.8035,0.2199,38.52,93,94,273420
1.7889,0.2199,38.62,93,94,273423
1.8084,0.2248,38.49,93,94,273427
1.7693,0.2199,38.58,93,94,273430
1.7742,0.2151,38.68,93,94,273433
1.7986,0.2199,38.49,93,94,273437
1.7840,0.2199,38.65,93,94,273440
1.8133,0.2248,38.40,93,94,273443
1.7986,0.2102,38.49,93,94,273447
1.7986,0.2151,38.71,93,94,273451
1.8231,0.2248,38.52,93,94,273454
1.8133,0.2199,38.62,93,94,273458
1.8671,0.2248,38.36,93,94,273461
1.8377,0.2151,38.62,93,94,273464
1.8377,0.2248,38.62,93,94,273467
1.8768,0.2248,38.58,93,94,273471
1.8426,0.2151,38.58,93,94,273474
1.9013,0.2493,38.43,93,94,273477
1.8622,0.2199,38.77,93,94,273481
1.8622,0.2151,38.52,93,94,273484
1.8622,0.2199,38.62,93,94,273487
1.8622,0.2248,38.62,93,94,273491
1.9013,0.2297,38.49,93,94,273495
1.8768,0.2199,38.62,93,94,273498
1.8866,0.2199,38.46,93,94,273502
1.8719,0.2199,38.62,93,94,273505
1.8768,0.2151,38.58,93,94,273508
1.9062,0.2248,38.58,93,94,273512
1.9208,0.2199,38.58,93,94,273516
1.9062,0.2248,38.62,93,94,273520
1.9599,0.2151,38.36,93,94,273523
1.9355,0.2199,38.46,93,94,273526
1.9550,0.2151,38.62,93,94,273529
1.9501,0.2199,38.55,93,94,273533
1.9453,0.2102,38.58,93,94,273537
1.9990,0.2297,38.30,93,94,273540
1.9599,0.2151,38.49,93,94,273544
1.9648,0.2151,38.58,93,94,273547
1.9648,0.2199,38.65,93,94,273550
1.9550,0.2248,38.58,93,94,273554
1.9892,0.2297,38.43,93,94,273557
1.9208,0.2248,38.55,93,94,273560
1.8866,0.2199,38.52,93,94,273564
1.8622,0.2199,38.62,93,94,273567
1.8573,0.2102,38.62,93,94,273570
1.8817,0.2297,38.52,93,94,273573
1.8426,0.2248,38.55,93,94,273577
1.8475,0.2199,38.46,93,94,273581
1.8182,0.2199,38.58,93,94,273584
1.8084,0.2248,38.68,93,94,273588
1.8280,0.2297,38.52,93,94,273591
1.7937,0.2444,38.62,93,94,273594
1.8084,0.2297,38.46,93,94,273598
1.7742,0.2151,38.58,93,94,273601
1.7742,0.2248,38.68,93,94,273604
1.7840,0.2199,38.52,93,94,273608
1.7742,0.2199,38.71,93,94,273611
1.7986,0.2199,38.40,93,94,273614
1.7644,0.2199,38.62,93,94,273617
1.7742,0.2151,38.55,93,94,273622
1.7937,0.2199,38.52,93,94,273625
1.7791,0.2199,38.65,93,94,273628
1.8231,0.2590,38.33,93,94,273632
1.7986,0.2199,38.49,93,94,273635
1.7840,0.2151,38.62,93,94,273638
1.8035,0.2199,38.55,93,94,273642
1.8133,0.2199,38.62,93,94,273645
1.8915,0.2395,38.33,93,94,273648
1.9013,0.2199,38.49,93,94,273652
1.9501,0.2151,38.58,93,94,273655
2.0332,0.2199,38.58,93,94,273658
2.1652,0.2102,38.58,93,94,273661
2.3803,0.2297,38.49,93,94,273666
2.5464,0.2151,38.55,93,94,273669
2.7859,0.2151,38.49,93,94,273672
2.9961,0.2199,38.58,93,94,273676
3.1720,0.2151,38.62,93,94,273679
3.2698,0.2297,38.58,93,94,273682
3.1281,0.2493,38.52,93,94,273686
2.8935,0.2102,38.43,93,94,273689
2.5464,0.2199,38.65,93,94,273692
2.2532,0.2248,38.62,93,94,273696
2.0332,0.2297,38.43,93,94,273699
1.7889,0.2297,38.62,93,94,273702
1.6520,0.2102,38.46,93,94,273705
1.4956,0.2151,38.55,93,94,273710
1.4174,0.2151,38.62,93,94,273713
1.3832,0.2248,38.52,93,94,273716
1.3441,0.2199,38.58,93,94,273720
1.3587,0.2102,38.40,93,94,273723
1.3392,0.2199,38.52,93,94,273726
1.3539,0.2151,38.62,93,94,273730
1.3832,0.2248,38.55,93,94,273733
1.3832,0.2248,38.52,93,94,273736
1.4321,0.2248,38.33,93,94,273740
1.4125,0.2151,38.49,93,94,273743
1.4321,0.2151,38.68,93,94,273746
1.4565,0.2199,38.58,93,94,273750
1.4663,0.2199,38.62,93,94,273754
1.5347,0.2346,38.43,93,94,273757
1.5200,0.2248,38.68,93,94,273760
1.5298,0.2151,38.49,93,94,273764
1.5445,0.2199,38.65,93,94,273767
1.5543,0.2151,38.62,93,94,273770
1.6031,0.2248,38.43,93,94,273774
1.5885,0.2248,38.55,93,94,273777
1.6129,0.2102,38.46,93,94,273780
1.6031,0.2199,38.62,93,94,273784
1.6129,0.2151,38.58,93,94,273787
1.6471,0.2297,38.55,93,94,273790
1.6373,0.2151,38.58,93,94,273795
1.6667,0.2395,38.49,93,94,273798
1.6471,0.2151,38.58,93,94,273801
1.6569,0.2346,38.62,93,94,273804
1.6764,0.2248,38.55,93,94,273808
1.6667,0.2199,38.62,93,94,273811
1.6911,0.2199,38.40,93,94,273814
1.6764,0.2199,38.65,93,94,273818
1.6813,0.2151,38.62,93,94,273821
1.7009,0.2199,38.62,93,94,273824
1.6911,0.2199,38.55,93,94,273828
1.7351,0.2199,38.43,93,94,273831
1.7155,0.2248,38.52,93,94,273835
1.7009,0.2151,38.55,93,94,273839
1.7107,0.2248,38.55,93,94,273842
1.7107,0.2151,38.58,93,94,273845
1.7595,0.2493,38.36,93,94,273848
1.7302,0.2199,38.49,93,94,273852
1.7204,0.2151,38.52,93,94,273855
1.7253,0.2102,38.58,93,94,273858
1.7253,0.2151,38.62,93,94,273862
1.7742,0.2248,38.46,93,94,273865
1.7498,0.2199,38.58,93,94,273868
1.7595,0.2199,38.65,93,94,273872
1.7498,0.2199,38.58,93,94,273875
1.7546,0.2151,38.55,93,94,273879
1.7791,0.2102,38.58,93,94,273883
1.7644,0.2199,38.58,93,94,273886
1.7937,0.2248,38.49,93,94,273889
1.7644,0.2199,38.62,93,94,273892
1.7742,0.2151,37.83,93,94,273896
1.8280,0.2199,38.49,93,94,273899
1.7791,0.2199,38.62,93,94,273902
1.7986,0.2248,38.43,93,94,273906
1.7889,0.2151,38.49,93,94,273909
1.7840,0.2151,38.58,93,94,273912
1.8133,0.2248,38.52,93,94,273916
1.7937,0.2151,38.71,93,94,273920
1.8377,0.2248,38.36,93,94,273923
1.8182,0.2199,38.52,93,94,273927
1.8182,0.2199,38.58,93,94,273930
1.8328,0.2102,38.58,93,94,273933
1.8231,0.2199,38.62,93,94,273936
1.8866,0.2297,38.36,93,94,273940
1.8573,0.2199,38.58,93,94,273943
1.8622,0.2102,38.58,93,94,273946
1.8719,0.2151,38.58,93,94,273950
1.8768,0.2151,38.68,93,94,273953
1.9355,0.2346,38.43,93,94,273956
1.9013,0.2248,38.55,93,94,273960
1.8915,0.2151,38.46,93,94,273964
1.8817,0.2199,38.62,93,94,273967
1.8768,0.2151,38.65,93,94,273971
1.9159,0.2102,38.40,93,94,273974
1.8768,0.2199,38.62,93,94,273977
1.8817,0.2248,38.43,93,94,273981
1.8573,0.2199,38.58,93,94,273984
1.8524,0.2151,38.62,93,94,273987
1.8817,0.2248,38.49,93,94,273990
1.8475,0.2199,38.58,93,94,273994
1.8768,0.2199,38.52,93,94,273997
1.8426,0.2102,38.58,93,94,274000
1.8475,0.2151,38.62,93,94,274004
1.8622,0.2248,38.55,93,94,274008
1.8426,0.2199,38.58,93,94,274011
1.8719,0.2199,38.36,93,94,274015
1.8377,0.2151,38.62,93,94,274018
1.8377,0.2151,38.02,93,94,274021
1.8719,0.2248,38.55,93,94,274025
1.8328,0.2199,38.58,93,94,274028
1.8719,0.2590,38.33,93,94,274031
1.8622,0.2102,38.49,93,94,274034
1.8182,0.2151,38.62,93,94,274038
1.8573,0.2199,38.58,93,94,274041
1.8133,0.1906,38.58,93,94,274044
1.8622,0.2346,38.40,93,94,274049
1.8231,0.2297,38.52,93,94,274052
1.8133,0.2151,38.55,93,94,274055
1.8084,0.2102,38.58,93,94,274059
1.8035,0.2151,38.62,93,94,274062
1.8475,0.2297,38.43,93,94,274065
1.8524,0.2199,38.55,93,94,274069
1.8280,0.2199,38.49,93,94,274072
1.8084,0.2199,38.58,93,94,274075
1.8035,0.2151,38.58,93,94,274078
1.8377,0.2248,38.68,93,94,274082
1.8328,0.2199,38.58,93,94,274085
1.8573,0.2395,38.46,93,94,274088
1.8377,0.2199,38.84,93,94,274093
1.8426,0.2199,38.62,93,94,274096
1.8719,0.2248,38.43,93,94,274099
1.8475,0.2248,38.68,93,94,274103
1.8817,0.2199,38.43,93,94,274106
1.8671,0.2151,38.52,93,94,274109
1.8622,0.2199,38.62,93,94,274113
1.8817,0.2297,38.46,93,94,274116
1.8573,0.2151,38.58,93,94,274119
1.9062,0.2248,38.33,93,94,274122
1.9404,0.2346,38.40,93,94,274127
1.9062,0.2248,38.81,93,94,274130
1.9062,0.2053,38.55,93,94,274135
1.9110,0.2199,38.58,93,94,274138
1.9110,0.2151,38.62,93,94,274141
1.9453,0.2297,38.49,93,94,274145
1.9257,0.2199,38.52,93,94,274148
1.9404,0.2493,38.46,93,94,274151
1.9257,0.2199,38.68,93,94,274155
1.9355,0.2248,38.62,93,94,274158
1.9746,0.2346,38.36,93,94,274161
1.9501,0.2151,38.58,93,94,274165
1.9892,0.2248,38.49,93,94,274168
1.9697,0.2102,38.58,93,94,274171
1.9844,0.2297,38.62,93,94,274176
2.0088,0.2248,38.46,93,94,274179
1.9892,0.2199,38.58,93,94,274182
2.0039,0.2151,38.40,93,94,274185
1.9648,0.2151,38.55,93,94,274189
1.9404,0.2151,38.62,93,94,274192
1.9355,0.2199,38.52,93,94,274195
1.8817,0.2199,38.58,93,94,274199
1.9110,0.2248,38.33,93,94,274202
1.8573,0.2102,38.55,93,94,274205
1.8524,0.2151,38.58,93,94,274209
1.8719,0.2248,38.58,93,94,274212
1.8328,0.2199,38.65,93,94,274215
1.8719,0.2248,38.33,93,94,274220
1.8231,0.2199,38.49,93,94,274223
1.7986,0.2151,38.52,93,94,274226
1.7937,0.2199,38.68,93,94,274229
1.7889,0.2151,38.58,93,94,274233
1.8377,0.2297,38.43,93,94,274236
1.8035,0.2248,38.49,93,94,274239
1.8182,0.2248,38.49,93,94,274243
1.7889,0.2199,38.58,93,94,274246
1.7840,0.2151,38.58,93,94,274249
1.8084,0.2248,38.46,93,94,274253
1.7889,0.2199,38.58,93,94,274256
1.8084,0.2199,38.46,93,94,274259
1.7937,0.2199,38.58,93,94,274264
1.7889,0.2151,38.62,93,94,274267
1.8231,0.2248,38.52,93,94,274270
1.7986,0.2199,38.62,93,94,274273
1.8377,0.2199,38.46,93,94,274277
1.8328,0.2199,38.62,93,94,274280
1.8719,0.2102,38.65,93,94,274283
1.9501,0.2297,38.46,93,94,274287
2.0039,0.2199,38.71,93,94,274290
2.1505,0.2248,38.36,93,94,274293
2.2776,0.2102,38.55,93,94,274297
2.4340,0.2151,38.62,93,94,274300
2.7028,0.2102,38.49,93,94,274304
2.8886,0.2151,38.58,93,94,274308
3.1720,0.2248,38.40,93,94,274311
3.2258,0.2199,38.49,93,94,274314
3.1818,0.2151,38.62,93,94,274317
2.9863,0.2248,38.55,93,94,274321
2.6833,0.2151,38.58,93,94,274324
2.4487,0.2346,38.40,93,94,274327
2.1212,0.2248,38.52,93,94,274331
1.9159,0.2102,38.52,93,94,274334
1.7107,0.2199,38.71,93,94,274337
1.5689,0.2151,38.62,93,94,274341
1.5005,0.2297,38.49,93,94,274344
1.4223,0.2199,38.58,93,94,274348
1.3930,0.2102,38.49,93,94,274352
1.3685,0.2199,38.68,93,94,274355
1.3685,0.2199,38.62,93,94,274358
1.4027,0.2297,38.46,93,94,274361
1.3978,0.2248,38.65,93,94,274365
1.4321,0.2199,38.49,93,94,274368
1.4223,0.2102,38.58,93,94,274371
1.4418,0.2248,38.58,93,94,274375
1.4712,0.2248,38.49,93,94,274378
1.4761,0.2199,38.58,93,94,274381
1.5200,0.1906,38.40,93,94,274385
1.5103,0.2151,38.55,93,94,274388
1.5249,0.2199,38.58,93,94,274392
1.5543,0.2248,38.55,93,94,274396
1.5543,0.2151,38.65,93,94,274399
1.6129,0.2248,38.33,93,94,274402
1.5738,0.2199,38.62,93,94,274405
1.5934,0.2151,38.62,93,94,274409
1.6129,0.2199,38.58,93,94,274412
1.6227,0.2248,38.68,93,94,274415
1.6813,0.2346,38.33,93,94,274419
1.6520,0.2248,38.77,93,94,274422
1.6471,0.2151,38.58,93,94,274425
1.6569,0.2199,38.58,93,94,274429
1.6618,0.2199,38.62,93,94,274433
1.7009,0.2102,38.43,93,94,274436
1.6862,0.2248,38.65,93,94,274440
1.6813,0.2248,38.49,93,94,274443
1.6764,0.2199,38.62,93,94,274446
1.6813,0.2151,38.62,93,94,274449
1.7107,0.2248,38.49,93,94,274453
1.6960,0.2199,38.58,93,94,274456
1.7204,0.2199,38.43,93,94,274459
1.7009,0.2151,38.62,93,94,274463
1.7107,0.2151,38.62,93,94,274466
1.7302,0.2346,38.55,93,94,274469
1.7302,0.2102,38.58,93,94,274473
1.7595,0.2199,38.43,93,94,274477
1.7351,0.2199,38.62,93,94,274480
1.7351,0.2151,38.68,93,94,274484
1.7546,0.2248,38.55,93,94,274487
1.7400,0.2151,38.65,93,94,274490
1.7693,0.2248,38.36,93,94,274493
1.7595,0.2297,38.49,93,94,274497
1.7400,0.2151,38.62,93,94,274500
1.7546,0.2248,38.52,93,94,274503
1.7400,0.2199,38.62,93,94,274507
1.7889,0.2297,38.46,93,94,274510
1.7595,0.2199,38.55,93,94,274513
1.7498,0.2151,38.58,93,94,274518
1.7498,0.2297,38.55,93,94,274521
1.7449,0.2199,38.62,93,94,274524
1.7986,0.2346,38.40,93,94,274528
1.7693,0.2248,38.55,93,94,274531
1.7693,0.2151,38.52,93,94,274534
1.7595,0.2199,38.46,93,94,274537
1.7595,0.1906,38.62,93,94,274541
1.7937,0.2297,38.74,93,94,274544
1.7693,0.2151,38.58,93,94,274547
1.7840,0.1906,38.49,93,94,274551
1.7840,0.2199,38.58,93,94,274554
1.7937,0.2199,38.62,93,94,274557
1.8328,0.2297,38.43,93,94,274562
1.8133,0.2151,38.58,93,94,274565
1.8475,0.2102,38.49,93,94,274568
1.8280,0.2102,38.58,93,94,274572
1.8377,0.2297,38.58,93,94,274575
1.8573,0.2199,38.49,93,94,274578
1.8426,0.2199,38.55,93,94,274581
1.8719,0.2199,38.40,93,94,274585
1.8475,0.2151,38.55,93,94,274588
1.8475,0.2151,38.65,93,94,274591
1.8768,0.2248,38.52,93,94,274595
1.8475,0.2151,38.62,93,94,274598
1.8915,0.2248,38.36,93,94,274601
1.8573,0.2151,38.68,93,94,274606
1.8622,0.2248,38.58,93,94,274609
1.8768,0.2199,38.55,93,94,274612
1.8671,0.2199,38.58,93,94,274616
1.9355,0.2346,38.33,93,94,274619
1.8524,0.2248,38.49,93,94,274622
1.8231,0.2102,38.58,93,94,274625
1.8182,0.2199,38.68,93,94,274629
1.8133,0.2151,38.55,93,94,274632
1.8622,0.2248,38.40,93,94,274635
1.8377,0.2248,38.58,93,94,274639
1.8280,0.2199,38.46,93,94,274642
1.8377,0.2151,38.62,93,94,274646
1.8084,0.2151,38.62,93,94,274650
1.8671,0.2199,38.46,93,94,274653
1.8133,0.2199,38.55,93,94,274656
1.8280,0.2199,38.49,93,94,274660
1.7986,0.2102,38.62,93,94,274663
1.8084,0.2151,38.58,93,94,274666
1.8280,0.2248,38.49,93,94,274670
1.8231,0.2151,38.62,93,94,274673
1.8475,0.2199,38.49,93,94,274676
1.8133,0.2199,38.58,93,94,274679
1.8133,0.2151,38.71,93,94,274683
1.8280,0.2248,38.46,93,94,274686
1.8084,0.2199,38.55,93,94,274690
1.8426,0.2444,38.36,93,94,274694
1.8133,0.2199,38.52,93,94,274697
1.7986,0.2151,38.65,93,94,274700
1.8182,0.2248,38.55,93,94,274704
1.7986,0.2199,37.83,93,94,274707
1.8475,0.2248,38.30,93,94,274710
1.8035,0.2199,38.49,93,94,274714
1.8035,0.2151,38.62,93,94,274717
1.8084,0.2102,38.65,93,94,274720
1.8133,0.2199,38.58,93,94,274723
1.8719,0.2297,38.40,93,94,274727
1.8328,0.2199,38.55,93,94,274731
1.8524,0.2151,38.55,93,94,274734
1.8524,0.2346,38.55,93,94,274738
1.8671,0.2297,38.58,93,94,274741
1.8671,0.2151,38.58,93,94,274745
1.9013,0.2248,38.46,93,94,274748
1.8817,0.2151,38.58,93,94,274751
1.9306,0.2199,38.46,93,94,274755
1.9208,0.2151,38.55,93,94,274758
1.9159,0.2151,38.62,93,94,274761
1.9257,0.2297,38.46,93,94,274765
1.9062,0.2199,38.58,93,94,274768
1.9355,0.2248,38.36,93,94,274771
1.9013,0.2199,38.55,93,94,274776
1.8964,0.2151,38.62,93,94,274779
1.9110,0.2151,38.55,93,94,274782
1.9062,0.2199,38.62,93,94,274785
1.9599,0.2297,38.27,93,94,274789
1.9306,0.2151,38.52,93,94,274792
1.9404,0.2151,38.49,93,94,274795
1.9795,0.2248,38.58,93,94,274799
1.9648,0.2151,37.80,93,94,274802
2.0186,0.2346,38.49,93,94,274805
1.9892,0.2102,38.55,93,94,274809
1.9795,0.2151,38.52,93,94,274812
1.9501,0.2102,38.58,93,94,274816
1.9355,0.2151,38.71,93,94,274820
1.9453,0.2297,38.40,93,94,274823
1.8866,0.2199,38.58,93,94,274826
1.8768,0.2199,38.52,93,94,274829
1.8377,0.2248,38.62,93,94,274833
1.8377,0.2151,38.58,93,94,274836
1.8475,0.2346,38.52,93,94,274839
1.8084,0.2102,38.58,93,94,274843
1.8280,0.2199,38.52,93,94,274846
1.7889,0.2151,38.71,93,94,274849
1.7791,0.2102,38.62,93,94,274853
1.7693,0.2199,38.52,93,94,274856
1.7449,0.2199,38.55,93,94,274860
1.7742,0.2199,38.40,93,94,274864
1.7400,0.2199,38.71,93,94,274867
1.7400,0.2248,38.62,93,94,274870
1.7644,0.2102,38.52,93,94,274873
1.7546,0.2395,38.55,93,94,274877
1.8182,0.2199,38.36,93,94,274880
1.7840,0.2199,38.49,93,94,274883
1.7742,0.2151,38.52,93,94,274887
1.7840,0.2248,38.62,93,94,274890
1.7693,0.2151,38.58,93,94,274893
1.8231,0.2493,38.36,93,94,274897
1.7937,0.2248,38.65,93,94,274900
1.8084,0.2444,38.52,93,94,274904
1.8377,0.2199,38.62,93,94,274908
1.8622,0.2151,38.24,93,94,274911
1.9453,0.2297,38.43,93,94,274914
1.9746,0.2199,38.55,93,94,274917
2.0772,0.2199,38.55,93,94,274921
2.1994,0.2102,38.58,93,94,274924
2.3803,0.2151,38.62,93,94,274927
2.6295,0.2297,38.55,93,94,274931
2.8592,0.2199,38.55,93,94,274934
3.1329,0.2199,38.43,93,94,274937
3.2551,0.2199,38.58,93,94,274941
3.2698,0.2151,37.83,93,94,274945
3.1476,0.2346,38.46,93,94,274948
2.8104,0.2199,38.58,93,94,274952
2.5073,0.2199,38.46,93,94,274955
2.1799,0.2248,38.49,93,94,274958
1.9208,0.2151,38.62,93,94,274961
1.7400,0.2395,38.49,93,94,274965
1.5591,0.2151,38.65,93,94,274968
1.4761,0.2199,38.36,93,94,274971
1.3783,0.2297,38.55,93,94,274975
1.3441,0.1906,38.58,93,94,274978
1.3392,0.2248,38.65,93,94,274981
1.3294,0.2248,38.58,93,94,274985
1.3685,0.2297,38.30,93,94,274989
1.3490,0.2444,38.52,93,94,274992
1.4125,0.2102,38.58,93,94,274996
1.4125,0.2199,38.62,93,94,274999
1.4272,0.2102,38.58,93,94,275002
1.5005,0.2395,38.49,93,94,275005
1.4907,0.2248,38.52,93,94,275009
1.5103,0.2199,38.49,93,94,275012
1.5298,0.2199,38.68,93,94,275015
1.5543,0.2102,38.62,93,94,275019
1.5885,0.2297,38.43,93,94,275022
1.5689,0.2493,38.55,93,94,275025
1.5787,0.2248,38.46,93,94,275030
1.5591,0.2151,38.74,93,94,275033
1.5689,0.2053,38.58,93,94,275036
1.6129,0.2297,38.52,93,94,275040
1.6178,0.2199,38.27,93,94,275043
1.6618,0.2297,38.55,93,94,275046
1.6520,0.2151,38.65,93,94,275049
1.6618,0.2493,38.62,93,94,275053
1.6813,0.2199,38.49,93,94,275056
1.6618,0.2151,38.62,93,94,275059
1.6813,0.2346,38.40,93,94,275063
1.6569,0.2151,38.84,93,94,275066
1.6716,0.2248,38.62,93,94,275069
1.6911,0.2248,38.55,93,94,275074
1.6911,0.2151,38.58,93,94,275077
1.7253,0.2248,38.33,93,94,275080
1.7058,0.2542,38.52,93,94,275084
1.7058,0.2151,38.62,93,94,275087
1.7058,0.2199,38.49,93,94,275090
1.7058,0.2346,38.58,93,94,275093
1.7693,0.2346,38.36,93,94,275097
1.7400,0.2248,38.46,93,94,275100
1.7253,0.2151,38.55,93,94,275103
1.7107,0.2199,38.58,93,94,275107
1.6960,0.2151,38.62,93,94,275110
1.7400,0.2102,38.43,93,94,275113
1.7253,0.2199,38.55,93,94,275118
1.7204,0.2199,38.46,93,94,275121
1.6911,0.2199,38.62,93,94,275124
1.6960,0.2199,38.55,93,94,275128
1.7204,0.2248,38.62,93,94,275131
1.7107,0.2199,38.58,93,94,275134
1.7351,0.2248,38.43,93,94,275137
1.6960,0.2199,38.62,93,94,275141
1.7058,0.2151,38.62,93,94,275144
1.7351,0.2248,38.55,93,94,275147
1.7253,0.2199,37.80,93,94,275151
1.7644,0.2248,38.40,93,94,275154
1.7595,0.2151,38.49,93,94,275158
1.7546,0.2151,38.62,93,94,275162
1.7693,0.2297,38.49,93,94,275165
1.7400,0.2199,38.62,93,94,275168
1.7742,0.2346,38.33,93,94,275172
1.7644,0.2199,38.55,93,94,275175
1.7742,0.2151,37.99,93,94,275178
1.7889,0.2102,38.55,93,94,275182
1.7693,0.2151,38.58,93,94,275185
1.8280,0.2297,38.36,93,94,275188
1.7889,0.2199,38.52,93,94,275191
1.7791,0.2102,38.52,93,94,275195
1.7889,0.2199,38.55,93,94,275198
1.8084,0.2151,38.65,93,94,275202
1.8768,0.2346,38.43,93,94,275206
1.8524,0.2199,38.55,93,94,275209
1.8524,0.2151,38.49,93,94,275212
1.8426,0.2199,38.58,93,94,275216
1.8377,0.2151,38.71,93,94,275219
1.8817,0.2102,38.40,93,94,275222
1.8622,0.2199,38.33,93,94,275226
1.8768,0.2248,38.43,93,94,275229
1.8524,0.1906,38.65,93,94,275232
1.8768,0.2151,38.71,93,94,275235
1.9159,0.2151,38.49,93,94,275239
1.8524,0.2199,38.58,93,94,275243
1.8719,0.2199,38.46,93,94,275246
1.8328,0.2102,38.58,93,94,275250
1.8377,0.2151,38.58,93,94,275253
1.8671,0.2151,38.46,93,94,275256
1.8622,0.2151,38.71,93,94,275260
1.8915,0.2493,38.36,93,94,275263
1.8671,0.2151,38.05,93,94,275266
1.8768,0.2151,38.62,93,94,275270
1.8817,0.2248,38.55,93,94,275273
1.8475,0.2199,38.58,93,94,275276
1.8915,0.2297,38.33,93,94,275280
1.8426,0.2199,38.52,93,94,275283
1.8280,0.2151,38.58,93,94,275287
1.8280,0.2199,38.58,93,94,275290
1.8084,0.2151,38.55,93,94,275294
1.8768,0.2346,38.43,93,94,275297
1.8182,0.2248,38.43,93,94,275300
1.8182,0.2151,38.52,93,94,275304
1.8182,0.2199,38.68,93,94,275307
1.8084,0.2151,38.62,93,94,275310
1.8426,0.2297,38.46,93,94,275314
1.8231,0.2199,38.65,93,94,275317
1.8377,0.2151,38.55,93,94,275320
1.8133,0.2199,38.62,93,94,275324
1.8133,0.2248,38.62,93,94,275328
1.8377,0.2199,38.55,93,94,275331
1.8280,0.2199,38.65,93,94,275334
1.8524,0.2493,38.55,93,94,275338
1.8280,0.2199,38.65,93,94,275341
1.8328,0.2151,38.58,93,94,275344
1.8524,0.2248,38.46,93,94,275348
1.8622,0.2248,38.55,93,94,275351
1.8475,0.2444,38.58,93,94,275355
1.9062,0.2102,38.30,93,94,275358
1.8622,0.2199,38.49,93,94,275361
1.8719,0.2053,38.55,93,94,275365
1.9110,0.2102,38.55,93,94,275368
1.8768,0.2151,38.65,93,94,275372
1.9208,0.2395,38.40,93,94,275376
1.8817,0.2248,38.55,93,94,275379
1.8817,0.2151,38.52,93,94,275382
1.8866,0.2199,38.55,93,94,275385
1.8866,0.2102,38.58,93,94,275389
1.9062,0.2199,38.49,93,94,275392
1.8866,0.2151,38.58,93,94,275395
1.9159,0.2199,38.49,93,94,275399
1.9013,0.2248,38.55,93,94,275402
1.8964,0.2151,38.58,93,94,275405
1.9159,0.2297,38.49,93,94,275409
1.8866,0.2199,38.62,93,94,275412
1.9355,0.2199,38.49,93,94,275416
1.9355,0.2151,38.55,93,94,275420
1.9355,0.2248,38.62,93,94,275423
2.0088,0.2199,38.46,93,94,275426
1.9746,0.2151,38.58,93,94,275429
2.0137,0.2199,38.43,93,94,275433
1.9697,0.2199,38.52,93,94,275436
1.9404,0.2151,38.62,93,94,275439
1.9355,0.2248,38.62,93,94,275443
1.8915,0.2248,38.58,93,94,275446
1.9159,0.2248,38.30,93,94,275449
1.8622,0.2151,38.52,93,94,275453
1.8671,0.2102,38.62,93,94,275457
1.8573,0.2199,38.71,93,94,275460
1.8573,0.2102,38.58,93,94,275464
1.8817,0.2346,38.43,93,94,275467
1.8475,0.2199,38.55,93,94,275470
1.8475,0.2151,38.55,93,94,275474
1.8280,0.2493,38.62,93,94,275477
1.8231,0.2151,38.58,93,94,275480
1.8182,0.2297,38.43,93,94,275483
1.7791,0.2199,38.55,93,94,275487
1.7791,0.2199,38.49,93,94,275490
1.7693,0.2199,38.84,93,94,275493
1.7937,0.2151,38.55,93,94,275497
1.8035,0.2248,38.49,93,94,275501
1.7742,0.2199,38.58,93,94,275504
1.7889,0.2248,38.46,93,94,275508
1.7595,0.2199,38.58,93,94,275511
1.7595,0.2248,38.62,93,94,275514
1.7644,0.2199,38.49,93,94,275518
1.7449,0.2199,38.62,93,94,275521
1.7840,0.2199,38.43,93,94,275524
1.7644,0.2199,38.68,93,94,275527
1.8035,0.2151,38.58,93,94,275531
1.8671,0.2102,38.52,93,94,275534
1.8964,0.2346,38.58,93,94,275537
1.9990,0.2102,38.36,93,94,275542
2.0723,0.2199,38.49,93,94,275545
2.1896,0.2151,38.62,93,94,275548
2.3900,0.2248,38.55,93,94,275552
2.5953,0.2199,38.65,93,94,275555
2.9228,0.2346,38.27,93,94,275558
3.1183,0.2199,38.49,93,94,275562
3.2747,0.2102,38.58,93,94,275565
3.3431,0.2199,38.58,93,94,275568
3.1672,0.2199,38.62,93,94,275571
2.9472,0.2493,38.40,93,94,275575
2.5415,0.2102,38.55,93,94,275578
2.2141,0.2151,38.62,93,94,275581
1.9257,0.2297,38.55,93,94,275586
1.7009,0.2151,38.62,93,94,275589
1.5640,0.2248,38.49,93,94,275592
1.4272,0.2248,38.55,93,94,275596
1.3685,0.2199,38.46,93,94,275599
1.3245,0.2102,38.58,93,94,275602
1.3148,0.2151,38.58,93,94,275606
1.3392,0.2590,38.46,93,94,275609
1.3343,0.2199,37.87,93,94,275612
1.3783,0.2444,38.55,93,94,275615
1.3832,0.2102,38.55,93,94,275619
1.4027,0.2151,38.71,93,94,275622
1.4467,0.2199,38.46,93,94,275625
1.4418,0.2199,38.62,93,94,275630
1.4858,0.2199,38.36,93,94,275633
1.4907,0.2199,38.52,93,94,275636
1.5005,0.2151,38.62,93,94,275640
1.5249,0.2248,38.71,93,94,275643
1.5249,0.2151,38.58,93,94,275646
1.5689,0.2248,38.36,93,94,275650
1.5396,0.2151,38.52,93,94,275653
1.5543,0.2151,38.62,93,94,275656
1.5689,0.2151,38.58,93,94,275659
1.5738,0.2151,38.65,93,94,275663
1.6325,0.2346,38.40,93,94,275666
1.6031,0.2102,38.55,93,94,275670
1.5885,0.2151,38.55,93,94,275674
1.6031,0.2248,38.58,93,94,275677
1.5934,0.2151,38.62,93,94,275680
1.6325,0.2199,38.43,93,94,275684
1.6129,0.2199,38.55,93,94,275687
1.6227,0.2151,38.46,93,94,275690
1.6129,0.2199,38.62,93,94,275694
1.6227,0.2151,38.71,93,94,275697
1.6667,0.2297,38.52,93,94,275700
1.6520,0.2199,38.58,93,94,275704
1.6862,0.2248,38.55,93,94,275707
1.6667,0.2102,38.62,93,94,275710
1.6667,0.2151,38.58,93,94,275714
1.6862,0.2199,38.52,93,94,275718
1.6716,0.2151,38.62,93,94,275721
1.7009,0.2199,38.43,93,94,275724
1.6911,0.2199,38.58,93,94,275728
1.6862,0.2151,38.65,93,94,275731
1.7009,0.2248,38.49,93,94,275734
1.6911,0.2199,38.62,93,94,275738
1.7351,0.2248,38.65,93,94,275741
1.7155,0.2199,38.49,93,94,275744
1.7204,0.1906,38.62,93,94,275748
1.7253,0.2297,38.58,93,94,275751
1.7155,0.2199,38.62,93,94,275755
1.7644,0.2297,38.30,93,94,275758
1.7302,0.2199,38.49,93,94,275762
1.7204,0.2151,38.55,93,94,275765
1.7302,0.2199,38.62,93,94,275768
1.7302,0.2151,38.58,93,94,275772
1.7840,0.2346,38.43,93,94,275775
1.7546,0.2199,38.65,93,94,275778
1.7546,0.2151,38.49,93,94,275782
1.7449,0.2199,38.62,93,94,275785
1.7400,0.2493,38.65,93,94,275788
1.7693,0.2102,38.52,93,94,275792
1.7498,0.2199,38.68,93,94,275795
1.7644,0.2199,38.43,93,94,275799
1.7498,0.2199,38.58,93,94,275802
1.7546,0.2151,38.62,93,94,275806
1.7889,0.2297,38.49,93,94,275809
1.7644,0.2199,38.52,93,94,275812
1.7937,0.2199,38.43,93,94,275816
1.7644,0.2151,38.49,93,94,275819
1.7840,0.2151,38.62,93,94,275822
1.8133,0.2248,38.46,93,94,275826
1.8035,0.2199,38.62,93,94,275829
1.8719,0.2248,38.36,93,94,275832
1.8231,0.2199,38.62,93,94,275836
1.8280,0.2199,38.58,93,94,275840
1.8573,0.2102,38.52,93,94,275843
1.8377,0.2151,38.58,93,94,275846
1.8817,0.2297,38.33,93,94,275850
1.8426,0.2151,38.52,93,94,275853
1.8475,0.2346,38.58,93,94,275856
1.8573,0.2199,38.62,93,94,275860
1.8475,0.2493,38.55,93,94,275863
1.9013,0.2346,38.43,93,94,275866
1.8671,0.2248,38.58,93,94,275870
1.8524,0.2151,38.49,93,94,275873
1.8426,0.2199,38.71,93,94,275876
1.8377,0.2248,38.68,93,94,275880
1.8719,0.2297,38.43,93,94,275884
1.8377,0.2346,38.55,93,94,275887
1.8377,0.2199,38.46,93,94,275891
1.8133,0.2199,38.68,93,94,275894
1.8084,0.2151,38.58,93,94,275897
1.8231,0.2297,38.52,93,94,275900
1.8035,0.2199,38.55,93,94,275904
1.8231,0.2199,38.46,93,94,275907
1.7889,0.1906,38.58,93,94,275910
1.7840,0.2151,38.58,93,94,275914
1.7889,0.2151,38.52,93,94,275917
1.7742,0.2151,38.62,93,94,275920
1.7889,0.2590,38.40,93,94,275924
1.7595,0.2199,38.62,93,94,275928
1.7595,0.2199,38.62,93,94,275931
1.7742,0.2297,38.52,93,94,275935
1.7546,0.2199,38.58,93,94,275938
1.8133,0.2199,38.33,93,94,275941
1.7644,0.2199,38.43,93,94,275944
1.7449,0.2199,38.62,93,94,275948
1.7546,0.2248,38.55,93,94,275951
1.7449,0.2493,38.58,93,94,275954
1.8280,0.2346,38.33,93,94,275958
1.7889,0.2248,38.49,93,94,275961
1.7693,0.2199,38.52,93,94,275965
1.7937,0.2248,38.43,93,94,275969
1.7742,0.2199,38.58,93,94,275972
1.7791,0.2151,38.68,93,94,275976
1.7986,0.2199,38.52,93,94,275979
1.7889,0.2199,38.62,93,94,275982
1.8182,0.2151,38.43,93,94,275986
1.7937,0.2444,38.62,93,94,275989
1.8035,0.2102,38.68,93,94,275992
1.8280,0.2248,38.46,93,94,275996
1.8084,0.2151,38.58,93,94,275999
1.8426,0.2248,38.40,93,94,276002
1.8280,0.2199,38.52,93,94,276005
1.8231,0.2248,38.62,93,94,276009
1.8524,0.2297,38.49,93,94,276013
1.8377,0.2151,38.68,93,94,276016
1.8915,0.2297,38.30,93,94,276020
1.8573,0.2248,38.55,93,94,276023
1.8671,0.2102,38.58,93,94,276026
1.8671,0.2199,38.68,93,94,276030
1.8671,0.2199,38.62,93,94,276033
1.9257,0.2395,38.36,93,94,276036
1.8866,0.2248,38.55,93,94,276040
1.8964,0.2151,38.52,93,94,276043
1.8915,0.2199,38.55,93,94,276046
1.9013,0.2151,38.62,93,94,276050
1.9404,0.2444,38.52,93,94,276054
1.9257,0.2199,38.58,93,94,276057
1.9550,0.2199,38.46,93,94,276060
1.9306,0.2151,38.62,93,94,276064
1.9306,0.2151,38.58,93,94,276067
1.9550,0.2297,38.49,93,94,276070
1.9062,0.2248,38.58,93,94,276074
1.9062,0.2297,38.49,93,94,276077
1.8524,0.2102,38.43,93,94,276080
1.8328,0.2151,38.68,93,94,276084
1.8328,0.2199,38.52,93,94,276087
1.8084,0.2199,38.58,93,94,276090
1.8280,0.2102,38.40,93,94,276094
1.7937,0.2151,38.62,93,94,276098
1.7791,0.2199,38.62,93,94,276101
1.7840,0.2248,38.55,93,94,276104
1.7546,0.2199,38.55,93,94,276108
1.7840,0.2248,38.33,93,94,276111
1.7400,0.2151,38.55,93,94,276114
1.7351,0.2151,38.58,93,94,276118
1.7400,0.2248,38.55,93,94,276121
1.7253,0.2151,38.58,93,94,276124
1.7986,0.2346,38.18,93,94,276128
1.7400,0.2199,38.49,93,94,276131
1.7253,0.2151,38.52,93,94,276134
1.7302,0.2199,38.58,93,94,276139
1.7253,0.2199,38.71,93,94,276142
1.8035,0.2297,38.43,93,94,276145
1.7400,0.2248,38.62,93,94,276148
1.7400,0.2151,38.46,93,94,276152
1.7302,0.2199,38.58,93,94,276155
1.7351,0.2151,38.77,93,94,276158
1.8133,0.2102,38.46,93,94,276162
1.7840,0.2199,38.55,93,94,276165
1.8426,0.2199,38.43,93,94,276168
1.8719,0.2199,38.58,93,94,276172
1.9550,0.2199,38.62,93,94,276175
2.0821,0.2151,38.49,93,94,276178
2.2287,0.2199,38.58,93,94,276183
2.4536,0.2199,38.02,93,94,276186
2.6442,0.2151,38.58,93,94,276189
2.8886,0.2151,38.65,93,94,276192
3.1281,0.2248,38.46,93,94,276196
3.2014,0.2102,38.58,93,94,276199
3.2014,0.2248,38.40,93,94,276202
2.9521,0.2590,38.49,93,94,276206
2.6295,0.2102,38.62,93,94,276209
2.3509,0.2248,38.52,93,94,276212
2.0626,0.2151,38.62,93,94,276216
1.8866,0.2395,38.33,93,94,276219
1.6716,0.2151,38.52,93,94,276222
1.5347,0.2297,38.62,93,94,276226
1.4565,0.2199,38.58,93,94,276230
1.3930,0.2151,38.62,93,94,276233
1.3978,0.2444,38.36,93,94,276236
1.3441,0.2248,38.52,93,94,276240
1.3294,0.2151,38.52,93,94,276243
1.3441,0.2102,38.58,93,94,276246
1.3587,0.2151,38.62,93,94,276250
1.4076,0.2297,38.49,93,94,276253
1.4027,0.2199,38.65,93,94,276256
1.4272,0.2151,38.52,93,94,276260
1.4272,0.2199,38.49,93,94,276263
1.4467,0.2102,38.58,93,94,276267
1.4956,0.2297,38.43,93,94,276270
1.4956,0.2199,38.68,93,94,276274
1.5298,0.2297,38.49,93,94,276277
1.5249,0.2151,38.58,93,94,276280
1.5347,0.2151,38.71,93,94,276284
1.5591,0.2248,38.49,93,94,276287
1.5543,0.2199,38.81,93,94,276290
1.5836,0.2053,38.40,93,94,276294
1.5787,0.2151,38.52,93,94,276297
1.5885,0.2248,38.58,93,94,276300
1.6129,0.2248,38.52,93,94,276304
1.6129,0.2199,38.58,93,94,276307
1.6569,0.2297,38.33,93,94,276311
1.6276,0.2151,37.83,93,94,276315
1.6422,0.2248,38.68,93,94,276318
1.6520,0.2199,38.58,93,94,276321
1.6471,0.2199,38.55,93,94,276324
1.6911,0.2346,38.30,93,94,276328
1.6569,0.2199,38.55,93,94,276331
1.6618,0.2102,38.55,93,94,276334
1.6667,0.2199,38.58,93,94,276338
1.6716,0.2151,38.55,93,94,276341
1.7155,0.2199,38.40,93,94,276344
1.7009,0.2248,38.52,93,94,276348
1.7058,0.2444,38.49,93,94,276352
1.7009,0.2199,38.62,93,94,276355
1.7009,0.2151,38.65,93,94,276359
1.7253,0.2248,38.46,93,94,276362
1.7107,0.2199,38.62,93,94,276365
1.7253,0.2199,38.52,93,94,276368
1.7058,0.2248,38.58,93,94,276372
1.7058,0.2151,38.71,93,94,276375
1.7204,0.2248,38.52,93,94,276378
1.7107,0.2199,38.58,93,94,276382
1.7351,0.2199,38.46,93,94,276385
1.7107,0.2102,38.58,93,94,276388
1.7204,0.2151,38.62,93,94,276392
1.7449,0.2248,38.30,93,94,276396
1.7302,0.2199,38.58,93,94,276399
1.7644,0.2248,38.36,93,94,276403
1.7400,0.2248,38.49,93,94,276406
1.7351,0.2151,38.62,93,94,276409
1.7498,0.2199,38.62,93,94,276412
1.7351,0.2199,38.62,93,94,276416
1.7937,0.2297,38.33,93,94,276419
1.7595,0.2199,38.55,93,94,276422
1.7595,0.2151,38.71,93,94,276426
1.7693,0.2248,38.58,93,94,276429
1.7644,0.2199,38.58,93,94,276432
1.8231,0.2395,38.36,93,94,276436
1.7889,0.2248,38.55,93,94,276440
1.7889,0.2151,38.62,93,94,276443
1.7889,0.2248,38.58,93,94,276447
1.7937,0.2151,38.58,93,94,276450
1.8671,0.2102,38.49,93,94,276453
1.8231,0.2199,38.62,93,94,276457
1.8426,0.2248,38.49,93,94,276460
1.8280,0.2199,38.58,93,94,276463
1.8377,0.2151,38.58,93,94,276466
1.8719,0.2102,38.46,93,94,276470
1.8622,0.2199,38.58,93,94,276473
1.9110,0.2151,38.46,93,94,276476
1.8671,0.2151,38.40,93,94,276481
1.8719,0.2102,38.58,93,94,276484
1.8915,0.2248,38.30,93,94,276487
1.8719,0.2199,38.58,93,94,276491
1.9013,0.2248,38.40,93,94,276494
1.8719,0.2199,38.52,93,94,276497
1.8671,0.2151,38.58,93,94,276501
1.8964,0.2102,38.52,93,94,276504
1.8671,0.2199,38.65,93,94,276507
1.9110,0.2199,38.33,93,94,276510
1.8671,0.2151,38.55,93,94,276514
1.8671,0.2297,38.62,93,94,276517
1.8671,0.2248,38.55,93,94,276520
1.8524,0.2151,38.58,93,94,276525
1.9110,0.2297,38.36,93,94,276528
1.8768,0.2248,38.55,93,94,276531
1.8573,0.2151,38.52,93,94,276535
1.8622,0.2346,38.55,93,94,276538
1.8573,0.2151,38.62,93,94,276541
1.8915,0.2297,38.40,93,94,276545
1.8622,0.2248,38.52,93,94,276548
1.8671,0.2199,38.46,93,94,276551
1.8377,0.2151,38.58,93,94,276555
1.8328,0.2151,38.65,93,94,276558
1.8524,0.2248,38.49,93,94,276561
1.8328,0.2151,38.58,93,94,276564
1.8475,0.2248,38.49,93,94,276569
1.8133,0.2151,38.40,93,93,276572
1.7840,0.2102,38.58,93,93,276576
1.7937,0.2248,38.62,93,93,276579
1.8133,0.2248,38.55,93,93,276582
1.7937,0.2151,38.58,93,93,276586
1.8475,0.2297,38.33,93,93,276589
1.8182,0.2248,38.49,93,93,276592
1.8084,0.2102,38.62,93,93,276596
1.8182,0.2199,38.62,93,93,276599
1.8133,0.2102,38.58,93,93,276602
1.8964,0.2346,38.40,93,93,276606
1.8377,0.2248,38.77,93,93,276610
1.8377,0.2102,38.52,93,93,276613
1.8377,0.2248,38.62,93,93,276616
1.8426,0.2199,38.58,93,93,276620
1.8768,0.2297,38.43,93,93,276623
1.8573,0.2199,38.58,93,93,276626
1.8622,0.2199,38.52,93,93,276630
1.8328,0.2248,38.62,93,93,276633
1.8377,0.2151,38.68,93,93,276636
1.8622,0.2297,38.55,93,93,276640
1.8524,0.2199,38.58,93,93,276643
1.8866,0.2248,38.49,93,93,276646
1.8573,0.2199,38.58,93,93,276651
1.8671,0.2151,38.65,93,93,276654
1.9306,0.2102,38.46,93,93,276657
1.8768,0.2199,38.49,93,93,276661
1.9062,0.2297,38.40,93,93,276664
1.8915,0.2199,38.46,93,93,276667
1.8817,0.2151,38.58,93,93,276670
1.9110,0.2297,38.55,93,93,276674
1.8915,0.2199,38.62,93,93,276677
1.9501,0.2248,38.33,93,93,276680
1.9306,0.2151,38.52,93,93,276684
1.9404,0.2199,38.62,93,93,276687
1.9648,0.2248,38.52,93,93,276690
1.9648,0.2151,38.62,93,93,276695
2.0235,0.2346,38.33,93,93,276698
1.9648,0.2199,38.49,93,93,276701
1.9599,0.2151,38.55,93,93,276704
1.9159,0.2199,38.58,93,93,276708
1.8817,0.2199,38.55,93,93,276711
1.9013,0.2346,38.43,93,93,276714
1.8524,0.2199,38.77,93,93,276718
1.8377,0.2151,38.52,93,93,276721
1.8182,0.2102,38.68,93,93,276724
1.8377,0.2151,38.62,93,93,276728
1.8280,0.2297,38.27,93,93,276731
1.8182,0.2102,38.55,93,93,276734
1.7986,0.2199,38.46,93,93,276739
1.7644,0.2199,38.58,93,93,276742
1.7546,0.2151,38.58,93,93,276745
1.7742,0.2199,38.58,93,93,276749
1.7449,0.2199,38.62,93,93,276752
1.7693,0.2102,38.46,93,93,276755
1.7449,0.2151,38.62,93,93,276758
1.7498,0.2102,38.62,93,93,276762
1.7644,0.2199,38.52,93,93,276765
1.7498,0.2297,38.62,93,93,276768
1.7840,0.2102,38.36,93,93,276772
1.7449,0.2395,38.55,93,93,276775
1.7791,0.2151,38.58,93,93,276779
1.7693,0.2297,38.58,93,93,276783
1.7840,0.2248,38.58,93,93,276786
1.8084,0.2297,38.30,93,93,276789
1.7937,0.2248,38.62,93,93,276793
1.8035,0.2346,38.58,93,93,276796
1.8475,0.2199,38.58,93,93,276799
1.8915,0.2199,38.58,93,93,276802
2.0186,0.2395,38.43,93,93,276806
2.0821,0.2248,38.58,93,93,276809
2.2043,0.2151,38.52,93,93,276812
2.3998,0.2102,38.58,93,93,276816
2.5758,0.2151,38.58,93,93,276819
2.8543,0.2493,38.46,93,93,276823
3.0547,0.2248,38.58,93,93,276827
3.2209,0.2199,38.49,93,93,276830
3.2063,0.2199,38.68,93,93,276833
3.0792,0.2102,38.62,93,93,276836
2.8250,0.2248,38.49,93,93,276840
2.4976,0.2199,38.58,93,93,276843
2.2434,0.2590,38.46,93,93,276846
1.9746,0.2199,38.65,93,93,276850
1.7840,0.2199,38.62,93,93,276853
1.6569,0.2102,38.52,93,93,276856
1.5200,0.2199,38.58,93,93,276860
1.4614,0.2199,38.43,93,93,276864
1.3978,0.2248,38.52,93,93,276867
1.3734,0.2151,38.62,93,93,276870
1.3685,0.2297,38.55,93,93,276874
1.3587,0.2199,38.58,93,93,276877
1.4076,0.2248,38.43,93,93,276880
1.4027,0.2248,38.55,93,93,276884
1.4174,0.2151,38.58,93,93,276887
1.4418,0.2248,38.46,93,93,276890
1.4467,0.2053,38.58,93,93,276894
1.5396,0.2102,38.33,93,93,276897
1.4858,0.2151,38.52,93,93,276900
1.5103,0.2151,38.58,93,93,276904
1.5249,0.2199,38.58,93,93,276908
1.5347,0.2004,38.65,93,93,276911
1.5982,0.2395,38.40,93,93,276914
1.5689,0.2248,38.58,93,93,276918
1.5738,0.2151,38.52,93,93,276921
1.5836,0.2199,38.58,93,93,276924
1.5934,0.2199,38.58,93,93,276928
1.6618,0.2102,38.43,93,93,276931
1.6325,0.2199,38.74,93,93,276934
1.6520,0.2248,38.49,93,93,276938
1.6471,0.2199,38.62,93,93,276941
1.6520,0.2199,38.65,93,93,276944
1.6862,0.2297,38.49,93,93,276948
1.6569,0.2199,38.58,93,93,276952
1.6813,0.2248,38.52,93,93,276955
1.6764,0.2151,38.58,93,93,276958
1.6667,0.2199,38.62,93,93,276962
1.6862,0.2199,38.49,93,93,276965
1.7009,0.2151,38.58,93,93,276968
1.7107,0.2199,38.43,93,93,276972
1.6862,0.2151,38.58,93,93,276975
1.6960,0.2151,38.62,93,93,276978
1.7107,0.2248,38.52,93,93,276982
1.7009,0.2199,38.58,93,93,276985
1.7449,0.2248,38.33,93,93,276988
1.7302,0.2297,38.55,93,93,276993
1.7302,0.2151,38.62,93,93,276996
1.7449,0.2151,38.55,93,93,276999
1.7400,0.1906,38.58,93,93,277002
1.7889,0.2297,38.30,93,93,277006
1.7498,0.2199,38.46,93,93,277009
1.7644,0.2151,38.62,93,93,277012
1.7449,0.2199,38.68,93,93,277016
1.7449,0.2199,38.58,93,93,277019
1.8084,0.2346,38.46,93,93,277022
1.7791,0.2199,38.74,93,93,277026
1.7840,0.2151,38.52,93,93,277029
1.7889,0.2102,38.58,93,93,277032
1.7840,0.2199,38.58,93,93,277037
1.8084,0.2297,38.52,93,93,277040
1.7889,0.2199,38.65,93,93,277043
1.8035,0.2199,38.55,93,93,277046
1.7742,0.2199,38.58,93,93,277050
1.7840,0.2199,38.62,93,93,277053
1.8133,0.2297,38.46,93,93,277056
1.7937,0.2151,38.62,93,93,277060
1.8133,0.2199,38.02,93,93,277063
1.7889,0.2102,38.55,93,93,277066
1.8035,0.2199,38.58,93,93,277070
1.8377,0.2199,38.46,93,93,277073
1.8280,0.1906,38.62,93,93,277076
1.8622,0.2199,38.40,93,93,277080
1.8426,0.2199,38.55,93,93,277084
1.8426,0.2151,38.62,93,93,277087
1.8622,0.2297,38.55,93,93,277090
1.8524,0.2199,38.62,93,93,277094
1.8964,0.2102,38.33,93,93,277097
1.8622,0.2199,38.58,93,93,277100
1.8817,0.2151,38.62,93,93,277104
1.8719,0.2248,38.65,93,93,277107
1.8866,0.2199,38.58,93,93,277110
1.9159,0.2297,38.46,93,93,277114
1.8768,0.2151,38.52,93,93,277117
1.8671,0.2102,38.52,93,93,277121
1.8671,0.2248,38.62,93,93,277125
1.8573,0.2199,38.58,93,93,277128
1.8866,0.2297,38.43,93,93,277131
1.8573,0.2199,38.55,93,93,277134
1.8622,0.2199,38.46,93,93,277138
1.8475,0.2199,38.58,93,93,277141
1.8475,0.2151,38.68,93,93,277144
1.8719,0.2297,38.58,93,93,277148
1.8426,0.2102,38.58,93,93,277151
1.8817,0.2199,38.49,93,93,277154
1.8280,0.2199,38.84,93,93,277158
1.8231,0.2151,38.58,93,93,277161
1.8231,0.2199,38.52,93,93,277165
1.8133,0.2199,38.21,93,93,277169
1.8328,0.2199,38.43,93,93,277172
1.8084,0.2199,38.58,93,93,277175
1.8133,0.2248,38.52,93,93,277178
1.8377,0.2297,38.49,93,94,277182
1.8280,0.2151,38.55,93,94,277185
1.7889,0.2199,38.68,93,94,277189
1.8280,0.2395,38.40,93,94,277192
1.7889,0.2297,38.49,93,94,277195
1.7840,0.2151,38.52,93,94,277199
1.7889,0.2151,38.62,93,94,277202
1.8035,0.2199,38.58,93,94,277206
1.8426,0.2297,38.46,93,94,277210
1.8084,0.2248,38.58,93,94,277213
1.8182,0.1906,38.46,93,94,277216
1.7986,0.2199,37.90,93,94,277220
1.8035,0.2102,38.62,93,94,277223
1.8231,0.2248,38.55,93,94,277226
1.8084,0.2199,38.62,93,94,277229
1.8280,0.2248,38.46,93,94,277233
1.8035,0.2199,38.81,93,94,277236
1.8182,0.2053,38.58,93,94,277239
1.8622,0.2248,38.43,93,94,277243
1.8426,0.2248,38.58,93,94,277246
1.8671,0.2199,38.40,93,94,277250
1.8426,0.2199,38.52,93,94,277254
1.8328,0.2248,38.62,93,94,277257
1.8524,0.2297,38.55,93,94,277260
1.8328,0.2199,38.62,93,94,277264
1.8817,0.2248,38.33,93,94,277267
1.8671,0.2199,38.52,93,94,277270
1.8622,0.1906,38.58,93,94,277273
1.8671,0.2248,38.55,93,94,277277
1.8328,0.2199,38.62,93,94,277280
1.8817,0.2346,38.30,93,94,277283
1.8328,0.2199,38.52,93,94,277287
1.8377,0.2151,38.55,93,94,277291
1.8622,0.2199,38.65,93,94,277294
1.9013,0.2151,38.62,93,94,277298
1.9404,0.2297,38.49,93,94,277301
1.9257,0.2493,38.52,93,94,277304
1.9550,0.2248,38.52,93,94,277308
1.9306,0.2639,38.62,93,94,277311
1.9697,0.2199,38.58,93,94,277314
1.9746,0.2297,38.43,93,94,277317
1.9501,0.2199,38.55,93,94,277321
1.9746,0.2248,38.43,93,94,277324
1.9550,0.2199,38.62,93,94,277327
1.9404,0.2151,38.68,93,94,277331
1.9501,0.2102,38.49,93,94,277335
1.8964,0.2199,38.58,93,94,277338
1.8964,0.2199,38.43,93,94,277342
1.8475,0.2151,38.55,93,94,277345
1.8377,0.2199,38.62,93,94,277348
1.8475,0.2248,38.52,93,94,277352
1.8280,0.2199,38.58,93,94,277355
1.8524,0.2248,38.74,93,94,277358
1.8084,0.2199,38.58,93,94,277361
1.8035,0.2151,38.62,93,94,277365
1.8133,0.2248,38.52,93,94,277368
1.7889,0.2199,38.58,93,94,277371
1.8280,0.2297,38.33,93,94,277376
1.7889,0.2151,38.49,93,94,277379
1.7595,0.2151,38.62,93,94,277382
1.7791,0.2248,38.55,93,94,277386
1.7546,0.2199,38.62,93,94,277389
1.8133,0.2297,38.36,93,94,277392
1.7840,0.2297,38.52,93,94,277396
1.7742,0.2151,38.49,93,94,277399
1.8084,0.2151,38.58,93,94,277402
1.7889,0.2199,38.58,93,94,277406
1.8377,0.2297,38.43,93,94,277409
1.8182,0.2248,38.58,93,94,277412
1.8182,0.2199,38.49,93,94,277415
1.7889,0.2199,38.58,93,94,277420
1.7937,0.2151,38.62,93,94,277423
1.8328,0.2297,38.52,93,94,277426
1.8573,0.2199,38.58,93,94,277430
1.9306,0.2297,38.49,93,94,277433
1.9648,0.2151,38.58,93,94,277436
2.0674,0.2151,38.58,93,94,277440
2.2434,0.2297,38.49,93,94,277443
2.4047,0.2199,38.58,93,94,277446
2.6686,0.2199,38.40,93,94,277450
2.8788,0.2199,38.49,93,94,277453
3.0890,0.2199,38.68,93,94,277456
3.2747,0.2297,38.49,93,94,277459
3.2209,0.2199,38.62,93,94,277464
3.1085,0.2297,38.33,93,94,277467
2.7566,0.2248,38.52,93,94,277470
2.4194,0.2151,38.65,93,94,277474
2.1457,0.2297,38.55,93,94,277477
1.8915,0.2151,38.65,93,94,277480
1.7449,0.2297,38.33,93,94,277484
1.5543,0.2199,38.62,93,94,277487
1.4467,0.2151,38.55,93,94,277490
1.3881,0.2199,38.58,93,94,277493
1.3685,0.2199,38.58,93,94,277497
1.4174,0.2346,38.43,93,94,277500
1.3441,0.2199,38.58,93,94,277504
1.3490,0.2151,38.46,93,94,277508
1.3636,0.2199,38.58,93,94,277511
1.3881,0.2199,38.55,93,94,277514
1.4467,0.2199,38.43,93,94,277518
1.4467,0.2199,38.62,93,94,277521
1.4809,0.2297,38.43,93,94,277524
1.4858,0.1906,38.58,93,94,277528
1.5054,0.2199,38.65,93,94,277531
1.5347,0.2248,38.49,93,94,277534
1.5298,0.2248,38.62,93,94,277537
1.5836,0.2248,38.46,93,94,277541
1.5787,0.2151,38.62,93,94,277544
1.6373,0.2248,38.62,93,94,277548
1.6471,0.2199,38.52,93,94,277552
1.6471,0.2199,38.58,93,94,277555
1.6667,0.2199,38.40,93,94,277558
1.6373,0.2199,38.68,93,94,277562
1.6325,0.2151,38.62,93,94,277565
1.6471,0.2248,38.52,93,94,277568
1.6227,0.2248,38.58,93,94,277572
1.6862,0.2102,38.43,93,94,277575
1.6276,0.2248,38.52,93,94,277578
1.6276,0.2151,38.58,93,94,277581
1.6471,0.2248,38.55,93,94,277585
1.6667,0.2199,38.62,93,94,277588
1.7302,0.2346,38.36,93,94,277592
1.7009,0.2248,38.65,93,94,277596
1.6911,0.2151,38.55,93,94,277599
1.7009,0.2199,38.58,93,94,277602
1.6960,0.2199,38.81,93,94,277606
1.7302,0.2248,38.43,93,94,277609
1.7009,0.2248,38.55,93,94,277612
1.7058,0.2199,38.58,93,94,277616
1.6960,0.2395,38.58,93,94,277619
1.6911,0.2199,38.62,93,94,277622
1.7253,0.2297,37.74,93,94,277625
1.7155,0.2395,38.62,93,94,277629
1.7400,0.2199,38.43,93,94,277633
1.7155,0.2199,38.55,93,94,277636
1.7204,0.2199,38.68,93,94,277640
1.7351,0.2297,38.49,93,94,277643
1.7058,0.2346,38.62,93,94,277646
1.7155,0.2102,38.46,93,94,277650
1.6960,0.2151,38.52,93,94,277653
1.7155,0.2199,38.58,93,94,277656
1.7595,0.2248,38.49,93,94,277660
1.7595,0.2199,38.40,93,94,277663
1.7889,0.2248,38.36,93,94,277666
1.7595,0.2199,38.55,93,94,277669
1.7546,0.2199,38.62,93,94,277673
1.7840,0.2590,38.55,93,94,277677
1.7742,0.2248,38.62,93,94,277680
1.7889,0.2297,38.33,93,94,277684
1.7546,0.2102,38.55,93,94,277687
1.7546,0.2151,38.58,93,94,277690
1.7595,0.2297,38.55,93,94,277694
1.7546,0.2199,38.58,93,94,277697
1.8182,0.2688,38.40,93,94,277700
1.7937,0.2199,38.52,93,94,277703
1.8133,0.2151,38.55,93,94,277707
1.8231,0.2199,38.58,93,94,277710
1.8133,0.2199,38.58,93,94,277713
1.8622,0.2297,38.40,93,94,277718
1.8622,0.2102,38.58,93,94,277721
1.8866,0.2199,38.46,93,94,277724
1.8719,0.2199,38.62,93,94,277728
1.8817,0.2199,38.62,93,94,277731
1.9110,0.2297,38.46,93,94,277734
1.8866,0.2248,38.58,93,94,277738
1.9208,0.2297,38.49,93,94,277741
1.8817,0.2199,38.58,93,94,277744
1.8915,0.2151,38.58,93,94,277747
1.9110,0.2199,38.87,93,94,277751
1.8817,0.2346,38.58,93,94,277754
1.8866,0.2102,38.40,93,94,277757
1.8622,0.2199,38.81,93,94,277762
1.8964,0.2199,38.68,93,94,277765
1.8817,0.2297,38.52,93,94,277768
1.8573,0.2248,38.58,93,94,277772
1.9062,0.2248,38.36,93,94,277775
1.8817,0.2248,38.40,93,94,277778
1.8622,0.2248,38.58,93,94,277782
1.8719,0.2248,38.62,93,94,277785
1.8475,0.2248,38.62,93,94,277788
1.8915,0.2346,38.30,93,94,277792
1.8866,0.2102,38.49,93,94,277795
1.8573,0.2199,38.58,93,94,277799
1.8524,0.2199,38.84,93,94,277803
1.8671,0.2248,38.62,93,94,277806
1.8377,0.2199,38.58,93,94,277809
1.8475,0.2102,38.55,93,94,277813
1.8231,0.2199,38.68,93,94,277816
1.8377,0.2297,38.46,93,94,277819
1.8035,0.2199,38.58,93,94,277823
1.8133,0.2199,38.58,93,94,277826
1.8426,0.2199,38.46,93,94,277829
1.8280,0.2199,38.71,93,94,277833
1.8573,0.2395,38.40,93,94,277836
1.8182,0.2102,38.49,93,94,277839
1.7937,0.2199,38.52,93,94,277843
1.8084,0.2297,38.52,93,94,277847
1.7840,0.2199,38.58,93,94,277850
1.8328,0.2248,37.90,93,94,277853
1.8280,0.2151,38.52,93,94,277857
1.8377,0.2248,38.58,93,94,277860
1.8328,0.2199,38.58,93,94,277863
1.8231,0.2199,38.62,93,94,277867
1.8964,0.2297,38.30,93,94,277870
1.8671,0.2199,38.52,93,94,277873
1.8671,0.2151,38.55,93,94,277877
1.8475,0.2199,38.55,93,94,277880
1.8426,0.2151,38.62,93,94,277883
1.8915,0.2297,38.65,93,94,277888
1.8964,0.2297,38.55,93,94,277891
1.9257,0.1906,38.49,93,94,277894
1.8964,0.2199,38.52,93,94,277897
1.8866,0.2297,38.58,93,94,277901
1.9013,0.2248,38.46,93,94,277904
1.8719,0.2248,38.55,93,94,277907
1.8768,0.2199,38.46,93,94,277911
1.8768,0.2199,38.68,93,94,277914
1.8915,0.2199,38.58,93,94,277917
1.9062,0.2199,38.46,93,94,277921
1.9013,0.2199,38.58,93,94,277924
1.9648,0.2199,38.43,93,94,277927
1.9501,0.2151,38.55,93,94,277932
1.9550,0.2248,38.58,93,94,277935
1.9599,0.2102,38.49,93,94,277938
1.9746,0.2199,38.58,93,94,277941
2.0430,0.2248,38.40,93,94,277945
2.0235,0.2199,38.58,93,94,277948
2.0186,0.2151,38.62,93,94,277951
1.9990,0.2346,38.55,93,94,277955
1.9501,0.2199,38.62,93,94,277958
1.9844,0.2297,38.33,93,94,277961
1.9355,0.2199,38.55,93,94,277965
1.9110,0.2151,38.62,93,94,277968
1.9110,0.2248,38.58,93,94,277971
1.8817,0.2199,38.71,93,94,277976
1.9013,0.2444,38.36,93,94,277979
1.8426,0.2297,38.49,93,94,277982
1.8377,0.2151,38.52,93,94,277985
1.8328,0.2102,38.65,93,94,277989
1.8377,0.2199,38.62,93,94,277992
1.8866,0.2248,38.49,93,94,277995
1.8622,0.1906,38.58,93,94,277999
1.8622,0.2199,37.90,93,94,278002
1.8328,0.2248,38.62,93,94,278005
1.8377,0.2199,38.81,93,94,278009
1.8573,0.2248,38.55,93,94,278012
1.8133,0.2199,38.58,93,94,278016
1.7986,0.2297,38.52,93,94,278020
1.7595,0.2199,38.62,93,94,278023
1.7937,0.2151,38.58,93,94,278026
1.8719,0.2297,38.46,93,94,278029
1.8231,0.2199,38.58,93,94,278033
1.8377,0.2248,38.46,93,94,278036
1.8084,0.2199,38.52,93,94,278039
1.8035,0.2199,38.58,93,94,278043
1.8475,0.2248,38.55,93,94,278046
1.8573,0.2199,38.58,93,94,278049
1.9257,0.2248,38.40,93,94,278053
1.9404,0.2346,38.55,93,94,278056
2.0039,0.2102,38.58,93,94,278060
2.1310,0.2248,38.55,93,94,278063
2.2630,0.2199,38.71,93,94,278067
2.5318,0.2590,38.30,93,94,278070
2.7322,0.2199,38.52,93,94,278073
2.9863,0.2151,38.58,93,94,278077
3.2307,0.2248,38.55,93,94,278080
3.3675,0.2199,38.62,93,94,278083
3.4311,0.2346,38.40,93,94,278087
3.1525,0.2199,38.55,93,94,278090
2.8104,0.2151,38.52,93,94,278093
2.4487,0.2151,38.58,93,94,278097
2.1554,0.2199,38.58,93,94,278100
1.9404,0.2297,38.52,93,94,278104
1.7351,0.2248,38.55,93,94,278107
1.5787,0.2199,38.46,93,94,278111
1.4418,0.2199,38.62,93,94,278114
1.3539,0.2102,38.58,93,94,278117
1.3001,0.2297,38.49,93,94,278121
1.2463,0.2151,38.58,93,94,278124
1.2708,0.2248,38.49,93,94,278127
1.2708,0.2199,38.62,93,94,278131
1.3245,0.2151,38.58,93,94,278134
1.3734,0.2248,37.74,93,94,278137
1.3881,0.2199,38.58,93,94,278141
1.4467,0.2102,38.43,93,94,278145
1.4516,0.2444,38.62,93,94,278148
1.5103,0.2151,38.58,93,94,278151
1.5005,0.2248,38.55,93,94,278155
1.5054,0.2151,38.58,93,94,278158
1.5738,0.2297,38.33,93,94,278161
1.5591,0.2248,38.62,93,94,278165
1.5494,0.2151,38.62,93,94,278168
1.5543,0.2248,38.62,93,94,278171
1.5543,0.2346,38.62,93,94,278175
1.6080,0.2297,38.36,93,94,278178
1.5836,0.2346,38.55,93,94,278181
1.5934,0.2102,38.52,93,94,278185
1.5836,0.2199,38.58,93,94,278189
1.5836,0.2151,38.62,93,94,278192
1.6178,0.2297,38.49,93,94,278196
1.5982,0.2248,38.55,93,94,278199
1.6080,0.2199,38.49,93,94,278202
1.6080,0.2199,38.40,93,94,278205
1.6227,0.2151,38.62,93,94,278209
1.6471,0.2248,38.58,93,94,278212
1.6422,0.2199,38.65,93,94,278215
1.6862,0.2199,38.46,93,94,278219
1.6520,0.2199,38.58,93,94,278222
1.6422,0.2151,38.62,93,94,278225
1.6667,0.2346,38.49,93,94,278230
1.6520,0.2151,38.58,93,94,278233
1.6813,0.1906,38.43,93,94,278236
1.6569,0.2199,38.55,93,94,278240
1.6569,0.2102,38.62,93,94,278243
1.6764,0.2297,38.49,93,94,278246
1.6569,0.2199,38.52,93,94,278249
1.7058,0.2248,38.36,93,94,278253
1.6960,0.2199,38.55,93,94,278256
1.6960,0.2199,38.62,93,94,278259
1.6960,0.2151,38.55,93,94,278263
1.6764,0.2199,38.58,93,94,278266
1.7107,0.2297,38.27,93,94,278269
1.6716,0.2199,38.55,93,94,278274
1.6911,0.2151,38.62,93,94,278277
1.7155,0.2199,38.62,93,94,278280
1.7204,0.2199,38.58,93,94,278284
1.7644,0.2346,38.43,93,94,278287
1.7253,0.2199,38.65,93,94,278290
1.7155,0.2151,38.49,93,94,278293
1.7058,0.2199,38.58,93,94,278297
1.7107,0.2199,38.62,93,94,278300
1.7498,0.2102,38.43,93,94,278303
1.7253,0.2248,38.05,93,94,278307
1.7400,0.2199,38.46,93,94,278310
1.7155,0.2297,38.62,93,94,278313
1.7253,0.2199,38.62,93,94,278318
1.7546,0.2199,38.55,93,94,278321
1.7400,0.2199,38.58,93,94,278324
1.7791,0.2248,38.49,93,94,278328
1.7498,0.2151,38.65,93,94,278331
1.7644,0.2102,38.58,93,94,278334
1.7644,0.2248,38.52,93,94,278337
1.7644,0.2199,38.62,93,94,278341
1.8182,0.2248,38.43,93,94,278344
1.8280,0.2199,38.52,93,94,278347
1.8524,0.2151,38.58,93,94,278351
1.8524,0.2346,38.58,93,94,278354
1.8231,0.2151,38.68,93,94,278358
1.8622,0.2297,38.33,93,94,278362
1.8328,0.2248,38.49,93,94,278365
1.8524,0.2102,38.62,93,94,278368
1.8328,0.2248,38.58,93,94,278372
1.8426,0.2151,38.62,93,94,278375
1.9110,0.2297,38.36,93,94,278378
1.8866,0.2248,38.49,93,94,278381
1.8622,0.2151,38.52,93,94,278385
1.8573,0.2248,38.62,93,94,278388
1.8475,0.2102,38.62,93,94,278391
1.8719,0.2297,38.18,93,94,278395
1.8280,0.2248,38.58,93,94,278398
1.8622,0.2199,38.46,93,94,278402
1.8133,0.2199,38.58,93,94,278406
1.8084,0.2199,38.52,93,94,278409
1.8035,0.2199,38.65,93,94,278413
1.8182,0.2297,38.46,93,94,278416
1.7937,0.2199,38.62,93,94,278419
1.8231,0.2248,38.36,93,94,278423
1.8035,0.2248,38.49,93,94,278426
1.7889,0.2199,38.58,93,94,278429
1.8426,0.2297,38.52,93,94,278432
1.7986,0.2199,38.58,93,94,278436
1.8377,0.2297,38.33,93,94,278439
1.7986,0.2199,38.52,93,94,278443
1.7693,0.2199,38.36,93,94,278447
1.7742,0.2199,38.55,93,94,278450
1.7595,0.2199,38.62,93,94,278453
1.8133,0.2395,38.36,93,94,278457
1.7791,0.2248,38.52,93,94,278460
1.7742,0.2151,38.55,93,94,278463
1.7693,0.2199,38.58,93,94,278467
1.7693,0.2199,38.58,93,94,278470
1.8280,0.2297,38.49,93,94,278473
1.7840,0.2248,38.55,93,94,278477
1.7937,0.2199,38.46,93,94,278480
1.7644,0.2199,38.58,93,94,278483
1.7742,0.2199,38.65,93,94,278487
1.8084,0.2248,38.43,93,94,278491
1.7889,0.2199,38.55,93,94,278494
1.8182,0.2297,38.46,93,94,278497
1.7937,0.2199,38.55,93,94,278501
1.8035,0.2199,38.58,93,94,278504
1.8231,0.2248,38.46,93,94,278507
1.8133,0.2199,38.58,93,94,278511
1.8280,0.2199,38.43,93,94,278514
1.7986,0.2248,38.55,93,94,278517
1.8084,0.1906,38.62,93,94,278521
1.8280,0.2297,38.52,93,94,278524
1.8231,0.2199,38.62,93,94,278528
1.8719,0.2297,38.33,93,94,278531
1.8231,0.2151,38.58,93,94,278535
1.8328,0.2199,38.58,93,94,278538
1.8426,0.2297,38.74,93,94,278541
1.8280,0.2102,38.58,93,94,278545
1.8915,0.2297,38.30,93,94,278548
1.8719,0.2248,38.43,93,94,278551
1.8671,0.2199,38.55,93,94,278555
1.8768,0.2248,38.46,93,94,278558
1.8768,0.2199,38.58,93,94,278561
1.9404,0.2297,38.40,93,94,278565
1.9208,0.2493,38.52,93,94,278568
1.9257,0.2248,38.49,93,94,278572
1.9208,0.2199,38.58,93,94,278575
1.9208,0.2199,38.65,93,94,278579
1.9453,0.2248,38.46,93,94,278582
1.9062,0.2199,38.58,93,94,278585
1.9062,0.2248,38.52,93,94,278589
1.8671,0.2102,38.62,93,94,278592
1.8328,0.2199,38.62,93,94,278595
1.8475,0.2102,38.49,93,94,278599
1.8133,0.2199,38.58,93,94,278602
1.8280,0.2199,38.46,93,94,278605
1.7937,0.2199,38.62,93,94,278609
1.7840,0.2199,38.55,93,94,278612
1.7937,0.2199,38.43,93,94,278616
1.7693,0.2199,38.65,93,94,278619
1.7937,0.2297,38.36,93,94,278623
1.7644,0.2199,38.52,93,94,278626
1.7449,0.2199,38.62,93,94,278629
1.7644,0.2102,38.52,93,94,278633
1.7400,0.2199,38.71,93,94,278636
1.7889,0.2297,38.33,93,94,278639
1.7449,0.2199,38.46,93,94,278643
1.7546,0.2199,38.65,93,94,278646
1.7595,0.2444,38.58,93,94,278649
1.7595,0.2199,38.62,93,94,278653
1.7986,0.2395,38.36,93,94,278657
1.7644,0.2248,38.52,93,94,278660
1.7351,0.2151,38.52,93,94,278663
1.7253,0.2199,38.55,93,94,278667
1.7302,0.2199,38.65,93,94,278670
1.7840,0.2297,38.46,93,94,278673
1.8133,0.2199,38.55,93,94,278677
1.8328,0.2199,38.46,93,94,278680
1.8573,0.2199,38.62,93,94,278683
1.9404,0.2199,38.62,93,94,278687
2.0821,0.2395,38.36,93,94,278690
2.2092,0.2199,38.58,93,94,278693
2.4291,0.2297,38.49,93,94,278697
2.6295,0.2395,38.62,93,94,278701
2.8886,0.2248,38.58,93,94,278704
3.1281,0.2248,38.46,93,94,278707
3.2405,0.2199,38.58,93,94,278711
3.2796,0.2102,38.43,93,94,278714
3.0450,0.2199,38.65,93,94,278717
2.7370,0.2199,38.62,93,94,278721
2.4389,0.2297,38.52,93,94,278724
2.1114,0.2199,38.62,93,94,278727
1.8964,0.2248,38.33,93,94,278731
1.6667,0.2151,38.55,93,94,278734
1.5249,0.2199,38.62,93,94,278737
1.4370,0.2297,38.52,93,94,278740
1.3636,0.2199,37.99,93,94,278745
1.3685,0.2395,38.30,93,94,278748
1.3294,0.2102,38.49,93,94,278751
1.3196,0.2151,38.58,93,94,278755
1.3783,0.2248,38.58,93,94,278758
1.3685,0.2199,38.62,93,94,278761
1.4418,0.2346,38.40,93,94,278765
1.4418,0.2248,38.55,93,94,278768
1.4565,0.2199,38.49,93,94,278771
1.4712,0.2493,38.58,93,94,278775
1.4907,0.2199,38.58,93,94,278778
1.5396,0.2297,38.46,93,94,278781
1.5445,0.2248,38.58,93,94,278786
1.5787,0.2199,38.55,93,94,278789
1.5738,0.2297,38.62,93,94,278792
1.5885,0.2199,38.58,93,94,278795
1.6129,0.2199,38.52,93,94,278799
1.6422,0.2248,38.58,93,94,278802
1.6422,0.2199,38.46,93,94,278805
1.6569,0.2151,38.58,93,94,278809
1.6373,0.2199,38.62,93,94,278812
1.6618,0.2346,38.46,93,94,278815
1.6569,0.2199,38.58,93,94,278819
1.6960,0.2248,38.33,93,94,278822
1.7058,0.2102,38.49,93,94,278825
1.6764,0.2199,38.58,93,94,278830
1.6960,0.2297,38.52,93,94,278833
1.6813,0.2248,38.58,93,94,278836
1.7302,0.2297,38.40,93,94,278839
1.7009,0.2199,38.46,93,94,278843
1.7058,0.2199,38.62,93,94,278846
1.7107,0.2199,38.62,93,94,278849
1.7204,0.2199,38.71,93,94,278853
1.7693,0.2590,38.36,93,94,278856
1.7302,0.2199,38.65,93,94,278859
1.7253,0.2151,38.52,93,94,278863
1.7302,0.1906,38.62,93,94,278866
1.7302,0.2199,38.62,93,94,278870
1.7644,0.2346,38.52,93,94,278874
1.7400,0.2199,38.62,93,94,278877
1.7546,0.2199,38.46,93,94,278880
1.7400,0.2199,38.58,93,94,278883
1.7449,0.2199,38.62,93,94,278887
1.7742,0.2248,38.43,93,94,278890
1.7498,0.2199,38.58,93,94,278893
1.7693,0.2248,38.46,93,94,278897
1.7400,0.2248,38.58,93,94,278900
1.7449,0.2248,38.62,93,94,278903
1.7595,0.2297,38.49,93,94,278907
1.7498,0.2199,38.58,93,94,278910
1.7742,0.2199,38.43,93,94,278914
1.7546,0.2151,38.58,93,94,278917
1.7595,0.2102,38.62,93,94,278921
1.7742,0.2199,38.68,93,94,278924
1.7644,0.2248,38.58,93,94,278927
1.7986,0.2248,38.33,93,94,278931
1.7693,0.2395,38.55,93,94,278934
1.7791,0.2199,38.62,93,94,278937
1.7840,0.2590,38.58,93,94,278941
1.7889,0.2248,38.58,93,94,278944
1.8182,0.2346,38.30,93,94,278947
1.7889,0.2248,38.52,93,94,278951
1.7791,0.2199,38.58,93,94,278955
1.7937,0.2248,38.58,93,94,278958
1.7937,0.2248,38.58,93,94,278962
1.8426,0.2395,38.40,93,94,278965
1.8133,0.2248,38.52,93,94,278968
1.8035,0.2151,38.52,93,94,278971
1.8084,0.2199,38.58,93,94,278975
1.8182,0.2199,38.58,93,94,278978
1.8768,0.2297,38.46,93,94,278981
1.8377,0.2248,38.65,93,94,278985
1.8573,0.2151,38.46,93,94,278988
1.8377,0.2199,38.62,93,94,278991
1.8377,0.2444,38.62,93,94,278995
1.8524,0.2199,38.52,93,94,278999
1.8426,0.2199,38.71,93,94,279002
1.8671,0.2248,38.46,93,94,279006
1.8328,0.2199,38.71,93,94,279009
1.8426,0.2248,38.62,93,94,279012
1.8671,0.2248,38.49,93,94,279015
1.8426,0.2248,38.58,93,94,279019
1.8328,0.2199,38.62,93,94,279022
1.8866,0.2346,38.30,93,94,279026
1.8524,0.2199,38.49,93,94,279029
1.8426,0.2151,38.52,93,94,279032
1.8426,0.2102,38.58,93,94,279036
1.8231,0.2199,38.65,93,94,279040
1.8622,0.2395,38.43,93,94,279043
1.8280,0.2248,38.55,93,94,279047
1.8231,0.2199,38.46,93,94,279050
1.8084,0.2199,38.58,93,94,279053
1.8035,0.2151,38.58,93,94,279057
1.8280,0.2102,38.52,93,94,279060
1.7986,0.2199,38.55,93,94,279063
1.8035,0.2199,38.43,93,94,279066
1.7791,0.2199,38.58,93,94,279070
1.7791,0.2199,38.62,93,94,279073
1.8084,0.2297,38.46,93,94,279076
1.7791,0.2102,38.58,93,94,279080
1.8035,0.2199,38.49,93,94,279084
1.7644,0.2248,38.55,93,94,279087
1.7937,0.2102,38.62,93,94,279091
1.7742,0.2248,38.40,93,94,279094
1.7595,0.2395,38.68,93,94,279097
1.7986,0.2199,38.40,93,94,279101
1.7791,0.2199,38.46,93,94,279104
1.7840,0.2248,38.62,93,94,279107
1.8084,0.2248,38.52,93,94,279110
1.7937,0.2199,37.87,93,94,279114
1.8426,0.2590,38.33,93,94,279117
1.8035,0.2248,38.55,93,94,279120
1.8084,0.2151,38.65,93,94,279124
1.8231,0.2248,38.55,93,94,279128
1.8133,0.2248,38.58,93,94,279131
1.8719,0.2395,38.33,93,94,279135
1.8377,0.2248,38.49,93,94,279138
1.8231,0.2199,38.55,93,94,279141
1.8280,0.2199,38.58,93,94,279145
1.8280,0.2151,38.55,93,94,279148
1.8719,0.2297,38.43,93,94,279151
1.8377,0.2248,38.52,93,94,279154
1.8524,0.2151,38.49,93,94,279158
1.8231,0.2199,38.62,93,94,279161
1.8231,0.2346,38.58,93,94,279164
1.8573,0.2248,38.49,93,94,279169
1.8426,0.2199,38.58,93,94,279172
1.8768,0.2248,38.49,93,94,279175
1.8622,0.2199,38.62,93,94,279179
1.8719,0.2053,38.58,93,94,279182
1.8964,0.2199,38.49,93,94,279185
1.8915,0.2199,38.81,93,94,279189
1.9208,0.2248,38.40,93,94,279192
1.9062,0.2199,38.68,93,94,279195
1.9257,0.2199,38.68,93,94,279198
1.9599,0.2346,38.49,93,94,279202
1.9501,0.2199,38.58,93,94,279205
1.9941,0.2248,38.33,93,94,279208
1.9648,0.2102,38.49,93,94,279213
1.9404,0.2199,38.62,93,94,279216
1.9697,0.2102,38.52,93,94,279219
1.9062,0.2199,38.58,93,94,279223
1.9306,0.2297,38.24,93,94,279226
1.8768,0.2199,38.49,93,94,279229
1.8524,0.2151,38.62,93,94,279233
1.8426,0.2248,38.58,93,94,279236
1.8231,0.2199,38.62,93,94,279239
1.8719,0.2346,38.30,93,94,279242
1.8328,0.2199,38.55,93,94,279246
1.8231,0.1906,38.49,93,94,279249
1.7937,0.2199,38.52,93,94,279252
1.7889,0.2199,38.58,93,94,279257
1.7937,0.2297,38.49,93,94,279260
1.7693,0.2248,38.52,93,94,279263
1.7889,0.2297,38.46,93,94,279267
1.7546,0.2248,38.62,93,94,279270
1.7546,0.2151,38.62,93,94,279273
1.7742,0.2297,38.46,93,94,279277
1.7498,0.2102,38.58,93,94,279280
1.7693,0.2199,38.46,93,94,279283
1.7400,0.2151,38.55,93,94,279287
1.7400,0.2199,38.58,93,94,279290
1.7644,0.2248,38.46,93,94,279293
1.7498,0.2151,38.68,93,94,279297
1.7889,0.2199,38.40,93,94,279301
1.7693,0.2199,38.52,93,94,279304
1.7840,0.2248,38.62,93,94,279307
1.8231,0.2248,38.55,93,94,279311
1.8475,0.2199,38.58,93,94,279314
1.9501,0.2346,38.33,93,94,279317
1.9892,0.2151,38.43,93,94,279321
2.1065,0.2151,38.62,93,94,279324
2.2776,0.2248,38.62,93,94,279327
2.4878,0.2248,38.58,93,94,279331
2.7713,0.2395,38.36,93,94,279334
2.9570,0.2248,38.52,93,94,279337
3.1427,0.2151,38.52,93,94,279341
3.2454,0.2199,38.58,93,94,279345
3.1818,0.2199,38.55,93,94,279348
3.0205,0.2346,38.43,93,94,279351
2.6735,0.2248,38.55,93,94,279355
2.3754,0.2199,38.65,93,94,279358
2.1114,0.2151,38.58,93,94,279361
1.8768,0.2199,38.71,93,94,279365
1.7253,0.2297,38.46,93,94,279368
1.5689,0.2199,38.62,93,94,279371
1.4956,0.2248,38.46,93,94,279375
1.4272,0.2102,38.58,93,94,279378
1.3930,0.2151,38.62,93,94,279382
1.3881,0.2199,38.46,93,94,279385
1.3832,0.2199,38.55,93,94,279389
1.4125,0.2199,38.43,93,94,279392
1.4125,0.2297,38.65,93,94,279395
1.4418,0.2199,38.62,93,94,279399
1.4614,0.2248,38.36,93,94,279402
1.4663,0.2199,38.58,93,94,279405
1.5103,0.2248,38.40,93,94,279409
1.5054,0.2297,38.46,93,94,279412
1.5152,0.2444,38.68,93,94,279415
1.5445,0.2248,38.74,93,94,279419
1.5445,0.2199,38.62,93,94,279422
1.6031,0.2297,38.30,93,94,279426
1.5787,0.2199,38.49,93,94,279429
1.5787,0.2151,38.68,93,94,279433
1.5934,0.2199,38.49,93,94,279436
1.5982,0.2248,38.62,93,94,279439
1.6618,0.2346,38.43,93,94,279443
1.6373,0.2297,38.49,93,94,279446
1.6422,0.2151,38.52,93,94,279449
1.6471,0.2199,38.58,93,94,279453
1.6862,0.2151,38.58,93,94,279456
1.6911,0.2297,38.71,93,94,279459
1.6764,0.2199,38.58,93,94,279463
1.7058,0.2199,38.43,93,94,279467
1.6911,0.2199,38.62,93,94,279470
1.6960,0.2102,38.58,93,94,279473
1.7351,0.2297,38.49,93,94,279477
1.7155,0.2248,38.58,93,94,279480
1.7449,0.1906,38.46,93,94,279483
1.7204,0.2151,38.65,93,94,279487
1.7253,0.2542,38.58,93,94,279490
1.7449,0.2248,38.55,93,94,279493
1.7351,0.2151,38.62,93,94,279497
1.7742,0.2248,38.40,93,94,279500
1.7498,0.2199,38.52,93,94,279503
1.7546,0.2151,38.58,93,94,279507
1.7693,0.2248,38.62,93,94,279511
1.7595,0.2199,38.58,93,94,279514
1.8035,0.2248,38.36,93,94,279517
1.7644,0.2151,38.62,93,94,279521
1.7693,0.2248,38.58,93,94,279524
1.7791,0.2199,38.49,93,94,279527
1.7791,0.2199,38.68,93,94,279531
1.8377,0.2297,38.36,93,94,279534
1.7986,0.2248,38.52,93,94,279537
1.8035,0.2151,38.55,93,94,279541
1.8084,0.2199,38.65,93,94,279544
1.8084,0.2151,38.62,93,94,279547
1.8866,0.2102,38.43,93,94,279552
1.8328,0.2199,38.55,93,94,279555
1.8426,0.2151,38.55,93,94,279558
1.8328,0.2199,38.58,93,94,279562
1.8377,0.2199,38.62,93,94,279565
1.8719,0.2297,38.52,93,94,279568
1.8475,0.2199,38.65,93,94,279571
1.8768,0.2297,38.49,93,94,279575
1.8524,0.2102,38.58,93,94,279578
1.8573,0.2151,38.81,93,94,279581
1.9110,0.2248,38.52,93,94,279585
1.8671,0.2199,38.58,93,94,279588
1.8964,0.2199,38.49,93,94,279591
1.8719,0.2199,38.58,93,94,279596
1.8768,0.2151,38.58,93,94,279599
1.9110,0.2297,38.52,93,94,279602
1.8866,0.2199,38.65,93,94,279606
1.9404,0.2199,38.33,93,94,279609
1.9208,0.2248,38.49,93,94,279612
1.9062,0.2151,38.81,93,94,279615
1.9159,0.2248,38.55,93,94,279619
1.9062,0.2199,38.52,93,94,279622
1.9648,0.2444,38.33,93,94,279625
1.9404,0.2346,38.49,94,94,279630
1.9159,0.2199,38.55,94,94,279633
1.9306,0.2199,38.43,94,94,279638
1.9110,0.2395,38.62,94,94,279641
1.9013,0.2151,38.62,94,94,279644
1.9208,0.2248,38.52,94,94,279648
1.9257,0.2199,38.58,94,94,279651
1.9257,0.2297,38.49,94,94,279654
1.9110,0.2199,38.58,94,94,279658
1.8866,0.2151,38.62,94,94,279661
1.9062,0.2297,38.43,94,94,279664
1.8768,0.2199,38.58,94,94,279668
1.9013,0.2199,38.40,94,94,279671
1.8719,0.2346,38.49,94,94,279674
1.8622,0.2102,38.58,94,94,279677
1.8719,0.2297,38.40,94,94,279682
1.8475,0.2248,38.68,94,94,279685
1.8915,0.2248,38.33,94,94,279688
1.8524,0.2053,38.55,94,94,279692
1.8426,0.2151,38.65,94,94,279695
1.8475,0.2248,38.58,94,94,279698
1.8328,0.2151,38.58,94,94,279702
1.8768,0.2297,38.36,94,94,279705
1.8328,0.2151,38.55,94,94,279708
1.8328,0.2151,38.55,94,94,279712
1.8328,0.2248,38.58,94,94,279715
1.8328,0.2199,38.49,94,94,279718
1.8719,0.2395,38.55,94,94,279721
1.8475,0.2248,38.52,94,94,279726
1.8524,0.2199,38.52,94,94,279729
1.8426,0.2199,38.65,94,94,279732
1.8377,0.2151,38.71,94,94,279736
1.8719,0.2297,38.43,94,94,279739
1.8426,0.2199,38.58,94,94,279742
1.8719,0.2297,38.49,94,94,279746
1.8475,0.2102,38.55,94,94,279749
1.8622,0.2151,38.62,94,94,279752
1.8817,0.2151,38.49,94,94,279756
1.8768,0.2199,38.68,94,94,279759
1.9013,0.2395,38.40,94,94,279762
1.8817,0.2151,38.55,94,94,279767
1.8866,0.2151,38.62,94,94,279770
1.9013,0.2248,38.52,94,94,279773
1.8866,0.2199,38.62,94,94,279776
1.9257,0.2248,38.33,94,94,279780
1.8866,0.2151,38.55,94,94,279783
1.8866,0.2395,38.58,94,94,279786
1.9062,0.2248,38.55,94,94,279790
1.8866,0.2493,38.62,94,94,279793
1.9453,0.2346,38.33,94,94,279796
1.9062,0.2248,38.46,94,94,279800
1.8915,0.2102,38.55,94,94,279803
1.9110,0.2199,38.55,94,94,279806
1.9159,0.2199,38.58,94,94,279811
1.9746,0.2297,38.43,94,94,279814
1.9453,0.2248,38.52,94,94,279817
1.9599,0.2102,38.46,94,94,279820
1.9453,0.2199,38.62,94,94,279824
1.9501,0.2151,38.55,94,94,279827
1.9844,0.2297,38.46,94,94,279830
1.9697,0.2199,38.58,94,94,279834
2.0088,0.2297,38.46,94,94,279837
1.9941,0.2199,38.58,94,94,279840
1.9990,0.2102,38.62,94,94,279844
2.0088,0.2199,38.52,94,94,279847
1.9941,0.2199,38.58,94,94,279851
2.0039,0.2199,38.65,94,94,279855
1.9550,0.2199,38.58,94,94,279858
1.9355,0.2151,38.58,94,94,279861
1.9306,0.2248,38.33,94,94,279864
1.9257,0.2102,38.58,94,94,279868
1.9159,0.2199,38.40,94,94,279871
1.8817,0.2248,38.55,94,94,279874
1.8671,0.2199,38.58,94,94,279878
1.8671,0.2248,38.52,94,94,279881
1.8524,0.2151,38.58,94,94,279884
1.8817,0.2297,38.40,94,94,279888
1.8377,0.2151,38.55,94,94,279891
1.8280,0.2151,38.58,94,94,279895
1.8280,0.2395,38.58,94,94,279899
1.8182,0.2102,38.68,94,94,279902
1.8719,0.2297,38.40,94,94,279905
1.8182,0.2297,38.55,94,94,279908
1.8182,0.2151,38.52,94,94,279912
1.8133,0.2199,38.55,94,94,279915
1.8133,0.2151,38.62,94,94,279918
1.8475,0.2395,38.49,94,94,279922
1.8280,0.2102,38.55,94,94,279925
1.8377,0.2199,38.46,94,94,279928
1.8133,0.2151,38.62,94,94,279932
1.8084,0.2151,38.62,94,94,279936
1.8377,0.2297,38.43,94,94,279939
1.8182,0.2199,38.65,94,94,279943
1.8671,0.2248,38.46,94,94,279946
1.8671,0.2151,38.55,94,94,279949
1.9208,0.2199,38.58,94,94,279953
2.0039,0.2248,38.46,94,94,279956
2.0723,0.2151,38.62,94,94,279959
2.2239,0.2199,38.40,94,94,279962
2.3705,0.2102,38.52,94,94,279966
2.5464,0.2151,38.58,94,94,279969
2.7957,0.2297,38.40,94,94,279972
3.0010,0.2151,38.55,94,94,279976
3.2454,0.2346,38.33,94,94,279980
3.2356,0.2151,38.46,94,94,279983
3.1427,0.2199,38.58,94,94,279987
2.9081,0.2199,38.58,94,94,279990
2.5855,0.2102,38.68,94,94,279993
2.3607,0.2346,38.33,94,94,279996
2.0723,0.2199,38.49,94,94,280000
1.8524,0.2151,37.83,94,94,280003
1.7058,0.2199,38.58,94,94,280006
1.5787,0.2151,38.58,94,94,280010
1.5445,0.2248,38.40,94,94,280013
1.4663,0.2248,38.52,94,94,280016
1.4418,0.2151,38.49,94,94,280020
1.4174,0.2444,38.58,94,94,280024
1.4174,0.2151,38.58,94,94,280027
1.4565,0.2297,38.36,94,94,280031
1.4565,0.2102,38.58,94,94,280034
1.4956,0.2199,38.49,94,94,280037
1.4858,0.2248,38.62,94,94,280040
1.5005,0.2151,38.62,94,94,280044
1.5249,0.2199,38.58,94,94,280047
1.5347,0.2248,38.58,94,94,280050
1.5787,0.2151,38.46,94,94,280054
1.5591,0.2151,38.58,94,94,280057
1.5787,0.2151,38.62,94,94,280060
1.6031,0.2737,38.49,94,94,280065
1.6031,0.2151,38.40,94,94,280068
1.6422,0.2493,38.36,94,94,280071
1.6276,0.2248,38.49,94,94,280075
1.6373,0.2151,38.65,94,94,280078
1.6618,0.2248,38.52,94,94,280081
1.6471,0.2151,38.65,94,94,280085
1.7009,0.2346,38.43,94,94,280088
1.6764,0.2199,38.58,94,94,280091
1.6813,0.2151,38.58,94,94,280094
1.7009,0.2248,38.58,94,94,280098
1.6960,0.2151,38.62,94,94,280101
1.7498,0.2297,38.40,94,94,280104
1.7155,0.2199,38.52,94,94,280109
1.7155,0.2151,38.58,94,94,280112
1.7155,0.2151,38.58,94,94,280115
1.7204,0.2199,38.58,94,94,280119
1.7889,0.2199,38.49,94,94,280122
1.7449,0.2199,38.58,94,94,280125
1.7644,0.2199,37.71,94,94,280129
1.7449,0.2199,38.58,94,94,280132
1.7546,0.2151,38.58,94,94,280135
1.8182,0.2297,38.49,94,94,280138
1.7742,0.2199,38.65,94,94,280142
1.8133,0.2444,38.49,94,94,280145
1.7889,0.2151,38.55,94,94,280148
1.7986,0.2151,38.62,94,94,280153
1.8280,0.2199,38.52,94,94,280156
1.8182,0.2395,38.58,94,94,280159
1.8524,0.2248,38.36,94,94,280163
1.8377,0.2151,38.58,94,94,280166
1.8426,0.2248,38.68,94,94,280169
1.8671,0.2248,38.52,94,94,280173
1.8524,0.2151,38.77,94,94,280176
1.8964,0.2297,38.33,94,94,280179
1.8573,0.2151,38.49,94,94,280183
1.8622,0.2151,38.58,94,94,280186
1.8768,0.2199,38.62,94,94,280189
1.9013,0.2199,38.62,94,94,280193
1.9306,0.2395,38.36,94,94,280197
1.8817,0.2248,38.52,94,94,280200
1.8768,0.2151,38.52,94,94,280203
1.8768,0.2493,38.58,94,94,280207
1.8817,0.2151,38.58,94,94,280210
1.9208,0.2297,38.43,94,94,280213
1.8964,0.2151,38.55,94,94,280217
1.9159,0.2199,38.46,94,94,280220
1.9013,0.2395,38.65,94,94,280223
1.9013,0.2248,38.58,94,94,280227
1.9306,0.2248,38.52,94,94,280230
1.9110,0.2199,38.65,94,94,280233
1.9453,0.2346,38.49,94,94,280237
1.9208,0.2151,38.62,94,94,280241
1.9404,0.2151,38.46,94,94,280245
1.9453,0.2151,38.68,94,94,280249
1.9697,0.2199,38.52,94,94,280252
1.9550,0.2248,38.68,94,94,280255
2.0137,0.2248,38.33,94,94,280259
1.9844,0.2199,38.52,94,94,280262
1.9648,0.2151,38.58,94,94,280265
1.9697,0.2199,38.58,94,94,280269
1.9599,0.2151,38.55,94,94,280272
2.0235,0.2346,38.36,94,94,280275
1.9746,0.2297,38.49,94,94,280280
1.9892,0.2199,38.52,94,94,280283
1.9306,0.2199,38.58,94,94,280286
1.9208,0.2151,38.71,94,94,280289
1.9501,0.2346,38.49,94,94,280293
1.9159,0.2199,38.55,94,94,280296
1.9257,0.2151,38.58,94,94,280299
1.9062,0.2199,38.58,94,94,280303
1.9062,0.2151,38.58,94,94,280306
1.9159,0.2297,38.52,94,94,280309
1.8964,0.2102,38.58,94,94,280313
1.9013,0.2199,38.46,94,94,280316
1.8671,0.2151,38.58,94,94,280320
1.8622,0.2151,38.62,94,94,280324
1.8866,0.2346,38.46,94,94,280327
1.8573,0.2199,38.58,94,94,280330
1.8768,0.2151,38.40,94,94,280333
1.8573,0.2199,38.52,94,94,280337
1.8426,0.2151,38.62,94,94,280340
1.9062,0.2199,38.49,94,94,280343
1.8475,0.2151,38.58,94,94,280347
1.8866,0.2248,38.33,94,94,280350
1.8524,0.2151,38.55,94,94,280353
1.8475,0.2151,38.58,94,94,280357
1.8866,0.2297,38.55,94,94,280360
1.8475,0.2151,38.62,94,94,280364
1.9013,0.2297,38.30,94,94,280368
1.8622,0.2151,38.52,94,94,280371
1.8573,0.2102,37.80,94,94,280374
1.8622,0.2151,38.55,94,94,280377
1.8622,0.2151,38.65,94,94,280381
1.9159,0.2297,38.46,94,94,280384
1.8915,0.2199,38.55,94,94,280387
1.8817,0.2151,38.49,94,94,280391
1.8719,0.1906,38.62,94,94,280394
1.8719,0.2151,38.58,94,94,280397
1.9062,0.2297,38.40,94,94,280401
1.8768,0.2151,38.55,94,94,280404
1.8866,0.2199,38.49,94,94,280408
1.8719,0.2151,38.62,94,94,280412
1.8768,0.2151,38.62,94,94,280415
1.9062,0.2151,38.49,94,94,280418
1.8817,0.2199,38.58,94,94,280421
1.9062,0.2151,38.46,94,94,280425
1.8671,0.2102,38.55,94,94,280428
1.8719,0.2151,38.62,94,94,280431
1.8768,0.1906,38.49,94,94,280435
1.8719,0.2151,38.58,94,94,280438
1.9013,0.2248,38.36,94,94,280441
1.8719,0.2151,38.58,94,94,280445
1.8817,0.2248,38.62,94,94,280449
1.9062,0.2102,38.55,94,94,280452
1.8915,0.2199,38.58,94,94,280456
1.9453,0.2102,38.30,94,94,280459
1.9110,0.2199,37.74,94,94,280462
1.9013,0.2102,38.58,94,94,280466
1.9257,0.2199,38.55,94,94,280469
1.9355,0.2151,38.65,94,94,280472
2.0186,0.2297,38.40,94,94,280475
1.9892,0.2248,38.52,94,94,280479
1.9746,0.2151,38.62,94,94,280482
1.9599,0.2248,38.58,94,94,280485
1.9501,0.2151,38.62,94,94,280489
1.9697,0.2248,38.46,94,94,280493
1.9306,0.2102,38.55,94,94,280496
1.9257,0.2151,38.58,94,94,280500
1.8817,0.2102,38.58,94,94,280503
1.8719,0.2151,38.68,94,94,280506
1.8719,0.2199,38.52,94,94,280510
1.8475,0.2151,38.58,94,94,280513
1.8475,0.2199,38.46,94,94,280516
1.7986,0.2151,38.58,94,94,280519
1.7840,0.2151,38.58,94,94,280523
1.7986,0.2248,38.49,94,94,280526
1.7595,0.2151,38.84,94,94,280529
1.7791,0.2248,38.40,94,94,280534
1.7595,0.2151,38.46,94,94,280537
1.7644,0.2151,38.58,94,94,280540
1.7937,0.2248,38.52,94,94,280544
1.7840,0.2151,38.62,94,94,280547
1.8280,0.2102,38.33,94,94,280550
1.7693,0.2151,38.52,94,94,280554
1.7595,0.2102,38.62,94,94,280557
1.7498,0.2199,38.74,94,94,280560
1.7400,0.2248,38.62,94,94,280564
1.7986,0.2395,38.43,94,94,280567
1.7693,0.2199,38.52,94,94,280570
1.7693,0.2151,38.55,94,94,280573
1.7742,0.2151,38.58,94,94,280578
1.7986,0.2199,38.62,94,94,280581
1.8671,0.2297,38.49,94,94,280584
1.8719,0.2199,38.52,94,94,280588
1.9453,0.2151,38.49,94,94,280591
1.9550,0.2102,38.68,94,94,280594
2.0430,0.2102,38.62,94,94,280598
2.2239,0.2248,38.46,94,94,280601
2.3754,0.2102,38.58,94,94,280604
2.6295,0.2297,38.55,94,94,280608
2.8446,0.2151,38.55,94,94,280611
3.0743,0.2151,38.65,94,94,280614
3.2649,0.2199,38.49,94,94,280617
3.2454,0.2151,38.62,94,94,280622
3.1281,0.2346,38.40,94,94,280625
2.8055,0.2151,38.52,94,94,280628
2.4829,0.2151,38.58,94,94,280632
2.2043,0.2151,38.52,94,94,280635
1.9208,0.2102,38.62,94,94,280638
1.7693,0.2199,38.71,94,94,280642
1.5885,0.2102,38.58,94,94,280645
1.4956,0.2102,38.68,94,94,280648
1.4370,0.2199,38.58,94,94,280652
1.3978,0.2102,38.62,94,94,280655
1.4174,0.2248,38.33,94,94,280658
1.3783,0.2199,38.52,94,94,280662
1.3832,0.2102,38.55,94,94,280666
1.4370,0.2151,38.55,94,94,280669
1.4418,0.2102,38.62,94,94,280672
1.5054,0.2248,38.40,94,94,280676
1.4956,0.2102,38.52,94,94,280679
1.5103,0.2102,38.49,94,94,280682
1.5200,0.2199,38.58,94,94,280686
1.5347,0.2199,38.58,94,94,280689
1.5836,0.2199,38.46,94,94,280692
1.5787,0.2151,38.58,94,94,280696
1.6129,0.2102,38.43,94,94,280699
1.6178,0.2151,38.58,94,94,280702
1.6373,0.2102,38.65,94,94,280707
1.6569,0.2199,38.55,94,94,280710
1.6813,0.2151,38.58,94,94,280713
1.7009,0.2151,38.49,94,94,280716
1.6813,0.2102,38.58,94,94,280720
1.6960,0.2102,38.68,94,94,280723
1.7155,0.2199,38.52,94,94,280726
1.7058,0.2151,38.58,94,94,280730
1.7498,0.2151,38.40,94,94,280733
1.7302,0.2151,38.49,94,94,280736
1.7302,0.2102,38.62,94,94,280740
1.7546,0.2248,38.52,94,94,280743
1.7351,0.2102,38.62,94,94,280747
1.7937,0.2248,38.27,94,94,280751
1.7595,0.2151,38.55,94,94,280754
1.7644,0.2053,38.81,94,94,280757
1.7693,0.2053,38.55,94,94,280760
1.7693,0.2102,38.65,94,94,280764
1.8182,0.2297,38.36,94,94,280767
1.7889,0.2102,38.55,94,94,280770
1.7742,0.2102,38.52,94,94,280774
1.7791,0.2151,38.58,94,94,280777
1.7840,0.2102,38.58,94,94,280780
1.8182,0.2297,38.49,94,94,280784
1.8182,0.2102,38.55,94,94,280787
1.8035,0.2151,38.49,94,94,280791
1.7986,0.2151,38.68,94,94,280795
1.8035,0.2102,38.58,94,94,280798
1.8475,0.2248,38.55,94,94,280801
1.8377,0.2248,38.58,94,94,280804
1.8377,0.2199,38.49,94,94,280808
1.8084,0.2053,38.52,94,94,280811
1.8133,0.2151,38.58,94,94,280814
1.8426,0.2248,38.46,94,94,280818
1.8328,0.2151,38.62,94,94,280821
1.8573,0.2151,38.40,94,94,280824
1.8280,0.2346,38.52,94,94,280828
1.8231,0.2151,38.62,94,94,280832
1.8475,0.2199,38.62,94,94,280835
1.8426,0.2297,38.58,94,94,280839
1.8964,0.2151,38.33,94,94,280842
1.8377,0.2102,38.55,94,94,280845
1.8328,0.2151,38.62,94,94,280848
1.8426,0.2151,38.58,93,94,280852
1.8915,0.2248,38.58,93,94,280857
1.9208,0.2151,38.58,93,94,280860
1.9257,0.2199,38.46,93,94,280863
1.9062,0.2199,38.55,93,94,280866
1.9501,0.2151,38.43,93,94,280870
1.9501,0.2248,38.62,93,94,280873
1.9990,0.2151,38.62,93,94,280877
1.9990,0.2199,38.52,93,94,280881
1.9746,0.2444,38.58,93,94,280884
1.9892,0.2151,38.49,93,94,280887
1.9501,0.2102,38.58,93,94,280891
1.9501,0.2102,38.55,93,94,280894
1.9795,0.2151,38.49,93,94,280897
1.9599,0.2102,38.46,93,94,280901
1.9844,0.2199,38.36,93,94,280904
1.9501,0.2151,38.62,93,94,280907
1.9599,0.2053,38.58,93,94,280910
2.0186,0.2151,38.49,93,94,280914
1.9795,0.2102,38.65,93,94,280918
2.0186,0.2151,38.33,93,94,280921
1.9648,0.2151,38.49,93,94,280925
1.9257,0.2102,38.58,93,94,280928
1.9159,0.2151,38.55,93,94,280931
1.9013,0.2102,38.58,93,94,280935
1.9795,0.2346,38.36,93,94,280938
1.9404,0.2493,38.49,93,94,280941
1.9257,0.2102,38.55,93,94,280945
1.9110,0.2151,37.99,93,94,280948
1.8915,0.2346,38.58,93,94,280951
1.9208,0.2199,38.43,93,94,280955
1.8915,0.2151,38.55,93,94,280958
1.9306,0.2102,38.43,93,94,280962
1.8622,0.2102,38.62,93,94,280965
1.8573,0.2053,38.62,93,94,280969
1.8768,0.2199,38.52,93,94,280972
1.8671,0.2102,38.58,93,94,280975
1.8964,0.2199,38.49,93,94,280979
1.8671,0.2102,38.62,93,94,280982
1.8866,0.2102,38.65,93,94,280985
1.8964,0.1906,38.52,93,94,280989
1.8817,0.2102,38.62,93,94,280992
1.9599,0.2199,38.46,93,94,280995
1.9062,0.2102,38.52,93,94,280999
1.8866,0.2102,38.65,93,94,281003
1.9013,0.2199,38.52,93,94,281006
1.8915,0.2102,38.71,93,94,281009
1.9501,0.2248,38.36,93,94,281013
1.9110,0.2102,38.52,93,94,281016
1.8866,0.2102,38.62,93,94,281019
1.8817,0.2199,38.55,93,94,281023
1.8719,0.2102,38.58,93,94,281026
1.9306,0.2248,38.21,93,94,281029
1.9062,0.2151,38.49,93,94,281033
1.9159,0.2053,38.65,93,94,281036
1.9208,0.2395,38.55,93,94,281039
1.9013,0.2102,38.62,93,94,281043
1.9501,0.2297,38.43,93,94,281047
1.9257,0.2248,38.55,93,94,281050
1.9306,0.2102,38.55,93,94,281053
1.9404,0.2102,38.55,93,94,281057
1.9550,0.2102,38.58,93,94,281060
1.9746,0.2199,38.46,93,94,281063
1.9306,0.2151,38.58,93,94,281067
1.9306,0.2151,38.46,93,94,281070
1.9013,0.2444,38.58,93,94,281073
1.9013,0.2199,38.58,93,94,281077
1.9404,0.2199,38.40,93,94,281080
1.9306,0.2102,38.58,93,94,281083
1.9746,0.2444,38.46,93,94,281086
1.9453,0.1906,38.58,93,94,281091
1.9453,0.2102,38.52,93,94,281094
1.9550,0.2151,38.52,93,94,281097
1.9599,0.2102,38.58,93,94,281101
2.0137,0.2151,38.36,93,94,281104
2.0088,0.2102,38.68,93,94,281107
2.0332,0.2102,38.65,93,94,281111
2.0577,0.2199,38.52,93,94,281114
2.0186,0.2102,38.65,93,94,281117
2.0430,0.2199,38.33,93,94,281121
1.9892,0.2444,38.62,93,94,281124
1.9501,0.2151,38.58,93,94,281127
1.9404,0.2151,38.55,93,94,281131
1.9159,0.2004,38.62,93,94,281135
1.9648,0.2297,38.33,93,94,281138
1.9257,0.2199,38.55,93,94,281141
1.8671,0.2053,38.55,93,94,281145
1.8524,0.2102,38.52,93,94,281148
1.8328,0.2493,38.62,93,94,281151
1.8719,0.2248,38.43,93,94,281155
1.8328,0.2151,38.62,93,94,281158
1.8426,0.2102,38.49,93,94,281161
1.8182,0.2102,38.58,93,94,281165
1.8475,0.2151,38.62,93,94,281168
1.8377,0.2199,38.52,93,94,281171
1.8182,0.2297,38.55,93,94,281175
1.8377,0.2151,38.43,93,94,281179
1.7986,0.2151,38.58,93,94,281182
1.8084,0.2102,38.62,93,94,281185
1.8426,0.2248,38.46,93,94,281189
1.8133,0.2102,38.58,93,94,281192
1.8377,0.2102,38.40,93,94,281195
1.8133,0.2151,38.52,93,94,281199
1.8084,0.2102,38.58,93,94,281202
1.8328,0.2248,38.49,93,94,281205
1.8084,0.2102,38.62,93,94,281209
1.8622,0.2151,38.46,93,94,281212
1.8524,0.2102,38.52,93,94,281216
1.8768,0.2102,38.62,93,94,281220
1.9355,0.2151,38.55,93,94,281223
2.0039,0.2102,38.58,93,94,281226
2.1799,0.2199,38.30,93,94,281229
2.2972,0.2248,38.52,93,94,281233
2.4976,0.2053,38.55,93,94,281236
2.7468,0.2151,38.58,93,94,281239
2.9961,0.2151,38.62,93,94,281243
3.3138,0.2297,38.49,93,94,281246
3.3822,0.2151,38.52,93,94,281249
3.3382,0.2151,38.49,93,94,281253
3.0987,0.2053,38.58,93,94,281256
2.7713,0.2102,38.58,93,94,281260
2.4780,0.2199,38.43,93,94,281264
2.1359,0.2102,38.55,93,94,281267
1.9159,0.2102,38.46,93,94,281270
1.6911,0.2102,38.62,93,94,281273
1.5494,0.2199,38.62,93,94,281277
1.4712,0.2199,38.52,93,94,281280
1.4027,0.2102,38.58,93,94,281283
1.4027,0.2199,38.49,93,94,281287
1.3783,0.2053,38.58,93,94,281290
1.3783,0.2102,38.52,93,94,281293
1.4027,0.2248,38.55,93,94,281297
1.4272,0.2102,38.58,93,94,281300
1.4809,0.2151,38.49,93,94,281304
1.5054,0.2151,38.58,93,94,281308
1.5103,0.2102,38.62,93,94,281311
1.5396,0.2199,38.52,93,94,281314
1.5445,0.2102,38.58,93,94,281317
1.6031,0.2199,38.30,93,94,281321
1.5982,0.2199,38.49,93,94,281324
1.6178,0.2151,38.62,93,94,281327
1.6325,0.2248,38.55,93,94,281331
1.6373,0.2102,38.58,93,94,281334
1.6911,0.2297,38.30,93,94,281337
1.6716,0.2102,38.49,93,94,281341
1.6569,0.2102,38.71,93,94,281345
1.6667,0.2102,38.55,93,94,281348
1.6667,0.1906,38.62,93,94,281352
1.7155,0.2248,37.74,93,94,281355
1.6813,0.2199,38.55,93,94,281358
1.6862,0.2102,38.46,93,94,281361
1.6764,0.2102,38.52,93,94,281365
1.6813,0.2102,38.58,93,94,281368
1.7107,0.2199,38.46,93,94,281371
1.6960,0.2151,38.58,93,94,281375
1.7204,0.2102,38.46,93,94,281378
1.6911,0.1955,38.62,93,94,281381
1.6960,0.2151,38.62,93,94,281385
1.7253,0.2199,38.52,93,94,281389
1.7058,0.2151,38.58,93,94,281392
1.7351,0.2151,38.65,93,94,281396
1.7253,0.1955,38.52,93,94,281399
1.7253,0.2102,38.58,93,94,281402
1.7546,0.2151,38.52,93,94,281405
1.7302,0.2151,38.58,93,94,281409
1.7742,0.2199,38.30,93,94,281412
1.7449,0.2151,38.55,93,94,281415
1.7400,0.2102,38.62,93,94,281419
1.7595,0.2151,38.40,93,94,281422
1.7498,0.2053,38.62,93,94,281425
1.8084,0.2199,38.30,93,94,281430
1.7546,0.2102,38.46,93,94,281433
1.7546,0.2004,38.58,93,94,281436
1.7498,0.2102,38.58,93,94,281440
1.7449,0.2151,38.58,93,94,281443
1.7937,0.2297,38.43,93,94,281446
1.7595,0.2151,38.58,93,94,281449
1.7595,0.2102,38.55,93,94,281453
1.7546,0.2297,38.58,93,94,281456
1.7840,0.2151,38.62,93,94,281459
1.8035,0.2199,38.30,93,94,281463
1.8133,0.2151,38.49,93,94,281467
1.7986,0.2053,38.68,93,94,281472
1.8328,0.2151,38.43,93,94,281475
1.8084,0.2102,38.49,93,94,281478
1.8133,0.2199,38.62,93,94,281482
1.8377,0.2199,38.55,93,94,281485
1.8328,0.2102,38.58,93,94,281488
1.8817,0.2199,38.43,93,94,281492
1.8475,0.2102,38.58,93,94,281495
1.8573,0.2151,38.68,93,94,281498
1.8671,0.2151,38.58,93,94,281502
1.8817,0.2151,38.58,93,94,281505
1.9159,0.2297,38.27,93,94,281508
1.8817,0.2493,38.52,93,94,281511
1.8768,0.2053,38.55,93,94,281516
1.8719,0.2151,38.58,93,94,281519
1.8671,0.2151,38.58,93,94,281522
1.9110,0.2199,38.65,93,94,281526
1.8866,0.2151,38.55,93,94,281529
1.8866,0.2102,38.49,93,94,281532
1.8671,0.2004,38.58,93,94,281536
1.8622,0.2102,38.58,93,94,281539
1.8817,0.2199,38.46,93,94,281542
1.8475,0.2199,38.58,93,94,281546
1.8622,0.2102,38.46,93,94,281549
1.8328,0.2199,38.58,93,94,281552
1.8328,0.2151,38.58,93,94,281556
1.8426,0.2102,38.52,93,94,281560
1.8328,0.2151,38.58,93,94,281563
1.8573,0.2102,38.43,93,94,281566
1.8280,0.2004,38.62,93,94,281570
1.8280,0.2102,38.58,93,94,281573
1.8475,0.2199,38.65,93,94,281576
1.8231,0.2102,38.58,93,94,281580
1.8475,0.2151,38.36,93,94,281583
1.8182,0.2199,38.49,93,94,281586
1.8133,0.2004,38.58,93,94,281590
1.8231,0.2151,38.62,93,94,281593
1.8084,0.2053,38.58,93,94,281596
1.8622,0.2199,38.30,93,94,281601
1.8182,0.2102,38.46,93,94,281604
1.8133,0.2102,38.58,93,94,281607
1.8182,0.2102,38.58,93,94,281610
1.8182,0.2102,38.65,93,94,281614
1.8719,0.2102,38.43,93,94,281617
1.8328,0.2151,38.55,93,94,281620
1.8328,0.2346,38.52,93,94,281624
1.8328,0.2102,38.58,93,94,281627
1.8328,0.2102,38.62,93,94,281630
1.8866,0.2199,38.49,93,94,281634
1.8524,0.2151,38.58,93,94,281637
1.8622,0.2151,38.46,93,94,281640
1.8475,0.2102,38.74,93,94,281645
1.8524,0.2053,38.62,93,94,281648
1.8964,0.2248,38.43,93,94,281651
1.8719,0.2248,38.58,93,94,281654
1.9208,0.2199,38.49,93,94,281658
1.8719,0.2053,38.55,93,94,281661
1.8719,0.2102,38.65,93,94,281664
1.8915,0.2151,38.46,93,94,281668
1.8768,0.2102,38.68,93,94,281671
1.9062,0.2053,38.36,93,94,281674
1.8768,0.2102,38.52,93,94,281678
1.8719,0.2102,38.68,93,94,281681
1.8866,0.2199,38.55,93,94,281684
1.8671,0.2102,38.58,93,94,281689
1.9110,0.2199,38.36,93,94,281692
1.8719,0.2004,38.52,93,94,281695
1.8719,0.2102,38.62,93,94,281698
1.8768,0.2151,38.55,93,94,281702
1.8671,0.2102,38.62,93,94,281705
1.9257,0.2395,38.36,93,94,281708
1.9013,0.2102,38.49,93,94,281712
1.8817,0.2053,38.55,93,94,281715
1.8866,0.2151,38.58,93,94,281718
1.8817,0.2102,38.68,93,94,281722
1.9208,0.2151,38.40,93,94,281725
1.9013,0.2199,38.52,93,94,281729
1.9062,0.2102,38.49,93,94,281733
1.9062,0.2151,38.58,93,94,281736
1.9062,0.2102,38.58,93,94,281739
1.9501,0.2199,38.40,93,94,281742
1.9355,0.2151,38.62,93,94,281746
1.9648,0.2102,38.46,93,94,281749
1.9453,0.2102,38.49,93,94,281752
1.9404,0.2102,38.58,93,94,281756
1.9306,0.2102,38.52,93,94,281759
1.9013,0.2102,38.58,93,94,281762
1.9013,0.2395,38.43,93,94,281766
1.8426,0.2102,38.62,93,94,281769
1.8280,0.2102,38.58,93,94,281773
1.8377,0.2151,38.49,93,94,281777
1.8084,0.2102,38.52,93,94,281780
1.8328,0.2053,38.36,93,94,281783
1.8084,0.2102,38.49,93,94,281786
1.7889,0.2102,38.65,93,94,281790
1.7937,0.2102,38.52,93,94,281793
1.7742,0.2102,38.62,93,94,281796
1.8133,0.2199,38.30,93,94,281800
1.7693,0.2102,38.49,93,94,281803
1.7546,0.2102,38.52,93,94,281806
1.7693,0.2199,38.58,93,94,281810
1.7644,0.1906,38.58,93,94,281814
1.8182,0.2297,38.65,93,94,281817
1.7791,0.2151,38.55,93,94,281821
1.7791,0.2102,38.52,93,94,281824
1.7791,0.2102,38.58,93,94,281827
1.7742,0.2102,38.58,93,94,281830
1.8182,0.2248,38.49,93,94,281834
1.8328,0.2102,38.55,93,94,281837
1.8182,0.1906,38.49,93,94,281840
1.8035,0.2151,38.58,93,94,281844
1.8182,0.2053,38.62,93,94,281847
1.8719,0.2199,38.49,93,94,281850
1.8866,0.2151,38.55,93,94,281854
1.9404,0.2199,38.49,93,94,281858
1.9697,0.2053,38.52,93,94,281861
2.0528,0.2102,38.58,93,94,281865
2.1945,0.2151,38.49,93,94,281868
2.3363,0.2102,38.77,93,94,281871
2.5611,0.2199,38.40,93,94,281874
2.7566,0.2102,38.52,93,94,281878
2.9863,0.2102,38.58,93,94,281881
3.2063,0.2199,38.49,93,94,281884
3.2698,0.2102,38.58,93,94,281888
3.2551,0.2151,38.36,93,94,281891
2.9472,0.2004,38.58,93,94,281894
2.6491,0.2151,38.62,93,94,281899
2.3509,0.2151,38.52,93,94,281902
2.0626,0.2102,38.58,93,94,281905
1.8915,0.2199,38.30,93,94,281908
1.6960,0.2151,38.40,93,94,281912
1.5494,0.2053,38.62,93,94,281915
1.4663,0.2151,38.05,93,94,281918
1.4076,0.2297,38.58,93,94,281922
1.4418,0.2199,38.46,93,94,281925
1.3734,0.2199,38.55,93,94,281928
1.3636,0.2102,38.52,93,94,281932
1.3734,0.2102,38.55,93,94,281935
1.3881,0.2102,37.96,93,94,281938
1.4321,0.2248,38.46,93,94,281942
1.4321,0.2151,38.58,93,94,281946
1.4565,0.2102,37.71,93,94,281949
1.4614,0.2102,38.68,93,94,281952
1.4809,0.2102,38.74,93,94,281956
1.5103,0.2444,38.52,93,94,281959
1.5347,0.2151,38.58,93,94,281962
1.5494,0.2199,37.71,93,94,281966
1.5347,0.2102,38.58,93,94,281969
1.5543,0.2102,38.81,93,94,281972
1.5885,0.2248,38.52,93,94,281976
1.5738,0.2102,38.74,93,94,281979
1.6031,0.2151,38.40,93,94,281982
1.5982,0.1906,38.49,93,94,281987
1.5885,0.2102,38.62,93,94,281990
1.6373,0.2199,38.49,93,94,281993
1.6031,0.2102,38.55,93,94,281996
1.6618,0.2199,38.33,93,94,282000
1.6373,0.2151,38.52,93,94,282003
1.6373,0.2102,38.65,93,94,282006
1.6520,0.2151,38.58,93,94,282010
1.6520,0.2199,38.55,93,94,282013
1.7107,0.2248,38.33,93,94,282016
1.6667,0.2151,38.55,93,94,282020
1.6569,0.2151,38.55,93,94,282023
1.6716,0.2151,38.58,93,94,282027
1.6764,0.2102,38.62,93,94,282031
1.7155,0.2395,38.43,93,94,282034
1.7009,0.2151,38.58,93,94,282037
1.7107,0.2102,38.49,93,94,282040
1.6911,0.2151,38.58,93,94,282044
1.6862,0.2102,38.58,93,94,282047
1.7302,0.2199,38.46,93,94,282050
1.7155,0.2102,38.62,93,94,282054
1.7302,0.2151,38.46,93,94,282057
1.7155,0.2151,38.58,93,94,282060
1.7009,0.2102,38.62,93,94,282064
1.7204,0.2151,38.46,93,94,282067
1.7155,0.2053,38.62,93,94,282071
1.7449,0.2151,38.40,93,94,282075
1.7840,0.2395,38.36,93,93,282079
1.7449,0.2102,38.52,93,93,282083
1.7546,0.2102,38.71,93,93,282086
1.7644,0.2151,38.52,93,93,282089
1.7546,0.2102,38.62,93,93,282093
1.8231,0.2493,38.36,93,93,282096
1.7889,0.2102,38.58,93,93,282099
1.7889,0.2053,38.52,93,93,282102
1.7840,0.2102,38.62,93,93,282106
1.7889,0.2102,38.62,93,93,282109
1.8182,0.2199,38.65,93,93,282113
1.8035,0.2102,38.55,93,93,282117
1.8133,0.2102,38.46,93,93,282120
1.8133,0.2102,38.68,93,93,282123
1.8231,0.2151,38.68,93,93,282127
1.8524,0.2199,38.55,93,93,282130
1.8328,0.2395,38.55,93,93,282133
1.8622,0.2199,38.49,93,93,282137
1.8426,0.2102,38.65,93,93,282140
1.8524,0.2248,38.58,93,93,282143
1.8719,0.2151,38.55,93,93,282146
1.8573,0.2102,38.62,93,93,282150
1.8768,0.2199,38.49,93,93,282153
1.8573,0.2102,38.58,93,93,282157
1.8817,0.2004,38.58,93,93,282161
1.8915,0.2199,38.55,93,93,282164
1.8719,0.2151,38.58,93,93,282167
1.9013,0.2199,38.36,93,93,282171
1.8768,0.2151,38.52,93,93,282174
1.8671,0.2004,38.62,93,93,282177
1.8719,0.2151,38.55,93,93,282181
1.8524,0.2102,38.58,93,93,282184
1.8964,0.2297,38.33,93,93,282187
1.8475,0.2248,38.52,93,93,282190
1.8377,0.2053,38.58,93,93,282194
1.8328,0.2151,38.65,93,93,282198
1.8328,0.2053,38.58,93,93,282201
1.8817,0.2297,38.43,93,93,282205
1.8426,0.2151,38.55,93,93,282208
1.8377,0.2151,38.52,93,93,282211
1.8231,0.2102,38.58,93,93,282215
1.8475,0.2004,38.62,93,93,282218
1.8573,0.2199,38.52,93,93,282221
1.8426,0.2151,38.55,93,93,282225
1.8524,0.2102,38.46,93,93,282228
1.8231,0.2053,38.58,93,93,282231
1.8231,0.2151,38.58,93,93,282235
1.8475,0.2199,38.52,93,93,282238
1.8182,0.2102,38.58,93,93,282242
1.8328,0.2102,38.43,93,93,282245
1.8035,0.2102,38.52,93,93,282249
1.7986,0.2102,38.58,93,93,282252
1.8231,0.2151,38.36,93,93,282255
1.8084,0.2151,38.58,93,93,282259
1.8524,0.2151,38.36,93,93,282262
1.8328,0.2199,38.55,93,93,282265
1.8280,0.2102,38.62,93,93,282269
1.8377,0.2199,38.65,93,93,282272
1.8231,0.2102,38.62,93,93,282275
1.8817,0.2199,38.30,93,93,282279
1.8426,0.2102,38.90,93,93,282283
1.8524,0.2151,38.58,93,93,282286
1.8622,0.2151,38.62,93,93,282289
1.8524,0.2151,38.68,93,93,282293
1.9159,0.2297,38.40,93,93,282296
1.8866,0.2151,38.55,93,93,282299
1.8964,0.2151,38.52,93,93,282303
1.8768,0.2199,38.58,93,93,282306
1.8817,0.2151,38.58,93,93,282309
1.9110,0.2199,38.40,93,93,282313
1.8915,0.2151,38.55,93,93,282316
1.9062,0.2151,38.52,93,93,282319
1.8866,0.2102,38.58,93,93,282323
1.8915,0.1906,38.62,93,93,282327
1.9013,0.2199,38.43,93,93,282330
1.8768,0.2151,38.62,93,93,282333
1.9110,0.2151,38.49,93,93,282337
1.8866,0.2102,38.58,93,93,282340
1.8915,0.2199,38.58,93,93,282343
1.9062,0.2102,38.49,93,93,282347
1.8866,0.2102,38.58,93,93,282350
1.9110,0.2199,38.40,93,93,282353
1.8866,0.2102,38.58,93,93,282357
1.8964,0.2102,38.62,93,93,282360
1.9257,0.2102,38.52,93,93,282363
1.9062,0.2102,38.55,93,93,282368
1.9599,0.2151,38.36,93,93,282371
1.9404,0.2151,38.87,93,93,282374
1.9355,0.2102,38.55,93,93,282377
1.9501,0.2151,38.58,93,93,282381
1.9599,0.2102,37.80,93,93,282384
2.0186,0.2297,38.33,93,93,282387
1.9746,0.2151,38.49,93,93,282391
1.9501,0.2053,38.40,93,93,282394
1.9404,0.2151,38.65,93,93,282397
1.9159,0.2102,38.62,93,93,282401
1.9501,0.2248,38.40,93,93,282404
1.8866,0.2151,38.62,93,93,282407
1.8573,0.2102,38.49,93,93,282412
1.8280,0.2102,38.58,93,93,282415
1.8475,0.2151,38.58,93,93,282418
1.8524,0.2199,38.46,93,93,282421
1.8280,0.2151,38.58,93,93,282425
1.8377,0.2102,38.43,93,93,282428
1.7937,0.2493,38.58,93,93,282431
1.7840,0.2151,38.62,93,93,282435
1.8035,0.2199,38.46,93,93,282438
1.7791,0.2199,38.58,93,93,282441
1.8035,0.2199,38.46,93,93,282445
1.7693,0.2102,38.52,93,93,282448
1.7644,0.2102,38.49,93,93,282451
1.7742,0.2151,38.46,93,93,282456
1.7595,0.2102,38.58,93,93,282459
1.7986,0.2151,38.33,93,93,282462
1.7742,0.2102,38.55,93,93,282465
1.7644,0.2151,38.58,93,93,282469
1.7791,0.2199,38.52,93,93,282472
1.7644,0.2102,38.52,93,93,282475
1.8084,0.2297,38.30,93,93,282479
1.7742,0.2102,38.52,93,93,282482
1.7791,0.2102,38.55,93,93,282485
1.7986,0.2151,38.58,93,93,282489
1.8035,0.2199,38.65,93,93,282492
1.8915,0.2199,38.36,93,93,282496
1.9159,0.2199,38.52,93,93,282500
1.9844,0.2102,38.74,93,93,282503
2.0919,0.2151,38.62,93,93,282506
2.2239,0.2102,38.65,93,93,282509
2.4438,0.2151,38.43,93,93,282513
2.6344,0.2151,38.62,93,93,282516
2.8886,0.2346,38.46,93,93,282519
3.0694,0.2102,38.58,93,93,282523
3.1965,0.2102,38.62,93,93,282526
3.1965,0.2199,38.49,93,93,282529
2.9668,0.2151,38.62,93,93,282533
2.7126,0.2199,38.46,93,93,282536
2.3754,0.2102,38.68,93,93,282540
2.1163,0.2102,38.58,93,93,282544
1.8964,0.2151,38.49,93,93,282547
1.6960,0.2151,38.55,93,93,282550
1.5787,0.2151,38.43,93,93,282553
1.4858,0.2102,38.58,93,93,282557
1.3978,0.2151,38.58,93,93,282560
1.3783,0.2444,38.52,93,93,282563
1.3441,0.2151,38.62,93,93,282567
1.3587,0.2199,38.36,93,93,282570
1.3539,0.1906,38.52,93,93,282573
1.3636,0.2102,38.62,93,93,282577
1.3978,0.2151,38.46,93,93,282580
1.4076,0.2102,38.62,93,93,282584
1.4663,0.2297,38.30,93,93,282588
1.4565,0.2151,38.49,93,93,282591
1.4663,0.2053,38.52,93,93,282594
1.4907,0.2151,38.58,93,93,282597
1.5152,0.2102,38.58,93,93,282601
1.5787,0.2297,38.62,93,93,282604
1.5640,0.2199,38.55,93,93,282607
1.5738,0.2151,38.49,93,93,282611
1.5787,0.2151,38.58,93,93,282614
1.5934,0.2102,38.58,93,93,282617
1.6325,0.2199,38.62,93,93,282621
1.6325,0.2151,38.55,93,93,282625
1.6569,0.2151,38.46,93,93,282628
1.6471,0.2151,38.62,93,93,282632
1.6471,0.2102,38.74,93,93,282635
1.6813,0.2639,38.49,93,93,282638
1.6667,0.2102,38.58,93,93,282642
1.6960,0.2102,38.43,93,93,282645
1.6813,0.2102,38.52,93,93,282648
1.6813,0.2102,38.62,93,93,282651
1.7302,0.2199,38.46,93,93,282655
1.6960,0.2102,38.62,93,93,282658
1.7351,0.2151,38.36,93,93,282661
1.7204,0.2151,38.43,93,93,282665
1.7107,0.2102,38.62,93,93,282669
1.7204,0.2151,38.55,93,93,282672
1.7107,0.2151,38.62,93,93,282676
1.7693,0.2199,38.33,93,93,282679
1.7253,0.2102,38.49,93,93,282682
1.7351,0.2053,38.62,93,93,282686
1.7351,0.2151,38.68,93,93,282689
1.7400,0.1906,38.65,93,93,282694
1.7400,0.2102,38.62,93,93,282697
1.7742,0.2199,38.36,93,93,282700
1.7644,0.2102,38.58,93,93,282704
1.7937,0.2199,38.58,93,93,282707
1.7742,0.2199,38.58,93,93,282711
1.7986,0.2102,38.58,93,93,282714
1.8035,0.2151,38.46,93,93,282718
1.7937,0.2151,38.68,93,93,282721
1.8133,0.2102,38.46,93,93,282724
1.7937,0.2151,38.55,93,93,282728
1.7986,0.2102,38.65,93,93,282731
1.8133,0.2199,38.49,93,93,282734
1.7937,0.2151,38.62,93,93,282738
1.8377,0.2151,38.33,93,93,282741
1.7937,0.2053,38.55,93,93,282744
1.8035,0.1906,38.58,93,93,282748
1.8084,0.2151,38.55,93,93,282752
1.8035,0.2102,38.65,93,93,282755
1.8475,0.2199,38.30,93,93,282758
1.8133,0.2151,38.49,93,93,282762
1.8133,0.2053,38.55,93,93,282765
1.8231,0.2297,38.55,93,93,282768
1.8377,0.2102,38.62,93,93,282772
1.8817,0.2248,38.40,93,93,282775
1.8524,0.2151,38.55,93,93,282778
1.8573,0.2102,38.46,93,93,282782
1.8524,0.2102,38.58,93,93,282785
1.8719,0.2151,38.58,93,93,282788
1.8964,0.2199,38.58,93,93,282792
1.8671,0.2297,38.58,93,93,282796
1.8817,0.2151,38.43,93,93,282799
1.8573,0.2102,38.62,93,93,282802
1.8622,0.2102,38.58,93,93,282806
1.8768,0.2151,38.46,93,93,282809
1.8622,0.2151,38.58,93,93,282812
1.8866,0.2102,38.62,93,93,282816
1.8475,0.2102,38.58,93,93,282819
1.8573,0.2102,38.62,93,93,282822
1.8719,0.2151,38.55,93,93,282826
1.8524,0.2102,38.71,93,93,282829
1.8915,0.2151,38.36,93,93,282832
1.8622,0.2199,38.49,93,93,282836
1.8377,0.2102,38.62,93,93,282840
1.8573,0.2199,38.52,93,93,282843
1.8377,0.2102,38.58,93,93,282847
1.8915,0.2248,38.33,93,93,282850
1.8426,0.2151,38.46,93,93,282853
1.8231,0.2053,38.52,93,93,282856
1.8182,0.2151,38.58,93,93,282860
1.8084,0.2102,38.62,93,93,282863
1.8573,0.2297,38.43,93,93,282866
1.8231,0.1906,38.55,93,93,282870
1.8231,0.2102,37.96,93,93,282873
1.8182,0.2151,38.58,93,93,282876
1.8133,0.2102,38.52,93,93,282881
1.8377,0.2102,38.49,93,93,282884
1.8133,0.2151,38.55,93,93,282887
1.8231,0.2297,38.49,93,93,282891
1.8035,0.2102,38.58,93,93,282894
1.8035,0.2102,38.58,93,93,282897
1.8377,0.2199,38.46,93,93,282900
1.8035,0.2102,38.58,93,93,282904
1.8328,0.2151,38.43,93,93,282907
1.8084,0.2004,38.52,93,93,282910
1.8182,0.2102,38.62,93,93,282914
1.8280,0.2395,38.46,93,93,282917
1.8133,0.2004,38.62,93,93,282920
1.8475,0.2102,38.40,93,93,282925
1.8328,0.2102,38.58,93,93,282928
1.8524,0.2151,38.62,93,93,282931
1.8524,0.2199,38.52,93,93,282935
1.8280,0.2151,38.62,93,93,282938
1.8671,0.2199,38.33,93,93,282941
1.8280,0.2346,38.55,93,93,282944
1.8475,0.2102,38.65,93,93,282948
1.8622,0.2199,38.46,93,93,282951
1.8573,0.1906,38.62,93,93,282954
1.9062,0.2297,38.43,93,93,282958
1.8622,0.2395,38.46,93,93,282961
1.8475,0.2053,38.52,93,93,282964
1.8524,0.2151,38.62,93,93,282969
1.8719,0.2102,38.58,93,93,282972
1.9013,0.2199,38.46,93,93,282975
1.8768,0.2199,38.55,93,93,282979
1.8915,0.2102,38.52,93,93,282982
1.8768,0.2102,38.62,93,93,282985
1.8817,0.2053,38.62,93,93,282988
1.9062,0.2199,38.46,93,93,282992
1.8768,0.2151,38.58,93,93,282995
1.8866,0.2493,38.43,93,93,282998
1.8671,0.1906,38.62,93,93,283002
1.8768,0.2102,38.62,93,93,283005
1.9110,0.2151,38.49,93,93,283009
1.9062,0.2102,38.68,93,93,283013
1.9404,0.2199,38.43,93,93,283016
1.9208,0.2102,38.58,93,93,283019
1.9404,0.2102,38.62,93,93,283023
1.9795,0.2248,38.49,93,93,283026
1.9746,0.2102,38.58,93,93,283029
2.0137,0.2151,38.36,93,93,283032
1.9844,0.2102,38.49,93,93,283036
1.9453,0.2102,38.58,93,93,283039
1.9355,0.2199,38.55,93,93,283042
1.8964,0.2102,38.58,93,93,283046
1.9257,0.2199,38.27,93,93,283049
1.8671,0.2151,38.49,93,93,283053
1.8377,0.2053,38.58,93,93,283057
1.8231,0.2151,38.55,93,93,283060
1.8133,0.2102,38.49,93,93,283063
1.8622,0.2248,38.43,93,93,283067
1.8280,0.2199,38.55,93,93,283070
1.8182,0.2102,38.52,93,93,283073
1.8133,0.2151,38.62,93,93,283076
1.7889,0.2102,38.71,93,93,283080
1.8035,0.2248,38.52,93,93,283083
1.7791,0.2151,38.55,93,93,283086
1.7937,0.2151,37.90,93,93,283090
1.8182,0.2151,38.58,93,93,283094
1.7937,0.2102,38.62,93,93,283097
1.8280,0.2248,38.43,93,93,283101
1.8084,0.2151,38.58,93,93,283104
1.8377,0.2151,38.46,93,93,283107
1.8280,0.2102,38.55,93,93,283111
1.7986,0.2102,38.58,93,93,283114
1.8133,0.2199,38.46,93,93,283117
1.7937,0.2102,38.58,93,93,283121
1.8231,0.2199,38.36,93,93,283124
1.8035,0.2151,38.52,93,93,283127
1.8133,0.2102,38.62,93,93,283130
1.8475,0.2248,38.55,93,93,283134
1.8573,0.2102,38.58,93,93,283138
1.9453,0.2199,38.36,93,93,283141
1.9746,0.2102,38.52,93,93,283145
2.0821,0.2102,38.52,93,93,283148
2.2385,0.2395,38.55,93,93,283151
2.4194,0.2102,38.58,93,93,283155
2.7273,0.2590,38.33,93,93,283158
2.9277,0.2102,38.49,93,93,283161
3.1378,0.2053,38.58,93,93,283165
3.2698,0.2053,38.55,93,93,283168
3.2502,0.2102,38.65,93,93,283171
3.1281,0.2248,38.40,93,93,283174
2.7761,0.2199,38.55,93,93,283179
2.4633,0.2102,38.46,93,93,283182
2.1554,0.2102,37.80,93,93,283185
1.9208,0.2297,38.55,93,93,283189
1.7498,0.2102,38.43,93,93,283192
1.5787,0.2151,38.58,93,93,283195
1.4956,0.2151,38.55,93,93,283199
1.4076,0.2102,38.62,93,93,283202
1.3636,0.2102,38.62,93,93,283205
1.3539,0.2102,38.52,93,93,283208
1.3392,0.2102,38.62,93,93,283212
1.3636,0.2151,38.43,93,93,283215
1.3636,0.2102,38.52,93,93,283218
1.3978,0.2346,38.58,93,93,283223
1.4370,0.2199,38.52,93,93,283226
1.4516,0.2297,38.58,93,93,283229
1.5347,0.2151,38.36,93,93,283233
1.5005,0.2151,38.49,93,93,283236
1.5054,0.2102,38.62,93,93,283239
1.5347,0.2199,38.55,93,93,283243
1.5347,0.2102,38.68,93,93,283246
1.5836,0.2395,38.30,93,93,283249
1.5640,0.2151,38.49,93,93,283253
1.5738,0.2102,38.58,93,93,283256
1.6031,0.2151,38.62,93,93,283259
1.6227,0.2102,38.62,93,93,283262
1.6764,0.2297,38.40,93,93,283267
1.6422,0.1906,38.55,93,93,283270
1.6373,0.2102,38.52,93,93,283273
1.6276,0.2248,38.62,93,93,283277
1.6178,0.2102,38.62,93,93,283280
1.6716,0.2248,38.52,93,93,283283
1.6716,0.1906,38.55,93,93,283287
1.6764,0.2151,38.46,93,93,283290
1.6911,0.2102,38.58,93,93,283293
1.6764,0.2102,38.68,93,93,283297
1.7058,0.2297,38.49,93,93,283300
1.7058,0.2151,38.49,93,93,283305
1.7009,0.2102,38.58,93,93,283309
1.7449,0.2199,38.36,93,93,283312
1.7155,0.2151,38.52,93,93,283315
1.6960,0.1906,38.62,93,93,283319
1.7009,0.2199,38.58,93,93,283322
1.6862,0.2151,38.58,93,93,283325
1.7302,0.2248,38.30,93,93,283329
1.7009,0.2199,38.49,93,93,283332
1.7155,0.2151,38.62,93,93,283335
1.7351,0.2151,38.68,93,93,283339
1.7498,0.2102,38.58,93,93,283342
1.7937,0.2297,38.36,93,93,283345
1.7400,0.2199,38.55,93,93,283350
1.7302,0.1906,38.49,93,93,283353
1.7058,0.2151,38.65,93,93,283356
1.6960,0.2151,38.58,93,93,283359
1.7351,0.2248,38.43,93,93,283363
1.7155,0.2248,38.62,93,93,283366
1.7400,0.2151,38.46,93,93,283369
1.7204,0.2102,38.62,93,93,283373
1.7302,0.2102,38.62,93,93,283376
1.7693,0.2199,38.49,93,93,283379
1.7693,0.2151,38.62,93,93,283383
1.8035,0.2151,38.46,93,93,283386
1.7644,0.2102,38.55,93,93,283389
1.7791,0.2102,38.55,93,93,283394
1.7937,0.2199,38.49,93,93,283397
1.7889,0.1906,38.62,93,93,283400
1.8231,0.2199,38.40,93,93,283403
1.8280,0.2151,38.65,93,93,283407
1.7889,0.2102,38.58,93,93,283410
1.7986,0.2395,38.49,93,93,283413
1.7889,0.2102,38.62,93,93,283417
1.8475,0.2248,38.30,93,93,283420
1.8475,0.2248,38.52,93,93,283423
1.8475,0.2102,38.62,93,93,283427
1.8622,0.2151,38.55,93,93,283430
1.8524,0.2102,38.58,93,93,283433
1.9208,0.2297,38.33,93,93,283438
1.8866,0.2199,38.46,93,93,283441
1.8719,0.2102,38.52,93,93,283444
1.8573,0.2199,38.55,93,93,283447
1.8475,0.2102,38.62,93,93,283451
1.8866,0.2199,38.43,93,93,283454
1.8524,0.2151,38.55,93,93,283457
1.8524,0.2151,38.49,93,93,283461
1.8231,0.2151,38.62,93,93,283464
1.8231,0.2102,38.58,93,93,283467
1.8475,0.2297,38.55,93,93,283471
1.8328,0.2102,38.55,93,93,283474
1.8573,0.2199,38.52,93,93,283478
1.8377,0.2102,38.58,93,93,283482
1.8133,0.2102,38.62,93,93,283485
1.8377,0.2151,38.49,93,93,283488
1.8182,0.2151,38.65,93,93,283492
1.8377,0.2199,38.43,93,93,283495
1.8084,0.2102,38.52,93,93,283498
1.8035,0.2102,38.68,93,93,283501
1.8328,0.2199,38.49,93,93,283505
1.8035,0.2102,38.58,93,93,283508
1.8231,0.2199,38.65,93,93,283511
1.7791,0.2102,38.52,93,93,283515
1.7595,0.2102,38.65,93,93,283518
1.7644,0.2199,38.62,93,93,283522
1.7644,0.2151,38.62,93,93,283526
1.8182,0.2248,38.36,93,93,283529
1.7840,0.2151,38.49,93,93,283532
1.7986,0.2053,38.55,93,93,283535
1.7937,0.2151,38.81,93,93,283539
1.7937,0.2151,38.62,93,93,283542
1.8328,0.2297,38.43,93,93,283545
1.8280,0.2151,38.52,93,93,283549
1.8133,0.2151,38.49,93,93,283552
1.8133,0.2102,38.62,93,93,283555
1.7937,0.2102,38.62,93,93,283559
1.8426,0.2395,38.40,93,93,283563
1.8280,0.2151,38.58,93,93,283566
1.8524,0.2151,38.40,93,93,283570
1.8328,0.2151,38.58,93,93,283573
1.8426,0.2102,38.58,93,93,283576
1.8768,0.2199,38.52,93,93,283580
1.8719,0.2151,38.58,93,93,283583
1.8915,0.2151,38.49,93,93,283586
1.8475,0.2053,38.52,93,93,283589
1.8426,0.2102,38.58,93,93,283593
1.8622,0.2151,38.43,93,93,283596
1.8768,0.2151,38.58,93,93,283599
1.9110,0.2151,38.40,93,93,283603
1.8622,0.2151,38.58,93,93,283607
1.8328,0.2102,38.46,93,93,283610
1.8573,0.2248,38.55,93,93,283614
1.8426,0.2102,38.62,93,93,283617
1.8915,0.2199,38.33,93,93,283620
1.8768,0.2199,38.49,93,93,283624
1.8622,0.2102,38.71,93,93,283627
1.8671,0.2102,38.55,93,93,283630
1.8524,0.2102,38.58,93,93,283633
1.9306,0.2297,38.40,93,93,283637
1.9062,0.2102,38.49,93,93,283640
1.9062,0.2102,38.62,93,93,283643
1.9013,0.2444,38.58,93,93,283648
1.8915,0.2151,38.71,93,93,283651
1.9159,0.2199,38.40,93,93,283654
1.8915,0.2102,38.55,93,93,283658
1.9159,0.2151,38.46,93,93,283661
1.9013,0.2102,38.68,93,93,283664
1.9062,0.2102,38.62,93,93,283668
1.9110,0.2199,38.52,93,93,283671
1.8866,0.2199,38.58,93,93,283674
1.8964,0.2248,38.52,93,93,283677
1.8524,0.2102,38.58,93,93,283681
1.8426,0.2102,38.65,93,93,283684
1.8328,0.2199,38.49,93,93,283687
1.8231,0.2102,38.58,93,93,283692
1.8133,0.2151,38.40,93,93,283695
1.8084,0.2151,38.49,93,93,283698
1.7937,0.2102,38.58,93,93,283702
1.8035,0.2248,38.49,93,93,283705
1.7791,0.2199,38.58,93,93,283708
1.8084,0.2199,38.33,93,93,283712
1.7595,0.2493,38.52,93,93,283715
1.7351,0.2151,38.62,93,93,283718
1.7351,0.2199,38.55,93,93,283721
1.7302,0.2102,38.58,93,93,283725
1.7791,0.2199,38.30,93,93,283728
1.7546,0.2151,38.49,93,93,283731
1.7595,0.2102,38.52,93,93,283736
1.7742,0.2151,38.65,93,93,283739
1.7791,0.2102,38.58,93,93,283742
1.8084,0.2297,38.46,93,93,283746
1.7546,0.2151,38.55,93,93,283749
1.7498,0.2102,38.55,93,93,283752
1.7644,0.2199,38.58,93,93,283756
1.7351,0.2102,38.65,93,93,283759
1.7840,0.2248,38.40,93,93,283762
1.7693,0.2151,38.55,93,93,283766
1.8280,0.2199,38.46,93,93,283769
1.8475,0.2053,38.58,93,93,283772
1.8964,0.2151,38.58,93,93,283776
1.9990,0.2199,38.46,93,93,283780
2.1261,0.2151,38.68,93,93,283783
2.3314,0.2151,38.46,93,93,283786
2.5367,0.2151,38.58,93,93,283790
2.7908,0.1906,38.68,93,93,283793
3.0499,0.2151,38.58,93,93,283796
3.2111,0.2102,38.62,93,93,283800
3.3333,0.2151,38.40,93,93,283803
3.1525,0.2053,38.46,93,93,283806
2.8837,0.2199,38.58,93,93,283810
2.5611,0.2199,38.55,93,93,283813
2.2092,0.2053,38.58,93,93,283816
1.9746,0.2199,38.30,93,93,283820
1.7058,0.2199,38.52,93,93,283824
1.5298,0.2102,38.65,93,93,283827
1.4272,0.2151,38.58,93,93,283830
1.3587,0.2102,38.52,93,93,283834
1.3685,0.2248,38.40,93,93,283837
1.3148,0.2199,38.52,93,93,283840
1.2903,0.2102,38.49,93,93,283844
1.3050,0.2199,38.62,93,93,283847
1.3050,0.2151,38.58,93,93,283850
1.3539,0.2248,38.46,93,93,283853
1.3636,0.2248,38.55,93,93,283857
1.4076,0.2151,38.49,93,93,283860
1.4223,0.2151,38.58,93,93,283864
1.4516,0.2102,38.58,93,93,283868
1.4907,0.2199,38.52,93,93,283871
1.5347,0.2151,38.58,93,93,283874
1.5396,0.2199,38.49,93,93,283878
1.5249,0.2151,38.58,93,93,283881
1.5298,0.2102,38.58,93,93,283884
1.5445,0.2199,38.55,93,93,283888
1.5200,0.2151,38.74,93,93,283891
1.5591,0.2151,38.40,93,93,283894
1.5591,0.2102,38.49,93,93,283898
1.5689,0.2102,38.58,93,93,283901
1.5934,0.2199,38.55,93,93,283905
1.5787,0.1906,38.58,93,93,283908
1.6276,0.2199,38.33,93,93,283912
1.6569,0.2297,38.43,93,93,283916
1.6276,0.2199,38.55,93,93,283920
1.6325,0.2151,38.49,93,93,283923
1.6325,0.2151,38.52,93,93,283926
1.6667,0.2102,38.65,93,93,283930
1.6618,0.2248,38.52,93,93,283933
1.6422,0.2493,38.55,93,93,283936
1.6618,0.2151,38.43,93,93,283940
1.6422,0.2151,38.58,93,93,283943
1.6471,0.2102,38.62,93,93,283947
1.6716,0.2590,38.46,93,93,283951
1.6471,0.2151,38.62,93,93,283954
1.6667,0.2151,38.43,93,93,283957
1.6471,0.2102,38.55,93,93,283961
1.6569,0.2102,38.74,93,93,283964
1.6862,0.2199,38.46,93,93,283967
1.6716,0.2151,38.62,93,93,283970
1.7058,0.2151,38.36,93,93,283974
1.6764,0.2151,38.55,93,93,283977
1.6667,0.2102,38.62,93,93,283980
1.6716,0.2102,38.55,93,93,283984
1.6618,0.2102,38.65,93,93,283987
1.7009,0.2248,38.30,93,93,283991
1.6569,0.2151,38.52,93,93,283995
1.6716,0.2151,38.65,93,93,283998
1.6813,0.2151,38.55,93,93,284001
1.6813,0.2102,38.58,93,93,284005
1.7204,0.2297,38.40,93,93,284008
1.6813,0.2199,38.58,93,93,284011
1.6813,0.2102,38.49,93,93,284015
1.6862,0.2151,38.58,93,93,284018
1.6862,0.2297,38.55,93,93,284021
1.7351,0.2102,38.43,93,93,284024
1.6960,0.2199,38.49,93,93,284028
1.7107,0.2151,38.55,93,93,284032
1.6960,0.2151,38.62,93,93,284035
1.7058,0.2248,38.58,93,93,284039
1.7400,0.2248,38.49,93,93,284042
1.7302,0.2151,38.58,93,93,284045
1.7693,0.2199,38.58,93,93,284049
1.7546,0.2053,38.58,93,93,284052
1.7742,0.2102,38.62,93,93,284055
1.7937,0.2151,38.52,93,93,284059
1.7937,0.2151,38.62,93,93,284062
1.8231,0.2151,38.36,93,93,284065
1.7986,0.2151,38.58,93,93,284068
1.8035,0.2151,38.58,93,93,284072
1.8231,0.2199,38.52,93,93,284076
1.8084,0.2151,38.58,93,93,284079
1.8622,0.2199,38.36,93,93,284083
1.8231,0.2199,38.40,93,93,284086
1.8084,0.2395,38.58,93,93,284089
1.8182,0.2199,38.55,93,93,284093
1.8035,0.2102,38.55,93,93,284096
1.8524,0.2395,38.33,93,93,284099
1.8084,0.2199,38.43,93,93,284103
1.7889,0.2102,38.55,93,93,284106
1.7840,0.2151,38.58,93,93,284109
1.7791,0.2151,38.58,93,93,284112
1.8133,0.2297,38.43,93,93,284116
1.7791,0.2199,38.58,93,93,284120
1.7840,0.2151,38.55,93,93,284123
1.7595,0.2151,38.58,93,93,284127
1.7595,0.2102,38.58,93,93,284130
1.7742,0.2297,38.55,93,93,284133
1.7595,0.2151,38.55,93,93,284137
1.7840,0.2151,38.43,93,93,284140
1.7595,0.2151,38.62,93,93,284143
1.7595,0.2151,38.62,93,93,284147
1.7937,0.2102,38.46,93,93,284150
1.7498,0.2395,38.65,93,93,284153
1.7889,0.2102,38.43,93,93,284157
1.7351,0.2151,38.52,93,93,284161
1.7351,0.2151,38.55,93,93,284164
1.7498,0.2297,38.52,93,93,284168
1.7302,0.2151,38.58,93,93,284171
1.7742,0.1906,38.33,93,93,284174
1.7498,0.2151,38.58,93,93,284177
1.7449,0.2151,38.68,93,93,284181
1.7644,0.2199,38.55,93,93,284184
1.7546,0.2151,38.49,93,93,284187
1.8035,0.2199,38.33,93,93,284191
1.7693,0.2102,38.21,93,93,284194
1.7644,0.2151,38.58,93,93,284197
1.7742,0.2151,38.65,93,93,284201
1.7937,0.2102,38.58,93,93,284205
1.8328,0.2297,38.65,93,93,284208
1.8182,0.2199,38.55,93,93,284212
1.8280,0.2151,38.46,93,93,284215
1.8182,0.2297,38.58,93,93,284218
1.8377,0.2151,38.62,93,93,284221
1.8622,0.2248,37.93,93,93,284225
1.8328,0.2102,38.58,93,93,284228
1.8573,0.2199,38.46,93,93,284231
1.8377,0.2248,38.58,93,93,284235
1.8426,0.2199,38.58,93,93,284238
1.8622,0.2199,38.40,93,93,284241
1.8426,0.2395,38.58,93,93,284246
1.8768,0.2102,38.46,93,93,284249
1.8328,0.2102,38.33,93,93,284252
1.8377,0.2053,38.58,93,93,284256
1.8426,0.2102,38.52,93,93,284259
1.8377,0.2151,38.65,93,93,284262
1.8719,0.2151,38.40,93,93,284265
1.8426,0.2151,38.65,93,93,284269
1.8475,0.2151,38.68,93,93,284272
1.8622,0.2199,38.55,93,93,284275
1.8426,0.2151,38.68,93,93,284279
1.9013,0.2248,38.30,93,93,284282
1.8768,0.2199,38.58,93,93,284285
1.8671,0.2151,38.65,93,93,284290
1.8817,0.2199,38.58,93,93,284293
1.8866,0.2444,38.58,93,93,284296
1.9648,0.2102,38.40,93,93,284300
1.9257,0.2199,38.55,93,93,284303
1.9159,0.2199,38.52,93,93,284306
1.9062,0.2151,38.58,93,93,284309
1.8915,0.2102,38.65,93,93,284313
1.9110,0.2444,38.43,93,93,284316
1.8622,0.2151,38.58,93,93,284319
1.8524,0.2151,38.46,93,93,284323
1.8133,0.2102,38.58,93,93,284326
1.7937,0.2248,38.55,93,93,284329
1.7986,0.2199,38.52,93,93,284334
1.7840,0.2151,38.62,93,93,284337
1.7986,0.2199,38.46,93,93,284340
1.7644,0.2151,38.62,93,93,284344
1.7644,0.2151,38.62,93,93,284347
1.7791,0.2199,38.49,93,93,284350
1.7498,0.2248,38.58,93,93,284354
1.7791,0.2151,38.40,93,93,284357
1.7546,0.2151,38.49,93,93,284360
1.7449,0.2151,38.62,93,93,284363
1.7644,0.2248,38.52,93,93,284367
1.7449,0.2151,38.58,93,93,284370
1.7937,0.2199,38.33,93,93,284374
1.7693,0.2199,38.49,93,93,284378
1.7644,0.2102,38.62,93,93,284381
1.7791,0.2199,38.52,93,93,284384
1.7693,0.2199,38.58,93,93,284388
1.8231,0.2346,38.36,93,93,284391
1.8182,0.2248,38.52,93,93,284394
1.7840,0.2102,38.55,93,93,284398
1.7937,0.2151,38.55,93,93,284401
1.8133,0.2151,38.58,93,93,284404
1.8719,0.2297,38.49,93,93,284408
1.8866,0.1906,38.55,93,93,284411
1.9550,0.2151,38.49,93,93,284414
2.0235,0.2102,38.58,93,93,284418
2.1505,0.2151,38.58,93,93,284422
2.3509,0.2248,38.46,93,93,284425
2.5220,0.2151,38.55,93,93,284428
2.7810,0.2199,38.49,93,93,284432
2.9765,0.2151,38.49,93,93,284435
3.1672,0.2151,38.58,93,93,284438
3.2747,0.2199,38.46,93,93,284442
3.1672,0.2151,38.68,93,93,284445
2.9521,0.2151,38.46,93,93,284448
2.5953,0.2151,38.52,93,93,284452
2.2727,0.2102,38.58,93,93,284455
2.0186,0.2248,38.49,93,93,284459
1.7889,0.2151,38.58,93,93,284462
1.6520,0.2199,38.36,93,93,284466
1.5103,0.2151,38.55,93,93,284469
1.4076,0.2102,38.62,93,93,284472
1.3636,0.2199,38.55,93,93,284476
1.3343,0.2151,38.62,93,93,284479
1.3587,0.2297,38.30,93,93,284482
1.3343,0.2199,38.52,93,93,284486
1.3441,0.2102,38.55,93,93,284489
1.4076,0.2199,38.55,93,93,284492
1.3881,0.2102,38.65,93,93,284496
1.4418,0.2248,38.36,93,93,284499
1.4321,0.2199,38.55,93,93,284503
1.4418,0.2151,38.49,93,93,284506
1.4467,0.2102,38.55,93,93,284510
1.4663,0.2151,38.58,93,93,284513
1.5054,0.2199,38.49,93,93,284516
1.5396,0.2199,38.58,93,93,284520
1.5347,0.2151,38.43,93,93,284523
1.5249,0.2151,38.62,93,93,284526
1.5591,0.2151,38.62,93,93,284531
1.5689,0.2102,38.62,93,93,284534
1.5982,0.2248,38.52,93,93,284538
1.5934,0.2151,38.58,93,93,284541
1.6422,0.2248,38.30,93,93,284545
1.6471,0.2199,38.55,93,93,284549
1.6227,0.2151,38.62,93,93,284552
1.6422,0.2102,38.55,93,93,284555
1.6325,0.2151,38.58,93,93,284559
1.6862,0.2297,38.30,93,93,284562
1.6471,0.2102,38.49,93,93,284565
1.6520,0.2102,38.55,93,93,284568
1.6569,0.2199,38.55,93,93,284572
1.6862,0.2199,38.62,93,93,284575
1.7009,0.2297,38.49,93,93,284578
1.6716,0.2199,38.52,93,93,284582
1.6911,0.2151,38.49,93,93,284585
1.6716,0.2151,38.58,93,93,284589
1.7058,0.2151,38.58,93,93,284593
1.6960,0.2248,38.58,93,93,284596
1.6813,0.2151,38.58,93,93,284599
1.7009,0.2248,38.46,93,93,284603
1.6862,0.2151,37.96,93,93,284606
1.6960,0.2151,38.62,93,93,284609
1.7302,0.2248,38.52,93,93,284612
1.7302,0.2151,38.58,93,93,284616
1.7351,0.2151,38.43,93,93,284619
1.7204,0.2151,38.46,93,93,284622
1.7400,0.2102,38.58,93,93,284626
1.7449,0.2199,38.43,93,93,284630
1.7302,0.2102,38.55,93,93,284633
1.7644,0.2199,38.33,93,93,284637
1.7351,0.2199,38.55,93,93,284640
1.7302,0.2102,38.62,93,93,284643
1.7400,0.2199,38.24,93,93,284647
1.7302,0.2151,38.55,93,93,284650
1.7644,0.2248,38.33,93,93,284653
1.7253,0.2248,38.52,93,93,284656
1.7253,0.2053,38.58,93,93,284660
1.7302,0.2199,38.62,93,93,284663
1.7302,0.2151,38.65,93,93,284666
1.7840,0.2297,38.40,93,93,284670
1.7546,0.2199,38.62,93,93,284674
1.7498,0.2151,38.49,93,93,284677
1.7498,0.2151,38.71,93,93,284681
1.7595,0.2151,38.58,93,93,284684
1.8035,0.2248,38.43,93,93,284687
1.7840,0.2151,38.58,93,93,284691
1.8035,0.1906,38.46,93,93,284694
1.7889,0.2151,38.65,93,93,284697
1.7986,0.2151,38.62,93,93,284700
1.8280,0.2248,38.49,93,93,284704
1.8133,0.2151,38.52,93,93,284707
1.8475,0.2199,38.46,93,93,284710
1.8133,0.1906,38.62,93,93,284715
1.8231,0.2151,38.58,93,93,284718
1.8377,0.1906,38.49,93,93,284721
1.8231,0.2151,38.65,93,93,284725
1.8475,0.2346,38.36,93,93,284728
1.8182,0.2151,38.58,93,93,284731
1.8231,0.2199,38.58,93,93,284735
1.8377,0.2248,38.55,93,93,284738
1.8133,0.2639,38.58,93,93,284741
1.8573,0.2248,38.33,93,93,284745
1.8280,0.2199,38.68,93,93,284748
1.8084,0.2248,38.58,93,93,284751
1.8133,0.2199,38.55,93,93,284754
1.7986,0.2151,38.62,93,93,284759
1.8377,0.2444,38.33,93,93,284762
1.7986,0.2248,38.49,93,93,284765
1.7840,0.2199,38.49,93,93,284769
1.7791,0.2199,38.68,93,93,284772
1.7742,0.2151,38.62,93,93,284775
1.8133,0.2248,38.46,93,93,284779
1.7840,0.2199,38.55,93,93,284782
1.8182,0.2151,38.46,93,93,284785
1.7742,0.2151,38.55,93,93,284789
1.7693,0.2151,38.58,93,93,284792
1.7840,0.2248,38.62,93,93,284795
1.7644,0.2151,38.58,93,93,284798
1.7889,0.2248,38.49,93,93,284803
1.7595,0.2151,38.58,93,93,284806
1.7644,0.2151,38.62,93,93,284809
1.7889,0.2444,38.49,93,93,284813
1.7693,0.2199,38.71,93,93,284816
1.7937,0.2248,38.36,93,93,284819
1.7791,0.2151,38.49,93,93,284823
1.7742,0.2151,38.58,93,93,284826
1.7986,0.2248,38.49,93,93,284829
1.7791,0.2151,38.58,93,93,284833
1.8231,0.2248,38.33,93,93,284836
1.7937,0.2151,38.74,93,93,284839
1.7889,0.2199,38.62,93,93,284844
1.8035,0.2199,38.55,93,93,284847
1.7986,0.2151,38.62,93,93,284850
1.8817,0.2346,38.36,93,93,284853
1.8231,0.2151,38.55,93,93,284857
1.8328,0.2199,38.49,93,93,284860
1.8328,0.2199,38.55,93,93,284863
1.8768,0.2248,38.58,93,93,284867
1.8817,0.2297,38.49,93,93,284870
1.8622,0.2542,38.52,93,93,284873
1.8622,0.2151,38.43,93,93,284877
1.8426,0.2688,38.62,93,93,284880
1.8573,0.2102,38.62,93,93,284883
1.8768,0.2199,38.40,93,93,284888
1.8915,0.2151,38.58,93,93,284891
1.8817,0.2248,38.49,93,93,284894
1.8573,0.2151,38.55,93,93,284898
1.8622,0.2102,38.58,93,93,284901
1.8768,0.2199,38.46,93,93,284904
1.8671,0.2151,38.58,93,93,284907
1.9013,0.2151,38.40,93,93,284911
1.8817,0.2297,38.52,93,93,284914
1.8866,0.2151,38.58,93,93,284917
1.9110,0.2248,38.49,93,93,284921
1.9404,0.2151,38.62,93,93,284924
1.9550,0.2248,38.33,93,93,284928
1.9208,0.2053,38.55,93,93,284932
1.9355,0.2102,38.62,93,93,284935
1.9697,0.2248,38.62,93,93,284938
1.9648,0.2151,38.62,93,93,284942
2.0186,0.2297,38.30,93,93,284945
1.9746,0.2542,38.46,93,93,284948
1.9453,0.2151,38.55,93,93,284951
1.9306,0.2199,38.62,93,93,284955
1.8964,0.2199,38.58,93,93,284958
1.9208,0.2297,38.40,93,93,284961
1.8622,0.2151,38.55,93,93,284965
1.8426,0.2102,38.49,93,93,284968
1.8231,0.2151,38.68,93,93,284972
1.8084,0.2151,38.58,93,93,284976
1.8231,0.2248,38.43,93,93,284979
1.7986,0.2199,38.58,93,93,284982
1.8084,0.2199,38.46,93,93,284986
1.7791,0.2151,38.58,93,93,284989
1.7693,0.2444,38.68,93,93,284992
1.7693,0.2199,38.52,93,93,284995
1.7546,0.2151,38.77,93,93,284999
1.7742,0.2248,38.46,93,93,285002
1.7449,0.2151,38.55,93,93,285005
1.7498,0.2151,38.58,93,93,285009
1.7742,0.2248,38.49,93,93,285012
1.7644,0.2151,38.58,93,93,285016
1.7889,0.2199,38.40,93,93,285020
1.7693,0.2395,38.49,93,93,285023
1.7791,0.2151,38.58,93,93,285026
1.7742,0.2395,38.52,93,93,285030
1.7644,0.2151,38.62,93,93,285033
1.8084,0.2248,38.46,93,93,285036
1.7693,0.2102,38.49,93,93,285040
1.7791,0.2102,38.58,93,93,285043
1.8084,0.2199,38.65,93,93,285046
1.8426,0.2151,38.58,93,93,285049
1.9501,0.2297,38.40,93,93,285053
1.9795,0.2151,38.49,93,93,285057
2.0772,0.2151,38.49,93,93,285060
2.2092,0.2151,38.68,93,93,285064
2.3851,0.2151,38.58,93,93,285067
2.6442,0.2199,38.49,93,93,285070
2.8543,0.2151,38.52,93,93,285074
3.1036,0.2199,38.46,93,93,285077
3.1916,0.2151,38.58,93,93,285080
3.2063,0.2102,38.58,93,93,285084
3.0401,0.2248,38.43,93,93,285087
2.7028,0.2199,38.77,93,93,285090
2.4242,0.2248,38.49,93,93,285093
2.1114,0.2102,38.58,93,93,285097
1.8817,0.2151,38.46,93,93,285101
1.7107,0.2199,38.49,93,93,285104
1.5591,0.2151,38.55,93,93,285108
1.4858,0.2151,38.40,93,93,285111
1.4076,0.2151,38.52,93,93,285114
1.3685,0.2639,38.55,93,93,285118
1.3636,0.2248,38.49,93,93,285121
1.3441,0.2151,38.55,93,93,285124
1.3832,0.2248,38.33,93,93,285128
1.3734,0.2151,38.52,93,93,285131
1.4027,0.2053,38.58,93,93,285134
1.4370,0.2102,38.55,93,93,285137
1.5005,0.2102,38.58,93,93,285143
1.5103,0.2102,38.58,93,93,285146
1.5640,0.2248,38.40,93,93,285150
1.5934,0.2199,38.55,93,93,285153
1.5787,0.2199,38.46,93,93,285156
1.5738,0.2151,38.62,93,93,285160
1.5934,0.2151,38.62,93,93,285163
1.6129,0.2786,38.52,93,93,285166
1.6031,0.2151,38.62,93,93,285170
1.6373,0.2248,38.49,93,93,285173
1.6227,0.2151,38.84,93,93,285176
1.6227,0.2102,38.58,93,93,285180
1.6373,0.2199,38.52,93,93,285184
1.6373,0.2151,38.58,93,93,285187
1.6667,0.2199,38.40,93,93,285190
1.6471,0.2151,38.62,93,93,285194
1.6569,0.2151,38.62,93,93,285197
1.6764,0.2444,38.55,93,93,285200
1.6716,0.2151,38.58,93,93,285204
1.7155,0.2346,38.36,93,93,285207
1.7009,0.1906,38.52,93,93,285210
1.6960,0.2102,38.62,93,93,285214
1.7058,0.2297,38.55,93,93,285217
1.6911,0.2102,38.55,93,93,285220
1.7449,0.2346,38.36,93,93,285224
1.7107,0.2199,38.52,93,93,285228
1.7058,0.2151,38.55,93,93,285231
1.7107,0.2248,38.55,93,93,285235
1.7204,0.1906,38.62,93,93,285238
1.7644,0.2297,38.49,93,93,285241
1.7351,0.2151,38.58,93,93,285244
1.7351,0.2151,38.46,93,93,285248
1.7302,0.2248,38.58,93,93,285251
1.7302,0.2151,38.58,93,93,285254
1.7546,0.2199,38.46,93,93,285258
1.7498,0.2151,38.58,93,93,285261
1.7546,0.2248,38.46,93,93,285264
1.7498,0.2102,38.58,93,93,285268
1.7498,0.2151,38.62,93,93,285272
1.7840,0.2248,38.46,93,93,285275
1.7693,0.2151,38.58,93,93,285279
1.7937,0.2542,38.43,93,93,285282
1.7791,0.2151,38.49,93,93,285285
1.7742,0.2151,38.62,93,93,285288
1.8182,0.2297,38.49,93,93,285292
1.7742,0.2151,38.58,93,93,285295
1.8280,0.2248,38.36,93,93,285298
1.7986,0.2151,38.49,93,93,285302
1.7986,0.2151,38.58,93,93,285305
1.8280,0.2199,38.55,93,93,285308
1.8035,0.2151,38.62,93,93,285313
1.8573,0.2444,38.36,93,93,285316
1.8182,0.2151,38.55,93,93,285319
1.8182,0.2248,38.55,93,93,285323
1.8280,0.2199,38.58,93,93,285326
1.8280,0.2102,38.58,93,93,285329
1.8915,0.2199,38.43,93,93,285333
1.8524,0.2199,38.55,93,93,285336
1.8524,0.2151,38.49,93,93,285339
1.8426,0.2151,38.58,93,93,285342
1.8426,0.2151,38.58,93,93,285346
1.8817,0.2248,38.40,93,93,285349
1.8524,0.2248,38.55,93,93,285352
1.8768,0.2151,38.43,93,93,285357
1.8524,0.2199,38.62,93,93,285360
1.8573,0.2151,38.58,93,93,285363
1.8817,0.2199,38.49,93,93,285367
1.8622,0.2151,38.62,93,93,285370
1.8915,0.2102,38.46,93,93,285373
1.8671,0.2151,38.55,93,93,285377
1.8719,0.2199,38.58,93,93,285380
1.8866,0.2199,38.52,93,93,285383
1.8671,0.2151,38.62,93,93,285386
1.8915,0.2248,38.36,93,93,285390
1.8475,0.2151,38.58,93,93,285393
1.8475,0.2151,38.65,93,93,285396
1.8573,0.2199,38.55,93,93,285401
1.8377,0.2151,38.55,93,93,285404
1.8817,0.2102,38.30,93,93,285407
1.8475,0.2199,38.55,93,93,285411
1.8280,0.2102,38.62,93,93,285414
1.8328,0.2199,38.55,93,93,285417
1.8280,0.2151,38.65,93,93,285421
1.8817,0.2346,38.27,93,93,285424
1.8426,0.2248,38.55,93,93,285427
1.8280,0.2199,38.55,93,93,285431
1.8182,0.2199,38.58,93,93,285434
1.8231,0.2151,38.65,93,93,285437
1.8817,0.2297,38.46,93,93,285441
1.8231,0.2199,38.77,93,93,285445
1.8328,0.2151,38.46,93,93,285448
1.8035,0.2151,38.62,93,93,285451
1.8133,0.2248,38.65,93,93,285455
1.8280,0.2151,38.52,93,93,285458
1.8133,0.2199,38.58,93,93,285461
1.8328,0.2297,38.46,93,93,285465
1.8035,0.2151,38.71,93,93,285468
1.8084,0.2151,38.62,93,93,285471
1.8377,0.2248,38.49,93,93,285475
1.8133,0.2199,38.58,93,93,285478
1.8622,0.2151,38.43,93,93,285481
1.8280,0.2151,38.49,93,93,285485
1.8231,0.2151,38.58,93,93,285489
1.8573,0.2248,38.52,93,93,285492
1.8377,0.2151,38.49,93,93,285495
1.8964,0.2297,38.33,93,93,285499
1.8524,0.2151,38.46,93,93,285502
1.8475,0.2248,38.58,93,93,285505
1.8573,0.2199,38.55,93,93,285509
1.8475,0.2102,38.55,93,93,285512
1.9062,0.2346,38.43,93,93,285515
1.8622,0.2297,38.52,93,93,285519
1.8622,0.2151,38.52,93,93,285522
1.8622,0.2199,38.49,93,93,285526
1.8573,0.2102,38.62,93,93,285530
1.8964,0.2297,38.46,93,93,285533
1.8719,0.2248,38.58,93,93,285536
1.8768,0.2248,38.49,93,93,285539
1.8475,0.2248,38.68,93,93,285543
1.8768,0.2102,38.62,93,93,285546
1.8768,0.2248,38.43,93,93,285549
1.8524,0.2199,38.58,93,93,285553
1.8866,0.2248,38.49,93,93,285556
1.8622,0.2248,38.62,93,93,285559
1.8768,0.2102,38.58,93,93,285563
1.8964,0.2199,38.46,93,93,285566
1.8866,0.2248,38.58,93,93,285570
1.9257,0.2151,38.40,93,93,285574
1.9062,0.2151,38.52,93,93,285577
1.9355,0.2151,38.58,93,93,285580
1.9599,0.2297,38.43,93,93,285583
1.9599,0.2248,38.58,93,93,285587
1.9990,0.2248,38.33,93,93,285590
1.9453,0.2297,38.52,93,93,285593
1.9355,0.2151,38.62,93,93,285597
1.9159,0.2199,38.62,93,93,285600
1.8817,0.2151,38.62,93,93,285603
1.9013,0.2297,38.33,93,93,285607
1.8524,0.2199,38.49,93,93,285611
1.8280,0.2102,38.62,93,93,285614
1.8280,0.2151,38.62,93,93,285618
1.8133,0.2151,38.62,93,93,285621
1.8524,0.2248,38.36,93,93,285624
1.8133,0.2199,38.55,93,93,285628
1.8035,0.2248,38.52,93,93,285631
1.7840,0.2151,38.68,93,93,285634
1.7840,0.2151,38.58,93,93,285637
1.8133,0.2248,38.40,93,93,285641
1.8035,0.2151,38.58,93,93,285644
1.8133,0.2199,38.43,93,93,285647
1.7840,0.2151,38.49,93,93,285651
1.7889,0.2151,38.62,93,93,285655
1.7937,0.2102,38.49,93,93,285658
1.7889,0.2151,38.55,93,93,285662
1.8035,0.2199,37.77,93,93,285665
1.7693,0.2102,38.55,93,93,285668
1.7693,0.2151,38.58,93,93,285672
1.7791,0.2297,38.52,93,93,285675
1.7546,0.2151,38.68,93,93,285678
1.8084,0.2248,38.36,93,93,285681
1.8231,0.2199,38.49,93,93,285685
1.8133,0.2151,38.55,93,93,285688
1.8573,0.2199,38.52,93,93,285691
1.8915,0.2151,38.62,93,93,285696
2.0137,0.2346,38.30,93,93,285699
2.0626,0.2199,38.49,93,93,285702
2.1799,0.2151,38.40,93,93,285706
2.3656,0.2199,38.58,93,93,285709
2.5562,0.2151,38.58,93,93,285712
2.8641,0.2297,38.40,93,93,285716
3.0547,0.2248,38.55,93,93,285719
3.2307,0.2151,38.52,93,93,285722
3.2649,0.2199,38.62,93,93,285725
3.1574,0.2102,38.62,93,93,285729
2.9374,0.2248,38.52,93,93,285732
2.5806,0.2199,38.58,93,93,285735
2.3216,0.2151,38.46,93,93,285740
2.0088,0.2199,38.58,93,93,285743
1.7986,0.2199,38.58,93,93,285746
1.6667,0.2297,38.46,93,93,285750
1.3832,0.2248,38.49,93,93,285754
1.3881,0.2151,38.52,93,93,285758
1.4418,0.2248,38.33,93,93,285761
1.4516,0.2199,38.55,93,93,285764
1.4663,0.2346,38.62,93,93,285768
1.4858,0.2248,38.55,93,93,285771
1.4858,0.2151,38.65,93,93,285774
1.5396,0.2297,38.30,93,93,285777
1.5200,0.2151,38.52,93,93,285782
1.5347,0.2053,38.87,93,93,285785
1.5445,0.2248,38.62,93,93,285788
1.5494,0.2151,38.65,93,93,285792
1.6031,0.2493,38.40,93,93,285795
1.5787,0.2199,38.55,93,93,285798
1.5836,0.2151,38.49,93,93,285802
1.5787,0.2199,38.58,93,93,285805
1.5885,0.2151,38.65,93,93,285808
1.6325,0.2248,38.36,93,93,285812
1.6178,0.2297,38.58,93,93,285815
1.6422,0.2199,38.46,93,93,285818
1.6422,0.1906,38.58,93,93,285822
1.6520,0.2151,38.55,93,93,285826
1.6862,0.2199,38.49,93,93,285829
1.6569,0.2199,38.58,93,93,285832
1.6764,0.2199,38.46,93,93,285836
1.6569,0.2199,38.58,93,93,285839
1.6471,0.2151,38.65,93,93,285842
1.6618,0.2297,38.52,93,93,285846
1.6520,0.2151,38.58,93,93,285849
1.6911,0.2199,38.40,93,93,285852
1.6667,0.2151,38.58,93,93,285856
1.6911,0.2151,38.71,93,93,285859
1.7058,0.2102,38.52,93,93,285862
1.6960,0.2151,38.62,93,93,285867
1.7351,0.2297,38.33,93,93,285870
1.7107,0.2199,37.74,93,93,285873
1.7009,0.2248,38.58,93,93,285876
1.7058,0.2199,38.55,93,93,285880
1.7155,0.2151,38.62,93,93,285883
1.7791,0.2346,38.36,93,93,285886
1.7449,0.2248,38.55,93,93,285890
1.7302,0.2248,38.55,93,93,285893
1.7155,0.2199,38.55,93,93,285896
1.7107,0.2151,38.62,93,93,285900
1.7400,0.2248,38.49,93,93,285903
1.7351,0.2199,38.55,93,93,285906
1.7546,0.2199,38.49,93,93,285911
1.7351,0.2102,38.58,93,93,285914
1.7449,0.2102,38.58,93,93,285917
1.7889,0.1906,38.58,93,93,285920
1.7644,0.2199,38.58,93,93,285924
1.7986,0.2248,38.77,93,93,285927
1.7840,0.2102,38.58,93,93,285930
1.7742,0.2151,38.62,93,93,285934
1.7986,0.2248,38.49,93,93,285937
1.7742,0.2151,38.58,93,93,285940
1.8035,0.2199,38.33,93,93,285944
1.7840,0.2151,38.49,93,93,285947
1.7742,0.2151,38.62,93,93,285950
1.7937,0.2297,38.49,93,93,285955
1.7791,0.2151,38.62,93,93,285958
1.8426,0.2248,38.33,93,93,285961
1.8524,0.2151,38.55,93,93,285964
1.8231,0.2151,38.58,93,93,285968
1.8231,0.2199,38.55,93,93,285971
1.8084,0.2102,38.65,93,93,285974
1.8524,0.2297,38.30,93,93,285978
1.8622,0.2151,38.46,93,93,285981
1.8377,0.2102,38.55,93,93,285984
1.8573,0.2248,38.58,93,93,285988
1.8719,0.2151,38.58,93,93,285991
1.9208,0.2395,38.46,93,93,285995
1.8915,0.2199,38.55,93,93,285999
1.8866,0.2151,38.40,93,93,286002
1.8768,0.2199,38.58,93,93,286005
1.8768,0.2151,38.81,93,93,286009
1.9110,0.2248,38.46,93,93,286012
1.8817,0.2199,38.68,93,93,286015
1.8964,0.2248,38.46,93,93,286018
1.8622,0.2102,38.62,93,93,286022
1.8573,0.2151,38.58,93,93,286025
1.8719,0.2248,38.49,93,93,286028
1.8475,0.2199,38.58,93,93,286032
1.8622,0.2151,38.43,93,93,286035
1.8280,0.2151,38.55,93,93,286039
1.8328,0.2151,38.27,93,93,286043
1.8475,0.2199,38.49,93,93,286046
1.8377,0.2151,38.58,93,93,286049
1.8768,0.2248,38.36,93,93,286053
1.8524,0.2151,38.58,93,93,286056
1.8524,0.2151,38.62,93,93,286059
1.8719,0.2248,38.55,93,93,286062
1.8573,0.2493,38.68,93,93,286066
1.9062,0.2297,38.30,93,93,286069
1.8524,0.2199,38.52,93,93,286072
1.8231,0.2395,38.58,93,93,286076
1.8084,0.2199,38.58,93,93,286080
1.7889,0.2151,38.71,93,93,286083
1.8524,0.2346,38.43,93,93,286087
1.7986,0.2248,38.71,93,93,286090
1.7791,0.2395,38.49,93,93,286093
1.7742,0.2199,38.58,93,93,286097
1.7840,0.2151,38.58,93,93,286100
1.8328,0.2248,38.43,93,93,286103
1.8133,0.2199,38.08,93,93,286107
1.8328,0.2493,38.43,93,93,286110
1.8231,0.2199,38.62,93,93,286113
1.8280,0.2395,38.58,93,93,286116
1.8475,0.2151,38.52,93,93,286120
1.8426,0.2199,38.55,93,93,286124
1.8817,0.2199,38.46,93,93,286127
1.8524,0.2151,38.58,93,93,286131
1.8866,0.2102,38.62,93,93,286134
1.8719,0.2248,38.55,93,93,286137
1.8524,0.2102,38.58,93,93,286141
1.8817,0.2199,38.43,93,93,286144
1.8622,0.2102,38.46,93,93,286147
1.8573,0.2102,38.58,93,93,286151
1.8817,0.2248,38.52,93,93,286154
1.8671,0.2248,38.62,93,93,286157
1.9208,0.2248,38.33,93,93,286161
1.8915,0.2248,38.49,93,93,286164
1.8915,0.2248,38.62,93,93,286168
1.8964,0.2199,38.68,93,93,286171
1.8817,0.2248,38.58,93,93,286175
1.9355,0.2346,38.36,93,93,286178
1.9110,0.2395,38.55,93,93,286181
1.9208,0.2102,38.52,93,93,286185
1.9257,0.2199,38.77,93,93,286188
1.9159,0.2102,38.62,93,93,286191
1.9453,0.2297,38.49,93,93,286195
1.9062,0.2151,38.55,93,93,286198
1.9208,0.2199,38.46,93,93,286201
1.9062,0.2493,38.58,93,93,286205
1.9208,0.2102,38.62,93,93,286209
1.9892,0.2297,38.43,93,93,286212
1.9941,0.2151,38.58,93,93,286215
2.0430,0.2248,38.52,93,93,286219
1.9990,0.2102,38.52,93,93,286222
1.9746,0.2151,38.65,93,93,286225
1.9648,0.2199,38.49,93,93,286229
1.9159,0.2444,38.58,93,93,286232
1.9306,0.2248,38.46,93,93,286235
1.8573,0.2151,38.52,93,93,286239
1.8622,0.2151,38.58,93,93,286242
1.8915,0.2248,38.52,93,93,286245
1.8573,0.2151,38.58,93,93,286249
1.9062,0.2248,38.33,93,93,286253
1.8035,0.2151,38.55,93,93,286256
1.7986,0.2199,38.62,93,93,286259
1.8084,0.2199,38.55,93,93,286263
1.7889,0.2151,38.62,93,93,286266
1.8182,0.2297,38.33,93,93,286269
1.7693,0.2199,38.52,93,93,286273
1.7595,0.2199,38.55,93,93,286276
1.7791,0.2199,38.58,93,93,286279
1.8328,0.2444,38.58,93,93,286283
1.8573,0.2248,38.40,93,93,286286
1.8133,0.2199,38.52,93,93,286289
1.8084,0.2151,38.49,93,93,286294
1.7840,0.2151,38.71,93,93,286297
1.7840,0.2053,38.62,93,93,286300
1.8182,0.2102,38.46,93,93,286303
1.7742,0.2199,38.58,93,93,286307
1.7791,0.2199,38.43,93,93,286310
1.7449,0.2199,38.58,93,93,286313
1.7498,0.2151,38.62,93,93,286317
1.7742,0.2199,38.49,93,93,286320
1.8231,0.2151,38.46,93,93,286323
1.8866,0.2151,38.46,93,93,286327
1.8866,0.2199,38.52,93,93,286330
1.9550,0.2004,38.58,93,93,286333
2.0919,0.2297,38.49,93,93,286338
2.2483,0.2151,38.77,93,93,286341
2.5318,0.2297,38.33,93,93,286344
2.7713,0.2199,38.49,93,93,286347
2.9961,0.2199,38.68,93,93,286351
3.2111,0.2248,38.55,93,93,286354
3.2111,0.2151,38.58,93,93,286357
3.1378,0.2542,38.30,93,93,286361
1.6520,0.2493,38.43,93,93,286365
1.4614,0.2151,38.55,93,93,286369
1.3636,0.2151,38.27,93,93,286372
1.2805,0.2151,38.58,93,93,286375
1.2317,0.2151,38.71,93,93,286380
1.2072,0.2199,38.55,93,93,286383
1.1877,0.2199,38.58,93,93,286386
1.2366,0.2199,38.46,93,93,286390
1.2610,0.2151,38.58,93,93,286393
1.2952,0.2151,38.52,93,93,286396
1.3539,0.2102,38.49,93,93,286400
1.3490,0.2151,38.62,93,93,286403
1.3978,0.2248,38.40,93,93,286406
1.4027,0.2151,38.52,93,93,286409
1.4223,0.2151,38.81,93,93,286413
1.4565,0.2297,38.49,93,93,286416
1.4467,0.2151,38.68,93,93,286419
1.5005,0.2346,38.33,93,93,286424
1.4956,0.2199,38.52,93,93,286427
1.5152,0.2151,38.36,93,93,286430
1.5885,0.2199,38.55,93,93,286434
1.5787,0.2151,38.58,93,93,286437
1.6373,0.2395,38.30,93,93,286440
1.5885,0.2151,38.49,93,93,286444
1.5885,0.2151,38.55,93,93,286447
1.5885,0.2199,38.58,93,93,286450
1.6080,0.2248,38.68,93,93,286454
1.6764,0.2346,38.43,93,93,286457
1.6227,0.2199,38.62,93,93,286460
1.6129,0.2444,38.49,93,93,286464
1.6276,0.2151,38.65,93,93,286468
1.6520,0.2444,38.58,93,93,286471
1.6911,0.2248,38.43,93,93,286474
1.6667,0.2151,38.55,93,93,286478
1.7009,0.2199,38.46,93,93,286481
1.7009,0.2151,38.71,93,93,286484
1.7253,0.2102,38.58,93,93,286488
1.7546,0.2151,38.46,93,93,286491
1.7155,0.2199,38.55,93,93,286494
1.7204,0.2151,38.46,93,93,286498
1.6862,0.2151,38.62,93,93,286501
1.7058,0.1906,38.58,93,93,286504
1.7253,0.1906,38.49,93,93,286508
1.7253,0.2151,38.58,93,93,286512
1.7693,0.2199,38.36,93,93,286515
1.7595,0.2102,38.65,93,93,286518
1.7840,0.2151,38.58,93,93,286522
1.7791,0.2199,38.58,93,93,286525
1.7546,0.2102,38.68,93,93,286528
1.7986,0.2248,38.30,93,93,286532
1.7693,0.2199,38.58,93,93,286535
1.7693,0.2151,38.58,93,93,286538
1.7889,0.2199,38.58,93,93,286542
1.7889,0.2151,38.62,93,93,286545
1.8719,0.2346,38.40,93,93,286548
1.8622,0.2248,38.62,93,93,286553
1.8866,0.2151,38.49,93,93,286556
1.8377,0.2199,38.62,93,93,286559
1.8426,0.2444,38.62,93,93,286562
1.8768,0.2248,38.43,93,93,286566
1.8377,0.2151,38.58,93,93,286569
1.8573,0.2151,38.46,93,93,286572
1.8133,0.2151,38.52,93,93,286576
1.8280,0.2151,38.58,93,93,286579
1.8622,0.2151,38.52,93,93,286582
1.8671,0.2199,38.58,93,93,286586
1.9159,0.1906,38.49,93,93,286589
1.8915,0.2151,38.62,93,93,286593
1.8964,0.2102,38.58,93,93,286597
1.9208,0.2248,38.02,93,93,286600
1.9110,0.2199,38.58,93,93,286603
1.9648,0.1906,38.36,93,93,286606
1.9550,0.2151,38.58,93,93,286610
1.9453,0.2102,38.58,93,93,286613
1.9697,0.2248,38.52,93,93,286616
1.9404,0.2151,38.58,93,93,286620
1.9844,0.2199,38.30,93,93,286623
1.9501,0.2151,38.46,93,93,286626
1.9501,0.2151,38.62,93,93,286630
1.9550,0.2151,38.55,93,93,286633
1.9404,0.2151,38.58,93,93,286637
2.0088,0.2346,38.43,93,93,286641
1.9550,0.2151,38.58,93,93,286644
1.9501,0.2102,38.52,93,93,286647
1.9404,0.2102,38.58,93,93,286650
1.9453,0.2151,38.58,93,93,286654
2.0186,0.2297,38.49,93,93,286657
1.9599,0.2199,38.55,93,93,286660
1.9648,0.2151,38.58,93,93,286664
1.9550,0.2151,38.58,93,93,286667
1.9599,0.2151,38.62,93,93,286670
1.9941,0.2102,38.43,93,93,286674
1.9550,0.2199,38.62,93,93,286678
1.9844,0.2248,38.46,93,93,286681
1.9648,0.2151,38.58,93,93,286685
1.9550,0.2102,38.49,93,93,286688
1.9550,0.2199,38.52,93,93,286691
1.9208,0.2151,38.58,93,93,286694
1.9355,0.2151,38.40,93,93,286698
1.9306,0.2151,38.62,93,93,286701
1.9062,0.2102,38.68,93,93,286704
1.9257,0.2151,38.49,93,93,286708
1.9110,0.2151,38.58,93,93,286711
1.9355,0.2199,38.36,93,93,286714
1.8866,0.2102,38.55,93,93,286718
1.8866,0.2102,38.49,93,93,286722
1.9159,0.2102,38.58,93,93,286725
1.9062,0.2102,38.58,93,93,286729
1.9746,0.2297,38.27,93,93,286732
1.9159,0.2199,38.49,93,93,286735
1.8915,0.2102,38.58,93,93,286738
1.8915,0.2199,38.55,93,93,286742
1.8964,0.2151,38.58,93,93,286745
1.9697,0.2297,38.33,93,93,286748
1.9648,0.2102,38.52,93,93,286752
1.9697,0.2102,38.49,93,93,286755
1.9697,0.2542,38.58,93,93,286758
1.9746,0.2151,38.62,93,93,286763
2.0088,0.2199,38.52,93,93,286766
1.9844,0.2199,38.62,93,93,286769
1.9941,0.1906,38.46,93,93,286773
1.9550,0.2151,38.58,93,93,286776
1.9355,0.1906,38.58,93,93,286779
1.9599,0.2151,38.52,93,93,286782
1.9648,0.2248,38.62,93,93,286786
1.9941,0.2102,38.49,93,93,286789
1.9599,0.2102,38.62,93,93,286792
1.9795,0.2151,38.62,93,93,286796
1.9599,0.2199,38.43,93,93,286799
1.9306,0.2151,38.58,93,93,286802
1.9599,0.2151,38.40,93,93,286807
1.9501,0.2102,38.49,93,93,286810
1.9501,0.2102,38.58,93,93,286813
1.9746,0.2248,38.52,93,93,286817
1.9501,0.2151,38.52,93,93,286820
2.0088,0.2199,38.33,93,93,286823
1.9795,0.2102,38.52,93,93,286826
1.9941,0.2102,38.62,93,93,286830
2.0137,0.2102,38.55,93,93,286833
1.9941,0.2102,38.58,93,93,286836
2.0723,0.2248,38.40,93,93,286840
2.0430,0.2248,38.49,93,93,286843
2.0479,0.2102,38.58,93,93,286846
2.0723,0.2151,38.55,93,93,286851
2.0479,0.2102,38.65,93,93,286854
2.0968,0.2346,38.40,93,93,286857
2.0332,0.2199,38.52,93,93,286860
1.9941,0.2102,38.49,93,93,286864
1.9599,0.2151,38.55,93,93,286867
1.9453,0.2102,38.55,93,93,286870
1.9746,0.2248,38.40,93,93,286874
1.9453,0.2102,38.55,93,93,286877
1.9404,0.2151,38.30,93,93,286880
1.9062,0.2199,38.58,93,93,286884
1.9062,0.2102,38.62,93,93,286887
1.9257,0.2248,38.46,93,93,286891
1.8964,0.2151,38.58,93,93,286895
1.9110,0.2199,38.49,93,93,286898
1.8573,0.2102,38.58,93,93,286901
1.8377,0.2151,38.58,93,93,286904
1.8524,0.2151,38.49,93,93,286908
1.8426,0.2151,38.68,93,93,286911
1.8768,0.2151,38.40,93,93,286914
1.8524,0.2151,38.62,93,93,286918
1.8622,0.2102,38.58,93,93,286921
1.8719,0.2248,38.49,93,93,286924
1.8573,0.2102,38.62,93,93,286928
1.9013,0.2199,38.33,93,93,286931
1.8622,0.2151,38.55,93,93,286935
1.8475,0.2102,38.62,93,93,286939
1.8719,0.2102,38.55,93,93,286942
1.8475,0.2102,38.62,93,93,286945
1.9208,0.2297,38.36,93,93,286948
1.9110,0.2199,38.55,93,93,286952
1.9355,0.1906,38.55,93,93,286955
1.9746,0.2151,38.71,93,93,286958
2.0430,0.2151,38.58,93,93,286962
2.1994,0.2199,38.43,93,93,286965
2.3265,0.2151,38.52,93,93,286968
2.5367,0.1906,38.46,93,93,286972
2.7664,0.2151,38.58,93,93,286976
3.1476,0.2102,38.58,93,93,286981
2.8250,0.2151,38.68,93,93,286984
2.5220,0.2199,38.49,93,93,286987
2.1896,0.2102,38.58,93,93,286991
1.9844,0.2151,38.43,93,93,286994
1.7791,0.2102,38.55,93,93,286997
1.6325,0.2102,38.55,93,93,287000
1.5396,0.2199,38.52,93,93,287004
1.4614,0.2102,38.81,93,93,287007
1.4663,0.2248,38.33,93,93,287010
1.4272,0.2102,38.36,93,93,287014
1.4223,0.2248,38.58,93,93,287017
1.4467,0.2151,38.58,93,93,287021
1.4614,0.2102,38.81,93,93,287025
1.5298,0.2395,38.43,93,93,287028
1.5152,0.2151,38.49,93,93,287031
1.5396,0.2151,38.55,93,93,287035
1.5445,0.2102,38.68,93,93,287038
1.5836,0.2102,38.58,93,93,287041
1.6227,0.2248,38.55,93,93,287045
1.6178,0.2248,38.55,93,93,287048
1.6471,0.2102,38.46,93,93,287051
1.6422,0.2444,38.62,93,93,287054
1.6569,0.2102,38.58,93,93,287058
1.7009,0.2199,38.46,93,93,287062
1.6862,0.2053,38.55,93,93,287065
1.7107,0.2199,38.49,93,93,287069
1.6911,0.2053,38.93,93,93,287072
1.6911,0.2053,38.58,93,93,287075
1.6960,0.2151,38.46,93,93,287079
1.6960,0.2102,38.71,93,93,287082
1.7302,0.2346,38.40,93,93,287085
1.7204,0.1906,38.55,93,93,287089
1.7253,0.2102,38.77,93,93,287092
1.7498,0.2248,38.49,93,93,287095
1.7400,0.2151,38.58,93,93,287098
1.7791,0.2151,38.46,93,93,287102
1.7400,0.2102,38.62,93,93,287106
1.7449,0.2102,38.62,93,93,287109
1.7546,0.2102,38.55,93,93,287113
1.7351,0.2102,38.62,93,93,287116
1.7937,0.2444,38.36,93,93,287119
1.7546,0.2151,38.52,93,93,287123
1.7449,0.2053,38.55,93,93,287126
1.7546,0.2151,38.65,93,93,287129
1.7546,0.2102,38.55,93,93,287133
1.8035,0.2151,38.40,93,93,287136
1.7791,0.2151,38.55,93,93,287139
1.7840,0.2151,38.49,93,93,287142
1.7693,0.2151,38.62,93,93,287147
1.7742,0.2102,38.71,93,93,287150
1.8328,0.2248,38.46,93,93,287153
1.7840,0.2102,38.58,93,93,287157
1.8133,0.2151,38.58,93,93,287160
1.7937,0.2151,38.62,93,93,287163
1.7937,0.2102,38.62,93,93,287167
1.8035,0.2151,38.49,93,93,287170
1.7986,0.2102,38.62,93,93,287173
1.8280,0.2102,38.55,93,93,287177
1.7986,0.1906,38.58,93,93,287180
1.8084,0.2102,38.58,93,93,287183
1.8328,0.2151,38.49,93,93,287186
1.8280,0.2102,38.58,93,93,287191
1.8524,0.2151,38.36,93,93,287194
1.8475,0.2151,38.55,93,93,287197
1.8524,0.2004,38.58,93,93,287201
1.8671,0.2199,38.52,93,93,287204
1.8475,0.2102,38.58,93,93,287207
1.8866,0.2102,38.33,93,93,287211
1.8524,0.2102,38.55,93,93,287214
1.8524,0.2004,38.58,93,93,287217
1.8622,0.2151,38.58,93,93,287221
1.8573,0.2102,38.62,93,93,287224
1.9306,0.2199,38.33,93,93,287227
1.8817,0.2151,38.52,93,93,287230
1.8768,0.2004,38.52,93,93,287235
1.8866,0.2102,38.58,93,93,287238
1.8866,0.2004,38.58,93,93,287241
1.9306,0.2102,38.49,93,93,287245
1.9110,0.2102,38.55,93,93,287248
1.9257,0.2102,38.43,93,93,287251
1.9110,0.2151,38.65,93,93,287255
1.9159,0.2102,38.52,93,93,287258
1.9501,0.2248,38.43,93,93,287261
1.9159,0.2102,38.65,93,93,287265
1.9306,0.2199,38.27,93,93,287268
1.9013,0.2053,38.55,93,93,287271
1.8964,0.2102,38.65,93,93,287275
1.9110,0.2151,38.49,93,93,287279
1.8964,0.2102,38.58,93,93,287282
1.9159,0.2102,38.40,93,93,287285
1.8817,0.1906,38.55,93,93,287289
1.8817,0.2053,38.65,93,93,287292
1.8915,0.2199,38.52,93,93,287295
1.8768,0.2102,38.62,93,93,287299
1.9062,0.2151,38.33,93,93,287302
1.8622,0.2053,38.55,93,93,287305
1.8622,0.2102,38.52,93,93,287309
1.8719,0.2151,38.55,93,93,287312
1.8573,0.2102,38.62,93,93,287315
1.9110,0.2199,38.33,93,93,287319
1.8768,0.2102,38.49,93,93,287323
1.8573,0.2053,38.55,93,93,287326
1.8573,0.2102,38.58,93,93,287329
1.8573,0.2102,38.58,93,93,287333
1.9013,0.2199,38.40,93,93,287336
1.8719,0.2151,38.52,93,93,287339
1.8671,0.2297,38.46,93,93,287343
1.8426,0.2102,38.65,93,93,287346
1.8426,0.2102,38.58,93,93,287349
1.8671,0.2102,38.46,93,93,287353
1.8328,0.2102,38.58,93,93,287356
1.8524,0.2102,38.46,93,93,287360
1.8231,0.2199,38.55,93,93,287363
1.8280,0.2102,38.71,93,93,287367
1.8426,0.2151,38.49,93,93,287370
1.8328,0.2102,38.58,93,93,287373
1.8622,0.2102,38.46,93,93,287377
1.8377,0.2102,38.71,93,93,287380
1.8426,0.2053,38.62,93,93,287383
1.8719,0.1906,38.49,93,93,287387
1.8475,0.2102,38.58,93,93,287390
1.8866,0.2102,38.36,93,93,287393
1.8719,0.2102,38.49,93,93,287397
1.8622,0.2053,38.52,93,93,287400
1.8817,0.1906,38.52,93,93,287404
1.8622,0.2102,38.62,93,93,287408
1.9159,0.2151,38.36,93,93,287411
1.8768,0.2102,38.49,93,93,287414
1.8768,0.2053,38.84,93,93,287417
1.8866,0.2102,38.55,93,93,287421
1.8817,0.2102,38.62,93,93,287424
1.9404,0.2297,38.36,93,93,287427
1.8964,0.2151,38.52,93,93,287431
1.8915,0.2053,38.49,93,93,287434
1.8964,0.2199,38.58,93,93,287437
1.8817,0.2053,38.58,93,93,287441
1.9159,0.2151,38.46,93,93,287444
1.9062,0.2102,38.55,93,93,287448
1.9159,0.2102,38.49,93,93,287452
1.9013,0.2102,38.58,93,93,287455
1.9062,0.2053,38.62,93,93,287458
1.9453,0.2199,38.43,93,93,287461
1.9110,0.2102,38.58,93,93,287465
1.9501,0.2151,38.55,93,93,287468
1.9257,0.2004,38.55,93,93,287471
1.9404,0.2053,38.62,93,93,287475
1.9746,0.2102,38.58,93,93,287478
1.9697,0.2053,38.58,93,93,287481
1.9990,0.2102,38.43,93,93,287485
1.9599,0.2053,38.55,93,93,287489
1.9453,0.2053,38.62,93,93,287492
1.9501,0.2151,38.52,93,93,287496
1.9110,0.2053,38.62,93,93,287499
1.9257,0.2248,38.33,93,93,287502
1.8622,0.2053,38.55,93,93,287505
1.8475,0.2151,38.58,93,93,287509
1.8475,0.1906,38.55,93,93,287512
1.8328,0.2053,38.58,93,93,287515
1.8817,0.2248,38.30,93,93,287519
1.8328,0.2102,38.49,93,93,287522
1.8084,0.2004,38.62,93,93,287525
1.7986,0.2151,38.62,93,93,287529
1.7791,0.2053,38.49,93,93,287533
1.8133,0.2151,38.40,93,93,287536
1.7840,0.2151,38.55,93,93,287540
1.7742,0.2053,38.49,93,93,287543
1.7693,0.2102,38.58,93,93,287546
1.7644,0.2053,38.62,93,93,287549
1.7889,0.2151,38.40,93,93,287553
1.7644,0.2102,38.55,93,93,287556
1.7889,0.2102,38.49,93,93,287559
1.7546,0.2102,38.62,93,93,287563
1.7644,0.2053,38.58,93,93,287566
1.7791,0.2248,38.55,93,93,287569
1.7644,0.2102,38.58,93,93,287574
1.7937,0.2053,38.46,93,93,287577
1.7693,0.2102,38.58,93,93,287580
1.7889,0.2053,38.68,93,93,287584
1.8328,0.2199,38.49,93,93,287587
2.2434,0.2151,38.58,93,93,287591
2.4194,0.2053,38.58,93,93,287594
2.7126,0.2248,38.33,93,93,287597
2.9081,0.1906,38.49,93,93,287600
3.0987,0.2004,38.58,93,93,287604
3.2307,0.2102,38.58,93,93,287607
3.2014,0.2053,38.62,93,93,287610
3.0890,0.2297,38.46,93,93,287614
2.7370,0.2102,38.55,93,93,287618
2.4194,0.2053,38.58,93,93,287621
2.1310,0.2395,38.55,93,93,287625
1.8964,0.2053,38.58,93,93,287628
1.7400,0.2199,38.58,93,93,287631
1.5885,0.2102,38.52,93,93,287634
1.5054,0.2151,38.46,93,93,287638
1.4321,0.2102,38.62,93,93,287641
1.4076,0.2053,38.62,93,93,287644
1.4125,0.2199,38.46,93,93,287648
1.3881,0.2151,38.55,93,93,287651
1.4174,0.2102,38.46,93,93,287654
1.4125,0.2053,38.77,93,93,287659
1.4370,0.2053,38.68,93,93,287662
1.4712,0.2102,38.46,93,93,287665
1.4712,0.1955,38.65,93,93,287669
1.5200,0.2151,38.40,93,93,287672
1.5103,0.2053,38.40,93,93,287675
1.5298,0.2102,38.62,93,93,287678
1.5787,0.2151,38.52,93,93,287682
1.5640,0.2102,38.68,93,93,287685
1.6129,0.2151,38.36,93,93,287688
1.5836,0.2004,38.55,93,93,287692
1.5982,0.2053,38.55,93,93,287695
1.6080,0.2053,38.55,93,93,287698
1.6080,0.2053,38.62,93,93,287703
1.6569,0.2199,38.30,93,93,287706
1.6325,0.2102,38.49,93,93,287709
1.6227,0.2053,38.55,93,93,287712
1.6325,0.2102,38.58,93,93,287716
1.6373,0.2053,38.55,93,93,287719
1.6862,0.2151,38.40,93,93,287722
1.6618,0.2102,38.62,93,93,287726
1.6569,0.2346,38.49,93,93,287729
1.6520,0.2102,38.58,93,93,287732
1.6520,0.2053,38.58,93,93,287736
1.6862,0.2199,38.49,93,93,287739
1.6716,0.1906,38.62,93,93,287742
1.6862,0.2102,38.49,93,93,287747
1.6667,0.2102,38.58,93,93,287750
1.6716,0.2053,38.55,93,93,287753
1.6862,0.2151,38.52,93,93,287756
1.6813,0.2102,38.58,93,93,287760
1.7107,0.2444,38.46,93,93,287763
1.6862,0.2053,38.62,93,93,287766
1.6911,0.2053,38.62,93,93,287770
1.7449,0.2151,38.49,93,93,287773
1.7009,0.2053,38.58,93,93,287776
1.7400,0.2199,38.36,93,93,287780
1.7302,0.2102,38.49,93,93,287783
1.7204,0.2053,38.62,93,93,287787
1.7400,0.2151,38.55,93,93,287791
1.7253,0.2053,38.62,93,93,287794
1.7742,0.2151,38.27,93,93,287797
1.7498,0.2053,38.49,93,93,287800
1.7498,0.2053,38.52,93,93,287804
1.7644,0.2444,38.55,93,93,287807
1.7644,0.2102,38.62,93,93,287810
1.8231,0.2199,38.49,93,93,287814
1.7840,0.2102,38.52,93,93,287817
1.7840,0.2053,38.55,93,93,287820
1.7791,0.2102,38.58,93,93,287824
1.7840,0.2053,38.62,93,93,287827
1.8231,0.2199,38.46,93,93,287831
1.7937,0.2053,38.58,93,93,287835
1.8035,0.2053,38.49,93,93,287838
1.7889,0.2444,38.58,93,93,287841
1.7986,0.2053,38.62,93,93,287844
1.8231,0.2151,38.40,93,93,287848
1.8133,0.2151,38.68,93,93,287851
1.8231,0.1906,38.49,93,93,287854
1.7986,0.2053,38.55,93,93,287858
1.8035,0.2004,38.58,93,93,287861
1.8280,0.2102,38.49,93,93,287864
1.8133,0.2053,38.65,93,93,287868
1.8573,0.2053,38.43,93,93,287872
1.8280,0.2053,38.62,93,93,287875
1.8328,0.2004,38.65,93,93,287879
1.8768,0.2151,38.49,93,93,287882
1.8377,0.2053,38.49,93,93,287885
1.8719,0.2346,38.33,93,93,287888
1.8328,0.2004,38.58,93,93,287892
1.8377,0.2053,38.62,93,93,287895
1.8475,0.2102,38.55,93,93,287898
1.8377,0.2053,38.58,93,93,287902
1.8915,0.2151,38.30,93,93,287905
1.8573,0.2102,38.46,93,93,287908
1.8426,0.2004,38.65,93,93,287912
1.8377,0.2151,38.55,93,93,287916
1.8328,0.2053,38.62,93,93,287919
1.8866,0.2248,38.40,93,93,287923
1.8475,0.1906,38.55,93,93,287926
1.8328,0.2053,38.58,93,93,287929
1.8182,0.2053,38.58,93,93,287932
1.8182,0.2004,38.58,93,93,287936
1.8426,0.2151,38.43,93,93,287939
1.8231,0.2151,38.58,93,93,287942
1.8377,0.2102,38.46,93,93,287946
1.8084,0.2053,38.62,93,93,287949
1.8084,0.1906,38.62,93,93,287952
1.8133,0.2102,37.87,93,93,287956
1.8035,0.2102,38.62,93,93,287960
1.8328,0.2151,38.49,93,93,287963
1.8035,0.2102,38.58,93,93,287967
1.8035,0.2053,38.62,93,93,287970
1.8280,0.2151,38.46,93,93,287973
1.8035,0.2053,38.58,93,93,287976
1.8573,0.2102,38.43,93,93,287980
1.8084,0.2053,38.52,93,93,287983
1.7986,0.2053,38.58,93,93,287986
1.8133,0.2151,38.55,93,93,287990
1.7937,0.2053,38.46,93,93,287993
1.8328,0.2151,38.33,93,93,287996
1.7937,0.2053,38.46,93,93,288001
1.7889,0.2053,38.62,93,93,288004
1.7986,0.1906,38.55,93,93,288007
1.7840,0.2053,38.62,93,93,288010
1.8328,0.2248,38.30,93,93,288014
1.7889,0.2053,38.49,93,93,288017
1.7937,0.2004,38.58,93,93,288020
1.7986,0.2102,38.55,93,93,288024
1.7986,0.2053,38.62,93,93,288027
1.8475,0.2199,38.58,93,93,288030
1.8231,0.2151,38.58,93,93,288034
1.8231,0.2053,38.49,93,93,288037
1.8182,0.2102,38.58,93,93,288040
1.8280,0.2053,38.58,93,93,288045
1.8622,0.2151,38.49,93,93,288048
1.8426,0.2102,38.58,93,93,288051
1.8622,0.2102,38.46,93,93,288054
1.8426,0.2053,38.58,93,93,288058
1.8426,0.2102,38.58,93,93,288061
1.8719,0.1906,38.49,93,93,288064
1.8524,0.2053,38.58,93,93,288068
1.8866,0.2102,38.52,93,93,288071
1.8524,0.2053,38.58,93,93,288074
1.8573,0.2053,38.58,93,93,288078
1.8768,0.2102,38.46,93,93,288081
1.8915,0.2053,38.58,93,93,288084
1.8964,0.2102,38.40,93,93,288088
1.8671,0.2053,38.58,93,93,288092
1.9110,0.2102,38.62,93,93,288095
1.9110,0.2151,38.52,93,93,288098
1.8964,0.1955,38.58,93,93,288102
1.9404,0.2102,38.33,93,93,288105
1.9306,0.2102,38.62,93,93,288108
1.9257,0.2053,38.62,93,93,288112
1.9453,0.2053,38.55,93,93,288115
1.9355,0.2053,38.62,93,93,288118
1.9892,0.2248,38.30,93,93,288122
1.9453,0.2102,38.49,93,93,288125
1.9208,0.2004,38.55,93,93,288129
1.9110,0.2248,38.58,93,93,288132
1.8866,0.1955,38.58,93,93,288136
1.9159,0.2248,38.49,93,93,288139
1.8671,0.2102,38.52,93,93,288142
1.8524,0.2053,38.49,93,93,288146
1.8328,0.2004,38.58,93,93,288149
1.8182,0.2102,38.62,93,93,288152
1.8671,0.2199,38.49,93,93,288156
1.7986,0.2102,38.62,93,93,288159
1.7986,0.2444,38.46,93,93,288162
1.7644,0.2053,38.58,93,93,288165
1.7546,0.2053,38.71,93,93,288169
1.7791,0.2151,38.49,93,93,288173
1.7498,0.2053,38.81,93,93,288176
1.7742,0.2053,38.46,93,93,288180
1.7400,0.1906,38.55,93,93,288183
1.7449,0.2053,38.81,93,93,288186
1.7644,0.2151,38.46,93,93,288190
1.7449,0.2053,38.68,93,93,288193
1.7693,0.2102,38.43,93,93,288196
1.7840,0.2151,38.27,93,93,288200
1.7595,0.2053,38.49,93,93,288203
1.7693,0.2004,38.58,93,93,288207
1.7986,0.2102,38.55,93,93,288210
1.8280,0.1906,38.65,93,93,288214
1.9501,0.2248,38.43,93,93,288217
1.9990,0.2102,38.58,93,93,288221
2.1114,0.2151,38.52,93,93,288224
2.2630,0.2053,38.77,93,93,288227
2.4487,0.2053,38.58,93,93,288231
2.7322,0.2151,38.40,93,93,288234
2.9130,0.2102,37.77,93,93,288237
3.1281,0.2053,38.55,93,93,288241
3.1818,0.2053,38.58,93,93,288244
3.1085,0.2053,38.58,93,93,288247
2.9179,0.2151,38.52,93,93,288250
2.5855,0.2004,38.58,93,93,288254
2.3265,0.2102,38.49,93,93,288258
2.0283,0.2053,38.15,93,93,288261
1.8133,0.2297,38.58,93,93,288265
1.6471,0.2102,38.49,93,93,288268
1.5200,0.2053,37.83,93,93,288271
1.4467,0.2053,38.43,93,93,288275
1.3783,0.1906,38.58,93,93,288278
1.3539,0.2053,38.62,93,93,288281
1.3539,0.2102,38.52,93,93,288284
1.3734,0.2102,38.58,93,93,288288
1.3832,0.2102,38.36,93,93,288291
1.3832,0.2102,38.49,93,93,288294
1.4027,0.2053,38.62,93,93,288299
1.4223,0.2102,38.55,93,93,288302
1.4272,0.2102,38.62,93,93,288305
1.4858,0.2151,38.30,93,93,288309
1.4761,0.2053,38.46,93,93,288312
1.5054,0.2004,38.58,93,93,288315
1.5103,0.2102,38.58,93,93,288319
1.5200,0.2053,38.62,93,93,288322
1.5787,0.2248,38.68,93,93,288325
1.5640,0.2151,38.52,93,93,288328
1.5689,0.2053,38.49,93,93,288332
1.5738,0.2102,38.55,93,93,288335
1.5836,0.1906,38.58,93,93,288338
1.6276,0.2199,38.49,93,93,288343
1.6080,0.2199,38.62,93,93,288346
1.6276,0.2053,38.46,93,93,288349
1.6178,0.2053,38.52,93,93,288353
1.6227,0.2053,38.62,93,93,288356
1.6471,0.2199,38.46,93,93,288359
1.6276,0.2102,38.62,93,93,288363
1.6911,0.2151,38.49,93,93,288366
1.6325,0.2004,38.90,93,93,288369
1.6373,0.2346,38.68,93,93,288372
1.6520,0.2102,38.46,93,93,288376
1.6422,0.2199,38.62,93,93,288379
1.6716,0.2199,38.43,93,93,288382
1.6422,0.2053,38.55,93,93,288387
1.6471,0.2053,38.58,93,93,288390
1.6618,0.2151,38.52,93,93,288393
1.6520,0.2053,38.62,93,93,288397
1.6960,0.2248,38.33,93,93,288400
1.6618,0.2004,38.55,93,93,288403
1.6716,0.2053,38.58,93,93,288406
1.6813,0.2199,38.55,93,93,288410
1.6813,0.2053,38.62,93,93,288413
1.7253,0.2199,38.33,93,93,288416
1.7107,0.2004,38.52,93,93,288420
1.6813,0.2004,38.55,93,93,288423
1.6862,0.2151,38.62,93,93,288427
1.7204,0.2053,38.58,93,93,288431
1.7400,0.2199,38.43,93,93,288434
1.7155,0.2102,38.52,93,93,288437
1.7204,0.2004,38.49,93,93,288441
1.7058,0.2053,38.58,93,93,288444
1.7107,0.2053,38.62,93,93,288447
1.7351,0.2102,38.46,93,93,288450
1.7058,0.2102,38.58,93,93,288454
1.7302,0.2102,38.46,93,93,288457
1.7107,0.2444,38.62,93,93,288460
1.7155,0.2053,38.62,93,93,288464
1.7351,0.2102,38.55,93,93,288467
1.7351,0.2053,38.58,93,93,288471
1.7546,0.2102,38.46,93,93,288475
1.7302,0.1906,38.58,93,93,288478
1.7351,0.2053,38.65,93,93,288481
1.7644,0.2493,38.49,93,93,288485
1.7498,0.2053,38.58,93,93,288488
1.7840,0.2102,38.36,93,93,288491
1.7742,0.2151,38.49,93,93,288494
1.7693,0.2053,38.62,93,93,288498
1.7889,0.2151,38.52,93,93,288501
1.7840,0.2053,38.58,93,93,288504
1.8426,0.2151,38.36,93,93,288508
1.8133,0.2053,38.52,93,93,288512
1.8133,0.2053,39.03,93,93,288515
1.8622,0.2004,38.58,93,93,288519
1.8280,0.2151,38.62,93,93,288522
1.8768,0.2248,38.43,93,93,288525
1.8377,0.2102,38.52,93,93,288529
1.8280,0.2004,38.55,93,93,288532
1.8231,0.2102,38.58,93,93,288535
1.8182,0.2053,38.58,93,93,288538
1.8524,0.2199,37.68,93,93,288542
1.8182,0.2151,38.55,93,93,288545
1.8231,0.2053,38.49,93,93,288548
1.8035,0.2004,38.62,93,93,288552
1.8084,0.2053,38.58,93,93,288556
1.8328,0.2199,38.43,93,93,288559
1.8475,0.2102,38.58,93,93,288563
1.8426,0.2102,38.46,93,93,288566
1.8133,0.2053,38.65,93,93,288569
1.8084,0.2151,38.62,93,93,288573
1.8182,0.2102,38.84,93,93,288576
1.7937,0.2053,38.58,93,93,288579
1.8035,0.1906,38.43,93,93,288582
1.7742,0.2053,38.55,93,93,288586
1.7742,0.2053,38.58,93,93,288589
1.7840,0.2151,38.49,93,93,288592
1.7595,0.2102,38.62,93,93,288596
1.7840,0.2102,38.33,93,93,288600
1.7742,0.2053,38.58,93,93,288603
1.7449,0.2053,38.58,93,93,288607
1.7595,0.2151,38.55,93,93,288610
1.7400,0.2053,38.68,93,93,288613
1.7791,0.2151,38.65,93,93,288616
1.7498,0.2346,38.49,93,93,288620
1.7400,0.2004,38.58,93,93,288623
1.7449,0.2102,38.81,93,93,288626
1.7449,0.2004,38.58,93,93,288630
1.8084,0.2102,38.40,93,93,288633
1.7595,0.2199,38.52,93,93,288636
1.7449,0.2297,38.52,93,93,288641
1.7302,0.2151,38.58,93,93,288644
1.7351,0.2053,38.65,93,93,288647
1.7791,0.2102,38.49,93,93,288651
1.7644,0.2102,38.55,93,93,288654
1.7889,0.2102,38.46,93,93,288657
1.7742,0.2151,38.58,93,93,288660
1.7742,0.2053,38.62,93,93,288664
1.7937,0.2151,38.55,93,93,288667
1.7791,0.1906,38.62,93,93,288670
1.8035,0.2151,38.52,93,93,288674
1.7742,0.2053,38.62,93,93,288677
1.7791,0.2053,38.65,93,93,288680
1.8035,0.2297,38.49,93,93,288685
1.7791,0.2102,38.58,93,93,288688
1.8084,0.2102,38.40,93,93,288691
1.8035,0.2053,38.49,93,93,288694
1.8035,0.2053,38.68,93,93,288698
1.8280,0.2199,38.52,93,93,288701
1.8035,0.2053,38.58,93,93,288704
1.8377,0.2248,38.30,93,93,288708
1.8084,0.2102,38.55,93,93,288711
1.8035,0.2053,38.62,93,93,288714
1.8133,0.2102,38.52,93,93,288718
1.8133,0.2053,38.58,93,93,288721
1.8573,0.2151,38.33,93,93,288724
1.8182,0.2004,38.52,93,93,288729
1.8328,0.2053,38.58,93,93,288732
1.8524,0.2102,38.55,93,93,288735
1.8671,0.2053,38.62,93,93,288738
1.9501,0.2248,38.46,93,93,288742
1.9257,0.2102,38.52,93,93,288745
1.9159,0.2053,38.52,93,93,288748
1.9013,0.2102,38.62,93,93,288752
1.9062,0.2053,38.62,93,93,288755
1.9208,0.2151,38.43,93,93,288758
1.8817,0.2248,38.55,93,93,288762
1.8768,0.1906,38.46,93,93,288765
1.8231,0.2053,38.58,93,93,288769
1.7937,0.2053,38.68,93,93,288772
1.8035,0.2053,38.49,93,93,288776
1.7595,0.2102,38.58,93,93,288779
1.7742,0.2151,38.46,93,93,288782
1.7400,0.2151,38.68,93,93,288786
1.7400,0.2053,38.62,93,93,288789
1.7498,0.2102,37.74,93,93,288792
1.7302,0.2151,38.58,93,93,288796
1.7546,0.1906,38.43,93,93,288799
1.7204,0.2053,38.43,93,93,288802
1.7155,0.2053,38.62,93,93,288806
1.7253,0.2151,38.52,93,93,288809
1.7253,0.2151,38.58,93,93,288814
1.7253,0.2297,38.58,93,93,288817
1.7889,0.2297,38.36,93,93,288820
1.7546,0.2199,38.52,93,93,288823
1.7595,0.2053,38.52,93,93,288827
1.7449,0.2102,38.58,93,93,288830
1.7498,0.2053,38.65,93,93,288833
1.7986,0.2199,38.43,93,93,288837
1.7986,0.2102,38.55,93,93,288840
1.8475,0.2102,38.46,93,93,288843
1.8964,0.2151,38.58,93,93,288847
1.9697,0.2053,37.90,93,93,288850
2.1114,0.2493,38.55,93,93,288854
2.2630,0.2102,38.58,93,93,288858
2.4878,0.2151,38.46,93,93,288861
2.6833,0.2004,38.62,93,93,288864
2.9179,0.2004,38.62,93,93,288867
3.1623,0.2199,38.65,93,93,288871
3.2209,0.2004,38.58,93,93,288874
3.1916,0.2102,38.43,93,93,288877
2.9326,0.2053,38.52,93,93,288881
2.6246,0.1955,38.62,93,93,288884
2.3412,0.2151,38.49,93,93,288887
2.0381,0.2053,38.58,93,93,288891
1.8377,0.2102,38.36,93,93,288894
1.6325,0.2102,38.68,93,93,288898
1.4858,0.2053,38.52,93,93,288901
1.4027,0.2151,38.55,93,93,288905
1.3392,0.2102,38.58,93,93,288908
1.3539,0.2199,38.33,93,93,288911
1.3148,0.2053,38.52,93,93,288915
1.3196,0.2053,38.55,93,93,288918
1.3294,0.2102,38.58,93,93,288921
1.3490,0.2102,38.62,93,93,288925
1.4223,0.2542,38.40,93,93,288928
1.4076,0.2151,38.55,93,93,288931
1.4272,0.2053,38.52,93,93,288935
1.4370,0.2102,38.68,93,93,288939
1.4467,0.1906,38.62,93,93,288942
1.4907,0.2199,38.49,93,93,288945
1.4858,0.2151,38.55,93,93,288949
1.5152,0.1906,38.46,93,93,288952
1.5152,0.2102,38.62,93,93,288955
1.5640,0.2053,38.62,93,93,288959
1.5689,0.2151,38.46,93,93,288962
1.5543,0.2004,38.68,93,93,288965
1.5885,0.2102,38.49,93,93,288969
1.5689,0.2053,38.62,93,93,288972
1.5885,0.2053,38.58,93,93,288975
1.6080,0.2151,38.55,93,93,288979
1.6031,0.2102,38.58,93,93,288983
1.6373,0.2102,38.43,93,93,288986
1.6227,0.2004,38.58,93,93,288989
1.6422,0.2053,38.58,93,93,288993
1.6618,0.2151,38.05,93,93,288996
1.6667,0.2102,38.58,93,93,288999
1.7009,0.2151,38.36,93,93,289003
1.6862,0.2151,38.49,93,93,289006
1.6764,0.2053,38.62,93,93,289009
1.6862,0.2053,38.52,93,93,289013
1.6716,0.2004,38.62,93,93,289016
1.7253,0.2199,38.30,93,93,289019
1.6862,0.2151,38.55,93,93,289022
1.6764,0.1906,38.58,93,93,289027
1.6764,0.2151,38.62,93,93,289030
1.6716,0.2102,38.58,93,93,289033
1.7253,0.2248,38.43,93,93,289037
1.6862,0.2199,38.52,93,93,289040
1.6911,0.2102,38.52,93,93,289043
1.6716,0.2102,38.65,93,93,289047
1.6716,0.2102,38.62,93,93,289050
1.7058,0.2199,38.58,93,93,289053
1.6911,0.2151,38.55,93,93,289057
1.7155,0.2102,38.46,93,93,289060
1.6911,0.2102,38.62,93,93,289063
1.6960,0.2151,38.58,93,93,289068
1.7400,0.2199,38.58,93,93,289071
1.7253,0.2053,38.58,93,93,289074
1.7595,0.2102,38.49,93,93,289077
1.7302,0.2053,38.52,93,93,289081
1.7351,0.2297,38.58,93,93,289084
1.7498,0.2151,38.55,93,93,289087
1.7302,0.2102,38.62,93,93,289091
1.7546,0.2102,38.40,93,93,289094
1.7107,0.2102,38.52,93,93,289097
1.7058,0.2053,38.58,93,93,289101
1.7253,0.2151,38.55,93,93,289104
1.7204,0.2102,38.58,93,93,289107
1.7742,0.2151,38.36,93,93,289111
1.7498,0.1906,38.55,93,93,289115
1.7791,0.2102,38.62,93,93,289118
1.7937,0.2053,38.55,93,93,289121
1.7840,0.2102,38.58,93,93,289125
1.8328,0.2297,38.40,93,93,289128
1.8084,0.2102,38.58,93,93,289131
1.8084,0.2053,38.55,93,93,289135
1.8280,0.2151,38.58,93,93,289138
1.8426,0.2053,38.62,93,93,289141
1.8768,0.2199,38.36,93,93,289145
1.8377,0.2151,38.55,93,93,289148
1.8426,0.2102,38.46,93,93,289152
1.8377,0.2102,38.58,93,93,289155
1.8573,0.2004,38.62,93,93,289159
1.8719,0.2151,38.55,93,93,289162
1.8426,0.2053,38.55,93,93,289165
1.8768,0.2102,38.43,93,93,289169
1.8182,0.2102,38.58,93,93,289172
1.8426,0.2053,38.58,93,93,289175
1.8524,0.2102,38.46,93,93,289179
1.8426,0.2395,38.65,93,93,289182
1.8622,0.2004,38.46,93,93,289185
1.8377,0.2102,38.58,93,93,289189
1.8377,0.2053,38.58,93,93,289192
1.8524,0.2151,38.52,93,93,289196
1.8280,0.2004,38.58,93,93,289199
1.8475,0.2151,38.33,93,93,289203
1.8084,0.2151,38.58,93,93,289206
1.7742,0.2053,38.58,93,93,289209
1.7742,0.2151,38.62,93,93,289213
1.7595,0.2102,38.62,93,93,289216
1.8280,0.2151,38.33,93,93,289219
1.7889,0.2102,38.46,93,93,289223
1.7791,0.2151,38.58,93,93,289226
1.7840,0.2102,38.58,93,93,289229
1.7840,0.2053,38.58,93,93,289233
1.8377,0.2346,38.40,93,93,289236
1.7889,0.2151,38.58,93,93,289240
1.7546,0.2053,38.58,93,93,289243
1.7546,0.2151,38.58,93,93,289247
1.7253,0.2102,38.65,93,93,289250
1.7644,0.2444,38.49,93,93,289253
1.7595,0.2151,38.58,93,93,289257
1.7644,0.2102,38.05,93,93,289260
1.7498,0.2102,38.58,93,93,289263
1.7546,0.2053,38.62,93,93,289267
1.7791,0.2199,38.49,93,93,289270
1.7449,0.2102,38.62,93,93,289273
1.7791,0.2151,38.49,93,93,289277
1.7595,0.2053,38.55,93,93,289281
1.7742,0.2102,38.62,93,93,289284
1.7986,0.2199,38.46,93,93,289287
1.7937,0.1906,38.58,93,93,289291
1.8280,0.2102,38.43,93,93,289294
1.8084,0.2102,38.55,93,93,289297
1.8231,0.2102,38.58,93,93,289301
1.8377,0.2199,38.55,93,93,289304
1.8231,0.2102,38.71,93,93,289307
1.8622,0.2199,38.36,93,93,289311
1.8377,0.2053,38.65,93,93,289314
1.8573,0.2248,38.58,93,93,289317
1.8671,0.2102,38.46,93,93,289320
1.8377,0.2102,38.71,93,93,289325
1.8817,0.2151,38.33,93,93,289328
1.8475,0.2151,38.49,93,93,289331
1.8328,0.2004,38.62,93,93,289335
1.8426,0.2102,38.55,93,93,289338
1.8377,0.2102,38.71,93,93,289341
1.8817,0.2297,38.40,93,93,289345
1.8524,0.2151,38.52,93,93,289348
1.8524,0.2053,38.49,93,93,289351
1.8719,0.2151,38.58,93,93,289355
1.8622,0.2102,38.58,93,93,289358
1.8866,0.2248,38.46,93,93,289361
1.8768,0.2102,38.58,93,93,289366
1.9208,0.2102,38.46,93,93,289369
1.9208,0.2199,38.62,93,93,289372
1.9355,0.1906,38.62,93,93,289375
1.9501,0.2102,38.62,93,93,289379
1.9453,0.2151,38.68,93,93,289382
1.9599,0.2151,38.49,93,93,289385
1.9110,0.2151,38.62,93,93,289389
1.8915,0.2151,38.62,93,93,289392
1.8866,0.2151,38.87,93,93,289395
1.8426,0.2102,38.58,93,93,289399
1.8475,0.2151,38.40,93,93,289402
1.8035,0.2102,38.49,93,93,289405
1.7693,0.2004,38.62,93,93,289409
1.7840,0.2151,38.58,93,93,289413
1.7693,0.2151,38.58,93,93,289416
1.8133,0.2199,38.33,93,93,289419
1.8084,0.2248,38.46,93,93,289423
1.7693,0.2151,38.52,93,93,289426
1.7595,0.2102,38.49,93,93,289430
1.7253,0.2102,38.58,93,93,289433
1.7351,0.2151,38.62,93,93,289436
1.7742,0.2199,38.58,93,93,289440
1.7546,0.2102,38.58,93,93,289443
1.7742,0.2151,38.43,93,93,289446
1.7498,0.2053,38.65,93,93,289451
1.7595,0.2102,38.62,93,93,289454
1.8182,0.2199,38.52,93,93,289457
1.8377,0.2102,38.58,93,93,289461
1.8524,0.2102,38.46,93,93,289464
1.8475,0.2053,38.52,93,93,289467
1.9208,0.2102,38.62,93,93,289470
1.9795,0.2151,38.55,93,93,289474
2.0283,0.2102,38.58,93,93,289477
2.1799,0.2151,38.43,93,93,289480
2.3167,0.2102,38.62,93,93,289484
2.5367,0.2102,38.58,93,93,289487
2.8250,0.2151,38.55,93,93,289490
3.0499,0.2102,38.40,93,93,289495
3.3187,0.2199,38.33,93,93,289498
3.3382,0.2053,38.52,93,93,289501
3.2551,0.2102,38.65,93,93,289505
3.0010,0.2297,38.58,93,93,289508
2.6491,0.2102,38.58,93,93,289511
2.3900,0.2297,38.33,93,93,289514
2.0626,0.2102,38.55,93,93,289518
1.8280,0.2004,38.55,93,93,289521
1.6471,0.2151,38.58,93,93,289524
1.5005,0.2102,38.62,93,93,289528
1.4370,0.2199,38.43,93,93,289531
1.3539,0.2102,38.55,93,93,289534
1.3392,0.2102,38.52,93,93,289539
1.3294,0.2102,38.58,93,93,289542
1.3636,0.2102,38.58,93,93,289545
1.4125,0.2199,38.46,93,93,289548
1.4125,0.2102,38.65,93,93,289552
1.4467,0.2199,38.46,93,93,289555
1.4467,0.1906,38.62,93,93,289558
1.4761,0.2102,38.52,93,93,289562
1.5445,0.2151,38.52,93,93,289565
1.5396,0.2102,38.58,93,93,289568
1.5738,0.2493,38.43,93,93,289572
1.5738,0.2102,38.81,93,93,289575
1.5836,0.2102,38.58,93,93,289579
1.6031,0.1906,38.52,93,93,289583
1.5885,0.2102,38.62,93,93,289586
1.6471,0.2151,38.36,93,93,289589
1.6031,0.2151,38.55,93,93,289593
1.5982,0.2053,38.58,93,93,289596
1.6227,0.2151,38.55,93,93,289599
1.6227,0.2346,38.58,93,93,289602
1.6813,0.2199,38.30,93,93,289606
1.6569,0.2102,38.46,93,93,289609
1.6471,0.2004,38.58,93,93,289612
1.6569,0.2151,38.58,93,93,289616
1.6520,0.2102,38.81,93,93,289619
1.7058,0.2248,38.40,93,93,289623
1.6813,0.2102,38.52,93,93,289627
1.6764,0.2102,38.52,93,93,289630
1.6716,0.2346,38.58,93,93,289633
1.6764,0.2102,38.62,93,93,289636
1.7449,0.2199,38.49,93,93,289640
1.7498,0.2199,38.58,93,93,289643
1.7498,0.2151,38.46,93,93,289646
1.7155,0.2151,38.62,93,93,289650
1.7058,0.2102,38.62,93,93,289653
1.7302,0.2395,38.46,93,93,289656
1.7155,0.1906,38.58,93,93,289660
1.7400,0.2151,38.46,93,93,289664
1.7058,0.2053,38.55,93,93,289667
1.7058,0.2102,38.62,93,93,289671
1.7204,0.2151,38.46,93,93,289674
1.7058,0.2151,38.58,93,93,289677
1.7449,0.2151,38.43,93,93,289680
1.7204,0.2102,38.65,93,93,289684
1.7155,0.2102,38.58,93,93,289687
1.7302,0.2102,38.55,93,93,289690
1.7155,0.2102,38.68,93,93,289694
1.7595,0.2297,38.33,93,93,289697
1.7204,0.2053,38.65,93,93,289700
1.7253,0.2102,38.58,93,93,289704
1.7400,0.2199,38.58,93,93,289708
1.7204,0.2102,38.65,93,93,289711
1.7742,0.2297,38.33,93,93,289715
1.7546,0.2102,38.52,93,93,289718
1.7400,0.2053,38.62,93,93,289721
1.7449,0.2053,38.55,93,93,289724
1.7400,0.2102,38.62,93,93,289728
1.7889,0.2199,38.40,93,93,289731
1.7595,0.2151,38.52,93,93,289734
1.7644,0.2102,38.52,93,93,289738
1.7644,0.2102,38.58,93,93,289741
1.7840,0.2004,38.58,93,93,289744
1.8280,0.2199,38.46,93,93,289748
1.8084,0.2151,38.52,93,93,289752
1.8377,0.2199,38.43,93,93,289755
1.8182,0.2102,38.62,93,93,289758
1.8426,0.2151,38.58,93,93,289762
1.8475,0.2102,38.55,93,93,289765
1.8377,0.2102,38.65,93,93,289768
1.8622,0.2151,38.46,93,93,289772
1.8328,0.2102,38.55,93,93,289775
1.8524,0.2102,38.62,93,93,289778
1.8524,0.2199,38.58,93,93,289782
1.8426,0.2151,38.58,93,93,289785
1.8866,0.2151,38.40,93,93,289788
1.8671,0.2297,38.49,93,93,289793
1.8573,0.2102,38.62,93,93,289796
1.8719,0.2297,38.62,93,93,289799
1.8817,0.2199,38.58,93,93,289803
1.9062,0.2199,38.33,93,93,289806
1.8573,0.2053,38.55,93,93,289809
1.8524,0.2053,38.58,93,93,289812
1.8377,0.2151,38.58,93,93,289816
1.8231,0.2102,38.62,93,93,289819
1.8866,0.2102,38.43,93,93,289822
1.8182,0.2151,38.58,93,93,289826
1.8035,0.2444,38.52,93,93,289829
1.7986,0.2102,38.58,93,93,289832
1.7937,0.2151,38.58,93,93,289837
1.8280,0.2102,38.49,93,93,289840
1.8231,0.2102,38.55,93,93,289843
1.8280,0.2102,38.46,93,93,289847
1.8035,0.2102,38.58,93,93,289850
1.7889,0.2102,38.62,93,93,289853
1.8084,0.2199,38.49,93,93,289856
1.7742,0.2102,38.55,93,93,289860
1.7937,0.2199,38.55,93,93,289863
1.7644,0.2053,38.62,93,93,289866
1.7986,0.2151,38.62,93,93,289870
1.7693,0.2151,38.49,93,93,289873
1.7644,0.2151,38.58,93,93,289876
1.7693,0.2102,38.40,93,93,289881
1.7449,0.2151,38.55,93,93,289884
1.7449,0.2102,38.62,93,93,289887
1.7644,0.2199,38.52,93,93,289891
1.7546,0.2151,38.58,93,93,289894
1.7986,0.2199,38.49,93,93,289897
1.7595,0.1906,38.55,93,93,289900
1.7546,0.2151,38.62,93,93,289904
1.7742,0.2151,38.55,93,93,289907
1.7693,0.2102,38.58,93,93,289910
1.8280,0.2297,38.43,93,93,289914
1.8084,0.2151,38.49,93,93,289917
1.8035,0.2053,38.52,93,93,289921
1.8182,0.1906,38.65,93,93,289925
1.8182,0.2102,38.71,93,93,289928
1.8622,0.2297,38.40,93,93,289931
1.8328,0.2151,38.71,93,93,289935
1.8328,0.2102,38.49,93,93,289938
1.8182,0.2102,38.58,93,93,289941
1.8182,0.2102,38.52,93,93,289945
1.8524,0.2199,38.46,93,93,289948
1.8231,0.2151,38.58,93,93,289951
1.8475,0.2151,38.49,93,93,289954
1.8182,0.2102,38.62,93,93,289958
1.8328,0.2102,38.58,93,93,289961
1.8524,0.2199,38.49,93,93,289965
1.8475,0.2102,38.58,93,93,289969
1.8719,0.2102,38.40,93,93,289972
1.8475,0.2102,38.58,93,93,289975
1.8671,0.2102,38.68,93,93,289979
1.9013,0.2346,38.55,93,93,289982
1.8866,0.2053,38.55,93,93,289985
1.9257,0.2199,38.33,93,93,289989
1.9159,0.2102,38.49,93,93,289992
1.9013,0.2102,38.58,93,93,289995
1.9501,0.2199,38.52,93,93,289998
1.9159,0.2102,38.58,93,93,290002
1.9550,0.2199,38.27,93,93,290006
1.9159,0.2151,38.49,93,93,290009
1.8622,0.2053,38.58,93,93,290013
1.8426,0.2151,38.62,93,93,290016
1.8133,0.2151,38.62,93,93,290019
1.8524,0.2297,38.40,93,93,290023
1.8328,0.2151,38.55,93,93,290026
1.7937,0.2102,38.52,93,93,290029
1.7742,0.2102,38.55,93,93,290033
1.7204,0.2346,38.58,93,93,290036
1.7155,0.2053,38.58,93,93,290040
1.7351,0.2199,38.49,93,93,290043
1.7155,0.2199,38.62,93,93,290046
1.7400,0.2102,38.46,93,93,290050
1.7253,0.2102,38.46,93,93,290054
1.7302,0.2102,38.65,93,93,290057
1.7546,0.2102,38.46,93,93,290060
1.7400,0.2102,38.40,93,93,290064
1.7791,0.2151,38.33,93,93,290067
1.7546,0.2151,38.55,93,93,290070
1.7449,0.2102,38.62,93,93,290074
1.7546,0.2199,38.52,93,93,290077
1.7400,0.2102,38.62,93,93,290080
1.7937,0.2199,38.33,93,93,290083
1.7693,0.2004,38.55,93,93,290087
1.8084,0.1906,38.68,93,93,290091
1.8475,0.2151,38.52,93,93,290094
1.8915,0.2102,38.58,93,93,290098
2.0283,0.2297,38.43,93,93,290101
2.0968,0.2248,38.55,93,93,290104
2.2385,0.2053,38.52,93,93,290108
2.4340,0.2102,38.71,93,93,290111
2.6540,0.2102,38.71,93,93,290114
2.9570,0.2151,38.40,93,93,290118
3.1232,0.2199,38.58,93,93,290121
3.2551,0.2151,38.49,93,93,290124
3.1916,0.1906,38.58,93,93,290127
2.9814,0.2102,38.65,93,93,290131
2.7028,0.2199,38.46,93,93,290135
2.3460,0.2053,38.62,93,93,290138
2.0772,0.2151,38.46,93,93,290142
1.8182,0.2102,38.71,93,93,290145
1.6373,0.2102,38.62,93,93,290148
1.5054,0.1906,38.52,93,93,290152
1.4027,0.2102,38.62,93,93,290155
1.3636,0.2444,38.40,93,93,290158
1.3148,0.2102,38.58,93,93,290161
1.3050,0.2102,38.58,93,93,290165
1.3196,0.2151,38.52,93,93,290168
1.3196,0.2102,38.71,93,93,290171
1.3685,0.2346,38.40,93,93,290176
1.3832,0.2151,38.52,93,93,290179
1.3978,0.2102,38.62,93,93,290182
1.4321,0.2199,38.55,93,93,290186
1.4418,0.2102,38.58,93,93,290189
1.5054,0.2248,38.30,93,93,290192
1.4907,0.2151,38.52,93,93,290196
1.5005,0.2151,38.58,93,93,290199
1.5249,0.2151,38.58,93,93,290202
1.5298,0.2102,38.62,93,93,290205
1.5982,0.2297,38.49,93,93,290209
1.5787,0.2248,38.55,93,93,290212
1.5934,0.2102,38.52,93,93,290215
1.5934,0.2102,38.62,93,93,290220
1.6031,0.2102,38.58,93,93,290223
1.6373,0.2199,38.52,93,93,290226
1.6325,0.2151,38.58,93,93,290230
1.6471,0.2151,38.49,93,93,290233
1.6276,0.2151,38.58,93,93,290236
1.6422,0.2102,38.84,93,93,290240
1.6716,0.2248,38.46,93,93,290243
1.6569,0.2102,38.58,93,93,290246
1.7058,0.2199,38.46,93,93,290250
1.6716,0.2102,38.55,93,93,290253
1.6813,0.2102,38.62,93,93,290256
1.7009,0.2151,38.46,93,93,290259
1.6911,0.2102,38.62,93,93,290264
1.7253,0.1906,38.40,93,93,290267
1.7009,0.2102,38.58,93,93,290270
1.7009,0.2102,38.55,93,93,290274
1.7204,0.2199,38.52,93,93,290277
1.7058,0.2102,38.62,93,93,290280
1.7498,0.2199,38.43,93,93,290284
1.7302,0.2102,38.55,93,93,290287
1.7155,0.2102,38.62,93,93,290290
1.7204,0.2053,38.36,93,93,290294
1.7155,0.2102,38.62,93,93,290297
1.7644,0.2297,38.33,93,93,290300
1.7253,0.2151,38.55,93,93,290304
1.7204,0.2053,38.52,93,93,290308
1.7204,0.2151,38.58,93,93,290311
1.7302,0.2102,38.62,93,93,290314
1.7693,0.2248,37.90,93,93,290318
1.7449,0.2248,38.52,93,93,290321
1.7498,0.2102,38.49,93,93,290324
1.7351,0.2102,38.62,93,93,290328
1.7351,0.2151,38.58,93,93,290331
1.7644,0.2199,38.46,93,93,290334
1.7400,0.2151,38.62,93,93,290338
1.7595,0.2199,38.46,93,93,290341
1.7351,0.2151,38.55,93,93,290344
1.7351,0.2151,38.68,93,93,290348
1.7498,0.2151,38.55,93,93,290352
1.7400,0.2053,38.58,93,93,290355
1.7693,0.2199,38.40,93,93,290358
1.7498,0.2102,38.58,93,93,290362
1.7644,0.2102,38.62,93,93,290365
1.7889,0.2199,38.52,93,93,290368
1.7742,0.2102,38.68,93,93,290372
1.8133,0.2248,38.36,93,93,290375
1.7986,0.2151,38.58,93,93,290378
1.7889,0.2102,38.62,93,93,290382
1.8133,0.2102,38.52,93,93,290385
1.8084,0.2102,38.58,93,93,290388
1.8719,0.2297,38.33,93,93,290392
1.8426,0.2151,38.46,93,93,290396
1.8377,0.2151,38.58,93,93,290399
1.8426,0.2151,38.58,93,93,290402
1.8475,0.2590,38.58,93,93,290406
1.9013,0.2297,38.43,93,93,290409
1.8671,0.2151,38.55,93,93,290412
1.8622,0.2297,38.55,93,93,290416
1.8475,0.2102,38.58,93,93,290419
1.8719,0.2053,38.58,93,93,290422
1.8719,0.2199,38.52,93,93,290426
1.8475,0.2151,38.65,93,93,290429
1.8524,0.2102,38.43,93,93,290433
1.8328,0.2102,38.62,93,93,290437
1.8524,0.2102,38.62,93,93,290440
1.8622,0.2199,38.62,93,93,290443
1.8182,0.2151,38.62,93,93,290446
1.8524,0.2151,38.46,93,93,290450
1.8231,0.2102,38.52,93,93,290453
1.8280,0.2102,38.62,93,93,290456
1.8426,0.2297,38.43,93,93,290460
1.8182,0.2151,38.58,93,93,290463
1.8573,0.2151,38.43,93,93,290466
1.8280,0.2151,38.55,93,93,290470
1.8133,0.2102,38.49,93,93,290473
1.8231,0.2248,38.52,93,93,290477
1.8035,0.2102,38.58,93,93,290481
1.8475,0.2199,38.43,93,93,290484
1.7986,0.2151,38.55,93,93,290487
1.8084,0.2102,38.58,93,93,290490
1.8084,0.2151,38.62,93,93,290494
1.7986,0.2102,38.62,93,93,290497
1.8524,0.2297,38.40,93,93,290500
1.8182,0.2248,38.52,93,93,290504
1.8084,0.1906,38.52,93,93,290507
1.8035,0.2151,38.74,93,93,290510
1.7986,0.2102,38.58,93,93,290514
1.8377,0.2199,38.40,93,93,290518
1.8182,0.2151,38.55,93,93,290521
1.8426,0.2199,38.49,93,93,290525
1.8231,0.2102,38.55,93,93,290528
1.8280,0.2102,38.58,93,93,290531
1.8622,0.2199,38.52,93,93,290534
1.8426,0.2102,38.58,93,93,290538
1.8719,0.2199,38.49,93,93,290541
1.8426,0.2102,38.68,93,93,290544
1.8426,0.2102,38.65,93,93,290548
1.8475,0.2199,38.52,93,93,290551
1.8426,0.2102,38.62,93,93,290554
1.8671,0.2151,38.40,93,93,290558
1.8328,0.2102,37.83,93,93,290562
1.8524,0.2346,38.62,93,93,290565
1.8915,0.2248,38.49,93,93,290569
1.8719,0.2444,38.58,93,93,290572
1.9159,0.2151,38.33,93,93,290575
1.8964,0.2151,38.52,93,93,290578
1.8817,0.2151,38.62,93,93,290582
1.9013,0.2151,38.62,93,93,290585
1.8915,0.2151,38.62,93,93,290588
1.9599,0.2297,38.33,93,93,290592
1.9208,0.2444,38.55,93,93,290595
1.9257,0.2004,38.55,93,93,290598
1.9208,0.2102,38.58,93,93,290603
1.9208,0.2102,38.65,93,93,290606
1.9746,0.2297,38.43,93,93,290609
1.9453,0.2151,38.65,93,93,290613
1.9501,0.2053,38.46,93,93,290616
1.9453,0.2102,38.58,93,93,290619
1.9599,0.2102,38.71,93,93,290622
2.0039,0.2248,38.52,93,93,290626
1.9990,0.2151,38.55,93,93,290629
2.0088,0.2151,38.46,93,93,290632
1.9746,0.2053,38.58,93,93,290636
1.9648,0.1906,38.62,93,93,290639
1.9746,0.2199,38.43,93,93,290642
1.8671,0.2199,38.68,93,93,290647
1.8426,0.2053,38.58,93,93,290650
1.8817,0.2151,38.33,93,93,290654
1.8475,0.2053,38.52,93,93,290657
1.8328,0.2102,38.58,93,93,290660
1.8280,0.2151,38.74,93,93,290664
1.8035,0.2151,38.62,93,93,290667
1.8475,0.2248,38.33,93,93,290670
1.7986,0.2102,38.49,93,93,290673
1.7937,0.2102,38.55,93,93,290677
1.7986,0.2102,38.18,93,93,290680
1.7937,0.2151,38.62,93,93,290683
1.8377,0.2248,38.49,93,93,290688
1.8084,0.2151,38.58,93,93,290691
1.8133,0.2199,38.49,93,93,290694
1.7937,0.2102,38.77,93,93,290698
1.7986,0.2102,38.58,93,93,290701
1.8280,0.2248,38.43,93,93,290704
1.8035,0.2297,38.55,93,93,290708
1.8573,0.2151,38.46,93,93,290711
1.8182,0.2102,38.71,93,93,290714
1.8426,0.2102,38.58,93,93,290717
1.8915,0.2151,38.52,93,93,290721
1.9110,0.2102,38.77,93,93,290724
2.0039,0.2444,38.49,93,93,290727
2.0674,0.2151,38.55,93,93,290732
2.1994,0.1906,38.62,93,93,290735
2.3803,0.2151,38.46,93,93,290738
2.5611,0.2102,38.62,93,93,290742
2.8348,0.2102,38.43,93,93,290745
3.0156,0.2102,38.58,93,93,290748
3.1965,0.2297,38.62,93,93,290752
3.2893,0.2199,38.55,93,93,290755
3.1476,0.2297,38.58,93,93,290758
2.9619,0.2199,38.33,93,93,290761
2.6051,0.2151,38.62,93,93,290765
2.2923,0.2199,38.68,93,93,290768
2.0577,0.2151,38.68,93,93,290771
1.8475,0.2199,38.58,93,93,290776
1.7498,0.2297,38.40,93,93,290779
1.5885,0.2444,38.49,93,93,290782
1.5005,0.2053,38.55,93,93,290786
1.4614,0.2102,38.65,93,93,290789
1.4272,0.2102,38.68,93,93,290792
1.4418,0.2151,38.43,93,93,290795
1.4125,0.2151,38.58,93,93,290799
1.4370,0.2151,38.46,93,93,290802
1.4418,0.2102,38.62,93,93,290805
1.4565,0.2199,38.58,93,93,290809
1.4858,0.2248,38.62,93,93,290812
1.4907,0.2102,38.65,93,93,290816
1.5249,0.2151,38.46,93,93,290820
1.5200,0.2102,38.62,93,93,290823
1.5396,0.2102,38.55,93,93,290826
1.5934,0.2151,38.49,93,93,290830
1.5738,0.2102,38.62,93,93,290833
1.6373,0.2151,38.46,93,93,290836
1.5982,0.2102,38.46,93,93,290840
1.5982,0.2297,38.58,93,93,290843
1.6276,0.2199,38.49,93,93,290846
1.6227,0.2102,38.65,93,93,290849
1.6716,0.2053,38.36,93,93,290853
1.6569,0.2102,38.52,93,93,290856
1.6569,0.2102,38.58,93,93,290860
1.6764,0.2102,38.55,93,93,290864
1.6716,0.2102,38.62,93,93,290867
1.7253,0.2248,38.36,93,93,290870
1.6911,0.2102,38.49,93,93,290874
1.6960,0.2053,38.55,93,93,290877
1.7058,0.2199,38.58,93,93,290880
1.7107,0.2102,38.65,93,93,290884
1.7595,0.2542,38.43,93,93,290887
1.7302,0.2102,38.55,93,93,290890
1.7351,0.2102,38.52,93,93,290893
1.7302,0.2151,38.58,93,93,290897
1.7351,0.2102,38.58,93,93,290900
1.7644,0.2248,38.46,93,93,290904
1.7449,0.2151,38.55,93,93,290908
1.7595,0.2102,38.52,93,93,290911
1.7400,0.2199,38.62,93,93,290914
1.7498,0.2151,38.62,93,93,290918
1.7791,0.2199,38.49,93,93,290921
1.7693,0.2102,38.58,93,93,290924
1.7986,0.2102,38.49,93,93,290928
1.7693,0.2102,38.58,93,93,290931
1.7693,0.1906,38.58,93,93,290934
1.7840,0.2102,38.52,93,93,290937
1.7742,0.2053,38.62,93,93,290941
1.7986,0.2151,38.40,93,93,290945
1.7742,0.2102,38.62,93,93,290948
1.7840,0.2102,38.58,93,93,290952
1.8084,0.2151,38.55,93,93,290955
1.7937,0.2297,38.58,93,93,290958
1.8426,0.2102,38.33,93,93,290962
1.8133,0.2151,38.74,93,93,290965
1.7986,0.2053,38.68,93,93,290968
1.8133,0.2151,38.55,93,93,290972
1.8084,0.2248,38.62,93,93,290975
1.8964,0.2297,38.36,93,93,290978
1.8280,0.2151,38.43,93,93,290981
1.8182,0.2053,38.52,93,93,290985
1.8231,0.2102,38.58,93,93,290989
1.8182,0.2102,38.68,93,93,290992
1.8622,0.2053,38.46,93,93,290996
1.8377,0.2102,38.55,93,93,290999
1.8475,0.2102,38.55,93,93,291002
1.8328,0.2151,38.62,93,93,291006
1.8377,0.2102,38.58,93,93,291009
1.8719,0.2151,38.55,93,93,291012
1.8719,0.2102,38.55,93,93,291016
1.9013,0.2151,38.40,93,93,291019
1.8915,0.2102,38.62,93,93,291022
1.8964,0.2053,38.58,93,93,291025
1.9306,0.2102,38.52,93,93,291030
1.9159,0.2102,38.58,93,93,291033
1.9404,0.2151,38.43,93,93,291036
1.9208,0.1906,38.58,93,93,291040
1.9159,0.2053,38.62,93,93,291043
1.9404,0.2199,38.49,93,93,291046
1.9208,0.2102,38.62,93,93,291050
1.9648,0.2151,38.40,93,93,291053
1.9404,0.2151,38.55,93,93,291056
1.9306,0.2053,38.62,93,93,291060
1.9453,0.2151,38.55,93,93,291063
1.9306,0.2102,38.62,93,93,291066
1.9795,0.2199,38.52,93,93,291069
1.9306,0.2151,38.52,93,93,291074
1.9306,0.2004,38.58,93,93,291077
1.9306,0.2102,38.43,93,93,291080
1.9208,0.2102,38.62,93,93,291084
1.9648,0.2248,38.40,93,93,291087
1.9257,0.2395,38.55,93,93,291090
1.9062,0.2004,38.52,93,93,291094
1.9062,0.2102,38.52,93,93,291097
1.9013,0.2151,38.68,93,93,291100
1.9306,0.2199,38.43,93,93,291104
1.9013,0.2151,38.62,93,93,291107
1.9110,0.2102,38.46,93,93,291110
1.8817,0.2102,38.58,93,93,291113
1.8817,0.2102,38.68,93,93,291118
1.9062,0.2199,38.49,93,93,291121
1.8817,0.2102,38.58,93,93,291124
1.9013,0.2151,38.49,93,93,291128
1.8768,0.2053,38.40,93,93,291131
1.8719,0.1955,38.58,93,93,291134
1.8866,0.2151,38.49,93,93,291138
1.8671,0.2102,38.65,93,93,291141
1.8964,0.2102,38.40,93,93,291144
1.8622,0.2102,38.62,93,93,291148
1.8622,0.2248,38.58,93,93,291151
1.8915,0.2102,38.49,93,93,291154
1.8573,0.2053,38.68,93,93,291158
1.9013,0.2248,38.33,93,93,291162
1.8768,0.1906,38.49,93,93,291165
1.8671,0.2053,38.58,93,93,291168
1.9159,0.2151,38.55,93,93,291172
1.8817,0.2053,38.62,93,93,291175
1.9404,0.2786,38.36,93,93,291178
1.9013,0.2102,38.46,93,93,291182
1.8964,0.2053,38.55,93,93,291185
1.9013,0.2151,38.58,93,93,291188
1.9062,0.2053,38.71,93,93,291192
1.9501,0.2199,38.43,93,93,291195
1.9159,0.2151,38.55,93,93,291198
1.9208,0.2053,38.55,93,93,291202
1.9159,0.2102,38.62,93,93,291206
1.9208,0.2053,38.58,93,93,291209
1.9501,0.2151,38.52,93,93,291212
1.9746,0.2151,38.58,93,93,291216
1.9599,0.2102,38.46,93,93,291219
1.9208,0.2102,38.58,93,93,291222
1.9159,0.1906,38.62,93,93,291226
1.9501,0.2151,38.49,93,93,291229
1.9208,0.2151,38.58,93,93,291232
1.9648,0.2102,38.46,93,93,291236
1.9501,0.2053,38.52,93,93,291239
1.9697,0.2053,38.62,93,93,291243
2.0039,0.2102,38.43,93,93,291246
1.9892,0.2053,38.68,93,93,291250
2.0381,0.2151,38.36,93,93,291253
2.0332,0.2248,38.36,93,93,291257
1.9697,0.2102,37.74,93,93,291260
1.9355,0.2053,38.62,93,93,291263
1.9159,0.2102,38.58,93,93,291267
1.8915,0.2102,38.58,93,93,291270
1.9306,0.2248,38.49,93,93,291273
1.8915,0.2102,38.77,93,93,291277
1.8915,0.2297,38.49,93,93,291280
1.8719,0.2102,38.62,93,93,291283
1.8573,0.2297,38.62,93,93,291288
1.8768,0.2151,38.43,93,93,291291
1.8328,0.2151,38.55,93,93,291294
1.8377,0.1906,38.43,93,93,291297
1.7986,0.2053,38.62,93,93,291301
1.7840,0.2053,38.71,93,93,291304
1.8084,0.2151,38.49,93,93,291307
1.7840,0.2053,38.58,93,93,291311
1.8182,0.2053,38.46,93,93,291314
1.7937,0.2004,38.55,93,93,291317
1.8035,0.2053,38.58,93,93,291321
1.8231,0.2102,38.58,93,93,291324
1.8182,0.2151,38.62,93,93,291328
1.8622,0.2102,38.36,93,93,291331
1.8231,0.2151,38.62,93,93,291335
1.8280,0.2053,38.62,93,93,291338
1.8377,0.2151,38.52,93,93,291341
1.8377,0.2053,38.58,93,93,291345
1.9062,0.2151,38.33,93,93,291348
1.9355,0.2151,38.49,93,93,291351
1.9501,0.2004,38.68,93,93,291355
2.0235,0.2151,38.58,93,93,291358
2.1163,0.2053,38.58,93,93,291361
2.3265,0.2248,38.43,93,93,291365
2.5122,0.2151,38.52,93,93,291368
2.6931,0.2053,38.52,93,93,291372
2.9277,0.2102,38.65,93,93,291376
3.1769,0.2004,38.62,93,93,291379
3.3333,0.2151,38.43,93,93,291382
3.2747,0.2297,38.55,93,93,291385
3.1085,0.2102,38.46,93,93,291389
2.7859,0.2053,38.58,93,93,291392
2.4682,0.2151,38.62,93,93,291395
2.2092,0.2102,38.52,93,93,291399
1.9550,0.2053,38.58,93,93,291402
1.7791,0.2151,38.49,93,93,291405
1.5982,0.2053,38.71,93,93,291409
1.4956,0.2053,38.65,93,93,291412
1.4663,0.2151,38.49,93,93,291416
1.4076,0.2053,38.62,93,93,291420
1.4418,0.2053,38.40,93,93,291423
1.3930,0.2053,38.52,93,93,291426
1.4076,0.2053,38.68,93,93,291429
1.4467,0.2248,38.52,93,93,291433
1.4516,0.2053,38.62,93,93,291436
1.4956,0.2151,38.30,93,93,291439
1.4858,0.2053,38.52,93,93,291443
1.4956,0.2053,38.58,93,93,291446
1.5249,0.2102,38.55,93,93,291449
1.5396,0.2053,38.58,93,93,291453
1.6080,0.2151,38.30,93,93,291457
1.5836,0.2151,38.52,93,93,291460
1.5885,0.2004,38.58,93,93,291463
1.5934,0.2102,38.58,93,93,291467
1.5934,0.2004,38.62,93,93,291470
1.6520,0.2199,38.43,93,93,291473
1.6325,0.2102,38.68,93,93,291477
1.6520,0.2053,38.49,93,93,291480
1.6471,0.2053,38.58,93,93,291483
1.6520,0.2053,38.58,93,93,291487
1.6764,0.2248,38.43,93,93,291490
1.6569,0.2102,38.55,93,93,291493
1.6813,0.2199,38.46,93,93,291497
1.6813,0.1906,38.58,93,93,291501
1.6960,0.2053,38.62,93,93,291504
1.7204,0.2151,38.55,93,93,291507
1.7107,0.2053,38.58,93,93,291511
1.7400,0.2102,38.46,93,93,291514
1.7204,0.2102,38.62,93,93,291517
1.7302,0.2053,38.62,93,93,291521
1.7498,0.2102,38.74,93,93,291524
1.7400,0.2053,38.62,93,93,291527
1.7693,0.2004,38.40,93,93,291531
1.7498,0.2053,38.62,93,93,291534
1.7644,0.2004,38.58,93,93,291537
1.7986,0.2199,38.52,93,93,291540
1.7693,0.2053,38.68,93,93,291545
1.7986,0.2102,38.36,93,93,291548
1.7742,0.2102,38.49,93,93,291551
1.7595,0.2053,38.71,93,93,291555
1.7791,0.2102,38.55,93,93,291558
1.7693,0.2053,38.62,93,93,291561
1.8182,0.2151,38.30,93,93,291565
1.7791,0.2102,38.46,93,93,291568
1.7644,0.2004,38.55,93,93,291571
1.7937,0.2199,38.58,93,93,291575
1.7693,0.2053,38.62,93,93,291578
1.8182,0.2199,38.46,93,93,291581
1.8035,0.2151,38.55,93,93,291585
1.7986,0.2053,38.52,93,93,291589
1.7840,0.2053,38.58,93,93,291592
1.8280,0.2053,38.62,93,93,291595
1.8328,0.2151,38.52,93,93,291599
1.8280,0.2151,38.55,93,93,291602
1.8426,0.2053,38.49,93,93,291605
1.8035,0.2004,38.58,93,93,291609
1.8133,0.2004,38.58,93,93,291612
1.8231,0.2151,38.46,93,93,291615
1.8280,0.2004,38.58,93,93,291619
1.8182,0.2053,38.49,93,93,291622
1.7986,0.2004,38.71,93,93,291625
1.8035,0.2053,38.62,93,93,291629
1.8377,0.1906,38.49,93,93,291633
1.8280,0.2053,38.62,93,93,291636
1.8671,0.2053,38.40,93,93,291639
1.8524,0.2053,38.55,93,93,291643
1.8524,0.2053,38.62,93,93,291646
1.8866,0.2346,38.52,93,93,291649
1.8866,0.2053,38.58,93,93,291653
1.9306,0.2102,38.36,93,93,291656
1.8768,0.2004,38.55,93,93,291659
1.8671,0.2053,38.58,93,93,291662
1.8671,0.2102,38.55,93,93,291666
1.8573,0.2004,38.62,93,93,291670
1.9306,0.2248,38.36,93,93,291673
1.9110,0.2102,38.49,93,93,291677
1.9355,0.1955,38.55,93,93,291680
1.9013,0.2053,38.27,93,93,291683
1.8964,0.2053,38.62,93,93,291687
1.9404,0.2102,38.43,93,93,291690
1.9110,0.2102,38.55,93,93,291693
1.8915,0.2248,38.46,93,93,291697
1.8671,0.2053,38.62,93,93,291700
1.8671,0.2053,38.65,93,93,291703
1.9062,0.2151,38.46,93,93,291706
1.8866,0.2053,38.58,93,93,291710
1.8964,0.2053,37.99,93,93,291714
1.8573,0.2053,38.58,93,93,291717
1.8524,0.2053,38.58,93,93,291721
1.8622,0.2053,38.49,93,93,291724
1.8426,0.2053,38.58,93,93,291727
1.8817,0.2053,38.46,93,93,291731
1.8573,0.1906,38.58,93,93,291734
1.8573,0.2004,38.68,93,93,291737
1.8817,0.2102,38.46,93,93,291741
1.8573,0.2053,38.62,93,93,291744
1.8671,0.2053,38.36,93,93,291747
1.8426,0.1906,38.49,93,93,291750
1.8084,0.2053,38.71,93,93,291755
1.8377,0.2151,38.55,93,93,291758
1.8280,0.2053,38.68,93,93,291761
1.8719,0.2151,38.33,93,93,291765
1.8280,0.2053,38.52,93,93,291768
1.8231,0.2004,38.65,93,93,291771
1.8426,0.2004,38.58,93,93,291775
1.8573,0.2004,38.58,93,93,291778
1.9013,0.2248,38.40,93,93,291781
1.8377,0.2053,38.55,93,93,291785
1.8182,0.2053,38.52,93,93,291788
1.8133,0.2053,38.62,93,93,291791
1.8622,0.2004,38.58,93,93,291794
1.8915,0.2151,38.49,93,93,291799
1.8671,0.2102,38.55,93,93,291802
1.8671,0.2053,38.46,93,93,291805
1.8475,0.2053,38.58,93,93,291809
1.8475,0.2053,38.62,93,93,291812
1.8719,0.2151,38.52,93,93,291815
1.8573,0.2053,38.58,93,93,291819
1.8866,0.2102,38.49,93,93,291822
1.8671,0.1955,38.52,93,93,291825
1.8768,0.2053,38.62,93,93,291829
1.8817,0.2151,38.46,93,93,291832
1.8768,0.2053,38.58,93,93,291835
1.9013,0.2053,38.43,93,93,291838
1.8817,0.2053,38.49,93,93,291843
1.8915,0.2053,38.68,93,93,291846
1.9208,0.2102,38.52,93,93,291849
1.9208,0.2053,38.58,93,93,291853
1.9746,0.2493,38.33,93,93,291856
1.9404,0.2004,38.68,93,93,291859
1.9550,0.2004,38.81,93,93,291863
1.9648,0.2151,38.55,94,93,291866
1.9941,0.2004,38.62,94,93,291870
1.9941,0.2004,38.58,94,93,291873
2.0381,0.2102,38.68,94,93,291876
2.0039,0.2102,38.55,94,93,291880
1.9844,0.2053,38.49,94,93,291884
1.9404,0.2053,38.62,94,93,291887
1.9013,0.2004,38.62,94,93,291890
1.8964,0.2151,38.46,94,93,291894
1.8817,0.2053,38.58,94,93,291897
1.9257,0.2102,38.65,94,93,291900
1.9062,0.2053,38.68,94,93,291904
1.8866,0.2004,38.62,94,93,291907
1.8719,0.2053,38.49,94,93,291910
1.8524,0.2053,38.58,94,93,291914
1.8426,0.2053,38.46,94,93,291917
1.8133,0.2004,38.62,94,93,291920
1.8231,0.1906,38.62,94,93,291923
1.8426,0.2102,38.52,94,93,291928
1.8084,0.2053,38.62,94,93,291931
1.8182,0.2102,38.55,94,93,291934
1.7840,0.2053,38.55,94,93,291938
1.7937,0.2053,38.58,94,93,291941
1.8133,0.2102,38.62,94,93,291944
1.7986,0.2053,38.62,94,93,291948
1.8573,0.2151,38.30,94,93,291951
1.8035,0.2053,38.49,94,93,291954
1.7644,0.2053,38.68,94,93,291958
1.7644,0.2053,38.58,94,93,291961
1.7791,0.2004,38.58,94,93,291964
1.8671,0.2199,38.40,94,93,291968
1.8524,0.2102,38.52,94,93,291972
1.8866,0.2004,38.52,94,93,291975
1.9257,0.2004,38.58,94,93,291978
1.9844,0.2004,38.68,94,93,291982
2.1261,0.2199,38.46,94,93,291985
2.2581,0.2004,38.55,94,93,291988
2.4976,0.2053,38.49,94,93,291992
2.7419,0.2102,38.52,94,93,291995
3.0205,0.1906,38.58,94,93,291998
3.2942,0.2102,38.43,94,93,292001
3.3627,0.2053,38.58,94,93,292005
3.3773,0.2053,38.46,94,93,292008
3.1329,0.1906,38.58,94,93,292012
2.8006,0.2053,38.62,94,93,292016
2.4682,0.2151,38.52,94,93,292019
2.1457,0.2004,38.58,94,93,292022
1.9306,0.2053,38.43,94,93,292026
1.7155,0.2004,38.58,94,93,292029
1.5836,0.2004,38.58,94,93,292032
1.5054,0.2004,38.49,94,93,292035
1.4076,0.1906,38.62,94,93,292039
1.3832,0.2053,38.40,94,93,292042
1.3294,0.2004,38.62,94,93,292045
1.3148,0.2053,38.65,94,93,292049
1.3636,0.2102,38.55,94,93,292052
1.4321,0.2004,38.62,94,93,292056
1.4858,0.2151,38.33,94,93,292060
1.4761,0.2444,38.46,94,93,292063
1.5249,0.2004,38.62,94,93,292066
1.5347,0.2102,38.46,94,93,292069
1.5347,0.2102,38.58,94,93,292073
1.5836,0.1906,38.40,94,93,292076
1.5543,0.2102,38.55,94,93,292079
1.6031,0.2004,38.52,94,93,292083
1.6031,0.2053,38.58,94,93,292086
1.6227,0.2004,38.68,94,93,292089
1.6764,0.2444,38.49,94,93,292093
1.6764,0.1906,38.55,94,93,292097
1.7009,0.2053,38.49,94,93,292100
1.6911,0.2102,38.58,94,93,292104
1.6667,0.2004,38.62,94,93,292107
1.6667,0.2102,38.43,94,93,292110
1.6373,0.2053,38.62,94,93,292113
1.6716,0.2102,38.49,94,93,292117
1.6520,0.2102,38.58,94,93,292120
1.6813,0.2102,38.62,94,93,292123
1.7155,0.2102,38.49,94,93,292127
1.7009,0.2151,38.68,94,93,292130
1.7253,0.2053,38.46,94,93,292133
1.7009,0.2004,38.52,94,93,292137
1.6911,0.2248,38.62,94,93,292141
1.7058,0.2102,38.46,94,93,292144
1.6911,0.2053,38.52,94,93,292147
1.7253,0.2102,38.36,94,93,292151
1.7107,0.2053,38.58,94,93,292154
1.7107,0.2004,38.71,94,93,292157
1.7302,0.2102,38.55,94,93,292161
1.7204,0.2004,38.62,94,93,292164
1.7986,0.2151,38.33,94,93,292167
1.7546,0.2004,38.55,94,93,292171
1.7302,0.1906,38.62,94,93,292174
1.7204,0.2053,38.62,94,93,292177
1.7107,0.2053,38.68,94,93,292182
1.7742,0.2199,38.36,94,93,292185
1.7449,0.2102,38.52,94,93,292188
1.7449,0.2053,38.55,94,93,292191
1.7155,0.2053,38.58,94,93,292195
1.7155,0.2102,38.68,94,93,292198
1.7644,0.2151,38.40,94,93,292201
1.7546,0.2199,38.55,94,93,292205
1.7791,0.2004,38.46,94,93,292208
1.7546,0.2053,38.58,94,93,292211
1.7546,0.2053,38.62,94,93,292215
1.7644,0.2151,38.52,94,93,292218
1.7351,0.2053,38.58,94,93,292221
1.7644,0.2102,38.46,94,93,292225
1.7449,0.2053,38.65,94,93,292229
1.7449,0.2004,38.62,94,93,292232
1.7546,0.2053,37.74,94,93,292235
1.7498,0.2053,38.65,94,93,292239
1.7840,0.2004,38.43,94,93,292242
1.7889,0.2053,38.68,94,93,292245
1.8084,0.2248,38.62,94,93,292249
1.8377,0.2102,38.52,94,93,292252
1.8084,0.2102,38.62,94,93,292255
1.8280,0.2053,38.36,94,93,292259
1.8035,0.2102,38.49,94,93,292262
1.7937,0.2004,38.52,94,93,292265
1.8377,0.2102,38.52,94,93,292269
1.8231,0.2053,38.58,94,93,292273
1.8817,0.2151,38.30,94,93,292276
1.8524,0.2053,38.49,94,93,292279
1.8475,0.2004,38.52,94,93,292283
1.8475,0.2004,38.55,94,93,292286
1.8426,0.2053,38.62,94,93,292289
1.8817,0.2248,38.43,94,93,292293
1.8280,0.2151,38.52,94,93,292296
1.8231,0.2004,38.52,94,93,292299
1.8231,0.2053,38.65,94,93,292302
1.8280,0.2004,38.62,94,93,292306
1.8719,0.2151,38.49,94,93,292310
1.8426,0.2444,38.62,94,93,292313
1.8377,0.1906,38.46,94,93,292317
1.7986,0.2297,38.58,94,93,292320
1.8231,0.2053,38.62,94,93,292323
1.8328,0.2151,38.90,94,93,292327
1.8231,0.2004,38.62,94,93,292330
1.8475,0.2102,38.49,94,93,292333
1.8035,0.2004,38.58,94,93,292337
1.7937,0.2151,38.62,94,93,292340
1.7937,0.2053,38.46,94,93,292343
1.7791,0.2053,38.58,94,93,292347
1.8084,0.1906,38.40,94,93,292350
1.7791,0.2053,38.77,94,93,292354
1.7693,0.2199,38.62,94,93,292357
1.7840,0.1906,38.58,94,93,292361
1.7742,0.2053,38.74,94,93,292364
1.8084,0.2102,38.33,94,93,292367
1.7546,0.2004,38.65,94,93,292371
1.7400,0.2004,38.62,94,93,292374
1.7449,0.2151,38.52,94,93,292377
1.7253,0.2053,38.55,94,93,292381
1.7742,0.2297,38.30,94,93,292384
1.7449,0.2102,38.49,94,93,292387
1.7302,0.2004,38.58,94,93,292390
1.7253,0.2151,38.55,94,93,292395
1.7204,0.2004,38.62,94,93,292398
1.7742,0.2199,38.40,94,93,292401
1.7595,0.2102,38.49,94,93,292405
1.7644,0.1955,38.49,94,93,292408
1.7546,0.2053,38.52,94,93,292411
1.7595,0.2053,38.62,94,93,292415
1.8133,0.2199,38.46,94,93,292418
1.7546,0.2053,38.27,94,93,292421
1.7693,0.2199,38.49,94,93,292425
1.7595,0.2004,38.62,94,93,292428
1.7742,0.2053,38.52,94,93,292431
1.7986,0.2004,38.55,94,93,292434
1.7937,0.2004,38.58,94,93,292439
1.8182,0.2102,38.49,94,93,292442
1.7889,0.2102,38.62,94,93,292445
1.7840,0.2004,38.58,94,93,292449
1.8084,0.2102,38.36,94,93,292452
1.7840,0.2004,38.62,94,93,292455
1.8133,0.2053,38.40,94,93,292459
1.7986,0.2053,38.55,94,93,292462
1.7986,0.2053,38.62,94,93,292465
1.8231,0.1906,38.49,94,93,292468
1.8084,0.2053,38.68,94,93,292472
1.8475,0.2297,38.33,94,93,292475
1.9013,0.2297,38.40,94,93,292481
1.8768,0.2151,38.52,94,93,292484
1.8817,0.2004,38.52,94,93,292487
1.8915,0.2590,38.58,94,93,292491
1.9062,0.2053,38.58,94,93,292494
1.9453,0.2151,38.46,94,93,292497
1.9013,0.2151,38.58,94,93,292501
1.8915,0.2004,38.46,94,93,292504
1.8328,0.2053,38.58,94,93,292507
1.8133,0.2248,38.62,94,93,292511
1.8231,0.2151,38.43,94,93,292514
1.7840,0.2053,38.55,94,93,292517
1.7986,0.2151,38.49,94,93,292520
1.7595,0.2004,38.58,94,93,292525
1.7546,0.2248,38.62,94,93,292528
1.7595,0.2053,38.52,94,93,292531
1.7449,0.2053,38.49,94,93,292535
1.7595,0.2053,38.40,94,93,292538
1.7449,0.2053,38.58,94,93,292541
1.7107,0.2053,38.62,94,93,292545
1.7204,0.2102,38.52,94,93,292548
1.7009,0.2151,38.68,94,93,292551
1.7302,0.2102,38.36,94,93,292554
1.6960,0.2004,38.55,94,93,292558
1.7302,0.2102,38.58,94,93,292561
1.7253,0.2102,38.55,94,93,292564
1.7155,0.2297,38.58,94,93,292569
1.7693,0.1906,38.30,94,93,292572
1.7302,0.2053,38.52,94,93,292575
1.7155,0.2004,38.65,94,93,292579
1.7302,0.2102,38.58,94,93,292582
1.7204,0.2053,38.58,94,93,292585
1.7937,0.2248,38.43,94,93,292588
1.7791,0.2199,38.55,94,93,292592
1.8084,0.2004,38.52,94,93,292595
1.8328,0.2053,38.62,94,93,292598
1.8768,0.2053,38.62,94,93,292602
1.9844,0.2151,38.43,94,93,292605
2.0674,0.2102,38.58,94,93,292609
2.2385,0.2053,38.52,94,93,292613
2.4242,0.2053,38.68,94,93,292616
2.6637,0.2053,38.65,94,93,292619
2.9374,0.2102,38.58,94,93,292623
3.1281,0.2053,38.55,94,93,292626
3.2796,0.2102,38.52,94,93,292629
3.1818,0.1955,38.62,94,93,292632
2.9619,0.2004,38.58,94,93,292636
2.6686,0.2151,38.55,94,93,292639
2.3021,0.2004,38.58,94,93,292642
2.0283,0.2151,38.46,94,93,292646
1.7742,0.2053,38.55,94,93,292649
1.5982,0.2004,38.65,94,93,292653
1.4858,0.2102,38.46,94,93,292657
1.3832,0.2053,38.65,94,93,292660
1.3587,0.2151,38.36,94,93,292663
1.3148,0.2102,38.65,94,93,292666
1.3001,0.2297,38.62,94,93,292670
1.3196,0.2102,38.55,94,93,292673
1.3245,0.2053,38.65,94,93,292676
1.3832,0.2199,38.30,94,93,292680
1.3734,0.2053,38.52,94,93,292683
1.3930,0.2004,38.52,94,93,292686
1.4174,0.2102,38.58,94,93,292690
1.4223,0.2053,38.71,94,93,292694
1.5005,0.2199,38.43,94,93,292697
1.4858,0.2151,38.58,94,93,292701
1.5005,0.2004,38.52,94,93,292704
1.5152,0.2199,38.58,94,93,292707
1.5347,0.1906,38.58,94,93,292710
1.5689,0.2102,38.43,94,93,292714
1.5640,0.2102,38.55,94,93,292717
1.5787,0.2151,38.49,94,93,292720
1.5836,0.2053,38.65,94,93,292724
1.5934,0.2053,38.58,94,93,292727
1.6325,0.2102,38.52,94,93,292730
1.6178,0.2053,38.49,94,93,292734
1.6569,0.2151,38.55,94,93,292738
1.6325,0.2053,38.62,94,93,292741
1.6373,0.2004,38.58,94,93,292745
1.6520,0.2102,38.52,94,93,292748
1.6422,0.2053,38.58,94,93,292751
1.6667,0.2053,38.49,94,93,292754
1.6569,0.2053,38.62,94,93,292758
1.6569,0.2053,38.65,94,93,292761
1.6716,0.2102,38.52,94,93,292764
1.6471,0.2053,38.62,94,93,292768
1.6960,0.2102,38.30,94,93,292771
1.6764,0.2053,38.55,94,93,292774
1.6667,0.1906,38.58,94,93,292779
1.6813,0.2102,38.55,94,93,292782
1.6667,0.2053,38.62,94,93,292785
1.7204,0.2102,38.30,94,93,292788
1.6862,0.2053,38.46,94,93,292792
1.6960,0.2053,38.55,94,93,292795
1.7009,0.1906,38.62,94,93,292798
1.6960,0.2053,38.62,94,93,292802
1.7498,0.2248,38.40,94,93,292805
1.7058,0.2151,38.58,94,93,292808
1.7107,0.2004,38.49,94,93,292812
1.7058,0.2053,38.58,94,93,292815
1.7058,0.2053,38.84,94,93,292818
1.7351,0.2151,38.55,94,93,292823
1.7155,0.2102,38.58,94,93,292826
1.7351,0.2053,38.58,94,93,292829
1.7204,0.2004,38.58,94,93,292832
1.7302,0.2053,38.62,94,93,292836
1.7693,0.2151,38.49,94,93,292839
1.7449,0.1906,38.58,94,93,292842
1.7644,0.2102,38.49,94,93,292846
1.7449,0.2004,38.62,94,93,292849
1.7498,0.2004,38.65,94,93,292852
1.7693,0.2102,38.49,94,93,292856
1.7546,0.2053,38.62,94,93,292859
1.7791,0.2102,38.40,94,93,292862
1.7595,0.2053,38.52,94,93,292866
1.7595,0.2151,38.62,94,93,292870
1.7791,0.2151,38.52,94,93,292873
1.7693,0.2053,38.65,94,93,292876
1.8524,0.2151,38.43,94,93,292880
1.7791,0.2004,38.52,94,93,292883
1.7889,0.2151,38.62,94,93,292886
1.8133,0.2102,38.55,94,93,292890
1.8035,0.2102,38.62,94,93,292893
1.8671,0.2248,38.33,94,93,292896
1.8426,0.2102,38.52,94,93,292900
1.8524,0.2004,38.55,94,93,292903
1.8426,0.2102,38.77,94,93,292907
1.8426,0.2151,38.62,94,93,292911
1.8817,0.2102,38.43,94,93,292914
1.8573,0.2346,38.55,94,93,292917
1.8573,0.2053,38.49,94,93,292920
1.8475,0.2053,38.68,94,93,292924
1.8426,0.2151,38.62,94,93,292927
1.8671,0.2102,38.40,94,93,292930
1.8426,0.2590,38.65,94,93,292934
1.8671,0.2151,38.46,94,93,292937
1.8328,0.2053,38.71,94,93,292940
1.8671,0.2004,38.62,94,93,292944
1.8377,0.2102,38.52,94,93,292947
1.8280,0.2053,38.65,94,93,292951
1.8524,0.2151,38.46,94,93,292955
1.8182,0.2053,38.58,94,93,292958
1.8133,0.2004,38.62,94,93,292961
1.8231,0.2102,38.49,94,93,292964
1.7986,0.2248,38.62,94,93,292968
1.8475,0.2102,38.36,94,93,292971
1.8035,0.2102,38.62,94,93,292974
1.7889,0.2102,38.58,94,93,292978
1.8035,0.2102,38.62,94,93,292981
1.7889,0.2053,38.68,94,93,292984
1.8328,0.2151,38.30,94,93,292988
1.7986,0.2053,38.58,94,93,292992
1.7937,0.2004,38.55,94,93,292995
1.7937,0.2053,38.55,94,93,292999
1.7937,0.2053,38.62,94,93,293002
1.8328,0.2248,38.43,94,93,293005
1.7937,0.2151,38.52,94,93,293008
1.7889,0.2004,38.62,94,93,293012
1.7791,0.2151,38.58,94,93,293015
1.7742,0.2053,38.52,94,93,293018
1.8084,0.2346,38.49,94,93,293022
1.7889,0.2102,38.55,94,93,293025
1.7986,0.2102,38.58,94,93,293028
1.7840,0.2004,38.58,94,93,293032
1.7791,0.2004,38.62,94,93,293036
1.8133,0.2151,38.43,94,93,293039
1.7889,0.2102,38.58,94,93,293043
1.8182,0.2151,38.49,94,93,293046
1.7937,0.2004,38.58,94,93,293049
1.7986,0.2053,38.58,94,93,293052
1.8182,0.2102,38.62,94,93,293056
1.8084,0.2151,38.62,94,93,293059
1.8328,0.2004,38.46,94,93,293062
1.8133,0.2053,38.46,94,93,293066
1.8231,0.2053,38.58,94,93,293069
1.8426,0.2151,38.55,94,93,293072
1.8328,0.2053,38.62,94,93,293076
1.8768,0.2199,38.33,94,93,293080
1.8377,0.2053,38.55,94,93,293083
1.8671,0.2004,38.62,94,93,293087
1.8622,0.2102,38.55,94,92,293090
1.8671,0.2053,38.71,94,92,293095
1.8719,0.2395,38.62,94,92,293098
1.9257,0.2151,38.43,94,92,293101
1.9062,0.2004,38.55,94,92,293105
1.9306,0.2102,38.49,94,92,293108
1.9257,0.2102,38.58,94,92,293111
1.9404,0.2053,38.62,94,92,293114
1.9746,0.2151,38.52,94,92,293118
1.9599,0.2102,38.55,94,92,293122
1.9795,0.2151,38.49,94,92,293125
1.9306,0.2053,38.58,94,92,293129
1.9110,0.2053,38.49,94,92,293132
1.9013,0.2199,38.55,94,92,293135
1.8671,0.1906,38.62,94,92,293139
1.8719,0.2102,38.36,94,92,293142
1.8328,0.2004,38.62,94,92,293145
1.8231,0.2053,38.62,94,92,293148
1.8328,0.2151,38.49,94,92,293152
1.8084,0.2053,38.58,94,92,293155
1.8426,0.2151,38.33,94,92,293158
1.8133,0.2102,38.49,94,92,293163
1.7840,0.2053,38.58,94,92,293166
1.7840,0.2151,38.58,94,92,293169
1.7644,0.2053,38.58,94,92,293173
1.8133,0.2199,38.30,94,92,293176
1.7693,0.2004,38.46,94,92,293179
1.7546,0.2004,38.58,94,92,293183
1.7498,0.2102,38.62,94,92,293186
1.7400,0.2053,38.65,94,92,293189
1.7791,0.2248,38.43,94,92,293192
1.7546,0.2102,38.68,94,92,293196
1.7498,0.2102,38.58,94,92,293199
1.7400,0.2102,38.58,94,92,293202
1.7449,0.2053,38.58,94,92,293207
1.7889,0.2151,38.52,94,92,293210
1.7498,0.2102,38.62,94,92,293213
1.7693,0.2102,38.43,94,92,293217
1.7644,0.2053,38.58,94,92,293220
1.7937,0.2053,38.58,94,92,293223
1.8573,0.2053,38.43,94,92,293226
1.8817,0.2102,38.58,94,92,293230
1.9892,0.2102,38.46,94,92,293233
2.0723,0.2004,38.55,94,92,293236
2.2141,0.2053,38.62,94,92,293240
2.4194,0.2199,38.43,94,92,293243
2.6246,0.2004,38.62,94,92,293246
2.8983,0.2102,38.36,94,92,293251
3.0743,0.2151,38.52,94,92,293254
3.2014,0.2004,38.62,94,92,293257
3.2111,0.2151,38.52,94,92,293261
2.9912,0.2199,38.62,94,92,293264
2.7713,0.2102,38.33,94,92,293267
2.3851,0.2395,38.55,94,92,293270
2.1065,0.2102,38.62,94,92,293274
1.8915,0.2102,38.58,94,92,293277
1.7009,0.2151,38.58,94,92,293280
1.6080,0.2297,38.33,94,92,293284
1.4809,0.2102,38.52,94,92,293287
1.4076,0.2053,38.55,94,92,293291
1.3783,0.2102,38.62,94,92,293295
1.3587,0.2053,38.62,94,92,293298
1.3930,0.2151,38.43,94,92,293301
1.3734,0.2102,38.65,94,92,293305
1.3930,0.2053,38.49,94,92,293308
1.3978,0.2053,38.62,94,92,293311
1.4174,0.2102,38.62,94,92,293314
1.4614,0.2297,38.46,94,92,293318
1.4663,0.1906,38.55,94,92,293321
1.4956,0.2102,38.58,94,92,293324
1.4907,0.2151,38.68,94,92,293328
1.5103,0.2053,37.96,94,92,293331
1.5298,0.2102,38.55,94,92,293335
1.5347,0.2004,38.62,94,92,293339
1.5689,0.2102,38.43,94,92,293342
1.5494,0.2053,38.65,94,92,293345
1.5640,0.2053,38.58,94,92,293349
1.5836,0.2151,38.49,94,92,293352
1.5689,0.2053,38.65,94,92,293355
1.6080,0.2102,38.36,94,92,293358
1.5982,0.2102,38.52,94,92,293362
1.5934,0.2102,38.58,94,92,293365
1.6227,0.2151,38.46,94,92,293368
1.6129,0.2004,38.62,94,92,293372
1.6618,0.2151,38.30,94,92,293376
1.6373,0.2053,38.49,94,92,293379
1.6569,0.2053,38.62,94,92,293383
1.6520,0.2102,38.62,94,92,293386
1.6471,0.2053,38.65,94,92,293389
1.6960,0.2199,38.33,94,92,293392
1.6618,0.2151,38.52,94,92,293396
1.6618,0.2053,38.55,94,92,293399
1.6618,0.2102,38.58,94,92,293402
1.6716,0.2053,38.62,94,92,293406
1.7009,0.2248,38.49,94,92,293409
1.6862,0.2102,38.58,94,92,293412
1.7009,0.2053,38.49,94,92,293416
1.6911,0.2102,38.58,94,92,293420
1.6911,0.2053,38.49,94,92,293423
1.7253,0.2102,38.49,94,92,293427
1.7058,0.2102,38.58,94,92,293430
1.7302,0.2151,38.62,94,92,293433
1.7107,0.2346,38.55,94,92,293436
1.7155,0.1906,38.62,94,92,293440
1.7302,0.2102,38.52,94,92,293443
1.7302,0.2004,38.62,94,92,293446
1.7498,0.1906,38.43,94,92,293450
1.7253,0.2053,38.49,94,92,293453
1.7302,0.1955,38.62,94,92,293456
1.7498,0.2151,38.52,94,92,293460
1.7351,0.2053,38.65,94,92,293464
1.7791,0.2151,38.43,94,92,293467
1.7498,0.2053,38.58,94,92,293471
1.7644,0.2053,38.58,94,92,293474
1.7791,0.2102,38.55,94,92,293477
1.7742,0.2053,38.58,94,92,293480
1.8573,0.2248,38.30,94,92,293484
1.7986,0.2102,38.52,94,92,293487
1.7889,0.2004,38.62,94,92,293490
1.7937,0.2102,38.58,94,92,293494
1.7889,0.2053,38.65,94,92,293497
1.8475,0.2199,38.43,94,92,293500
1.8182,0.2102,38.58,94,92,293505
1.8133,0.2053,38.49,94,92,293508
1.8182,0.2102,38.62,94,92,293511
1.8133,0.2053,38.68,94,92,293515
1.8524,0.2199,38.52,94,92,293518
1.8426,0.2102,38.58,94,92,293521
1.8719,0.2102,37.83,94,92,293524
1.8573,0.2053,38.58,94,92,293528
1.8622,0.2053,38.62,94,92,293531
1.8817,0.2199,38.55,94,92,293534
1.8719,0.2102,38.58,94,92,293538
1.8964,0.2102,38.49,94,92,293541
1.8622,0.2053,38.68,94,92,293544
1.8671,0.2053,38.62,94,92,293549
1.8866,0.2151,38.52,94,92,293552
1.8622,0.2053,38.58,94,92,293555
1.8817,0.2102,38.40,94,92,293559
1.8622,0.2102,38.55,94,92,293562
1.8426,0.2053,38.62,94,92,293565
1.8573,0.2151,38.62,94,92,293568
1.8475,0.2053,38.62,94,92,293572
1.8719,0.2151,38.33,94,92,293575
1.8328,0.2004,38.52,94,92,293578
1.8231,0.2053,38.62,94,92,293582
1.8328,0.2102,38.62,94,92,293585
1.8475,0.2004,38.58,94,92,293588
1.8622,0.2248,38.36,94,92,293593
1.8231,0.2053,38.55,94,92,293596
1.8182,0.1906,38.55,94,92,293599
1.8133,0.2102,38.58,94,92,293603
1.8084,0.2053,38.62,94,92,293606
1.8426,0.2199,38.77,94,92,293609
1.8084,0.2053,38.52,94,92,293612
1.8133,0.2102,38.49,94,92,293616
1.8035,0.2053,38.62,94,92,293619
1.7986,0.2151,38.68,94,92,293622
1.8328,0.2151,38.43,94,92,293626
1.7986,0.2102,38.58,94,92,293629
1.8182,0.2102,38.46,94,92,293633
1.7937,0.2053,38.52,94,92,293637
1.7937,0.2053,38.62,94,92,293640
1.8084,0.2102,38.55,94,92,293643
1.7986,0.2102,38.62,94,92,293647
1.8231,0.2053,38.43,94,92,293650
1.7986,0.2053,38.55,94,92,293653
1.7986,0.2297,38.58,94,92,293656
1.8475,0.2102,38.49,94,92,293660
1.8035,0.2053,38.62,94,92,293663
1.8377,0.2102,38.33,94,92,293666
1.8035,0.1906,38.58,94,92,293670
1.8133,0.2053,38.58,94,92,293673
1.8524,0.2151,38.55,94,92,293677
1.8328,0.2053,38.62,94,92,293681
1.8866,0.2248,38.30,94,92,293684
1.8573,0.2151,38.52,94,92,293687
1.8328,0.2053,38.65,94,92,293691
1.8573,0.2151,38.58,94,92,293694
1.8426,0.2053,38.62,94,92,293697
1.9013,0.2297,38.24,94,92,293700
1.8768,0.2151,38.52,94,92,293705
1.8671,0.2102,38.58,94,92,293708
1.8964,0.2151,38.49,94,92,293712
1.8719,0.2102,38.58,94,92,293715
1.8768,0.2053,38.58,94,92,293719
1.8915,0.2102,38.62,94,92,293723
1.8915,0.2102,38.55,94,92,293726
1.9355,0.2053,38.43,94,92,293729
1.9013,0.2053,38.65,94,92,293733
1.9110,0.2151,38.62,94,92,293736
1.9453,0.2151,38.52,94,92,293739
1.9355,0.2004,38.58,94,92,293743
1.9892,0.2102,38.36,94,92,293746
1.9697,0.2151,38.52,94,92,293749
1.9648,0.2053,38.58,94,92,293752
1.9501,0.2151,38.55,94,92,293756
1.9159,0.2395,38.62,94,92,293760
1.9501,0.2151,38.30,94,92,293763
1.8817,0.2151,38.55,94,92,293767
1.8573,0.2004,38.62,94,92,293770
1.8377,0.2102,38.58,94,92,293773
1.8182,0.2102,38.62,94,92,293777
1.8573,0.2248,38.46,94,92,293780
1.8133,0.2102,38.58,94,92,293783
1.8035,0.2151,38.52,94,92,293787
1.7840,0.2102,38.62,94,92,293790
1.7742,0.2102,38.68,94,92,293793
1.7889,0.1906,38.49,94,92,293796
1.7644,0.2102,38.62,94,92,293800
1.7742,0.2102,38.43,94,92,293804
1.7546,0.2102,38.65,94,92,293807
1.7546,0.2102,38.58,94,92,293811
1.8133,0.2102,38.46,94,92,293814
1.7595,0.2102,38.62,94,92,293817
1.7986,0.2102,38.46,94,92,293821
1.7546,0.2053,38.52,94,92,293824
1.7595,0.2053,38.58,94,92,293827
1.7791,0.2102,38.49,94,92,293831
1.7644,0.2102,38.71,94,92,293834
1.7937,0.2053,38.40,94,92,293837
1.7693,0.2102,38.55,94,92,293840
1.7546,0.2053,38.62,94,92,293844
1.7889,0.2395,38.49,94,92,293848
1.7791,0.2004,38.62,94,92,293851
1.8524,0.2151,38.36,94,92,293855
1.8622,0.2004,38.55,94,92,293858
1.9110,0.2053,38.62,94,92,293861
2.0039,0.2151,38.52,94,92,293865
2.1310,0.2102,38.62,94,92,293868
2.3314,0.2297,38.36,94,92,293871
2.4780,0.2199,38.55,94,92,293875
2.6931,0.2053,38.55,94,92,293878
2.9228,0.2102,38.65,94,92,293881
3.1281,0.2102,38.58,94,92,293884
3.2747,0.2199,38.46,94,92,293889
3.1623,0.2053,38.55,94,92,293892
2.9472,0.2102,38.52,94,92,293895
2.6344,0.2102,38.55,94,92,293899
2.3363,0.2102,38.58,94,92,293902
2.1114,0.2151,38.46,94,92,293905
1.8768,0.2102,38.55,94,92,293909
1.7400,0.2151,38.46,94,92,293912
1.5689,0.2102,38.62,94,92,293915
1.5054,0.2102,38.58,94,92,293919
1.4516,0.2102,38.52,94,92,293922
1.4125,0.2102,38.68,94,92,293925
1.4125,0.2053,38.46,94,92,293928
1.3832,0.2053,38.58,94,92,293933
1.3930,0.2102,38.65,94,92,293936
1.4272,0.2102,38.55,94,92,293939
1.4321,0.2102,38.68,94,92,293943
1.4712,0.2053,38.36,94,92,293946
1.4663,0.2102,38.55,94,92,293949
1.4663,0.2053,38.55,94,92,293953
1.4907,0.2151,38.58,94,92,293956
1.5005,0.2053,38.62,94,92,293959
1.5543,0.2151,38.36,94,92,293963
1.5298,0.2102,38.52,94,92,293966
1.5445,0.2053,38.62,94,92,293969
1.5591,0.2151,38.58,94,92,293972
1.5640,0.2102,38.65,94,92,293977
1.6227,0.2248,38.36,94,92,293980
1.5885,0.2102,38.55,94,92,293983
1.5885,0.2053,38.52,94,92,293987
1.5934,0.2102,38.68,94,92,293990
1.5982,0.2053,38.58,94,92,293993
1.6471,0.2248,38.55,94,92,293997
1.6325,0.2102,38.58,94,92,294000
1.6618,0.2102,38.49,94,92,294003
1.6520,0.2004,38.62,94,92,294007
1.6618,0.2053,38.62,94,92,294010
1.6960,0.2199,38.43,94,92,294013
1.6764,0.2102,38.58,94,92,294017
1.7009,0.2151,38.49,94,92,294021
1.6716,0.2053,38.62,94,92,294024
1.6716,0.2053,38.62,94,92,294027
1.6960,0.2493,38.49,94,92,294031
1.6862,0.2004,38.62,94,92,294034
1.7204,0.2102,38.43,94,92,294037
1.6960,0.2102,38.58,94,92,294041
1.7009,0.2053,38.62,94,92,294044
1.7204,0.2199,38.52,94,92,294047
1.7009,0.2053,38.62,94,92,294050
1.7302,0.2151,38.36,94,92,294054
1.6911,0.2053,38.58,94,92,294057
1.6911,0.2053,38.71,94,92,294061
1.7058,0.2151,38.55,94,92,294065
1.7009,0.2053,38.52,94,92,294068
1.7498,0.2199,38.33,94,92,294071
1.7155,0.1906,38.52,94,92,294075
1.7155,0.2004,38.65,94,92,294078
1.7253,0.2151,38.58,94,92,294081
1.7351,0.1906,38.62,94,92,294085
1.7889,0.2199,38.33,94,92,294088
1.7644,0.1906,38.52,94,92,294091
1.7595,0.2053,38.52,94,92,294094
1.7498,0.2102,38.02,94,92,294098
1.7546,0.2004,38.58,94,92,294102
1.8133,0.2102,38.49,94,92,294105
1.7840,0.2102,38.55,94,92,294109
1.8084,0.2151,38.46,94,92,294112
1.7889,0.1906,38.62,94,92,294115
1.7937,0.2199,38.62,94,92,294119
1.8084,0.2102,38.52,94,92,294122
1.7986,0.2102,38.62,94,92,294125
1.8182,0.2151,38.49,94,92,294129
1.7840,0.2102,38.18,94,92,294132
1.7840,0.2053,38.65,94,92,294135
1.8133,0.2151,38.58,94,92,294138
1.8035,0.2102,38.58,94,92,294142
1.8377,0.2151,38.40,94,92,294146
1.8328,0.2102,38.52,94,92,294149
1.8328,0.2053,38.62,94,92,294153
1.8671,0.2199,38.55,94,92,294156
1.8573,0.2102,38.65,94,92,294159
1.9159,0.2151,38.33,94,92,294163
1.8866,0.2053,38.52,94,92,294166
1.8866,0.2102,38.62,94,92,294169
1.8915,0.2102,38.55,94,92,294173
1.8671,0.2053,38.71,94,92,294176
1.9062,0.2297,38.36,94,92,294179
1.8622,0.2102,38.55,94,92,294182
1.8622,0.2004,38.62,94,92,294187
1.8768,0.2102,38.62,94,92,294190
1.8719,0.2053,38.71,94,92,294193
1.9013,0.2248,38.55,94,92,294197
1.8671,0.2102,38.55,94,92,294200
1.8524,0.2102,38.49,94,92,294203
1.8280,0.2102,38.62,94,92,294207
1.8231,0.2053,38.52,94,92,294210
1.8475,0.2151,38.43,94,92,294213
1.8133,0.2102,38.49,94,92,294217
1.8328,0.2199,38.52,94,92,294220
1.8133,0.2053,38.55,94,92,294223
1.8280,0.2053,38.58,94,92,294226
1.8524,0.2102,38.49,94,92,294231
1.8328,0.2102,38.62,94,92,294234
1.8622,0.2102,38.46,94,92,294237
1.8231,0.2053,38.55,94,92,294241
1.8182,0.2102,38.62,94,92,294244
1.8377,0.2102,38.49,94,92,294247
1.8084,0.2102,38.62,94,92,294251
1.8426,0.2151,38.36,94,92,294254
1.8084,0.2053,38.55,94,92,294257
1.7986,0.2053,38.58,94,92,294261
1.8133,0.2151,38.52,94,92,294264
1.7986,0.2102,38.43,94,92,294267
1.8426,0.2248,38.30,94,92,294272
1.7986,0.2102,38.49,94,92,294275
1.7791,0.2053,38.62,94,92,294278
1.7840,0.2102,38.58,94,92,294281
1.7937,0.2053,38.68,94,92,294285
1.8573,0.2248,38.40,94,92,294288
1.8328,0.2151,38.55,94,92,294291
1.8280,0.2053,38.49,94,92,294295
1.8231,0.2151,38.58,94,92,294298
1.8231,0.2053,38.62,94,92,294301
1.8524,0.2248,38.49,94,92,294305
1.8328,0.2102,38.58,94,92,294308
1.8524,0.2102,38.52,94,92,294311
1.8377,0.2151,38.62,94,92,294316
1.8426,0.2053,38.58,94,92,294320
1.8524,0.2053,38.62,94,92,294324
1.8719,0.2297,38.46,94,92,294327
1.8426,0.2102,38.58,94,92,294330
1.8866,0.2151,38.36,94,92,294333
1.8671,0.2151,38.49,94,92,294337
1.8524,0.2053,38.58,94,92,294340
1.8817,0.2199,38.55,94,92,294343
1.8866,0.2102,38.62,94,92,294347
1.9550,0.2199,38.33,94,92,294350
1.9306,0.2102,38.46,94,92,294353
1.9257,0.2053,38.68,94,92,294358
1.9257,0.2199,38.62,94,92,294361
1.9257,0.2102,38.58,94,92,294364
1.9746,0.2248,38.46,94,92,294368
1.9599,0.2151,38.55,94,92,294371
1.9746,0.2053,38.49,94,92,294374
1.9697,0.2151,38.55,94,92,294377
1.9599,0.2102,38.68,94,92,294381
1.9648,0.2151,38.55,94,92,294384
1.9257,0.2102,38.55,94,92,294387
1.9257,0.2102,38.46,94,92,294391
1.8866,0.2004,38.58,94,92,294394
1.8719,0.2053,38.62,94,92,294397
1.8866,0.2199,38.49,94,92,294402
1.8475,0.2102,38.65,94,92,294405
1.8719,0.2053,38.40,94,92,294408
1.8475,0.2102,38.52,94,92,294412
1.8426,0.2053,38.62,94,92,294415
1.8426,0.2199,38.49,94,92,294418
1.8035,0.2102,38.62,94,92,294422
1.8231,0.2151,38.36,94,92,294425
1.7889,0.2151,38.58,94,92,294428
1.7840,0.2053,38.62,94,92,294431
1.7889,0.2151,38.58,94,92,294435
1.7986,0.2102,38.68,94,92,294438
1.8084,0.2199,38.30,94,92,294441
1.7742,0.2346,38.52,94,92,294446
1.7937,0.2004,38.62,94,92,294449
1.7937,0.2102,38.62,94,92,294452
1.7840,0.2053,38.62,94,92,294456
1.8377,0.2297,38.43,94,92,294459
1.8035,0.2151,38.52,94,92,294462
1.7937,0.2102,38.52,94,92,294465
1.7937,0.2102,38.58,94,92,294469
1.7937,0.2053,38.62,94,92,294472
1.8475,0.2248,38.43,94,92,294475
1.8377,0.2102,38.49,94,92,294479
1.8719,0.2346,38.46,94,92,294482
1.9110,0.2102,38.58,94,92,294486
1.9795,0.2053,38.62,94,92,294490
2.1163,0.2151,38.52,94,92,294493
2.2483,0.2102,38.62,94,92,294496
2.4780,0.2151,38.62,94,92,294500
2.6735,0.2053,38.68,94,92,294503
2.9179,0.2053,38.62,94,92,294506
3.1525,0.2102,38.43,94,92,294509
3.2698,0.2542,38.65,94,92,294513
3.2893,0.2102,38.46,94,92,294516
3.0547,0.2053,38.62,94,92,294519
2.7468,0.2151,38.68,94,92,294523
2.4487,0.2151,38.52,94,92,294526
2.1310,0.2297,38.62,94,92,294530
1.9208,0.2151,38.36,94,92,294534
1.7107,0.2151,38.58,94,92,294537
1.5494,0.2053,38.62,94,92,294540
1.4614,0.2151,38.84,94,92,294544
1.4223,0.2004,38.58,94,92,294547
1.4027,0.2199,38.36,94,92,294550
1.3636,0.2053,38.55,94,92,294553
1.3978,0.1955,38.55,94,92,294557
1.3783,0.2102,38.65,94,92,294560
1.3978,0.2004,38.65,94,92,294563
1.4761,0.2248,38.43,94,92,294567
1.4761,0.2102,38.52,94,92,294571
1.4907,0.2004,38.49,94,92,294574
1.4907,0.2102,38.65,94,92,294578
1.5005,0.2053,38.65,94,92,294581
1.5396,0.2199,38.49,94,92,294584
1.5445,0.2102,38.58,94,92,294588
1.5640,0.2102,38.52,94,92,294591
1.5591,0.2102,38.65,94,92,294594
1.5787,0.2053,38.58,94,92,294597
1.6227,0.2199,38.71,94,92,294601
1.6471,0.2102,38.58,94,92,294604
1.6716,0.2151,38.49,94,92,294607
1.6471,0.2053,38.58,94,92,294611
1.6569,0.2053,38.62,94,92,294615
1.6667,0.2151,38.46,94,92,294618
1.6569,0.2151,38.58,94,92,294622
1.6813,0.2151,38.43,94,92,294625
1.6422,0.2102,38.58,94,92,294628
1.6422,0.2102,38.62,94,92,294632
1.6520,0.2151,38.49,94,92,294635
1.6422,0.2102,38.65,94,92,294638
1.7009,0.1906,38.33,94,92,294641
1.6813,0.2053,38.55,94,92,294645
1.6960,0.2004,38.58,94,92,294648
1.7107,0.2102,38.58,94,92,294651
1.7058,0.2248,38.62,94,92,294656
1.7498,0.2297,38.36,94,92,294659
1.7058,0.2102,38.52,94,92,294662
1.6911,0.1955,38.55,94,92,294666
1.6960,0.2102,38.58,94,92,294669
1.6911,0.2102,38.58,94,92,294672
1.7351,0.2248,38.40,94,92,294675
1.7107,0.2151,38.55,94,92,294679
1.7204,0.2102,38.49,94,92,294682
1.7351,0.2004,38.62,94,92,294685
1.7253,0.1906,38.62,94,92,294689
1.7546,0.2199,38.55,94,92,294692
1.7400,0.2004,38.58,94,92,294695
1.7693,0.2151,38.49,94,92,294700
1.7546,0.2102,38.55,94,92,294703
1.7546,0.2053,38.65,94,92,294706
1.7644,0.2102,38.52,94,92,294710
1.7546,0.2004,38.62,94,92,294713
1.8035,0.2004,38.49,94,92,294716
1.8035,0.2102,38.62,94,92,294719
1.8035,0.2102,38.62,94,92,294723
1.8280,0.2151,38.52,94,92,294726
1.8084,0.2102,38.46,94,92,294729
1.8573,0.2102,38.40,94,92,294733
1.8377,0.2102,38.49,94,92,294736
1.8231,0.2053,38.62,94,92,294739
1.8377,0.1906,38.52,94,92,294744
1.8133,0.2151,38.62,94,92,294747
1.8475,0.2151,37.96,94,92,294750
1.8231,0.2053,38.52,94,92,294754
1.8231,0.2102,38.62,94,92,294757
1.8231,0.2151,38.55,94,92,294760
1.8133,0.2102,38.62,94,92,294763
1.8817,0.2297,38.33,94,92,294767
1.8622,0.2102,38.55,94,92,294770
1.8768,0.2053,38.55,94,92,294773
1.8768,0.2151,38.58,94,92,294777
1.8817,0.2102,38.58,94,92,294780
1.9257,0.2248,38.49,94,92,294784
1.9110,0.2102,38.55,94,92,294788
1.9208,0.2102,38.49,94,92,294791
1.9159,0.2151,38.58,94,92,294794
1.9208,0.2053,38.62,94,92,294798
1.9404,0.2199,38.49,94,92,294801
1.8915,0.1906,38.58,94,92,294804
1.9013,0.2151,38.46,94,92,294807
1.8719,0.2102,38.58,94,92,294811
1.8915,0.2004,38.58,94,92,294814
1.8915,0.2102,37.71,94,92,294817
1.8768,0.2444,38.68,94,92,294821
1.9062,0.2053,38.46,94,92,294824
1.8768,0.2053,37.90,94,92,294828
1.8622,0.1955,38.58,94,92,294832
1.8671,0.2102,38.49,94,92,294835
1.8573,0.2102,38.62,94,92,294838
1.8964,0.2151,38.33,94,92,294841
1.8524,0.2053,38.58,94,92,294845
1.8622,0.2102,38.58,94,92,294848
1.8866,0.2151,38.55,94,92,294851
1.8671,0.2102,38.55,94,92,294855
1.9257,0.2199,38.30,94,92,294858
1.8475,0.2102,38.58,94,92,294861
1.8231,0.2199,38.58,94,92,294865
1.8280,0.2102,38.65,94,92,294868
1.8182,0.2102,38.65,94,92,294872
1.8719,0.2199,38.40,94,92,294876
1.8377,0.2151,38.62,94,92,294879
1.8182,0.2248,38.52,94,92,294882
1.8084,0.1906,38.62,94,92,294885
1.8133,0.2102,38.58,94,92,294889
1.8524,0.2151,38.49,94,92,294892
1.8426,0.1906,38.58,94,92,294895
1.8671,0.2102,38.49,94,92,294899
1.8475,0.2102,38.52,94,92,294902
1.8377,0.2102,38.62,94,92,294905
1.8475,0.2151,38.68,94,92,294909
1.8231,0.2444,38.62,94,92,294913
1.8426,0.2151,38.49,94,92,294916
1.8084,0.2004,38.62,94,92,294920
1.8182,0.2102,38.62,94,92,294923
1.8524,0.2151,38.46,94,92,294926
1.8622,0.2248,38.55,94,92,294931
1.8622,0.2102,38.58,94,92,294934
1.9159,0.2199,38.33,94,92,294938
1.8768,0.2102,38.49,94,92,294941
1.8622,0.2053,38.58,94,92,294944
1.8719,0.2151,38.55,94,92,294947
1.8671,0.2102,38.65,94,92,294951
1.9306,0.2248,38.55,94,92,294955
1.8964,0.2199,38.55,94,92,294958
1.8915,0.1906,38.52,94,92,294962
1.8768,0.2102,38.58,94,92,294965
1.8817,0.2053,38.68,94,92,294968
1.9013,0.2199,38.46,94,92,294972
1.8768,0.2102,38.55,94,92,294975
1.8964,0.2151,38.46,94,92,294978
1.8915,0.2102,38.58,94,92,294982
1.9550,0.2004,38.58,94,92,294985
1.9795,0.2199,38.46,94,92,294988
1.9599,0.2444,38.62,94,92,294991
1.9892,0.2151,38.46,94,92,294995
1.9697,0.2053,37.74,94,92,294999
1.9795,0.2395,38.62,94,92,295002
1.9892,0.2151,38.49,94,92,295006
1.9453,0.2053,38.62,94,92,295009
1.9404,0.2199,38.36,94,92,295012
1.8817,0.2102,38.84,94,92,295016
1.8573,0.2151,38.58,94,92,295019
1.8622,0.2151,38.52,94,92,295022
1.8280,0.2395,38.62,94,92,295026
1.8622,0.2102,38.33,94,92,295029
1.8231,0.2053,38.52,94,92,295032
1.8328,0.2053,38.62,94,92,295035
1.8231,0.2102,38.58,94,92,295040
1.7986,0.2248,38.58,94,92,295043
1.8426,0.2297,38.40,94,92,295046
1.7986,0.2151,38.81,94,92,295050
1.7840,0.2151,38.52,94,92,295053
1.7889,0.2102,38.46,94,92,295056
1.7840,0.2053,38.68,94,92,295060
1.8280,0.2199,38.43,94,92,295063
1.7889,0.2102,38.62,94,92,295066
1.7937,0.2151,38.49,94,92,295070
1.7742,0.2102,38.68,94,92,295073
1.7693,0.2053,38.62,94,92,295076
1.7986,0.2151,38.49,94,92,295079
1.7742,0.2151,38.62,94,92,295084
1.7986,0.2102,38.55,94,92,295087
1.7840,0.2102,38.49,94,92,295090
1.7986,0.2102,38.62,94,92,295094
1.8328,0.2102,38.49,94,92,295097
1.8426,0.2102,38.52,94,92,295100
1.8964,0.2102,38.46,94,92,295104
1.9208,0.2102,38.52,94,92,295107
1.9941,0.2053,38.58,94,92,295110
2.1261,0.1906,38.55,94,92,295114
2.2630,0.2151,38.62,94,92,295117
2.5220,0.2151,38.40,94,92,295120
2.7322,0.2151,38.52,94,92,295123
2.9570,0.2102,38.62,94,92,295128
3.2160,0.2151,38.55,94,92,295131
3.3040,0.2102,38.55,94,92,295134
3.3480,0.2248,38.30,94,92,295138
3.0645,0.2102,38.49,94,92,295141
2.7224,0.2053,38.62,94,92,295144
2.3851,0.2395,38.55,94,92,295148
2.0821,0.2151,38.62,94,92,295151
1.8915,0.2297,38.40,94,92,295154
1.6569,0.2199,38.52,94,92,295158
1.5054,0.2053,38.52,94,92,295161
1.4027,0.2102,38.58,94,92,295164
1.3392,0.2102,38.52,94,92,295168
1.3245,0.2102,38.49,94,92,295172
1.2952,0.2102,38.62,94,92,295175
1.3099,0.2102,38.46,94,92,295178
1.3196,0.2102,38.62,94,92,295182
1.3441,0.2102,38.62,94,92,295185
1.4027,0.2248,38.43,94,92,295188
1.3930,0.2102,38.58,94,92,295192
1.4272,0.2102,38.55,94,92,295195
1.4125,0.1906,38.55,94,92,295198
1.4418,0.2053,38.62,94,92,295201
1.4614,0.2151,38.46,94,92,295205
1.4712,0.2102,38.62,94,92,295208
1.5054,0.2151,38.43,94,92,295212
1.4956,0.2151,38.55,94,92,295216
1.5103,0.2102,38.65,94,92,295219
1.5445,0.2102,38.55,94,92,295222
1.5445,0.2053,38.62,94,92,295226
1.5982,0.2151,38.33,94,92,295229
1.5738,0.1906,38.55,94,92,295232
1.5787,0.2053,38.62,94,92,295236
1.5934,0.2053,38.62,94,92,295239
1.5982,0.2102,38.62,94,92,295242
1.6520,0.2297,38.33,94,92,295246
1.6373,0.2151,38.55,94,92,295249
1.6276,0.2053,38.55,94,92,295252
1.6471,0.2151,38.55,94,92,295256
1.6422,0.2053,38.58,94,92,295260
1.6862,0.2248,38.36,94,92,295263
1.6667,0.2151,38.55,94,92,295266
1.6618,0.2102,38.65,94,92,295270
1.6520,0.2248,38.58,94,92,295273
1.6520,0.2151,38.62,94,92,295276
1.6911,0.2199,38.43,94,92,295280
1.6764,0.2151,38.58,94,92,295283
1.7009,0.2102,38.46,94,92,295286
1.6764,0.2053,38.65,94,92,295290
1.7107,0.2151,38.62,94,92,295293
1.6911,0.2102,38.52,94,92,295297
1.6813,0.2151,38.58,94,92,295300
1.7058,0.2102,38.43,94,92,295304
1.6716,0.2102,38.58,94,92,295307
1.6813,0.1906,38.62,94,92,295310
1.6960,0.2151,38.55,94,92,295314
1.6911,0.2151,38.58,94,92,295317
1.7351,0.2151,38.36,94,92,295320
1.7204,0.2151,38.55,94,92,295324
1.7155,0.2102,38.62,94,92,295327
1.7302,0.2199,38.55,94,92,295330
1.7107,0.2102,38.62,94,92,295334
1.7644,0.2199,38.30,94,92,295337
1.7400,0.2102,38.49,94,92,295341
1.7302,0.2053,38.62,94,92,295344
1.7400,0.2102,38.55,94,92,295348
1.7351,0.2102,38.71,94,92,295351
1.7840,0.2102,38.40,94,92,295354
1.7498,0.2151,38.55,94,92,295358
1.7644,0.2004,38.52,94,92,295361
1.7498,0.2102,38.58,94,92,295364
1.7498,0.2444,38.58,94,92,295368
1.7840,0.2199,38.49,94,92,295371
1.7546,0.2102,38.58,94,92,295374
1.7889,0.2102,37.83,94,92,295378
1.7791,0.1906,38.58,94,92,295382
1.7937,0.2102,38.49,94,92,295385
1.8377,0.2248,38.46,94,92,295388
1.8133,0.2102,38.65,94,92,295392
1.8475,0.2493,38.49,94,92,295395
1.8280,0.2053,38.55,94,92,295398
1.8377,0.2102,38.81,94,92,295402
1.8622,0.2151,38.46,94,92,295405
1.8475,0.2102,38.62,94,92,295408
1.8768,0.2102,38.40,94,92,295412
1.8573,0.2151,38.55,94,92,295415
1.8622,0.2102,38.71,94,92,295418
1.8768,0.2248,38.55,94,92,295422
1.8622,0.2102,38.62,94,92,295426
1.8964,0.2151,38.40,94,92,295429
1.8671,0.2102,38.55,94,92,295432
1.8475,0.2102,38.71,94,92,295436
1.8524,0.2053,38.52,94,92,295439
1.8426,0.2102,38.62,94,92,295442
1.8964,0.2297,38.33,94,92,295446
1.8573,0.2151,38.49,94,92,295449
1.8426,0.2053,38.55,94,92,295452
1.8426,0.2151,38.58,94,92,295456
1.8328,0.2102,38.68,94,92,295459
1.8719,0.2151,38.40,94,92,295462
1.8426,0.2151,38.58,94,92,295467
1.8377,0.2102,38.46,94,92,295470
1.8231,0.2102,38.62,94,92,295473
1.8182,0.2102,38.62,94,92,295476
1.8377,0.2151,38.49,94,92,295480
1.8133,0.2102,38.58,94,92,295483
1.8280,0.2151,38.46,94,92,295486
1.8035,0.1906,38.58,94,92,295490
1.7937,0.2102,38.62,94,92,295493
1.7937,0.2053,38.52,94,92,295496
1.7840,0.2102,38.58,94,92,295500
1.7986,0.2102,38.46,94,92,295503
1.7595,0.2102,38.58,94,92,295506
1.7644,0.2102,38.62,94,92,295511
1.7840,0.2444,38.52,94,92,295514
1.7644,0.1906,38.62,94,92,295517
1.7986,0.2151,38.40,94,92,295520
1.7840,0.2102,38.46,94,92,295524
1.7742,0.2102,38.62,94,92,295527
1.8035,0.2199,38.68,94,92,295530
1.7937,0.2199,38.58,94,92,295534
1.8475,0.2102,38.33,94,92,295537
1.8768,0.2199,38.46,94,92,295542
1.8475,0.2151,38.55,94,92,295545
1.8622,0.2151,38.49,94,92,295548
1.8524,0.2102,38.58,94,92,295553
1.8573,0.2199,38.62,94,92,295556
1.8866,0.2199,38.58,94,92,295559
1.8768,0.2102,38.58,94,92,295563
1.9306,0.2199,38.46,94,92,295566
1.8866,0.2102,38.58,94,92,295569
1.8915,0.2151,38.68,94,92,295573
1.9159,0.2199,38.46,94,92,295576
1.8915,0.2151,38.62,94,92,295579
1.9208,0.2102,38.43,94,92,295582
1.9062,0.2102,38.46,94,92,295586
1.9062,0.2590,38.68,94,92,295589
1.9306,0.2199,38.49,94,92,295592
1.9110,0.2248,38.62,94,92,295597
1.9844,0.2248,38.36,94,92,295600
1.9355,0.2151,38.49,94,92,295603
1.9355,0.2102,38.62,94,92,295607
1.9599,0.2151,38.68,94,92,295610
1.9599,0.2248,38.62,94,92,295613
2.0137,0.2102,38.33,94,92,295617
1.9697,0.2102,38.55,94,92,295620
1.9941,0.2004,38.58,94,92,295623
1.9599,0.2199,38.58,94,92,295626
1.9453,0.2493,38.62,94,92,295630
1.9746,0.2248,38.43,94,92,295633
1.9110,0.2151,38.62,94,92,295636
1.8768,0.2151,38.49,94,92,295641
1.8475,0.2199,38.58,94,92,295644
1.8328,0.2395,38.58,94,92,295647
1.8524,0.2199,38.46,94,92,295651
1.8182,0.2151,38.58,94,92,295654
1.8280,0.2151,38.43,94,92,295657
1.7889,0.2102,38.65,94,92,295661
1.7693,0.2053,38.62,94,92,295664
1.7791,0.2151,38.49,94,92,295667
1.7498,0.2102,38.58,94,92,295670
1.7693,0.2151,38.46,94,92,295674
1.7351,0.2102,38.62,94,92,295677
1.7351,0.2151,38.68,94,92,295681
1.7498,0.2151,38.49,94,92,295685
1.7351,0.2395,38.58,94,92,295688
1.7791,0.2102,38.40,94,92,295691
1.7449,0.2151,38.58,94,92,295695
1.7498,0.2151,38.58,94,92,295698
1.7693,0.2199,38.84,94,92,295701
1.7644,0.2102,38.62,94,92,295705
1.8084,0.2199,38.33,94,92,295708
1.7791,0.2346,38.49,94,92,295711
1.7644,0.2053,38.68,94,92,295715
1.7840,0.2151,38.58,94,92,295718
1.7889,0.2102,38.65,94,92,295721
1.8817,0.2102,38.40,94,92,295725
1.8866,0.2199,38.58,94,92,295729
1.9404,0.2493,38.55,94,92,295732
2.0283,0.2151,38.65,94,92,295735
2.1457,0.2102,38.65,94,92,295739
2.3460,0.2248,38.46,94,92,295742
2.5122,0.2151,38.58,94,92,295745
2.7566,0.2102,38.46,94,92,295749
2.9668,0.2102,38.58,94,92,295752
3.1720,0.2102,38.71,94,92,295755
3.2991,0.2199,38.55,94,92,295758
3.2111,0.2151,38.55,94,92,295762
3.0108,0.2199,38.55,94,92,295766
2.6540,0.2004,38.62,94,92,295769
2.3558,0.2102,38.62,94,92,295773
2.1212,0.2199,38.21,94,92,295776
1.8817,0.2151,38.58,94,92,295779
1.7253,0.2102,38.52,94,92,295783
1.5836,0.2590,38.49,94,92,295786
1.4956,0.2102,38.58,94,92,295789
1.4565,0.2151,38.46,94,92,295793
1.4125,0.2102,38.62,94,92,295796
1.4321,0.2151,38.43,94,92,295799
1.4174,0.2102,38.52,94,92,295803
1.4174,0.2102,38.58,94,92,295806
1.4467,0.2199,38.55,94,92,295810
1.4956,0.2102,38.62,94,92,295813
1.5152,0.2199,38.30,94,92,295817
1.4956,0.2151,38.55,94,92,295820
1.5103,0.2053,38.58,94,92,295823
1.5298,0.2102,38.77,94,92,295827
1.5494,0.2199,38.62,94,92,295830
1.6080,0.2248,38.43,94,92,295833
1.5885,0.2151,38.52,94,92,295837
1.5934,0.2053,38.52,94,92,295840
1.5982,0.2102,38.62,94,92,295843
1.6178,0.2102,38.65,94,92,295847
1.6520,0.2199,38.43,94,92,295851
1.6325,0.2199,38.58,94,92,295854
1.6716,0.2102,38.46,94,92,295857
1.6373,0.2102,38.58,94,92,295861
1.6471,0.2199,38.62,94,92,295864
1.6764,0.2151,38.52,94,92,295867
1.6667,0.2102,38.65,94,92,295871
1.7058,0.2151,38.46,94,92,295874
1.6764,0.2102,38.58,94,92,295877
1.6813,0.2053,38.62,94,92,295881
1.7009,0.2151,38.49,94,92,295884
1.6911,0.2102,38.21,94,92,295887
1.7253,0.2151,38.40,94,92,295891
1.7009,0.2102,38.52,94,92,295895
1.7107,0.2395,38.62,94,92,295898
1.7302,0.2151,38.55,94,92,295901
1.7253,0.2004,38.62,94,92,295905
1.7791,0.2199,38.33,94,92,295908
1.7546,0.2151,38.52,94,92,295911
1.7449,0.2004,38.58,94,92,295915
1.7546,0.2151,38.62,94,92,295918
1.7449,0.2053,38.68,94,92,295921
1.8035,0.2297,38.43,94,92,295925
1.7693,0.2199,38.55,94,92,295928
1.7693,0.1906,38.58,94,92,295931
1.7742,0.2102,38.58,94,92,295936
1.7742,0.2102,38.58,94,92,295939
1.8328,0.2248,38.43,94,92,295942
1.7840,0.2151,38.49,94,92,295945
1.7986,0.2346,38.55,94,92,295949
1.7840,0.2102,38.62,94,92,295952
1.7937,0.2102,38.62,94,92,295955
1.8133,0.2102,38.55,94,92,295959
1.8035,0.2151,38.71,94,92,295962
1.8280,0.2248,38.49,94,92,295965
1.8035,0.2102,38.62,94,92,295969
1.8084,0.2102,38.58,94,92,295972
1.8328,0.2248,38.43,94,92,295975
1.8133,0.2102,38.52,94,92,295980
1.8377,0.2053,38.40,94,92,295983
1.8280,0.2102,38.49,94,92,295986
1.8231,0.2102,38.62,94,92,295989
1.8475,0.2199,38.49,94,92,295993
1.8231,0.2151,38.62,94,92,295996
1.8719,0.2151,38.33,94,92,295999
1.8426,0.2102,38.55,94,92,296003
1.8475,0.2102,38.55,94,92,296006
1.8671,0.2444,38.55,94,92,296009
1.8671,0.2102,38.62,94,92,296013
1.9306,0.2248,38.27,94,92,296016
1.9257,0.2102,38.49,94,92,296019
1.9013,0.2053,38.58,94,92,296024
1.9110,0.2151,38.62,94,92,296027
1.9159,0.2102,38.58,94,92,296030
1.9746,0.2297,38.55,94,92,296033
1.9453,0.2199,38.55,94,92,296037
1.9501,0.2102,38.49,94,92,296040
1.9404,0.2151,38.58,94,92,296043
1.9453,0.2151,38.62,94,92,296047
1.9795,0.2199,38.65,94,92,296050
1.9501,0.2151,38.58,94,92,296053
1.9697,0.2151,38.46,94,92,296057
1.9453,0.2102,38.62,94,92,296060
1.9550,0.2151,38.62,94,92,296064
1.9795,0.2151,38.49,94,92,296068
1.9599,0.2151,38.58,94,92,296071
1.9941,0.2102,38.58,94,92,296074
1.9599,0.2395,38.55,94,92,296077
1.9599,0.2102,38.62,94,92,296081
1.9795,0.2151,38.52,94,92,296084
1.9550,0.2151,38.62,94,92,296087
1.9941,0.2151,38.40,94,92,296091
1.9648,0.2004,38.58,94,92,296094
1.9355,0.2151,38.62,94,92,296097
1.9501,0.2199,38.55,94,92,296101
1.9306,0.2102,38.62,94,92,296104
1.9795,0.2248,38.43,94,92,296108
1.9404,0.2151,38.49,94,92,296112
1.9208,0.1906,38.65,94,92,296115
1.9159,0.2297,38.58,94,92,296118
1.9062,0.2102,38.62,94,92,296122
1.9599,0.2297,38.40,94,92,296125
1.9208,0.2297,38.52,94,92,296128
1.9159,0.2102,38.52,94,92,296131
1.9110,0.2102,38.58,94,92,296135
1.9062,0.2102,38.02,94,92,296138
1.9453,0.2199,38.49,94,92,296141
1.9159,0.2151,38.55,94,92,296145
1.9208,0.2102,38.62,94,92,296148
1.9013,0.2151,38.58,94,92,296152
1.8964,0.2004,38.62,94,92,296157
1.9159,0.2102,38.58,94,92,296160
1.9404,0.2199,38.49,94,92,296164
1.9159,0.2004,38.58,94,92,296167
1.9550,0.2151,38.40,94,92,296170
1.9453,0.2102,38.62,94,92,296173
1.9501,0.2151,38.68,94,92,296177
1.9501,0.2199,38.55,94,92,296180
1.9355,0.2346,38.58,94,92,296183
1.9892,0.2199,38.43,94,92,296187
1.9453,0.2102,38.74,94,92,296190
1.9404,0.2053,38.62,94,92,296194
1.9501,0.2102,38.55,94,92,296198
1.9453,0.2102,38.71,94,92,296201
1.9990,0.2297,38.36,94,92,296204
1.9599,0.2151,38.52,94,92,296208
1.9599,0.2151,38.55,94,92,296211
1.9648,0.2102,38.58,94,92,296214
1.9648,0.2053,38.62,94,92,296217
2.0137,0.2248,38.49,94,92,296221
1.9892,0.2151,38.58,94,92,296224
2.0088,0.2248,38.55,94,92,296227
1.9990,0.2102,38.62,94,92,296231
2.0088,0.2102,38.81,94,92,296235
2.0626,0.2199,38.40,94,92,296238
2.0332,0.2151,38.58,94,92,296242
2.0723,0.2151,38.43,94,92,296245
2.0381,0.2102,38.58,94,92,296248
2.0283,0.2151,38.65,94,92,296251
2.0332,0.2151,37.80,94,92,296255
1.9990,0.2102,38.58,94,92,296258
2.0039,0.2151,38.46,94,92,296261
1.9453,0.2102,38.58,94,92,296265
1.9306,0.2102,38.71,94,92,296268
1.9306,0.2493,38.52,94,92,296271
1.9110,0.2151,38.62,94,92,296275
1.9306,0.2151,38.36,94,92,296279
1.8915,0.2102,38.58,94,92,296282
1.8768,0.2102,38.58,94,92,296286
1.8768,0.2151,38.55,94,92,296289
1.8475,0.2102,38.62,94,92,296292
1.8817,0.2199,38.33,94,92,296295
1.8817,0.2199,38.49,94,92,296299
1.8280,0.2102,38.62,94,92,296302
1.8280,0.2151,38.62,94,92,296305
1.8231,0.2151,38.62,94,92,296309
1.8817,0.2297,38.43,94,92,296312
1.8475,0.2199,38.52,94,92,296315
1.8377,0.2102,38.65,94,92,296320
1.8377,0.2151,38.58,94,92,296323
1.8377,0.2102,38.62,94,92,296326
1.8671,0.2199,38.46,94,92,296330
1.8524,0.2102,38.62,94,92,296333
1.8671,0.2102,38.46,94,92,296336
1.8573,0.2199,38.62,94,92,296339
1.8817,0.2102,38.65,94,92,296343
1.9257,0.2102,38.55,94,92,296346
1.9550,0.2151,38.58,94,92,296349
2.0283,0.2199,38.52,94,92,296353
2.0674,0.2151,38.58,94,92,296356
2.1603,0.1906,38.62,94,92,296359
2.3167,0.2199,38.55,94,92,296364
2.4682,0.2151,38.58,94,92,296367
2.6882,0.2151,38.43,94,92,296370
2.8935,0.2102,38.52,94,92,296374
3.1134,0.2151,38.62,94,92,296377
3.3236,0.2199,38.40,94,92,296380
3.3236,0.2346,38.58,94,92,296383
3.2893,0.2199,38.33,94,92,296387
2.9521,0.2102,38.58,94,92,296390
2.6344,0.2102,38.58,94,92,296393
2.3607,0.2102,38.62,94,92,296397
2.0968,0.2102,38.62,94,92,296400
1.9453,0.2199,38.68,94,92,296403
1.7400,0.1906,38.52,94,92,296408
1.6129,0.2053,38.55,94,92,296411
1.5347,0.2102,38.62,94,92,296414
1.4809,0.2102,38.62,94,92,296418
1.4907,0.2297,38.40,94,92,296421
1.4467,0.2151,38.55,94,92,296424
1.4516,0.2102,38.49,94,92,296427
1.4467,0.2444,38.58,94,92,296431
1.4712,0.1906,38.62,94,92,296434
1.5103,0.2199,38.49,94,92,296437
1.5005,0.2151,38.58,94,92,296441
1.5249,0.1906,38.46,94,92,296444
1.5200,0.2102,38.55,94,92,296448
1.5396,0.2102,38.62,94,92,296452
1.5689,0.2199,38.49,94,92,296455
1.5738,0.2102,38.58,94,92,296458
1.6129,0.2199,38.49,94,92,296461
1.5982,0.2102,38.58,94,92,296465
1.6129,0.2102,38.68,94,92,296468
1.6373,0.2151,38.49,94,92,296471
1.6422,0.2102,38.62,94,92,296475
1.6764,0.2151,38.40,94,92,296478
1.6618,0.1906,38.62,94,92,296481
1.6716,0.2102,38.58,94,92,296485
1.6911,0.2151,38.55,94,92,296488
1.6813,0.2102,38.68,94,92,296492
1.7204,0.2199,38.33,94,92,296496
1.7009,0.2151,38.52,94,92,296499
1.6764,0.2102,38.62,94,92,296502
1.7009,0.2199,38.55,94,92,296506
1.6960,0.1906,38.62,94,92,296509
1.7449,0.2297,38.36,94,92,296512
1.7302,0.2151,38.49,94,92,296515
1.7009,0.2053,38.93,94,92,296519
1.7058,0.2151,38.55,94,92,296522
1.7107,0.2102,38.62,94,92,296525
1.7595,0.2199,38.40,94,92,296529
1.7400,0.2102,38.58,94,92,296532
1.7449,0.2102,38.49,94,92,296536
1.7400,0.2102,38.52,94,92,296540
1.7498,0.2102,38.62,94,92,296543
1.7889,0.2199,38.55,94,92,296546
1.7644,0.2151,38.58,94,92,296549
1.7889,0.2151,38.46,94,92,296553
1.7546,0.2053,38.58,94,92,296556
1.7791,0.2102,38.62,94,92,296559
1.7889,0.2199,38.49,94,92,296563
1.7644,0.2151,38.62,94,92,296566
1.7889,0.2102,38.46,94,92,296569
1.7742,0.2102,38.52,94,92,296573
1.8035,0.2004,38.62,94,92,296577
1.8035,0.2199,38.55,94,92,296580
1.7840,0.2590,38.62,94,92,296584
1.8280,0.2102,38.36,94,92,296587
1.7937,0.2151,38.52,94,92,296590
1.8035,0.2151,38.62,94,92,296594
1.8182,0.2151,38.55,94,92,296597
1.8133,0.2151,38.62,94,92,296600
1.8671,0.2248,38.33,94,92,296603
1.8426,0.2102,38.55,94,92,296607
1.8475,0.2102,38.58,94,92,296610
1.8426,0.2151,38.62,94,92,296613
1.8524,0.2102,38.62,94,92,296617
1.8768,0.2297,38.43,94,92,296621
1.8328,0.2297,38.62,94,92,296624
1.8377,0.2151,38.52,94,92,296628
1.8377,0.2395,38.62,94,92,296631
1.8573,0.1906,38.62,94,92,296634
1.9062,0.2199,38.49,94,92,296638
1.8866,0.2102,38.58,94,92,296641
1.9159,0.2151,38.43,94,92,296644
1.8964,0.2151,38.58,94,92,296647
1.9062,0.2102,38.58,94,92,296651
1.9306,0.2151,38.55,94,92,296654
1.9159,0.2444,38.58,94,92,296657
1.9453,0.1906,38.46,94,92,296662
1.9062,0.2053,38.62,94,92,296665
1.9062,0.2053,38.62,94,92,296668
1.9306,0.1906,38.52,94,92,296672
1.9208,0.2102,38.58,94,92,296675
1.9501,0.2151,38.33,94,92,296678
1.9208,0.2102,38.62,94,92,296682
1.9110,0.2102,38.62,94,92,296685
1.9306,0.2444,38.52,94,92,296688
1.9110,0.2102,38.65,94,92,296691
1.9599,0.2199,38.33,94,92,296695
1.9355,0.2297,38.55,94,92,296698
1.9159,0.2102,38.62,94,92,296701
1.9110,0.2248,38.55,94,92,296706
1.8915,0.2151,38.62,94,92,296709
1.9453,0.2248,38.33,94,92,296712
1.9013,0.2151,38.52,94,92,296716
1.8866,0.2053,38.55,94,92,296719
1.8671,0.2199,38.58,94,92,296722
1.8524,0.2102,38.62,94,92,296726
1.8866,0.2199,38.43,94,92,296729
1.8622,0.2151,38.55,94,92,296732
1.8768,0.2102,38.49,94,92,296735
1.8573,0.2102,38.58,94,92,296739
1.8475,0.2102,38.62,94,92,296742
1.8524,0.2199,38.58,94,92,296745
1.8280,0.2199,38.58,94,92,296750
1.8475,0.2151,38.49,94,92,296753
1.8475,0.2102,38.58,94,92,296756
1.8133,0.2102,38.62,94,92,296760
1.8524,0.2248,38.55,94,92,296763
1.8622,0.2151,38.55,94,92,296768
1.8328,0.2102,38.65,94,92,296771
1.8768,0.2199,38.33,94,92,296774
1.8475,0.2151,38.49,94,92,296778
1.8475,0.2102,38.58,94,92,296781
1.8719,0.2151,38.58,94,92,296784
1.8622,0.2102,38.62,94,92,296788
1.9159,0.2297,38.40,94,92,296792
1.8768,0.2151,38.62,94,92,296795
1.8768,0.2102,38.52,94,92,296798
1.9062,0.2102,38.58,94,92,296802
1.8671,0.2102,38.62,94,92,296805
1.8915,0.2297,38.55,94,92,296808
1.8768,0.1906,38.55,94,92,296812
1.9013,0.2151,38.46,94,92,296815
1.8964,0.1906,38.58,94,92,296818
1.9013,0.2102,38.62,94,92,296822
1.9306,0.2248,38.46,94,92,296825
1.8915,0.2102,38.58,94,92,296828
1.9159,0.2199,38.46,94,92,296833
1.8915,0.2004,38.55,94,92,296836
1.8964,0.2102,38.62,94,92,296839
1.9110,0.2297,38.49,94,92,296842
1.9013,0.2151,38.62,94,92,296846
1.9453,0.2151,38.46,94,92,296849
1.9306,0.2102,38.55,94,92,296852
1.9404,0.2102,38.62,94,92,296856
1.9648,0.2199,38.49,94,92,296859
1.9795,0.2151,38.62,94,92,296862
1.9990,0.2199,38.33,94,92,296866
1.9599,0.2004,38.55,94,92,296869
1.9795,0.2102,38.62,94,92,296872
1.9892,0.2151,38.55,94,92,296877
1.9550,0.2102,38.62,94,92,296880
1.9844,0.2297,38.40,94,92,296883
1.9208,0.2102,38.55,94,92,296886
1.8915,0.2004,38.55,94,92,296890
1.8768,0.2151,38.52,94,92,296893
1.8573,0.2151,38.58,94,92,296896
1.8817,0.2199,38.43,94,92,296900
1.8328,0.2151,38.55,94,92,296903
1.8231,0.2151,38.49,94,92,296906
1.8035,0.2248,38.62,94,92,296910
1.7937,0.2151,38.68,94,92,296913
1.8133,0.2199,38.46,94,92,296916
1.7791,0.2151,38.58,94,92,296921
1.7840,0.1906,38.46,94,92,296924
1.7595,0.2102,38.81,94,92,296927
1.7693,0.2151,38.68,94,92,296930
1.7937,0.2151,38.52,94,92,296934
1.7937,0.2395,38.68,94,92,296937
1.8328,0.2102,38.46,94,92,296940
1.8035,0.2102,38.62,94,92,296944
1.8035,0.2102,38.68,94,92,296947
1.8035,0.2199,38.49,94,92,296950
1.7791,0.2102,38.58,94,92,296954
1.8084,0.2151,38.43,94,92,296957
1.7986,0.2102,38.49,94,92,296961
1.7986,0.2102,38.55,94,92,296965
1.8328,0.2199,38.55,94,92,296968
1.8328,0.2102,38.71,94,92,296971
1.9159,0.2199,38.33,94,92,296974
1.9208,0.2102,38.52,94,92,296978
1.9990,0.2102,38.71,94,92,296981
2.1359,0.2102,38.55,94,92,296984
2.3167,0.2151,38.62,94,92,296988
2.6197,0.2297,38.36,94,92,296991
2.8152,0.2199,38.52,94,92,296994
3.0596,0.2102,38.55,94,92,296998
3.2356,0.2102,38.33,94,92,297001
3.3089,0.2151,38.62,94,92,297005
3.2258,0.2248,38.52,94,92,297009
2.9081,0.2102,38.58,94,92,297012
2.6051,0.1906,38.49,94,92,297015
2.2678,0.2102,38.58,94,92,297018
1.9990,0.2395,38.62,94,92,297022
1.8182,0.2199,38.40,94,92,297025
1.6276,0.2151,38.68,94,92,297028
1.5298,0.2248,38.46,94,92,297032
1.4370,0.2102,38.58,94,92,297035
1.3978,0.2102,38.46,94,92,297038
1.3930,0.2151,38.49,94,92,297042
1.3685,0.2102,38.62,94,92,297046
1.3734,0.2102,38.40,94,92,297049
1.3636,0.2199,38.58,94,92,297052
1.4027,0.2102,38.62,94,92,297056
1.4370,0.2151,38.52,94,92,297059
1.4614,0.2102,38.58,94,92,297062
1.4712,0.2151,38.36,94,92,297066
1.4565,0.2102,38.55,94,92,297069
1.5103,0.2102,38.62,94,92,297072
1.5396,0.2297,38.55,94,92,297076
1.5347,0.1906,38.58,94,92,297079
1.5885,0.2199,38.33,94,92,297082
1.5836,0.2151,38.52,94,92,297086
1.6080,0.2053,38.58,94,92,297090
1.6129,0.2151,38.58,94,92,297093
1.6227,0.2151,38.62,94,92,297096
1.6862,0.2297,38.40,94,92,297100
1.6422,0.2199,38.52,94,92,297103
1.6227,0.2102,38.52,94,92,297106
1.6178,0.2102,38.74,94,92,297110
1.6178,0.2248,38.58,94,92,297113
1.6422,0.1906,38.46,94,92,297116
1.6227,0.2151,38.46,94,92,297120
1.6422,0.2151,38.46,94,92,297123
1.6471,0.2102,38.52,94,92,297126
1.6569,0.2151,38.62,94,92,297131
1.6764,0.2151,38.65,94,92,297134
1.6716,0.2199,38.68,94,92,297137
1.7009,0.2151,38.49,94,92,297141
1.6667,0.2346,38.58,94,92,297144
1.6813,0.2102,38.62,94,92,297147
1.7302,0.2199,38.58,94,92,297150
1.7155,0.2199,38.62,94,92,297154
1.7253,0.2102,38.40,94,92,297157
1.6911,0.2102,38.49,94,92,297160
1.6862,0.2151,38.62,94,92,297164
1.7107,0.2199,38.55,94,92,297167
1.6862,0.2151,38.62,94,92,297170
1.7595,0.2102,38.33,94,92,297175
1.6960,0.2102,38.52,94,92,297178
1.7058,0.2053,38.62,94,92,297181
1.7253,0.2151,38.55,94,92,297184
1.7155,0.2102,38.55,94,92,297188
1.7595,0.2346,38.43,94,92,297191
1.7253,0.2102,38.08,94,92,297194
1.7302,0.2053,38.52,94,92,297198
1.7449,0.2151,38.58,94,92,297201
1.7400,0.2102,38.55,94,92,297204
1.7644,0.2297,38.46,94,92,297208
1.7253,0.2151,38.58,94,92,297211
1.7498,0.2102,38.46,94,92,297214
1.7644,0.2151,38.62,94,92,297219
1.7693,0.2102,38.74,94,92,297222
1.8182,0.2199,38.40,94,92,297225
1.7840,0.2151,38.11,94,92,297229
1.7986,0.2102,38.46,94,92,297232
1.7693,0.2102,38.58,94,92,297235
1.7889,0.2102,38.71,94,92,297238
1.8426,0.2151,38.49,94,92,297242
1.8524,0.2102,38.58,94,92,297245
1.8524,0.2199,38.43,94,92,297248
1.8035,0.2053,38.55,94,92,297252
1.7986,0.2102,38.65,94,92,297255
1.8622,0.2151,38.49,94,92,297259
1.8328,0.2102,38.62,94,92,297263
1.8866,0.2199,38.36,94,92,297266
1.8573,0.2053,38.55,94,92,297269
1.8671,0.2102,38.58,94,92,297273
1.8768,0.2151,38.55,94,92,297276
1.8866,0.2102,38.62,94,92,297279
1.9550,0.2297,38.30,94,92,297282
1.9453,0.2151,38.52,94,92,297286
1.9208,0.2053,38.74,94,92,297289
1.9013,0.2151,38.58,94,92,297292
1.8768,0.2102,38.62,94,92,297296
1.9257,0.2297,38.40,94,92,297299
1.9013,0.2199,38.55,94,92,297303
1.9013,0.2102,38.49,94,92,297307
1.9013,0.2493,38.62,94,92,297310
1.8964,0.2151,38.62,94,92,297313
1.9159,0.2199,38.46,94,92,297317
1.8768,0.2151,38.55,94,92,297320
1.8915,0.2151,38.46,94,92,297323
1.8768,0.2199,38.58,94,92,297326
1.8671,0.2102,38.62,94,92,297330
1.8622,0.2102,38.52,94,92,297333
1.8328,0.2151,38.58,94,92,297336
1.8573,0.2151,38.49,94,92,297340
1.8377,0.2102,38.62,94,92,297344
1.8426,0.2102,38.62,94,92,297347
1.8671,0.2102,38.49,94,92,297351
1.8426,0.2102,38.62,94,92,297354
1.8719,0.2199,38.40,94,92,297357
1.8475,0.2151,38.49,94,92,297361
1.8328,0.2102,38.08,94,92,297364
1.8475,0.2102,38.58,94,92,297367
1.8182,0.1906,38.62,94,92,297370
1.8524,0.2199,38.40,94,92,297374
1.8328,0.2248,38.46,94,92,297379
1.8084,0.2199,38.55,94,92,297382
1.8182,0.2102,38.52,94,92,297385
1.8231,0.2102,38.58,94,92,297389
1.8377,0.2102,38.62,94,92,297393
1.8622,0.2199,38.52,94,92,297396
1.8377,0.2102,38.58,94,92,297399
1.8622,0.2151,38.43,94,92,297403
1.8622,0.2151,38.36,94,92,297406
1.8524,0.2102,38.55,94,92,297409
1.8915,0.2248,38.46,94,92,297413
1.8475,0.2102,38.68,94,92,297416
1.8671,0.2151,38.43,94,92,297419
1.8475,0.2102,38.52,94,92,297423
1.8573,0.2102,38.58,94,92,297426
1.8719,0.2199,38.49,94,92,297430
1.8475,0.2102,38.68,94,92,297434
1.8719,0.2199,38.33,94,92,297437
1.8328,0.2248,38.58,94,92,297440
1.8328,0.2102,38.52,94,92,297443
1.8573,0.2199,38.55,94,92,297447
1.8524,0.2102,38.62,94,92,297450
1.9110,0.2199,38.30,94,92,297453
1.8768,0.2102,38.52,94,92,297457
1.8768,0.2102,38.62,94,92,297460
1.8817,0.2102,38.58,94,92,297463
1.8866,0.2102,38.62,94,92,297467
1.9648,0.2297,38.40,94,92,297470
1.9453,0.2102,38.55,94,92,297474
1.9550,0.2102,38.52,94,92,297478
1.9550,0.2151,38.65,94,92,297481
1.9501,0.2102,38.71,94,92,297484
1.9746,0.2248,38.40,94,92,297487
1.9404,0.2151,38.55,94,92,297491
1.9355,0.2151,38.46,94,92,297494
1.8964,0.2102,38.58,94,92,297497
1.8671,0.2102,38.62,94,92,297501
1.9110,0.2248,38.49,94,92,297504
1.8426,0.2102,38.58,94,92,297507
1.8573,0.2151,38.49,94,92,297511
1.8182,0.2151,38.65,94,92,297515
1.7937,0.2102,38.55,94,92,297518
1.8084,0.2151,38.52,94,92,297522
1.7889,0.2102,38.62,94,92,297525
1.8084,0.2151,38.40,94,92,297528
1.7791,0.1906,38.62,94,92,297531
1.7791,0.2102,38.68,94,92,297535
1.7840,0.2151,38.58,94,92,297538
1.7546,0.2102,38.62,94,92,297541
1.7986,0.2199,38.33,94,92,297545
1.7693,0.2151,38.49,94,92,297548
1.7498,0.2102,38.68,94,92,297551
1.7644,0.2151,38.58,94,92,297555
1.7546,0.2102,38.71,94,92,297559
1.8084,0.2248,38.36,94,92,297562
1.7791,0.2199,38.52,94,92,297566
1.7742,0.2053,38.55,94,92,297569
1.7644,0.2102,38.58,94,92,297572
1.7546,0.2102,38.62,94,92,297575
1.7986,0.2395,38.49,94,92,297579
1.7937,0.2102,38.58,94,92,297582
1.8231,0.2102,38.49,94,92,297585
1.8426,0.2346,38.58,94,92,297589
1.8915,0.2102,38.62,94,92,297592
1.9844,0.2199,38.55,94,92,297595
2.0919,0.2102,38.58,94,92,297600
2.2581,0.2151,38.46,94,92,297603
2.4291,0.2151,38.58,94,92,297606
2.6735,0.2102,38.62,94,92,297610
2.9668,0.2199,38.46,94,92,297613
3.1525,0.2151,38.58,94,92,297616
3.3236,0.2151,38.43,94,92,297619
3.2600,0.2297,38.52,94,92,297623
3.0596,0.2151,38.62,94,92,297626
2.7566,0.2199,38.49,94,92,297629
2.3851,0.2151,38.62,94,92,297633
2.1261,0.2199,38.36,94,92,297636
1.8426,0.2199,38.52,94,92,297639
1.6422,0.2151,38.62,94,92,297644
1.5054,0.2248,38.46,94,92,297647
1.3930,0.2151,38.62,94,92,297650
1.3685,0.2248,38.30,94,92,297654
1.3050,0.2102,38.52,94,92,297657
1.2903,0.2151,38.58,94,92,297660
1.3001,0.2151,38.62,94,92,297663
1.3050,0.2102,38.62,94,92,297667
1.3930,0.2346,38.43,94,92,297670
1.3685,0.2151,38.55,94,92,297673
1.3881,0.2346,38.49,94,92,297677
1.4027,0.2151,38.65,94,92,297680
1.4174,0.2102,38.62,94,92,297683
1.4663,0.1906,38.43,94,92,297688
1.4418,0.2151,38.55,94,92,297691
1.4614,0.2151,38.46,94,92,297694
1.4516,0.2102,38.52,94,92,297698
1.4761,0.2151,38.58,94,92,297701
1.5152,0.2199,38.52,94,92,297704
1.5152,0.2102,38.52,94,92,297707
1.5543,0.2151,38.46,94,92,297711
1.5396,0.2102,38.49,94,92,297714
1.5543,0.2151,38.58,94,92,297717
1.5738,0.2151,38.52,94,92,297721
1.5738,0.2102,38.58,94,92,297724
1.6080,0.2151,38.43,94,92,297728
1.5934,0.2053,38.52,94,92,297732
1.6031,0.2102,38.62,94,92,297735
1.6227,0.2199,38.55,94,92,297738
1.6227,0.2297,38.62,94,92,297742
1.6667,0.2199,38.33,94,92,297745
1.6520,0.2151,38.58,94,92,297748
1.6471,0.2102,38.52,94,92,297751
1.6667,0.2151,38.55,94,92,297755
1.6667,0.2151,38.65,94,92,297758
1.7204,0.2395,38.36,94,92,297761
1.6911,0.2199,38.62,94,92,297765
1.6813,0.2053,38.55,94,92,297768
1.6862,0.2151,38.58,94,92,297772
1.6862,0.2102,38.58,94,92,297776
1.7253,0.2297,38.52,94,92,297779
1.7009,0.2151,38.55,94,92,297782
1.7107,0.2102,38.46,94,92,297786
1.7058,0.1906,38.58,94,92,297789
1.7107,0.2102,38.65,94,92,297792
1.7302,0.2199,38.58,94,92,297796
1.7107,0.2151,37.83,94,92,297799
1.7351,0.2248,38.49,94,92,297802
1.7155,0.2102,38.62,94,92,297805
1.7204,0.2151,38.62,94,92,297809
1.7449,0.2199,38.49,94,92,297812
1.7204,0.2297,38.62,94,92,297816
1.7302,0.2151,38.40,94,92,297820
1.7204,0.2102,38.77,94,92,297823
1.7253,0.2102,38.58,94,92,297826
1.7546,0.2248,38.52,94,92,297830
1.7351,0.2102,38.65,94,92,297833
1.7742,0.2248,38.36,94,92,297836
1.7449,0.2151,38.62,94,92,297840
1.7498,0.2346,38.58,94,92,297843
1.7644,0.2151,38.55,94,92,297846
1.7595,0.2102,38.62,94,92,297849
1.8084,0.2248,38.30,94,92,297853
1.7742,0.2102,38.49,94,92,297857
1.7693,0.2053,38.62,94,92,297860
1.8084,0.2102,38.62,94,92,297864
1.7742,0.2102,38.52,94,92,297867
1.8377,0.2248,38.43,94,92,297870
1.8182,0.1906,38.55,94,92,297874
1.8280,0.2102,38.62,94,92,297877
1.8377,0.2199,38.58,94,92,297880
1.8328,0.2102,38.62,94,92,297884
1.8768,0.2444,38.43,94,92,297887
1.8573,0.2151,38.55,94,92,297890
1.8719,0.2151,38.43,94,92,297893
1.8573,0.2151,38.58,94,92,297897
1.8524,0.2102,38.81,94,92,297901
1.8768,0.2248,38.52,94,92,297904
1.8475,0.2102,38.58,94,92,297908
1.8719,0.2102,38.40,94,92,297911
1.8377,0.2102,38.58,94,92,297914
1.8426,0.2102,38.74,94,92,297918
1.8524,0.2151,38.49,94,92,297921
1.8377,0.2102,38.62,94,92,297924
1.8622,0.2151,38.33,94,92,297928
1.8280,0.2102,38.62,94,92,297931
1.8280,0.2102,38.58,94,92,297934
1.8426,0.2151,38.55,94,92,297937
1.8231,0.2102,38.71,94,92,297942
1.8622,0.2297,38.33,94,92,297945
1.8280,0.2151,38.52,94,92,297948
1.8084,0.2102,39.03,94,92,297952
1.7986,0.2151,38.55,94,92,297955
1.7986,0.2102,38.74,94,92,297958
1.8426,0.2590,38.36,94,92,297962
1.8035,0.2199,38.49,94,92,297965
1.7937,0.2102,38.55,94,92,297968
1.7889,0.2102,38.58,94,92,297972
1.7840,0.2102,38.62,94,92,297975
1.8182,0.2199,38.46,94,92,297978
1.8231,0.2248,38.55,94,92,297981
1.7986,0.2102,38.49,94,92,297986
1.7742,0.2102,38.62,94,92,297989
1.7595,0.2151,38.62,94,92,297994
1.7644,0.2102,38.62,94,92,297997
1.7937,0.2199,38.46,94,92,298000
1.7693,0.2053,38.58,94,92,298004
1.8084,0.2151,38.40,94,92,298007
1.7840,0.2151,38.46,94,92,298010
1.7742,0.2297,38.62,94,92,298014
1.7986,0.2199,38.55,94,92,298017
1.7791,0.2102,38.58,94,92,298020
1.8231,0.2199,38.33,94,92,298024
1.7840,0.2053,38.52,94,92,298028
1.7840,0.2151,38.62,94,92,298031
1.7937,0.2151,38.58,94,92,298035
1.7889,0.2102,38.58,94,92,298038
1.8475,0.2297,38.40,94,92,298041
1.8035,0.2199,38.49,94,92,298044
1.8035,0.2151,38.52,94,92,298048
1.8035,0.2151,38.62,94,92,298051
1.8084,0.2102,38.62,94,92,298054
1.8426,0.2248,38.55,94,92,298058
1.8231,0.2199,38.68,94,92,298061
1.8377,0.2248,38.46,94,92,298064
1.8231,0.2151,38.65,94,92,298068
1.8280,0.2053,38.58,94,92,298072
1.8719,0.2248,38.46,94,92,298075
1.8475,0.2151,38.62,94,92,298079
1.8768,0.2199,38.49,94,92,298082
1.8524,0.2053,38.52,94,92,298085
1.8573,0.2151,38.62,94,92,298088
1.8817,0.2151,38.46,94,92,298092
1.8768,0.2004,38.62,94,92,298095
1.9208,0.2151,38.43,94,92,298098
1.9110,0.2248,38.52,94,92,298102
1.9208,0.2053,38.62,94,92,298105
1.9306,0.2199,38.55,94,92,298108
1.9062,0.2102,38.62,94,92,298113
1.9550,0.2199,38.33,94,92,298116
1.8768,0.2102,37.80,94,92,298119
1.8573,0.2151,38.58,94,92,298123
1.8426,0.2199,38.58,94,92,298126
1.8231,0.2444,38.62,94,92,298129
1.8573,0.2297,38.33,94,92,298132
1.8280,0.2151,38.58,94,92,298136
1.8084,0.2053,38.55,94,92,298139
1.8084,0.2151,38.58,94,92,298142
1.7937,0.2102,38.74,94,92,298146
1.8280,0.2493,38.40,94,92,298149
1.7840,0.2199,38.52,94,92,298152
1.7742,0.2102,38.52,94,92,298157
1.7546,0.2444,38.68,94,92,298160
1.7546,0.2102,38.62,94,92,298163
1.7693,0.2199,38.58,94,92,298167
1.7498,0.2102,38.58,94,92,298170
1.7644,0.2151,38.46,94,92,298173
1.7449,0.2102,38.58,94,92,298176
1.7546,0.2102,38.62,94,92,298180
1.7693,0.2151,38.55,94,92,298183
1.7595,0.2102,38.62,94,92,298186
1.7889,0.2151,38.58,94,92,298190
1.7644,0.2151,38.58,94,92,298193
1.7693,0.2102,38.49,94,92,298196
1.7986,0.2248,38.46,94,92,298201
1.7840,0.2102,38.52,94,92,298204
1.8377,0.2151,38.36,94,92,298207
1.8524,0.2199,38.49,94,92,298211
1.8915,0.2102,38.77,94,92,298214
1.9795,0.1906,38.55,94,92,298217
2.0626,0.2102,38.71,94,92,298221
2.2581,0.2248,38.36,94,92,298224
2.3949,0.2151,38.52,94,92,298227
2.5953,0.2053,38.58,94,92,298230
2.8397,0.2199,38.68,94,92,298234
3.0645,0.2102,38.62,94,92,298237
3.3187,0.2297,38.43,94,92,298241
3.2649,0.2102,38.55,94,92,298245
3.1085,0.2102,38.62,94,92,298248
2.8152,0.2151,38.62,94,92,298251
2.4927,0.2102,38.62,94,92,298255
2.2385,0.2248,38.49,94,92,298258
1.9599,0.2102,38.58,94,92,298261
1.7840,0.2102,38.49,94,92,298264
1.6129,0.2248,38.62,94,92,298268
1.5054,0.2102,38.58,94,92,298271
1.4614,0.2248,38.46,94,92,298274
1.4272,0.2151,38.68,94,92,298278
1.3978,0.2199,38.49,94,92,298281
1.3636,0.2053,38.62,94,92,298285
1.3636,0.2151,38.58,94,92,298289
1.4027,0.2199,38.49,94,92,298292
1.4076,0.2151,38.58,94,92,298295
1.4467,0.2151,38.40,94,92,298299
1.4418,0.2199,38.55,94,92,298302
1.4663,0.2102,38.62,94,92,298305
1.4809,0.2199,38.62,94,92,298308
1.5005,0.2102,38.62,94,92,298312
1.5543,0.2199,38.36,94,92,298315
1.5347,0.2102,38.52,94,92,298318
1.5591,0.2053,38.68,94,92,298322
1.5689,0.2151,38.58,94,92,298326
1.5836,0.2102,38.62,94,92,298329
1.6373,0.2297,38.33,94,92,298333
1.6178,0.2199,38.62,94,92,298336
1.6129,0.2004,38.58,94,92,298339
1.6227,0.2151,38.58,94,92,298343
1.6276,0.2102,38.58,94,92,298346
1.7009,0.2102,38.43,94,92,298349
1.6618,0.2199,38.58,94,92,298353
1.6716,0.2151,38.55,94,92,298356
1.6667,0.2102,38.62,94,92,298359
1.6716,0.2493,38.62,94,92,298362
1.7058,0.2199,38.46,94,92,298366
1.6862,0.2248,38.58,94,92,298370
1.7107,0.2151,38.46,94,92,298373
1.6911,0.2102,38.46,94,92,298377
1.7351,0.2151,38.58,94,92,298380
1.7107,0.2151,38.55,94,92,298383
1.7009,0.2151,38.58,94,92,298387
1.7253,0.1906,38.43,94,92,298390
1.7009,0.2151,38.62,94,92,298393
1.7107,0.2151,38.62,94,92,298397
1.7155,0.2199,38.65,94,92,298400
1.7302,0.2102,38.58,94,92,298403
1.7498,0.2199,38.36,94,92,298406
1.7351,0.2248,38.52,94,92,298411
1.7644,0.2102,38.62,94,92,298414
1.7546,0.2199,38.58,94,92,298417
1.7449,0.2151,38.68,94,92,298421
1.7986,0.2248,38.30,94,92,298424
1.7644,0.2199,38.46,94,92,298427
1.7644,0.2053,38.58,94,92,298431
1.7742,0.2151,38.62,94,92,298434
1.7693,0.2151,38.62,94,92,298437
1.8182,0.2297,38.43,94,92,298441
1.7840,0.2199,38.58,94,92,298444
1.7840,0.2151,38.52,94,92,298447
1.7840,0.2102,38.62,94,92,298450
1.7937,0.2102,38.62,94,92,298455
1.8328,0.2248,38.49,94,92,298458
1.8035,0.2151,38.58,94,92,298461
1.8182,0.2151,38.55,94,92,298465
1.8035,0.2151,38.68,94,92,298468
1.8084,0.2102,38.55,94,92,298471
1.8377,0.2248,38.43,94,92,298475
1.8133,0.2151,38.65,94,92,298478
1.8475,0.2199,38.49,94,92,298481
1.8182,0.2102,38.55,94,92,298485
1.8231,0.2102,38.58,94,92,298488
1.8426,0.2199,38.49,94,92,298491
1.8328,0.1906,38.62,94,92,298494
1.8671,0.2151,38.43,94,92,298499
1.8475,0.2199,38.55,94,92,298502
1.8426,0.1906,38.62,94,92,298505
1.8719,0.2199,38.58,94,92,298509
1.8573,0.2151,38.62,94,92,298512
1.9013,0.2199,38.33,94,92,298515
1.8573,0.2395,38.55,94,92,298519
1.8573,0.2102,38.62,94,92,298522
1.8719,0.2151,38.58,94,92,298525
1.8671,0.2102,38.62,94,92,298529
1.9208,0.2297,38.30,94,92,298532
1.8817,0.2297,38.52,94,92,298535
1.8671,0.2102,38.55,94,92,298539
1.8671,0.2297,38.62,94,92,298543
1.8719,0.2151,38.62,94,92,298546
1.8964,0.2248,38.40,94,92,298549
1.8671,0.2199,38.52,94,92,298553
1.8524,0.2151,38.49,94,92,298556
1.8426,0.2102,38.62,94,92,298559
1.8426,0.2102,38.62,94,92,298563
1.8573,0.2199,38.43,94,92,298566
1.8328,0.2151,38.62,94,92,298569
1.8524,0.2151,38.49,94,92,298573
1.8231,0.2199,38.68,94,92,298576
1.8231,0.2102,38.62,94,92,298579
1.8328,0.2444,38.52,94,92,298584
1.8280,0.2102,38.62,94,92,298587
1.8377,0.2151,38.43,94,92,298590
1.8377,0.2151,38.62,94,92,298593
1.8084,0.2102,38.74,94,92,298597
1.8280,0.2346,38.55,95,92,298600
1.7986,0.2151,38.65,95,92,298605
1.7791,0.2102,38.62,95,92,298608
1.8328,0.2297,38.33,95,92,298611
1.7937,0.2248,38.52,95,92,298615
1.7840,0.2102,38.58,95,92,298618
1.7840,0.2151,38.62,95,92,298621
1.7889,0.2102,38.62,95,92,298626
1.8280,0.2248,38.43,95,92,298629
1.8035,0.2542,38.55,95,92,298632
1.8182,0.1906,38.49,95,92,298636
1.7986,0.2151,38.58,95,92,298639
1.7986,0.1906,38.62,95,92,298642
1.8133,0.2199,38.55,95,92,298645
1.7986,0.2248,38.58,95,92,298649
1.8280,0.2102,38.49,95,92,298652
1.7937,0.2102,38.65,95,92,298655
1.8035,0.2102,38.62,95,92,298659
1.8377,0.2199,38.46,95,92,298662
1.8182,0.2248,38.58,95,92,298665
1.8475,0.2151,38.43,95,92,298670
1.8280,0.2151,38.58,95,92,298673
1.8182,0.2199,38.62,95,92,298676
1.8377,0.2151,38.49,95,92,298680
1.8182,0.2248,38.58,95,92,298683
1.8719,0.2102,38.36,95,92,298686
1.8377,0.2151,38.49,95,92,298689
1.8377,0.2151,38.62,95,92,298693
1.8524,0.2199,38.58,95,92,298696
1.8475,0.2151,38.62,95,92,298699
1.9110,0.2248,38.30,95,92,298703
1.8768,0.2151,38.52,95,92,298706
1.8817,0.2053,38.58,95,92,298710
1.8964,0.2199,38.62,95,92,298714
1.8964,0.2199,38.68,95,92,298717
1.9550,0.2297,38.49,95,92,298720
1.9355,0.2199,38.55,95,92,298724
1.9453,0.2151,38.49,95,92,298727
1.9257,0.2248,38.62,95,92,298730
1.9208,0.2102,38.62,95,92,298734
1.9355,0.2199,38.43,95,92,298737
1.9159,0.2151,38.58,95,92,298740
1.8817,0.1906,38.52,95,92,298743
1.8280,0.2151,38.81,95,92,298747
1.8084,0.2053,38.68,95,92,298750
1.8231,0.2199,38.49,95,92,298754
1.7937,0.2151,38.62,95,92,298758
1.8182,0.2151,38.46,95,92,298761
1.7840,0.2102,37.87,95,92,298764
1.7840,0.2102,38.62,95,92,298768
1.7889,0.1906,38.49,95,92,298771
1.7644,0.2151,38.62,95,92,298774
1.7840,0.2199,38.43,95,92,298778
1.7449,0.2151,38.62,95,92,298781
1.7449,0.2102,38.62,95,92,298784
1.7595,0.1906,38.55,95,92,298787
1.7449,0.2102,38.65,95,92,298791
1.7840,0.2199,38.30,95,92,298795
1.7595,0.1906,38.52,95,92,298798
1.7351,0.2102,38.62,95,92,298802
1.7644,0.2151,38.58,95,92,298805
1.7449,0.2102,38.62,95,92,298808
1.8035,0.2297,38.36,95,92,298812
1.7791,0.2248,38.58,95,92,298815
1.7595,0.2102,38.58,95,92,298818
1.7595,0.2151,38.65,95,92,298822
1.7644,0.2151,38.58,95,92,298825
1.8182,0.2199,38.55,95,92,298828
1.8231,0.2151,38.55,95,92,298831
1.8768,0.2151,38.49,95,92,298835
1.9257,0.2151,38.58,95,92,298839
2.0039,0.2199,38.62,95,92,298842
2.1457,0.2151,38.55,95,92,298846
2.2825,0.2151,38.58,95,92,298849
2.5073,0.2199,38.93,95,92,298852
2.6979,0.2102,38.58,95,92,298856
2.9374,0.1906,38.58,95,92,298859
3.1818,0.2199,38.49,95,92,298862
3.2405,0.2053,38.58,95,92,298866
3.2258,0.2102,38.43,95,92,298869
2.9765,0.2151,38.58,95,92,298872
2.6588,0.2151,38.62,95,92,298875
2.3803,0.2248,38.58,95,92,298880
2.0821,0.2102,38.55,95,92,298883
1.9013,0.2151,38.33,95,92,298886
1.6960,0.2151,38.55,95,92,298890
1.5543,0.2297,38.62,95,92,298893
1.4761,0.2102,38.62,95,92,298896
1.3978,0.2102,38.71,95,92,298900
1.3978,0.2248,38.30,95,92,298903
1.3539,0.2102,38.52,95,92,298906
1.3392,0.2053,38.96,95,92,298909
1.3539,0.2248,38.62,95,92,298913
1.3685,0.2151,38.62,95,92,298916
1.4321,0.2248,38.43,95,92,298919
1.4223,0.2102,38.55,95,92,298924
1.4321,0.2102,38.46,95,92,298927
1.4418,0.2102,38.62,95,92,298930
1.4516,0.2102,38.62,95,92,298934
1.4907,0.2151,38.40,95,92,298937
1.4858,0.2151,38.58,95,92,298940
1.5103,0.2248,38.46,95,92,298944
1.5103,0.2151,38.68,95,92,298947
1.5249,0.2102,38.58,95,92,298950
1.5885,0.2248,38.49,95,92,298954
1.5543,0.2053,38.58,95,92,298957
1.5836,0.2151,38.46,95,92,298960
1.5640,0.2102,38.58,95,92,298963
1.5689,0.2102,38.62,95,92,298968
1.5885,0.2151,38.49,95,92,298971
1.5885,0.2151,38.58,95,92,298974
1.6080,0.2151,38.30,95,92,298978
1.5934,0.2151,38.65,95,92,298981
1.5982,0.2102,38.68,95,92,298984
1.6276,0.2297,38.55,95,92,298988
1.6276,0.2102,38.62,95,92,298991
1.6813,0.2248,38.30,95,92,298994
1.6618,0.2248,38.52,95,92,298998
1.6422,0.2102,38.62,95,92,299001
1.6520,0.2102,38.55,95,92,299004
1.6178,0.2102,38.62,95,92,299008
1.6667,0.2297,38.36,95,92,299012
1.6422,0.2199,38.49,95,92,299015
1.6373,0.2102,38.02,95,92,299018
1.6569,0.2151,38.58,95,92,299022
1.6716,0.2102,38.62,95,92,299025
1.7253,0.2493,38.46,95,92,299028
1.7107,0.2151,38.58,95,92,299032
1.7351,0.2151,38.46,95,92,299035
1.7351,0.2151,38.62,95,92,299038
1.7351,0.2346,38.65,95,92,299042
1.7644,0.2102,38.55,95,92,299045
1.7595,0.2151,38.65,95,92,299048
1.7840,0.2248,38.49,95,92,299053
1.7546,0.2102,38.62,95,92,299056
1.7498,0.2151,38.62,95,92,299059
1.7644,0.1906,38.52,95,92,299062
1.7351,0.2151,38.65,95,92,299066
1.7889,0.2151,38.40,95,92,299069
1.7302,0.2151,38.49,95,92,299072
1.7253,0.2199,38.62,95,92,299076
1.7546,0.2199,38.52,95,92,299079
1.7449,0.2102,38.62,95,92,299082
1.7986,0.2102,38.33,95,92,299086
1.7742,0.2102,38.55,95,92,299089
1.7742,0.2151,38.58,95,92,299092
1.7889,0.2151,38.58,95,92,299097
1.7937,0.2102,38.58,95,92,299100
1.8475,0.2248,38.33,95,92,299103
1.8182,0.2151,38.52,95,92,299106
1.8133,0.2199,38.55,95,92,299110
1.8133,0.2151,38.62,95,92,299113
1.8280,0.2102,38.62,95,92,299116
1.8671,0.2297,38.46,95,92,299120
1.8426,0.2151,38.62,95,92,299123
1.8622,0.2151,38.49,95,92,299126
1.8622,0.2297,38.58,95,92,299130
1.8622,0.2102,38.58,95,92,299133
1.8817,0.2199,38.49,95,92,299137
1.8768,0.2151,38.62,95,92,299141
1.8719,0.2248,38.49,95,92,299144
1.8573,0.2102,38.58,95,92,299147
1.8719,0.2151,38.68,95,92,299151
1.9062,0.2199,38.49,95,92,299154
1.8964,0.2053,38.58,95,92,299157
1.9159,0.2102,38.43,95,92,299160
1.8866,0.2590,38.52,95,92,299164
1.9208,0.2151,38.62,95,92,299167
1.9062,0.2199,37.80,95,92,299170
1.8915,0.2151,38.62,95,92,299174
1.9257,0.2199,38.36,95,92,299177
1.8817,0.2102,38.58,95,92,299181
1.8768,0.2151,38.62,95,92,299185
1.8768,0.2199,38.58,95,92,299188
1.8768,0.2199,38.62,95,92,299191
1.8915,0.2297,38.33,95,92,299195
1.8573,0.2151,38.49,95,92,299198
1.8377,0.2053,38.58,95,92,299201
1.8475,0.2151,38.52,95,92,299204
1.8622,0.2151,38.62,95,92,299208
1.8719,0.2199,38.30,95,92,299211
1.8231,0.2248,38.55,95,92,299216
1.7986,0.2102,38.62,95,92,299219
1.8328,0.2199,38.49,95,92,299223
1.8084,0.2346,38.58,95,92,299227
1.8182,0.2151,38.62,95,92,299230
1.8280,0.2151,38.46,95,92,299233
1.8182,0.2199,38.62,95,92,299237
1.8426,0.2151,38.40,95,92,299240
1.8035,0.2151,38.62,95,92,299243
1.7937,0.2102,38.62,95,92,299247
1.8035,0.2199,38.43,95,92,299250
1.7791,0.1906,38.62,95,92,299253
1.8426,0.2199,38.43,95,92,299257
1.8231,0.2542,38.49,95,92,299260
1.8182,0.2102,38.62,95,92,299264
1.8182,0.2590,38.62,95,92,299267
1.8182,0.2151,38.62,95,92,299271
1.8866,0.2297,38.43,95,92,299274
1.8622,0.2199,38.55,95,92,299277
1.8573,0.2102,38.55,95,92,299281
1.8573,0.2199,38.62,95,92,299284
1.8524,0.2151,38.62,95,92,299287
1.8671,0.2248,38.55,95,92,299291
1.8377,0.2151,38.58,95,92,299294
1.8426,0.2151,38.49,95,92,299297
1.8280,0.2199,38.68,95,92,299301
1.8377,0.2102,38.62,95,92,299304
1.8671,0.2199,38.52,95,92,299308
1.8622,0.2102,38.58,95,92,299312
1.9013,0.2199,38.46,95,92,299315
1.8866,0.2102,38.58,95,92,299318
1.8964,0.2102,38.62,95,92,299321
1.9208,0.2199,38.52,95,92,299325
1.8964,0.2151,38.62,95,92,299328
1.9257,0.2151,38.40,95,92,299331
1.9159,0.2151,38.52,95,92,299335
1.9208,0.2053,38.71,95,92,299338
1.9599,0.2248,38.49,95,92,299341
1.9550,0.2102,38.62,95,92,299345
2.0088,0.2248,38.33,95,92,299348
1.9844,0.2151,38.55,95,92,299352
1.9599,0.2102,38.62,95,92,299356
1.9501,0.2199,38.55,95,92,299359
1.9062,0.2151,38.62,95,92,299362
1.9404,0.2248,38.33,95,92,299365
1.8671,0.2151,38.52,95,92,299369
1.8475,0.2151,38.62,95,92,299372
1.8377,0.2151,38.58,95,92,299375
1.8084,0.2102,38.52,95,92,299379
1.8377,0.2248,38.43,95,92,299382
1.7937,0.2199,38.55,95,92,299385
1.7889,0.2102,38.58,95,92,299389
1.7791,0.2151,38.58,95,92,299393
1.7693,0.2102,38.62,95,92,299396
1.7889,0.2248,38.43,95,92,299400
1.7498,0.2151,38.62,95,92,299403
1.7595,0.2248,38.46,95,92,299406
1.7400,0.2102,38.65,95,92,299410
1.7400,0.2102,38.77,95,92,299413
1.7742,0.2248,38.49,95,92,299416
1.7742,0.2102,38.62,95,92,299419
1.8035,0.2151,37.99,95,92,299423
1.7742,0.2102,38.55,95,92,299426
1.7693,0.2151,38.58,95,92,299429
1.7791,0.2151,38.49,95,92,299433
1.7595,0.2102,38.58,95,92,299437
1.7791,0.2199,38.46,95,92,299440
1.7595,0.2102,38.58,95,92,299444
1.7742,0.2102,38.62,95,92,299447
1.8133,0.2688,38.55,95,92,299450
1.8377,0.2151,38.58,95,92,299454
1.9355,0.2248,38.36,95,92,299457
1.9795,0.2199,38.52,95,92,299460
2.0577,0.2102,38.62,95,92,299463
2.2385,0.2199,38.58,95,92,299467
2.3705,0.2151,38.62,95,92,299470
2.6686,0.2297,38.46,95,92,299473
2.8788,0.1906,38.52,95,92,299478
3.0890,0.2151,38.52,95,92,299481
3.2405,0.2151,38.58,95,92,299484
3.2600,0.2151,38.62,95,92,299488
3.1623,0.2248,38.46,95,92,299491
2.8348,0.2199,38.58,95,92,299494
2.5318,0.2151,38.49,95,92,299498
2.2043,0.2151,38.58,95,92,299501
1.9550,0.2151,38.62,95,92,299504
1.7742,0.2151,38.52,95,92,299507
1.6031,0.2151,38.55,95,92,299511
1.5103,0.2199,38.58,95,92,299514
1.3978,0.2102,38.62,95,92,299517
1.3636,0.2102,38.65,95,92,299522
1.3539,0.2542,38.49,95,92,299525
1.3245,0.2151,38.62,95,92,299528
1.3636,0.2248,38.40,95,92,299532
1.3685,0.2102,38.49,95,92,299535
1.3930,0.2102,38.62,95,92,299538
1.4614,0.2199,38.52,95,92,299542
1.4370,0.2151,38.62,95,92,299545
1.4858,0.2542,38.33,95,92,299548
1.4858,0.2151,38.49,95,92,299552
1.5054,0.2151,38.62,95,92,299555
1.5445,0.2151,38.58,95,92,299558
1.5543,0.2102,38.15,95,92,299561
1.6031,0.2248,38.36,95,92,299566
1.5787,0.2199,38.43,95,92,299569
1.5885,0.2199,38.55,95,92,299572
1.6031,0.2151,38.58,95,92,299576
1.6178,0.2102,38.58,95,92,299579
1.6618,0.2297,38.49,95,92,299582
1.6276,0.2151,38.68,95,92,299586
1.6373,0.2199,38.49,95,92,299589
1.6178,0.2151,38.68,95,92,299592
1.6178,0.2590,38.62,95,92,299596
1.6618,0.2199,38.43,95,92,299599
1.6618,0.2151,38.55,95,92,299602
1.7204,0.2248,38.49,95,92,299606
1.6618,0.2102,37.93,95,92,299610
1.6569,0.2102,38.62,95,92,299613
1.6764,0.2151,38.49,95,92,299616
1.6716,0.2151,38.62,95,92,299620
1.6960,0.2151,38.43,95,92,299623
1.6764,0.2151,38.58,95,92,299626
1.6960,0.2151,38.58,95,92,299630
1.7253,0.2199,38.58,95,92,299633
1.7155,0.2346,38.58,95,92,299636
1.7595,0.2248,38.43,95,92,299640
1.6960,0.2102,38.58,95,92,299643
1.6960,0.2102,38.62,95,92,299646
1.7204,0.2102,38.58,95,92,299650
1.7155,0.2102,38.62,95,92,299654
1.7791,0.2102,38.30,95,92,299657
1.7351,0.2151,38.62,95,92,299660
1.7351,0.2395,38.55,95,92,299664
1.7498,0.2151,38.58,95,92,299667
1.7449,0.2151,38.62,95,92,299670
1.7889,0.2248,38.40,95,92,299674
1.7644,0.2199,38.55,95,92,299677
1.8035,0.2102,38.49,95,92,299680
1.7791,0.2151,38.58,95,92,299684
1.7889,0.2102,38.46,95,92,299687
1.8084,0.2102,38.52,95,92,299691
1.7693,0.2151,38.58,95,92,299695
1.7693,0.2151,38.46,95,92,299698
1.7546,0.1906,38.62,95,92,299701
1.7742,0.2102,38.62,95,92,299704
1.8280,0.2151,38.52,95,92,299708
1.7986,0.2151,38.62,95,92,299711
1.8280,0.2151,38.40,95,92,299714
1.7986,0.2151,38.58,95,92,299718
1.8035,0.2151,38.58,95,92,299721
1.8328,0.2199,38.58,95,92,299724
1.8084,0.2151,38.62,95,92,299728
1.8377,0.2248,38.36,95,92,299731
1.7986,0.2199,37.87,95,92,299735
1.7889,0.2199,38.65,95,92,299739
1.8328,0.2199,38.55,95,92,299742
1.8328,0.2102,38.58,95,92,299745
1.8915,0.2346,38.33,95,92,299748
1.8671,0.2151,38.49,95,92,299752
1.8622,0.2102,38.58,95,92,299755
1.8768,0.2102,38.58,95,92,299758
1.8524,0.2102,38.62,95,92,299762
1.9208,0.2395,38.36,95,92,299765
1.9013,0.2199,38.55,95,92,299768
1.8964,0.2102,38.52,95,92,299772
1.8964,0.2102,38.62,95,92,299776
1.8426,0.2102,38.46,95,92,299779
1.8719,0.2199,38.49,95,92,299783
1.8524,0.2151,38.58,95,92,299786
1.8817,0.2151,38.46,95,92,299789
1.8622,0.2151,38.62,95,92,299793
1.8573,0.2102,38.65,95,92,299796
1.8915,0.2248,38.46,95,92,299799
1.8622,0.2444,38.58,95,92,299802
1.9062,0.2151,38.49,95,92,299806
1.8622,0.2102,38.77,95,92,299809
1.8524,0.2053,38.62,95,92,299812
1.8719,0.2199,38.40,95,92,299816
1.8573,0.2395,38.58,95,92,299820
1.8964,0.2151,38.40,95,92,299823
1.8817,0.2297,38.30,95,92,299827
1.8328,0.2151,38.46,95,92,299830
1.8182,0.2004,38.58,95,92,299834
1.8280,0.2151,38.62,95,92,299837
1.8084,0.2444,38.62,95,92,299840
1.8622,0.2297,38.43,95,92,299844
1.8377,0.2199,38.65,95,92,299847
1.8280,0.2151,38.52,95,92,299850
1.8231,0.2151,38.58,95,92,299853
1.8231,0.2102,38.62,95,92,299857
1.8573,0.2248,38.43,95,92,299860
1.8328,0.2151,38.46,95,92,299864
1.8426,0.2151,38.46,95,92,299868
1.8035,0.2151,38.68,95,92,299871
1.7937,0.2248,38.65,95,92,299874
1.8280,0.1906,38.49,95,92,299878
1.8280,0.2151,38.58,95,92,299881
1.8768,0.2199,38.49,95,92,299884
1.8866,0.2151,38.58,95,92,299888
1.8622,0.2102,38.84,95,92,299891
1.8817,0.2151,38.52,95,92,299894
1.8280,0.2102,38.58,95,92,299897
1.8573,0.2151,37.87,95,92,299901
1.8426,0.2102,38.65,95,92,299905
1.8817,0.2102,38.71,95,92,299908
1.9257,0.2248,38.55,95,92,299912
1.9062,0.2151,38.62,95,92,299915
1.9257,0.2542,38.33,95,92,299918
1.8768,0.1906,38.49,95,92,299922
1.8524,0.2102,38.62,95,92,299925
1.8524,0.2199,38.55,95,92,299928
1.8475,0.2102,38.65,95,92,299932
1.9257,0.2297,38.15,95,92,299935
1.9110,0.2199,38.52,95,92,299938
1.9110,0.2102,38.55,95,92,299941
1.9159,0.2151,38.58,95,92,299945
1.9159,0.2102,38.62,95,92,299949
1.9599,0.2248,38.55,95,92,299952
1.9404,0.2199,38.58,95,92,299956
1.9697,0.2102,38.49,95,92,299959
1.9795,0.2151,38.62,95,92,299962
1.9746,0.2151,38.62,95,92,299966
2.0039,0.2199,38.62,95,92,299969
1.9501,0.2248,38.58,95,92,299972
1.9355,0.2102,38.46,95,92,299976
1.8719,0.2151,38.62,95,92,299979
1.8573,0.2102,38.62,95,92,299982
1.8622,0.2199,38.27,95,92,299986
1.8182,0.2102,38.62,95,92,299990
1.8377,0.2151,38.43,95,92,299993
1.8084,0.2151,38.52,95,92,299996
1.7986,0.2151,38.62,95,92,300000
1.8182,0.2199,38.55,95,92,300003
1.7889,0.2151,38.62,95,92,300006
1.8182,0.2199,38.33,95,92,300010
1.7742,0.2151,38.52,95,92,300013
1.7595,0.2102,38.58,95,92,300016
1.7889,0.2151,38.58,95,92,300020
1.7546,0.2151,38.68,95,92,300023
1.7889,0.2346,38.36,95,92,300026
1.7449,0.2151,38.52,95,92,300030
1.7400,0.2151,38.55,95,92,300034
1.7498,0.2151,38.62,95,92,300037
1.7644,0.2151,38.62,95,92,300041
1.8035,0.2199,38.55,95,92,300044
1.7791,0.2248,38.55,95,92,300047
1.7840,0.2151,38.49,95,92,300050
1.7595,0.2151,38.62,95,92,300054
1.7595,0.2102,38.62,95,92,300057
1.8133,0.2248,38.46,95,92,300060
1.8084,0.1906,38.58,95,92,300064
1.8671,0.2199,38.46,95,92,300067
1.8964,0.2151,38.58,95,92,300070
1.9941,0.2151,38.62,95,92,300075
2.1408,0.2248,38.46,95,92,300078
2.3021,0.2102,38.58,95,92,300081
2.5415,0.2151,38.43,95,92,300085
2.7517,0.2297,38.58,95,92,300088
3.0156,0.2151,38.62,95,92,300091
3.2502,0.2199,38.52,95,92,300094
3.3236,0.2102,38.81,95,92,300098
3.3040,0.2248,38.36,95,92,300101
2.9765,0.2102,38.62,95,92,300104
2.6344,0.2151,38.62,95,92,300108
2.3069,0.2102,38.55,95,92,300111
1.9990,0.2102,38.55,95,92,300114
1.8035,0.2297,38.33,95,92,300119
1.5934,0.2199,38.52,95,92,300122
1.4418,0.2102,38.58,95,92,300125
1.3587,0.2199,38.58,95,92,300129
1.3050,0.2102,38.62,95,92,300132
1.3245,0.2297,38.40,95,92,300135
1.2757,0.2199,38.52,95,92,300138
1.2708,0.2102,38.58,95,92,300142
1.2903,0.2151,38.62,95,92,300145
1.3245,0.2102,38.58,95,92,300148
1.3783,0.2248,38.49,95,92,300152
1.3783,0.2444,38.58,95,92,300155
1.4076,0.2102,38.46,95,92,300158
1.4125,0.2151,38.68,95,92,300163
1.4370,0.2102,38.62,95,92,300166
1.4663,0.2151,38.43,95,92,300169
1.4809,0.2248,38.58,95,92,300173
1.5200,0.2199,38.52,95,92,300176
1.5054,0.2151,38.58,95,92,300179
1.5200,0.2151,38.62,95,92,300182
1.5591,0.2248,38.55,95,92,300186
1.5543,0.2346,38.58,95,92,300189
1.5836,0.2151,38.43,95,92,300192
1.5836,0.2151,38.49,95,92,300196
1.6080,0.2102,38.62,95,92,300199
1.6080,0.2248,38.62,95,92,300203
1.5934,0.2297,38.62,95,92,300207
1.6471,0.2248,38.36,95,92,300210
1.6325,0.2102,38.46,95,92,300213
1.6569,0.2151,38.62,95,92,300217
1.6276,0.2199,38.62,95,92,300220
1.6178,0.2199,38.62,95,92,300223
1.6667,0.2297,38.33,95,92,300226
1.6569,0.2102,38.55,95,92,300230
1.6471,0.2102,38.58,95,92,300233
1.6471,0.2151,38.65,95,92,300236
1.6569,0.2151,38.62,95,92,300240
1.6960,0.2395,38.49,95,92,300243
1.6667,0.2199,38.58,95,92,300247
1.6569,0.2151,38.49,95,92,300251
1.6813,0.2151,38.58,95,92,300254
1.6520,0.2102,38.71,95,92,300257
1.6911,0.2199,38.46,95,92,300261
1.6716,0.2151,38.58,95,92,300264
1.7009,0.2199,38.49,95,92,300267
1.6813,0.2248,38.68,95,92,300271
1.6911,0.2102,38.62,95,92,300274
1.7058,0.2199,38.43,95,92,300277
1.6911,0.2102,38.58,95,92,300280
1.7204,0.2151,38.46,95,92,300284
1.6960,0.2151,38.58,95,92,300288
1.7253,0.2199,38.68,95,92,300291
1.7107,0.2199,38.52,95,92,300295
1.6960,0.2102,38.58,95,92,300298
1.7400,0.2199,38.36,95,92,300301
1.7107,0.2102,38.71,95,92,300305
1.7155,0.2199,38.58,95,92,300308
1.7253,0.2199,38.58,95,92,300311
1.7351,0.2151,38.62,95,92,300315
1.7889,0.2248,38.30,95,92,300318
1.7546,0.2199,38.52,95,92,300321
1.7546,0.2102,38.58,95,92,300324
1.7693,0.2199,38.58,95,92,300328
1.7742,0.2102,38.65,95,92,300332
1.8231,0.2102,38.40,95,92,300335
1.7937,0.2199,38.52,95,92,300339
1.7742,0.2199,38.52,95,92,300342
1.7644,0.2151,38.58,95,92,300345
1.7644,0.2199,38.62,95,92,300349
1.8035,0.2199,38.46,95,92,300352
1.7937,0.2151,38.55,95,92,300355
1.8182,0.2151,38.49,95,92,300359
1.8084,0.2151,38.74,95,92,300362
1.8377,0.2151,38.58,95,92,300365
1.8426,0.2151,38.52,95,92,300368
1.8377,0.2151,38.58,95,92,300372
1.8671,0.2151,38.49,95,92,300376
1.8280,0.2151,38.62,95,92,300379
1.8280,0.2102,38.62,95,92,300383
1.8426,0.2199,38.55,95,92,300386
1.8182,0.2102,38.58,95,92,300389
1.8573,0.2199,38.43,95,92,300393
1.8426,0.2151,38.49,95,92,300396
1.8328,0.2102,38.62,95,92,300399
1.8573,0.2151,38.52,95,92,300403
1.8280,0.2151,38.62,95,92,300406
1.8671,0.2248,38.30,95,92,300409
1.8280,0.2151,38.49,95,92,300413
1.8182,0.2102,38.58,95,92,300417
1.8182,0.2151,38.58,95,92,300420
1.8035,0.2151,38.58,95,92,300423
1.8524,0.2297,38.43,95,92,300427
1.8133,0.2199,38.55,95,92,300430
1.7986,0.2102,37.83,95,92,300433
1.7889,0.2151,38.62,95,92,300437
1.7693,0.2151,38.62,95,92,300440
1.7840,0.2102,38.68,95,92,300444
1.8084,0.2199,38.52,95,92,300447
1.7937,0.2102,38.58,95,92,300450
1.8035,0.2151,38.55,95,92,300454
1.7840,0.2151,38.52,95,92,300457
1.7791,0.2102,38.62,95,92,300461
1.7937,0.2297,38.52,95,92,300465
1.7644,0.2102,38.62,95,92,300468
1.8035,0.2199,38.40,95,92,300471
1.7742,0.2102,38.55,95,92,300475
1.7693,0.1906,38.62,95,92,300478
1.7840,0.2199,38.62,95,92,300481
1.7742,0.2151,38.62,95,92,300484
1.8475,0.2248,38.30,95,92,300488
1.7889,0.2151,38.52,95,92,300491
1.7840,0.2053,38.58,95,92,300494
1.7937,0.2199,38.58,95,92,300498
1.7937,0.2248,38.62,95,92,300502
1.8475,0.2297,38.43,95,92,300505
1.8133,0.2199,38.55,95,92,300509
1.8035,0.2199,38.52,95,92,300512
1.7986,0.2151,38.58,95,92,300515
1.7986,0.2151,38.58,95,92,300519
1.8377,0.2248,38.11,95,92,300522
1.8524,0.2102,38.58,95,92,300525
1.8475,0.2151,38.46,95,92,300528
1.8280,0.2151,38.58,95,92,300532
1.8328,0.2151,38.62,95,92,300535
1.8622,0.2199,38.58,95,92,300538
1.8426,0.2151,38.62,95,92,300542
1.8768,0.2151,38.49,95,92,300546
1.8475,0.2102,38.55,95,92,300549
1.8817,0.2151,38.62,95,92,300553
1.8866,0.2199,38.55,95,92,300556
1.8866,0.2346,38.62,95,92,300559
1.9257,0.2102,38.40,95,92,300563
1.9159,0.2151,38.68,95,92,300566
1.9355,0.2199,38.58,95,92,300569
1.9648,0.2199,38.55,95,92,300572
1.9501,0.2248,38.62,95,92,300576
1.9941,0.2248,38.33,95,92,300579
1.9550,0.2199,38.52,95,92,300582
1.9159,0.2199,38.62,95,92,300587
1.9013,0.2199,38.65,95,92,300590
1.8671,0.2199,38.62,95,92,300593
1.8964,0.2297,38.40,95,92,300597
1.8328,0.2248,38.52,95,92,300600
1.8133,0.2199,38.52,95,92,300603
1.8035,0.2102,38.58,95,92,300607
1.7937,0.2102,38.68,95,92,300610
1.8182,0.2297,38.46,95,92,300613
1.7840,0.2199,38.58,95,92,300616
1.7791,0.2151,38.49,95,92,300620
1.7498,0.2151,38.58,95,92,300623
1.7400,0.2151,38.71,95,92,300626
1.7546,0.2199,38.55,95,92,300631
1.7400,0.2151,38.62,95,92,300634
1.7595,0.2199,38.87,95,92,300637
1.7351,0.2151,38.62,95,92,300641
1.7351,0.2151,38.62,95,92,300644
1.7644,0.2248,38.49,95,92,300647
1.7400,0.2151,38.62,95,92,300651
1.7791,0.2151,38.46,95,92,300654
1.7400,0.2102,38.52,95,92,300657
1.7302,0.2151,38.58,95,92,300661
1.7449,0.2199,38.52,95,92,300664
1.7253,0.2151,38.65,95,92,300667
1.7693,0.2102,38.33,95,92,300670
1.7595,0.2151,38.55,95,92,300675
1.7742,0.2199,38.68,95,92,300678
1.8231,0.1906,38.55,95,92,300681
1.8622,0.2151,38.58,95,92,300685
1.9892,0.2248,38.43,95,92,300688
2.0479,0.2151,38.62,95,92,300691
2.1750,0.2053,38.55,95,92,300695
2.3558,0.2199,38.58,95,92,300698
2.5709,0.2248,38.62,95,92,300701
2.8690,0.2297,38.46,95,92,300705
3.0596,0.2199,38.55,95,92,300708
3.2160,0.2151,38.58,95,92,300711
3.2356,0.2102,38.62,95,92,300715
3.0890,0.2151,38.65,95,92,300719
2.8592,0.2248,38.49,95,92,300722
2.4976,0.2151,38.58,95,92,300725
2.2190,0.2248,38.46,95,92,300729
1.9550,0.2151,38.62,95,92,300732
1.7302,0.2151,38.62,95,92,300735
1.5982,0.2199,38.49,95,92,300739
1.4761,0.1906,38.58,95,92,300742
1.4125,0.2151,38.52,95,92,300745
1.3539,0.2151,38.58,95,92,300749
1.3343,0.2151,38.62,95,92,300752
1.3294,0.2102,38.49,95,92,300755
1.3343,0.1906,38.62,95,92,300759
1.3685,0.2199,38.40,95,92,300763
1.3881,0.2151,38.62,95,92,300766
1.3930,0.2102,38.62,95,92,300769
1.4174,0.2297,38.55,95,92,300773
1.4272,0.2151,38.62,95,92,300776
1.4858,0.2395,38.30,95,92,300779
1.5152,0.2248,38.55,95,92,300783
1.4809,0.2102,37.87,95,92,300786
1.5200,0.2199,38.58,95,92,300789
1.5152,0.2151,38.58,95,92,300793
1.5738,0.2297,38.40,95,92,300796
1.5494,0.2199,38.52,95,92,300800
1.5591,0.2102,38.55,95,92,300803
1.5738,0.2151,38.62,95,92,300807
1.5934,0.1906,38.62,95,92,300810
1.6227,0.2248,38.40,95,92,300813
1.6080,0.2151,38.55,95,92,300817
1.6373,0.2102,38.46,95,92,300820
1.6227,0.2151,38.21,95,92,300823
1.6325,0.2151,38.62,95,92,300827
1.6569,0.2542,38.52,95,92,300830
1.6520,0.2248,38.58,95,92,300833
1.6862,0.2199,38.49,95,92,300837
1.6618,0.2199,38.58,95,92,300840
1.6716,0.2102,38.62,95,92,300844
1.6960,0.2199,38.55,95,92,300847
1.6716,0.2151,38.58,95,92,300851
1.7009,0.2151,38.43,95,92,300854
1.6813,0.2151,38.52,95,92,300857
1.6764,0.2151,38.65,95,92,300861
1.7009,0.2297,38.52,95,92,300864
1.6960,0.2151,38.58,95,92,300867
1.7204,0.2248,38.36,95,92,300871
1.7009,0.2395,38.55,95,92,300874
1.6960,0.2199,38.62,95,92,300877
1.7058,0.2199,38.58,95,92,300881
1.6960,0.2151,38.62,95,92,300884
1.7449,0.2248,38.27,95,92,300888
1.6960,0.2151,38.52,95,92,300891
1.7058,0.2102,38.49,95,92,300895
1.7107,0.2248,38.62,95,92,300898
1.7107,0.2151,38.62,95,92,300901
1.7595,0.2590,38.43,95,92,300905
1.7644,0.2199,38.55,95,92,300908
1.7302,0.2151,38.49,95,92,300911
1.7253,0.2151,38.58,95,92,300915
1.7253,0.2151,38.62,95,92,300918
1.7595,0.2248,38.40,95,92,300921
1.7498,0.2199,38.58,95,92,300925
1.7644,0.2151,38.49,95,92,300929
1.7449,0.2199,38.62,95,92,300932
1.7449,0.2151,38.62,95,92,300935
1.7693,0.2248,38.49,95,92,300939
1.7498,0.2151,38.62,95,92,300942
1.7791,0.2151,38.43,95,92,300945
1.7840,0.2199,38.55,95,92,300949
1.7644,0.2151,38.58,95,92,300952
1.7791,0.2199,38.49,95,92,300955
1.7791,0.2151,38.62,95,92,300959
1.8133,0.2199,38.40,95,92,300962
1.7937,0.1906,38.62,95,92,300965
1.8035,0.2151,38.62,95,92,300969
1.8280,0.2248,38.55,95,92,300973
1.8182,0.2151,38.71,95,92,300976
1.8719,0.2248,38.33,95,92,300980
1.8524,0.2199,38.52,95,92,300983
1.8475,0.2102,38.55,95,92,300986
1.8573,0.2151,38.58,95,92,300989
1.8524,0.2102,38.58,95,92,300993
1.9110,0.2395,38.43,95,92,300996
1.8768,0.2248,38.55,95,92,300999
1.8719,0.2053,38.52,95,92,301003
1.8671,0.2151,38.62,95,92,301006
1.8622,0.2199,38.62,95,92,301009
1.8915,0.2248,38.49,95,92,301014
1.8671,0.2151,38.55,95,92,301017
1.8768,0.2151,38.46,95,92,301020
1.8573,0.2151,38.65,95,92,301024
1.8573,0.2151,38.58,95,92,301027
1.8573,0.2151,38.49,95,92,301030
1.8671,0.2102,38.58,95,92,301034
1.8622,0.2151,38.52,95,92,301037
1.8280,0.2151,38.62,95,92,301040
1.8280,0.2151,38.58,95,92,301043
1.8475,0.2346,38.49,95,92,301047
1.8133,0.2688,38.55,95,92,301050
1.7986,0.2102,38.65,95,92,301054
1.8475,0.2297,38.33,95,92,301058
1.8035,0.1906,38.49,95,92,301061
1.7889,0.2102,38.55,95,92,301065
1.7889,0.2542,38.58,95,92,301068
1.7840,0.2102,38.62,95,92,301071
1.8182,0.2297,38.46,95,92,301075
1.7840,0.2199,38.55,95,92,301078
1.7889,0.2151,38.52,95,92,301081
1.7742,0.2151,38.58,95,92,301085
1.7742,0.2151,38.62,95,92,301088
1.7986,0.2151,38.58,95,92,301091
1.7840,0.2151,38.58,95,92,301095
1.8035,0.2199,38.46,95,92,301099
1.7840,0.2151,38.58,95,92,301102
1.7889,0.2151,38.65,95,92,301105
1.8231,0.2151,38.46,95,92,301109
1.7937,0.2151,38.71,95,92,301112
1.8231,0.2199,38.43,95,92,301115
1.8182,0.2151,38.58,95,92,301119
1.8133,0.2151,38.62,95,92,301122
1.8377,0.2248,38.49,95,92,301125
1.8231,0.2102,38.58,95,92,301129
1.8768,0.2199,38.43,95,92,301132
1.8377,0.2151,38.77,95,92,301135
1.8573,0.2151,38.68,95,92,301139
1.8573,0.2199,38.74,95,92,301143
1.8573,0.2102,38.58,95,92,301146
1.9208,0.2102,38.30,95,92,301150
1.8817,0.2151,38.52,95,92,301153
1.9208,0.2102,38.62,95,92,301156
1.8964,0.2199,38.40,95,92,301159
1.8964,0.2151,38.58,95,92,301163
1.9550,0.2297,38.46,95,92,301166
1.9306,0.2199,38.52,95,92,301169
1.9306,0.2151,38.49,95,92,301173
1.9306,0.2151,38.55,95,92,301176
1.9404,0.2151,38.62,95,92,301179
1.9941,0.2248,38.46,95,92,301184
1.9990,0.2151,38.68,95,92,301187
2.0186,0.2199,38.46,95,92,301190
1.9990,0.2151,38.65,95,92,301194
2.0039,0.2199,38.58,95,92,301197
2.0186,0.2199,38.52,95,92,301200
1.9795,0.2151,38.58,95,92,301203
1.9844,0.2102,38.49,95,92,301207
1.9257,0.2102,38.58,95,92,301210
1.9013,0.2151,38.68,95,92,301213
1.8964,0.2151,38.49,95,92,301217
1.8622,0.2151,38.62,95,92,301220
1.8817,0.2542,38.36,95,92,301223
1.8426,0.2151,37.83,95,92,301228
1.8377,0.2151,38.62,95,92,301231
1.8475,0.2199,37.87,95,92,301234
1.8573,0.2151,38.62,95,92,301238
1.8671,0.2248,37.68,95,92,301241
1.8280,0.2151,38.52,95,92,301244
1.8426,0.2102,38.62,95,92,301248
1.8133,0.2199,38.58,95,92,301251
1.8084,0.2151,38.62,95,92,301254
1.8622,0.2346,38.40,95,92,301257
1.8231,0.2639,38.58,95,92,301261
1.8182,0.2151,38.52,95,92,301264
1.8035,0.2151,38.58,95,92,301267
1.8035,0.2151,38.62,95,92,301272
1.8377,0.2248,38.49,95,92,301275
1.8133,0.2151,38.55,95,92,301278
1.8231,0.2151,38.49,95,92,301282
1.7986,0.2248,38.62,95,92,301285
1.8084,0.2102,38.58,95,92,301288
1.8377,0.2199,38.52,95,92,301292
1.8475,0.2151,38.58,95,92,301295
1.8915,0.2199,38.49,95,92,301298
1.9062,0.2151,38.58,95,92,301301
1.9599,0.2151,38.58,95,92,301305
2.0626,0.2395,38.49,95,92,301308
2.1457,0.2151,38.65,95,92,301312
2.3216,0.2199,38.40,95,92,301316
2.4976,0.2151,38.49,95,92,301319
2.6931,0.2151,38.74,95,92,301322
2.9668,0.2248,38.52,95,92,301326
3.1476,0.2151,38.65,95,92,301329
3.3480,0.2199,38.33,95,92,301332
3.2454,0.2151,38.58,95,92,301336
3.0303,0.2151,38.62,95,92,301339
2.7419,0.2199,38.58,95,92,301342
2.4291,0.2102,38.62,95,92,301346
2.2190,0.2297,38.36,95,92,301349
1.9404,0.2199,38.52,95,92,301352
1.7546,0.2102,38.49,95,92,301356
1.6129,0.2199,38.58,95,92,301360
1.5103,0.2151,38.68,95,92,301363
1.4809,0.2248,38.49,95,92,301366
1.4223,0.2151,38.58,95,92,301370
1.4076,0.2151,38.43,95,92,301373
1.3930,0.2151,38.58,95,92,301376
1.4027,0.2151,38.68,95,92,301380
1.4418,0.2151,38.43,95,92,301383
1.4467,0.2151,38.65,95,92,301386
1.4809,0.2199,38.55,95,92,301390
1.4663,0.2102,38.58,95,92,301393
1.4907,0.2151,38.62,95,92,301396
1.5152,0.2151,38.49,95,92,301400
1.5249,0.2151,38.65,95,92,301404
1.5591,0.2199,38.40,95,92,301407
1.5640,0.2151,38.55,95,92,301410
1.5738,0.2151,38.62,95,92,301414
1.6031,0.2102,38.55,95,92,301417
1.5982,0.2151,38.65,95,92,301420
1.6422,0.2542,38.36,95,92,301424
1.6129,0.2102,38.55,95,92,301427
1.6569,0.2151,38.62,95,92,301430
1.6422,0.2199,38.58,95,92,301434
1.6422,0.2248,38.58,95,92,301437
1.6960,0.2297,38.36,95,92,301441
1.6667,0.2199,38.62,95,92,301445
1.6911,0.2151,38.55,95,92,301448
1.6764,0.2248,38.58,95,92,301451
1.6764,0.2151,38.68,95,92,301454
1.7204,0.2248,38.43,95,92,301458
1.7009,0.2151,38.55,95,92,301461
1.7155,0.2151,38.49,95,92,301464
1.7058,0.2151,38.62,95,92,301468
1.7009,0.2102,38.62,95,92,301471
1.7400,0.2199,38.55,95,92,301474
1.7204,0.2199,38.74,95,92,301478
1.7449,0.2248,38.46,95,92,301481
1.7302,0.2151,38.62,95,92,301485
1.7400,0.2346,38.62,95,92,301489
1.7498,0.2151,38.52,95,92,301492
1.7546,0.2151,38.71,95,92,301495
1.7840,0.2493,38.46,95,92,301498
1.7644,0.2151,38.58,95,92,301502
1.7693,0.2444,38.46,95,92,301505
1.7937,0.2248,38.52,95,92,301508
1.7791,0.2199,38.58,95,92,301512
1.8280,0.2199,38.36,95,92,301515
1.8133,0.2199,38.49,95,92,301518
1.8133,0.2102,38.58,95,92,301522
1.8280,0.2199,38.52,95,92,301526
1.8084,0.2151,38.62,95,92,301529
1.8573,0.2248,38.33,95,92,301533
1.8133,0.2151,38.55,95,92,301536
1.8035,0.2102,38.58,95,92,301539
1.8035,0.2151,38.68,95,92,301543
1.7986,0.2151,38.58,95,92,301546
1.8524,0.2297,38.49,95,92,301549
1.8133,0.2346,38.52,95,92,301552
1.8084,0.2102,38.52,95,92,301556
1.7889,0.2151,38.52,95,92,301559
1.7889,0.2053,38.62,95,92,301562
1.8133,0.2248,38.58,95,92,301566
1.7889,0.2199,38.58,95,92,301570
1.8133,0.2199,38.46,95,92,301573
1.7986,0.2151,38.58,95,92,301577
1.8182,0.2102,38.62,95,92,301580
1.8328,0.2248,38.84,95,92,301583
1.7986,0.2102,38.62,95,92,301587
1.8328,0.2151,38.46,95,92,301590
1.8084,0.2053,38.52,95,92,301593
1.8133,0.2199,38.62,95,92,301596
1.8377,0.2199,38.71,95,92,301600
1.8182,0.2248,38.68,95,92,301603
1.8573,0.1906,38.40,95,92,301606
1.8280,0.2151,38.52,95,92,301611
1.8280,0.2199,38.62,95,92,301614
1.8426,0.2199,38.55,95,92,301617
1.8182,0.2151,38.58,95,92,301621
1.8671,0.2248,38.33,95,92,301624
1.7986,0.2199,38.52,95,92,301627
1.7840,0.2102,38.62,95,92,301631
1.7889,0.2199,38.65,95,92,301634
1.7937,0.2151,38.58,95,92,301637
1.8280,0.2297,38.40,95,92,301641
1.7791,0.2248,38.46,95,92,301644
1.7595,0.2151,38.52,95,92,301647
1.7546,0.2151,38.55,95,92,301650
1.7693,0.2151,38.62,95,92,301655
1.7693,0.2248,38.46,95,92,301658
1.6569,0.2151,38.46,95,92,301662
1.6227,0.2004,38.58,95,92,301665
1.6276,0.2151,38.43,95,92,301668
1.6031,0.2102,38.52,95,92,301672
1.6178,0.2102,38.62,95,92,301675
1.6178,0.2199,38.52,95,92,301678
1.6031,0.2395,38.58,95,92,301682
1.6373,0.2199,38.43,95,92,301685
1.6178,0.2542,38.58,95,92,301688
1.6422,0.2102,38.62,95,92,301692
1.6520,0.2199,38.40,95,92,301696
1.6373,0.2199,38.62,95,92,301699
1.6716,0.2248,38.30,95,92,301703
1.6325,0.2346,38.52,95,92,301706
1.6129,0.1906,38.62,95,92,301709
1.6178,0.2151,38.71,95,92,301712
1.6227,0.2346,38.62,95,92,301716
1.6813,0.2297,38.43,95,92,301719
1.6667,0.2297,38.58,95,92,301722
1.6716,0.2151,38.52,95,92,301726
1.6667,0.2151,38.49,95,92,301729
1.6716,0.2199,38.68,95,92,301732
1.7058,0.2248,38.46,95,92,301736
1.6862,0.2248,38.68,95,92,301740
1.7107,0.2151,38.46,95,92,301743
1.7058,0.2151,38.58,95,92,301747
1.7204,0.1906,38.62,95,92,301750
1.7302,0.2151,38.43,95,92,301753
1.7302,0.2199,38.58,95,92,301756
1.7644,0.2151,38.46,95,92,301760
1.7546,0.2151,38.58,95,92,301763
1.7546,0.2102,38.62,95,92,301766
1.7986,0.2395,38.46,95,92,301770
1.7889,0.2151,38.68,95,92,301773
1.8231,0.2297,38.36,95,92,301776
1.8035,0.2199,38.49,95,92,301780
1.7986,0.2151,38.74,95,92,301784
1.8377,0.2199,38.55,95,92,301787
1.8377,0.2151,38.58,95,92,301791
1.9062,0.2297,38.30,95,92,301794
1.8817,0.2151,37.74,95,92,301797
1.8915,0.1955,38.68,95,92,301801
1.9159,0.2199,38.62,95,92,301804
1.9208,0.2151,38.55,95,92,301807
1.9795,0.2346,38.43,95,92,301810
1.9306,0.2199,38.62,95,92,301814
1.9159,0.2151,38.49,95,92,301817
1.9062,0.2102,38.58,95,92,301820
1.8671,0.2151,38.62,95,92,301825
1.8817,0.2248,38.49,95,92,301828
1.8328,0.2151,38.58,95,92,301831
1.8377,0.2199,38.46,95,92,301835
1.8133,0.2151,38.62,95,92,301838
1.8182,0.2151,38.62,95,92,301841
1.8475,0.2248,38.49,95,92,301845
1.8084,0.2053,38.58,95,92,301848
1.8182,0.1906,38.46,95,92,301851
1.7791,0.2102,38.52,95,92,301855
1.7644,0.2395,38.68,95,92,301858
1.7742,0.2151,38.49,95,92,301861
1.7498,0.2199,38.62,95,92,301864
1.7791,0.2151,38.43,95,92,301869
1.7546,0.2151,38.52,95,92,301872
1.7546,0.2102,38.62,95,92,301875
1.7546,0.2199,38.55,95,92,301879
1.7400,0.2395,38.62,95,92,301882
1.7791,0.2151,38.33,95,92,301885
1.7498,0.2102,38.55,95,92,301889
1.7693,0.2151,38.62,95,92,301892
1.7791,0.2199,38.15,95,92,301895
1.7791,0.2151,38.62,95,92,301899
1.8280,0.2297,38.36,95,92,301902
1.7986,0.2248,38.52,95,92,301905
1.7986,0.2151,38.55,95,92,301908
1.8231,0.2248,38.58,95,92,301913
1.8622,0.1906,38.62,95,92,301916
1.9501,0.2248,38.40,95,92,301919
2.0088,0.2151,38.55,95,92,301923
2.1457,0.2102,38.46,95,92,301926
2.2825,0.2151,38.58,95,92,301929
2.4927,0.2053,38.58,95,92,301933
2.7810,0.2199,38.49,95,92,301936
3.0010,0.2151,38.62,95,92,301939
3.2454,0.2199,38.87,95,92,301943
3.2845,0.2151,38.65,95,92,301946
3.2063,0.2102,38.58,95,92,301949
2.9863,0.2151,38.52,95,92,301953
2.6588,0.2199,38.58,95,92,301957
2.3803,0.2102,38.46,95,92,301960
2.0626,0.2151,38.62,95,92,301963
1.8426,0.2199,38.58,95,92,301967
1.6911,0.2199,38.52,95,92,301970
1.5396,0.2199,38.58,95,92,301973
1.4761,0.2199,38.36,95,92,301977
1.4027,0.2199,38.49,95,92,301980
1.3587,0.2151,38.62,95,92,301983
1.3587,0.2444,38.52,95,92,301987
1.3539,0.2151,38.62,95,92,301990
1.3978,0.2248,38.30,95,92,301993
1.3930,0.2199,38.49,95,92,301997
1.4174,0.2102,38.58,95,92,302001
1.4370,0.2151,38.49,95,92,302004
1.4467,0.2151,38.58,95,92,302007
1.5054,0.2297,38.43,95,92,302011
1.5005,0.2590,38.55,95,92,302014
1.5200,0.2151,38.52,95,92,302017
1.5298,0.2151,38.58,95,92,302021
1.5543,0.2151,38.62,95,92,302024
1.5689,0.2248,38.62,95,92,302027
1.5591,0.2395,38.58,95,92,302031
1.6325,0.2151,38.46,95,92,302034
1.5982,0.2199,38.68,95,92,302038
1.6325,0.2102,38.62,95,92,302041
1.6373,0.2248,38.58,95,92,302045
1.6178,0.2199,38.62,95,92,302048
1.6422,0.2151,38.49,95,92,302051
1.6227,0.2102,38.55,95,92,302055
1.6325,0.2151,38.62,95,92,302058
1.6618,0.2199,38.46,95,92,302061
1.6471,0.2151,38.62,95,92,302065
1.6813,0.2199,38.40,95,92,302068
1.6716,0.2151,38.55,95,92,302071
1.6764,0.2102,38.58,95,92,302075
1.6960,0.2102,38.55,95,92,302078
1.6862,0.2151,38.62,95,92,302082
1.7155,0.2444,38.30,95,92,302086
1.6716,0.2102,38.52,95,92,302089
1.6862,0.2102,38.58,95,92,302092
1.6960,0.2199,38.68,95,92,302095
1.6960,0.2151,38.62,95,92,302099
1.7400,0.2297,38.36,95,92,302102
1.7009,0.2102,38.58,95,92,302105
1.6960,0.2102,38.55,95,92,302109
1.6911,0.2248,38.58,95,92,302112
1.7155,0.2151,38.58,95,92,302115
1.7498,0.2248,38.30,95,92,302119
1.7498,0.2151,38.55,95,92,302123
1.7644,0.2151,38.49,95,92,302126
1.7400,0.2151,38.62,95,92,302130
1.7644,0.2102,38.62,95,92,302133
1.7546,0.2248,38.49,95,92,302136
1.7498,0.2151,38.62,95,92,302139
1.7791,0.2199,38.52,95,92,302143
1.7546,0.2151,38.74,95,92,302146
1.7595,0.2199,38.62,95,92,302149
1.7742,0.2151,38.55,95,92,302153
1.7644,0.2639,38.58,95,92,302156
1.7986,0.2151,38.40,95,92,302159
1.7644,0.2102,38.62,95,92,302163
1.8084,0.2102,38.58,95,92,302167
1.7889,0.2199,38.55,95,92,302170
1.7937,0.2151,38.62,95,92,302174
1.8231,0.2199,38.05,95,92,302177
1.8084,0.2346,38.52,95,92,302180
1.8084,0.2199,38.62,95,92,302183
1.8377,0.2199,38.58,95,92,302187
1.8377,0.2297,38.58,95,92,302190
1.8915,0.2297,38.30,95,92,302193
1.8524,0.2151,38.55,95,92,302197
1.8328,0.2199,38.55,95,92,302200
1.8328,0.2151,38.58,95,92,302203
1.8280,0.2102,38.58,95,92,302208
1.8915,0.2248,38.43,95,92,302211
1.8671,0.2199,38.58,95,92,302214
1.8817,0.2151,38.81,95,92,302218
1.8671,0.2151,38.62,95,92,302221
1.8622,0.2151,38.62,95,92,302224
1.8964,0.2199,38.58,95,92,302227
1.8915,0.2151,38.58,95,92,302231
1.9257,0.2248,38.43,95,92,302234
1.8866,0.2151,38.65,95,92,302237
1.8622,0.2151,38.58,95,92,302241
1.8817,0.2199,38.49,95,92,302244
1.8573,0.2248,38.62,95,92,302247
1.8866,0.2151,38.52,95,92,302252
1.8719,0.2639,38.52,95,92,302255
1.8622,0.2102,38.62,95,92,302258
1.8671,0.2297,38.49,95,92,302262
1.8377,0.1906,38.62,95,92,302265
1.8768,0.2199,38.36,95,92,302268
1.8671,0.2297,38.36,95,92,302272
1.8280,0.2151,38.52,95,92,302275
1.8231,0.2102,38.52,95,92,302279
1.8328,0.2151,38.58,95,92,302282
1.8377,0.2102,38.65,95,92,302285
1.8719,0.2297,38.62,95,92,302289
1.8280,0.1906,38.58,95,92,302292
1.8035,0.1906,38.55,95,92,302296
1.7742,0.2102,38.62,95,92,302299
1.7791,0.2102,38.62,95,92,302303
1.8035,0.2248,38.49,95,92,302306
1.7889,0.2151,38.58,95,92,302309
1.8231,0.2199,38.49,95,92,302313
1.8035,0.2102,38.55,95,92,302316
1.7937,0.2102,38.62,95,92,302319
1.8035,0.2248,38.55,95,92,302323
1.8084,0.2151,38.62,95,92,302326
1.8475,0.2151,38.46,95,92,302329
1.8573,0.2151,38.55,95,92,302333
1.8182,0.2102,38.62,95,92,302337
1.8377,0.2199,38.55,95,92,302340
1.8182,0.2102,38.68,95,92,302343
1.8622,0.2199,38.36,95,92,302347
1.8182,0.2102,38.55,95,92,302350
1.8133,0.2102,38.62,95,92,302353
1.8280,0.2346,38.58,95,92,302357
1.8182,0.2102,38.62,95,92,302360
1.8719,0.2297,38.36,95,92,302363
1.8768,0.2199,38.46,95,92,302367
1.8622,0.2102,38.58,95,92,302370
1.9013,0.2199,38.58,95,92,302373
1.8573,0.2151,38.62,95,92,302377
1.9110,0.2297,38.43,95,92,302381
1.8915,0.2199,38.55,95,92,302384
1.8964,0.2151,38.46,95,92,302388
1.8768,0.2199,38.68,95,92,302391
1.8671,0.2102,38.65,95,92,302394
1.9257,0.2248,38.46,95,92,302397
1.9404,0.2151,38.58,95,92,302401
1.9892,0.2199,38.46,95,92,302404
1.9550,0.2102,38.58,95,92,302407
1.9453,0.2102,38.62,95,92,302411
1.9501,0.2151,38.52,95,92,302414
1.9453,0.2151,38.58,95,92,302417
1.9844,0.2151,38.46,95,92,302422
1.9404,0.1906,38.62,95,92,302425
1.9257,0.2151,38.58,95,92,302428
1.9257,0.2297,38.49,95,92,302432
1.8964,0.2151,38.62,95,92,302435
1.9110,0.2199,38.36,95,92,302438
1.8671,0.2248,38.49,95,92,302441
1.8426,0.2102,38.62,95,92,302445
1.8573,0.2102,38.55,95,92,302448
1.8377,0.2151,38.62,95,92,302451
1.8866,0.2248,38.27,95,92,302455
1.8426,0.2151,38.49,95,92,302458
1.8133,0.2102,38.58,95,92,302461
1.7937,0.2102,38.58,95,92,302466
1.7986,0.2102,38.68,95,92,302469
1.8524,0.2297,38.58,95,92,302472
1.8035,0.1906,38.55,95,92,302476
1.7889,0.2102,38.58,95,92,302479
1.7840,0.2248,38.68,95,92,302482
1.7889,0.2102,38.62,95,92,302485
1.8084,0.2248,38.55,95,92,302489
1.7791,0.2199,38.58,95,92,302492
1.8035,0.2102,38.49,95,92,302495
1.7840,0.2151,38.62,95,92,302499
1.7986,0.2151,38.58,95,92,302502
1.8475,0.2248,38.46,95,92,302505
1.8377,0.2151,38.58,95,92,302510
1.8475,0.2199,38.74,95,92,302513
1.8084,0.2102,38.55,95,92,302516
1.8573,0.2102,38.62,95,92,302520
1.8964,0.2199,38.46,95,92,302523
1.9355,0.2151,38.58,95,92,302526
2.0186,0.2151,38.40,95,92,302529
2.0479,0.2102,38.68,95,92,302533
2.1505,0.2102,38.58,95,92,302536
2.3607,0.2248,38.58,95,92,302539
2.5513,0.2102,38.62,95,92,302543
2.8739,0.2199,38.36,95,92,302546
3.0792,0.2102,38.55,95,92,302550
3.2893,0.2102,38.77,95,92,302554
3.3920,0.2248,38.58,95,92,302557
3.2991,0.2102,38.62,95,92,302560
3.1329,0.2297,38.33,95,92,302564
2.7175,0.2151,38.55,95,92,302567
2.3509,0.2102,38.55,95,92,302570
2.0528,0.2151,38.58,95,92,302573
1.8084,0.2151,38.62,95,92,302577
1.6716,0.2248,38.15,95,92,302580
1.5005,0.2199,38.55,95,92,302583
1.3978,0.2151,38.90,95,92,302587
1.3441,0.2102,38.62,95,92,302590
1.3343,0.2102,38.62,95,92,302594
1.3490,0.2199,38.46,95,92,302598
1.3343,0.2151,38.58,95,92,302601
1.3734,0.2151,38.46,95,92,302604
1.3930,0.2151,38.58,95,92,302608
1.4321,0.2102,38.62,95,92,302611
1.4712,0.2248,38.55,95,92,302614
1.4761,0.2248,38.68,95,92,302617
1.5152,0.2151,38.49,95,92,302621
1.5152,0.2199,38.58,95,92,302624
1.5200,0.2102,38.62,95,92,302627
1.5543,0.2248,38.52,95,92,302631
1.5591,0.2151,38.62,95,92,302635
1.6080,0.2199,38.33,95,92,302638
1.6325,0.2199,38.49,95,92,302642
1.5934,0.2102,38.62,95,92,302645
1.6080,0.2248,38.55,95,92,302648
1.6129,0.2151,38.62,95,92,302652
1.6667,0.2248,38.36,95,92,302655
1.6520,0.2151,38.55,95,92,302658
1.6471,0.2102,38.55,95,92,302662
1.6520,0.1906,38.58,95,92,302665
1.6569,0.2102,38.62,95,92,302668
1.7204,0.2297,38.49,95,92,302671
1.6960,0.2102,38.55,95,92,302675
1.6813,0.2102,38.52,95,92,302679
1.6716,0.2151,38.65,95,92,302682
1.6764,0.2102,38.65,95,92,302686
1.7058,0.2297,38.52,95,92,302689
1.6862,0.2102,38.62,95,92,302692
1.6960,0.2151,38.52,95,92,302696
1.7058,0.2248,38.58,95,92,302699
1.6764,0.2102,38.65,95,92,302702
1.7204,0.2248,38.49,95,92,302706
1.7107,0.2102,38.55,95,92,302709
1.7253,0.2151,38.49,95,92,302712
1.6862,0.2053,38.55,95,92,302715
1.6813,0.2102,38.62,95,92,302720
1.7155,0.2248,38.49,95,92,302723
1.7155,0.2102,38.62,95,92,302726
1.7351,0.2151,38.40,95,92,302730
1.7058,0.2053,38.55,95,92,302733
1.7253,0.2102,38.62,95,92,302736
1.7351,0.2199,38.65,95,92,302740
1.7302,0.2053,38.62,95,92,302743
1.7693,0.2297,38.33,95,92,302746
1.7107,0.2102,38.58,95,92,302750
1.7058,0.2151,38.58,95,92,302753
1.7204,0.2151,38.62,95,92,302756
1.7351,0.2199,38.58,95,92,302759
1.7937,0.2297,38.36,95,92,302764
1.7351,0.2199,38.62,95,92,302767
1.7204,0.2004,38.62,95,92,302770
1.7253,0.2151,38.58,95,92,302774
1.7253,0.2199,38.62,95,92,302777
1.7595,0.2248,38.43,95,92,302780
1.7498,0.2248,38.62,95,92,302784
1.7644,0.2102,38.49,95,92,302787
1.7400,0.2151,38.62,95,92,302790
1.7351,0.2199,38.58,95,92,302794
1.7693,0.2199,38.55,95,92,302797
1.7449,0.2151,38.58,95,92,302800
1.7693,0.2248,38.46,95,92,302803
1.7546,0.2102,38.62,95,92,302808
1.7742,0.2102,38.65,95,92,302811
1.8035,0.2248,38.55,95,92,302814
1.7986,0.2151,38.62,95,92,302818
1.8231,0.2151,38.49,95,92,302821
1.7986,0.2102,38.62,95,92,302824
1.8084,0.2151,38.62,95,92,302828
1.8524,0.2248,38.55,95,92,302831
1.8084,0.2151,38.52,95,92,302834
1.8573,0.2248,38.40,95,92,302838
1.8524,0.2199,38.52,95,92,302841
1.8524,0.2102,38.55,95,92,302844
1.8719,0.2199,38.55,95,92,302848
1.8426,0.2151,38.71,95,92,302852
1.8719,0.2346,38.30,95,92,302855
1.8280,0.2151,38.49,95,92,302858
1.8280,0.2053,38.58,95,92,302862
1.8377,0.2151,38.58,95,92,302865
1.8133,0.2102,38.68,95,92,302868
1.8377,0.2248,38.43,95,92,302872
1.7937,0.2199,38.65,95,92,302875
1.7840,0.2102,38.52,95,92,302878
1.7791,0.2199,38.58,95,92,302882
1.7498,0.2151,38.62,95,92,302885
1.7449,0.2102,38.65,95,92,302889
1.7889,0.2199,38.55,95,92,302893
1.7742,0.2151,38.62,95,92,302896
1.7840,0.2248,38.40,95,92,302900
1.7351,0.2151,38.52,95,92,302903
1.7204,0.2102,38.65,95,92,302906
1.7400,0.2199,38.49,95,92,302909
1.7204,0.2102,38.62,95,92,302913
1.7644,0.2199,38.43,95,92,302916
1.7253,0.2151,38.52,95,92,302919
1.7058,0.2102,38.62,95,92,302923
1.7058,0.2102,38.46,95,92,302926
1.6960,0.2199,38.68,95,92,302929
1.7449,0.2248,38.30,95,92,302934
1.7204,0.2297,38.55,95,92,302937
1.7449,0.2151,38.65,95,92,302940
1.7449,0.2199,38.62,95,92,302944
1.7400,0.2102,38.58,95,92,302947
1.7742,0.2297,38.52,95,92,302950
1.7400,0.2151,38.52,95,92,302953
1.7400,0.2151,38.52,95,92,302957
1.7351,0.2151,38.49,95,92,302960
1.7498,0.2151,38.68,95,92,302963
1.7840,0.2248,38.43,95,92,302967
1.7546,0.2199,38.58,95,92,302970
1.7595,0.2248,38.46,95,92,302973
1.7449,0.2151,38.58,95,92,302978
1.7546,0.2151,38.65,95,92,302981
1.7937,0.2151,38.52,95,92,302984
1.7986,0.2248,38.58,95,92,302988
1.8377,0.2151,38.46,95,92,302991
1.7986,0.2102,38.55,95,92,302994
1.7937,0.2102,38.62,95,92,302997
1.8231,0.2199,38.58,95,92,303001
1.8133,0.2395,38.68,95,92,303004
1.8475,0.2199,38.40,95,92,303007
1.8182,0.2151,38.65,95,92,303011
1.8573,0.2102,38.62,95,92,303014
1.8475,0.2199,38.62,95,92,303017
1.8426,0.2151,38.62,95,92,303022
1.9110,0.2248,38.43,95,92,303025
1.8866,0.2346,38.49,95,92,303028
1.8768,0.2102,38.62,95,92,303032
1.8719,0.2395,38.62,95,92,303035
1.8573,0.2151,38.62,95,92,303038
1.9013,0.2297,38.49,95,92,303041
1.8524,0.2248,38.52,95,92,303045
1.8035,0.2102,38.52,95,92,303048
1.7840,0.2151,38.58,95,92,303051
1.7644,0.2151,38.58,95,92,303055
1.7791,0.2248,38.46,95,92,303058
1.7449,0.2151,38.58,95,92,303062
1.7498,0.2151,38.49,95,92,303066
1.7155,0.2248,38.62,95,92,303069
1.7009,0.2151,38.62,95,92,303072
1.7009,0.2199,38.55,95,92,303076
1.6960,0.2151,38.58,95,92,303079
1.7009,0.2199,38.49,95,92,303082
1.6667,0.2151,38.62,95,92,303086
1.6764,0.2102,38.62,95,92,303089
1.7058,0.2248,38.46,95,92,303092
1.6960,0.2151,38.77,95,92,303095
1.7302,0.2151,38.43,95,92,303099
1.7204,0.2151,38.52,95,92,303102
1.7058,0.2102,38.65,95,92,303106
1.7253,0.2248,38.52,95,92,303110
1.7058,0.2151,38.62,95,92,303113
1.7449,0.2199,38.36,95,92,303116
1.7107,0.2151,38.52,95,92,303120
1.7058,0.2151,38.58,95,92,303123
1.7302,0.2102,38.58,95,92,303126
1.7400,0.2151,38.62,95,92,303130
1.8133,0.2297,38.36,95,92,303133
1.8133,0.2199,38.52,95,92,303136
1.8719,0.2102,38.52,95,92,303140
1.9648,0.2151,38.58,95,92,303143
2.0919,0.2151,38.62,95,92,303147
2.3509,0.2102,38.49,95,92,303150
2.5171,0.2151,38.58,95,92,303154
2.7859,0.2248,38.49,95,92,303157
3.0156,0.2102,38.62,95,92,303160
3.2111,0.2102,38.62,95,92,303164
3.3284,0.2248,38.46,95,92,303167
3.1672,0.2151,38.62,95,92,303170
2.9277,0.2151,38.49,95,92,303174
2.5513,0.2102,38.55,95,92,303177
2.2239,0.2102,38.46,95,92,303180
1.9697,0.2199,38.49,95,92,303184
1.7351,0.2151,38.65,95,92,303187
1.5982,0.2248,38.43,95,92,303191
1.4467,0.2151,38.58,95,92,303194
1.3636,0.2199,38.68,95,92,303198
1.3294,0.2248,38.52,95,92,303201
1.2854,0.2151,38.71,95,92,303204
1.3099,0.2199,38.43,95,92,303208
1.2805,0.2102,38.49,95,92,303211
1.3050,0.2151,38.58,95,92,303214
1.3343,0.2102,38.58,95,92,303218
1.3343,0.2151,38.52,95,92,303221
1.3930,0.2102,38.33,95,92,303224
1.3783,0.2199,38.52,95,92,303228
1.3930,0.2102,38.62,95,92,303232
1.4272,0.2151,38.65,95,92,303235
1.4467,0.2151,38.62,95,92,303239
1.5054,0.2248,38.43,95,92,303242
1.5054,0.2199,38.52,95,92,303245
1.5298,0.2199,38.55,95,92,303248
1.5249,0.2151,38.58,95,92,303252
1.5347,0.2102,38.62,95,92,303255
1.5640,0.2102,38.49,95,92,303258
1.5591,0.2151,38.58,95,92,303262
1.5836,0.2199,38.55,95,92,303265
1.5787,0.2151,38.62,95,92,303268
1.5885,0.2199,38.62,95,92,303272
1.6080,0.2151,38.55,95,92,303276
1.5934,0.2151,38.65,95,92,303279
1.6227,0.2151,38.49,95,92,303283
1.6031,0.2151,38.62,95,92,303286
1.6227,0.2102,38.58,95,92,303289
1.6373,0.2199,38.52,95,92,303292
1.6276,0.2102,38.62,95,92,303296
1.6569,0.1906,38.43,95,92,303299
1.6373,0.2199,38.62,95,92,303302
1.6325,0.2053,38.58,95,92,303306
1.6520,0.2199,38.62,95,92,303309
1.6422,0.2151,38.58,95,92,303312
1.6911,0.2248,38.33,95,92,303316
1.6618,0.2151,38.49,95,92,303320
1.6618,0.2004,38.58,95,92,303323
1.6813,0.2151,38.71,95,92,303327
1.6911,0.2151,38.62,95,92,303330
1.7449,0.2297,38.43,95,92,303333
1.7155,0.2297,38.52,95,92,303337
1.7253,0.2151,38.49,95,92,303340
1.7009,0.2151,38.62,95,92,303343
1.7009,0.2151,38.68,95,92,303346
1.7351,0.2248,38.55,95,92,303350
1.7107,0.2199,38.58,95,92,303353
1.7644,0.2151,38.46,95,92,303356
1.7155,0.2151,38.58,95,92,303361
1.7204,0.1906,38.62,95,92,303364
1.7546,0.2248,38.58,95,92,303367
1.7351,0.2151,38.58,95,92,303371
1.7595,0.2151,38.15,95,92,303374
1.7351,0.2199,38.52,95,92,303377
1.7351,0.2102,38.62,95,92,303381
1.7595,0.2346,38.43,95,92,303384
1.7498,0.2151,38.62,95,92,303387
1.7840,0.2199,38.40,95,92,303390
1.7693,0.2151,38.52,95,92,303394
1.7791,0.2102,38.62,95,92,303397
1.7937,0.2248,38.55,95,92,303400
1.8035,0.2102,38.62,95,92,303405
1.8133,0.2248,38.36,95,92,303408
1.7742,0.2102,38.52,95,92,303411
1.7791,0.2102,38.65,95,92,303415
1.7889,0.2199,38.62,95,92,303418
1.7937,0.2102,38.62,95,92,303421
1.8622,0.2297,38.40,95,92,303425
1.8328,0.2248,38.55,95,92,303428
1.8426,0.2102,38.52,95,92,303431
1.8426,0.2248,38.62,95,92,303435
1.8475,0.2151,38.62,95,92,303438
1.8817,0.2248,38.40,95,92,303441
1.8573,0.2199,38.55,95,92,303444
1.8719,0.2199,38.43,95,92,303449
1.8524,0.2199,38.62,95,92,303452
1.8524,0.2151,38.62,95,92,303455
1.8768,0.2297,38.49,95,92,303459
1.8573,0.2102,38.62,95,92,303462
1.8915,0.2199,38.55,95,92,303465
1.8866,0.2151,38.68,95,92,303469
1.8524,0.2151,38.62,95,92,303472
1.8573,0.2248,38.49,95,92,303475
1.8475,0.2151,38.62,95,92,303479
1.8671,0.2151,38.40,95,92,303482
1.8377,0.2102,38.65,95,92,303485
1.8426,0.2102,38.58,95,92,303489
1.8524,0.2199,38.55,95,92,303493
1.8231,0.2248,38.58,95,92,303497
1.8035,0.2102,38.62,95,92,303500
1.8426,0.2297,38.36,95,92,303503
1.8084,0.2199,38.55,95,92,303506
1.8035,0.2102,38.52,95,92,303510
1.7986,0.2151,38.58,95,92,303513
1.7986,0.2151,38.62,95,92,303516
1.8328,0.2248,38.46,95,92,303520
1.8084,0.2199,38.58,95,92,303523
1.8182,0.2199,38.46,95,92,303526
1.7840,0.2395,38.62,95,92,303531
1.7644,0.2102,38.62,95,92,303534
1.7840,0.2151,38.49,95,92,303537
1.7693,0.2151,38.65,95,92,303541
1.7889,0.2151,38.49,95,92,303544
1.7644,0.2102,38.58,95,92,303547
1.7693,0.2102,38.68,95,92,303550
1.7937,0.2395,38.52,95,92,303554
1.7742,0.2151,38.62,95,92,303557
1.8035,0.2199,38.36,95,92,303560
1.7889,0.2102,38.49,95,92,303564
1.7840,0.2151,38.30,95,92,303567
1.8133,0.2102,38.52,95,92,303570
1.7937,0.2151,38.62,95,92,303575
1.8426,0.2444,38.30,95,92,303578
1.8084,0.2151,38.52,95,92,303581
1.8084,0.2102,38.62,95,92,303585
1.8524,0.2248,38.58,95,92,303588
1.8133,0.2102,38.62,95,92,303591
1.8768,0.2297,38.36,95,92,303594
1.8426,0.2199,38.52,95,92,303598
1.8426,0.2102,38.55,95,92,303601
1.8524,0.2248,38.58,95,92,303604
1.8524,0.2102,38.62,95,92,303608
1.8915,0.2248,38.55,95,92,303611
1.8719,0.2199,38.55,95,92,303614
1.8915,0.2151,38.46,95,92,303619
1.8866,0.2151,38.58,95,92,303622
1.8964,0.2151,38.62,95,92,303625
1.9404,0.2248,38.46,95,92,303629
1.9257,0.2199,38.62,95,92,303632
1.9697,0.2199,38.49,95,92,303635
1.9453,0.2102,38.65,95,92,303639
1.9550,0.2053,38.62,95,92,303642
1.9697,0.2199,38.46,95,92,303645
1.9404,0.2151,38.58,95,92,303648
1.9550,0.2053,38.40,95,92,303652
1.9110,0.1906,38.52,95,92,303655
1.8768,0.2151,38.71,95,92,303659
1.8671,0.2199,38.52,95,92,303663
1.8231,0.2102,38.62,95,92,303666
1.8573,0.2248,38.36,95,92,303669
1.7986,0.2102,38.58,95,92,303673
1.7937,0.2102,38.62,95,92,303676
1.7889,0.2199,38.55,95,92,303679
1.7693,0.2151,38.58,95,92,303683
1.8133,0.2395,38.33,95,92,303686
1.7742,0.2199,38.58,95,92,303689
1.7546,0.2102,38.49,95,92,303692
1.7595,0.2151,38.58,95,92,303696
1.7498,0.2102,38.46,95,92,303699
1.7889,0.2248,38.40,95,92,303703
1.7644,0.2199,38.55,95,92,303707
1.7644,0.2151,38.90,95,92,303710
1.7546,0.2151,38.68,95,92,303713
1.7595,0.2102,38.58,95,92,303717
1.7889,0.2199,38.43,95,92,303720
1.8035,0.2102,38.62,95,92,303723
1.7889,0.2199,38.46,95,92,303727
1.7693,0.2151,38.58,95,92,303730
1.7742,0.2151,38.62,95,92,303733
1.7840,0.2199,38.49,95,92,303736
1.7889,0.1906,38.58,95,92,303740
1.8328,0.2151,38.46,95,92,303744
1.8377,0.2151,38.62,95,92,303747
1.8866,0.2102,38.62,95,92,303751
1.9795,0.2297,38.52,95,92,303754
2.0626,0.2151,38.68,95,92,303757
2.2434,0.2199,38.40,95,92,303761
2.4096,0.2151,38.49,95,92,303764
2.6051,0.2053,38.58,95,92,303767
2.8739,0.2493,38.55,95,92,303771
3.0841,0.2102,38.68,95,92,303774
3.3284,0.2248,38.33,95,92,303777
3.2845,0.2102,38.55,95,92,303780
3.1183,0.2151,38.62,95,92,303784
2.8397,0.2151,38.52,95,92,303788
2.5367,0.2151,38.62,95,92,303791
2.2874,0.2297,38.43,95,92,303795
1.9892,0.2151,38.58,95,92,303798
1.7791,0.1906,38.52,95,92,303801
1.6129,0.2151,38.52,95,92,303805
1.4907,0.2102,38.62,95,92,303808
1.4418,0.2248,38.52,95,92,303811
1.3832,0.2151,38.58,95,92,303815
1.3636,0.2151,38.49,95,92,303818
1.3343,0.2102,38.68,95,92,303821
1.3490,0.2102,38.62,95,92,303825
1.3881,0.2590,38.49,95,92,303828
1.3978,0.2151,38.62,95,92,303832
1.4418,0.2151,38.58,95,92,303835
1.4321,0.2102,38.52,95,92,303839
1.4418,0.2151,38.62,95,92,303842
1.4809,0.2102,38.46,95,92,303845
1.4858,0.2151,38.62,95,92,303849
1.5347,0.2151,38.40,95,92,303852
1.5298,0.2151,38.52,95,92,303855
1.5445,0.2102,38.02,95,92,303859
1.5738,0.2151,38.55,95,92,303862
1.5738,0.2151,38.62,95,92,303865
1.6227,0.2297,38.36,95,92,303869
1.5982,0.2102,38.27,95,92,303873
1.6080,0.2346,38.65,95,92,303876
1.6227,0.2151,38.55,95,92,303880
1.6276,0.2151,38.62,95,92,303883
1.6862,0.2346,38.43,95,92,303886
1.6618,0.2199,38.52,95,92,303889
1.6618,0.2102,38.52,95,92,303893
1.6716,0.2151,38.58,95,92,303896
1.6764,0.2151,38.62,95,92,303899
1.7107,0.2248,38.40,95,92,303903
1.6862,0.2199,38.58,95,92,303906
1.7107,0.2151,38.52,95,92,303909
1.7204,0.2053,38.62,95,92,303913
1.7155,0.2151,38.62,95,92,303917
1.7498,0.2297,38.49,95,92,303920
1.7351,0.2151,38.62,95,92,303924
1.7644,0.2199,38.52,95,92,303927
1.7351,0.2151,38.62,95,92,303930
1.7449,0.2102,38.65,95,92,303934
1.7595,0.2444,38.52,95,92,303937
1.7498,0.2151,38.62,95,92,303940
1.7791,0.2151,38.40,95,92,303943
1.7498,0.2151,38.65,95,92,303947
1.7546,0.2346,38.62,95,92,303950
1.7742,0.2199,38.55,95,92,303953
1.7644,0.2151,38.62,95,92,303958
1.8035,0.2248,38.33,95,92,303961
1.7840,0.2102,38.87,95,92,303964
1.7791,0.2151,38.62,95,92,303968
1.7937,0.2199,38.58,95,92,303971
1.7937,0.2151,38.65,95,92,303974
1.8573,0.2346,38.40,95,92,303978
1.8231,0.2346,38.55,95,92,303981
1.8182,0.2151,38.52,95,92,303984
1.8182,0.2151,38.62,95,92,303988
1.8280,0.2102,38.62,95,92,303991
1.8573,0.2199,38.46,95,92,303994
1.8328,0.2102,38.58,95,92,303997
1.8475,0.2151,38.49,95,92,304002
1.8182,0.2151,38.46,95,92,304005
1.8231,0.2102,38.65,95,92,304008
1.8475,0.2151,38.52,95,92,304012
1.8573,0.2151,38.62,95,92,304015
1.8768,0.2199,38.46,95,92,304018
1.8524,0.2102,38.62,95,92,304022
1.8671,0.2053,37.93,95,92,304025
1.8915,0.2199,38.49,95,92,304028
1.8817,0.2151,37.83,95,92,304032
1.9208,0.2199,38.43,95,92,304035
1.9013,0.2151,38.49,95,92,304038
1.9062,0.2102,38.71,95,92,304043
1.9404,0.2248,38.52,95,92,304046
1.9159,0.2053,38.65,95,92,304049
1.9648,0.2346,38.33,95,92,304052
1.9306,0.2151,38.58,95,92,304056
1.9208,0.2102,38.62,95,92,304059
1.9501,0.2151,38.58,95,92,304062
1.9208,0.2102,38.62,95,92,304066
1.9746,0.2297,38.74,95,92,304069
1.9501,0.2151,38.52,95,92,304072
1.9306,0.2102,38.55,95,92,304076
1.9306,0.2151,38.62,95,92,304079
1.9257,0.2151,38.58,95,92,304082
1.9648,0.2590,38.46,95,92,304087
1.9355,0.2102,38.58,95,92,304090
1.9306,0.2151,38.49,95,92,304093
1.9208,0.2151,38.58,95,92,304096
1.9110,0.2151,38.62,95,92,304100
1.9404,0.2248,38.46,96,92,304103
1.9110,0.2151,38.46,96,92,304107
1.8915,0.2102,38.62,96,92,304110
1.9257,0.2151,38.40,96,92,304113
1.8964,0.2151,38.52,96,92,304117
1.8964,0.2151,38.77,96,92,304120
1.9404,0.2151,38.55,96,92,304123
1.8915,0.2102,38.65,96,92,304128
1.9355,0.2248,38.33,96,92,304131
1.8817,0.2151,38.58,96,92,304134
1.8719,0.2102,38.62,96,92,304138
1.8866,0.2102,38.58,96,92,304141
1.8671,0.2102,38.65,96,92,304144
1.9208,0.2297,38.40,96,92,304148
1.8817,0.1906,38.52,96,92,304151
1.8671,0.2102,38.52,96,92,304154
1.8671,0.2151,38.58,96,92,304157
1.8573,0.2102,38.62,96,92,304161
1.8915,0.2248,38.40,96,92,304164
1.8719,0.2199,38.55,96,92,304167
1.8817,0.2151,38.65,96,92,304172
1.8622,0.2151,38.62,96,92,304175
1.8622,0.2102,38.62,96,92,304178
1.9208,0.2248,38.49,96,92,304182
1.8719,0.2102,38.58,96,92,304185
1.8964,0.2199,38.52,96,92,304188
1.8719,0.2493,38.71,96,92,304192
1.8768,0.2102,38.62,96,92,304195
1.8915,0.2297,38.55,96,92,304198
1.8866,0.2102,38.65,96,92,304201
1.9208,0.2102,38.46,96,92,304205
1.8964,0.2151,38.62,96,92,304208
1.9013,0.2102,38.62,96,92,304211
1.9257,0.2199,38.55,96,92,304216
1.9110,0.2102,38.62,96,92,304219
1.9648,0.2199,38.33,96,92,304222
1.9648,0.2199,38.52,96,92,304226
1.9599,0.2102,38.58,96,92,304229
1.9844,0.2151,38.55,96,92,304232
1.9844,0.2102,38.62,96,92,304236
2.0577,0.2248,38.33,96,92,304239
2.0626,0.2151,38.46,96,92,304242
2.0381,0.1906,38.58,96,92,304245
2.0528,0.2151,38.58,96,92,304249
2.0577,0.2102,38.62,96,92,304252
2.1114,0.2297,38.46,96,92,304256
2.0528,0.2151,38.58,96,92,304260
2.0479,0.2248,38.52,96,92,304263
2.0283,0.2151,38.62,96,92,304266
1.9892,0.2102,38.77,96,92,304270
1.9941,0.2297,38.52,96,92,304273
1.9550,0.2151,38.58,96,92,304276
1.9501,0.2151,38.52,96,92,304279
1.9208,0.2102,38.58,96,92,304283
1.9062,0.2102,38.62,96,92,304286
1.9257,0.2248,38.49,96,92,304289
1.8817,0.2102,38.58,96,92,304293
1.9062,0.2151,38.46,96,92,304296
1.8915,0.2102,38.55,96,92,304300
1.8719,0.2102,38.62,96,92,304304
1.8915,0.2151,38.43,96,92,304307
1.8622,0.2102,38.65,96,92,304310
1.8915,0.2151,38.36,96,92,304314
1.8622,0.2102,38.55,96,92,304317
1.8573,0.2346,38.65,96,92,304320
1.8768,0.2151,38.55,96,92,304324
1.8622,0.2102,38.81,96,92,304327
1.9062,0.2199,38.33,96,92,304330
1.8622,0.2102,38.58,96,92,304333
1.8622,0.2297,38.62,96,92,304337
1.8622,0.2151,38.65,96,92,304340
1.8524,0.2102,38.62,96,92,304344
1.9159,0.2297,38.40,96,92,304348
1.8866,0.2151,38.46,96,92,304351
1.9306,0.2053,38.55,96,92,304354
1.9404,0.2151,38.55,96,92,304358
2.0039,0.2151,38.68,96,92,304361
2.0968,0.2199,38.46,96,92,304364
2.1554,0.2151,38.62,96,92,304368
2.3021,0.2151,38.46,96,92,304371
2.4340,0.2102,38.62,96,92,304374
2.6344,0.2297,38.62,96,92,304377
2.9081,0.2199,38.49,96,92,304381
3.1036,0.2102,38.52,96,92,304385
3.3236,0.2199,38.49,96,92,304388
3.3187,0.2151,38.62,96,92,304392
3.1916,0.2102,38.62,96,92,304395
2.9668,0.2151,38.55,96,92,304398
2.6344,0.2102,38.62,96,92,304402
2.3803,0.2346,38.40,96,92,304405
2.1017,0.2102,38.62,96,92,304408
1.9013,0.2102,38.52,96,92,304412
1.7595,0.2248,38.52,96,92,304415
1.6227,0.2102,38.71,96,92,304418
1.5738,0.2199,38.40,96,92,304421
1.5347,0.2199,38.52,96,92,304425
1.4712,0.2102,38.62,96,92,304429
1.4761,0.2199,38.62,96,92,304432
1.4614,0.2102,38.62,96,92,304436
1.5200,0.2248,38.30,96,92,304439
1.5152,0.2151,38.46,96,92,304442
1.5054,0.2053,38.58,96,92,304446
1.5200,0.2151,38.58,96,92,304449
1.5445,0.2151,38.62,96,92,304452
1.5934,0.2248,37.71,96,92,304456
1.5689,0.2151,38.58,96,92,304459
1.5982,0.2102,37.90,96,92,304462
1.6080,0.2102,38.62,96,92,304465
1.6129,0.2102,38.62,96,92,304470
1.6569,0.2199,38.52,96,92,304473
1.6471,0.2053,38.62,96,92,304476
1.6911,0.2151,38.43,96,92,304480
1.6716,0.2444,38.62,96,92,304483
1.6813,0.1906,38.62,96,92,304486
1.7155,0.2199,38.87,96,92,304490
1.7058,0.1906,38.58,96,92,304493
1.7253,0.2102,38.46,96,92,304496
1.7107,0.2102,38.55,96,92,304500
1.7546,0.2004,38.62,96,92,304503
1.7400,0.2151,37.96,96,92,304506
1.7253,0.2102,38.62,96,92,304509
1.7644,0.2151,38.40,96,92,304514
1.7400,0.2102,38.52,96,92,304517
1.7400,0.2297,38.62,96,92,304520
1.7595,0.2102,38.55,96,92,304524
1.7546,0.2102,38.62,96,92,304527
1.8035,0.2248,38.36,96,92,304530
1.7693,0.2102,38.58,96,92,304534
1.7840,0.2102,38.65,96,92,304537
1.8035,0.2102,38.58,96,92,304540
1.7937,0.2102,38.71,96,92,304544
1.8475,0.2248,38.36,96,92,304547
1.8035,0.2151,38.55,96,92,304550
1.8035,0.2053,38.55,96,92,304553
1.8035,0.2102,38.58,96,92,304558
1.8084,0.2102,38.62,96,92,304561
1.8475,0.2199,38.43,96,92,304564
1.8280,0.2151,38.55,96,92,304568
1.8182,0.2102,38.49,96,92,304571
1.7986,0.2102,38.68,96,92,304574
1.8035,0.1906,38.62,96,92,304578
1.8328,0.2199,38.46,96,92,304581
1.8133,0.2151,38.62,96,92,304584
1.8475,0.2151,38.46,96,92,304588
1.8231,0.2151,38.62,96,92,304591
1.8377,0.2102,38.62,96,92,304594
1.8475,0.2151,38.43,96,92,304598
1.8377,0.2151,38.62,96,92,304602
1.8573,0.2102,38.52,96,92,304605
1.8231,0.2151,38.62,96,92,304608
1.8280,0.2102,38.62,96,92,304612
1.8475,0.2199,38.55,96,92,304615
1.8377,0.2102,38.71,96,92,304618
1.8866,0.2151,38.36,96,92,304622
1.8671,0.1906,38.52,96,92,304625
1.8524,0.2102,38.49,96,92,304628
1.8719,0.2199,38.55,96,92,304632
1.8671,0.2102,38.62,96,92,304635
1.9306,0.2248,38.33,96,92,304638
1.9062,0.2151,38.49,96,92,304643
1.9013,0.2053,38.55,96,92,304646
1.9062,0.2151,38.58,96,92,304649
1.9013,0.2102,38.62,96,92,304652
1.9501,0.2248,38.49,96,92,304656
1.9110,0.2102,38.58,96,92,304659
1.9208,0.2102,38.52,96,92,304662
1.9110,0.2102,38.46,96,92,304666
1.9159,0.1906,38.62,96,92,304669
1.9404,0.2199,38.52,96,92,304672
1.9208,0.2102,38.62,96,92,304676
1.9648,0.2151,38.43,96,92,304679
1.9013,0.2151,38.58,96,92,304683
1.9013,0.2151,38.62,96,92,304686
1.9355,0.2199,38.46,96,92,304690
1.9110,0.2395,38.58,96,92,304693
1.9404,0.2151,38.49,96,92,304696
1.9062,0.2053,38.55,96,92,304700
1.9062,0.2102,38.21,96,92,304703
1.9257,0.2102,38.49,96,92,304706
1.8964,0.2102,38.62,96,92,304710
1.9257,0.2151,38.40,96,92,304713
1.9257,0.2199,38.33,96,91,304717
1.8768,0.2102,38.58,96,91,304720
1.8671,0.2053,38.55,96,91,304723
1.8622,0.2151,38.68,96,91,304728
1.8524,0.2102,38.68,96,91,304731
1.9013,0.2297,38.43,96,91,304734
1.8719,0.2151,38.58,96,91,304738
1.8719,0.2102,38.49,96,91,304741
1.8573,0.2102,38.62,96,91,304744
1.8524,0.2053,38.68,96,91,304747
1.8768,0.2297,38.40,96,91,304751
1.8328,0.2102,38.58,96,91,304754
1.8475,0.2102,38.46,96,91,304757
1.8524,0.2102,38.62,96,91,304761
1.8280,0.2102,38.62,96,91,304764
1.8573,0.2248,38.49,96,91,304768
1.8377,0.2102,38.58,96,91,304772
1.8768,0.2102,38.46,96,91,304775
1.8426,0.2053,38.62,96,91,304778
1.8426,0.1906,38.62,96,91,304782
1.8475,0.2151,38.58,96,91,304785
1.8377,0.2102,38.62,96,91,304788
1.8768,0.2102,38.36,96,91,304791
1.8377,0.2395,38.62,96,91,304795
1.8377,0.2053,38.58,96,91,304798
1.8524,0.2199,38.55,96,91,304801
1.8426,0.2102,38.62,96,91,304805
1.9159,0.2199,38.30,96,91,304808
1.8964,0.2199,38.49,96,91,304812
1.8768,0.2102,38.58,96,91,304816
1.8719,0.2248,38.55,96,91,304819
1.8573,0.2102,38.62,96,91,304822
1.9110,0.2297,38.36,96,91,304826
1.8866,0.2102,38.52,96,91,304829
1.8866,0.2102,38.55,96,91,304832
1.8817,0.2102,38.62,96,91,304835
1.9013,0.2053,38.68,96,91,304839
1.9257,0.2199,38.43,96,91,304842
1.9110,0.2248,38.62,96,91,304845
1.9550,0.2151,38.46,96,91,304849
1.9697,0.2102,38.62,96,91,304852
1.9844,0.2004,38.58,96,91,304856
2.0137,0.2151,38.58,96,91,304860
1.9941,0.2102,38.58,96,91,304863
2.0088,0.2151,38.49,96,91,304866
1.9648,0.2102,38.62,96,91,304870
1.9501,0.2346,38.68,96,91,304873
1.9550,0.2199,38.52,96,91,304876
1.9159,0.2102,38.62,96,91,304879
1.9453,0.2151,38.43,96,91,304883
1.9110,0.2102,38.55,96,91,304886
1.8866,0.2053,38.68,96,91,304889
1.8768,0.2199,38.49,96,91,304893
1.8328,0.2102,38.77,96,91,304897
1.8622,0.2248,38.33,96,91,304900
1.8280,0.2102,38.58,96,91,304904
1.8035,0.2102,38.65,96,91,304907
1.7986,0.2151,38.58,96,91,304910
1.7889,0.1906,38.62,96,91,304913
1.8328,0.2199,38.30,96,91,304917
1.7889,0.2151,38.55,96,91,304920
1.7840,0.1906,38.58,96,91,304923
1.7840,0.2102,38.77,96,91,304927
1.7840,0.2199,38.62,96,91,304930
1.8377,0.2297,38.43,96,91,304933
1.7986,0.2248,38.52,96,91,304937
1.8035,0.2053,38.55,96,91,304941
1.8133,0.2102,38.71,96,91,304944
1.8280,0.2053,38.62,96,91,304948
1.8768,0.2199,38.43,96,91,304951
1.8475,0.2395,38.58,96,91,304954
1.8573,0.2199,38.49,96,91,304957
1.8377,0.2151,38.62,96,91,304961
1.8524,0.2102,38.52,96,91,304964
1.9110,0.2199,38.49,96,91,304967
1.9208,0.2102,38.62,96,91,304971
2.0137,0.2297,38.46,96,91,304974
2.0919,0.2004,38.58,96,91,304977
2.2239,0.2053,38.62,96,91,304982
2.4340,0.2102,38.55,96,91,304985
2.6588,0.2151,38.58,96,91,304988
2.9570,0.2102,38.43,96,91,304991
3.1476,0.2102,38.58,96,91,304995
3.2893,0.2395,38.62,96,91,304998
3.3089,0.2151,38.55,96,91,305001
3.0841,0.2151,38.62,96,91,305005
2.8397,0.2102,38.40,96,91,305008
2.4829,0.2151,38.55,96,91,305011
2.1750,0.2199,38.62,96,91,305015
1.9501,0.2151,38.49,96,91,305018
1.7400,0.2053,38.65,96,91,305021
1.6325,0.2248,38.27,96,91,305026
1.4858,0.2102,38.49,96,91,305029
1.4076,0.2053,38.58,96,91,305032
1.3783,0.2395,38.58,96,91,305035
1.3636,0.2053,38.58,96,91,305039
1.3930,0.2248,38.46,96,91,305042
1.3587,0.2151,38.58,96,91,305045
1.3930,0.2053,38.52,96,91,305049
1.4174,0.2102,38.58,96,91,305052
1.4370,0.2102,38.62,96,91,305055
1.4761,0.2199,38.65,96,91,305059
1.4712,0.2053,38.68,96,91,305062
1.5103,0.2102,38.49,96,91,305065
1.5347,0.2053,38.68,96,91,305070
1.5836,0.2151,38.62,96,91,305073
1.6373,0.2199,38.43,96,91,305076
1.6276,0.2102,38.58,96,91,305079
1.6373,0.2102,38.49,96,91,305083
1.6080,0.2102,38.52,96,91,305086
1.5982,0.2053,38.62,96,91,305089
1.6178,0.2102,38.49,96,91,305093
1.6373,0.2102,38.62,96,91,305096
1.6422,0.2151,38.49,96,91,305099
1.6325,0.2053,38.55,96,91,305103
1.6471,0.2053,38.62,96,91,305106
1.6667,0.2102,38.77,96,91,305110
1.6716,0.1955,38.65,96,91,305114
1.7253,0.2151,38.33,96,91,305117
1.6862,0.2004,38.55,96,91,305120
1.6862,0.2053,38.62,96,91,305123
1.6764,0.2102,38.58,96,91,305127
1.6960,0.2102,38.62,96,91,305130
1.7449,0.2297,38.40,96,91,305133
1.7107,0.2102,38.62,96,91,305137
1.7107,0.2053,38.52,96,91,305140
1.7155,0.2102,38.58,96,91,305143
1.7107,0.2102,38.68,96,91,305147
1.7400,0.2199,38.43,96,91,305150
1.7107,0.2151,38.55,96,91,305154
1.7498,0.1906,38.49,96,91,305158
1.7009,0.2102,38.84,96,91,305161
1.6960,0.2102,38.58,96,91,305164
1.7155,0.2248,38.43,96,91,305167
1.6960,0.2102,38.62,96,91,305171
1.7351,0.2151,38.55,96,91,305174
1.7498,0.2004,38.62,96,91,305177
1.7449,0.2102,38.62,96,91,305181
1.7595,0.2102,38.52,96,91,305184
1.7498,0.2004,38.62,96,91,305187
1.7546,0.2102,38.46,96,91,305191
1.7253,0.2102,38.65,96,91,305195
1.7400,0.2053,38.62,96,91,305198
1.7546,0.2151,38.62,96,91,305202
1.7400,0.2053,38.62,96,91,305205
1.7644,0.2151,38.36,96,91,305208
1.7498,0.2151,38.62,96,91,305211
1.7449,0.2004,38.68,96,91,305215
1.7742,0.2151,38.55,96,91,305218
1.7889,0.2151,38.62,96,91,305221
1.8671,0.2199,38.30,96,91,305225
1.8426,0.2151,38.55,96,91,305228
1.8377,0.1906,38.58,96,91,305231
1.8280,0.2102,38.62,96,91,305235
1.8182,0.2151,38.62,96,91,305239
1.8768,0.2297,38.43,96,91,305242
1.8182,0.2151,38.62,96,91,305246
1.8328,0.2004,38.49,96,91,305249
1.8280,0.2102,38.62,96,91,305252
1.8671,0.2004,38.58,96,91,305255
1.8768,0.2199,38.52,96,91,305259
1.8719,0.2102,38.62,96,91,305262
1.8866,0.2199,38.49,96,91,305265
1.8671,0.2102,38.62,96,91,305269
1.8866,0.2395,38.58,96,91,305272
1.9306,0.2199,38.46,96,91,305275
1.9013,0.2297,38.62,96,91,305280
1.9208,0.2151,38.49,96,91,305283
1.8964,0.2053,38.55,96,91,305286
1.8915,0.2053,38.62,96,91,305290
1.9159,0.2151,38.49,96,91,305293
1.8915,0.2102,38.65,96,91,305296
1.9257,0.2297,38.40,96,91,305299
1.9013,0.2053,38.52,96,91,305303
1.8964,0.2053,38.62,96,91,305306
1.9013,0.2248,38.55,96,91,305309
1.8866,0.2053,38.62,96,91,305313
1.9159,0.2151,38.40,96,91,305316
1.8524,0.2102,38.58,96,91,305319
1.8573,0.2151,38.62,96,91,305324
1.8622,0.2102,38.55,96,91,305327
1.8426,0.2102,38.62,96,91,305332
1.8475,0.2053,38.58,96,91,305335
1.8768,0.2151,38.65,96,91,305338
1.8475,0.2102,38.55,96,91,305342
1.8524,0.2102,38.46,96,91,305345
1.8231,0.2102,38.62,96,91,305348
1.8231,0.1906,38.65,96,91,305352
1.8622,0.2151,38.49,96,91,305355
1.8377,0.2004,38.62,96,91,305358
1.8524,0.2102,38.49,96,91,305361
1.8084,0.2102,38.55,96,91,305366
1.8084,0.2102,38.62,96,91,305369
1.8475,0.2102,38.62,96,91,305372
1.8426,0.2102,38.62,96,91,305376
1.8866,0.2102,38.36,96,91,305379
1.8524,0.2444,38.58,96,91,305382
1.8768,0.2004,38.62,96,91,305386
1.8622,0.2151,38.52,96,91,305389
1.8622,0.2151,38.62,96,91,305392
1.8866,0.2151,38.40,96,91,305396
1.8426,0.2395,38.49,96,91,305399
1.8231,0.2053,38.62,96,91,305402
1.8231,0.2102,38.58,96,91,305405
1.8475,0.2102,38.68,96,91,305410
1.9159,0.2248,38.40,96,91,305413
1.9013,0.2151,38.55,96,91,305416
1.8866,0.1906,38.55,96,91,305420
1.8671,0.2053,38.62,96,91,305423
1.8426,0.2053,38.58,96,91,305426
1.8671,0.2199,38.52,96,91,305430
1.8475,0.2004,38.62,96,91,305433
1.8915,0.2004,38.49,96,91,305436
1.9013,0.2102,38.62,96,91,305440
1.9306,0.2004,38.65,96,91,305443
1.9648,0.1906,38.58,96,91,305446
1.9550,0.2102,38.62,96,91,305449
1.9795,0.2102,38.49,96,91,305454
1.9599,0.2151,38.62,96,91,305457
1.9501,0.2102,38.58,96,91,305460
1.9746,0.2248,38.55,96,91,305464
1.9550,0.2102,38.62,96,91,305467
1.9990,0.2102,38.40,96,91,305470
2.0088,0.2004,38.52,96,91,305474
2.0186,0.2053,38.68,96,91,305477
2.0283,0.2151,38.49,96,91,305480
1.9550,0.2102,38.62,96,91,305483
1.9648,0.2102,38.36,96,91,305487
1.8671,0.2151,38.52,96,91,305490
1.8377,0.2102,38.62,96,91,305494
1.8328,0.2102,38.62,96,91,305498
1.8182,0.2053,38.58,96,91,305501
1.8817,0.2199,38.30,96,91,305504
1.8377,0.2053,38.68,96,91,305508
1.8426,0.2053,38.58,96,91,305511
1.8328,0.2151,38.58,96,91,305514
1.8084,0.2151,38.58,96,91,305518
1.8719,0.2248,38.40,96,91,305521
1.8231,0.2151,38.81,96,91,305524
1.8133,0.2053,38.52,96,91,305527
1.8035,0.2102,38.65,96,91,305531
1.8084,0.2053,38.65,96,91,305534
1.8524,0.2248,38.46,96,91,305538
1.8328,0.2102,37.80,96,91,305542
1.8573,0.2102,38.52,96,91,305545
1.8475,0.2004,38.62,96,91,305548
1.8377,0.1906,38.62,96,91,305552
1.8377,0.2199,38.46,96,91,305555
1.8231,0.2102,38.58,96,91,305558
1.8524,0.2151,38.49,96,91,305562
1.8328,0.2102,38.58,96,91,305565
1.8573,0.2102,38.62,96,91,305568
1.8377,0.2102,38.58,96,91,305571
1.8622,0.2004,38.62,96,91,305575
1.9453,0.2004,38.43,96,91,305579
2.0186,0.2102,38.58,96,91,305582
2.1652,0.2151,38.62,96,91,305586
2.3656,0.2199,38.52,96,91,305589
2.5513,0.2248,38.58,96,91,305592
2.8495,0.2151,38.33,96,91,305596
3.0792,0.2102,38.05,96,91,305599
3.2747,0.2053,38.65,96,91,305602
3.4164,0.2151,38.55,96,91,305605
3.3089,0.2053,38.58,96,91,305609
3.1525,0.2151,38.33,96,91,305612
2.7468,0.2102,38.46,96,91,305615
2.3754,0.2004,38.68,96,91,305619
2.0723,0.2297,38.62,96,91,305623
1.8328,0.2053,38.62,96,91,305626
1.6813,0.2248,38.43,96,91,305630
1.4956,0.2151,38.68,96,91,305633
1.3978,0.2053,38.49,96,91,305636
1.3343,0.2102,38.62,96,91,305640
1.3050,0.2053,38.62,96,91,305643
1.3099,0.2199,38.58,96,91,305646
1.3001,0.2102,38.58,96,91,305649
1.3392,0.2395,38.52,96,91,305653
1.3490,0.2102,38.68,96,91,305656
1.3734,0.2102,38.62,96,91,305659
1.4223,0.2199,38.46,96,91,305664
1.4027,0.2102,38.58,96,91,305667
1.4761,0.2151,38.49,96,91,305670
1.4370,0.2053,38.55,96,91,305674
1.4614,0.2053,38.62,96,91,305677
1.5005,0.2151,38.49,96,91,305680
1.5054,0.2102,38.58,96,91,305684
1.5494,0.2151,38.43,96,91,305687
1.5396,0.2053,38.52,96,91,305690
1.5494,0.2053,38.62,96,91,305693
1.5738,0.2102,38.58,96,91,305697
1.5738,0.2053,38.62,96,91,305700
1.6080,0.2151,38.30,96,91,305703
1.5689,0.2004,38.58,96,91,305708
1.5836,0.2053,38.62,96,91,305711
1.6031,0.2102,38.43,96,91,305714
1.6129,0.1906,38.62,96,91,305718
1.6667,0.2248,38.30,96,91,305721
1.6227,0.2248,38.55,96,91,305724
1.6080,0.2053,38.55,96,91,305728
1.5982,0.2102,38.62,96,91,305731
1.5934,0.2004,38.62,96,91,305734
1.6569,0.2199,38.43,96,91,305737
1.6569,0.2248,38.55,96,91,305741
1.6618,0.1906,38.49,96,91,305744
1.6520,0.2102,38.52,96,91,305747
1.6422,0.2102,38.58,96,91,305752
1.6569,0.2151,38.46,96,91,305755
1.6373,0.2102,38.62,96,91,305758
1.6911,0.2102,38.46,96,91,305762
1.6520,0.2102,38.62,96,91,305765
1.6569,0.2053,38.68,96,91,305768
1.6716,0.2102,38.55,96,91,305772
1.6764,0.2102,38.58,96,91,305775
1.7058,0.2346,38.46,96,91,305778
1.6764,0.2102,38.58,96,91,305781
1.6764,0.2053,38.62,96,91,305785
1.6960,0.2102,38.55,96,91,305788
1.6911,0.2053,38.84,96,91,305792
1.7302,0.2151,38.36,96,91,305796
1.7155,0.2151,38.58,96,91,305799
1.7155,0.2053,38.62,96,91,305802
1.7351,0.2151,38.55,96,91,305806
1.7302,0.2102,38.62,96,91,305809
1.7840,0.2102,38.33,96,91,305812
1.7546,0.2102,38.55,96,91,305816
1.7351,0.2297,38.58,96,91,305819
1.7302,0.2102,38.58,96,91,305822
1.7204,0.2102,38.52,96,91,305825
1.7742,0.2395,38.40,96,91,305829
1.7253,0.2102,38.58,96,91,305832
1.7253,0.2053,38.49,96,91,305836
1.7253,0.2151,38.58,96,91,305840
1.7253,0.2102,38.65,96,91,305843
1.7791,0.2151,38.52,96,91,305846
1.7498,0.2102,38.74,96,91,305850
1.7693,0.2102,38.46,96,91,305853
1.7595,0.2102,38.62,96,91,305856
1.7742,0.2053,38.58,96,91,305860
1.8182,0.2151,38.46,96,91,305863
1.7986,0.2102,38.62,96,91,305866
1.8671,0.2102,38.49,96,91,305870
1.8133,0.2053,38.58,96,91,305873
1.8231,0.2053,38.62,96,91,305876
1.8524,0.2151,38.46,96,91,305880
1.8280,0.2102,38.58,96,91,305884
1.8964,0.2102,38.40,96,91,305887
1.8524,0.2102,38.62,96,91,305890
1.8475,0.2053,38.65,96,91,305894
1.8475,0.2102,38.55,96,91,305897
1.8328,0.2102,38.68,96,91,305900
1.8622,0.2151,38.36,96,91,305904
1.8084,0.2102,38.58,96,91,305907
1.8035,0.2053,38.71,96,91,305910
1.8084,0.2151,38.58,96,91,305913
1.8035,0.2102,38.62,96,91,305917
1.8573,0.2248,38.36,96,91,305921
1.8231,0.2102,38.55,96,91,305924
1.8182,0.2053,38.52,96,91,305928
1.8133,0.2102,38.58,96,91,305931
1.8084,0.2053,38.27,96,91,305934
1.8426,0.2151,38.46,96,91,305938
1.7840,0.2151,38.55,96,91,305942
1.7595,0.2102,38.68,96,91,305946
1.7840,0.2102,38.46,96,91,305949
1.7498,0.2053,38.55,96,91,305952
1.7595,0.2102,38.62,96,91,305956
1.7546,0.2102,38.52,96,91,305959
1.7498,0.2102,38.62,96,91,305963
1.7791,0.2151,38.40,96,91,305967
1.7546,0.2102,38.62,96,91,305970
1.7400,0.2053,38.62,96,91,305973
1.7546,0.2151,38.65,96,91,305976
1.7351,0.2102,38.62,96,91,305980
1.7840,0.2199,38.33,96,91,305983
1.7546,0.2248,38.49,96,91,305986
1.7400,0.2053,38.65,96,91,305990
1.7498,0.2151,38.62,96,91,305993
1.7498,0.2151,38.62,96,91,305996
1.8133,0.2297,38.40,96,91,306000
1.7889,0.2151,38.49,96,91,306003
1.7889,0.2053,38.52,96,91,306007
1.7840,0.2102,38.62,96,91,306011
1.7791,0.2199,38.62,96,91,306014
1.8084,0.2102,38.46,96,91,306017
1.7889,0.2102,38.58,96,91,306020
1.8133,0.2102,38.55,96,91,306024
1.8035,0.2102,38.58,96,91,306027
1.7986,0.2102,38.62,96,91,306030
1.8133,0.2151,38.55,96,91,306034
1.8035,0.2102,38.68,96,91,306037
1.8280,0.2151,38.43,96,91,306040
1.8133,0.2102,38.58,96,91,306044
1.8377,0.2102,38.62,96,91,306048
1.8768,0.2248,38.49,96,91,306051
1.8573,0.2102,38.65,96,91,306055
1.8817,0.2199,38.40,96,91,306058
1.8719,0.2102,38.52,96,91,306061
1.8719,0.2053,38.71,96,91,306064
1.8964,0.2199,38.46,96,91,306068
1.8866,0.2102,38.46,96,91,306071
1.9404,0.2151,38.36,96,91,306074
1.9257,0.2151,38.55,96,91,306078
1.9208,0.2053,38.62,96,91,306081
1.9257,0.2102,38.58,96,91,306084
1.9110,0.2102,38.62,96,91,306088
1.9404,0.2199,38.33,96,91,306092
1.8671,0.2102,38.55,96,91,306095
1.8377,0.2004,37.90,96,91,306099
1.8182,0.2053,38.62,96,91,306102
1.8084,0.2102,38.62,96,91,306105
1.8377,0.2297,38.65,96,91,306108
1.7937,0.2248,38.52,96,91,306112
1.7840,0.1906,38.52,96,91,306115
1.7595,0.2297,38.62,96,91,306118
1.7498,0.2004,38.62,96,91,306122
1.7791,0.2199,38.43,96,91,306125
1.7742,0.2151,38.58,96,91,306128
1.7498,0.2151,38.49,96,91,306132
1.7155,0.2102,38.58,96,91,306136
1.7107,0.2053,38.65,96,91,306139
1.7400,0.2199,38.55,96,91,306143
1.7155,0.2151,38.58,96,91,306146
1.7498,0.2102,38.55,96,91,306149
1.7302,0.2053,38.71,96,91,306152
1.7400,0.2102,38.62,96,91,306156
1.7546,0.2102,38.55,96,91,306159
1.7498,0.2102,38.58,96,91,306162
1.7742,0.2199,38.40,96,91,306166
1.7449,0.2102,38.55,96,91,306169
1.7498,0.2151,38.65,96,91,306172
1.7742,0.2199,38.55,96,91,306177
1.7742,0.2053,38.62,96,91,306180
1.8426,0.2199,38.33,96,91,306183
1.8719,0.2151,38.52,96,91,306187
1.9208,0.2053,38.62,96,91,306190
2.0235,0.2151,37.96,96,91,306193
2.1457,0.2102,38.74,96,91,306196
2.3851,0.2248,38.36,96,91,306200
2.5611,0.2151,38.71,96,91,306203
2.7761,0.2151,38.55,96,91,306206
3.0156,0.2102,38.68,96,91,306210
3.2014,0.2102,38.62,96,91,306213
3.3578,0.2102,38.46,96,91,306216
3.1574,0.2102,38.58,96,91,306221
2.9081,0.2102,38.49,96,91,306224
2.5562,0.2199,38.58,96,91,306227
2.2239,0.2102,38.71,96,91,306231
1.9746,0.2199,38.55,96,91,306234
1.7351,0.2102,38.62,96,91,306237
1.5787,0.2151,38.71,96,91,306240
1.4272,0.2102,38.62,96,91,306244
1.3441,0.2004,38.62,96,91,306247
1.3099,0.1906,38.49,96,91,306250
1.2757,0.2102,38.65,96,91,306254
1.2805,0.2346,38.43,96,91,306257
1.2805,0.2102,38.52,96,91,306260
1.2854,0.2102,38.65,96,91,306265
1.3734,0.2248,38.52,96,91,306268
1.3636,0.2102,38.62,96,91,306271
1.4174,0.2151,38.33,96,91,306275
1.4223,0.2151,38.55,96,91,306278
1.4321,0.2102,38.68,96,91,306281
1.4565,0.2151,38.58,96,91,306284
1.4761,0.2102,38.62,96,91,306288
1.5347,0.2199,38.30,96,91,306291
1.5103,0.2102,38.58,96,91,306294
1.5200,0.2053,39.00,96,91,306298
1.5347,0.2102,38.65,96,91,306301
1.5445,0.1906,38.62,96,91,306305
1.5982,0.2297,38.55,96,91,306309
1.5689,0.2444,38.55,96,91,306312
1.5836,0.2004,38.52,96,91,306315
1.5787,0.2102,38.52,96,91,306319
1.5885,0.1955,38.62,96,91,306322
1.6178,0.2199,38.43,96,91,306325
1.6178,0.2493,38.55,96,91,306328
1.6373,0.1906,38.49,96,91,306332
1.6227,0.2102,38.77,96,91,306335
1.6325,0.2199,38.68,96,91,306338
1.6667,0.2199,38.49,96,91,306342
1.6520,0.2297,38.62,96,91,306345
1.7253,0.2053,38.46,96,91,306349
1.6569,0.2053,38.58,96,91,306353
1.6716,0.2102,38.58,96,91,306356
1.6813,0.2102,38.55,96,91,306359
1.6764,0.2102,38.68,96,91,306363
1.7009,0.2199,38.40,96,91,306366
1.6813,0.2102,38.62,96,91,306369
1.6911,0.2102,38.46,96,91,306372
1.7155,0.2151,38.55,96,91,306376
1.6960,0.2102,38.65,96,91,306379
1.7742,0.2199,38.36,96,91,306382
1.7204,0.2151,38.52,96,91,306386
1.7009,0.2102,38.58,96,91,306390
1.7155,0.2102,38.58,96,91,306393
1.7009,0.2102,38.65,96,91,306397
1.7546,0.2297,38.33,96,91,306400
1.7253,0.2151,38.46,96,91,306403
1.7155,0.2053,38.52,96,91,306407
1.7155,0.2053,38.62,96,91,306410
1.7155,0.2102,38.65,96,91,306413
1.7546,0.2199,38.49,96,91,306416
1.7302,0.2102,38.58,96,91,306420
1.7351,0.2102,38.52,96,91,306423
1.7204,0.2199,38.58,96,91,306426
1.7204,0.2102,38.58,96,91,306430
1.7400,0.2199,38.55,96,91,306434
1.7302,0.2102,38.71,96,91,306437
1.7546,0.2151,38.55,96,91,306441
1.7351,0.2102,38.65,96,91,306444
1.7498,0.2151,38.62,96,91,306447
1.7840,0.2248,38.49,96,91,306451
1.7644,0.2199,38.62,96,91,306454
1.7937,0.2102,38.49,96,91,306457
1.7791,0.2053,38.52,96,91,306460
1.7840,0.2102,38.58,96,91,306464
1.8182,0.2151,38.52,96,91,306467
1.7986,0.2102,38.62,96,91,306470
1.8426,0.2199,38.43,96,91,306475
1.8231,0.2151,38.58,96,91,306478
1.8280,0.2248,38.68,96,91,306481
1.8426,0.2102,38.58,96,91,306485
1.8475,0.2102,38.65,96,91,306488
1.9013,0.2297,38.30,96,91,306491
1.8622,0.2102,38.58,96,91,306495
1.8671,0.2053,38.55,96,91,306498
1.8768,0.2151,38.58,96,91,306501
1.8671,0.2102,38.65,96,91,306504
1.9110,0.2199,38.43,96,91,306508
1.8768,0.2151,38.55,96,91,306511
1.8622,0.2053,38.55,96,91,306514
1.8573,0.2102,38.62,96,91,306519
1.8524,0.2248,38.62,96,91,306522
1.8964,0.2199,38.43,96,91,306525
1.8524,0.2151,38.65,96,91,306529
1.8573,0.2053,38.49,96,91,306532
1.8377,0.2102,38.62,96,91,306535
1.8426,0.2102,38.62,96,91,306539
1.8768,0.2199,38.49,96,91,306542
1.8475,0.2102,38.62,96,91,306545
1.8671,0.2297,38.55,96,91,306548
1.8231,0.2102,38.40,96,91,306552
1.7986,0.2151,38.65,96,91,306556
1.8133,0.1955,38.62,96,91,306561
1.8084,0.2151,38.65,96,91,306564
1.8035,0.2004,38.62,96,91,306567
1.8426,0.2199,38.30,96,91,306571
1.8084,0.2151,38.49,96,91,306574
1.7937,0.2151,38.58,96,91,306577
1.7937,0.2151,38.58,96,91,306581
1.7889,0.2004,38.62,96,91,306584
1.8426,0.2297,38.36,96,91,306587
1.8426,0.2102,38.55,96,91,306591
1.7986,0.2102,38.52,96,91,306594
1.7937,0.2102,38.58,96,91,306597
1.7937,0.2102,38.62,96,91,306601
1.8133,0.2199,38.49,96,91,306605
1.7986,0.2297,38.58,96,91,306608
1.8231,0.2102,38.49,96,91,306611
1.8035,0.2102,38.65,96,91,306615
1.8133,0.2151,38.58,96,91,306618
1.8231,0.2102,38.55,96,91,306621
1.8524,0.2151,38.62,96,91,306625
1.8524,0.2102,38.52,96,91,306628
1.8328,0.2151,38.62,96,91,306631
1.8328,0.2102,38.55,96,91,306635
1.8573,0.2151,38.49,96,91,306638
1.8328,0.2102,38.62,96,91,306641
1.8964,0.2151,38.40,96,91,306646
1.8671,0.2102,38.49,96,91,306649
1.8622,0.2102,38.62,96,91,306652
1.8915,0.2199,38.52,96,91,306656
1.8671,0.2102,38.81,96,91,306659
1.9306,0.2199,38.33,96,91,306662
1.8964,0.2102,38.52,96,91,306665
1.8964,0.2102,38.62,96,91,306669
1.9110,0.2151,38.62,96,91,306672
1.9208,0.2102,38.58,96,91,306675
1.9844,0.2493,38.33,96,91,306679
1.9501,0.2151,38.58,96,91,306682
1.9697,0.2053,38.52,96,91,306685
1.9844,0.2151,38.58,96,91,306690
1.9795,0.2102,38.81,96,91,306693
2.0039,0.2248,38.52,96,91,306696
1.9648,0.2102,38.62,96,91,306700
1.9501,0.2102,38.58,96,91,306703
1.9062,0.2151,38.62,96,91,306706
1.8719,0.2102,38.62,96,91,306709
1.8768,0.2248,38.46,96,91,306713
1.8377,0.2102,38.62,96,91,306716
1.8524,0.2199,38.52,96,91,306719
1.8377,0.2053,38.58,96,91,306723
1.8133,0.2053,38.62,96,91,306726
1.8280,0.2151,38.46,96,91,306729
1.8035,0.2102,38.62,96,91,306734
1.8182,0.2151,38.43,96,91,306737
1.7889,0.1906,38.55,96,91,306740
1.7791,0.2102,38.74,96,91,306744
1.7791,0.2199,38.58,96,91,306747
1.7742,0.2102,38.58,96,91,306750
1.8133,0.2199,38.36,96,91,306753
1.7742,0.2102,38.65,96,91,306757
1.7693,0.2102,38.49,96,91,306760
1.7791,0.2151,38.55,96,91,306763
1.7791,0.2102,38.84,96,91,306767
1.8377,0.2199,38.36,96,91,306770
1.8035,0.2151,38.55,96,91,306774
1.7889,0.2004,38.55,96,91,306778
1.7889,0.2151,38.68,96,91,306781
1.7840,0.2248,38.62,96,91,306784
1.8280,0.2199,38.43,96,91,306788
1.8231,0.2493,38.55,96,91,306791
1.8573,0.2102,38.49,96,91,306794
1.8719,0.2102,38.68,96,91,306798
1.9208,0.2297,38.62,96,91,306801
2.0332,0.1906,38.46,96,91,306804
2.1114,0.2102,38.62,96,91,306807
2.2776,0.2151,38.46,96,91,306811
2.4291,0.2102,38.62,96,91,306814
2.6442,0.2102,38.65,96,91,306818
2.8935,0.2102,38.55,96,91,306822
3.1036,0.2102,38.62,96,91,306825
3.2698,0.2102,38.55,96,91,306828
3.2111,0.2102,38.62,96,91,306832
3.0303,0.2102,38.65,96,91,306835
2.7713,0.2199,38.58,96,91,306838
2.4340,0.2102,38.62,96,91,306841
2.2043,0.1906,38.36,96,91,306845
1.9501,0.2151,38.40,96,91,306848
1.7498,0.2248,38.62,96,91,306851
1.6178,0.2199,38.62,96,91,306855
1.4956,0.2151,38.65,96,91,306859
1.4663,0.2199,38.33,96,91,306862
1.3930,0.2102,38.52,96,91,306866
1.3636,0.2053,38.58,96,91,306869
1.3539,0.2102,38.02,96,91,306872
1.3587,0.2151,38.68,96,91,306876
1.4174,0.2297,38.49,96,91,306879
1.3978,0.2199,38.58,96,91,306882
1.4223,0.2102,38.55,96,91,306886
1.4272,0.2102,38.62,96,91,306889
1.4467,0.2102,38.62,96,91,306892
1.4809,0.2199,38.52,96,91,306895
1.4858,0.2151,38.68,96,91,306899
1.5200,0.2151,38.46,96,91,306903
1.5200,0.2199,38.58,96,91,306906
1.5445,0.2151,38.62,96,91,306910
1.5787,0.2248,38.46,96,91,306913
1.5787,0.2102,38.62,96,91,306916
1.6031,0.2151,38.77,96,91,306920
1.5836,0.2053,38.52,96,91,306923
1.6031,0.1906,38.62,96,91,306926
1.6276,0.2151,38.49,96,91,306930
1.6471,0.2151,38.62,96,91,306933
1.6471,0.2151,38.43,96,91,306936
1.6373,0.2102,38.52,96,91,306939
1.6325,0.2102,38.62,96,91,306944
1.6520,0.2102,38.55,96,91,306947
1.6471,0.2151,38.62,96,91,306950
1.6960,0.2199,38.40,96,91,306954
1.6716,0.2151,38.55,96,91,306957
1.6667,0.2102,38.65,96,91,306960
1.6764,0.2151,38.58,96,91,306964
1.6764,0.2102,37.93,96,91,306967
1.7302,0.2297,38.43,96,91,306970
1.6960,0.2151,38.55,96,91,306974
1.6960,0.2102,37.80,96,91,306977
1.6960,0.2151,38.58,96,91,306980
1.7009,0.2102,38.62,96,91,306984
1.7400,0.2199,38.05,96,91,306988
1.7253,0.2151,38.62,96,91,306991
1.7351,0.2102,38.49,96,91,306994
1.7155,0.2102,38.62,96,91,306998
1.7498,0.2004,38.62,96,91,307001
1.7449,0.2199,38.49,96,91,307004
1.7253,0.2102,38.62,96,91,307008
1.7449,0.2199,38.49,96,91,307011
1.7253,0.2102,38.74,96,91,307014
1.7302,0.2151,38.62,96,91,307018
1.7351,0.2151,38.55,96,91,307021
1.7351,0.2102,38.68,96,91,307024
1.7644,0.2102,38.43,96,91,307027
1.7400,0.2102,38.62,96,91,307032
1.7449,0.2151,38.62,96,91,307035
1.7693,0.2199,38.74,96,91,307038
1.7644,0.2102,38.62,96,91,307042
1.8084,0.2199,38.40,96,91,307045
1.7986,0.2151,38.52,96,91,307048
1.7986,0.2151,38.62,96,91,307052
1.8182,0.2297,38.55,96,91,307055
1.8133,0.2102,38.62,96,91,307058
1.8671,0.2248,38.40,96,91,307062
1.8328,0.2151,38.49,96,91,307065
1.8133,0.2053,38.58,96,91,307068
1.8182,0.2151,38.62,96,91,307073
1.8231,0.2102,38.62,96,91,307076
1.8671,0.2297,38.49,96,91,307079
1.8231,0.2102,38.58,96,91,307082
1.8524,0.2102,38.55,96,91,307086
1.8475,0.2102,38.62,96,91,307089
1.8573,0.2151,38.62,96,91,307092
1.8866,0.2199,38.52,96,91,307096
1.9062,0.2151,38.58,96,91,307099
1.8915,0.2151,38.46,96,91,307102
1.8622,0.2151,38.62,96,91,307106
1.8719,0.2102,38.62,96,91,307109
1.8915,0.2151,38.46,96,91,307112
1.8573,0.2151,38.71,96,91,307117
1.8768,0.2151,38.46,96,91,307120
1.8524,0.2102,38.58,96,91,307123
1.8475,0.2102,38.58,96,91,307127
1.8671,0.2199,38.49,96,91,307130
1.8475,0.2102,38.62,96,91,307133
1.9062,0.2151,38.36,96,91,307136
1.8573,0.2151,38.58,96,91,307140
1.8426,0.2102,38.62,96,91,307143
1.8426,0.2151,38.62,96,91,307146
1.8328,0.2151,38.62,96,91,307150
1.8768,0.2199,38.33,96,91,307153
1.8231,0.2151,38.55,96,91,307156
1.8182,0.2053,38.58,96,91,307161
1.8182,0.2102,38.62,96,91,307164
1.7937,0.2199,38.62,96,91,307169
1.7937,0.2102,38.62,96,91,307172
1.8231,0.2297,38.46,96,91,307175
1.7986,0.2102,38.62,96,91,307179
1.8231,0.2248,38.46,96,91,307182
1.8133,0.2004,38.58,96,91,307185
1.7840,0.2102,38.62,96,91,307189
1.8035,0.2199,38.46,96,91,307192
1.7791,0.2102,38.65,96,91,307195
1.8084,0.2151,38.36,96,91,307200
1.7791,0.2151,38.52,96,91,307203
1.7791,0.2102,38.68,96,91,307206
1.7937,0.2151,38.62,96,91,307209
1.7791,0.2102,38.62,96,91,307213
1.8377,0.2199,38.33,96,91,307216
1.7986,0.2102,38.58,96,91,307219
1.7986,0.2102,38.62,96,91,307223
1.8084,0.2199,38.58,96,91,307226
1.7937,0.2102,38.62,96,91,307229
1.8573,0.2297,38.36,96,91,307233
1.8280,0.2151,38.52,96,91,307236
1.8182,0.2053,38.55,96,91,307239
1.8231,0.2493,38.58,96,91,307244
1.8231,0.2102,38.62,96,91,307247
1.8719,0.2248,38.40,96,91,307250
1.8817,0.2102,38.55,96,91,307253
1.8573,0.2102,38.52,96,91,307257
1.8426,0.2102,38.62,96,91,307260
1.8719,0.2151,38.68,96,91,307263
1.8671,0.2151,38.55,96,91,307267
1.8524,0.2102,38.62,96,91,307270
1.8866,0.2199,38.49,96,91,307273
1.8671,0.2199,38.68,96,91,307277
1.8768,0.2151,38.62,96,91,307280
1.8964,0.2151,38.55,96,91,307283
1.9013,0.1906,38.62,96,91,307288
1.9355,0.2151,38.46,96,91,307291
1.9159,0.1906,38.58,96,91,307294
1.9355,0.2102,38.62,96,91,307298
1.9648,0.2297,38.52,96,91,307301
1.9501,0.2102,38.62,96,91,307304
1.9892,0.2199,38.33,96,91,307307
1.9599,0.2053,38.49,96,91,307311
1.9355,0.2102,38.62,96,91,307314
1.9257,0.2297,38.55,96,91,307317
1.8817,0.2151,38.62,96,91,307321
1.9062,0.2248,38.33,96,91,307324
1.8524,0.2102,38.49,96,91,307328
1.8280,0.2053,38.58,96,91,307332
1.8280,0.2102,38.71,96,91,307335
1.8280,0.2151,38.62,96,91,307338
1.8573,0.2297,38.46,96,91,307342
1.8035,0.2151,38.68,96,91,307345
1.8035,0.2102,38.52,96,91,307348
1.7840,0.2151,38.62,96,91,307351
1.7742,0.2004,38.68,96,91,307355
1.7986,0.2199,38.55,96,91,307358
1.7693,0.2151,38.68,96,91,307361
1.7840,0.2199,38.46,96,91,307365
1.7644,0.2151,38.46,96,91,307368
1.7693,0.2346,38.58,96,91,307372
1.8035,0.2199,38.49,96,91,307376
1.7791,0.2151,38.62,96,91,307379
1.8231,0.2102,38.52,96,91,307382
1.7840,0.2102,38.55,96,91,307386
1.7937,0.2102,38.52,96,91,307389
1.8182,0.1906,38.46,96,91,307392
1.7986,0.2102,38.62,96,91,307395
1.8377,0.2151,38.40,96,91,307399
1.8280,0.2151,38.58,96,91,307402
1.8377,0.2102,38.71,96,91,307405
1.8671,0.2151,38.55,96,91,307409
1.9013,0.2102,38.62,96,91,307412
2.0088,0.2297,38.33,96,91,307416
2.0430,0.1906,38.58,96,91,307420
2.1652,0.2102,38.65,96,91,307423
2.3216,0.2199,38.62,96,91,307426
2.5073,0.2102,38.62,96,91,307430
2.8104,0.2297,38.36,96,91,307433
2.9961,0.2151,38.58,96,91,307436
3.1720,0.2102,38.55,96,91,307439
3.2454,0.2199,38.58,96,91,307443
3.1574,0.2102,38.62,96,91,307446
2.9668,0.2199,38.46,96,91,307449
2.6197,0.2151,38.58,96,91,307453
2.3265,0.2102,38.49,96,91,307457
2.0430,0.2102,38.62,96,91,307460
1.8377,0.2151,38.62,96,91,307464
1.6960,0.2199,38.58,96,91,307467
1.5445,0.2151,38.65,96,91,307470
1.4809,0.2248,38.49,96,91,307473
1.4125,0.2102,38.62,96,91,307477
1.3832,0.2102,38.62,96,91,307480
1.3685,0.2102,38.55,96,91,307483
1.3539,0.2102,38.62,96,91,307487
1.3930,0.2102,38.40,96,91,307490
1.3930,0.2102,38.62,96,91,307493
1.4223,0.2102,38.62,96,91,307497
1.4565,0.2297,38.55,96,91,307501
1.4614,0.2102,38.62,96,91,307504
1.5103,0.2151,38.36,96,91,307508
1.5103,0.2102,38.52,96,91,307511
1.5103,0.2102,38.68,96,91,307514
1.5591,0.2248,38.55,96,91,307517
1.5200,0.2102,38.62,96,91,307521
1.5738,0.2248,38.46,96,91,307524
1.5591,0.2102,38.49,96,91,307527
1.5640,0.2053,38.58,96,91,307531
1.5787,0.2151,38.62,96,91,307534
1.6227,0.2151,38.62,96,91,307537
1.6520,0.2297,38.40,96,91,307542
1.6178,0.2248,38.58,96,91,307545
1.6227,0.2102,38.55,96,91,307548
1.6276,0.2151,38.62,96,91,307552
1.6422,0.2151,38.62,96,91,307555
1.6667,0.2248,38.58,96,91,307558
1.6373,0.2444,38.62,96,91,307561
1.6569,0.2151,38.49,96,91,307565
1.6227,0.2102,38.58,96,91,307568
1.6276,0.2102,38.62,96,91,307571
1.6667,0.2199,38.46,96,91,307575
1.6520,0.2151,38.68,96,91,307578
1.6862,0.2199,38.52,96,91,307581
1.6618,0.2102,38.77,96,91,307586
1.6667,0.2102,38.62,96,91,307589
1.6764,0.2199,38.52,96,91,307592
1.6569,0.2102,38.62,96,91,307596
1.6911,0.2199,38.40,96,91,307599
1.6569,0.2151,38.52,96,91,307602
1.6520,0.2444,38.58,96,91,307605
1.6618,0.2199,38.55,96,91,307609
1.6471,0.2102,38.58,96,91,307612
1.6911,0.2199,38.36,96,91,307615
1.6569,0.2102,38.58,96,91,307619
1.6813,0.2102,38.62,96,91,307622
1.7302,0.2248,38.62,96,91,307625
1.6960,0.2102,38.68,96,91,307630
1.7400,0.2297,38.36,96,91,307633
1.7107,0.2199,38.55,96,91,307636
1.7155,0.2053,38.58,96,91,307640
1.7253,0.2151,38.55,96,91,307643
1.7253,0.2151,38.62,96,91,307646
1.7889,0.2199,38.43,96,91,307649
1.7791,0.2248,38.52,96,91,307653
1.7840,0.2102,38.52,96,91,307656
1.7742,0.2102,38.65,96,91,307659
1.7644,0.2102,38.62,96,91,307663
1.7791,0.2199,38.46,96,91,307666
1.7498,0.2102,38.58,96,91,307670
1.8084,0.2102,38.46,96,91,307674
1.7791,0.2102,38.62,96,91,307677
1.7937,0.2053,38.68,96,91,307680
1.8035,0.2151,38.55,96,91,307684
1.7937,0.2151,38.74,96,91,307687
1.8182,0.2248,38.46,96,91,307690
1.7889,0.2151,38.71,96,91,307693
1.7937,0.2053,38.68,96,91,307697
1.8280,0.2199,38.52,96,91,307700
1.8182,0.2053,38.65,96,91,307703
1.8719,0.2102,38.40,96,91,307707
1.8524,0.2151,38.52,96,91,307710
1.8475,0.2102,38.58,96,91,307714
1.8671,0.2199,38.58,96,91,307718
1.8524,0.2102,38.62,96,91,307721
1.9110,0.2248,38.33,96,91,307724
1.8768,0.2151,38.40,96,91,307728
1.8671,0.2151,38.55,96,91,307731
1.8671,0.2151,38.62,96,91,307734
1.8573,0.2102,38.62,96,91,307737
1.9404,0.2102,38.40,96,91,307741
1.8573,0.2151,38.58,96,91,307744
1.8671,0.2151,38.55,96,91,307747
1.8719,0.2102,38.52,96,91,307751
1.8671,0.2151,38.65,96,91,307755
1.8915,0.2248,38.52,96,91,307758
1.8573,0.2199,38.58,96,91,307762
1.8622,0.2151,38.46,96,91,307765
1.8280,0.2151,38.62,96,91,307768
1.8280,0.2102,38.62,96,91,307772
1.8622,0.2248,38.46,96,91,307775
1.8524,0.2248,38.52,96,91,307780
1.8475,0.2151,38.62,96,91,307783
1.8573,0.2199,38.36,96,91,307786
1.8426,0.2248,38.55,96,91,307790
1.8182,0.2102,38.62,96,91,307793
1.8231,0.2151,38.58,96,91,307796
1.8182,0.2151,38.68,96,91,307801
1.8524,0.2248,38.33,96,91,307804
1.7986,0.2199,38.55,96,91,307807
1.8084,0.2053,38.58,96,91,307810
1.8182,0.2151,38.58,96,91,307814
1.8231,0.2151,38.62,96,91,307817
1.8817,0.2297,38.49,96,91,307820
1.8524,0.2151,38.55,96,91,307824
1.8524,0.2102,38.52,96,91,307827
1.8622,0.2102,38.62,96,91,307830
1.8328,0.2102,38.62,96,91,307834
1.8622,0.2248,38.43,96,91,307837
1.8328,0.2151,38.58,96,91,307841
1.8377,0.2151,38.49,96,91,307845
1.8084,0.2151,38.62,96,91,307848
1.8231,0.2102,38.65,96,91,307851
1.8671,0.2102,38.49,96,91,307855
1.8524,0.2102,38.58,96,91,307858
1.8866,0.2151,38.46,96,91,307861
1.9062,0.2102,38.55,96,91,307864
1.8768,0.2102,38.71,96,91,307868
1.8768,0.2102,38.55,96,91,307871
1.8719,0.2151,38.62,96,91,307874
1.9159,0.2199,38.33,96,91,307878
1.8817,0.2102,38.62,96,91,307881
1.8964,0.2102,38.58,96,91,307885
1.9453,0.2151,38.55,96,91,307889
1.9110,0.2102,38.65,96,91,307892
1.9648,0.2248,38.30,96,91,307895
1.9453,0.2151,38.52,96,91,307899
1.9453,0.2053,38.62,96,91,307902
1.9697,0.1906,38.58,96,91,307905
1.9746,0.2102,38.58,96,91,307908
2.0430,0.2297,38.49,96,91,307912
2.0137,0.2199,38.55,96,91,307915
1.9795,0.2102,38.55,96,91,307918
1.9648,0.2102,38.71,96,91,307922
1.9599,0.2444,38.68,96,91,307926
1.9746,0.2199,38.49,96,91,307929
1.9208,0.2151,38.49,96,91,307933
1.9110,0.2151,38.46,96,91,307936
1.8671,0.2151,38.62,96,91,307939
1.8573,0.2102,38.62,96,91,307943
1.8622,0.2151,38.62,96,91,307946
1.8377,0.2151,38.68,96,91,307949
1.8524,0.2199,38.46,96,91,307952
1.8231,0.2151,38.62,96,91,307956
1.8328,0.2102,38.62,96,91,307959
1.8524,0.2346,38.49,96,91,307962
1.8328,0.2151,38.62,96,91,307966
1.8622,0.2151,38.36,96,91,307970
1.8573,0.2151,38.43,96,91,307973
1.8475,0.2102,38.71,96,91,307977
1.8671,0.1906,38.55,96,91,307980
1.8328,0.2102,38.65,96,91,307983
1.8719,0.2395,38.36,96,91,307987
1.8280,0.2102,38.33,96,91,307990
1.8133,0.2102,38.62,96,91,307993
1.8182,0.2151,38.62,96,91,307997
1.8133,0.2102,38.68,96,91,308000
1.8866,0.2639,38.40,96,91,308003
1.8524,0.2102,38.58,96,91,308006
1.8622,0.2102,38.52,96,91,308011
1.8622,0.2151,38.62,96,91,308014
1.8866,0.2102,38.68,96,91,308017
1.9648,0.2248,38.52,96,91,308021
2.0039,0.2151,38.58,96,91,308024
2.1065,0.2151,37.83,96,91,308027
2.2287,0.2151,38.62,96,91,308031
2.3998,0.2102,38.62,96,91,308034
2.6588,0.2199,38.43,96,91,308037
2.8592,0.2102,38.58,96,91,308041
3.1427,0.2199,38.49,96,91,308044
3.2942,0.2102,38.65,96,91,308047
3.3627,0.2199,38.62,96,91,308050
3.2796,0.2199,38.49,96,91,308055
2.9668,0.2102,38.65,96,91,308058
2.6686,0.2151,38.40,96,91,308061
2.3167,0.2102,38.55,96,91,308065
2.0430,0.2199,38.62,96,91,308068
1.8426,0.2102,38.58,96,91,308071
1.6911,0.2102,38.62,96,91,308075
1.6129,0.2199,38.40,96,91,308078
1.5054,0.2102,38.62,96,91,308081
1.4565,0.2102,38.62,96,91,308084
1.4223,0.2151,38.58,96,91,308088
1.3930,0.2102,38.74,96,91,308091
1.4272,0.2493,38.30,96,91,308094
1.4272,0.2102,38.55,96,91,308099
1.4614,0.2053,38.65,96,91,308102
1.5005,0.2151,38.58,96,91,308105
1.5103,0.2102,38.62,96,91,308109
1.5885,0.2297,38.43,96,91,308112
1.5787,0.2297,38.52,96,91,308115
1.6031,0.2102,38.52,96,91,308119
1.5836,0.2151,38.62,96,91,308122
1.5885,0.2102,38.68,96,91,308125
1.6276,0.2248,38.46,96,91,308128
1.6178,0.2151,38.62,96,91,308132
1.6667,0.2151,38.49,96,91,308135
1.6618,0.2102,38.21,96,91,308139
1.6813,0.2102,38.62,96,91,308143
1.6764,0.2151,38.84,96,91,308146
1.6569,0.2248,38.58,96,91,308149
1.6911,0.2199,38.49,96,91,308153
1.6618,0.2248,38.62,96,91,308156
1.6667,0.2151,38.62,96,91,308159
1.6911,0.2199,38.49,96,91,308163
1.6813,0.1906,38.62,96,91,308166
1.7253,0.2151,38.40,96,91,308169
1.7155,0.2151,38.55,96,91,308173
1.6960,0.2102,38.62,96,91,308176
1.7204,0.2151,38.52,96,91,308179
1.6911,0.2102,38.62,96,91,308183
1.7693,0.2199,38.36,96,91,308187
1.7693,0.2444,38.49,96,91,308190
1.7595,0.2102,38.62,96,91,308193
1.7400,0.2151,38.68,96,91,308197
1.7253,0.2395,38.62,96,91,308200
1.7791,0.2297,38.36,96,91,308203
1.7302,0.2151,38.62,96,91,308207
1.7400,0.2102,38.55,96,91,308210
1.7400,0.2151,38.65,96,91,308213
1.7595,0.2151,38.62,96,91,308217
1.8133,0.2248,38.49,96,91,308220
1.7791,0.2102,38.58,96,91,308224
1.7840,0.2151,38.49,96,91,308227
1.7693,0.2102,38.05,96,91,308231
1.7791,0.2102,38.58,96,91,308234
1.8280,0.2248,38.43,96,91,308237
1.8035,0.2151,37.87,96,91,308241
1.8133,0.2248,38.55,96,91,308244
1.7791,0.2102,38.58,96,91,308247
1.7840,0.2102,38.58,96,91,308251
1.8035,0.2151,38.49,96,91,308254
1.7742,0.2151,38.62,96,91,308257
1.8084,0.2102,38.43,96,91,308261
1.8084,0.2102,38.55,96,91,308264
1.8328,0.2102,38.62,96,91,308268
1.8622,0.2102,38.55,96,91,308271
1.8622,0.1906,38.62,96,91,308275
1.9062,0.2151,38.40,96,91,308278
1.8866,0.1906,38.62,96,91,308281
1.8915,0.2102,38.62,96,91,308285
1.8964,0.2199,38.58,96,91,308288
1.8622,0.2102,38.62,96,91,308291
1.9013,0.2248,38.30,96,91,308295
1.8817,0.2151,38.52,96,91,308298
1.9013,0.2053,38.62,96,91,308301
1.9257,0.2444,38.62,96,91,308305
1.9404,0.2151,38.62,96,91,308308
1.9941,0.2297,38.43,96,91,308312
1.9501,0.2102,38.52,96,91,308315
1.9550,0.2102,38.52,96,91,308319
1.9648,0.2102,37.83,96,91,308322
1.9746,0.2102,38.62,96,91,308325
2.0039,0.2199,38.46,96,91,308329
1.9795,0.2102,38.65,96,91,308332
1.9892,0.2297,38.46,96,91,308335
1.9453,0.2151,38.62,96,91,308339
1.9306,0.2102,38.65,96,91,308342
1.9697,0.2102,38.55,96,91,308345
1.9795,0.2151,38.62,96,91,308348
2.0137,0.2199,38.43,96,91,308353
1.9892,0.2102,38.58,96,91,308356
1.9697,0.2102,38.62,96,91,308359
1.9892,0.2248,38.49,96,91,308363
1.9501,0.2102,38.62,96,91,308366
1.9648,0.2151,38.40,96,91,308369
1.9697,0.2151,38.52,96,91,308373
1.9599,0.2102,38.62,96,91,308376
1.9795,0.2199,38.52,96,91,308379
1.9550,0.1906,38.62,96,91,308383
1.9795,0.2151,38.36,96,91,308386
1.9062,0.2493,38.49,96,91,308391
1.8573,0.2102,38.62,96,91,308395
1.8671,0.2102,38.55,96,91,308398
1.8622,0.2199,38.68,96,91,308402
1.8817,0.2102,38.62,96,91,308405
1.9306,0.2199,38.52,96,91,308408
1.9062,0.2151,38.58,96,91,308411
1.9208,0.2151,38.46,96,91,308415
1.9159,0.2151,38.62,96,91,308418
1.9110,0.2102,38.62,96,91,308421
1.9306,0.2346,38.55,96,91,308425
1.8915,0.2102,38.62,96,91,308428
1.9208,0.2102,38.43,96,91,308431
1.8915,0.2151,38.58,96,91,308435
1.8964,0.2102,38.62,96,91,308439
1.9306,0.2151,38.46,96,91,308442
1.9110,0.2102,38.62,96,91,308446
1.9306,0.2151,38.46,96,91,308449
1.9355,0.2151,38.55,96,91,308452
1.9013,0.2151,38.71,96,91,308455
1.9257,0.2199,38.68,96,91,308459
1.9355,0.2102,38.62,96,91,308462
1.9892,0.2199,38.36,96,91,308465
1.9648,0.2102,38.58,96,91,308469
1.9501,0.2102,38.62,96,91,308472
1.9599,0.2151,38.62,96,91,308475
1.9599,0.2102,38.62,96,91,308480
2.0235,0.2297,38.40,96,91,308483
1.9746,0.2248,38.52,96,91,308486
1.9697,0.1906,38.55,96,91,308490
1.9697,0.2151,38.62,96,91,308493
1.9697,0.2053,38.62,96,91,308496
2.0186,0.2199,38.43,96,91,308499
1.9990,0.2199,38.62,96,91,308503
2.0186,0.2151,38.55,96,91,308506
2.0283,0.2102,38.36,96,91,308509
2.0332,0.2102,38.52,96,91,308513
2.0772,0.2151,38.43,96,91,308516
2.0626,0.2102,38.62,96,91,308519
2.1114,0.2151,38.62,96,91,308524
2.0870,0.2151,38.68,96,91,308527
2.0772,0.2102,38.62,96,91,308530
2.0528,0.2102,38.55,96,91,308533
2.0088,0.2102,38.68,96,91,308537
1.9990,0.2102,38.52,96,91,308540
1.9550,0.2102,38.49,96,91,308543
1.9501,0.2102,38.62,96,91,308547
1.9550,0.2151,38.55,96,91,308550
1.9110,0.2102,38.58,96,91,308553
1.9306,0.2151,38.40,96,91,308557
1.9013,0.2102,38.46,96,91,308560
1.8817,0.2102,38.62,96,91,308563
1.8915,0.2199,38.58,96,91,308568
1.8573,0.2199,38.68,96,91,308571
1.8964,0.2199,38.33,96,91,308574
1.8622,0.2053,38.49,96,91,308577
1.8573,0.2102,38.62,96,91,308581
1.8671,0.2102,38.65,96,91,308584
1.8622,0.2102,38.62,96,91,308587
1.9159,0.2297,38.36,96,91,308591
1.8622,0.2102,38.84,96,91,308594
1.8622,0.2102,38.58,96,91,308597
1.8524,0.2102,38.62,96,91,308601
1.8622,0.2004,38.62,96,91,308604
1.8671,0.2199,38.49,96,91,308608
1.8426,0.2151,38.62,96,91,308612
1.8964,0.2102,38.49,96,91,308615
1.8719,0.2102,38.62,96,91,308618
1.9355,0.2102,38.62,96,91,308621
1.9746,0.2199,38.46,96,91,308625
2.0186,0.2151,38.58,96,91,308628
2.0870,0.2199,38.52,96,91,308631
2.1750,0.2053,38.74,96,91,308635
2.3412,0.2102,38.68,96,91,308638
2.5904,0.2151,38.49,96,91,308641
2.8201,0.2102,38.65,96,91,308645
3.1329,0.2151,38.43,96,91,308648
3.3333,0.2102,38.55,96,91,308652
3.4506,0.2102,38.62,96,91,308656
3.4213,0.2151,38.55,96,91,308659
3.1867,0.2102,38.62,96,91,308662
2.8983,0.2151,38.36,96,91,308665
2.4682,0.2053,38.62,96,91,308669
2.1505,0.2102,38.71,96,91,308672
1.9062,0.2151,38.62,96,91,308675
1.6911,0.2102,38.68,96,91,308679
1.5885,0.2542,38.36,96,91,308682
1.4712,0.2151,38.55,96,91,308685
1.3978,0.2053,38.62,96,91,308689
1.3685,0.2102,38.62,96,91,308692
1.3343,0.2053,38.62,96,91,308696
1.3734,0.2248,38.40,96,91,308700
1.3636,0.2151,38.55,96,91,308703
1.3832,0.2102,38.46,96,91,308706
1.4076,0.2053,38.62,96,91,308709
1.4321,0.2102,38.62,96,91,308713
1.4907,0.2199,38.46,96,91,308716
1.5005,0.2151,38.62,96,91,308719
1.5396,0.2102,38.52,96,91,308723
1.5347,0.2102,38.58,96,91,308726
1.5543,0.2102,38.62,96,91,308729
1.5836,0.2151,38.55,96,91,308733
1.5885,0.2102,38.62,96,91,308737
1.6325,0.2102,38.49,96,91,308740
1.6178,0.2151,38.62,96,91,308744
1.6325,0.2102,38.62,96,91,308747
1.6569,0.2248,38.55,96,91,308750
1.6471,0.2102,37.93,96,91,308754
1.6813,0.2151,38.40,96,91,308757
1.6716,0.2151,38.52,96,91,308760
1.6618,0.2102,38.62,96,91,308763
1.6862,0.2102,38.52,96,91,308767
1.6716,0.2102,38.62,96,91,308770
1.7155,0.2151,38.36,96,91,308773
1.6813,0.2102,38.55,96,91,308777
1.6667,0.2102,38.71,96,91,308781
1.6813,0.2151,38.58,96,91,308784
1.6764,0.2053,38.40,96,91,308788
1.7400,0.2395,38.40,96,91,308791
1.7107,0.2102,38.58,96,91,308794
1.7204,0.2053,38.55,96,91,308798
1.7204,0.2102,38.62,96,91,308801
1.7302,0.2004,38.62,96,91,308804
1.7742,0.2248,38.49,96,91,308807
1.7449,0.2102,38.68,96,91,308811
1.7498,0.2102,38.52,96,91,308814
1.7253,0.2102,38.65,96,91,308817
1.7204,0.2053,38.62,96,91,308822
1.7546,0.2199,38.52,96,91,308825
1.7302,0.2102,38.52,96,91,308828
1.7498,0.2151,38.46,96,91,308832
1.7204,0.2053,38.58,96,91,308835
1.7204,0.2102,38.62,96,91,308838
1.7400,0.2151,38.49,96,91,308841
1.7302,0.2151,38.62,96,91,308845
1.7595,0.2102,38.52,96,91,308848
1.7400,0.2151,38.55,96,91,308851
1.7449,0.2102,38.65,96,91,308855
1.7498,0.2102,38.58,96,91,308858
1.7400,0.2053,38.58,96,91,308861
1.7791,0.2151,38.43,96,91,308866
1.7302,0.2053,38.58,96,91,308869
1.7400,0.2004,38.62,96,91,308872
1.7595,0.2151,38.55,96,91,308875
1.7546,0.2102,38.58,96,91,308879
1.8133,0.2199,38.30,96,91,308882
1.7937,0.2102,38.52,96,91,308885
1.7840,0.2053,38.65,96,91,308889
1.7889,0.2102,38.58,96,91,308892
1.7840,0.2102,38.62,96,91,308895
1.8426,0.2297,38.43,96,91,308899
1.8133,0.2102,38.55,96,91,308902
1.8084,0.2053,38.46,96,91,308905
1.8133,0.2199,38.58,96,91,308910
1.8280,0.2053,38.62,96,91,308913
1.8671,0.2199,38.52,96,91,308916
1.8475,0.2053,38.68,96,91,308919
1.8768,0.2102,38.49,96,91,308923
1.8671,0.2102,38.62,96,91,308926
1.8768,0.2053,38.62,96,91,308929
1.9110,0.2151,38.55,96,91,308933
1.9013,0.2199,38.62,96,91,308936
1.9208,0.2102,38.40,96,91,308939
1.8964,0.2199,38.62,96,91,308943
1.8964,0.2151,38.62,96,91,308946
1.9257,0.2151,38.49,96,91,308950
1.9355,0.2102,38.62,96,91,308954
1.9208,0.2102,38.43,96,91,308957
1.8964,0.2053,38.49,96,91,308960
1.8768,0.2053,38.68,96,91,308963
1.8915,0.2199,38.52,96,91,308967
1.8719,0.2053,38.62,96,91,308970
1.9110,0.2151,38.36,96,91,308973
1.8768,0.2102,38.58,96,91,308977
1.8573,0.2297,38.68,96,91,308980
1.8622,0.1906,38.62,96,91,308983
1.8573,0.2102,38.62,96,91,308987
1.9062,0.2248,38.33,96,91,308990
1.8475,0.2053,38.58,96,91,308994
1.8377,0.2053,38.68,96,91,308998
1.8280,0.2053,38.58,96,91,309001
1.7986,0.2053,38.62,96,91,309006
1.7986,0.2053,38.62,96,91,309009
1.8280,0.2199,38.52,96,91,309012
1.7986,0.2004,38.58,96,91,309015
1.8280,0.2151,38.52,96,91,309019
1.7986,0.2053,38.71,96,91,309022
1.7986,0.2102,38.62,96,91,309025
1.8084,0.2151,38.55,96,91,309029
1.7889,0.2102,38.58,96,91,309032
1.8133,0.2053,38.43,96,91,309036
1.7889,0.2053,37.96,96,91,309040
1.7937,0.2004,38.68,96,91,309043
1.8035,0.2102,38.55,96,91,309046
1.7986,0.2102,38.71,96,91,309050
1.8426,0.2199,38.43,96,91,309053
1.8035,0.2053,38.58,96,91,309056
1.8133,0.2053,38.62,96,91,309059
1.8328,0.2102,38.55,96,91,309063
1.8231,0.2102,38.71,96,91,309066
1.8768,0.2248,38.33,96,91,309069
1.8622,0.2102,38.62,96,91,309073
1.8573,0.2053,38.62,96,91,309076
1.8719,0.2102,38.58,96,91,309080
1.8671,0.2053,38.52,96,91,309084
1.9110,0.2199,38.43,96,91,309087
1.8817,0.2151,38.49,96,91,309090
1.8768,0.2151,38.49,96,91,309094
1.8622,0.2102,38.65,96,91,309097
1.8671,0.2053,38.65,96,91,309100
1.9159,0.2151,38.46,96,91,309103
1.8964,0.2102,38.81,96,91,309107
1.9257,0.2199,38.43,96,91,309110
1.9062,0.1906,38.62,96,91,309113
1.9208,0.2053,38.62,96,91,309117
1.9746,0.2151,38.55,96,91,309121
1.9550,0.2102,38.62,96,91,309124
1.9941,0.2102,38.46,96,91,309128
1.9697,0.2053,38.62,96,91,309131
1.9697,0.2053,38.68,96,91,309134
1.9795,0.2199,38.49,96,91,309138
1.9453,0.2102,38.71,96,91,309141
1.9550,0.2053,38.40,96,91,309144
1.9159,0.2151,38.52,96,91,309147
1.8719,0.2053,38.65,96,91,309151
1.8719,0.2151,38.55,96,91,309154
1.8475,0.2053,38.62,96,91,309157
1.8866,0.2151,38.36,96,91,309161
1.8377,0.2102,38.49,96,91,309165
1.8182,0.2053,38.71,96,91,309168
1.8084,0.2102,38.62,96,91,309172
1.8182,0.2102,38.62,96,91,309175
1.8426,0.2248,37.90,96,91,309178
1.7791,0.2004,38.62,96,91,309182
1.7644,0.2004,38.55,96,91,309185
1.7546,0.2102,38.49,96,91,309188
1.7498,0.2004,38.62,96,91,309191
1.7889,0.2199,38.49,96,91,309195
1.7693,0.2102,38.58,96,91,309198
1.7742,0.2004,38.49,96,91,309201
1.7498,0.2102,38.52,96,91,309206
1.7449,0.2053,38.62,96,91,309209
1.7595,0.2151,38.46,96,91,309212
1.7400,0.2053,38.58,96,91,309216
1.7644,0.2053,38.49,96,91,309219
1.7400,0.2053,38.62,96,91,309222
1.7546,0.2102,38.62,96,91,309226
1.8035,0.2151,38.49,96,91,309229
1.8035,0.1906,38.62,96,91,309232
1.8866,0.2053,38.52,96,91,309235
1.9208,0.2102,38.55,96,91,309239
2.0137,0.2004,38.58,96,91,309242
2.1505,0.2102,38.58,96,91,309245
2.3069,0.2053,38.52,96,91,309250
2.5709,0.2297,38.40,96,91,309253
2.7664,0.2053,38.62,96,91,309256
3.0156,0.2053,38.62,96,91,309260
3.2454,0.2151,38.49,96,91,309263
3.3089,0.2053,38.62,96,91,309266
3.3089,0.2151,38.33,96,91,309269
3.0156,0.2297,38.55,96,91,309273
2.7028,0.2053,38.62,96,91,309276
2.3705,0.2102,38.49,96,91,309279
2.0870,0.2053,38.62,96,91,309283
1.9159,0.2346,38.36,96,91,309286
1.7009,0.2151,38.49,96,91,309289
1.5494,0.2102,38.52,96,91,309294
1.4614,0.2102,38.62,96,91,309297
1.3978,0.2053,38.71,96,91,309300
1.3930,0.2151,38.46,96,91,309303
1.3587,0.1906,38.62,96,91,309307
1.3636,0.2102,38.52,96,91,309310
1.3685,0.2102,38.62,96,91,309313
1.3832,0.2053,38.62,96,91,309317
1.4370,0.2639,38.55,96,91,309320
1.4418,0.1906,38.58,96,91,309323
1.4761,0.2151,38.46,96,91,309327
1.5054,0.2053,38.62,96,91,309330
1.4956,0.2053,38.62,96,91,309334
1.5347,0.2151,38.49,96,91,309338
1.5298,0.2102,38.65,96,91,309341
1.5591,0.2102,38.49,96,91,309344
1.5640,0.2053,38.49,96,91,309347
1.5787,0.2053,38.65,96,91,309351
1.5982,0.2199,38.49,96,91,309354
1.5836,0.2053,38.62,96,91,309357
1.6227,0.1906,38.36,96,91,309361
1.6031,0.2102,38.55,96,91,309364
1.6080,0.1955,38.62,96,91,309367
1.6227,0.2102,38.62,96,91,309371
1.6178,0.2053,38.71,96,91,309374
1.6618,0.2199,38.30,96,91,309378
1.6227,0.2102,38.62,96,91,309382
1.6276,0.2053,38.58,96,91,309385
1.6422,0.2004,38.62,96,91,309388
1.6325,0.2053,38.74,96,91,309391
1.6862,0.2248,38.43,96,91,309395
1.6618,0.2102,38.58,96,91,309398
1.6569,0.2053,38.58,96,91,309401
1.6813,0.2102,38.62,96,91,309405
1.6520,0.2053,38.36,96,91,309408
1.6862,0.2297,38.43,96,91,309411
1.6716,0.2102,38.55,96,91,309415
1.6862,0.2102,38.46,96,91,309419
1.6716,0.2102,38.62,96,91,309422
1.6862,0.2053,38.62,96,91,309426
1.7155,0.2199,38.52,96,91,309429
1.7058,0.2151,38.62,96,91,309432
1.7351,0.2151,38.49,96,91,309435
1.7058,0.2053,38.58,96,91,309439
1.7107,0.2004,38.62,96,91,309442
1.7204,0.2102,38.55,96,91,309445
1.7155,0.2102,38.62,96,91,309449
1.7498,0.2102,38.43,96,91,309452
1.7302,0.2053,38.52,96,91,309455
1.7400,0.2102,38.62,96,91,309459
1.7595,0.2102,38.55,96,91,309463
1.7498,0.2199,38.62,96,91,309466
1.8035,0.2151,38.36,96,91,309470
1.7840,0.2102,38.62,96,91,309473
1.7742,0.1955,38.62,96,91,309476
1.7889,0.2102,38.58,96,91,309479
1.7791,0.2053,38.62,96,91,309483
1.8328,0.2248,38.40,96,91,309486
1.7937,0.2102,38.49,96,91,309489
1.7840,0.2004,38.58,96,91,309493
1.7840,0.2004,38.62,96,91,309496
1.7889,0.1906,38.62,96,91,309499
1.8426,0.2199,38.52,96,91,309504
1.8035,0.1955,38.58,96,91,309507
1.8133,0.2053,38.49,96,91,309510
1.8182,0.2102,38.65,96,91,309513
1.8231,0.2053,38.68,96,91,309517
1.8573,0.2102,38.52,96,91,309520
1.8475,0.2102,38.65,96,91,309523
1.8719,0.2199,38.46,96,91,309527
1.8573,0.2102,38.62,96,91,309530
1.8671,0.2053,38.62,96,91,309533
1.9062,0.2151,38.49,96,91,309537
1.8866,0.2151,38.68,96,91,309540
1.9159,0.1906,38.49,96,91,309543
1.8866,0.2053,38.58,96,91,309548
1.8915,0.2004,38.62,96,91,309551
1.9159,0.2102,38.49,96,91,309554
1.8915,0.2053,38.71,96,91,309557
1.9208,0.2053,38.40,96,91,309561
1.8817,0.2053,38.49,96,91,309564
1.8817,0.2053,38.62,96,91,309567
1.8817,0.2199,38.58,96,91,309571
1.8622,0.2004,38.62,96,91,309574
1.9110,0.2151,38.36,96,91,309577
1.8671,0.2102,38.58,96,91,309581
1.8671,0.2053,38.68,96,91,309584
1.8622,0.2102,38.58,96,91,309587
1.8475,0.2053,38.58,96,91,309592
1.8964,0.2297,38.33,96,91,309595
1.8573,0.2102,38.52,96,91,309598
1.8426,0.1906,38.55,96,91,309601
1.8426,0.2053,38.58,96,91,309605
1.8377,0.2053,38.62,96,91,309608
1.8768,0.2151,38.43,96,91,309611
1.8328,0.2102,38.49,96,91,309616
1.8084,0.2053,38.62,96,91,309619
1.8328,0.2004,38.49,96,91,309623
1.8035,0.2004,38.68,96,91,309626
1.8035,0.2053,38.65,96,91,309629
1.8084,0.2053,38.55,96,91,309634
1.8035,0.2053,38.62,96,91,309637
1.8280,0.2053,38.46,96,91,309640
1.7986,0.2053,38.62,96,91,309644
1.8035,0.2053,38.71,96,91,309647
1.8231,0.2151,38.55,96,91,309650
1.7986,0.2053,38.62,96,91,309653
1.8426,0.2151,38.36,96,91,309657
1.8182,0.2053,38.55,96,91,309660
1.8182,0.2053,38.65,96,91,309663
1.8231,0.2053,38.55,96,91,309667
1.8426,0.2102,38.65,96,91,309670
1.8719,0.2297,38.36,96,91,309673
1.8671,0.2004,38.49,96,91,309678
1.8231,0.2053,38.55,96,91,309681
1.8231,0.2053,38.58,96,91,309684
1.8280,0.2053,38.65,96,91,309687
1.8768,0.2199,38.46,96,91,309691
1.8328,0.2102,38.58,96,91,309694
1.8524,0.2151,38.52,96,91,309697
1.8475,0.2004,38.62,96,91,309701
1.8573,0.2053,38.65,96,91,309704
1.8964,0.2151,38.55,96,91,309707
1.8768,0.2102,38.11,96,91,309711
1.9013,0.2346,38.49,96,91,309714
1.8768,0.2053,38.62,96,91,309718
1.8866,0.2053,38.84,96,91,309722
1.9306,0.2248,38.46,96,91,309725
1.9110,0.2102,38.77,96,91,309728
1.9404,0.2444,38.49,96,91,309731
1.9355,0.2053,38.55,96,91,309735
1.9404,0.2053,38.68,96,91,309738
1.9648,0.2151,38.68,96,91,309741
1.9453,0.2053,38.62,96,91,309745
1.9746,0.2102,38.33,96,91,309748
1.9453,0.2151,38.55,96,91,309751
1.9110,0.2053,38.55,96,91,309755
1.8964,0.2053,38.58,96,91,309758
1.8768,0.2053,38.58,96,91,309762
1.9013,0.2151,38.36,96,91,309766
1.8475,0.2102,38.58,96,91,309769
1.8475,0.2004,38.62,96,91,309772
1.8426,0.2102,38.58,96,91,309775
1.8231,0.2102,38.62,96,91,309779
1.8719,0.2248,38.40,96,91,309782
1.8231,0.2493,38.55,96,91,309785
1.8328,0.2053,38.52,96,91,309789
1.7840,0.2102,38.62,96,91,309792
1.8035,0.2004,38.62,96,91,309795
1.7986,0.2151,38.43,96,91,309799
1.7693,0.2297,38.58,96,91,309803
1.7937,0.2102,38.49,96,91,309806
1.7644,0.2053,37.83,96,91,309810
1.7644,0.2053,38.65,96,91,309813
1.7986,0.2102,38.49,96,91,309816
1.7693,0.2053,38.62,96,91,309819
1.8035,0.2151,38.55,96,91,309823
1.7791,0.2053,38.68,96,91,309826
1.7791,0.2053,38.62,96,91,309829
1.7840,0.2102,38.52,96,91,309833
1.7791,0.2053,38.62,96,91,309836
1.8231,0.1906,38.46,96,91,309839
1.8084,0.2102,38.68,96,91,309843
1.8768,0.2004,38.62,96,91,309847
1.9110,0.2151,38.52,96,91,309850
1.9501,0.2151,38.62,96,91,309854
2.0870,0.2151,38.36,96,91,309857
2.1848,0.2102,38.49,96,91,309860
2.3314,0.2004,38.62,96,91,309863
2.5611,0.2102,38.55,96,91,309867
2.7713,0.2102,38.62,96,91,309870
3.0890,0.2199,38.30,96,91,309873
3.2111,0.2102,38.49,96,91,309877
3.2405,0.2004,38.65,96,91,309880
3.1329,0.2297,38.62,96,91,309883
2.8739,0.2004,38.62,96,91,309888
2.6393,0.2297,38.43,96,91,309891
2.2727,0.2151,38.58,96,91,309894
2.0186,0.2053,38.52,96,91,309897
1.8035,0.2102,38.68,96,91,309901
1.6569,0.2004,38.62,96,91,309904
1.5298,0.2199,38.52,96,91,309907
1.4223,0.2102,38.55,96,91,309911
1.3783,0.2102,38.49,96,91,309914
1.3245,0.2102,38.62,96,91,309917
1.3196,0.2346,38.58,96,91,309921
1.3490,0.2199,38.46,96,91,309924
1.3441,0.2151,38.62,96,91,309927
1.3978,0.2102,38.49,96,91,309932
1.3783,0.2053,38.62,96,91,309935
1.3978,0.2053,38.62,96,91,309938
1.4223,0.2102,38.49,96,91,309941
1.4370,0.2053,38.49,96,91,309945
1.4761,0.2444,38.43,96,91,309948
1.4761,0.2053,38.58,96,91,309951
1.4956,0.2053,38.62,96,91,309955
1.5152,0.2151,38.58,96,91,309958
1.5200,0.2053,38.65,96,91,309961
1.5689,0.2151,38.33,96,91,309965
1.5396,0.2102,38.62,96,91,309968
1.5543,0.2053,38.62,96,91,309971
1.5591,0.2102,38.58,96,91,309976
1.5591,0.2053,38.62,96,91,309979
1.6276,0.2297,38.36,96,91,309982
1.5982,0.2102,38.55,96,91,309985
1.5934,0.2004,38.58,96,91,309989
1.6031,0.1906,38.55,96,91,309992
1.6080,0.2053,38.65,96,91,309995
1.6569,0.2151,38.65,96,91,309999
1.6373,0.2102,38.55,96,91,310002
1.6373,0.2053,38.52,96,91,310005
1.6276,0.2542,38.62,96,91,310009
1.6276,0.2102,38.62,96,91,310012
1.6618,0.2199,38.49,96,91,310016
1.6569,0.2102,38.62,96,91,310020
1.6716,0.1906,38.46,96,91,310023
1.6569,0.2053,38.62,96,91,310026
1.6618,0.1906,38.62,96,91,310029
1.6813,0.2102,38.55,96,91,310033
1.6813,0.2102,38.62,96,91,310036
1.7204,0.2151,38.46,96,91,310039
1.6862,0.2102,38.62,96,91,310043
1.6862,0.2053,38.62,96,91,310046
1.7107,0.2151,38.58,96,91,310049
1.6960,0.1906,38.62,96,91,310053
1.7253,0.2102,38.05,96,91,310056
1.7107,0.2151,38.52,96,91,310060
1.7155,0.2053,38.62,96,91,310064
1.7302,0.2151,38.55,96,91,310067
1.7107,0.2053,38.62,96,91,310070
1.7595,0.2199,38.33,96,91,310073
1.7204,0.2151,38.55,96,91,310077
1.7498,0.2004,38.62,96,91,310080
1.7253,0.2102,38.52,96,91,310083
1.7302,0.2346,38.62,96,91,310087
1.7937,0.2297,38.40,96,91,310090
1.7400,0.2102,38.58,96,91,310093
1.7400,0.2102,38.52,96,91,310097
1.7400,0.2102,38.62,96,91,310100
1.7400,0.2053,38.58,96,91,310104
1.7742,0.2297,38.52,96,91,310108
1.7546,0.2151,38.58,96,91,310111
1.7644,0.2102,38.49,96,91,310114
1.7498,0.2102,38.65,96,91,310117
1.7546,0.2053,38.62,96,91,310121
1.7889,0.2199,38.49,96,91,310124
1.7693,0.2102,38.58,96,91,310127
1.7986,0.2151,38.52,96,91,310131
1.7791,0.2053,38.58,96,91,310134
1.7937,0.1906,38.68,96,91,310137
1.8182,0.2151,38.46,96,91,310141
1.7986,0.2102,38.62,96,91,310145
1.8377,0.2102,38.46,96,91,310148
1.8231,0.2102,38.52,96,91,310152
1.8280,0.2053,38.62,96,91,310155
1.8328,0.2102,38.43,96,91,310158
1.8280,0.2004,38.68,96,91,310161
1.8573,0.2151,38.36,96,91,310165
1.8182,0.2053,38.62,96,91,310168
1.8231,0.2004,38.62,96,91,310171
1.8377,0.2102,38.58,96,91,310175
1.8231,0.2004,38.62,96,91,310178
1.8671,0.1906,38.33,96,91,310181
1.8231,0.2102,38.52,96,91,310185
1.7986,0.2053,38.58,96,91,310189
1.7937,0.2102,38.65,96,91,310192
1.7840,0.2102,38.58,96,91,310196
1.8719,0.2102,38.43,96,91,310199
1.8133,0.2151,38.52,96,91,310202
1.8084,0.2004,38.52,96,91,310205
1.7937,0.2053,38.62,96,91,310209
1.7840,0.2102,38.65,96,91,310212
1.8035,0.2151,38.43,96,91,310215
1.7693,0.2102,38.62,96,91,310219
1.7840,0.2102,38.52,96,91,310222
1.7595,0.2102,38.62,96,91,310225
1.7449,0.2102,38.68,96,91,310231
1.7400,0.1906,38.62,96,91,310234
1.7595,0.2199,38.65,96,91,310238
1.7302,0.2004,38.58,96,91,310241
1.7644,0.2102,38.36,96,91,310244
1.7498,0.2102,38.52,96,91,310247
1.7498,0.2248,38.68,96,91,310251
1.7791,0.2151,38.65,96,91,310254
1.7693,0.2248,38.62,96,91,310257
1.8182,0.2102,38.33,96,91,310261
1.7742,0.2151,38.46,96,91,310264
1.7791,0.2004,38.58,96,91,310267
1.7693,0.2102,38.68,96,91,310272
1.7693,0.2102,38.65,96,91,310275
1.8133,0.2248,38.46,96,91,310278
1.7742,0.2102,38.65,96,91,310282
1.7840,0.2151,38.52,96,91,310285
1.7742,0.2102,38.62,96,91,310288
1.7742,0.2151,38.68,96,91,310292
1.8084,0.2199,38.55,96,91,310295
1.7986,0.2248,38.62,96,91,310298
1.8231,0.2151,38.46,96,91,310301
1.8035,0.2346,38.62,96,91,310305
1.8377,0.2004,38.62,96,91,310308
1.8622,0.2199,38.52,96,91,310311
1.8426,0.2004,38.62,96,91,310316
1.8719,0.2102,38.52,96,91,310319
1.8475,0.2053,38.65,96,91,310322
1.8573,0.2151,38.68,96,91,310326
1.8817,0.2102,38.52,96,91,310329
1.8719,0.2053,38.58,96,91,310332
1.9062,0.2151,38.40,96,91,310336
1.8915,0.2102,38.49,96,91,310339
1.9159,0.2053,38.62,96,91,310342
1.9501,0.2102,38.58,96,91,310345
1.9599,0.2102,38.62,96,91,310349
2.0235,0.2199,38.36,96,91,310352
1.9648,0.2053,38.58,96,91,310355
1.9404,0.2053,37.90,96,91,310360
1.9159,0.2102,38.62,96,91,310363
1.8817,0.2053,38.62,96,91,310366
1.9110,0.2297,38.33,96,91,310370
1.8573,0.2151,38.52,96,91,310373
1.8328,0.2053,38.55,96,91,310376
1.8671,0.2199,38.58,96,91,310380
1.8328,0.2102,38.65,96,91,310383
1.8573,0.2199,38.40,96,91,310386
1.8182,0.2102,38.58,96,91,310389
1.8084,0.2102,37.90,96,91,310393
1.7742,0.2102,38.68,96,91,310396
1.7644,0.2004,38.62,96,91,310400
1.7791,0.2151,38.52,96,91,310404
1.7693,0.2004,38.62,96,91,310407
1.7986,0.2151,38.52,96,91,310410
1.7693,0.2053,38.68,96,91,310414
1.7693,0.2102,38.62,96,91,310417
1.7693,0.2102,38.68,96,91,310420
1.7498,0.2053,38.68,96,91,310424
1.7595,0.1906,38.43,96,91,310427
1.7204,0.2199,38.62,96,91,310430
1.7351,0.2053,38.62,96,91,310433
1.7595,0.2199,38.55,96,91,310437
1.7449,0.2102,38.62,96,91,310440
1.8035,0.2151,38.40,96,91,310444
1.8035,0.2102,38.52,96,91,310448
1.7986,0.2053,38.62,96,91,310451
1.8280,0.2151,38.55,96,91,310454
1.8475,0.2102,38.68,96,91,310458
1.9453,0.2199,38.33,96,91,310461
1.9844,0.2102,38.52,96,91,310464
2.1017,0.2053,38.58,96,91,310468
2.2825,0.2102,38.58,96,91,310471
2.4927,0.2102,38.71,96,91,310474
2.7957,0.2248,38.43,96,91,310477
2.9765,0.2102,38.58,96,91,310481
3.1916,0.2053,38.49,96,91,310484
3.2649,0.2297,38.62,96,91,310488
3.1769,0.2053,38.68,96,91,310492
2.9765,0.2199,38.71,96,91,310495
2.6393,0.2151,38.58,96,91,310498
2.3460,0.2102,38.46,96,91,310502
2.0430,0.2102,38.62,96,91,310505
1.8182,0.2151,38.62,96,91,310508
1.6667,0.2199,38.55,96,91,310511
1.5200,0.2151,38.68,96,91,310515
1.4223,0.2151,38.52,96,91,310518
1.3392,0.2053,38.62,96,91,310521
1.3343,0.2053,38.62,96,91,310525
1.3001,0.2102,38.52,96,91,310529
1.3001,0.2102,38.68,96,91,310532
1.3441,0.2102,38.40,96,91,310536
1.3539,0.2102,38.58,96,91,310539
1.3783,0.2053,38.65,96,91,310542
1.4076,0.1906,38.58,96,91,310546
1.4174,0.2053,38.65,96,91,310549
1.4663,0.2151,38.40,96,91,310552
1.4565,0.2053,38.58,96,91,310555
1.4858,0.2053,38.84,96,91,310559
1.5396,0.2151,38.62,96,91,310562
1.5249,0.2102,38.71,96,91,310565
1.5836,0.2297,38.36,96,91,310569
1.5689,0.2102,38.55,96,91,310573
1.5787,0.2053,38.62,96,91,310576
1.5982,0.2102,38.58,96,91,310580
1.5982,0.2102,38.58,96,91,310583
1.6422,0.2151,38.43,96,91,310586
1.6129,0.2102,38.58,96,91,310590
1.6178,0.2199,38.52,96,91,310593
1.6129,0.1906,38.62,96,91,310596
1.6325,0.2102,38.65,96,91,310600
1.6716,0.2102,38.52,96,91,310603
1.6569,0.2053,38.62,96,91,310606
1.6716,0.2151,38.58,96,91,310609
1.6422,0.2199,38.62,96,91,310614
1.6422,0.2102,38.62,96,91,310617
1.6569,0.2248,38.55,96,91,310620
1.6569,0.2102,38.62,96,91,310624
1.6862,0.2102,38.46,96,91,310627
1.6667,0.2004,38.62,96,91,310630
1.6813,0.1906,38.68,96,91,310634
1.6911,0.2151,38.62,96,91,310637
1.6667,0.2102,38.62,96,91,310640
1.7009,0.2151,38.33,96,91,310644
1.6813,0.2199,38.52,96,91,310647
1.6813,0.2053,38.62,96,91,310650
1.7009,0.2199,38.58,96,91,310653
1.7107,0.2053,38.62,96,91,310658
1.7204,0.2199,38.30,96,91,310661
1.6960,0.2444,38.55,96,91,310664
1.7351,0.2053,38.58,96,91,310668
1.7107,0.2102,38.65,96,91,310671
1.7009,0.2346,38.62,96,91,310674
1.7498,0.2297,38.46,96,91,310678
1.7204,0.2102,38.55,96,91,310681
1.7449,0.2053,38.52,96,91,310684
1.7400,0.2102,38.62,96,91,310688
1.7204,0.2151,38.62,96,91,310691
1.7253,0.2199,38.52,96,91,310694
1.6911,0.2102,38.65,96,91,310697
1.7204,0.2151,38.46,96,91,310702
1.7204,0.2102,38.65,96,91,310705
1.7498,0.2297,38.65,96,91,310708
1.7986,0.2102,38.49,96,91,310712
1.7693,0.2102,38.62,96,91,310715
1.7986,0.2248,38.49,96,91,310718
1.7889,0.2053,38.58,96,91,310722
1.7986,0.2102,38.74,96,91,310725
1.8133,0.2102,38.52,96,91,310728
1.7937,0.2102,38.52,96,91,310732
1.8231,0.2199,38.40,96,91,310735
1.8035,0.2102,38.62,96,91,310738
1.8035,0.2102,38.62,96,91,310742
1.8377,0.2151,38.58,96,91,310746
1.8182,0.2102,38.71,96,91,310749
1.8817,0.2199,38.36,96,91,310752
1.8524,0.2102,38.58,96,91,310756
1.8622,0.2102,38.65,96,91,310759
1.9062,0.2102,38.58,96,91,310762
1.8866,0.2102,38.62,96,91,310766
1.9501,0.2248,38.36,96,91,310769
1.9062,0.2102,38.52,96,91,310772
1.8866,0.2053,38.58,96,91,310776
1.8964,0.2151,38.62,96,91,310779
1.8768,0.2102,38.62,96,91,310782
1.9110,0.2199,38.49,96,91,310786
1.8671,0.2151,38.55,96,91,310790
1.8524,0.2102,38.52,96,91,310793
1.8328,0.2151,38.68,96,91,310796
1.8133,0.2102,38.65,96,91,310800
1.8524,0.2151,38.52,96,91,310803
1.8719,0.2102,38.62,96,91,310806
1.9257,0.2151,38.49,96,91,310810
1.8866,0.2151,38.62,96,91,310813
1.8671,0.2102,38.52,96,91,310816
1.8719,0.2151,38.58,96,91,310820
1.8035,0.2053,38.71,96,91,310823
1.7986,0.2102,38.36,96,91,310827
1.7742,0.2102,38.62,96,91,310831
1.7791,0.2102,38.55,96,91,310834
1.7986,0.2102,38.55,97,91,310837
1.7889,0.2151,38.65,97,91,310842
1.7840,0.2102,38.77,97,91,310845
1.8328,0.2297,38.40,97,91,310848
1.7986,0.2102,38.52,97,91,310852
1.7889,0.2053,38.46,97,91,310855
1.7889,0.2151,38.68,97,91,310858
1.7937,0.2102,38.62,97,91,310862
1.8426,0.2199,38.49,97,91,310865
1.8475,0.2102,38.62,97,91,310868
1.8719,0.2102,38.55,97,91,310873
1.8280,0.2444,38.62,97,91,310876
1.8084,0.2102,38.62,97,91,310879
1.8280,0.2151,38.52,97,91,310883
1.8133,0.2199,38.68,97,91,310886
1.8426,0.2199,38.49,97,91,310889
1.8133,0.2199,38.62,97,91,310892
1.8328,0.2004,38.62,97,91,310896
1.8426,0.2199,38.49,97,91,310899
1.8182,0.2151,38.68,97,91,310902
1.8622,0.2102,38.43,97,91,310906
1.8671,0.2102,38.62,97,91,310909
1.8671,0.2102,38.62,97,91,310913
1.8866,0.2151,38.49,97,91,310917
1.8866,0.2004,38.62,97,91,310920
1.9208,0.2151,38.36,97,91,310923
1.8866,0.2053,38.55,97,91,310927
1.8915,0.2151,38.65,97,91,310930
1.8768,0.2102,38.65,97,91,310933
1.8622,0.2004,38.65,97,91,310936
1.9501,0.2199,38.33,97,91,310940
1.8915,0.2102,37.83,97,91,310943
1.9208,0.2102,38.68,97,91,310946
1.9550,0.2102,38.58,97,91,310950
1.9697,0.2102,38.71,97,91,310953
2.0430,0.2297,38.43,97,91,310957
2.0186,0.1906,38.55,97,91,310961
1.9990,0.2102,38.52,97,91,310964
1.9697,0.2151,38.68,97,91,310967
1.9550,0.2102,38.62,97,91,310971
1.9697,0.2199,38.33,97,91,310974
1.9110,0.2102,38.58,97,91,310977
1.8964,0.2151,38.49,97,91,310980
1.8524,0.2053,38.68,97,91,310984
1.8524,0.2102,38.71,97,91,310987
1.8768,0.2102,38.55,97,91,310990
1.8915,0.2102,38.58,97,91,310994
1.8964,0.2102,38.49,97,91,310998
1.8524,0.2151,38.62,97,91,311001
1.8133,0.2102,38.62,97,91,311005
1.7791,0.2199,38.55,97,91,311008
1.7595,0.2102,38.62,97,91,311011
1.7889,0.2151,38.40,97,91,311015
1.7644,0.2004,38.68,97,91,311018
1.7791,0.2102,38.62,97,91,311021
1.7937,0.2199,38.62,97,91,311024
1.7840,0.2102,38.62,97,91,311028
1.8231,0.2199,38.40,97,91,311031
1.7937,0.2248,38.52,97,91,311034
1.8133,0.1906,38.65,97,91,311038
1.7840,0.2151,38.62,97,91,311042
1.7791,0.2199,38.62,97,91,311045
1.8426,0.2297,38.40,97,91,311049
1.8133,0.2199,38.52,97,91,311052
1.8133,0.1906,38.52,97,91,311055
1.8231,0.2102,38.77,97,91,311059
1.8426,0.2053,38.62,97,91,311062
1.9257,0.2199,38.49,97,91,311065
1.9501,0.2102,38.58,97,91,311068
2.0528,0.2151,38.49,97,91,311072
2.1652,0.2102,38.62,97,91,311075
2.3509,0.2297,38.65,97,91,311078
2.6197,0.2248,38.55,97,91,311083
2.8592,0.2102,38.58,97,91,311086
3.1574,0.2199,38.49,97,91,311089
3.3040,0.2102,38.62,97,91,311093
3.3578,0.2102,38.65,97,91,311096
3.2600,0.2199,38.49,97,91,311099
2.9277,0.2102,38.62,97,91,311103
2.6197,0.2102,38.77,97,91,311106
2.2678,0.2151,38.55,97,91,311109
1.9746,0.2151,38.62,97,91,311112
1.7449,0.2199,38.52,97,91,311116
1.5347,0.1906,38.62,97,91,311119
1.4321,0.2151,38.52,97,91,311122
1.3196,0.2151,38.58,97,91,311127
1.2659,0.2102,38.62,97,91,311130
1.2610,0.2102,38.58,97,91,311133
1.2903,0.2102,38.62,97,91,311137
1.3294,0.2199,38.33,97,91,311140
1.3196,0.2053,38.58,97,91,311143
1.3539,0.1906,38.58,97,91,311147
1.3734,0.2102,38.58,97,91,311150
1.3978,0.2102,38.62,97,91,311153
1.4516,0.2297,38.40,97,91,311156
1.4418,0.2151,38.52,97,91,311160
1.4614,0.2053,38.52,97,91,311163
1.4858,0.2102,38.52,97,91,311166
1.5054,0.2297,38.62,97,91,311171
1.5396,0.2199,38.43,97,91,311174
1.5249,0.2444,38.55,97,91,311177
1.5738,0.2151,38.46,97,91,311181
1.5396,0.2102,38.62,97,91,311184
1.5543,0.2151,38.62,97,91,311187
1.5787,0.2151,38.55,97,91,311191
1.5640,0.2053,38.58,97,91,311194
1.6080,0.2151,38.49,97,91,311197
1.5836,0.2102,38.62,97,91,311200
1.6031,0.2102,38.58,97,91,311204
1.6276,0.2151,38.55,97,91,311207
1.6276,0.2102,38.62,97,91,311211
1.6569,0.2151,38.40,97,91,311215
1.6276,0.2151,38.62,97,91,311218
1.6373,0.2102,38.40,97,91,311221
1.6471,0.2248,38.58,97,91,311225
1.6325,0.2102,38.08,97,91,311228
1.6764,0.2151,38.33,97,91,311231
1.6569,0.2151,38.55,97,91,311235
1.6618,0.2102,38.58,97,91,311238
1.6716,0.2151,38.58,97,91,311241
1.6618,0.2102,38.68,97,91,311244
1.7058,0.2297,38.36,97,91,311248
1.6667,0.2199,38.55,97,91,311251
1.6618,0.2590,38.52,97,91,311255
1.6667,0.2102,38.62,97,91,311259
1.6618,0.2102,38.62,97,91,311262
1.6960,0.2297,38.49,97,91,311265
1.6716,0.2151,38.62,97,91,311269
1.6764,0.2151,38.68,97,91,311272
1.6862,0.2102,38.62,97,91,311275
1.6716,0.2102,38.62,97,91,311279
1.7107,0.2102,38.55,97,91,311282
1.6960,0.2102,38.62,97,91,311285
1.7253,0.2199,38.02,97,91,311288
1.6960,0.2102,38.62,97,91,311292
1.7058,0.2102,38.52,97,91,311296
1.7253,0.2199,38.55,97,91,311299
1.7058,0.2102,38.62,97,91,311303
1.7302,0.2102,38.49,97,91,311306
1.7058,0.2102,38.52,97,91,311309
1.7009,0.2102,38.62,97,91,311313
1.7155,0.2297,38.52,97,91,311316
1.7009,0.2151,38.62,97,91,311319
1.7400,0.2151,38.36,97,91,311323
1.7058,0.2102,38.58,97,91,311326
1.7400,0.2004,38.62,97,91,311329
1.7644,0.2151,38.58,97,91,311332
1.7400,0.2102,38.62,97,91,311336
1.7986,0.2199,38.27,97,91,311340
1.7644,0.2102,38.58,97,91,311343
1.7791,0.2053,38.58,97,91,311347
1.7840,0.2151,38.68,97,91,311350
1.7889,0.2102,38.71,97,91,311353
1.8475,0.2297,38.43,97,91,311357
1.8133,0.2199,38.58,97,91,311360
1.8035,0.2102,38.52,97,91,311363
1.8182,0.2102,38.62,97,91,311367
1.8133,0.2102,38.62,97,91,311370
1.8622,0.2542,38.43,97,91,311373
1.8475,0.2151,38.58,97,91,311376
1.8622,0.2151,38.46,97,91,311380
1.8426,0.2151,38.58,97,91,311384
1.8377,0.2102,38.84,97,91,311387
1.8524,0.2151,38.52,97,91,311391
1.8328,0.2102,38.62,97,91,311394
1.8573,0.2151,38.49,97,91,311397
1.8182,0.1906,38.62,97,91,311401
1.8231,0.2102,38.58,97,91,311404
1.8426,0.2151,38.55,97,91,311407
1.8182,0.1906,38.65,97,91,311411
1.8426,0.2151,38.43,97,91,311414
1.8084,0.1906,38.62,97,91,311417
1.8133,0.2102,38.62,97,91,311420
1.8231,0.2199,38.55,97,91,311425
1.7986,0.2102,38.62,97,91,311428
1.8377,0.2199,38.36,97,91,311431
1.8084,0.2151,38.52,97,91,311435
1.7986,0.2102,38.65,97,91,311438
1.7937,0.2102,38.58,97,91,311441
1.7840,0.2102,38.62,97,91,311445
1.8280,0.2297,38.36,97,91,311448
1.7986,0.2151,38.52,97,91,311453
1.7742,0.2151,38.62,97,91,311456
1.8035,0.2151,38.40,97,91,311459
1.7840,0.2053,38.68,97,91,311463
1.7889,0.2102,38.62,97,91,311467
1.7937,0.2395,38.55,97,91,311470
1.7889,0.2102,38.62,97,91,311474
1.8035,0.2102,38.52,97,91,311477
1.7986,0.1906,38.62,97,91,311480
1.7889,0.1906,38.62,97,91,311483
1.8133,0.2199,38.40,97,91,311487
1.7791,0.1906,38.62,97,91,311490
1.8182,0.2151,38.33,97,91,311493
1.7840,0.2248,38.49,97,91,311497
1.7693,0.2102,38.65,97,91,311500
1.7840,0.2151,38.55,97,91,311503
1.7742,0.2151,38.58,97,91,311507
1.8280,0.2199,38.33,97,91,311511
1.7986,0.2102,38.52,97,91,311514
1.8035,0.2053,38.68,97,91,311518
1.8133,0.2493,38.68,97,91,311521
1.8133,0.2102,38.62,97,91,311524
1.8573,0.2297,38.40,97,91,311528
1.8280,0.2151,38.55,97,91,311531
1.8182,0.2102,38.55,97,91,311534
1.8231,0.2248,38.62,97,91,311537
1.8328,0.2102,38.62,97,91,311541
1.8915,0.2199,38.49,97,91,311544
1.8866,0.2151,38.62,97,91,311547
1.9159,0.2151,38.49,97,91,311552
1.9110,0.2102,38.62,97,91,311555
1.9306,0.2102,38.62,97,91,311558
1.9795,0.2395,38.46,97,91,311562
1.9550,0.2151,38.62,97,91,311565
1.9746,0.2151,38.46,97,91,311568
1.9501,0.2053,38.58,97,91,311572
1.9257,0.2102,38.62,97,91,311575
1.9355,0.2151,38.49,97,91,311578
1.8817,0.2102,38.62,97,91,311581
1.8817,0.2151,38.40,97,91,311585
1.8377,0.2102,38.52,97,91,311588
1.8182,0.2102,38.65,97,91,311591
1.8133,0.2102,38.33,97,91,311596
1.8035,0.2102,38.62,97,91,311599
1.8426,0.2199,38.40,97,91,311602
1.7986,0.2151,38.58,97,91,311606
1.7889,0.2102,38.68,97,91,311609
1.7840,0.2199,38.62,97,91,311612
1.7693,0.2102,38.62,97,91,311616
1.8084,0.2297,38.43,97,91,311619
1.7986,0.2151,38.52,97,91,311622
1.7498,0.2053,38.55,97,91,311625
1.7449,0.2102,38.58,97,91,311629
1.7351,0.2102,38.62,97,91,311632
1.7693,0.2199,38.71,97,91,311635
1.7546,0.2248,38.58,97,91,311640
1.7498,0.2102,38.52,97,91,311643
1.7400,0.2102,38.65,97,91,311646
1.7449,0.2053,38.62,97,91,311650
1.7742,0.2199,38.46,97,91,311653
1.7498,0.2151,38.62,97,91,311656
1.7791,0.2151,38.46,97,91,311660
1.7498,0.2102,38.62,97,91,311663
1.7644,0.2151,38.62,97,91,311666
1.8084,0.2151,38.58,97,91,311670
1.8377,0.2151,38.62,97,91,311673
1.9159,0.2102,38.49,97,91,311676
1.9599,0.2151,38.62,97,91,311680
2.0723,0.2102,38.62,97,91,311684
2.2532,0.2199,38.49,97,91,311687
2.4242,0.2151,38.62,97,91,311690
2.7224,0.2199,38.36,97,91,311694
2.9521,0.2346,38.49,97,91,311697
3.1476,0.2102,38.62,97,91,311700
3.3040,0.2395,38.62,97,91,311704
3.2502,0.2151,38.62,97,91,311707
3.1232,0.2199,38.33,97,91,311710
2.7468,0.2151,38.46,97,91,311714
2.3949,0.2053,38.58,97,91,311717
2.1114,0.2151,38.74,97,91,311720
1.8719,0.2151,38.68,97,91,311724
1.7204,0.2297,38.49,97,91,311728
1.5396,0.2444,38.55,97,91,311731
1.4370,0.1906,38.52,97,91,311734
1.3685,0.2102,38.74,97,91,311738
1.3392,0.2151,38.65,97,91,311741
1.3343,0.2199,38.52,97,91,311744
1.3099,0.2151,38.68,97,91,311748
1.3294,0.2151,38.46,97,91,311751
1.3343,0.2199,38.68,97,91,311754
1.3685,0.2102,38.62,97,91,311758
1.4125,0.2199,38.62,97,91,311761
1.4076,0.2102,38.62,97,91,311764
1.4565,0.2102,38.46,97,91,311769
1.4565,0.2151,38.52,97,91,311772
1.4858,0.2151,38.62,97,91,311775
1.5200,0.2151,38.49,97,91,311778
1.5249,0.2102,38.62,97,91,311782
1.5689,0.2151,38.46,97,91,311785
1.5836,0.2248,38.55,97,91,311788
1.5689,0.2102,38.62,97,91,311792
1.5836,0.2151,38.62,97,91,311795
1.5885,0.2102,38.62,97,91,311798
1.6373,0.2199,38.43,97,91,311802
1.6129,0.2151,38.65,97,91,311805
1.6129,0.2053,38.71,97,91,311809
1.6178,0.2053,38.62,97,91,311813
1.6129,0.2102,38.65,97,91,311816
1.6667,0.2297,38.40,97,91,311819
1.6373,0.2151,38.58,97,91,311822
1.6422,0.2102,38.52,97,91,311826
1.6422,0.2151,38.62,97,91,311829
1.6471,0.2102,38.62,97,91,311832
1.6862,0.2199,38.43,97,91,311836
1.6569,0.2151,38.58,97,91,311839
1.6813,0.2151,38.52,97,91,311842
1.6764,0.2151,38.58,97,91,311846
1.6764,0.2102,38.58,97,91,311849
1.7009,0.2102,38.52,97,91,311853
1.6862,0.2102,38.65,97,91,311857
1.7253,0.2151,38.46,97,91,311860
1.6960,0.2053,38.58,97,91,311863
1.7058,0.2102,38.62,97,91,311867
1.7155,0.2102,38.58,97,91,311870
1.7107,0.2151,38.65,97,91,311873
1.7302,0.2151,38.55,97,91,311876
1.7009,0.2151,38.62,97,91,311880
1.7058,0.2102,38.58,97,91,311883
1.7302,0.2248,38.55,97,91,311886
1.7302,0.2102,38.58,97,91,311890
1.7889,0.2199,38.36,97,91,311894
1.7693,0.2151,38.55,97,91,311897
1.7595,0.2102,38.65,97,91,311901
1.7595,0.2199,38.58,97,91,311904
1.7644,0.2102,38.62,97,91,311907
1.8133,0.2297,38.36,97,91,311911
1.7791,0.2199,38.49,97,91,311914
1.7644,0.2151,38.58,97,91,311917
1.7693,0.1906,38.62,97,91,311920
1.7742,0.2102,38.62,97,91,311924
1.8182,0.2199,38.49,97,91,311927
1.7889,0.2151,38.62,97,91,311930
1.8035,0.2151,38.49,97,91,311934
1.8084,0.2102,38.62,97,91,311938
1.7937,0.2102,38.62,97,91,311941
1.8133,0.2102,38.58,97,91,311945
1.8084,0.1906,38.58,97,91,311948
1.8377,0.2199,38.52,97,91,311951
1.8475,0.2102,38.62,97,91,311955
1.8328,0.2102,38.62,97,91,311958
1.8671,0.2199,38.46,97,91,311961
1.8524,0.2102,38.62,97,91,311964
1.8768,0.2151,38.40,97,91,311968
1.8573,0.1906,38.52,97,91,311971
1.8622,0.2102,38.62,97,91,311974
1.8866,0.2248,38.52,97,91,311979
1.8768,0.2151,38.62,97,91,311982
1.9208,0.2199,38.40,97,91,311985
1.8964,0.2199,38.52,97,91,311989
1.8866,0.2151,38.62,97,91,311992
1.8866,0.2199,38.62,97,91,311995
1.8768,0.2151,38.62,97,91,311999
1.9257,0.2248,38.33,97,91,312002
1.8768,0.2199,38.58,97,91,312005
1.8671,0.2053,38.58,97,91,312008
1.8671,0.2151,38.68,97,91,312012
1.8622,0.2102,38.65,97,91,312015
1.8915,0.2297,38.46,97,91,312018
1.8622,0.2199,38.55,97,91,312023
1.8524,0.2102,38.52,97,91,312026
1.8426,0.2248,38.62,97,91,312029
1.8524,0.1906,38.62,97,91,312033
1.8915,0.2199,38.49,97,91,312036
1.8622,0.2151,38.55,97,91,312039
1.8817,0.2151,38.46,97,91,312043
1.8524,0.2102,38.62,97,91,312046
1.8426,0.2102,38.62,97,91,312049
1.8622,0.2151,38.52,97,91,312053
1.8524,0.2151,38.62,97,91,312056
1.8524,0.2102,38.49,97,91,312059
1.8133,0.2199,38.40,96,91,312062
1.8084,0.2102,38.65,96,91,312068
1.8133,0.2102,38.62,96,91,312071
1.8182,0.2199,38.58,96,91,312075
1.7986,0.2102,38.58,96,91,312078
1.8817,0.2102,38.36,96,91,312081
1.8182,0.2151,38.55,96,91,312085
1.8084,0.2102,38.62,96,91,312088
1.8084,0.2151,38.62,96,91,312091
1.8084,0.2102,37.87,96,91,312095
1.8524,0.2688,38.43,96,91,312098
1.8182,0.2199,38.55,96,91,312101
1.8133,0.2346,38.52,96,91,312105
1.8035,0.2102,38.62,96,91,312109
1.8084,0.2102,38.62,96,91,312112
1.8426,0.2395,38.46,96,91,312115
1.8182,0.2102,38.62,96,91,312119
1.8573,0.2151,37.93,96,91,312122
1.8377,0.2151,38.65,96,91,312125
1.8426,0.2102,38.65,96,91,312129
1.8524,0.2151,38.55,96,91,312132
1.8524,0.2102,38.62,96,91,312135
1.8768,0.2151,38.49,96,91,312139
1.8524,0.2151,38.62,96,91,312142
1.8622,0.2199,38.62,96,91,312145
1.9013,0.2199,38.52,96,91,312150
1.8964,0.2199,38.68,96,91,312153
1.9892,0.2102,38.43,96,91,312156
1.9453,0.2151,38.52,96,91,312159
1.9404,0.2102,38.62,96,91,312163
1.9648,0.2199,38.55,96,91,312166
1.9501,0.2102,38.62,96,91,312169
2.0186,0.2248,38.30,96,91,312173
1.9844,0.2102,38.55,96,91,312176
1.9697,0.2102,38.62,96,91,312179
1.9599,0.2151,38.62,96,91,312183
1.9453,0.2151,38.62,96,91,312186
1.9844,0.2297,38.40,96,91,312189
1.9110,0.2151,38.58,96,91,312194
1.8915,0.2102,38.49,96,91,312197
1.8671,0.2053,38.62,96,91,312200
1.8524,0.2102,38.62,96,91,312203
1.8817,0.2248,38.52,96,91,312207
1.8426,0.2151,38.62,96,91,312210
1.8475,0.2151,38.49,96,91,312213
1.8182,0.2151,38.62,96,91,312217
1.8035,0.2102,38.55,96,91,312220
1.8231,0.2248,38.43,96,91,312223
1.7840,0.2199,38.68,96,91,312227
1.8035,0.2346,38.49,96,91,312230
1.7742,0.2151,38.55,96,91,312233
1.7693,0.2102,38.71,96,91,312238
1.7889,0.2102,38.49,96,91,312241
1.7644,0.2102,38.65,96,91,312244
1.7986,0.2151,38.40,96,91,312248
1.7840,0.2102,38.52,96,91,312251
1.7889,0.2102,38.62,96,91,312254
1.7986,0.2493,38.58,96,91,312257
1.7986,0.2102,38.62,96,91,312261
1.8328,0.2199,38.55,96,91,312264
1.7889,0.2151,38.58,96,91,312267
1.8084,0.2102,38.71,96,91,312271
1.8377,0.2151,38.68,96,91,312274
1.8524,0.2102,38.84,96,91,312278
1.9404,0.2395,38.40,96,91,312282
1.9501,0.2102,38.52,96,91,312285
2.0088,0.2053,38.55,96,91,312288
2.1114,0.2151,38.62,96,91,312292
2.2483,0.2102,38.65,96,91,312295
2.4878,0.2248,38.43,96,91,312298
2.6784,0.2248,38.52,96,91,312301
2.9326,0.2102,38.49,96,91,312305
3.1281,0.2102,38.58,96,91,312308
3.2747,0.2444,38.62,96,91,312311
3.3284,0.2199,38.52,96,91,312315
3.1183,0.2151,38.52,96,91,312318
2.8641,0.2151,38.46,96,91,312322
2.5171,0.2102,38.62,96,91,312326
2.2385,0.2151,38.62,96,91,312329
2.0039,0.2151,38.58,96,91,312332
1.8035,0.2102,38.74,96,91,312336
1.6764,0.2395,38.46,96,91,312339
1.5396,0.2102,38.62,96,91,312342
1.4663,0.2102,38.62,96,91,312345
1.4370,0.1906,38.49,96,91,312349
1.3930,0.2102,38.62,96,91,312352
1.4223,0.2151,38.43,96,91,312355
1.3930,0.2199,38.62,96,91,312359
1.3930,0.2102,38.62,96,91,312363
1.4223,0.2199,38.55,96,91,312366
1.4223,0.2199,38.65,96,91,312370
1.4809,0.2248,38.36,96,91,312373
1.4663,0.2102,38.49,96,91,312376
1.4809,0.2151,38.62,96,91,312380
1.5200,0.2102,38.65,96,91,312383
1.5298,0.2102,38.62,96,91,312386
1.5934,0.2297,38.40,96,91,312389
1.5640,0.2102,38.58,96,91,312393
1.5738,0.2102,38.55,96,91,312396
1.5787,0.2151,38.62,96,91,312399
1.5885,0.2102,38.71,96,91,312403
1.6227,0.2248,38.55,96,91,312407
1.6129,0.2151,38.62,96,91,312410
1.6373,0.2151,37.99,96,91,312414
1.6325,0.2102,38.65,96,91,312417
1.6373,0.2102,38.58,96,91,312420
1.6862,0.2297,38.49,96,91,312424
1.6520,0.2151,38.65,96,91,312427
1.6764,0.2151,38.52,96,91,312430
1.6471,0.2053,38.55,96,91,312433
1.6618,0.2102,38.55,96,91,312437
1.6960,0.2102,38.49,96,91,312440
1.6862,0.2102,38.62,96,91,312443
1.7204,0.2151,38.36,96,91,312448
1.7058,0.2102,38.52,96,91,312451
1.7009,0.2102,38.65,96,91,312454
1.7058,0.2151,38.05,96,91,312458
1.7058,0.2102,38.65,96,91,312461
1.7449,0.2151,38.40,96,91,312464
1.7107,0.2102,38.65,96,91,312468
1.7155,0.2395,38.58,96,91,312471
1.7302,0.2151,38.58,96,91,312474
1.7155,0.2102,38.65,96,91,312477
1.7693,0.2248,38.30,96,91,312481
1.7351,0.1906,38.58,96,91,312484
1.7253,0.2053,38.36,96,91,312487
1.7351,0.2151,38.58,96,91,312492
1.7302,0.2102,38.62,96,91,312495
1.7840,0.2297,38.49,96,91,312498
1.7693,0.2199,38.55,96,91,312502
1.7644,0.2102,38.52,96,91,312505
1.7546,0.2102,38.62,96,91,312508
1.7595,0.2151,38.62,96,91,312511
1.7889,0.2199,38.49,96,91,312515
1.7644,0.2199,38.58,96,91,312518
1.7937,0.2151,38.49,96,91,312521
1.7693,0.2151,38.65,96,91,312525
1.7840,0.2102,38.62,96,91,312528
1.7937,0.2151,38.58,96,91,312531
1.7889,0.2151,38.58,96,91,312536
1.8231,0.2151,38.49,96,91,312539
1.7986,0.2102,38.62,96,91,312542
1.8133,0.2102,38.62,96,91,312546
1.8377,0.2248,38.55,96,91,312549
1.8133,0.2102,38.62,96,91,312552
1.8573,0.2151,38.40,96,91,312556
1.8719,0.2248,38.52,96,91,312559
1.8280,0.2102,38.65,96,91,312562
1.8622,0.2199,38.68,96,91,312565
1.8377,0.2102,38.62,96,91,312569
1.8964,0.2199,37.62,96,91,312572
1.8573,0.2102,38.49,96,91,312576
1.8573,0.2102,38.62,96,91,312580
1.8671,0.2199,38.55,96,91,312583
1.8768,0.1906,38.62,96,91,312586
1.9453,0.2248,38.43,96,91,312590
1.9306,0.2151,38.58,96,91,312593
1.9062,0.2102,38.52,96,91,312596
1.9013,0.2151,38.58,96,91,312600
1.9013,0.2151,38.62,96,91,312603
1.9306,0.2248,38.58,96,91,312606
1.9062,0.2199,38.62,96,91,312609
1.9159,0.2151,38.49,96,91,312613
1.8866,0.2199,38.58,96,91,312616
1.8817,0.2102,38.65,96,91,312620
1.9208,0.2248,38.49,96,91,312624
1.8866,0.2102,38.62,96,91,312627
1.9062,0.2199,38.52,96,91,312630
1.8768,0.2053,38.58,96,91,312634
1.8719,0.2053,38.68,96,91,312637
1.8866,0.2199,38.55,96,91,312640
1.8622,0.2151,38.58,96,91,312644
1.8964,0.2102,38.43,96,91,312647
1.8671,0.2102,38.65,96,91,312650
1.8622,0.2151,38.62,96,91,312653
1.8671,0.2199,38.58,96,91,312657
1.8524,0.2102,38.65,96,91,312660
1.8817,0.2248,38.36,96,91,312664
1.8280,0.2102,38.74,96,91,312668
1.8328,0.2151,38.62,96,91,312671
1.8377,0.2102,38.58,96,91,312674
1.7889,0.2151,38.65,96,91,312678
1.8035,0.2297,38.55,96,91,312681
1.8524,0.1906,38.43,96,91,312685
1.8377,0.2151,38.65,96,91,312688
1.8622,0.2199,38.46,96,91,312691
1.8280,0.2102,38.18,96,91,312695
1.8182,0.2297,38.58,96,91,312698
1.8426,0.2248,38.52,96,91,312701
1.8182,0.2102,38.71,96,91,312706
1.8524,0.2346,38.49,96,91,312709
1.8182,0.2053,38.58,96,91,312712
1.8182,0.2102,38.65,96,91,312715
1.8182,0.2248,38.58,96,91,312719
1.8133,0.2151,38.68,96,91,312722
1.8377,0.2151,38.40,96,91,312725
1.8133,0.2102,38.62,96,91,312729
1.8231,0.2102,38.55,96,91,312732
1.8524,0.2248,38.58,96,91,312735
1.8328,0.2102,38.62,96,91,312739
1.8817,0.2151,38.43,96,91,312742
1.8671,0.2151,38.49,96,91,312745
1.8524,0.2297,38.65,96,91,312750
1.8671,0.2151,38.58,96,91,312753
1.8622,0.2102,38.58,96,91,312756
1.9257,0.2346,38.36,96,91,312759
1.9062,0.2199,38.74,96,91,312763
1.9208,0.2102,38.55,96,91,312766
1.9453,0.2151,38.62,96,91,312769
1.9550,0.2151,38.74,96,91,312773
2.0088,0.2199,38.49,96,91,312776
1.9795,0.2102,38.62,96,91,312779
1.9941,0.2151,38.49,96,91,312783
1.9648,0.2151,38.62,96,91,312786
1.9453,0.2102,38.68,96,91,312790
1.9355,0.2248,38.55,96,91,312794
1.8915,0.2151,38.62,96,91,312797
1.8866,0.2199,38.43,96,91,312800
1.8377,0.2102,38.65,96,91,312803
1.8280,0.2102,38.71,96,91,312807
1.8622,0.2199,38.49,96,91,312810
1.8328,0.2151,38.68,96,91,312813
1.8573,0.2199,38.46,96,91,312817
1.8377,0.2102,38.52,96,91,312820
1.8280,0.2102,38.71,96,91,312823
1.8377,0.2248,38.52,96,91,312827
1.8035,0.2102,38.68,96,91,312830
1.8182,0.2151,38.36,96,91,312834
1.7742,0.2102,38.58,96,91,312838
1.7644,0.2102,38.77,96,91,312841
1.7644,0.2199,38.68,96,91,312844
1.7595,0.2102,38.62,96,91,312847
1.8133,0.2248,38.33,96,91,312851
1.7840,0.2199,38.55,96,91,312854
1.7937,0.2053,38.62,96,91,312857
1.7986,0.2639,38.55,96,91,312861
1.7840,0.2102,38.68,96,91,312864
1.8231,0.2297,38.49,96,91,312867
1.7791,0.2542,38.55,96,91,312871
1.7693,0.2102,38.52,96,91,312875
1.7644,0.2199,38.62,96,91,312878
1.7889,0.2102,38.62,96,91,312882
1.8573,0.2199,38.43,96,91,312885
1.8671,0.2151,38.62,96,91,312888
1.9306,0.2151,38.46,96,91,312892
1.9648,0.2151,38.62,96,91,312895
2.0479,0.2102,38.62,96,91,312898
2.2043,0.2151,38.52,96,91,312901
2.3607,0.2151,38.62,96,91,312905
2.6295,0.2102,38.49,96,91,312908
2.8299,0.2102,38.33,96,91,312911
3.0841,0.2053,38.62,96,91,312915
3.2796,0.2151,38.55,96,91,312919
3.2942,0.2151,38.65,96,91,312922
3.2063,0.2248,38.43,96,91,312926
2.8739,0.2151,38.68,96,91,312929
2.5464,0.2151,38.62,96,91,312932
2.2581,0.2199,38.55,96,91,312936
1.9844,0.2297,38.62,96,91,312939
1.8231,0.2248,38.36,96,91,312942
1.6373,0.2151,38.58,96,91,312945
1.5249,0.2199,38.65,96,91,312949
1.4321,0.2151,38.65,96,91,312952
1.3881,0.2151,38.68,96,91,312955
1.4027,0.2297,38.43,96,91,312960
1.3978,0.2248,38.52,96,91,312963
1.3685,0.2102,38.55,96,91,312966
1.3881,0.2151,38.65,96,91,312970
1.4370,0.2199,38.58,96,91,312973
1.4516,0.2248,38.49,96,91,312976
1.4321,0.2248,38.58,96,91,312980
1.4663,0.2151,38.49,96,91,312983
1.4712,0.2151,38.65,96,91,312986
1.4907,0.2102,38.65,96,91,312990
1.5298,0.2151,38.58,96,91,312993
1.5298,0.2199,38.62,96,91,312996
1.5640,0.2199,38.52,96,91,312999
1.5445,0.2151,38.62,96,91,313004
1.5640,0.2102,38.62,96,91,313007
1.5934,0.2297,38.52,96,91,313010
1.5885,0.2151,38.62,96,91,313014
1.6129,0.2151,38.46,96,91,313017
1.6227,0.2102,38.49,96,91,313020
1.5934,0.2102,38.62,96,91,313024
1.6276,0.2248,38.55,96,91,313027
1.6178,0.2102,38.62,96,91,313030
1.6618,0.2248,38.40,96,91,313034
1.6227,0.2151,38.55,96,91,313037
1.6276,0.2102,38.71,96,91,313040
1.6276,0.2248,38.58,96,91,313043
1.6325,0.2151,38.62,96,91,313048
1.6764,0.2297,38.33,96,91,313051
1.6422,0.2151,38.62,96,91,313054
1.6618,0.2102,38.55,96,91,313058
1.6667,0.2199,38.62,96,91,313061
1.6667,0.2102,38.62,96,91,313064
1.7058,0.2248,38.46,96,91,313068
1.6960,0.2102,38.58,96,91,313071
1.7107,0.2151,38.49,96,91,313074
1.7302,0.2151,38.62,96,91,313078
1.6960,0.2151,38.62,96,91,313081
1.7253,0.2248,38.49,96,91,313084
1.6960,0.2151,38.65,96,91,313089
1.7107,0.2199,38.46,96,91,313092
1.6862,0.2297,38.58,96,91,313095
1.6911,0.2102,38.65,96,91,313098
1.7107,0.2346,38.49,96,91,313102
1.7204,0.2151,38.62,96,91,313105
1.7449,0.2151,38.46,96,91,313108
1.7595,0.2151,38.58,96,91,313112
1.7204,0.2102,38.65,96,91,313115
1.7107,0.2248,38.55,96,91,313118
1.6911,0.2102,38.65,96,91,313122
1.7204,0.2199,38.36,96,91,313125
1.7302,0.2151,38.58,96,91,313128
1.7253,0.2102,38.62,96,91,313133
1.7546,0.2151,38.68,96,91,313136
1.7449,0.2102,38.84,96,91,313139
1.8035,0.2248,38.33,96,91,313142
1.7791,0.2199,38.55,96,91,313146
1.7791,0.2053,38.58,96,91,313149
1.7840,0.2199,38.62,96,91,313152
1.7889,0.1906,38.55,96,91,313156
1.8231,0.2199,37.71,96,91,313159
1.7986,0.2102,38.55,96,91,313162
1.7986,0.2102,38.52,96,91,313166
1.7937,0.2151,38.62,96,91,313169
1.7937,0.2199,38.62,96,91,313172
1.8328,0.2199,37.96,96,91,313177
1.8231,0.2199,38.62,96,91,313180
1.8524,0.2151,38.49,96,91,313183
1.8231,0.2151,38.81,96,91,313186
1.8280,0.2102,38.62,96,91,313190
1.8573,0.2151,38.58,96,91,313193
1.8719,0.2151,38.68,96,91,313196
1.9257,0.2151,38.55,96,91,313200
1.9208,0.1906,38.65,96,91,313203
1.9110,0.2102,38.62,96,91,313206
1.9159,0.2199,38.52,96,91,313210
1.8817,0.1906,38.62,96,91,313213
1.9062,0.2199,38.49,96,91,313217
1.8768,0.2151,38.55,96,91,313221
1.8475,0.2102,38.65,96,91,313224
1.8426,0.2297,38.58,96,91,313227
1.8280,0.2102,38.65,96,91,313231
1.8768,0.2248,38.33,96,91,313234
1.8377,0.2151,38.52,96,91,313237
1.8377,0.2102,38.62,96,91,313240
1.8377,0.2151,38.62,96,91,313244
1.8377,0.2151,38.62,96,91,313247
1.8768,0.2297,38.27,96,91,313250
1.8280,0.2248,38.58,96,91,313254
1.8377,0.2151,38.55,96,91,313257
1.8280,0.2151,38.58,96,91,313261
1.8231,0.1906,38.62,96,91,313265
1.8573,0.2248,38.52,96,91,313268
1.8377,0.2199,38.58,96,91,313271
1.8182,0.2151,38.49,96,91,313275
1.8377,0.2151,38.65,96,91,313278
1.7986,0.2102,38.65,96,91,313281
1.8182,0.2199,38.43,97,91,313284
1.8084,0.2248,38.52,97,91,313288
1.8035,0.2151,38.62,97,91,313292
1.8475,0.2199,38.36,97,91,313295
1.7937,0.2151,38.58,97,91,313298
1.7889,0.1906,38.62,97,91,313302
1.7889,0.2199,38.71,97,91,313306
1.7937,0.2151,38.65,97,91,313309
1.8524,0.2248,38.33,97,91,313312
1.8133,0.2151,38.55,97,91,313316
1.8133,0.2102,38.58,97,91,313319
1.8280,0.2102,38.58,97,91,313322
1.8328,0.2151,38.62,97,91,313326
1.8915,0.2297,38.49,97,91,313329
1.8573,0.2151,38.55,97,91,313332
1.8622,0.2102,38.52,97,91,313336
1.8475,0.2151,38.58,97,91,313339
1.8524,0.2102,38.62,97,91,313342
1.8768,0.2199,38.49,97,91,313346
1.8622,0.2151,38.58,97,91,313350
1.8915,0.2151,38.43,97,91,313353
1.9013,0.2151,38.62,97,91,313356
1.8768,0.2102,38.52,97,91,313360
1.8964,0.2151,38.52,97,91,313363
1.8915,0.2151,38.62,97,91,313366
1.9404,0.2151,38.49,97,91,313370
1.9062,0.2102,38.58,97,91,313373
1.9013,0.2102,38.62,97,91,313376
1.9208,0.2199,38.62,97,91,313380
1.9404,0.2102,38.62,97,91,313383
1.9941,0.2199,38.40,97,91,313387
1.9599,0.2151,38.62,97,91,313390
1.9599,0.2102,38.62,97,91,313394
1.9599,0.2199,38.55,97,91,313397
1.9355,0.2102,38.62,97,91,313400
1.9599,0.2248,38.27,97,91,313404
1.8915,0.2248,38.55,97,91,313407
1.8426,0.2102,38.62,97,91,313410
1.8133,0.2199,38.68,97,91,313414
1.7986,0.2151,38.62,97,91,313417
1.8524,0.2297,38.43,97,91,313420
1.8035,0.2199,38.55,97,91,313424
1.7791,0.2102,38.62,97,91,313427
1.7595,0.2151,38.68,97,91,313431
1.7449,0.2102,38.62,97,91,313435
1.7644,0.2248,38.52,97,91,313438
1.7498,0.2151,38.62,97,91,313441
1.7546,0.2151,38.49,97,91,313444
1.7400,0.2151,38.62,97,91,313448
1.7644,0.2102,38.71,97,91,313451
1.7889,0.2346,38.62,97,91,313454
1.7644,0.2102,38.62,97,91,313458
1.7742,0.2199,37.80,97,91,313461
1.7546,0.2151,38.58,97,91,313464
1.7449,0.2102,38.62,97,91,313468
1.7644,0.2199,38.52,97,91,313472
1.7400,0.2151,38.74,97,91,313475
1.7693,0.2199,38.36,97,91,313479
1.7644,0.2151,38.49,97,91,313482
1.7791,0.2102,38.05,97,91,313485
1.8426,0.2248,38.55,97,91,313489
1.8622,0.2102,38.62,97,91,313492
1.9404,0.2248,38.36,97,91,313495
1.9501,0.2102,38.52,97,91,313498
2.0479,0.2102,38.68,97,91,313502
2.2092,0.2395,38.62,97,91,313505
2.4145,0.2102,38.62,97,91,313508
2.7517,0.2297,38.36,97,91,313512
2.9619,0.2151,38.58,97,91,313516
3.2209,0.2102,38.58,97,91,313519
3.3529,0.2102,38.58,97,91,313523
3.3187,0.2151,38.62,97,91,313526
3.1623,0.2297,38.46,97,91,313529
2.7957,0.2151,38.62,97,91,313533
2.4682,0.2102,38.52,97,91,313536
2.1505,0.2053,38.62,97,91,313539
1.9062,0.2102,38.62,97,91,313542
1.7400,0.2199,38.43,97,91,313546
1.5738,0.2395,38.58,97,91,313549
1.4907,0.2199,38.46,97,91,313552
1.3636,0.2102,38.65,97,91,313556
1.3148,0.2151,38.62,97,91,313560
1.3050,0.2151,38.52,97,91,313563
1.2952,0.2151,38.68,97,91,313567
1.3392,0.2151,38.49,97,91,313570
1.3539,0.2102,38.58,97,91,313573
1.4076,0.2102,38.62,97,91,313577
1.4418,0.2151,38.58,97,91,313580
1.4516,0.2102,38.62,97,91,313583
1.5005,0.2199,38.43,97,91,313586
1.5152,0.2102,38.68,97,91,313590
1.5494,0.2151,38.62,97,91,313593
1.5689,0.2151,38.62,97,91,313596
1.5787,0.2151,38.68,97,91,313601
1.5885,0.2248,38.36,97,91,313604
1.5591,0.2199,38.52,97,91,313607
1.5689,0.2102,38.58,97,91,313611
1.5836,0.2151,38.68,97,91,313614
1.6031,0.2297,38.65,97,91,313617
1.6764,0.2297,38.49,97,91,313621
1.6667,0.2199,38.55,97,91,313624
1.6862,0.2151,38.55,97,91,313627
1.6667,0.2102,38.62,97,91,313630
1.6373,0.2151,38.65,97,91,313634
1.6618,0.2199,38.52,97,91,313637
1.6520,0.2151,38.62,97,91,313640
1.6813,0.2151,38.49,97,91,313645
1.6667,0.2102,38.68,97,91,313648
1.6667,0.2151,38.62,97,91,313651
1.6960,0.2151,38.58,97,91,313655
1.7058,0.2151,38.58,97,91,313658
1.7204,0.2151,38.52,97,91,313661
1.6911,0.2102,38.65,97,91,313665
1.6960,0.2199,38.68,97,91,313668
1.7253,0.2199,38.55,97,91,313671
1.7204,0.2395,38.55,97,91,313675
1.7400,0.2151,38.40,97,91,313678
1.7204,0.2151,38.49,97,91,313681
1.7107,0.2102,38.65,97,91,313684
1.7400,0.2199,38.55,97,91,313689
1.7253,0.2102,38.62,97,91,313692
1.7742,0.2199,38.33,97,91,313695
1.7302,0.2102,38.52,97,91,313699
1.7351,0.2102,38.62,97,91,313702
1.7351,0.2199,38.62,97,91,313705
1.7302,0.2102,38.62,97,91,313709
1.7693,0.2297,38.40,97,91,313712
1.7302,0.2151,38.58,97,91,313715
1.7595,0.2102,38.55,97,91,313718
1.7791,0.2151,38.62,97,91,313722
1.7937,0.2102,38.62,97,91,313725
1.8182,0.2248,38.68,97,91,313729
1.7742,0.2493,38.58,97,91,313733
1.7937,0.2102,38.49,97,91,313736
1.7791,0.2199,38.62,97,91,313739
1.7791,0.1906,38.65,97,91,313743
1.7937,0.2248,38.62,97,91,313746
1.7546,0.2199,38.62,97,91,313749
1.7791,0.2199,38.52,97,91,313753
1.7644,0.2102,38.58,97,91,313756
1.7840,0.2151,38.68,97,91,313759
1.8084,0.2151,38.52,97,91,313762
1.7986,0.2102,38.65,97,91,313766
1.8377,0.2199,38.43,97,91,313769
1.8133,0.2151,38.65,97,91,313773
1.7986,0.2151,38.62,97,91,313777
1.7937,0.2199,38.55,97,91,313780
1.7937,0.2102,38.58,97,91,313783
1.8524,0.2395,38.40,97,91,313787
1.8328,0.2151,38.27,97,91,313790
1.8524,0.2199,38.62,97,91,313793
1.8671,0.2151,38.58,97,91,313797
1.8573,0.2151,38.68,97,91,313800
1.9257,0.2297,38.33,97,91,313803
1.8866,0.2444,38.52,97,91,313807
1.8671,0.2053,38.62,97,91,313810
1.8719,0.2151,38.62,97,91,313814
1.9013,0.2102,38.62,97,91,313817
1.9159,0.2248,38.43,97,91,313821
1.8719,0.2151,38.52,97,91,313824
1.8622,0.2151,38.52,97,91,313827
1.8426,0.2151,38.65,97,91,313831
1.8377,0.1906,38.58,97,91,313834
1.8622,0.2199,38.52,97,91,313837
1.8475,0.2053,38.62,97,91,313841
1.8671,0.1906,38.46,97,91,313844
1.8426,0.2151,38.68,97,91,313847
1.8426,0.1906,38.62,97,91,313851
1.8475,0.2151,38.77,97,91,313854
1.8328,0.2053,38.62,97,91,313858
1.8573,0.2102,38.46,97,91,313861
1.8133,0.2102,38.65,97,91,313865
1.8133,0.2151,38.62,97,91,313868
1.8328,0.2199,38.49,97,91,313871
1.8084,0.2199,38.65,97,91,313875
1.8377,0.2199,38.40,97,91,313878
1.7986,0.2151,38.62,97,91,313881
1.7840,0.2151,38.62,97,91,313885
1.8035,0.2199,38.58,97,91,313888
1.7937,0.2151,38.62,97,91,313891
1.8377,0.2248,38.33,97,91,313895
1.8084,0.2248,38.49,97,91,313899
1.7840,0.2151,38.71,97,91,313903
1.7986,0.2102,38.49,97,91,313906
1.7840,0.2151,38.58,97,91,313909
1.7742,0.2493,38.65,97,91,313913
1.7889,0.2199,38.58,97,91,313916
1.7742,0.2151,38.58,97,91,313919
1.8084,0.2102,38.55,97,91,313922
1.7986,0.2102,38.71,97,91,313926
1.8133,0.2102,38.62,97,91,313929
1.8475,0.1906,38.49,97,91,313932
1.8133,0.2151,38.71,97,91,313936
1.8377,0.2248,38.46,97,91,313939
1.8231,0.2151,38.55,97,91,313943
1.8231,0.2199,38.65,97,91,313947
1.8475,0.2151,38.55,97,91,313950
1.8426,0.2151,38.52,97,91,313953
1.8817,0.2102,38.36,97,91,313957
1.8475,0.2151,38.62,97,91,313960
1.8915,0.2151,38.65,97,91,313963
1.8671,0.2151,38.62,97,91,313966
1.8622,0.2053,38.62,97,91,313970
1.9159,0.2248,38.33,97,91,313973
1.8671,0.2297,38.62,97,91,313976
1.8817,0.1906,38.58,97,91,313980
1.8866,0.2151,38.62,97,91,313984
1.9159,0.2151,38.62,97,91,313987
1.9648,0.2297,38.46,97,91,313991
1.9355,0.2151,38.58,97,91,313994
1.9355,0.2151,38.52,97,91,313997
1.9159,0.2151,38.68,97,91,314001
1.8964,0.2102,38.62,97,91,314004
1.9062,0.2199,38.43,97,91,314007
1.8475,0.2151,38.62,97,91,314011
1.8426,0.2151,38.52,97,91,314014
1.8035,0.2102,38.65,97,91,314017
1.7937,0.2102,38.62,97,91,314020
1.8035,0.2053,38.55,97,91,314024
1.7791,0.2151,38.62,97,91,314028
1.7986,0.2151,38.46,97,91,314031
1.7498,0.2297,38.62,97,91,314035
1.7351,0.2053,38.71,97,91,314038
1.7302,0.2493,38.62,97,91,314041
1.7204,0.2102,38.62,97,91,314045
1.7498,0.2199,38.40,97,91,314048
1.7155,0.2151,38.68,97,91,314051
1.7204,0.2102,38.62,97,91,314055
1.7253,0.2199,38.55,97,91,314058
1.7107,0.2102,38.62,97,91,314061
1.7546,0.2248,38.30,97,91,314065
1.7302,0.2346,38.52,97,91,314068
1.7253,0.2151,38.62,97,91,314072
1.7449,0.2151,38.58,97,91,314075
1.7498,0.2102,38.62,97,91,314079
1.7937,0.2297,38.40,97,91,314082
1.7693,0.2199,38.55,97,91,314085
1.7742,0.2102,38.55,97,91,314089
1.7937,0.2151,38.65,97,91,314092
1.8524,0.2102,38.65,97,91,314095
1.9159,0.2199,38.58,97,91,314099
1.9795,0.2151,38.58,97,91,314102
2.1457,0.2151,38.49,97,91,314105
2.3118,0.2151,38.65,97,91,314109
2.5562,0.2151,38.62,97,91,314113
2.8397,0.2151,38.49,97,91,314116
3.0890,0.2151,38.62,97,91,314119
3.3138,0.2199,38.52,97,91,314123
3.3040,0.2053,38.68,97,91,314126
3.1769,0.2102,38.62,97,91,314129
2.9228,0.2199,38.49,97,91,314133
2.5415,0.2639,38.68,97,91,314136
2.2483,0.2151,38.43,97,91,314139
1.9453,0.2151,38.46,97,91,314143
1.7107,0.2102,38.62,97,91,314146
1.5494,0.2199,38.58,97,91,314149
1.4370,0.2151,38.68,97,91,314153
1.3881,0.2199,38.33,97,91,314157
1.3245,0.2151,38.52,97,91,314160
1.2952,0.2102,38.65,97,91,314163
1.2903,0.2151,38.77,97,91,314167
1.2952,0.2102,38.62,97,91,314170
1.3539,0.2297,38.40,97,91,314173
1.3441,0.2346,38.58,97,91,314177
1.3685,0.2053,38.58,97,91,314180
1.3930,0.2151,38.71,97,91,314183
1.4125,0.2151,38.62,97,91,314187
1.4565,0.2248,38.43,97,91,314190
1.4467,0.2395,38.62,97,91,314193
1.4761,0.2102,38.52,97,91,314198
1.4809,0.2151,38.62,97,91,314201
1.5152,0.2151,38.62,97,91,314204
1.5494,0.2248,38.46,97,91,314208
1.5396,0.1906,38.62,97,91,314211
1.5689,0.2199,38.52,97,91,314214
1.5494,0.2102,38.62,97,91,314217
1.5494,0.2102,38.65,97,91,314221
1.5591,0.2151,38.52,97,91,314224
1.5640,0.2102,38.62,97,91,314227
1.5982,0.2151,38.46,97,91,314231
1.5836,0.2346,38.62,97,91,314234
1.5982,0.2102,38.62,97,91,314237
1.6129,0.2199,38.55,97,91,314242
1.6080,0.2151,38.62,97,91,314245
1.6520,0.2199,38.40,97,91,314248
1.6178,0.2297,38.62,97,91,314252
1.6276,0.2102,38.62,97,91,314255
1.6373,0.2151,38.43,97,91,314258
1.6325,0.2102,38.65,97,91,314261
1.6764,0.2248,38.33,97,91,314265
1.6471,0.2199,38.52,97,91,314268
1.6373,0.2004,38.58,97,91,314271
1.6422,0.2151,38.52,97,91,314275
1.6422,0.2199,38.62,97,91,314278
1.6911,0.2248,38.43,97,91,314281
1.6716,0.2151,38.55,97,91,314286
1.6862,0.2102,38.52,97,91,314289
1.6862,0.2102,38.62,97,91,314292
1.7302,0.2102,38.62,97,91,314296
1.7253,0.2199,38.52,97,91,314299
1.7009,0.2199,38.62,97,91,314302
1.7107,0.2151,38.49,97,91,314305
1.6960,0.2151,38.62,97,91,314309
1.6862,0.2102,38.65,97,91,314312
1.7058,0.2151,38.49,97,91,314315
1.7009,0.2151,38.62,97,91,314319
1.7351,0.2199,38.49,97,91,314322
1.7107,0.2102,38.71,97,91,314326
1.7155,0.2053,38.62,97,91,314330
1.7302,0.2199,38.55,97,91,314333
1.7155,0.2102,38.62,97,91,314336
1.7595,0.2151,38.40,97,91,314340
1.7449,0.2151,38.62,97,91,314343
1.7449,0.2248,38.58,97,91,314346
1.7693,0.2199,38.55,97,91,314350
1.7595,0.2102,38.62,97,91,314353
1.8426,0.2248,38.33,97,91,314356
1.7840,0.2151,38.49,97,91,314359
1.7937,0.2151,38.55,97,91,314363
1.7986,0.2151,38.62,97,91,314366
1.7986,0.2151,38.62,97,91,314370
1.8671,0.2297,38.46,97,91,314374
1.8231,0.2444,38.58,97,91,314377
1.8377,0.2102,38.52,97,91,314380
1.8426,0.2151,38.58,97,91,314384
1.8524,0.2102,38.65,97,91,314387
1.8866,0.2248,38.49,97,91,314390
1.8719,0.2004,38.58,97,91,314394
1.8866,0.2151,38.49,97,91,314397
1.8622,0.2151,38.62,97,91,314400
1.8573,0.2102,38.71,97,91,314404
1.8817,0.2248,38.46,97,91,314407
1.8524,0.2102,38.62,97,91,314411
1.8817,0.2151,38.49,97,91,314414
1.8524,0.1906,38.52,97,91,314418
1.8524,0.2102,38.52,97,91,314421
1.8671,0.2151,38.49,97,91,314424
1.8475,0.2102,38.62,97,91,314428
1.8866,0.2151,38.40,97,91,314431
1.8573,0.2102,38.52,97,91,314434
1.8622,0.2102,38.36,97,91,314438
1.8671,0.2248,38.62,97,91,314441
1.8524,0.2102,38.62,97,91,314444
1.8915,0.2199,38.40,97,91,314448
1.8671,0.2004,38.58,97,91,314451
1.8524,0.2102,38.62,97,91,314455
1.8573,0.2199,37.87,97,91,314458
1.8426,0.2151,38.62,97,91,314462
1.8866,0.2297,38.40,97,91,314465
1.8426,0.2493,38.55,97,91,314468
1.8231,0.2102,38.55,97,91,314472
1.8377,0.2102,38.62,97,91,314475
1.7986,0.2102,38.65,97,91,314478
1.8280,0.2248,38.43,97,91,314482
1.7986,0.2151,38.58,97,91,314485
1.8035,0.2151,38.43,97,91,314488
1.7889,0.2151,38.62,97,91,314492
1.7840,0.2102,38.62,97,91,314496
1.8084,0.2542,38.55,97,91,314499
1.7889,0.2199,38.62,97,91,314502
1.8280,0.2199,38.49,97,91,314506
1.7937,0.2102,38.62,97,91,314509
1.7840,0.2102,38.62,97,91,314513
1.8035,0.2102,38.62,97,91,314516
1.8280,0.2248,38.52,97,91,314519
1.8133,0.2102,38.62,97,91,314523
1.8671,0.2199,38.36,97,91,314526
1.8671,0.2151,38.49,97,91,314529
1.8328,0.2102,38.65,97,91,314533
1.8475,0.2248,38.58,97,91,314536
1.8426,0.2151,38.68,97,91,314540
1.9013,0.2297,38.40,97,91,314544
1.8622,0.2199,38.52,97,91,314547
1.8524,0.2102,38.58,97,91,314550
1.8524,0.2151,38.65,97,91,314553
1.8573,0.2151,38.65,97,91,314557
1.8964,0.2248,38.43,97,91,314560
1.8671,0.2151,38.62,97,91,314563
1.8866,0.2151,38.55,97,91,314567
1.8671,0.2151,38.62,97,91,314570
1.8719,0.2102,38.71,97,91,314573
1.9013,0.2199,38.55,97,91,314577
1.9013,0.2151,38.58,97,91,314580
1.9355,0.2297,38.49,97,91,314584
1.9110,0.2102,38.62,97,91,314588
1.9257,0.2102,38.74,97,91,314591
1.9648,0.2199,38.49,97,91,314594
1.9501,0.2102,38.58,97,91,314598
1.9844,0.2151,38.43,97,91,314601
1.9648,0.2102,38.52,97,91,314604
1.9404,0.2102,38.62,97,91,314607
1.9404,0.2199,38.55,97,91,314611
1.9013,0.2102,38.65,97,91,314614
1.9257,0.2199,38.36,97,91,314617
1.8719,0.2102,38.55,97,91,314621
1.8426,0.2102,38.62,97,91,314625
1.8328,0.2151,38.58,97,91,314628
1.8231,0.2151,38.65,97,91,314632
1.8622,0.2248,38.30,97,91,314635
1.8084,0.2102,38.65,97,91,314638
1.8133,0.2053,38.58,97,91,314642
1.7986,0.2151,38.62,97,91,314645
1.7742,0.2102,38.62,97,91,314648
1.8133,0.2297,38.46,97,91,314651
1.7840,0.2199,38.55,97,91,314655
1.7742,0.2102,38.55,97,91,314658
1.7595,0.2151,38.68,97,91,314661
1.7595,0.2102,38.62,97,91,314665
1.7889,0.2297,38.40,97,91,314669
1.7595,0.2151,38.58,97,91,314672
1.7840,0.2199,38.52,97,91,314676
1.7546,0.2102,38.65,97,91,314679
1.7595,0.2102,38.62,97,91,314682
1.7840,0.2102,38.55,97,91,314686
1.7693,0.2102,38.62,97,91,314689
1.7937,0.2151,38.58,97,91,314692
1.7742,0.2151,38.58,97,91,314695
1.7840,0.2102,38.62,97,91,314699
1.8231,0.2199,38.55,97,91,314702
1.8475,0.2102,38.62,97,91,314705
1.9355,0.2199,38.46,97,91,314710
1.9990,0.2004,38.62,97,91,314713
2.0919,0.2151,38.62,97,91,314716
2.2532,0.2199,38.65,97,91,314720
2.4291,0.2102,38.62,97,91,314723
2.7126,0.2248,38.33,97,91,314726
2.9130,0.2151,38.52,97,91,314730
3.1183,0.2053,38.62,97,91,314733
3.2698,0.2151,38.58,97,91,314736
3.2502,0.2151,38.68,97,91,314739
3.1574,0.2346,38.46,97,91,314743
2.7908,0.2199,38.52,97,91,314746
2.4731,0.2102,38.52,97,91,314749
2.1603,0.2102,38.74,97,91,314754
1.9159,0.2102,38.65,97,91,314757
1.7693,0.2297,38.49,97,91,314760
1.5738,0.2151,38.62,97,91,314764
1.4761,0.2199,38.55,97,91,314767
1.3832,0.2102,38.62,97,91,314770
1.3441,0.2053,38.62,97,91,314774
1.3392,0.2151,38.58,97,91,314777
1.3148,0.2151,38.62,97,91,314780
1.3685,0.2199,38.49,97,91,314783
1.3441,0.2151,38.58,97,91,314787
1.3685,0.2102,38.62,97,91,314790
1.4027,0.2199,38.52,97,91,314793
1.4125,0.2102,38.62,97,91,314798
1.4418,0.2151,38.43,97,91,314801
1.4418,0.2444,38.55,97,91,314804
1.4516,0.2102,38.58,97,91,314808
1.4907,0.2248,38.55,97,91,314811
1.4907,0.2151,38.65,97,91,314814
1.5543,0.2199,38.46,97,91,314818
1.5347,0.2102,38.55,97,91,314821
1.5640,0.2102,38.65,97,91,314824
1.5787,0.2151,38.58,97,91,314828
1.5885,0.2151,38.62,97,91,314831
1.6373,0.2297,38.43,97,91,314834
1.6031,0.2102,38.58,97,91,314838
1.6080,0.2102,38.52,97,91,314842
1.6080,0.2639,38.62,97,91,314845
1.6129,0.2102,38.62,97,91,314848
1.6569,0.2248,38.52,97,91,314852
1.6325,0.2297,38.62,97,91,314855
1.6520,0.2102,38.52,97,91,314858
1.6422,0.2151,38.62,97,91,314862
1.6471,0.2102,38.65,97,91,314865
1.6862,0.2248,38.36,97,91,314868
1.6911,0.2102,38.62,97,91,314872
1.6960,0.2199,38.52,97,91,314875
1.6716,0.2053,38.58,97,91,314878
1.6764,0.2199,38.68,97,91,314882
1.6911,0.2151,38.52,97,91,314886
1.6813,0.2199,38.62,97,91,314889
1.7107,0.2151,38.46,97,91,314892
1.6911,0.2199,38.58,97,91,314896
1.7204,0.2102,38.62,97,91,314899
1.7155,0.2199,37.99,97,91,314902
1.7155,0.2444,38.65,97,91,314906
1.7595,0.2199,38.36,97,91,314909
1.7253,0.2102,38.62,97,91,314912
1.7644,0.2151,38.62,97,91,314916
1.7400,0.2151,38.71,97,91,314919
1.7351,0.2102,38.58,97,91,314923
1.7742,0.2248,37.62,97,91,314927
1.7351,0.2444,38.52,97,91,314930
1.7253,0.2102,38.58,97,91,314933
1.7253,0.2151,38.62,97,91,314936
1.7253,0.1906,38.62,97,91,314940
1.7742,0.2248,38.43,97,91,314943
1.7449,0.1906,38.55,97,91,314946
1.7449,0.2102,38.52,97,91,314950
1.7302,0.2297,38.62,97,91,314953
1.7449,0.2102,38.65,97,91,314956
1.7644,0.2199,38.74,97,91,314960
1.7498,0.2151,38.62,97,91,314963
1.7742,0.2151,38.49,97,91,314967
1.7546,0.2102,38.62,97,91,314971
1.7546,0.2102,38.62,97,91,314974
1.7742,0.2151,38.62,97,91,314977
1.7791,0.2151,38.65,97,91,314980
1.8084,0.2151,38.65,97,91,314984
1.7889,0.1906,38.62,97,91,314987
1.8133,0.2102,38.65,97,91,314990
1.8426,0.2248,38.55,97,91,314994
1.8328,0.2102,38.58,97,91,314997
1.8768,0.2199,38.40,97,91,315000
1.8866,0.2151,38.52,97,91,315004
1.8622,0.2102,38.62,97,91,315008
1.8817,0.2151,38.55,97,91,315011
1.8768,0.1906,38.62,97,91,315015
1.9306,0.2248,38.40,97,91,315018
1.8964,0.2151,38.55,97,91,315021
1.8866,0.2102,38.62,97,91,315025
1.8866,0.2199,38.62,97,91,315028
1.8964,0.2102,38.65,97,91,315031
1.9257,0.2297,38.49,97,91,315034
1.8719,0.2199,38.58,97,91,315038
1.8768,0.2102,38.55,97,91,315041
1.8573,0.2199,38.62,97,91,315044
1.8573,0.2102,38.62,97,91,315048
1.8817,0.2248,38.52,97,91,315052
1.8573,0.2151,38.58,97,91,315055
1.8524,0.2151,38.58,97,91,315059
1.8280,0.2151,38.62,97,91,315062
1.8231,0.2102,38.65,97,91,315065
1.8524,0.2444,38.46,97,91,315069
1.8182,0.2151,38.71,97,91,315072
1.8524,0.2248,38.49,97,91,315075
1.8182,0.1906,38.55,97,91,315079
1.8182,0.2102,38.55,97,91,315082
1.8328,0.2151,38.49,97,91,315085
1.8084,0.2102,38.58,97,91,315088
1.8328,0.2199,38.40,97,91,315092
1.7986,0.2102,38.58,97,91,315096
1.7986,0.2102,38.62,97,91,315099
1.8035,0.2151,38.58,97,91,315103
1.7937,0.1906,38.62,97,91,315106
1.8328,0.2199,38.36,97,91,315109
1.7889,0.2151,38.62,97,91,315113
1.7986,0.2053,38.65,97,91,315116
1.8035,0.2248,38.62,97,91,315119
1.7791,0.2151,38.62,97,91,315123
1.7840,0.2151,38.62,97,91,315126
1.8231,0.2199,38.58,97,91,315130
1.8035,0.2102,38.58,97,91,315133
1.8231,0.2151,38.46,97,91,315137
1.8084,0.2102,38.65,97,91,315140
1.8133,0.2199,38.58,97,91,315144
1.8377,0.2151,38.65,97,91,315147
1.8231,0.2053,38.68,97,91,315150
1.8671,0.1906,38.49,97,91,315154
1.8280,0.2102,38.58,97,91,315157
1.8328,0.2151,38.68,97,91,315160
1.8475,0.2151,38.33,97,91,315164
1.8426,0.2151,38.68,97,91,315167
1.8817,0.2199,38.40,97,91,315170
1.8524,0.2346,38.58,97,91,315174
1.8573,0.2102,38.62,97,91,315177
1.8915,0.2199,38.58,97,91,315181
1.9208,0.2102,38.68,97,91,315184
1.9501,0.2199,38.33,97,91,315188
1.9257,0.2151,38.58,97,91,315191
1.9208,0.2151,38.68,97,91,315194
1.9453,0.2151,38.58,97,91,315198
1.9550,0.2199,38.62,97,91,315201
2.0283,0.2297,38.43,97,91,315204
1.9795,0.2199,38.52,97,91,315208
1.9648,0.2297,38.55,97,91,315211
1.9550,0.2151,38.62,97,91,315214
1.9453,0.2199,38.65,97,91,315218
1.9648,0.2248,38.49,97,91,315222
1.9110,0.2151,38.58,97,91,315225
1.9013,0.2151,38.46,97,91,315228
1.8671,0.2151,38.65,97,91,315232
1.8475,0.2297,38.58,97,91,315235
1.8475,0.2102,38.58,97,91,315238
1.8328,0.2151,38.40,97,91,315242
1.8475,0.2199,38.49,97,91,315245
1.8035,0.2151,37.87,97,91,315248
1.7937,0.2102,38.62,97,91,315252
1.8035,0.2102,38.52,97,91,315255
1.7742,0.2151,38.65,97,91,315258
1.8377,0.2102,38.46,97,91,315262
1.7791,0.2102,38.52,97,91,315266
1.7693,0.2102,38.65,97,91,315269
1.7742,0.2199,38.52,97,91,315273
1.7595,0.2102,38.58,97,91,315276
1.7986,0.2151,38.36,97,91,315279
1.7693,0.2053,38.90,97,91,315282
1.7693,0.2102,38.65,97,91,315286
1.7840,0.2199,38.65,97,91,315289
1.7742,0.2151,38.62,97,91,315292
1.8182,0.2297,38.36,97,91,315296
1.7693,0.2102,38.55,97,91,315299
1.7791,0.2053,38.58,97,91,315302
1.7937,0.2102,38.65,97,91,315307
1.8231,0.2151,38.62,97,91,315310
1.9013,0.2297,38.49,97,91,315313
1.9306,0.2199,38.58,97,91,315317
2.0088,0.2102,38.55,97,91,315320
2.1065,0.2102,38.62,97,91,315323
2.2483,0.2102,38.30,97,91,315326
2.4780,0.2297,38.43,97,91,315330
2.6637,0.2151,38.62,97,91,315333
2.9326,0.2102,38.46,97,91,315336
3.1134,0.2199,38.68,97,91,315340
3.2454,0.1906,38.62,97,91,315343
3.2454,0.2248,38.52,97,91,315346
3.0596,0.2151,38.62,97,91,315351
2.7908,0.2151,38.49,97,91,315354
2.4389,0.2102,38.62,97,91,315357
2.1848,0.2102,38.62,97,91,315361
1.9599,0.2151,38.55,97,91,315364
1.7644,0.2297,38.58,97,91,315367
1.6422,0.2102,38.43,97,91,315370
1.5103,0.2199,38.68,97,91,315374
1.4370,0.2102,38.62,97,91,315377
1.4027,0.2199,37.83,97,91,315380
1.3685,0.2151,38.62,97,91,315384
1.3930,0.2248,38.33,97,91,315387
1.3783,0.2151,38.55,97,91,315390
1.3930,0.2102,38.62,97,91,315395
1.4027,0.2248,38.62,97,91,315398
1.4125,0.2151,38.62,97,91,315401
1.4761,0.2297,38.52,97,91,315405
1.4565,0.2199,38.52,97,91,315408
1.4663,0.2102,38.55,97,91,315411
1.4809,0.2151,38.62,97,91,315414
1.5298,0.2151,38.65,97,91,315418
1.5494,0.2248,38.52,97,91,315421
1.5396,0.2102,38.62,97,91,315424
1.5738,0.2102,38.49,97,91,315428
1.5640,0.2151,38.58,97,91,315431
1.5738,0.1906,38.62,97,91,315435
1.5982,0.2199,38.55,97,91,315439
1.5885,0.2151,38.58,97,91,315442
1.6227,0.2199,38.52,97,91,315445
1.5982,0.2346,38.62,97,91,315449
1.6471,0.1906,38.62,97,91,315452
1.6520,0.2199,38.58,97,91,315455
1.6471,0.2151,38.62,97,91,315458
1.6960,0.2151,38.43,97,91,315462
1.6911,0.2151,38.52,97,91,315465
1.6911,0.2102,38.65,97,91,315468
1.7107,0.2297,38.58,97,91,315472
1.7204,0.2151,38.62,97,91,315475
1.7400,0.2199,38.36,97,91,315479
1.7009,0.2053,38.55,97,91,315483
1.7009,0.2151,38.62,97,91,315486
1.7058,0.2151,38.55,97,91,315489
1.7058,0.2053,38.65,97,91,315493
1.7546,0.2346,38.33,97,91,315496
1.7107,0.2151,38.58,97,91,315499
1.7253,0.2102,38.58,97,91,315503
1.7155,0.2151,38.62,97,91,315506
1.7155,0.2102,38.62,97,91,315509
1.7546,0.2297,38.49,97,91,315512
1.7302,0.2151,38.58,97,91,315516
1.7351,0.2151,38.46,97,91,315520
1.7400,0.2151,38.62,97,91,315523
1.7449,0.2102,38.62,97,91,315527
1.7742,0.2248,38.43,97,91,315530
1.7498,0.2151,38.58,97,91,315533
1.7791,0.2199,38.55,97,91,315537
1.7693,0.1906,38.58,97,91,315540
1.7644,0.2102,38.62,97,91,315543
1.7791,0.2151,38.52,97,91,315547
1.7595,0.2151,38.62,97,91,315550
1.7791,0.2151,38.40,97,91,315553
1.7595,0.2102,38.58,97,91,315557
1.7644,0.2102,38.65,97,91,315560
1.7791,0.2444,38.58,97,91,315564
1.8084,0.1906,38.62,97,91,315567
1.8231,0.2199,38.43,97,91,315571
1.8084,0.2151,38.62,97,91,315574
1.8035,0.2151,38.62,97,91,315577
1.7937,0.2151,38.62,97,91,315581
1.7791,0.2151,38.62,97,91,315584
1.8377,0.2297,38.30,97,91,315587
1.8280,0.2151,38.55,97,91,315591
1.8084,0.2102,38.58,97,91,315594
1.8182,0.2151,38.52,97,91,315597
1.8182,0.2102,38.62,97,91,315601
1.8671,0.2248,38.49,97,91,315604
1.8475,0.2199,38.55,97,91,315608
1.8524,0.2151,38.58,97,91,315611
1.8426,0.2297,38.62,97,91,315615
1.8475,0.2102,38.62,97,91,315618
1.8817,0.2248,38.49,97,91,315621
1.8719,0.2151,38.65,97,91,315625
1.9110,0.2151,38.49,97,91,315628
1.8719,0.2151,38.62,97,91,315631
1.8622,0.2102,38.52,97,91,315635
1.8622,0.2151,38.55,97,91,315638
1.8475,0.2151,38.65,97,91,315641
1.8719,0.2151,38.46,97,91,315645
1.8524,0.2151,38.58,97,91,315649
1.8524,0.2053,38.62,97,91,315652
1.8671,0.2199,38.52,97,91,315656
1.8426,0.2151,38.62,97,91,315659
1.8915,0.2199,38.36,97,91,315662
1.8866,0.2199,38.52,97,91,315665
1.8964,0.2151,38.68,97,91,315669
1.8817,0.2199,38.55,97,91,315672
1.8573,0.2151,38.62,97,91,315675
1.8915,0.2248,38.33,97,91,315679
1.8426,0.2151,38.49,97,91,315682
1.8377,0.2004,38.58,97,91,315685
1.8426,0.2151,38.65,97,91,315689
1.8524,0.2151,38.65,97,91,315693
1.8915,0.2297,38.55,97,91,315696
1.8475,0.2151,38.68,97,91,315700
1.8377,0.2102,38.58,97,91,315703
1.8182,0.2199,38.62,97,91,315706
1.8182,0.2102,38.68,97,91,315710
1.8426,0.2248,38.55,97,91,315713
1.8280,0.2199,38.62,97,91,315716
1.8426,0.2151,38.62,97,91,315719
1.8182,0.2151,38.58,97,91,315723
1.8182,0.2102,37.83,97,91,315726
1.8475,0.2151,38.46,97,91,315729
1.8622,0.2151,38.55,97,91,315734
1.8328,0.2102,38.68,97,91,315737
1.8866,0.2395,38.33,97,91,315741
1.8475,0.2102,38.55,97,91,315744
1.8524,0.2151,38.65,97,91,315747
1.8622,0.2151,38.62,97,91,315751
1.8524,0.2102,38.52,97,91,315754
1.9110,0.2444,38.40,97,91,315757
1.8768,0.2151,38.58,97,91,315761
1.8866,0.2102,38.52,97,91,315764
1.8964,0.2102,38.58,97,91,315767
1.8768,0.2102,38.62,97,91,315771
1.9110,0.2297,38.52,97,91,315774
1.8866,0.2199,38.58,97,91,315778
1.8915,0.2151,38.46,97,91,315781
1.8719,0.2102,38.62,97,91,315785
1.8817,0.2102,38.62,97,91,315788
1.9648,0.2248,38.46,97,91,315791
1.9257,0.2151,38.65,97,91,315795
1.9844,0.2297,38.52,97,91,315798
1.9648,0.2053,38.62,97,91,315801
1.9795,0.2151,38.49,97,91,315805
2.0039,0.2151,38.52,97,91,315808
1.9892,0.2102,38.52,97,91,315811
2.0186,0.2199,38.43,97,91,315815
1.9795,0.2102,38.58,97,91,315819
1.9697,0.2102,38.71,97,91,315822
1.9648,0.2248,38.55,97,91,315825
1.9355,0.2102,38.62,97,91,315829
1.9550,0.2199,38.33,97,91,315832
1.8964,0.2151,38.62,97,91,315835
1.8866,0.2102,38.71,97,91,315839
1.8719,0.2151,38.62,97,91,315842
1.8426,0.2151,38.65,97,91,315845
1.9062,0.2297,38.43,97,91,315849
1.8426,0.2199,38.55,97,91,315852
1.8182,0.2444,38.55,97,91,315855
1.8035,0.2151,38.58,97,91,315859
1.7889,0.2102,38.62,97,91,315863
1.8133,0.2102,38.46,97,91,315866
1.7840,0.2199,38.65,97,91,315870
1.7840,0.2199,38.55,97,91,315873
1.7693,0.1906,38.58,97,91,315876
1.7693,0.2102,38.62,97,91,315879
1.7937,0.2248,38.49,97,91,315883
1.7791,0.2151,38.62,97,91,315886
1.7937,0.2151,38.43,97,91,315889
1.7791,0.2151,38.62,97,91,315893
1.7840,0.2102,38.65,97,91,315896
1.8182,0.2102,38.55,97,91,315899
1.7693,0.2151,38.62,97,91,315904
1.7986,0.2151,38.55,97,91,315907
1.7937,0.2151,38.68,97,91,315910
1.8280,0.2248,38.65,97,91,315914
1.8817,0.2199,38.49,97,91,315917
1.9062,0.2395,38.62,97,91,315920
2.0088,0.2199,38.36,97,91,315924
2.0870,0.2199,38.55,97,91,315927
2.2092,0.2102,38.65,97,91,315930
2.4096,0.2199,38.55,97,91,315933
2.6149,0.2102,38.65,97,91,315937
2.9423,0.2248,38.33,97,91,315940
3.1281,0.1906,38.52,97,91,315943
3.2845,0.2102,38.62,97,91,315948
3.3138,0.2248,38.62,97,91,315951
3.1769,0.1906,38.65,97,91,315954
2.9668,0.2297,38.49,97,91,315958
2.5806,0.2151,38.58,97,91,315961
2.2678,0.1906,38.52,97,91,315964
2.0039,0.2151,38.65,97,91,315967
1.7889,0.2248,38.62,97,91,315971
1.6520,0.2248,38.49,97,91,315974
1.5054,0.2151,38.65,97,91,315977
1.4370,0.2199,38.49,97,91,315981
1.3783,0.2151,38.74,97,91,315984
1.3490,0.2102,38.40,97,91,315987
1.3587,0.2102,38.46,97,91,315992
1.3490,0.2151,38.52,97,91,315995
1.3978,0.2199,38.49,97,91,315998
1.4125,0.1906,38.62,97,91,316002
1.4321,0.2102,38.62,97,91,316005
1.4516,0.2151,38.52,97,91,316008
1.4565,0.2102,38.58,97,91,316011
1.4907,0.2444,38.40,97,91,316015
1.4907,0.2151,38.58,97,91,316018
1.5152,0.2102,38.65,97,91,316021
1.5543,0.2199,38.58,97,91,316025
1.5543,0.2151,38.62,97,91,316028
1.5934,0.2248,38.36,97,91,316032
1.5640,0.2102,38.62,97,91,316036
1.5738,0.2151,38.62,97,91,316039
1.5885,0.2151,38.62,97,91,316042
1.5885,0.2151,38.62,97,91,316046
1.6422,0.2297,38.36,97,91,316049
1.6178,0.2493,38.62,97,91,316052
1.6325,0.2102,38.65,97,91,316056
1.6227,0.2151,38.58,97,91,316059
1.6373,0.2102,38.62,97,91,316062
1.6813,0.2248,38.55,97,91,316065
1.6716,0.2248,38.55,97,91,316069
1.6764,0.2151,38.52,97,91,316072
1.6569,0.2346,38.68,97,91,316076
1.6520,0.2102,38.62,97,91,316080
1.6716,0.2248,38.55,97,91,316083
1.6520,0.2102,38.62,97,91,316086
1.6764,0.2199,38.49,97,91,316090
1.6569,0.2151,38.62,97,91,316093
1.6667,0.2102,38.65,97,91,316096
1.6862,0.2151,38.58,97,91,316100
1.6911,0.2102,38.62,97,91,316103
1.7204,0.2151,38.62,97,91,316106
1.7058,0.2151,38.62,97,91,316110
1.7253,0.2102,38.62,97,91,316113
1.7351,0.2199,38.55,97,91,316116
1.7155,0.2151,38.62,97,91,316120
1.7546,0.2151,38.40,97,91,316124
1.7351,0.2102,38.55,97,91,316127
1.7302,0.2102,38.65,97,91,316130
1.7351,0.2248,38.62,97,91,316134
1.7253,0.2102,38.62,97,91,316137
1.7742,0.2297,38.33,97,91,316140
1.7449,0.1906,38.49,97,91,316144
1.7351,0.2102,38.58,97,91,316147
1.7400,0.2248,38.62,97,91,316150
1.7400,0.2199,38.62,97,91,316154
1.7889,0.2297,38.49,97,91,316157
1.7498,0.2639,38.58,97,91,316161
1.7791,0.2102,38.52,97,91,316164
1.7840,0.2151,38.62,97,91,316168
1.8035,0.2151,38.65,97,91,316171
1.8084,0.2248,38.62,97,91,316174
1.7791,0.2151,38.65,97,91,316178
1.7889,0.2151,38.49,97,91,316181
1.7693,0.2151,38.62,97,91,316184
1.7791,0.1906,38.62,97,91,316188
1.8084,0.2248,38.90,97,91,316191
1.7840,0.2151,38.62,97,91,316194
1.8231,0.2151,38.46,97,91,316198
1.8084,0.2151,38.52,97,91,316201
1.8231,0.2102,38.62,97,91,316205
1.8524,0.2493,38.49,97,91,316209
1.8524,0.2102,38.62,97,91,316212
1.9013,0.2199,38.46,97,91,316215
1.8915,0.2199,38.58,97,91,316218
1.8573,0.2151,38.68,97,91,316222
1.8719,0.2199,38.58,97,91,316225
1.8719,0.2151,38.62,97,91,316228
1.9306,0.2248,38.36,97,91,316232
1.8768,0.2151,38.58,97,91,316235
1.8866,0.2102,38.68,97,91,316238
1.9013,0.2248,38.62,97,91,316242
1.8964,0.2151,38.62,97,91,316246
1.9453,0.2346,38.46,97,91,316249
1.9110,0.2199,38.58,97,91,316253
1.9110,0.2102,38.52,97,91,316256
1.9110,0.2151,38.62,97,91,316259
1.9062,0.2102,38.65,97,91,316262
1.9062,0.2151,38.49,97,91,316266
1.8524,0.2151,38.58,97,91,316269
1.8671,0.2151,38.46,97,91,316272
1.8573,0.2102,38.62,97,91,316276
1.8622,0.2102,38.74,97,91,316279
1.8671,0.2199,38.55,97,91,316282
1.8524,0.2102,38.62,97,91,316286
1.9110,0.2151,38.49,97,91,316290
1.8866,0.2151,38.62,97,91,316293
1.8768,0.2102,38.65,97,91,316297
1.8719,0.2151,38.58,97,91,316300
1.8133,0.2151,38.65,97,91,316303
1.8475,0.2297,38.40,97,91,316307
1.8328,0.2151,38.71,97,91,316310
1.8426,0.2102,38.58,97,91,316313
1.8524,0.2199,38.55,97,91,316316
1.8231,0.2151,38.58,97,91,316320
1.8622,0.2248,38.33,97,91,316323
1.8182,0.2199,38.52,97,91,316326
1.7986,0.2199,38.68,97,91,316331
1.7937,0.2199,38.68,97,91,316334
1.7937,0.2102,38.62,97,91,316337
1.8573,0.2346,38.52,97,91,316341
1.8426,0.2199,38.55,97,91,316344
1.8280,0.2151,38.65,97,91,316348
1.8475,0.2248,38.46,97,91,316351
1.8280,0.2151,38.65,97,91,316354
1.8377,0.2346,38.65,97,91,316358
1.8573,0.2102,38.58,97,91,316361
1.8671,0.2151,38.71,97,91,316364
1.9159,0.2151,38.46,97,91,316368
1.8817,0.2151,38.65,97,91,316371
1.8768,0.2199,38.62,97,91,316375
1.8719,0.2248,38.58,97,91,316378
1.8573,0.2248,38.62,97,91,316382
1.8915,0.2199,38.36,97,91,316385
1.8866,0.2199,38.49,97,91,316388
1.8817,0.2151,38.62,97,91,316392
1.8915,0.2248,38.58,97,91,316395
1.8768,0.2151,38.62,97,91,316398
1.9404,0.2297,38.43,97,91,316402
1.9159,0.2151,38.49,97,91,316405
1.9208,0.2102,38.58,97,91,316408
1.9306,0.2151,38.62,97,91,316412
1.9404,0.2102,38.62,97,91,316416
1.9892,0.2297,38.46,97,91,316419
1.9550,0.2151,38.58,97,91,316423
1.9697,0.1906,38.55,97,91,316426
1.9697,0.2151,38.62,97,91,316429
1.9550,0.1906,38.62,97,91,316432
1.9697,0.2248,38.65,97,91,316436
1.9013,0.2199,38.62,97,91,316439
1.8866,0.2151,38.46,97,91,316442
1.8280,0.2199,38.68,97,91,316446
1.8231,0.2151,38.62,97,91,316449
1.8524,0.2248,38.49,97,91,316452
1.8280,0.2151,38.62,97,91,316456
1.8475,0.2151,38.43,97,91,316460
1.8280,0.2151,38.55,97,91,316463
1.8084,0.2102,38.68,97,91,316467
1.8133,0.2248,38.52,97,91,316470
1.7937,0.2102,38.62,97,91,316473
1.8280,0.2199,38.40,97,91,316477
1.7937,0.2151,38.62,97,91,316480
1.7742,0.2102,38.65,97,91,316483
1.7595,0.2444,38.58,97,91,316486
1.7400,0.2151,38.62,97,91,316490
1.7840,0.2248,38.33,97,91,316493
1.7449,0.2151,38.68,97,91,316496
1.7498,0.2102,38.62,97,91,316500
1.7546,0.2248,38.62,97,91,316504
1.7546,0.2102,38.62,97,91,316507
1.8084,0.2590,38.49,97,91,316511
1.7937,0.2248,38.55,97,91,316514
1.7986,0.2102,38.55,97,91,316517
1.8182,0.2151,38.62,97,91,316521
1.8524,0.2102,38.65,97,91,316524
1.9404,0.2248,38.46,97,91,316527
1.9795,0.2151,38.58,97,91,316530
2.1065,0.2151,38.52,97,91,316534
2.2287,0.2151,38.62,97,91,316537
2.4291,0.2151,38.62,97,91,316540
2.7126,0.2199,38.55,97,91,316545
2.9374,0.2151,38.58,97,91,316548
3.2209,0.2151,38.49,97,91,316551
3.3187,0.2102,38.62,97,91,316555
3.2991,0.2151,38.71,97,91,316558
3.1134,0.2199,38.55,97,91,316561
2.7713,0.2102,38.62,97,91,316565
2.4536,0.2151,38.40,97,91,316568
2.0919,0.1906,38.62,97,91,316571
1.8328,0.2102,38.62,97,91,316574
1.6422,0.2199,38.55,97,91,316578
1.4809,0.2151,38.62,97,91,316581
1.4174,0.2248,38.33,97,91,316584
1.3294,0.2199,38.55,97,91,316589
1.2854,0.2102,38.68,97,91,316592
1.2952,0.2199,38.58,97,91,316595
1.2757,0.2102,38.62,97,91,316599
1.3343,0.2297,38.40,97,91,316602
1.3392,0.2199,38.58,97,91,316605
1.3587,0.2102,38.58,97,91,316609
1.3832,0.2151,38.62,97,91,316612
1.4076,0.2102,38.62,97,91,316615
1.4516,0.2248,38.55,97,91,316619
1.4321,0.2199,38.68,97,91,316622
1.4761,0.2151,38.49,97,91,316625
1.4761,0.2151,38.62,97,91,316628
1.4907,0.2102,38.68,97,91,316633
1.5152,0.2151,38.55,97,91,316636
1.5103,0.2151,38.65,97,91,316639
1.5445,0.2248,38.52,97,91,316643
1.5347,0.2151,38.65,97,91,316646
1.5494,0.2102,38.62,97,91,316649
1.6129,0.2151,38.52,97,91,316653
1.5787,0.2151,38.62,97,91,316656
1.6129,0.2151,38.40,97,91,316659
1.6031,0.2151,38.71,97,91,316663
1.6031,0.2151,38.65,97,91,316666
1.6227,0.2248,38.65,97,91,316669
1.6080,0.2151,38.68,97,91,316674
1.6618,0.2248,38.36,97,91,316677
1.6178,0.2151,38.52,97,91,316680
1.6129,0.1906,38.65,97,91,316683
1.6178,0.2151,38.62,97,91,316687
1.6178,0.2248,38.68,97,91,316690
1.6716,0.2346,38.36,97,91,316693
1.6227,0.2297,38.68,97,91,316697
1.6276,0.2102,38.55,97,91,316700
1.6178,0.2297,38.65,97,91,316703
1.6276,0.2151,38.62,97,91,316707
1.6764,0.2297,38.46,97,91,316710
1.6667,0.2102,38.62,97,91,316713
1.6716,0.2151,38.49,97,91,316718
1.6716,0.2102,38.62,97,91,316721
1.6276,0.2102,38.62,97,91,316724
1.6471,0.2493,38.46,97,91,316728
1.6178,0.2151,38.58,97,91,316731
1.6520,0.2493,38.55,97,91,316734
1.6373,0.1906,38.58,97,91,316737
1.6471,0.2102,38.62,97,91,316741
1.6813,0.2102,38.49,97,91,316744
1.6569,0.2151,38.62,97,91,316747
1.6960,0.2395,38.43,97,91,316751
1.6862,0.2102,38.58,97,91,316754
1.6911,0.2102,37.96,97,91,316758
1.7009,0.2395,38.55,97,91,316762
1.6960,0.2151,38.62,97,91,316765
1.7449,0.2199,38.36,97,91,316768
1.7253,0.2151,38.62,97,91,316772
1.7400,0.2102,38.74,97,91,316775
1.7498,0.2199,38.58,97,91,316778
1.7351,0.2102,38.62,97,91,316782
1.7889,0.2297,38.36,97,91,316785
1.7498,0.2199,38.52,97,91,316788
1.7400,0.2151,38.58,97,91,316791
1.7498,0.2151,38.62,97,91,316795
1.7498,0.2151,38.65,97,91,316798
1.8035,0.2248,38.43,97,91,316802
1.7889,0.2199,38.58,97,91,316806
1.8035,0.2151,38.52,97,91,316809
1.8084,0.2199,38.62,97,91,316812
1.8231,0.2102,38.65,97,91,316816
1.8573,0.2199,38.49,97,91,316819
1.8622,0.2102,38.62,97,91,316822
1.8719,0.2151,38.46,97,91,316826
1.8524,0.2151,38.58,97,91,316829
1.8622,0.2151,38.68,97,91,316832
1.8817,0.2297,38.55,97,91,316835
1.8768,0.2151,38.58,97,91,316839
1.8964,0.2151,38.52,97,91,316843
1.8622,0.2151,38.62,97,91,316846
1.8671,0.2102,38.65,97,91,316850
1.9013,0.2199,38.52,97,91,316853
1.8671,0.2151,38.33,97,91,316856
1.9306,0.2151,38.40,97,91,316860
1.8671,0.2199,38.55,97,91,316863
1.8475,0.2102,38.62,97,91,316866
1.8622,0.2199,38.58,97,91,316870
1.8475,0.2102,38.52,97,91,316873
1.8964,0.2297,38.33,97,91,316876
1.8475,0.2151,38.52,97,91,316880
1.8328,0.2444,38.58,97,91,316883
1.8182,0.2151,38.62,97,91,316887
1.8231,0.2151,38.62,97,91,316890
1.8671,0.2248,38.46,97,91,316894
1.8133,0.2151,38.58,97,91,316897
1.8280,0.2102,38.52,97,91,316900
1.8182,0.2102,38.62,97,91,316904
1.8182,0.2151,38.65,97,91,316907
1.8719,0.2248,38.55,97,91,316910
1.8182,0.2151,38.71,97,91,316914
1.8280,0.2248,38.46,97,91,316917
1.8035,0.2151,38.81,97,91,316920
1.8084,0.2151,38.62,97,91,316924
1.8377,0.2248,38.49,97,91,316928
1.8133,0.2151,38.68,97,91,316931
1.8426,0.2151,38.46,97,91,316935
1.8182,0.2151,38.55,97,91,316938
1.8231,0.2102,38.62,97,91,316941
1.8426,0.2248,38.49,97,91,316944
1.8328,0.2102,38.62,97,91,316948
1.8768,0.2199,38.40,97,91,316951
1.8915,0.2297,38.43,97,91,316955
1.8426,0.2248,38.62,97,91,316958
1.8573,0.2151,38.55,97,91,316961
1.8622,0.2151,38.65,97,91,316965
1.8622,0.2102,38.65,97,91,316968
1.9062,0.2248,38.52,97,91,316972
1.8866,0.2199,38.58,97,91,316976
1.8964,0.2151,38.49,97,91,316979
1.8817,0.2151,38.58,97,91,316982
1.8915,0.2102,38.62,97,91,316986
1.9208,0.2199,38.46,97,91,316989
1.9013,0.2151,38.62,97,91,316992
1.9355,0.2248,38.49,97,91,316996
1.9110,0.2053,38.58,97,91,316999
1.9159,0.2102,38.65,97,91,317002
1.9355,0.2199,38.49,97,91,317005
1.9648,0.2151,38.62,97,91,317009
1.9648,0.2151,38.46,97,91,317012
1.9648,0.2102,38.62,97,91,317016
1.9550,0.2102,38.62,97,91,317020
1.9844,0.2590,38.52,97,91,317023
1.9746,0.2151,38.68,97,91,317026
2.0186,0.2199,38.36,97,91,317030
1.9648,0.2151,38.55,97,91,317033
1.9550,0.2151,38.62,97,91,317036
1.9501,0.2199,38.62,97,91,317040
1.9110,0.2151,38.62,97,91,317043
1.9355,0.2297,38.43,97,91,317046
1.8719,0.2102,38.55,97,91,317049
1.8280,0.2102,38.58,97,91,317053
1.8328,0.2151,38.62,97,91,317057
1.8231,0.2151,38.68,97,91,317060
1.8622,0.2199,38.43,97,91,317064
1.8280,0.2248,38.55,97,91,317067
1.8182,0.2151,38.52,97,91,317070
1.7986,0.2151,38.62,97,91,317074
1.7986,0.2151,38.62,97,91,317077
1.8035,0.2199,38.58,97,91,317080
1.7791,0.2102,38.58,97,91,317084
1.8182,0.2199,38.46,97,91,317087
1.7693,0.2151,38.52,97,91,317090
1.7693,0.2102,38.62,97,91,317094
1.7742,0.2151,38.52,97,91,317097
1.7644,0.2297,38.68,97,91,317101
1.7889,0.2151,38.49,97,91,317104
1.7595,0.2053,38.62,97,91,317108
1.7742,0.2151,38.62,97,91,317111
1.7937,0.2199,38.52,97,91,317114
1.7742,0.2102,38.62,97,91,317118
1.8133,0.2199,38.43,97,91,317121
1.7986,0.2151,38.52,97,91,317124
1.8035,0.2102,38.62,97,91,317128
1.8426,0.2199,38.62,97,91,317131
1.8671,0.1906,38.62,97,91,317134
1.9844,0.2248,38.36,97,91,317138
2.0283,0.2102,38.55,97,91,317142
2.1408,0.2102,38.62,97,91,317145
2.3118,0.2151,38.58,97,91,317148
2.5464,0.2151,38.62,97,91,317152
2.8250,0.2297,38.49,97,91,317155
3.0156,0.2248,38.55,97,91,317158
3.2307,0.2102,38.52,97,91,317162
3.2845,0.2151,38.68,97,91,317165
3.2014,0.1906,38.62,97,91,317168
2.9961,0.2248,38.52,97,91,317172
2.6344,0.2151,38.65,97,91,317175
2.3363,0.2151,38.46,97,91,317178
2.0381,0.2199,38.62,97,91,317182
1.8426,0.2102,38.62,97,91,317186
1.6764,0.2248,38.49,97,91,317189
1.5249,0.2151,38.68,97,91,317192
1.4565,0.2199,38.52,97,91,317196
1.3832,0.2102,38.58,97,91,317199
1.3539,0.2151,38.62,97,91,317202
1.3490,0.2151,38.52,97,91,317206
1.3392,0.2297,38.62,97,91,317209
1.3734,0.2199,38.40,97,91,317212
1.3734,0.2199,38.55,97,91,317216
1.3978,0.2151,38.62,97,91,317219
1.4272,0.2199,38.58,97,91,317222
1.4321,0.2248,38.62,97,91,317227
1.4858,0.2199,38.36,97,91,317230
1.4663,0.2151,38.62,97,91,317233
1.4858,0.2102,38.65,97,91,317237
1.5005,0.2151,38.62,97,91,317240
1.5152,0.2102,38.62,97,91,317243
1.5787,0.2297,38.33,97,91,317246
1.5689,0.2151,38.55,97,91,317250
1.5738,0.2102,38.62,97,91,317253
1.5885,0.2199,38.62,97,91,317256
1.6031,0.2102,38.62,97,91,317260
1.6471,0.2248,38.43,97,91,317263
1.6325,0.1906,38.55,97,91,317266
1.6422,0.2151,38.52,97,91,317271
1.6422,0.2151,38.68,97,91,317274
1.6422,0.2102,38.62,97,91,317277
1.6618,0.2248,38.52,97,91,317281
1.6569,0.1906,38.62,97,91,317284
1.6813,0.2199,38.49,97,91,317287
1.6569,0.2151,38.62,97,91,317290
1.6618,0.1906,38.65,97,91,317294
1.6862,0.2151,37.74,97,91,317297
1.6862,0.2151,38.62,97,91,317300
1.7107,0.2151,38.46,97,91,317304
1.7204,0.2102,38.62,97,91,317307
1.7009,0.2151,38.65,97,91,317310
1.7155,0.2248,38.52,97,91,317315
1.7107,0.2151,38.62,97,91,317318
1.7449,0.2199,38.36,97,91,317321
1.7302,0.2199,38.55,97,91,317325
1.7107,0.2151,38.68,97,91,317328
1.7253,0.2199,38.58,97,91,317331
1.7107,0.2151,38.62,97,91,317335
1.7644,0.2493,38.33,97,91,317338
1.7302,0.2151,38.52,97,91,317341
1.7253,0.2248,38.58,97,91,317344
1.7302,0.1906,38.62,97,91,317348
1.7302,0.2151,38.62,97,91,317351
1.7742,0.2590,38.46,97,91,317355
1.7498,0.2199,38.58,97,91,317359
1.7546,0.2151,38.58,97,91,317362
1.7449,0.2151,38.62,97,91,317365
1.7498,0.2151,38.84,97,91,317369
1.7644,0.2102,38.58,97,91,317372
1.7546,0.2151,38.55,97,91,317375
1.7791,0.2199,38.49,97,91,317379
1.7644,0.2151,38.84,97,91,317382
1.7644,0.2151,38.62,97,91,317385
1.8035,0.2248,38.52,97,91,317389
1.7791,0.2248,38.62,97,91,317392
1.8035,0.2151,38.46,97,91,317395
1.7889,0.2297,38.52,97,91,317399
1.7986,0.2151,38.62,97,91,317403
1.8231,0.2248,38.52,97,91,317406
1.8133,0.2151,38.62,97,91,317409
1.8622,0.2297,38.33,97,91,317413
1.8377,0.2151,38.58,97,91,317416
1.8475,0.2151,38.68,97,91,317419
1.8671,0.2199,38.58,97,91,317423
1.8719,0.2151,38.62,97,91,317426
1.9355,0.2297,38.33,97,91,317429
1.9013,0.2151,38.52,97,91,317433
1.9013,0.2346,38.58,97,91,317436
1.9062,0.2151,38.62,97,91,317440
1.9110,0.2151,38.65,97,91,317444
1.9404,0.2297,38.49,97,91,317447
1.9159,0.2199,38.65,97,91,317450
1.9159,0.2444,38.46,97,91,317453
1.9013,0.2151,38.62,97,91,317457
1.9013,0.2102,38.65,97,91,317460
1.9599,0.2248,38.43,97,91,317463
1.9013,0.2199,38.55,97,91,317467
1.9159,0.2199,38.46,97,91,317470
1.8915,0.2151,38.65,97,91,317473
1.8915,0.2102,38.65,97,91,317477
1.9159,0.2151,38.52,97,91,317480
1.8915,0.2151,38.65,97,91,317484
1.9110,0.2151,38.46,97,91,317488
1.8817,0.2151,38.05,97,91,317491
1.8817,0.2053,38.62,97,91,317494
1.8915,0.2151,38.52,97,91,317497
1.8622,0.2151,38.65,97,91,317501
1.8915,0.2395,38.36,97,91,317504
1.8524,0.2102,38.58,97,91,317507
1.8524,0.2151,38.62,97,91,317511
1.8671,0.2199,38.58,97,91,317514
1.8475,0.2102,38.62,97,91,317517
1.8866,0.2199,38.30,97,91,317521
1.8524,0.2248,38.49,97,91,317524
1.8377,0.2102,38.68,97,91,317528
1.8377,0.2199,38.58,97,91,317532
1.8280,0.2102,38.68,97,91,317535
1.8768,0.2639,38.49,97,91,317538
1.8426,0.2199,38.55,97,91,317542
1.8377,0.2102,38.52,97,91,317545
1.8426,0.2199,38.62,97,91,317548
1.8328,0.2102,38.62,97,91,317551
1.8622,0.2248,38.52,97,91,317555
1.8426,0.2151,38.58,97,91,317558
1.8573,0.2151,38.55,97,91,317561
1.8328,0.2151,38.62,97,92,317565
1.8426,0.2102,38.62,97,92,317569
1.8524,0.2102,38.71,97,92,317573
1.8817,0.2297,38.49,97,92,317576
1.8622,0.2151,38.62,97,92,317579
1.9110,0.2248,38.36,97,92,317583
1.8964,0.2102,38.52,97,92,317586
1.8817,0.2102,38.62,97,92,317589
1.8964,0.2102,38.58,97,92,317593
1.8964,0.2102,38.62,97,92,317596
1.9501,0.2248,38.33,97,92,317599
1.9110,0.2151,38.52,97,92,317603
1.9110,0.2102,38.58,97,92,317606
1.9208,0.2199,38.62,97,92,317609
1.9257,0.2151,38.62,97,92,317613
1.9892,0.2297,38.43,97,92,317617
1.9697,0.2199,38.58,97,92,317620
1.9795,0.1906,38.55,97,92,317623
1.9844,0.2151,38.62,97,92,317627
1.9990,0.2102,38.62,97,92,317630
2.0381,0.2297,38.49,97,92,317633
2.0235,0.2151,38.62,97,92,317637
2.0626,0.2102,38.49,97,92,317640
2.0088,0.2151,38.62,97,92,317643
1.9990,0.2199,38.62,97,92,317646
2.0137,0.2199,38.46,97,92,317650
1.9550,0.2248,38.58,97,92,317654
1.9550,0.2199,38.49,97,92,317657
1.9355,0.2151,38.58,97,92,317661
1.8915,0.2102,38.62,97,92,317664
1.9306,0.2151,38.49,97,92,317667
1.8768,0.2151,38.62,97,92,317671
1.8964,0.2151,38.40,97,92,317674
1.8573,0.1906,38.58,97,92,317677
1.8475,0.2102,38.65,97,92,317681
1.8524,0.2493,38.55,97,92,317684
1.8182,0.2151,38.62,97,92,317687
1.8573,0.2248,38.40,97,92,317690
1.8084,0.2102,38.55,97,92,317694
1.8133,0.2102,38.65,97,92,317698
1.8182,0.2248,38.68,97,92,317701
1.8133,0.2151,38.62,97,92,317705
1.8719,0.2297,38.27,97,92,317708
1.8426,0.2199,38.55,97,92,317711
1.8377,0.2102,38.55,97,92,317715
1.8475,0.2151,38.65,97,92,317718
1.8475,0.2102,38.62,97,92,317721
1.9013,0.2102,38.43,97,92,317725
1.8671,0.2199,38.74,97,92,317728
1.8768,0.2151,38.52,97,92,317731
1.8719,0.2151,38.62,97,92,317735
1.8866,0.2151,38.62,97,92,317739
1.9404,0.2199,38.55,97,92,317742
1.9697,0.2151,38.58,97,92,317745
2.0723,0.2199,38.49,97,92,317749
2.1261,0.2102,38.65,97,92,317752
2.2532,0.2444,38.62,97,92,317755
2.4340,0.2151,38.52,97,92,317759
2.6295,0.2151,38.65,97,92,317762
2.8935,0.2444,38.43,97,92,317765
3.0938,0.2102,38.65,97,92,317769
3.2698,0.2199,38.62,97,92,317772
3.3675,0.2199,38.55,97,92,317775
3.1720,0.2102,38.58,97,92,317779
2.9717,0.2248,38.36,97,92,317783
2.6295,0.2199,38.52,97,92,317786
2.3167,0.2102,38.55,97,92,317789
2.0870,0.2199,38.58,97,92,317793
1.8671,0.2102,38.55,97,92,317796
1.7449,0.2248,38.30,97,92,317799
1.5885,0.2151,38.52,97,92,317803
1.4956,0.2102,38.55,97,92,317806
1.4809,0.2248,38.62,97,92,317809
1.4223,0.2102,38.62,97,92,317813
1.4467,0.2297,38.43,97,92,317816
1.4272,0.2199,38.58,97,92,317819
1.4370,0.2102,38.52,97,92,317824
1.4516,0.2151,38.62,97,92,317827
1.4712,0.2151,38.62,97,92,317830
1.5103,0.2346,38.52,97,92,317833
1.5054,0.2151,38.62,97,92,317837
1.5396,0.2151,38.46,97,92,317840
1.5396,0.2102,38.62,97,92,317843
1.5591,0.2102,38.58,97,92,317847
1.6325,0.2199,38.52,97,92,317850
1.5982,0.2151,38.58,97,92,317853
1.6618,0.2151,38.46,97,92,317857
1.6227,0.2102,37.80,97,92,317860
1.6325,0.2102,38.58,97,92,317863
1.6569,0.2151,38.49,97,92,317868
1.6520,0.2102,38.65,97,92,317871
1.6911,0.2199,38.40,97,92,317874
1.6716,0.2151,38.62,97,92,317878
1.6764,0.2395,38.65,97,92,317881
1.7107,0.2248,38.55,97,92,317884
1.6911,0.2102,38.62,97,92,317887
1.7449,0.2248,38.33,97,92,317891
1.7107,0.2151,38.58,97,92,317894
1.7155,0.2102,38.58,97,92,317897
1.7498,0.2151,38.58,97,92,317901
1.7253,0.2102,38.62,97,92,317904
1.7937,0.2297,38.43,97,92,317907
1.7546,0.2151,38.65,97,92,317912
1.7546,0.2053,38.52,97,92,317915
1.7498,0.2151,38.62,97,92,317918
1.7546,0.2151,38.68,97,92,317922
1.7986,0.2199,38.43,97,92,317925
1.7791,0.2151,38.62,97,92,317928
1.7986,0.2151,38.52,97,92,317931
1.7840,0.2102,38.62,97,92,317935
1.7986,0.2102,38.62,97,92,317938
1.8133,0.2199,38.55,97,92,317941
1.8035,0.2151,38.62,97,92,317945
1.8426,0.2151,38.49,97,92,317948
1.8133,0.2102,38.58,97,92,317952
1.8182,0.2102,38.62,97,92,317956
1.8328,0.2151,38.55,97,92,317959
1.8133,0.2199,38.62,97,92,317962
1.8475,0.2151,38.46,97,92,317966
1.8182,0.2151,38.62,97,92,317969
1.8231,0.2102,38.62,97,92,317972
1.8328,0.2248,38.58,97,92,317976
1.8231,0.2102,38.62,97,92,317979
1.8817,0.2297,38.33,97,92,317982
1.8719,0.2102,38.52,97,92,317985
1.8475,0.2102,38.65,97,92,317989
1.8524,0.2151,38.62,97,92,317992
1.8475,0.2102,38.62,97,92,317996
1.9110,0.2297,38.43,97,92,318000
1.8768,0.2199,38.55,97,92,318003
1.8768,0.2102,38.52,97,92,318006
1.8768,0.2151,38.62,97,92,318010
1.8817,0.2102,38.65,97,92,318013
1.9159,0.2297,38.52,97,92,318016
1.8964,0.2151,38.62,97,92,318020
1.9110,0.2151,38.49,97,92,318023
1.9062,0.2102,38.62,97,92,318026
1.9013,0.2297,38.58,97,92,318030
1.9257,0.2199,38.55,97,92,318033
1.9257,0.2151,38.62,97,92,318036
1.9599,0.2199,38.52,97,92,318040
1.9355,0.2102,38.62,97,92,318044
1.9404,0.2297,38.62,97,92,318047
1.9844,0.2102,38.55,97,92,318050
1.9453,0.2102,38.62,97,92,318054
1.9990,0.2151,38.40,97,92,318057
1.9599,0.2102,38.49,97,92,318060
1.9453,0.2102,38.65,97,92,318064
1.9599,0.2199,38.55,97,92,318067
1.9355,0.2102,38.46,97,92,318070
1.9844,0.2248,38.36,97,92,318074
1.9404,0.2102,38.52,97,92,318077
1.9355,0.2053,38.58,97,92,318081
1.9648,0.2102,38.58,97,92,318084
1.9355,0.2102,38.62,97,92,318088
1.9844,0.2297,38.36,97,92,318091
1.9355,0.2102,38.55,97,92,318094
1.9257,0.2053,38.55,97,92,318098
1.9501,0.2151,38.62,97,92,318101
1.9404,0.2102,38.65,97,92,318104
1.9844,0.2248,38.49,97,92,318108
1.9550,0.2151,38.52,97,92,318111
1.9404,0.2102,38.21,97,92,318114
1.9159,0.2102,38.62,97,92,318118
1.8964,0.2102,38.52,97,92,318121
1.9257,0.2199,38.43,97,92,318125
1.8964,0.2102,38.58,97,92,318128
1.9110,0.2199,38.49,97,92,318132
1.8671,0.2151,38.62,97,92,318135
1.8671,0.2102,38.74,97,92,318138
1.8768,0.1906,38.52,97,92,318142
1.8622,0.2102,38.62,97,92,318145
1.8964,0.2102,38.46,97,92,318148
1.8768,0.2151,38.58,97,92,318152
1.8817,0.2102,38.71,97,92,318155
1.8964,0.2151,38.52,97,92,318158
1.8866,0.2102,38.62,97,92,318162
1.9208,0.2151,38.43,97,92,318166
1.8817,0.2053,38.55,97,92,318169
1.8768,0.2102,38.65,97,92,318173
1.8768,0.2102,38.58,97,92,318176
1.8768,0.2102,38.65,97,92,318181
1.8866,0.2102,38.62,97,92,318184
1.9208,0.2199,38.49,97,92,318187
1.9013,0.2151,38.58,97,92,318190
1.9257,0.2102,38.46,97,92,318194
1.9208,0.2199,38.62,97,92,318197
1.9355,0.2102,38.71,97,92,318200
1.9648,0.2493,38.55,97,92,318204
1.9599,0.2102,38.62,97,92,318208
1.9941,0.2199,38.52,97,92,318211
1.9746,0.2151,38.62,97,92,318215
1.9844,0.2102,38.71,97,92,318218
2.0039,0.2151,38.52,97,92,318221
1.9990,0.2102,38.62,97,92,318225
2.0332,0.2102,38.46,97,92,318228
2.0039,0.2151,38.62,97,92,318231
2.0137,0.2102,38.62,97,92,318234
2.0332,0.2199,38.40,97,92,318238
2.0186,0.2102,38.62,97,92,318241
2.0723,0.2151,38.46,97,92,318244
2.0479,0.2151,38.52,97,92,318248
2.0430,0.2102,38.62,97,92,318252
2.0528,0.2151,38.62,97,92,318255
2.0283,0.2102,38.62,97,92,318259
2.0674,0.2297,38.33,97,92,318262
1.9941,0.2102,38.52,97,92,318265
1.9648,0.2053,38.62,97,92,318269
1.9746,0.2102,38.62,97,92,318272
1.9453,0.2102,38.62,97,92,318275
1.9844,0.2297,38.43,97,92,318278
1.9355,0.1906,38.58,97,92,318282
1.9159,0.2053,38.52,97,92,318285
1.8768,0.2151,38.68,97,92,318288
1.8573,0.2102,38.62,97,92,318292
1.8719,0.2199,38.52,97,92,318296
1.8524,0.2102,38.62,97,92,318299
1.8622,0.2053,38.52,97,92,318303
1.8231,0.2004,38.62,97,92,318306
1.8231,0.2102,38.62,97,92,318309
1.8573,0.2395,38.43,97,92,318313
1.8377,0.2102,38.62,97,92,318316
1.8719,0.2151,38.46,97,92,318319
1.8475,0.2004,38.62,97,92,318322
1.8475,0.2102,38.65,97,92,318326
1.8671,0.2151,38.55,97,92,318329
1.8622,0.2102,38.62,97,92,318332
1.9062,0.2151,38.36,97,92,318337
1.8817,0.2102,38.55,97,92,318340
1.8817,0.2102,38.81,97,92,318343
1.9013,0.2151,38.55,97,92,318347
1.9013,0.2102,38.65,97,92,318350
1.9697,0.2199,38.30,97,92,318353
1.9941,0.2053,38.55,97,92,318357
2.0186,0.2102,38.65,97,92,318360
2.1065,0.2102,38.58,97,92,318363
2.2385,0.2102,38.62,97,92,318366
2.4976,0.2297,38.40,97,92,318370
2.6833,0.2102,38.49,97,92,318373
2.9228,0.2102,38.55,97,92,318376
3.1720,0.2102,38.65,97,92,318381
3.3187,0.2053,38.62,97,92,318384
3.3920,0.2199,38.43,97,92,318387
3.1525,0.2151,38.55,97,92,318391
2.8641,0.2102,38.52,97,92,318394
2.5171,0.2102,38.68,97,92,318397
2.2287,0.2346,38.58,97,92,318401
2.0137,0.2151,38.52,97,92,318404
1.7937,0.2102,38.81,97,92,318407
1.6667,0.2395,38.49,97,92,318410
1.5347,0.2102,38.62,97,92,318414
1.4761,0.2102,38.65,97,92,318417
1.4418,0.2102,38.52,97,92,318420
1.4272,0.2102,38.62,97,92,318425
1.4321,0.2004,38.49,97,92,318428
1.4174,0.2102,38.62,97,92,318431
1.4370,0.2053,37.83,97,92,318435
1.4761,0.2053,38.55,97,92,318438
1.4761,0.2102,38.62,97,92,318441
1.5103,0.2199,38.36,97,92,318445
1.5054,0.2151,38.52,97,92,318448
1.5152,0.2053,38.84,97,92,318451
1.5591,0.2102,38.58,97,92,318454
1.5787,0.2053,38.68,97,92,318458
1.6520,0.2346,38.30,97,92,318461
1.6178,0.2102,38.52,97,92,318465
1.6276,0.2004,38.62,97,92,318469
1.6618,0.2151,38.58,97,92,318472
1.6276,0.2053,38.68,97,92,318475
1.6813,0.2297,38.46,97,92,318479
1.6618,0.2102,38.55,97,92,318482
1.6764,0.2053,38.90,97,92,318485
1.6862,0.2102,38.62,97,92,318489
1.7058,0.2102,38.62,97,92,318492
1.7546,0.2199,38.62,97,92,318495
1.7546,0.2053,38.62,97,92,318498
1.7791,0.2102,38.49,97,92,318502
1.7595,0.2346,38.68,97,92,318505
1.7498,0.2004,38.62,97,92,318509
1.7693,0.2199,38.49,97,92,318513
1.7351,0.2102,38.62,97,92,318516
1.7742,0.2102,38.49,97,92,318519
1.7498,0.2053,38.55,97,92,318523
1.7693,0.2004,38.62,97,92,318526
1.7498,0.2102,38.74,97,92,318529
1.7449,0.2297,38.68,97,92,318533
1.7791,0.2102,38.43,97,92,318536
1.7595,0.2102,38.58,97,92,318539
1.7595,0.2053,38.68,97,92,318542
1.7791,0.1906,38.55,97,92,318546
1.7644,0.2053,38.71,97,92,318550
1.8084,0.2493,38.36,97,92,318553
1.7742,0.2053,38.55,97,92,318557
1.7937,0.2248,38.62,97,92,318560
1.8133,0.2102,38.65,97,92,318563
1.7937,0.2053,38.74,97,92,318567
1.8524,0.2297,38.36,97,92,318570
1.8133,0.2102,38.62,97,92,318573
1.8182,0.2297,38.62,97,92,318577
1.8280,0.2102,38.68,97,92,318580
1.8182,0.2102,38.62,97,92,318583
1.8524,0.2199,38.46,97,92,318586
1.8231,0.2102,38.58,97,92,318590
1.8231,0.2004,38.49,97,92,318594
1.7986,0.2102,38.62,97,92,318597
1.8182,0.2053,38.58,97,92,318601
1.8817,0.2102,38.52,97,92,318604
1.8622,0.2102,38.62,97,92,318607
1.8719,0.2151,38.49,97,92,318611
1.8377,0.2151,38.62,97,92,318614
1.8377,0.2053,38.65,97,92,318617
1.8768,0.2102,38.55,97,92,318621
1.8622,0.2053,38.62,97,92,318624
1.8964,0.2053,38.43,97,92,318627
1.8768,0.2053,38.62,97,92,318630
1.8768,0.2053,38.55,97,92,318635
1.8866,0.2151,38.52,97,92,318638
1.8768,0.2053,38.62,97,92,318641
1.9257,0.2248,38.40,97,92,318645
1.9257,0.2102,38.52,97,92,318648
1.9355,0.2053,38.68,97,92,318651
1.9746,0.2102,38.65,97,92,318655
1.9795,0.2053,38.62,97,92,318658
2.0430,0.2151,38.30,97,92,318661
1.9990,0.1906,38.52,97,92,318665
1.9697,0.2004,38.65,97,92,318668
1.9501,0.2102,38.62,97,92,318671
1.9208,0.2102,38.68,97,92,318674
1.9746,0.2248,38.43,97,92,318679
1.9306,0.2102,38.55,97,92,318682
1.9453,0.2053,38.52,97,92,318685
1.9208,0.2102,38.68,97,92,318689
1.9257,0.2004,38.58,97,92,318692
1.9599,0.2151,38.52,97,92,318695
1.9501,0.2102,38.65,97,92,318699
1.9795,0.2199,38.49,97,92,318702
1.9599,0.2102,38.68,97,92,318705
1.9257,0.2151,38.62,97,92,318709
1.9159,0.2199,38.49,97,92,318712
1.8622,0.2102,38.62,97,92,318715
1.8817,0.2102,38.52,97,92,318718
1.8475,0.2004,38.62,97,92,318723
1.8622,0.2053,38.68,97,92,318726
1.9062,0.2102,38.87,97,92,318729
1.9062,0.2346,38.62,97,92,318733
1.9648,0.2102,38.40,97,92,318736
1.8866,0.2053,38.77,97,92,318739
1.8671,0.2053,38.65,97,92,318743
1.8671,0.2151,38.55,97,92,318746
1.8524,0.2053,38.58,97,92,318749
1.9306,0.2151,38.36,97,92,318753
1.8964,0.2053,38.55,97,92,318756
1.8866,0.2151,38.62,97,92,318759
1.8768,0.2102,38.58,97,92,318763
1.8671,0.2053,38.74,97,92,318767
1.9306,0.2297,38.36,97,92,318770
1.8866,0.2102,38.49,97,92,318773
1.8524,0.2004,38.55,97,92,318777
1.8524,0.1906,38.62,97,92,318780
1.8426,0.2053,38.62,97,92,318783
1.9013,0.2248,38.43,97,92,318787
1.9013,0.1906,38.52,97,92,318791
1.8622,0.2053,38.62,97,92,318795
1.8866,0.2102,38.46,97,92,318798
1.8719,0.2004,38.62,97,92,318801
1.8964,0.2053,38.65,97,92,318806
1.9159,0.2053,38.52,97,92,318809
1.9208,0.2151,38.65,97,92,318812
1.9550,0.2102,38.46,97,92,318815
1.9306,0.2004,38.65,97,92,318819
1.9355,0.2004,38.62,97,92,318822
1.9501,0.2151,38.55,97,92,318825
1.9257,0.2004,38.68,97,92,318829
1.9648,0.2102,38.36,97,92,318832
1.9110,0.2102,38.49,97,92,318835
1.8915,0.2004,38.62,97,92,318839
1.9306,0.2102,38.58,97,92,318842
1.9501,0.2053,38.65,97,92,318845
2.0430,0.2297,38.33,97,92,318850
2.0381,0.2053,38.43,97,92,318853
2.0381,0.2053,38.58,97,92,318856
2.0430,0.2102,38.55,97,92,318859
2.0332,0.2004,38.62,97,92,318863
2.0626,0.2199,38.43,97,92,318866
1.9990,0.2102,38.55,97,92,318869
1.9599,0.2053,38.87,97,92,318873
1.9257,0.2053,38.58,97,92,318876
1.9013,0.2053,38.65,97,92,318879
1.9159,0.2199,38.58,97,92,318883
1.8866,0.2053,38.58,97,92,318886
1.8964,0.2151,38.49,97,92,318889
1.8622,0.2004,38.68,97,92,318893
1.8377,0.2004,38.62,97,92,318897
1.8573,0.2199,38.49,97,92,318900
1.8280,0.2151,38.62,97,92,318903
1.8719,0.2102,38.49,97,92,318907
1.8377,0.2004,38.65,97,92,318910
1.8133,0.2053,38.65,97,92,318913
1.8084,0.2102,38.65,97,92,318917
1.7937,0.2053,38.62,97,92,318920
1.8280,0.2004,38.40,97,92,318923
1.8035,0.2053,38.58,97,92,318926
1.8133,0.2053,38.62,97,92,318930
1.8377,0.2395,38.52,97,92,318934
1.8328,0.2004,38.62,97,92,318937
1.8719,0.2102,38.36,97,92,318941
1.8377,0.1955,38.58,97,92,318944
1.8426,0.2053,38.62,97,92,318947
1.8524,0.2102,38.55,97,92,318951
1.8377,0.2053,38.62,97,92,318954
1.9013,0.2248,38.40,97,92,318957
1.9062,0.2053,38.55,97,92,318961
1.9501,0.1955,38.58,97,92,318964
2.0137,0.2102,38.81,97,92,318967
2.1017,0.2151,38.68,97,92,318970
2.2972,0.2151,38.43,97,92,318974
2.4438,0.2053,38.55,97,92,318978
2.6833,0.2053,38.52,97,92,318981
2.9326,0.2102,38.71,97,92,318985
3.2063,0.2053,38.65,97,92,318988
3.4506,0.2151,38.52,97,92,318991
3.4409,0.2102,38.71,97,92,318995
3.3089,0.2248,38.46,97,92,318998
2.9423,0.2053,38.62,97,92,319001
2.5562,0.2053,38.52,97,92,319005
2.2287,0.2053,38.58,97,92,319008
1.9404,0.2004,38.62,97,92,319011
1.7693,0.2102,38.49,97,92,319014
1.5934,0.2053,38.62,97,92,319019
1.4907,0.2053,38.62,97,92,319022
1.4467,0.2151,38.46,97,92,319025
1.3783,0.1906,38.62,97,92,319029
1.3490,0.2102,38.46,97,92,319032
1.3148,0.2053,38.55,97,92,319035
1.3343,0.2053,38.62,97,92,319039
1.3978,0.2151,38.62,97,92,319042
1.4223,0.2053,38.62,97,92,319045
1.4761,0.2151,38.33,97,92,319049
1.4516,0.2053,38.52,97,92,319052
1.4614,0.2053,38.58,97,92,319055
1.4809,0.2053,38.68,97,92,319058
1.5298,0.2053,38.62,97,92,319063
1.6031,0.2248,38.43,97,92,319066
1.5934,0.2151,38.55,97,92,319069
1.6031,0.2053,38.55,97,92,319073
1.6031,0.2053,38.62,97,92,319076
1.6031,0.1906,38.62,97,92,319079
1.6471,0.2199,38.65,97,92,319083
1.6422,0.2004,38.62,97,92,319086
1.6520,0.2053,38.49,97,92,319089
1.6227,0.2053,38.58,97,92,319093
1.6129,0.2053,38.65,97,92,319096
1.6422,0.2102,38.46,97,92,319099
1.6325,0.2053,38.62,97,92,319102
1.6764,0.2151,38.52,97,92,319107
1.6618,0.2053,38.58,97,92,319110
1.6813,0.2004,38.65,97,92,319113
1.6960,0.2102,38.58,97,92,319117
1.6862,0.2053,38.58,97,92,319120
1.7058,0.2004,38.49,97,92,319123
1.6813,0.2053,38.62,97,92,319127
1.7009,0.2053,38.62,97,92,319130
1.7498,0.2199,38.52,97,92,319133
1.7351,0.2053,38.62,97,92,319137
1.7644,0.2102,38.46,97,92,319140
1.7204,0.2004,38.62,97,92,319143
1.7058,0.2053,38.62,97,92,319147
1.7107,0.2102,38.84,97,92,319151
1.7204,0.2053,38.62,97,92,319154
1.7840,0.2151,38.33,97,92,319157
1.7595,0.2053,38.55,97,92,319161
1.7400,0.2004,38.58,97,92,319164
1.7449,0.2102,38.49,97,92,319167
1.7449,0.2248,38.62,97,92,319171
1.7937,0.2248,38.43,97,92,319174
1.7546,0.2248,38.55,97,92,319177
1.7498,0.2053,38.55,97,92,319180
1.7595,0.2102,38.62,97,92,319184
1.7693,0.2053,38.62,97,92,319187
1.8035,0.2151,38.52,97,92,319191
1.7840,0.2102,38.58,97,92,319195
1.7937,0.2102,38.49,97,92,319198
1.7546,0.2102,38.62,97,92,319201
1.7498,0.2053,38.87,97,92,319205
1.7644,0.2102,38.55,97,92,319208
1.7546,0.2053,38.62,97,92,319211
1.7791,0.2151,38.55,97,92,319215
1.7595,0.2053,38.62,97,92,319218
1.7693,0.2053,38.62,97,92,319221
1.7937,0.2102,38.52,97,92,319224
1.7742,0.1906,38.62,97,92,319228
1.7986,0.2102,38.43,97,92,319232
1.7889,0.2395,38.49,97,92,319235
1.8035,0.2004,38.62,97,92,319239
1.8182,0.2151,38.55,97,92,319242
1.8035,0.2151,38.65,97,92,319245
1.8719,0.2151,38.43,97,92,319249
1.8084,0.2004,38.52,97,92,319252
1.8133,0.2053,38.65,97,92,319255
1.8426,0.2151,38.58,97,92,319259
1.8475,0.2053,38.71,97,92,319262
1.9159,0.2297,38.33,97,92,319265
1.8817,0.2053,37.77,97,92,319268
1.8719,0.2053,38.55,97,92,319272
1.8719,0.2102,38.62,97,92,319276
1.8719,0.2053,38.62,97,92,319279
1.9208,0.2199,38.46,97,92,319283
1.8915,0.2102,38.65,97,92,319286
1.8866,0.2053,38.55,97,92,319289
1.8768,0.2102,38.62,97,92,319293
1.8719,0.2053,38.55,97,92,319296
1.8866,0.2151,38.43,97,92,319299
1.8426,0.2102,38.55,97,92,319303
1.8573,0.2151,38.49,97,92,319306
1.8231,0.2053,38.65,97,92,319309
1.8280,0.2053,38.68,97,92,319312
1.8475,0.2053,38.52,97,92,319316
1.8231,0.2053,38.62,97,92,319320
1.8573,0.2053,38.49,97,92,319323
1.8231,0.2004,38.58,97,92,319327
1.8182,0.2053,38.62,97,92,319330
1.8182,0.2102,38.49,97,92,319333
1.7937,0.2102,38.62,97,92,319337
1.8231,0.2102,38.40,97,92,319340
1.7937,0.2053,38.62,97,92,319343
1.7986,0.1906,38.65,97,92,319347
1.8231,0.2151,38.55,97,92,319350
1.7986,0.2053,38.62,97,92,319353
1.8377,0.2151,38.27,97,92,319356
1.8035,0.2053,38.55,97,92,319361
1.7889,0.2053,38.65,97,92,319364
1.7889,0.2542,38.62,97,92,319367
1.7840,0.2053,38.62,97,92,319371
1.8328,0.1906,38.46,97,92,319374
1.7840,0.2151,38.55,97,92,319377
1.7791,0.2004,38.52,97,92,319381
1.7742,0.2102,38.58,97,92,319384
1.7840,0.2053,38.65,97,92,319387
1.8231,0.2199,38.49,97,92,319391
1.7937,0.2102,38.62,97,92,319394
1.7986,0.2004,38.55,97,92,319397
1.7693,0.2102,38.62,97,92,319400
1.7840,0.2053,38.71,97,92,319406
1.7937,0.2053,38.81,97,92,319409
1.8328,0.2102,38.68,97,92,319413
1.8231,0.2053,37.87,97,92,319416
1.8671,0.2248,38.40,97,92,319419
1.8524,0.2102,38.49,97,92,319423
1.8328,0.2053,38.84,97,92,319426
1.8622,0.2102,38.52,97,92,319429
1.8377,0.2053,38.62,97,92,319433
1.8964,0.2151,38.30,97,92,319436
1.8671,0.2053,38.52,97,92,319439
1.8768,0.2004,38.55,97,92,319443
1.8964,0.2297,38.58,97,92,319447
1.9013,0.2053,38.62,97,92,319450
1.9501,0.2248,38.43,97,92,319453
1.9208,0.2151,38.55,97,92,319457
1.9306,0.2053,38.52,97,92,319460
1.9355,0.2102,38.71,97,92,319463
1.9501,0.2102,38.62,97,92,319467
1.9844,0.2199,38.62,97,92,319470
1.9404,0.2053,38.62,97,92,319473
1.9501,0.2102,38.49,97,92,319477
1.8768,0.2102,38.65,97,92,319480
1.8426,0.2004,38.65,97,92,319483
1.8377,0.2199,38.46,97,92,319488
1.8035,0.2102,38.58,97,92,319491
1.8231,0.2151,38.52,97,92,319494
1.7986,0.2004,38.58,97,92,319497
1.7937,0.2053,38.65,97,92,319501
1.7986,0.2102,38.49,97,92,319504
1.7742,0.2053,38.71,97,92,319507
1.7840,0.2053,38.43,97,92,319511
1.7449,0.2053,38.62,97,92,319514
1.7400,0.2053,38.71,97,92,319517
1.7400,0.2102,38.55,97,92,319521
1.7204,0.2004,38.62,97,92,319524
1.7449,0.2102,38.36,97,92,319527
1.7204,0.2053,38.68,97,92,319532
1.7155,0.2053,38.62,97,92,319535
1.7302,0.2102,38.43,97,92,319538
1.7302,0.2053,38.62,97,92,319541
1.7742,0.2199,38.33,97,92,319545
1.7449,0.2297,38.52,97,92,319548
1.7302,0.2004,38.62,97,92,319551
1.7400,0.2151,38.62,97,92,319555
1.7351,0.2493,38.62,97,92,319558
1.7937,0.2248,38.43,97,92,319561
1.7693,0.2151,38.55,97,92,319565
1.7889,0.1906,38.52,97,92,319568
1.8231,0.2102,38.62,97,92,319571
1.8719,0.2004,38.68,97,92,319576
1.9844,0.2151,38.49,97,92,319579
2.0919,0.2102,38.62,97,92,319582
2.2825,0.2151,38.49,97,92,319585
2.4829,0.2053,38.65,97,92,319589
2.7370,0.2053,38.62,97,92,319592
3.0254,0.2004,38.58,97,92,319595
3.2063,0.2151,38.62,97,92,319599
3.3236,0.2151,38.52,97,92,319602
3.1769,0.2102,38.68,97,92,319605
2.9130,0.2053,38.84,97,92,319609
2.6002,0.2151,38.49,97,92,319612
2.2385,0.2102,38.62,97,92,319616
1.9844,0.2102,38.77,97,92,319619
1.7351,0.2151,38.52,97,92,319623
1.5494,0.2053,38.62,97,92,319626
1.4614,0.2102,38.55,97,92,319629
1.3392,0.2102,38.62,97,92,319633
1.3245,0.2151,38.33,97,92,319636
1.2757,0.2053,38.55,97,92,319639
1.2708,0.2102,38.65,97,92,319643
1.3099,0.2151,38.62,97,92,319646
1.2952,0.2053,38.62,97,92,319649
1.3587,0.2297,38.33,97,92,319653
1.3490,0.2102,38.55,97,92,319656
1.3587,0.2053,38.96,97,92,319660
1.3783,0.2053,38.62,97,92,319663
1.3832,0.2053,38.65,97,92,319667
1.4516,0.2199,38.46,97,92,319670
1.4418,0.2151,38.62,97,92,319673
1.4712,0.2102,38.52,97,92,319677
1.4663,0.2004,38.62,97,92,319680
1.4858,0.2053,38.65,97,92,319683
1.5249,0.2151,38.40,97,92,319687
1.5152,0.2102,38.62,97,92,319690
1.5494,0.2151,38.49,97,92,319693
1.5347,0.2151,38.68,97,92,319697
1.5494,0.2053,38.62,97,92,319700
1.5689,0.2151,38.52,97,92,319704
1.5689,0.2053,38.62,97,92,319708
1.5982,0.2102,38.52,97,92,319711
1.5982,0.2102,38.58,97,92,319714
1.5885,0.1906,38.62,97,92,319717
1.6178,0.2151,38.62,97,92,319721
1.6031,0.2053,38.68,97,92,319724
1.6422,0.2102,38.40,97,92,319727
1.6129,0.2004,38.96,97,92,319731
1.6227,0.2102,38.62,97,92,319734
1.6276,0.2102,38.58,97,92,319737
1.6227,0.2053,38.68,97,92,319741
1.6716,0.1906,38.33,97,92,319745
1.6422,0.2102,38.62,97,92,319748
1.6618,0.2053,38.58,97,92,319752
1.6569,0.2102,38.65,97,92,319755
1.6618,0.2102,38.62,97,92,319758
1.7058,0.2199,38.46,97,92,319761
1.6911,0.2151,38.55,97,92,319765
1.6862,0.2053,38.52,97,92,319768
1.6716,0.2248,38.62,97,92,319771
1.7009,0.2053,38.62,97,92,319775
1.6960,0.2199,38.62,97,92,319778
1.6813,0.2053,38.62,97,92,319781
1.7107,0.2102,38.49,97,92,319785
1.6862,0.2102,38.65,97,92,319789
1.7253,0.2004,38.68,97,92,319792
1.7058,0.2102,38.55,97,92,319796
1.6960,0.2004,38.62,97,92,319799
1.7253,0.2151,38.55,97,92,319802
1.7058,0.2102,38.77,97,92,319805
1.7107,0.2053,38.65,97,92,319809
1.7449,0.2151,38.52,97,92,319812
1.7155,0.2102,38.62,97,92,319815
1.7498,0.2151,38.40,97,92,319819
1.7351,0.2102,38.52,97,92,319822
1.7302,0.2297,38.58,97,92,319825
1.7498,0.2102,38.55,97,92,319830
1.7351,0.2102,38.65,97,92,319833
1.7791,0.2102,38.36,97,92,319836
1.7351,0.2053,38.49,97,92,319840
1.7400,0.2053,38.68,97,92,319843
1.7498,0.1906,38.62,97,92,319846
1.7595,0.2053,38.62,97,92,319849
1.8280,0.2297,38.36,97,92,319853
1.8035,0.2102,38.55,97,92,319856
1.8084,0.2053,38.58,97,92,319859
1.8182,0.2151,38.62,97,92,319863
1.8231,0.2053,38.58,97,92,319866
1.8719,0.2199,38.52,97,92,319869
1.8475,0.1906,38.58,97,92,319874
1.8573,0.2102,38.55,97,92,319877
1.8426,0.2102,38.62,97,92,319880
1.8377,0.2053,38.74,97,92,319884
1.8671,0.2248,38.46,97,92,319887
1.8328,0.2102,38.62,97,92,319890
1.8524,0.2297,38.52,97,92,319894
1.8280,0.2053,38.58,97,92,319897
1.8231,0.2053,38.65,97,92,319900
1.8426,0.2004,38.52,97,92,319903
1.8280,0.2102,38.62,97,92,319907
1.8475,0.2053,38.46,97,92,319910
1.8182,0.2004,38.68,97,92,319913
1.8231,0.2004,38.65,97,92,319918
1.8377,0.2248,38.65,97,92,319921
1.8231,0.2053,38.62,97,92,319924
1.8671,0.2151,38.36,97,92,319928
1.8231,0.2151,38.58,97,92,319931
1.8231,0.2053,38.62,97,92,319934
1.8231,0.2493,38.62,97,92,319938
1.7986,0.2102,38.62,97,92,319941
1.8377,0.2199,38.36,97,92,319944
1.8084,0.2102,38.49,97,92,319947
1.7889,0.1906,38.62,97,92,319951
1.7840,0.2151,38.58,97,92,319954
1.7693,0.2102,38.65,97,92,319958
1.8182,0.2199,38.52,97,92,319962
1.7791,0.2102,38.58,97,92,319965
1.7742,0.2102,38.55,97,92,319968
1.7644,0.2199,38.65,97,92,319972
1.7742,0.2053,38.62,97,92,319975
1.7742,0.2151,38.62,97,92,319978
1.7546,0.2053,38.58,97,92,319982
1.7693,0.2102,38.46,97,92,319985
1.7449,0.2102,38.74,97,92,319988
1.7498,0.2004,38.62,97,92,319991
1.7546,0.2102,38.55,97,92,319995
1.7449,0.2102,38.71,97,92,319998
1.8035,0.2053,38.49,97,92,320002
1.7498,0.2102,38.68,97,92,320006
1.7546,0.2297,38.74,97,92,320009
1.7791,0.2102,38.49,97,92,320012
1.7840,0.2102,38.58,97,92,320017
1.7840,0.2053,38.62,97,92,320020
1.8377,0.2199,38.30,97,92,320024
1.8133,0.1906,38.49,97,92,320027
1.8133,0.2004,38.65,97,92,320030
1.8182,0.2102,38.55,97,92,320034
1.8328,0.2053,38.62,97,92,320037
1.8768,0.2248,38.46,97,92,320040
1.8524,0.2248,38.58,97,92,320044
1.8524,0.2053,38.52,97,92,320048
1.8524,0.2102,38.65,97,92,320051
1.8573,0.2053,38.62,97,92,320054
1.9013,0.2199,38.55,97,92,320058
1.8866,0.2102,38.58,97,92,320061
1.9062,0.2102,38.49,97,92,320064
1.8964,0.2102,38.62,97,92,320068
1.9110,0.2053,38.58,97,92,320071
1.9599,0.2151,38.49,97,92,320074
1.9453,0.2053,38.62,97,92,320077
1.9795,0.2151,38.52,97,92,320081
1.9404,0.2053,38.52,97,92,320084
1.9306,0.2102,38.68,97,92,320088
1.9159,0.2151,38.49,97,92,320092
1.8817,0.2102,38.62,97,92,320095
1.8866,0.2102,38.40,97,92,320098
1.8328,0.2053,38.58,97,92,320102
1.8231,0.1906,38.68,97,92,320105
1.8280,0.2151,38.46,97,92,320108
1.8231,0.2053,38.62,97,92,320112
1.8426,0.2151,38.36,97,92,320115
1.7937,0.2004,38.55,97,92,320118
1.7937,0.2151,38.62,97,92,320121
1.7840,0.2102,38.84,97,92,320125
1.7693,0.2102,38.68,97,92,320129
1.8133,0.2297,38.40,97,92,320132
1.7742,0.2199,38.55,97,92,320136
1.7644,0.2004,38.55,97,92,320139
1.7595,0.2395,38.55,97,92,320142
1.7498,0.2102,38.62,97,92,320146
1.7889,0.2199,38.43,97,92,320149
1.7644,0.2248,38.58,97,92,320152
1.7937,0.2102,38.52,97,92,320156
1.7595,0.2102,38.68,97,92,320159
1.7595,0.2053,38.62,97,92,320162
1.7840,0.2151,38.52,97,92,320165
1.7693,0.2053,38.55,97,92,320169
1.7986,0.2102,38.49,97,92,320173
1.7937,0.1906,38.62,97,92,320176
1.8231,0.2053,38.62,97,92,320180
1.8671,0.2199,38.55,97,92,320183
1.9159,0.2102,38.68,97,92,320186
2.0186,0.2102,38.49,97,92,320190
2.1065,0.2102,38.62,97,92,320193
2.2581,0.2053,38.52,97,92,320196
2.4780,0.2151,38.49,97,92,320200
2.6833,0.2102,38.62,97,92,320203
2.9863,0.2151,38.40,97,92,320206
3.1916,0.2151,38.52,97,92,320209
3.2600,0.2053,38.65,97,92,320214
3.2405,0.2199,38.62,97,92,320217
3.0010,0.2004,38.62,97,92,320220
2.7761,0.2199,38.33,97,92,320224
2.4047,0.2053,38.58,97,92,320227
2.1359,0.2102,38.68,97,92,320230
1.9159,0.2151,38.58,97,92,320234
1.7253,0.2102,38.65,97,92,320237
1.6276,0.2297,38.36,97,92,320240
1.4907,0.2102,38.55,97,92,320243
1.4174,0.2053,38.58,97,92,320247
1.3783,0.2102,38.62,97,92,320250
1.3490,0.2053,38.62,97,92,320253
1.3734,0.2248,38.52,97,92,320258
1.3587,0.2151,38.58,97,92,320261
1.3734,0.2102,38.52,97,92,320264
1.3783,0.2199,38.68,97,92,320268
1.3978,0.2053,38.62,97,92,320271
1.4370,0.2199,38.40,97,92,320274
1.4272,0.2102,38.62,97,92,320278
1.4663,0.2151,38.52,97,92,320281
1.4614,0.2102,38.58,97,92,320284
1.5005,0.1906,38.62,97,92,320287
1.5103,0.2102,37.77,97,92,320291
1.5152,0.2102,38.62,97,92,320294
1.5689,0.2151,38.46,97,92,320297
1.5445,0.2102,38.62,97,92,320302
1.5543,0.2053,38.58,97,92,320305
1.5738,0.2102,38.52,97,92,320308
1.5689,0.2102,38.71,97,92,320312
1.6031,0.2102,38.40,97,92,320315
1.5787,0.2053,38.62,97,92,320318
1.5934,0.2102,38.65,97,92,320322
1.6129,0.2151,38.68,97,92,320325
1.6031,0.2102,38.62,97,92,320328
1.6862,0.2151,38.30,97,92,320331
1.6325,0.2102,38.55,97,92,320335
1.6227,0.2004,38.62,97,92,320338
1.6373,0.2102,38.58,97,92,320342
1.6373,0.2102,38.52,97,92,320346
1.6862,0.2248,38.49,97,92,320349
1.6618,0.2102,38.58,97,92,320352
1.6618,0.2053,38.55,97,92,320356
1.6569,0.2102,38.65,97,92,320359
1.6569,0.2102,38.84,97,92,320362
1.6862,0.2248,38.52,97,92,320366
1.6667,0.2102,38.58,97,92,320369
1.6911,0.2102,37.87,97,92,320372
1.6764,0.2151,38.65,97,92,320375
1.6862,0.2102,38.62,97,92,320379
1.7107,0.2444,38.62,97,92,320382
1.6960,0.2004,38.62,97,92,320386
1.7400,0.2151,38.52,97,92,320390
1.7107,0.2102,38.62,97,92,320393
1.7498,0.2004,38.62,97,92,320396
1.7449,0.2199,38.52,97,92,320400
1.7204,0.2151,38.62,97,92,320403
1.7498,0.2102,38.43,97,92,320406
1.7351,0.2102,38.46,97,92,320410
1.7302,0.2053,38.58,97,92,320413
1.7546,0.2199,38.52,97,92,320416
1.7498,0.2102,38.58,97,92,320419
1.7937,0.2199,38.36,97,92,320423
1.7644,0.2053,38.55,97,92,320427
1.7693,0.2053,38.62,97,92,320430
1.7889,0.2151,38.58,97,92,320434
1.7840,0.2102,38.74,97,92,320437
1.8377,0.2297,38.33,97,92,320440
1.7986,0.1906,38.62,97,92,320444
1.7889,0.2053,38.55,97,92,320447
1.7889,0.2102,38.62,97,92,320450
1.7889,0.2102,38.62,97,92,320454
1.8377,0.2444,38.46,97,92,320457
1.8084,0.2151,38.62,97,92,320460
1.8280,0.2102,37.74,97,92,320463
1.8475,0.2102,38.65,97,92,320467
1.8377,0.2102,38.62,97,92,320471
1.8817,0.2248,38.46,97,92,320474
1.8622,0.2102,38.62,97,92,320478
1.8866,0.2151,38.55,97,92,320481
1.8671,0.2102,38.65,97,92,320484
1.8671,0.2102,38.62,97,92,320488
1.8817,0.2151,38.55,97,92,320491
1.8719,0.2102,38.62,97,92,320494
1.9013,0.2102,38.46,97,92,320498
1.8768,0.2102,38.58,97,92,320501
1.8817,0.2102,38.71,97,92,320504
1.8964,0.2102,38.52,97,92,320507
1.8964,0.2151,38.62,97,92,320512
1.9110,0.2151,38.77,97,92,320515
1.8719,0.2053,38.58,97,92,320518
1.8671,0.2053,38.65,97,92,320522
1.8671,0.2151,38.58,97,92,320525
1.8475,0.2102,38.68,97,92,320528
1.8915,0.2542,38.36,97,92,320532
1.8573,0.2151,38.49,97,92,320535
1.8377,0.2053,38.58,97,92,320538
1.8377,0.2102,38.62,97,92,320542
1.8231,0.2102,38.05,97,92,320545
1.8719,0.2590,38.40,97,92,320548
1.8328,0.1906,38.55,97,92,320551
1.8231,0.2053,38.55,97,92,320556
1.8133,0.2102,38.62,97,92,320559
1.8182,0.2053,38.62,97,92,320562
1.8377,0.2199,38.62,97,92,320566
1.8231,0.2151,38.58,97,92,320569
1.8377,0.2102,38.49,97,92,320572
1.8182,0.2102,38.62,97,92,320576
1.8182,0.2102,38.62,97,92,320579
1.8280,0.2102,38.62,97,92,320582
1.8133,0.2102,38.65,97,92,320586
1.8328,0.1906,38.52,97,92,320589
1.7986,0.2248,38.68,97,92,320592
1.8035,0.2053,38.62,97,92,320595
1.8231,0.2199,38.52,97,92,320600
1.7986,0.2102,38.62,97,92,320603
1.8280,0.1906,38.43,97,92,320606
1.8084,0.2102,38.58,97,92,320610
1.8035,0.2102,38.58,97,92,320613
1.8280,0.2199,38.55,97,92,320616
1.8035,0.2102,38.71,97,92,320620
1.8426,0.2151,38.33,97,92,320623
1.8915,0.2199,38.46,97,92,320628
1.8426,0.2151,38.58,97,92,320631
1.8377,0.2053,38.52,97,92,320634
1.8426,0.2151,38.62,97,92,320638
1.8377,0.2102,38.62,97,92,320642
1.8719,0.2248,38.55,97,92,320645
1.8524,0.2102,38.58,97,92,320648
1.8768,0.2102,38.43,97,92,320652
1.8622,0.2151,38.62,97,92,320655
1.8671,0.2102,38.62,97,92,320658
1.9355,0.2199,38.49,97,92,320662
1.8915,0.2102,38.68,97,92,320665
1.9257,0.2297,38.55,97,92,320668
1.9013,0.2053,38.58,97,92,320672
1.9110,0.2102,38.68,97,92,320675
1.9355,0.2151,38.49,97,92,320678
1.9306,0.2102,38.62,97,92,320683
1.9746,0.2151,38.40,97,92,320686
1.9453,0.2053,38.62,97,92,320689
1.9404,0.2102,38.62,97,92,320692
1.9501,0.2151,38.58,97,92,320696
1.9208,0.2053,38.68,97,92,320699
1.9550,0.2151,38.36,97,92,320702
1.8866,0.2053,38.52,97,92,320706
1.8719,0.2053,38.62,97,92,320709
1.8817,0.2151,38.58,97,92,320712
1.8475,0.2102,38.62,97,92,320716
1.8915,0.2346,38.36,97,92,320719
1.8426,0.2151,38.52,97,92,320722
1.8182,0.2053,38.58,97,92,320727
1.8084,0.2102,38.62,97,92,320730
1.7937,0.2102,38.74,97,92,320733
1.8280,0.2297,38.43,97,92,320736
1.7889,0.2102,38.58,97,92,320740
1.7889,0.2102,38.52,97,92,320743
1.7791,0.2102,38.62,97,92,320746
1.7840,0.2102,38.58,97,92,320750
1.8084,0.2199,38.52,97,92,320753
1.8035,0.2151,38.58,97,92,320756
1.8035,0.2102,38.46,97,92,320760
1.7791,0.2102,38.65,97,92,320763
1.8084,0.2053,38.62,97,92,320766
1.7889,0.2102,38.52,97,92,320770
1.7742,0.2102,38.62,97,92,320774
1.7937,0.2151,38.49,97,92,320777
1.7693,0.2102,38.62,97,92,320780
1.8133,0.2004,38.62,97,92,320784
1.8328,0.2151,38.55,97,92,320787
1.8524,0.2053,38.62,97,92,320790
1.9208,0.2151,38.40,97,92,320794
1.9648,0.2102,38.52,97,92,320797
2.0430,0.2102,38.62,97,92,320800
2.1994,0.2151,38.55,97,92,320804
2.3460,0.2102,38.81,97,92,320807
2.6197,0.2199,38.36,97,92,320811
2.8055,0.2004,38.55,97,92,320814
3.0352,0.2102,38.65,97,92,320818
3.2258,0.2102,38.58,97,92,320821
3.2649,0.2102,38.62,97,92,320824
3.2405,0.2102,38.36,97,92,320828
2.9130,0.2102,38.58,97,92,320831
2.5904,0.2248,38.58,97,92,320834
2.3069,0.2102,38.58,97,92,320838
2.0332,0.2102,38.71,97,92,320841
1.8573,0.2199,38.49,97,92,320844
1.6520,0.2151,38.58,97,92,320847
1.5054,0.2102,38.52,97,92,320851
1.4076,0.2199,38.62,97,92,320855
1.3636,0.1906,38.62,97,92,320858
1.3734,0.2199,38.52,97,92,320862
1.3636,0.2151,38.58,97,92,320865
1.3685,0.2151,38.46,97,92,320868
1.3636,0.2395,38.65,97,92,320872
1.3881,0.2102,38.62,97,92,320875
1.4027,0.2102,38.58,97,92,320878
1.4076,0.2151,38.62,97,92,320882
1.4565,0.2102,38.49,97,92,320885
1.4467,0.2102,37.87,97,92,320888
1.4809,0.2199,38.68,97,92,320891
1.5152,0.2151,38.52,97,92,320896
1.5200,0.2102,38.62,97,92,320899
1.5591,0.2151,38.40,97,92,320902
1.5543,0.2102,38.65,97,92,320906
1.5640,0.2102,38.77,97,92,320909
1.5787,0.2199,38.58,97,92,320912
1.5738,0.2102,38.68,97,92,320916
1.6276,0.2199,38.33,97,92,320919
1.6129,0.2151,38.55,97,92,320922
1.6080,0.2102,38.65,97,92,320926
1.6178,0.2395,38.58,97,92,320929
1.6422,0.2102,38.62,97,92,320932
1.6569,0.2297,38.40,97,92,320935
1.6129,0.2151,38.55,97,92,320940
1.6031,0.1906,38.55,97,92,320943
1.6129,0.2102,38.62,97,92,320946
1.6129,0.2102,38.62,97,92,320950
1.6569,0.2248,38.46,97,92,320953
1.6373,0.2151,38.58,97,92,320956
1.6569,0.2102,38.52,97,92,320960
1.6569,0.2102,38.62,97,92,320963
1.6618,0.2102,38.65,97,92,320966
1.6862,0.2199,38.55,97,92,320969
1.6618,0.2151,38.62,97,92,320973
1.6911,0.2102,38.49,97,92,320976
1.6813,0.2102,38.65,97,92,320979
1.6716,0.2102,38.62,97,92,320984
1.7009,0.2151,38.55,97,92,320987
1.6764,0.2102,38.65,97,92,320990
1.7107,0.2102,38.49,97,92,320994
1.6960,0.2053,38.52,97,92,320997
1.7107,0.2102,38.65,97,92,321000
1.7302,0.2199,38.52,97,92,321004
1.7204,0.2102,38.62,97,92,321007
1.7546,0.2151,38.49,97,92,321010
1.7498,0.2151,38.68,97,92,321013
1.7351,0.2102,38.74,97,92,321017
1.7595,0.2199,38.62,97,92,321020
1.7595,0.2004,38.62,97,92,321024
1.7986,0.2199,38.33,97,92,321028
1.7546,0.2004,38.55,97,92,321031
1.7595,0.2053,38.62,97,92,321034
1.7644,0.2151,38.68,97,92,321038
1.7693,0.2151,38.62,97,92,321041
1.8328,0.2297,38.43,97,92,321044
1.7937,0.2199,38.62,97,92,321048
1.7937,0.2102,38.55,97,92,321051
1.7840,0.2151,38.62,97,92,321054
1.7791,0.2102,38.65,97,92,321058
1.8133,0.2151,38.43,97,92,321061
1.7986,0.2102,38.58,97,92,321064
1.8231,0.2102,38.65,97,92,321068
1.7986,0.2151,38.62,97,92,321072
1.7986,0.2102,38.62,97,92,321075
1.8182,0.2053,38.55,97,92,321078
1.8182,0.2102,38.62,97,92,321082
1.8475,0.2151,38.55,97,92,321085
1.8182,0.2151,38.62,97,92,321088
1.8328,0.2053,38.62,97,92,321092
1.8622,0.2444,38.55,97,92,321095
1.9062,0.2151,38.62,97,92,321098
1.9062,0.2151,38.43,97,92,321102
1.8964,0.2102,38.62,97,92,321105
1.8915,0.2102,38.68,97,92,321108
1.9110,0.2688,38.52,97,92,321112
1.8866,0.2151,38.62,97,92,321116
1.9355,0.2199,38.36,97,92,321119
1.9013,0.2151,38.52,97,92,321122
1.8866,0.2102,38.65,97,92,321126
1.8915,0.2151,38.58,97,92,321129
1.8817,0.2102,38.65,97,92,321132
1.9208,0.2297,38.40,97,92,321136
1.8671,0.2199,38.55,97,92,321139
1.8377,0.2053,38.52,97,92,321142
1.8231,0.2151,38.62,97,92,321146
1.8182,0.2102,38.65,97,92,321149
1.8475,0.2248,38.46,97,92,321153
1.8182,0.2102,38.58,97,92,321156
1.8328,0.2102,38.52,97,92,321160
1.8182,0.2151,38.62,97,92,321163
1.8231,0.2102,38.68,97,92,321166
1.8377,0.2151,38.55,97,92,321170
1.8182,0.2151,38.62,97,92,321173
1.8280,0.2199,38.46,97,92,321176
1.7986,0.2151,38.68,97,92,321180
1.8182,0.2102,38.62,97,92,321183
1.8426,0.2248,38.49,97,92,321186
1.8035,0.2102,38.58,97,92,321190
1.8133,0.2102,38.43,97,92,321193
1.7742,0.2102,38.52,97,92,321197
1.7742,0.2102,38.65,97,92,321201
1.8084,0.2199,38.52,97,92,321204
1.7693,0.2102,38.62,97,92,321207
1.8133,0.2248,38.46,97,92,321210
1.7889,0.2151,38.58,97,92,321214
1.7889,0.2102,38.74,97,92,321217
1.8035,0.2102,38.58,97,92,321220
1.7889,0.2102,38.62,97,92,321224
1.8524,0.2248,38.40,97,92,321227
1.8231,0.2151,38.52,97,92,321230
1.8035,0.2053,38.55,97,92,321234
1.8133,0.2102,38.58,97,92,321238
1.8231,0.2151,38.68,97,92,321243
1.8231,0.1906,38.68,97,92,321246
1.8524,0.2199,38.46,97,92,321249
1.8328,0.2102,38.62,97,92,321253
1.8573,0.2151,38.49,97,92,321256
1.8328,0.2053,38.58,97,92,321259
1.8377,0.2102,38.65,97,92,321262
1.8622,0.2297,38.52,97,92,321266
1.8524,0.2102,38.65,97,92,321269
1.8915,0.2151,38.40,97,92,321272
1.8622,0.2151,38.58,97,92,321276
1.8622,0.2102,38.62,97,92,321280
1.8964,0.2199,38.58,97,92,321283
1.8964,0.2199,38.68,97,92,321287
1.9599,0.2199,38.36,97,92,321290
1.9355,0.2053,38.58,97,92,321293
1.9550,0.2102,38.65,97,92,321297
1.9599,0.2151,38.52,97,92,321300
1.9453,0.2102,38.62,97,92,321303
1.9795,0.2297,38.43,97,92,321306
1.9208,0.2248,38.55,97,92,321310
1.8768,0.2053,38.58,97,92,321313
1.8573,0.2102,38.65,97,92,321316
1.8328,0.2004,38.62,97,92,321320
1.8573,0.2199,38.43,97,92,321324
1.8133,0.2151,38.62,97,92,321327
1.8084,0.2102,38.49,97,92,321331
1.7937,0.2102,38.68,97,92,321334
1.7840,0.2151,38.62,97,92,321337
1.7986,0.2199,38.55,97,92,321341
1.7742,0.2102,38.62,97,92,321344
1.7937,0.2199,38.49,97,92,321347
1.7546,0.2102,38.62,97,92,321350
1.7498,0.2053,38.62,97,92,321354
1.7595,0.1906,38.55,97,92,321357
1.7449,0.2102,38.58,97,92,321360
1.7595,0.2151,38.46,97,92,321364
1.7253,0.2102,38.62,97,92,321368
1.7400,0.2151,38.68,97,92,321371
1.7644,0.2199,38.52,97,92,321375
1.7546,0.2199,38.62,97,92,321378
1.7986,0.1906,38.36,97,92,321381
1.7791,0.2151,38.49,97,92,321385
1.7742,0.2151,38.62,97,92,321388
1.7840,0.2199,38.55,97,92,321391
1.7889,0.2151,38.62,97,92,321395
1.8524,0.2199,38.46,97,92,321398
1.8524,0.2151,38.52,97,92,321401
1.8817,0.2053,38.62,97,92,321404
1.9453,0.2102,38.58,97,92,321409
2.0479,0.2102,38.62,97,92,321412
2.2776,0.2297,38.43,97,92,321415
2.4487,0.2151,38.52,97,92,321419
2.6882,0.2248,38.55,97,92,321422
2.9326,0.1906,38.62,97,92,321425
3.1769,0.2199,38.62,97,92,321429
3.3822,0.2102,38.52,97,92,321432
3.3333,0.2102,38.68,97,92,321435
3.1476,0.2102,38.55,97,92,321439
2.7810,0.2102,38.71,97,92,321442
2.4438,0.2102,38.65,97,92,321445
2.1994,0.2248,38.46,97,92,321448
1.9208,0.2102,38.62,97,92,321453
1.7595,0.2053,38.49,97,92,321456
1.5885,0.2053,38.58,97,92,321459
1.4761,0.2102,38.62,97,92,321463
1.3978,0.2151,38.52,97,92,321466
1.3392,0.2102,38.62,97,92,321469
1.3343,0.2151,38.40,97,92,321473
1.3099,0.2102,38.62,97,92,321476
1.3441,0.2102,38.68,97,92,321479
1.3930,0.2444,38.55,97,92,321483
1.3978,0.1906,38.62,97,92,321486
1.4516,0.2199,38.36,97,92,321489
1.4565,0.2102,38.58,97,92,321492
1.4418,0.2102,38.65,97,92,321497
1.4663,0.2199,38.62,97,92,321500
1.4858,0.2102,38.65,97,92,321503
1.5494,0.2493,38.36,97,92,321507
1.5445,0.2151,38.55,97,92,321510
1.5591,0.2053,38.55,97,92,321513
1.5689,0.2151,38.62,97,92,321517
1.5836,0.2102,38.65,97,92,321520
1.6276,0.2248,38.43,97,92,321523
1.6080,0.2151,38.68,97,92,321527
1.6178,0.2102,38.49,97,92,321530
1.5982,0.2102,38.62,97,92,321533
1.6129,0.2102,38.62,97,92,321537
1.6422,0.2297,38.49,97,92,321541
1.6227,0.2102,38.58,97,92,321544
1.6422,0.2151,38.49,97,92,321547
1.6325,0.2444,38.65,97,92,321551
1.6520,0.2102,38.65,97,92,321554
1.6764,0.2102,38.55,97,92,321557
1.6716,0.2151,38.62,97,92,321561
1.6764,0.2102,38.46,97,92,321564
1.6667,0.2004,38.62,97,92,321567
1.6618,0.2102,38.62,97,92,321571
1.6960,0.2151,38.55,97,92,321574
1.6911,0.1906,38.62,97,92,321577
1.7302,0.2151,38.36,97,92,321581
1.7058,0.2151,38.52,97,92,321585
1.6862,0.2004,38.62,97,92,321588
1.6764,0.2151,38.55,97,92,321591
1.6618,0.2102,38.62,97,92,321595
1.7058,0.2199,38.33,97,92,321598
1.6813,0.2199,38.49,97,92,321601
1.6911,0.2053,38.62,97,92,321605
1.7155,0.2102,38.65,97,92,321608
1.7253,0.2395,38.62,97,92,321611
1.7791,0.2297,38.46,97,92,321615
1.7400,0.2151,38.55,97,92,321618
1.7351,0.2151,38.52,97,92,321622
1.7351,0.2102,38.65,97,92,321625
1.7400,0.2151,38.62,97,92,321629
1.7693,0.2199,38.55,97,92,321632
1.7449,0.2102,38.77,97,92,321635
1.7742,0.2151,38.49,97,92,321639
1.7693,0.2102,38.65,97,92,321642
1.7644,0.2053,38.62,97,92,321645
1.7889,0.2248,38.49,97,92,321649
1.7595,0.2248,38.58,97,92,321652
1.8182,0.2102,38.49,97,92,321655
1.7546,0.2102,38.68,97,92,321659
1.7693,0.2346,38.62,97,92,321662
1.7937,0.2151,38.49,97,92,321666
1.7840,0.2151,38.62,97,92,321670
1.8133,0.2102,38.40,97,92,321673
1.7791,0.2102,38.62,97,92,321676
1.7840,0.2248,38.65,97,92,321679
1.8280,0.2151,38.58,97,92,321683
1.8328,0.2102,38.62,97,92,321686
1.9013,0.2199,38.55,97,92,321689
1.8719,0.2102,38.58,97,92,321693
1.8866,0.2102,38.15,97,92,321696
1.8964,0.2102,38.58,97,92,321699
1.8866,0.2102,38.62,97,92,321703
1.9453,0.2297,38.40,97,92,321707
1.9208,0.2199,38.55,97,92,321710
1.9453,0.2151,38.58,97,92,321713
1.9257,0.2493,38.62,97,92,321717
1.9159,0.1906,38.62,97,92,321720
1.9648,0.2199,38.40,97,92,321723
1.9501,0.2199,38.55,97,92,321727
1.9599,0.1906,38.46,97,92,321730
1.9306,0.2102,38.49,97,92,321733
1.9062,0.2248,38.62,97,92,321737
1.9013,0.2199,38.55,97,92,321740
1.8817,0.2102,38.71,97,92,321743
1.8964,0.2248,38.46,97,92,321747
1.8671,0.2102,38.62,97,92,321751
1.8622,0.2102,38.65,97,92,321754
1.8671,0.2151,38.49,97,92,321757
1.8426,0.2102,38.62,97,92,321761
1.8768,0.2102,38.46,97,92,321764
1.8671,0.2102,38.62,97,92,321767
1.8671,0.2102,38.65,97,92,321771
1.8817,0.2199,38.52,97,92,321774
1.8524,0.2102,38.81,97,92,321777
1.8719,0.2493,38.43,97,92,321781
1.8524,0.2151,38.55,97,92,321784
1.8280,0.2053,38.62,97,92,321787
1.8426,0.2151,38.58,97,92,321792
1.8280,0.2102,38.52,97,92,321795
1.8719,0.2395,38.33,97,92,321798
1.8328,0.2102,38.52,97,92,321801
1.8280,0.2053,38.81,97,92,321805
1.8231,0.2102,38.58,97,92,321808
1.8133,0.1906,38.62,97,92,321811
1.8622,0.2297,38.40,97,92,321815
1.8426,0.2102,38.55,97,92,321818
1.8231,0.2102,38.55,97,92,321821
1.8182,0.2395,38.62,97,92,321825
1.8182,0.2102,38.62,97,92,321828
1.8524,0.2297,38.52,97,92,321831
1.8377,0.2102,38.62,97,92,321836
1.8426,0.2102,38.49,97,92,321839
1.8231,0.2151,38.62,97,92,321842
1.8231,0.2199,38.74,97,92,321846
1.8671,0.2248,38.49,97,92,321849
1.8964,0.2102,38.52,97,92,321854
1.8671,0.1906,38.62,97,92,321857
1.9062,0.2151,38.40,97,92,321860
1.8866,0.2151,38.55,97,92,321863
1.8768,0.2102,38.62,97,92,321867
1.9013,0.2151,38.58,97,92,321870
1.8915,0.2102,38.62,97,92,321873
1.9453,0.2346,38.36,97,92,321878
1.8915,0.2102,38.52,97,92,321881
1.8964,0.2151,38.58,97,92,321884
1.9062,0.2151,38.62,97,92,321888
1.9062,0.2199,38.62,97,92,321891
1.9746,0.2248,38.46,97,92,321894
1.9599,0.2151,38.65,97,92,321898
1.9746,0.2444,38.55,97,92,321901
1.9697,0.2102,38.65,97,92,321904
1.9697,0.2151,38.62,97,92,321908
1.9941,0.2199,38.46,97,92,321911
1.9599,0.2199,38.62,97,92,321914
1.9550,0.2102,38.49,97,92,321917
1.8915,0.2102,38.65,97,92,321922
1.8671,0.2102,38.62,97,92,321925
1.8768,0.2102,38.49,97,92,321928
1.8426,0.2102,38.62,97,92,321932
1.8622,0.2151,38.49,97,92,321935
1.8231,0.2053,38.58,97,92,321938
1.8133,0.2102,38.62,97,92,321942
1.8133,0.2248,38.49,97,92,321945
1.7840,0.2102,38.62,97,92,321948
1.8084,0.2151,38.46,97,92,321951
1.7791,0.2102,38.65,97,92,321955
1.7595,0.2102,38.71,97,92,321958
1.7595,0.2493,38.58,97,92,321961
1.7253,0.2102,38.62,97,92,321966
1.7644,0.2199,38.36,97,92,321969
1.7302,0.2102,38.55,97,92,321972
1.7253,0.2102,38.62,97,92,321976
1.7302,0.2102,38.62,97,92,321979
1.7302,0.2102,38.62,97,92,321982
1.7840,0.2297,38.43,97,92,321986
1.7644,0.2102,38.52,97,92,321989
1.7400,0.2053,38.55,97,92,321992
1.7351,0.2102,38.62,97,92,321995
1.7449,0.2199,38.62,97,92,321999
1.8182,0.2102,38.46,97,92,322002
1.8035,0.2151,38.55,97,92,322006
1.8426,0.2151,38.49,97,92,322010
1.8719,0.2102,38.62,97,92,322013
1.9404,0.2102,38.68,97,92,322016
2.0577,0.2199,38.58,97,92,322020
2.1896,0.2102,38.65,97,92,322023
2.3949,0.2151,38.49,97,92,322026
2.5904,0.2102,38.62,97,92,322030
2.8397,0.2102,38.84,97,92,322033
3.1378,0.2248,38.49,97,92,322036
3.2845,0.2102,38.65,97,92,322039
3.3675,0.2102,38.46,97,92,322043
3.1916,0.2102,38.58,97,92,322046
2.9032,0.2102,38.74,97,92,322050
2.5953,0.2102,38.52,97,92,322054
2.2678,0.2102,38.68,97,92,322057
2.0381,0.2151,38.40,97,92,322060
1.7889,0.2151,38.52,97,92,322064
1.6080,0.2151,38.65,97,92,322067
1.4907,0.2151,38.58,97,92,322070
1.4027,0.2102,38.58,97,92,322074
1.3930,0.2248,38.36,97,92,322077
1.3441,0.2102,38.65,97,92,322080
1.3392,0.2053,38.62,97,92,322083
1.3636,0.2151,38.58,97,92,322087
1.3783,0.2199,38.58,97,92,322091
1.4565,0.2297,38.43,97,92,322094
1.4418,0.2151,38.46,97,92,322098
1.4614,0.2151,38.52,97,92,322101
1.4712,0.2102,38.58,97,92,322104
1.5152,0.2102,38.68,97,92,322108
1.5445,0.2199,38.43,97,92,322111
1.5445,0.2151,38.58,97,92,322114
1.5738,0.2102,38.49,97,92,322118
1.5591,0.2102,38.62,97,92,322121
1.5836,0.2151,38.71,97,92,322124
1.6178,0.2199,38.46,97,92,322127
1.6080,0.2199,38.62,97,92,322131
1.6618,0.2151,38.49,97,92,322135
1.6227,0.2053,38.65,97,92,322138
1.6325,0.2004,38.62,97,92,322142
1.6569,0.2151,38.52,97,92,322145
1.6520,0.2102,38.62,97,92,322148
1.6813,0.2151,38.43,97,92,322152
1.6569,0.2102,38.55,97,92,322155
1.6911,0.2053,38.68,97,92,322158
1.6862,0.2151,38.62,97,92,322162
1.6911,0.2004,38.62,97,92,322165
1.7351,0.2199,38.36,97,92,322168
1.7107,0.2151,38.52,97,92,322171
1.7009,0.2004,38.65,97,92,322176
1.7204,0.2151,38.58,97,92,322179
1.7302,0.2102,38.62,97,92,322182
1.7889,0.2297,38.43,97,92,322186
1.7498,0.2151,38.55,97,92,322189
1.7400,0.2151,38.55,97,92,322192
1.7498,0.2151,38.62,97,92,322196
1.7400,0.2102,38.65,97,92,322199
1.7840,0.2444,38.46,97,92,322202
1.7546,0.2151,38.58,97,92,322206
1.7644,0.2151,38.49,97,92,322209
1.7449,0.2102,38.65,97,92,322212
1.7546,0.2346,38.62,97,92,322216
1.7693,0.2199,38.62,97,92,322220
1.7595,0.2102,38.71,97,92,322223
1.7840,0.2199,38.49,97,92,322226
1.7595,0.2102,38.71,97,92,322230
1.7644,0.2053,38.62,97,92,322233
1.7889,0.2199,38.52,97,92,322236
1.7644,0.2102,38.58,97,92,322240
1.7889,0.2199,38.43,97,92,322243
1.7742,0.2102,38.52,97,92,322246
1.7791,0.2102,38.65,97,92,322250
1.8035,0.2199,38.55,97,92,322253
1.7840,0.2102,38.71,97,92,322256
1.8231,0.2493,38.36,97,92,322260
1.7986,0.2151,38.55,97,92,322264
1.7937,0.2102,38.68,97,92,322267
1.8280,0.2151,38.62,97,92,322270
1.8035,0.2102,38.71,97,92,322274
1.8524,0.2151,38.30,97,92,322277
1.8133,0.2102,38.55,97,92,322280
1.8133,0.2053,38.58,97,92,322284
1.8182,0.2151,38.58,97,92,322287
1.8328,0.2102,38.62,97,92,322290
1.8915,0.2199,38.46,97,92,322294
1.8671,0.2102,38.58,97,92,322297
1.8817,0.2053,38.52,97,92,322300
1.8817,0.2151,38.62,97,92,322305
1.8915,0.2102,38.58,97,92,322308
1.9355,0.2151,38.43,97,92,322311
1.9159,0.2248,38.62,97,92,322315
1.9404,0.2151,38.49,97,92,322318
1.9208,0.2102,38.65,97,92,322321
1.9257,0.2102,38.71,97,92,322324
1.9550,0.2151,38.49,97,92,322328
1.9404,0.2102,38.62,97,92,322331
1.9648,0.2102,38.84,97,92,322334
1.9355,0.2102,38.58,97,92,322338
1.9306,0.1906,38.62,97,92,322341
1.9453,0.2102,38.62,97,92,322344
1.9306,0.2248,38.62,97,92,322349
1.9648,0.2102,38.43,97,92,322352
1.9208,0.2102,38.62,97,92,322355
1.9453,0.2053,38.62,97,92,322358
1.9404,0.2151,38.65,97,92,322362
1.9159,0.2004,38.65,97,92,322365
1.9550,0.2199,38.36,97,92,322368
1.9208,0.2102,38.52,97,92,322372
1.9013,0.2102,38.65,97,92,322375
1.9110,0.2102,38.68,97,92,322378
1.9013,0.2248,38.62,97,92,322382
1.9550,0.2297,38.40,97,92,322385
1.9062,0.2151,38.55,97,92,322388
1.8964,0.2004,38.55,97,92,322393
1.8866,0.2102,38.62,97,92,322396
1.8817,0.2053,38.65,97,92,322399
1.9599,0.2199,38.46,97,92,322402
1.8915,0.2102,38.58,97,92,322406
1.8964,0.2102,38.52,97,92,322409
1.8768,0.2102,38.62,97,92,322412
1.8817,0.2053,38.71,97,92,322416
1.9013,0.2248,38.58,97,92,322419
1.8866,0.2102,38.58,97,92,322422
1.8964,0.2151,38.49,97,92,322426
1.8719,0.2102,38.62,97,92,322429
1.8768,0.2053,38.65,97,92,322433
1.9110,0.2248,38.55,97,92,322437
1.8915,0.2151,38.68,97,92,322440
1.9159,0.2199,38.55,97,92,322443
1.9013,0.2053,38.55,97,92,322446
1.9013,0.2053,38.68,97,92,322450
1.9257,0.2102,38.52,97,92,322453
1.9062,0.2102,38.68,97,92,322456
1.9453,0.2151,38.33,97,92,322460
1.9892,0.2493,38.40,96,92,322464
1.9453,0.2102,38.55,96,92,322468
1.9550,0.2053,38.65,96,92,322471
1.9599,0.2102,38.65,96,92,322475
1.9599,0.2053,38.68,96,92,322479
2.0137,0.2199,38.49,96,92,322482
1.9941,0.2102,38.58,96,92,322485
2.0039,0.2004,38.49,96,92,322489
1.9941,0.2102,38.62,96,92,322492
1.9990,0.2102,38.65,96,92,322495
2.0430,0.2248,38.46,96,92,322498
2.0186,0.2102,38.65,96,92,322502
2.0430,0.2102,38.52,96,92,322505
2.0283,0.2102,38.65,96,92,322508
2.0430,0.2151,38.65,96,92,322512
2.0870,0.2102,38.52,96,92,322515
2.0626,0.2102,38.65,96,92,322519
2.0919,0.2102,38.46,96,92,322522
2.0528,0.2053,38.62,96,92,322526
2.0479,0.1906,38.62,96,92,322529
2.0430,0.2102,38.52,96,92,322532
1.9990,0.2102,38.62,96,92,322536
1.9941,0.2151,38.40,96,92,322539
1.9404,0.2004,38.62,96,92,322542
1.9306,0.2053,38.46,96,92,322546
1.9404,0.2199,38.55,96,92,322549
1.9159,0.2102,38.65,96,92,322552
1.9550,0.2151,38.52,96,92,322555
1.9208,0.2151,38.55,96,92,322560
1.9013,0.1906,38.65,96,92,322563
1.9062,0.2102,38.55,96,92,322566
1.8817,0.2102,38.62,96,92,322570
1.9208,0.2199,38.33,96,92,322573
1.8719,0.1955,38.49,96,92,322576
1.8573,0.2004,38.58,96,92,322580
1.8622,0.2102,38.62,96,92,322583
1.8524,0.2053,38.65,96,92,322586
1.9013,0.2248,38.49,96,92,322590
1.8573,0.2102,38.62,96,92,322593
1.8573,0.2053,38.52,96,92,322596
1.8524,0.2053,38.62,96,92,322599
1.8524,0.2053,38.65,96,92,322604
1.8915,0.2102,38.52,96,92,322607
1.8768,0.2102,38.65,96,92,322610
1.9013,0.2102,38.46,96,92,322614
1.8866,0.2102,38.62,96,92,322617
1.9062,0.2053,38.62,96,92,322620
1.9697,0.2151,38.46,96,92,322624
1.9892,0.2102,38.62,96,92,322627
2.0870,0.2004,38.49,96,92,322630
2.1359,0.2004,38.55,96,92,322634
2.2630,0.2053,38.74,96,92,322637
2.4536,0.2151,38.46,96,92,322640
2.6393,0.2053,38.62,96,92,322643
2.9228,0.2102,38.40,96,92,322648
3.1281,0.2151,38.55,96,92,322651
3.3138,0.1906,38.62,96,92,322654
3.4164,0.2102,38.55,96,92,322658
3.2893,0.2151,38.62,96,92,322661
3.1183,0.2102,38.33,96,92,322664
2.7370,0.2053,38.55,96,92,322668
2.4438,0.2053,38.65,96,92,322671
2.1896,0.2102,38.62,96,92,322674
1.9599,0.2053,38.62,96,92,322677
1.8475,0.2248,38.36,96,92,322681
1.6813,0.2102,38.58,96,92,322684
1.5787,0.2248,38.58,96,92,322688
1.5249,0.2102,38.62,96,92,322692
1.4858,0.1955,38.62,96,92,322695
1.4956,0.2151,38.46,96,92,322698
1.4712,0.2151,38.58,96,92,322702
1.4858,0.2053,38.49,96,92,322705
1.4907,0.2053,38.58,96,92,322708
1.5103,0.2053,38.65,96,92,322712
1.5494,0.2151,38.46,96,92,322715
1.5445,0.2053,38.71,96,92,322718
1.5787,0.2102,38.49,96,92,322721
1.5738,0.2004,38.65,96,92,322725
1.6031,0.2053,38.65,96,92,322728
1.6325,0.2053,38.52,96,92,322732
1.6471,0.2053,38.65,96,92,322736
1.6764,0.2053,38.49,96,92,322739
1.6618,0.2199,38.62,96,92,322742
1.6764,0.1906,38.65,96,92,322746
1.6960,0.2102,38.58,96,92,322749
1.6764,0.2151,38.68,96,92,322752
1.7155,0.2053,38.40,96,92,322756
1.6960,0.2102,38.52,96,92,322759
1.6862,0.2053,38.62,96,92,322762
1.7155,0.2151,38.55,96,92,322765
1.7009,0.2395,38.65,96,92,322769
1.7840,0.2199,38.36,96,92,322772
1.7253,0.2053,38.65,96,92,322776
1.7253,0.2102,38.62,96,92,322780
1.7400,0.2053,38.58,96,92,322783
1.7400,0.2053,38.62,96,92,322786
1.7937,0.2248,38.33,96,92,322790
1.7644,0.2102,38.55,96,92,322793
1.7595,0.2004,38.58,96,92,322796
1.7595,0.2053,38.52,96,92,322799
1.7595,0.2004,38.65,96,92,322803
1.8035,0.2199,38.55,96,92,322806
1.7742,0.2102,38.58,96,92,322809
1.7742,0.2004,38.55,96,92,322813
1.7693,0.2004,38.62,96,92,322817
1.7693,0.1955,38.62,96,92,322820
1.8035,0.2102,38.43,96,92,322824
1.7889,0.2151,38.62,96,92,322827
1.8133,0.1906,38.49,96,92,322830
1.7840,0.2053,38.65,96,92,322834
1.7889,0.2102,38.58,96,92,322837
1.8133,0.2102,38.49,96,92,322840
1.7986,0.2004,38.62,96,92,322843
1.8280,0.2053,38.46,96,92,322847
1.8328,0.2004,38.58,96,92,322850
1.8084,0.2004,38.74,96,92,322853
1.8328,0.2053,37.74,96,92,322857
1.8231,0.2199,38.65,96,92,322861
1.8671,0.2004,38.40,96,92,322864
1.8280,0.2004,38.65,96,92,322868
1.8328,0.2053,38.62,96,92,322871
1.8475,0.2151,38.58,96,92,322874
1.8475,0.2053,38.74,96,92,322877
1.9208,0.2199,38.40,96,92,322881
1.8768,0.2053,38.55,96,92,322884
1.8622,0.2004,38.65,96,92,322887
1.8964,0.2151,38.62,96,92,322891
1.8622,0.2004,38.62,96,92,322894
1.9208,0.2199,38.36,96,92,322897
1.8866,0.2102,38.52,96,92,322902
1.8817,0.1955,38.65,96,92,322905
1.8915,0.2248,38.68,96,92,322908
1.9013,0.2004,38.62,96,92,322912
1.9453,0.2102,38.46,96,92,322915
1.9208,0.1955,38.68,96,92,322918
1.9453,0.2004,38.49,96,92,322921
1.9257,0.2004,38.62,96,92,322925
1.9306,0.2297,38.62,96,92,322928
1.9648,0.1906,38.58,96,92,322931
1.9501,0.2053,38.58,96,92,322935
1.9746,0.2053,38.46,96,92,322938
1.9453,0.2053,38.62,96,92,322941
1.9501,0.2004,38.58,96,92,322946
1.9844,0.2199,38.52,96,92,322949
1.9550,0.2004,38.65,96,92,322952
1.9795,0.2004,38.62,96,92,322955
1.9501,0.2004,38.55,96,92,322959
1.9501,0.2297,38.62,96,92,322962
1.9648,0.2053,38.71,96,92,322965
1.9355,0.2297,38.62,96,92,322969
1.9697,0.2053,38.36,96,92,322972
1.9355,0.2004,38.68,96,92,322975
1.9306,0.2004,38.62,96,92,322979
1.9404,0.2004,38.55,96,92,322982
1.9306,0.1906,38.65,96,92,322985
1.9746,0.2102,38.43,96,92,322989
1.9355,0.2004,38.55,96,92,322993
1.9208,0.2004,38.65,96,92,322996
1.9257,0.2053,38.65,96,92,322999
1.9013,0.2004,38.68,96,92,323003
1.9648,0.2199,38.36,96,92,323006
1.9306,0.2053,38.52,96,92,323009
1.9159,0.1906,38.58,96,92,323013
1.9110,0.2004,38.65,96,92,323016
1.9110,0.2053,38.65,96,92,323019
1.9501,0.2053,38.43,96,92,323022
1.9159,0.2053,38.71,96,92,323026
1.9062,0.2004,38.52,96,92,323030
1.8964,0.2004,38.65,96,92,323033
1.8768,0.1955,38.62,96,92,323037
1.8964,0.2444,38.43,96,92,323040
1.8719,0.1955,38.62,96,92,323043
1.9013,0.2004,38.49,96,92,323047
1.8817,0.2004,38.65,96,92,323050
1.9159,0.2004,38.65,96,92,323053
1.9013,0.2004,38.55,96,92,323057
1.8964,0.2004,38.65,96,92,323060
1.9306,0.1955,38.49,96,92,323063
1.9013,0.2004,38.62,96,92,323066
1.9110,0.2004,38.58,96,92,323070
1.9355,0.2151,38.49,96,92,323074
1.9355,0.1906,38.58,96,92,323079
1.9306,0.2004,38.68,96,92,323082
1.9892,0.2102,38.43,96,92,323085
1.9599,0.2004,38.52,96,92,323089
1.9501,0.1906,38.58,96,92,323092
1.9550,0.2053,38.65,96,92,323095
1.9501,0.1906,38.68,96,92,323099
2.0137,0.2102,38.49,96,92,323102
1.9795,0.2053,38.58,96,92,323105
1.9844,0.1955,38.49,96,92,323108
1.9844,0.2004,38.68,96,92,323112
1.9941,0.2004,38.40,96,92,323116
2.0381,0.2199,38.52,96,92,323119
2.0283,0.2004,38.58,96,92,323123
2.0430,0.2004,38.49,96,92,323126
2.0381,0.2004,38.84,96,92,323129
2.0528,0.2004,38.62,96,92,323133
2.0919,0.2102,38.46,96,92,323136
2.0577,0.2004,38.68,96,92,323139
2.0723,0.2053,38.49,96,92,323142
2.0235,0.1906,38.68,96,92,323146
2.0088,0.2004,38.62,96,92,323149
2.0039,0.2053,38.49,96,92,323152
1.9599,0.2004,38.81,96,92,323156
1.9697,0.2102,38.46,96,92,323160
1.9257,0.1906,38.58,96,92,323163
1.9208,0.1955,38.68,96,92,323167
1.9257,0.1955,38.52,96,92,323170
1.8915,0.2004,38.62,96,92,323173
1.9208,0.2004,38.40,96,92,323176
1.8719,0.2004,38.58,96,92,323180
1.8622,0.1955,38.62,96,92,323183
1.8622,0.2053,38.65,96,92,323186
1.8328,0.2004,38.62,96,92,323190
1.8671,0.2151,38.36,96,92,323193
1.8328,0.2053,38.52,96,92,323196
1.8084,0.1955,38.68,96,92,323201
1.8084,0.2004,38.68,96,92,323204
1.7986,0.1955,38.62,96,92,323207
1.8524,0.2248,38.36,96,92,323210
1.8231,0.2102,38.55,96,92,323214
1.8133,0.1955,38.55,96,92,323217
1.8133,0.2004,38.62,96,92,323220
1.8035,0.1955,38.65,96,92,323224
1.8377,0.2248,38.46,96,92,323227
1.8231,0.2004,38.58,96,92,323230
1.8426,0.2004,38.49,96,92,323234
1.8475,0.2004,38.62,96,92,323237
1.8817,0.2004,38.62,96,92,323240
1.9404,0.2053,38.55,96,92,323245
1.9892,0.2004,38.65,96,92,323248
2.0870,0.2053,38.52,96,92,323251
2.1799,0.1906,38.62,96,92,323254
2.3363,0.1955,38.62,96,92,323258
2.5806,0.2102,38.55,96,92,323261
2.7859,0.2004,38.62,96,92,323264
3.0645,0.1955,38.49,96,92,323268
3.2209,0.1955,38.55,96,92,323271
3.2942,0.1955,38.62,96,92,323274
3.2502,0.2004,38.43,96,92,323278
2.9765,0.2004,38.58,96,92,323281
2.7175,0.2102,38.40,96,92,323284
2.3851,0.1906,38.52,96,92,323288
2.1114,0.1955,38.62,96,92,323292
1.9110,0.2102,38.55,96,92,323295
1.7498,0.1955,38.62,96,92,323298
1.6227,0.2053,38.46,96,92,323302
1.4858,0.1955,38.55,96,92,323305
1.4370,0.1955,38.65,96,92,323308
1.4076,0.2053,38.58,96,92,323312
1.3881,0.2004,38.68,96,92,323315
1.4223,0.2199,37.80,96,92,323318
1.4027,0.2004,38.58,96,92,323321
1.4125,0.2053,38.62,96,92,323325
1.4370,0.2004,38.58,96,92,323329
1.4516,0.1955,38.74,96,92,323332
1.5152,0.1955,38.43,96,92,323336
1.5054,0.2004,38.58,96,92,323339
1.5103,0.2004,38.81,96,92,323342
1.4956,0.2248,38.62,96,92,323346
1.5103,0.1906,38.62,96,92,323349
1.5347,0.2053,38.43,96,92,323352
1.5347,0.1955,38.68,96,92,323355
1.5640,0.1906,38.49,96,92,323359
1.5591,0.2004,38.58,96,92,323362
1.5934,0.1955,38.68,96,92,323365
1.5836,0.2004,38.55,96,92,323369
1.5836,0.2004,38.62,96,92,323373
1.6276,0.2004,38.52,96,92,323376
1.6080,0.1906,38.62,96,92,323380
1.6227,0.1955,38.62,96,92,323383
1.6471,0.2053,38.52,96,92,323386
1.6373,0.2004,38.65,96,92,323390
1.6667,0.2004,37.68,96,92,323393
1.6520,0.2004,38.55,96,92,323396
1.6569,0.1955,38.62,96,92,323399
1.6960,0.2102,38.49,96,92,323403
1.6862,0.2004,38.62,96,92,323406
1.7351,0.2151,38.36,96,92,323409
1.7107,0.1955,38.55,96,92,323414
1.6960,0.1906,38.62,96,92,323417
1.7009,0.1955,38.58,96,92,323420
1.6911,0.1906,38.62,96,92,323424
1.7351,0.2102,38.40,96,92,323427
1.7009,0.1906,38.55,96,92,323430
1.7009,0.1955,38.58,96,92,323433
1.7155,0.2004,38.58,96,92,323437
1.7253,0.1955,38.68,96,92,323440
1.7840,0.2102,38.68,96,92,323443
1.7546,0.2297,38.62,96,92,323447
1.7595,0.2004,38.49,96,92,323450
1.7595,0.2004,38.65,96,92,323453
1.7595,0.1955,38.65,96,92,323458
1.7986,0.1906,38.46,96,92,323461
1.7840,0.2004,38.71,96,92,323464
1.8035,0.2053,38.58,96,92,323467
1.7889,0.2053,38.62,96,92,323471
1.8084,0.1955,38.65,96,92,323474
1.8377,0.2102,38.52,96,92,323477
1.8133,0.2053,38.62,96,92,323481
1.8377,0.2053,38.49,96,92,323484
1.7937,0.1955,38.84,96,92,323487
1.7840,0.1955,38.68,96,92,323491
1.7889,0.2004,38.52,96,92,323494
1.7742,0.1955,38.58,96,92,323497
1.7937,0.2004,38.40,96,92,323501
1.7742,0.1955,38.62,96,92,323505
1.7937,0.1955,38.62,96,92,323508
1.8280,0.2102,38.58,96,92,323511
1.8231,0.1955,38.65,96,92,323515
1.8671,0.2053,38.33,96,92,323518
1.8475,0.2004,38.58,96,92,323521
1.8426,0.1906,38.65,96,92,323525
1.8671,0.2053,38.58,96,92,323528
1.9062,0.1955,38.62,96,92,323531
1.9355,0.2102,38.33,96,92,323535
1.8915,0.2004,38.49,96,92,323538
1.8768,0.1955,38.58,96,92,323542
1.8768,0.2004,38.46,96,92,323545
1.8768,0.1955,38.62,96,92,323549
1.9453,0.2102,38.46,96,92,323552
1.9062,0.2004,38.55,96,92,323555
1.9013,0.2053,38.52,96,92,323559
1.8915,0.2004,38.62,96,92,323562
1.8866,0.1955,38.65,96,92,323565
1.9453,0.2053,38.52,96,92,323569
1.8964,0.2004,38.58,96,92,323572
1.9159,0.2004,38.52,96,92,323575
1.8964,0.1906,38.62,96,92,323579
1.9013,0.1955,38.40,96,92,323582
1.9208,0.2346,38.52,96,92,323586
1.8768,0.2004,38.58,96,92,323589
1.8964,0.2053,37.71,96,92,323593
1.8573,0.2248,38.62,96,92,323596
1.8475,0.1906,38.62,96,92,323599
1.8719,0.2297,38.46,96,92,323603
1.8573,0.1955,38.62,96,92,323606
1.8866,0.2004,38.43,96,92,323609
1.8524,0.1955,38.52,96,92,323613
1.8426,0.2004,38.65,96,92,323616
1.8524,0.2053,38.55,96,92,323619
1.8328,0.2004,38.65,96,92,323622
1.8671,0.2053,38.36,96,92,323627
1.8231,0.1955,38.68,96,92,323630
1.8280,0.2053,38.68,96,92,323633
1.8426,0.1906,38.58,96,92,323637
1.8280,0.2248,38.65,96,92,323640
1.8768,0.2151,38.36,96,92,323643
1.8328,0.2053,38.52,96,92,323647
1.8182,0.1955,38.55,96,92,323650
1.8231,0.2004,38.62,96,92,323653
1.8182,0.1955,38.65,96,92,323657
1.8622,0.2199,38.40,96,92,323660
1.8280,0.2053,38.62,96,92,323663
1.8231,0.1955,38.62,96,92,323666
1.8280,0.2053,38.62,96,92,323671
1.8084,0.1955,38.62,96,92,323674
1.8377,0.2053,38.43,96,92,323677
1.8328,0.2004,38.62,96,92,323681
1.9013,0.2053,38.46,96,92,323684
1.8426,0.1955,38.65,96,92,323687
1.8377,0.2053,38.65,96,92,323692
1.8475,0.1955,38.62,96,92,323695
1.8817,0.2053,38.55,96,92,323699
1.8671,0.1906,38.62,96,92,323702
1.9208,0.2151,38.43,96,92,323705
1.8964,0.2004,38.49,96,92,323709
1.8719,0.2297,38.68,96,92,323713
1.8866,0.2053,38.74,96,92,323716
1.8817,0.1955,38.62,96,92,323719
1.9355,0.2151,38.43,96,92,323723
1.9013,0.2053,38.52,96,92,323726
1.8817,0.2053,38.58,96,92,323729
1.8817,0.2004,38.62,96,92,323733
1.8817,0.1955,38.65,96,92,323736
1.9501,0.2151,38.49,96,92,323739
1.9306,0.2004,38.55,96,92,323743
1.9550,0.1955,37.77,96,92,323746
1.9501,0.2297,38.62,96,92,323749
1.9599,0.1955,38.62,96,92,323752
1.9892,0.2102,38.62,96,92,323757
1.9941,0.2004,38.58,96,92,323760
1.9990,0.2004,38.49,96,92,323763
1.9648,0.2151,38.62,96,92,323767
1.9355,0.2053,38.62,96,92,323770
1.9501,0.2102,38.52,96,92,323773
1.9062,0.2004,38.62,96,92,323777
1.9110,0.1955,38.49,96,92,323780
1.8671,0.1955,38.52,96,92,323783
1.8573,0.1906,38.62,96,92,323787
1.8768,0.2053,38.49,96,92,323790
1.8475,0.2151,38.62,96,92,323793
1.8671,0.2053,38.43,96,92,323796
1.8280,0.2004,38.52,96,92,323801
1.8035,0.1955,38.62,96,92,323804
1.7986,0.2053,38.55,96,92,323807
1.7498,0.1955,37.87,96,92,323811
1.7840,0.2004,38.36,96,92,323814
1.7595,0.1955,38.58,96,92,323817
1.7840,0.1955,37.87,96,92,323821
1.7986,0.2053,38.62,96,92,323824
1.7742,0.2004,38.62,96,92,323827
1.8182,0.2199,38.36,96,92,323831
1.8084,0.2004,38.55,96,92,323834
1.7840,0.1906,38.58,96,92,323837
1.7889,0.2297,38.58,96,92,323841
1.7742,0.1955,38.62,96,92,323845
1.8133,0.2102,38.43,96,92,323848
1.8280,0.2004,38.58,96,92,323851
1.8426,0.2004,38.49,96,92,323855
1.8426,0.2004,38.68,96,92,323858
1.8524,0.1955,38.65,96,92,323861
1.9110,0.2053,38.49,96,92,323865
1.9453,0.2004,38.62,96,92,323868
2.0723,0.2004,38.55,96,92,323871
2.2141,0.2004,38.58,96,92,323874
2.4291,0.1906,38.62,96,92,323878
2.6882,0.2004,38.43,96,92,323881
2.9179,0.2053,38.62,96,92,323885
3.2014,0.2102,38.55,96,92,323889
3.3333,0.2004,38.65,96,92,323892
3.3724,0.1955,38.62,96,92,323895
3.2502,0.2053,38.52,96,92,323899
2.9032,0.2004,38.62,96,92,323902
2.5904,0.2004,38.30,96,92,323905
2.2483,0.2004,38.71,96,92,323908
1.9746,0.2004,38.62,96,92,323912
1.7840,0.2102,38.52,96,92,323915
1.5934,0.2004,38.74,96,92,323918
1.5152,0.2248,38.40,96,92,323922
1.4272,0.2004,38.55,96,92,323926
1.3734,0.1955,38.65,96,92,323929
1.3539,0.2151,38.68,96,92,323933
1.3392,0.2004,38.65,96,92,323936
1.3832,0.2102,38.68,96,92,323939
1.3783,0.1906,38.52,96,92,323942
1.3930,0.1955,38.58,96,92,323946
1.4174,0.2297,38.62,96,92,323949
1.4418,0.2004,38.62,96,92,323952
1.5200,0.2151,38.46,96,92,323956
1.5152,0.2004,38.58,96,92,323959
1.5200,0.1955,38.55,96,92,323962
1.5152,0.1955,38.62,96,92,323966
1.5347,0.1906,38.62,96,92,323970
1.5885,0.2102,38.62,96,92,323973
1.5934,0.1906,38.62,96,92,323977
1.6129,0.2004,38.46,96,92,323980
1.5934,0.2004,38.65,96,92,323983
1.5885,0.2004,38.62,96,92,323986
1.6080,0.2102,38.52,96,92,323990
1.6129,0.2004,38.77,96,92,323993
1.6569,0.2053,38.46,96,92,323996
1.6618,0.1955,38.58,96,92,324000
1.6520,0.1955,38.65,96,92,324003
1.6764,0.2053,38.52,96,92,324006
1.6764,0.2053,38.62,96,92,324011
1.6960,0.2004,38.46,96,92,324014
1.6667,0.2004,38.62,96,92,324017
1.6813,0.2004,38.62,96,92,324020
1.7204,0.2004,38.62,96,92,324024
1.7204,0.2004,38.68,96,92,324027
1.7546,0.2053,38.46,96,92,324030
1.7204,0.2053,38.55,96,92,324034
1.7009,0.1906,38.62,96,92,324037
1.7058,0.2053,38.58,96,92,324040
1.6862,0.2004,38.62,96,92,324044
1.7351,0.2053,38.33,96,92,324047
1.7107,0.2004,37.80,96,92,324050
1.7155,0.1955,38.58,96,92,324054
1.7546,0.2199,38.58,96,92,324058
1.7449,0.1955,38.62,96,92,324061
1.8035,0.2199,38.46,96,92,324064
1.7546,0.2053,38.55,96,92,324068
1.7400,0.1906,38.55,96,92,324071
1.7351,0.2004,38.55,96,92,324074
1.7498,0.2004,38.62,96,92,324078
1.8035,0.2102,38.52,96,92,324081
1.7937,0.2004,38.71,96,92,324084
1.8182,0.2004,38.52,96,92,324087
1.8035,0.1906,38.65,96,92,324091
1.7937,0.2004,38.52,96,92,324094
1.8182,0.2102,38.46,96,92,324098
1.7742,0.1955,38.58,96,92,324102
1.7937,0.2102,38.52,96,92,324105
1.7840,0.1955,38.62,96,92,324108
1.7840,0.2004,38.62,96,92,324112
1.8133,0.2053,38.52,96,92,324115
1.8035,0.2053,38.62,96,92,324118
1.8328,0.2004,38.46,96,92,324121
1.8084,0.2004,38.52,96,92,324125
1.8182,0.2004,38.62,96,92,324128
1.8817,0.2053,38.52,96,92,324131
1.8377,0.2004,38.65,96,92,324135
1.8719,0.2053,38.36,96,92,324139
1.8328,0.1955,38.62,96,92,324142
1.8377,0.2004,38.52,96,92,324146
1.8475,0.1955,38.55,96,92,324149
1.8524,0.2004,38.68,96,92,324152
1.9159,0.2102,38.36,96,92,324156
1.9110,0.2004,38.52,96,92,324159
1.8817,0.1955,38.65,96,92,324162
1.8915,0.2004,38.58,96,92,324165
1.8915,0.2053,38.65,96,92,324169
1.9550,0.2199,38.43,96,92,324172
1.9159,0.2590,38.52,96,92,324175
1.9013,0.2053,38.55,96,92,324179
1.8915,0.2004,38.62,96,92,324183
1.8768,0.2004,38.71,96,92,324186
1.9110,0.2102,38.55,96,92,324190
1.8866,0.1906,38.58,96,92,324193
1.8915,0.2004,38.55,96,92,324196
1.8719,0.2004,38.58,96,92,324199
1.8671,0.2004,38.65,96,92,324203
1.8768,0.2102,38.62,96,92,324206
1.8622,0.2493,38.62,96,92,324209
1.8866,0.2053,38.43,96,92,324213
1.8524,0.2346,38.62,96,92,324216
1.8573,0.2004,38.65,96,92,324219
1.8719,0.2102,38.58,96,92,324224
1.8719,0.1955,38.62,96,92,324227
1.8524,0.2004,38.46,96,92,324230
1.8328,0.2004,38.52,96,92,324234
1.8280,0.2053,38.62,96,92,324237
1.8524,0.2102,38.58,96,92,324240
1.8328,0.2004,38.65,96,92,324243
1.8719,0.2102,38.43,96,92,324247
1.8524,0.2102,38.55,96,92,324250
1.8426,0.2297,38.65,96,92,324253
1.8573,0.1906,38.58,96,92,324257
1.8231,0.2004,38.62,96,92,324260
1.8573,0.2199,38.30,96,92,324263
1.8035,0.2004,38.55,96,92,324268
1.7986,0.1955,38.62,96,92,324271
1.8035,0.2102,38.58,96,92,324274
1.8035,0.2004,38.62,96,92,324277
1.8622,0.2199,38.43,96,92,324281
1.8280,0.2053,38.55,96,92,324284
1.8231,0.2004,38.55,96,92,324287
1.8280,0.2004,38.62,96,92,324291
1.8280,0.2004,38.58,96,92,324294
1.8671,0.2102,38.49,96,92,324297
1.8817,0.2053,38.49,96,92,324302
1.8719,0.1955,38.62,96,92,324305
1.9110,0.2004,38.49,96,92,324310
1.8817,0.1955,38.55,96,92,324313
1.8964,0.2004,38.65,96,92,324316
1.8915,0.2053,38.52,96,92,324319
1.8817,0.2004,38.24,96,92,324323
1.9062,0.2004,38.40,96,92,324326
1.8719,0.2004,38.65,96,92,324329
1.8768,0.2004,38.65,96,92,324333
1.8964,0.2053,38.49,96,92,324336
1.8768,0.2004,38.65,96,92,324339
1.9257,0.2102,38.33,96,92,324343
1.9062,0.2102,38.49,96,92,324346
1.8964,0.2004,38.65,96,92,324349
1.9110,0.2053,38.62,96,92,324354
1.9159,0.2004,38.68,96,92,324357
1.9648,0.2151,38.33,96,92,324360
1.9453,0.2053,38.55,96,92,324363
1.9501,0.1955,38.58,96,92,324367
1.9697,0.2004,38.65,96,92,324370
1.9648,0.2004,38.62,96,92,324373
2.0235,0.2102,38.49,96,92,324377
1.9648,0.2053,38.65,96,92,324380
1.9501,0.2004,38.52,96,92,324383
1.9453,0.2004,38.62,96,92,324387
1.8866,0.2004,38.65,96,92,324390
1.8915,0.2151,38.52,96,92,324393
1.8573,0.2053,38.68,96,92,324397
1.8671,0.2004,38.49,96,92,324401
1.8328,0.2004,38.62,96,92,324404
1.8231,0.1906,38.62,96,92,324407
1.8573,0.2102,38.49,96,92,324411
1.8182,0.1906,38.58,96,92,324414
1.8328,0.2004,38.43,96,92,324417
1.7937,0.2004,38.55,96,92,324421
1.7937,0.2004,38.62,96,92,324424
1.8035,0.2053,38.65,96,92,324427
1.7791,0.2004,38.68,96,92,324431
1.8084,0.2053,38.40,96,92,324434
1.7791,0.2004,38.52,96,92,324438
1.7742,0.2004,37.90,96,92,324441
1.7889,0.2248,38.55,96,92,324445
1.7742,0.2004,38.62,96,92,324448
1.8182,0.1906,38.33,96,92,324451
1.7742,0.2297,38.58,96,92,324455
1.7889,0.2053,38.65,96,92,324458
1.7937,0.2053,38.58,96,92,324461
1.7889,0.2004,38.65,96,92,324465
1.8524,0.2151,38.36,96,92,324468
1.8231,0.2053,38.46,96,92,324471
1.8280,0.1906,38.58,96,92,324474
1.8719,0.2004,38.62,96,92,324478
1.9208,0.2004,38.68,96,92,324482
2.0577,0.2053,38.46,96,92,324485
2.1505,0.2004,38.55,96,92,324489
2.3069,0.2004,38.52,96,92,324492
2.5122,0.2004,38.62,96,92,324495
2.7517,0.2004,38.65,96,92,324498
3.0547,0.2102,38.52,96,92,324502
3.2356,0.2053,38.55,96,92,324505
3.3724,0.2004,38.52,96,92,324508
3.2649,0.2004,38.71,96,92,324512
3.0352,0.2053,38.62,96,92,324515
2.7273,0.2053,38.55,96,92,324518
2.3803,0.2004,38.62,96,92,324523
2.1261,0.2199,38.49,96,92,324526
1.8671,0.2004,38.74,96,92,324529
1.6862,0.2004,38.49,96,92,324532
1.5738,0.2053,38.49,96,92,324536
1.4614,0.2004,38.62,96,92,324539
1.4272,0.2004,38.46,96,92,324542
1.3783,0.2004,38.55,96,92,324546
1.3636,0.2004,38.68,96,92,324549
1.3832,0.2102,38.55,96,92,324552
1.3832,0.2102,38.65,96,92,324556
1.4321,0.2053,38.46,96,92,324559
1.4370,0.2102,38.36,96,92,324562
1.4467,0.2053,38.62,96,92,324567
1.4761,0.2053,38.58,96,92,324570
1.4809,0.2004,38.52,96,92,324573
1.5445,0.2102,38.33,96,92,324576
1.5298,0.2004,38.49,96,92,324580
1.5445,0.1955,38.58,96,92,324583
1.5640,0.1955,38.62,96,92,324586
1.5738,0.2004,38.65,96,92,324590
1.6373,0.2248,38.49,96,92,324593
1.6178,0.2053,38.62,96,92,324596
1.6178,0.1955,38.55,96,92,324600
1.6373,0.2004,38.62,96,92,324603
1.6422,0.2004,38.65,96,92,324606
1.6764,0.2102,38.52,96,92,324610
1.6618,0.2053,38.58,96,92,324614
1.6813,0.2004,38.49,96,92,324617
1.6716,0.2004,38.62,96,92,324620
1.6764,0.2248,38.62,96,92,324624
1.7058,0.2102,38.49,96,92,324627
1.6960,0.2004,38.68,96,92,324630
1.7204,0.2053,38.49,96,92,324634
1.7009,0.2004,38.62,96,92,324637
1.7058,0.2004,38.62,96,92,324640
1.7204,0.2004,38.55,96,92,324643
1.7204,0.2004,38.65,96,92,324647
1.7498,0.2004,38.46,96,92,324651
1.7253,0.1906,38.62,96,92,324654
1.7302,0.1955,38.71,96,92,324658
1.7546,0.2053,38.58,96,92,324661
1.7351,0.2004,38.65,96,92,324664
1.7693,0.2053,38.36,96,92,324668
1.7595,0.2004,38.49,96,92,324671
1.7498,0.1955,38.62,96,92,324674
1.7693,0.2004,38.55,96,92,324678
1.7498,0.1906,38.62,96,92,324681
1.7937,0.2102,38.36,96,92,324684
1.7742,0.2004,38.55,96,92,324687
1.7693,0.1955,38.62,96,92,324691
1.7791,0.2004,38.62,96,92,324695
1.7742,0.1955,38.62,96,92,324698
1.8328,0.1906,38.40,96,92,324702
1.7986,0.2053,38.55,96,92,324705
1.8328,0.1955,38.58,96,92,324708
1.7937,0.2004,38.71,96,92,324712
1.8035,0.2004,38.62,96,92,324715
1.8328,0.2102,38.52,96,92,324718
1.8084,0.2004,38.68,96,92,324721
1.8231,0.2004,38.49,96,92,324725
1.8035,0.2004,38.62,96,92,324728
1.8133,0.1906,38.62,96,92,324731
1.8475,0.2102,38.40,96,92,324736
1.8328,0.2004,38.62,96,92,324739
1.8426,0.2053,38.46,96,92,324742
1.8231,0.2004,38.62,96,92,324746
1.8426,0.1955,38.65,96,92,324749
1.8573,0.2004,38.43,96,92,324752
1.8426,0.2004,38.58,96,92,324755
1.8671,0.2004,38.49,96,92,324759
1.8475,0.1955,38.58,96,92,324762
1.8573,0.2004,38.65,96,92,324765
1.8817,0.1955,38.55,96,92,324769
1.8768,0.1955,38.62,96,92,324772
1.9208,0.2004,38.71,96,92,324775
1.8915,0.1955,38.62,96,92,324780
1.9013,0.1906,38.62,96,92,324783
1.9208,0.2004,38.55,96,92,324786
1.9159,0.1955,38.62,96,92,324790
1.9648,0.2053,38.33,96,92,324793
1.9355,0.2004,38.49,96,92,324796
1.9355,0.1955,38.68,96,92,324799
1.9306,0.2004,38.65,96,92,324803
1.9159,0.1955,38.84,96,92,324806
1.9648,0.2151,38.40,96,92,324809
1.9257,0.2053,38.52,96,92,324813
1.9062,0.2151,38.68,96,92,324816
1.9013,0.2004,38.62,96,92,324819
1.8964,0.1955,38.52,96,92,324824
1.9306,0.2004,38.49,96,92,324827
1.8915,0.2004,38.58,96,92,324830
1.9062,0.1955,38.62,96,92,324833
1.8866,0.2151,38.58,96,92,324837
1.8866,0.1955,38.62,96,92,324840
1.9062,0.2053,38.58,96,92,324843
1.9110,0.1955,38.62,96,92,324847
1.9062,0.2004,38.49,96,92,324850
1.8719,0.1857,38.62,96,92,324853
1.8671,0.1906,38.62,96,92,324857
1.8964,0.2053,38.49,96,92,324860
1.8671,0.2053,38.62,96,92,324864
1.8964,0.1955,38.46,96,92,324868
1.8671,0.1955,38.58,96,92,324871
1.8622,0.1955,38.68,96,92,324874
1.8817,0.2053,38.58,96,92,324877
1.8573,0.1955,38.49,96,92,324881
1.8866,0.2053,38.40,96,92,324884
1.8573,0.2004,38.62,96,92,324887
1.8524,0.1955,38.62,96,92,324891
1.8622,0.2053,38.62,96,92,324894
1.8475,0.1906,38.71,96,92,324897
1.8964,0.2053,38.43,96,92,324901
1.8524,0.1955,38.55,96,92,324904
1.8622,0.1955,38.65,96,92,324908
1.8671,0.2004,38.71,96,92,324911
1.8817,0.2004,38.71,96,92,324916
1.8866,0.1955,38.62,96,92,324919
1.9306,0.2102,38.46,96,92,324923
1.9062,0.2004,38.68,96,92,324926
1.9306,0.2053,38.46,96,92,324929
1.9306,0.1955,38.62,96,92,324933
1.9110,0.1955,38.65,96,92,324936
1.9453,0.2053,38.52,96,92,324939
1.9208,0.2004,38.62,96,92,324943
1.9599,0.2004,38.52,96,92,324946
1.9257,0.1955,38.65,96,92,324950
1.9257,0.2004,38.62,96,92,324953
1.9404,0.1955,38.52,96,92,324957
1.9355,0.2004,38.77,96,92,324960
1.9648,0.2053,38.40,96,92,324963
1.9404,0.1955,38.62,96,92,324967
1.9453,0.1955,38.65,96,92,324970
1.9795,0.2004,38.52,96,92,324973
1.9648,0.1955,38.58,96,92,324977
2.0137,0.2395,38.36,96,92,324980
1.9941,0.2004,38.55,96,92,324983
1.9844,0.1955,38.62,96,92,324987
2.0137,0.2053,38.62,96,92,324990
2.0137,0.1955,38.58,96,92,324994
2.0821,0.2102,38.36,96,92,324997
2.0332,0.1955,38.52,96,92,325001
1.9990,0.1955,38.55,96,92,325004
1.9990,0.2004,38.68,96,92,325007
1.9697,0.1955,38.65,96,92,325011
1.9990,0.2248,38.43,96,92,325014
1.9306,0.2004,38.58,96,92,325017
1.9159,0.1955,38.52,96,92,325021
1.8964,0.1906,38.58,96,92,325024
1.8866,0.1955,38.62,96,92,325027
1.9159,0.2053,38.62,96,92,325030
1.8817,0.2004,38.62,96,92,325035
1.8866,0.2004,38.55,96,92,325038
1.8524,0.2248,38.68,96,92,325041
1.8328,0.1955,38.65,96,92,325045
1.8573,0.2102,38.46,96,92,325048
1.8328,0.1955,38.62,96,92,325051
1.8475,0.2004,38.52,96,92,325055
1.8133,0.1906,38.55,96,92,325058
1.8035,0.2053,38.62,96,92,325061
1.8280,0.2004,38.68,96,92,325065
1.8084,0.1955,38.62,96,92,325068
1.8475,0.2004,38.43,96,92,325071
1.8182,0.1955,37.93,96,92,325074
1.8182,0.2004,38.62,96,92,325079
1.8328,0.2102,38.52,96,92,325082
1.8280,0.1955,38.65,96,92,325085
1.8719,0.2053,38.36,96,92,325089
1.8377,0.2004,38.55,96,92,325092
1.8573,0.1955,38.65,96,92,325095
1.8866,0.2053,38.58,96,92,325099
1.9110,0.1955,38.81,96,92,325102
2.0186,0.2102,38.33,96,92,325105
2.0772,0.1955,38.52,96,92,325108
2.1408,0.1955,38.58,96,92,325112
2.2874,0.2004,38.62,96,92,325115
2.4536,0.2053,38.62,96,92,325118
2.7370,0.1906,38.43,96,92,325123
2.9374,0.2053,38.55,96,92,325126
3.1476,0.2004,38.52,96,92,325129
3.2796,0.1955,38.62,96,92,325133
3.2845,0.1955,38.65,96,92,325136
3.1672,0.1955,38.49,96,92,325139
2.8495,0.1906,38.58,96,92,325142
2.5709,0.2004,38.52,96,92,325146
2.2581,0.1955,38.58,96,92,325149
2.0381,0.1955,38.62,96,92,325152
1.8377,0.2004,38.55,96,92,325156
1.6716,0.2004,38.71,96,92,325159
1.5738,0.2004,38.49,96,92,325163
1.4761,0.1955,38.65,96,92,325167
1.4321,0.2297,38.58,96,92,325170
1.4223,0.2053,38.52,96,92,325173
1.3930,0.2053,38.62,96,92,325177
1.4223,0.2004,38.43,96,92,325180
1.4174,0.1955,38.52,96,92,325183
1.4370,0.1955,38.58,96,92,325186
1.4712,0.2102,38.52,96,92,325190
1.4712,0.1955,38.71,96,92,325193
1.5249,0.2053,38.36,96,92,325196
1.5249,0.1955,38.52,96,92,325200
1.5298,0.1955,38.62,96,92,325203
1.5787,0.2004,38.58,96,92,325207
1.5640,0.1955,38.65,96,92,325211
1.6276,0.2102,38.15,96,92,325214
1.6129,0.2004,38.52,96,92,325217
1.6178,0.1906,38.58,96,92,325220
1.6276,0.2004,38.84,96,92,325224
1.6422,0.1955,38.62,96,92,325227
1.6862,0.2102,38.46,96,92,325230
1.6667,0.2004,38.58,96,92,325234
1.6716,0.1955,38.52,96,92,325237
1.6716,0.2004,38.68,96,92,325240
1.6764,0.1955,38.52,96,92,325244
1.7155,0.2199,38.43,96,92,325248
1.6960,0.2004,38.58,96,92,325251
1.7155,0.2004,38.52,96,92,325255
1.6960,0.2102,38.62,96,92,325258
1.7009,0.1955,38.62,96,92,325261
1.7351,0.2102,38.46,96,92,325264
1.7351,0.1955,38.68,96,92,325268
1.7546,0.2053,38.49,96,92,325271
1.7302,0.1955,38.58,96,92,325274
1.7400,0.1955,38.62,96,92,325278
1.7595,0.1906,38.55,96,92,325281
1.7449,0.2004,38.58,96,92,325284
1.7742,0.2102,38.43,96,92,325288
1.7546,0.1955,38.68,96,92,325292
1.7644,0.2297,38.68,96,92,325295
1.7840,0.2053,38.62,96,92,325298
1.7693,0.1955,38.84,96,92,325302
1.8280,0.2004,38.36,96,92,325305
1.7937,0.2004,38.58,96,92,325308
1.7840,0.1955,38.68,96,92,325312
1.7937,0.2004,38.55,96,92,325315
1.7889,0.1955,38.68,96,92,325318
1.8377,0.2102,38.30,96,92,325322
1.7986,0.2004,38.52,96,92,325325
1.7889,0.1955,38.58,96,92,325328
1.7889,0.2004,38.62,96,92,325332
1.7840,0.1955,38.65,96,92,325336
1.8377,0.2102,38.49,96,92,325339
1.8182,0.2004,38.58,96,92,325342
1.8231,0.1955,38.55,96,92,325346
1.8231,0.2004,38.62,96,92,325349
1.8280,0.1955,38.65,96,92,325352
1.8573,0.2102,38.55,96,92,325356
1.8475,0.2004,38.62,96,92,325359
1.8671,0.2004,38.62,96,92,325362
1.8475,0.2053,38.68,96,92,325366
1.8622,0.1955,38.62,96,92,325369
1.9062,0.2395,38.55,96,92,325372
1.8866,0.2004,38.58,96,92,325376
1.9208,0.2004,38.55,96,92,325380
1.8964,0.2004,38.58,96,92,325383
1.9062,0.2053,38.68,96,92,325386
1.9306,0.2053,38.49,96,92,325390
1.9110,0.1955,38.65,96,92,325393
1.9501,0.1955,38.43,96,92,325396
1.9355,0.1955,38.55,96,92,325400
1.9306,0.2151,38.65,96,92,325403
1.9501,0.2053,38.55,96,92,325406
1.9404,0.1955,38.65,96,92,325409
1.9795,0.2053,38.55,96,92,325413
1.9257,0.1955,38.58,96,92,325416
1.9208,0.1955,38.68,96,92,325420
1.9306,0.2395,38.62,96,92,325424
1.9208,0.1955,38.65,96,92,325427
1.9844,0.2102,38.43,96,92,325430
1.9550,0.2199,38.55,96,92,325434
1.9599,0.1955,38.58,96,92,325437
1.9306,0.2102,38.62,96,92,325440
1.9306,0.1955,38.62,96,92,325444
1.9550,0.1906,38.43,96,92,325447
1.9110,0.2053,38.55,96,92,325450
1.9404,0.1955,38.52,96,92,325453
1.9062,0.2004,38.62,96,92,325457
1.9062,0.1955,38.62,96,92,325460
1.9306,0.2053,38.46,96,92,325464
1.8964,0.2004,37.87,96,92,325468
1.9110,0.2004,38.46,96,92,325471
1.8817,0.2053,38.68,96,92,325474
1.8817,0.1955,38.62,96,92,325478
1.8866,0.2248,38.52,96,92,325481
1.9013,0.2004,38.65,96,92,325484
1.8915,0.2053,38.52,96,92,325487
1.8671,0.1955,38.65,96,92,325491
1.8866,0.1955,38.62,96,92,325494
1.9110,0.2053,38.52,96,92,325497
1.8817,0.2053,38.68,96,92,325501
1.9110,0.1906,38.43,96,92,325505
1.8866,0.2004,38.71,96,92,325508
1.8671,0.1955,38.62,96,92,325512
1.8768,0.2102,38.62,96,92,325515
1.8426,0.2004,38.62,96,92,325518
1.8866,0.2004,38.36,96,92,325522
1.9013,0.2199,38.46,96,92,325525
1.8866,0.2004,38.55,96,92,325529
1.8915,0.1955,38.62,96,92,325532
1.8866,0.2248,38.62,96,92,325535
1.8817,0.1955,38.62,96,92,325538
1.9110,0.2297,38.55,96,92,325542
1.8915,0.2053,38.58,96,92,325545
1.9208,0.2004,38.49,96,92,325549
1.9110,0.2053,38.62,96,92,325553
1.9355,0.1906,38.62,96,92,325556
1.9697,0.2102,38.71,96,92,325559
1.9501,0.2004,38.58,96,92,325563
1.9746,0.2053,38.52,96,92,325566
1.9355,0.1955,38.58,96,92,325569
1.9257,0.1955,38.62,96,92,325573
1.9355,0.2053,38.52,96,92,325576
1.9110,0.2004,38.62,96,92,325579
1.9453,0.2004,38.46,96,92,325582
1.9257,0.1955,38.55,96,92,325586
1.9208,0.2004,38.65,96,92,325590
1.9355,0.2151,38.58,96,92,325593
1.9306,0.2004,38.65,96,92,325597
1.9844,0.2053,38.36,96,92,325600
1.9648,0.1906,38.55,96,92,325603
1.9697,0.1955,38.74,96,92,325607
1.9892,0.2102,38.58,96,92,325610
1.9892,0.2004,38.62,96,92,325613
2.0577,0.2102,38.40,96,92,325616
2.0381,0.2004,38.52,96,92,325620
2.0235,0.1955,38.65,96,92,325623
2.0235,0.2053,38.62,96,92,325626
2.0039,0.2004,38.68,96,92,325630
2.0479,0.2199,38.40,96,92,325634
2.0186,0.2102,38.55,96,92,325637
1.9453,0.1955,38.55,96,92,325641
1.9110,0.2004,38.71,96,92,325644
1.8915,0.1955,38.68,96,92,325647
1.9110,0.2102,38.49,96,92,325650
1.8768,0.2004,38.52,96,92,325654
1.8817,0.1955,38.49,96,92,325657
1.8573,0.2004,38.62,96,92,325660
1.8475,0.1955,38.65,96,92,325664
1.8573,0.2004,38.58,96,92,325667
1.8328,0.1955,38.62,96,92,325670
1.8475,0.2102,38.52,96,92,325675
1.8133,0.2004,38.65,96,92,325678
1.8133,0.1955,37.83,96,92,325681
1.8475,0.2053,38.49,96,92,325685
1.8280,0.2004,38.62,96,92,325688
1.8524,0.2004,38.46,96,92,325691
1.8280,0.2004,38.52,96,92,325694
1.8231,0.2004,38.65,96,92,325698
1.8475,0.2102,38.49,96,92,325701
1.8280,0.2004,38.65,96,92,325704
1.8622,0.2151,38.43,96,92,325708
1.8280,0.2102,38.58,96,92,325711
1.8084,0.1955,38.65,96,92,325714
1.8328,0.1955,38.58,96,92,325719
1.8475,0.1906,38.62,96,92,325722
1.9257,0.2151,38.30,96,92,325725
1.9257,0.2004,38.55,96,92,325728
2.0039,0.1906,38.62,96,92,325732
2.0674,0.2004,38.62,96,92,325735
2.1896,0.2004,38.58,96,92,325738
2.4242,0.2248,38.40,96,92,325742
2.6002,0.2053,38.55,96,92,325745
2.8299,0.1955,38.55,96,92,325748
3.0890,0.2004,38.58,96,92,325751
3.2747,0.2004,38.84,96,92,325755
3.4262,0.2199,38.43,96,92,325758
3.2942,0.2053,38.52,96,92,325762
3.0303,0.2004,38.62,96,92,325766
2.6784,0.2004,38.58,96,92,325769
2.3558,0.2004,38.58,96,92,325772
2.1114,0.2053,38.49,96,92,325776
1.8573,0.2004,38.58,96,92,325779
1.6960,0.2004,38.49,96,92,325782
1.5543,0.2004,38.55,96,92,325785
1.5152,0.1955,38.62,96,92,325789
1.4418,0.2004,38.65,96,92,325792
1.4076,0.2004,38.65,96,92,325795
1.4027,0.2004,38.52,96,92,325799
1.3783,0.2004,38.62,96,92,325803
1.3930,0.2004,38.49,96,92,325806
1.4370,0.2346,38.55,96,92,325809
1.4370,0.2004,38.62,96,92,325813
1.4663,0.2004,38.40,96,92,325816
1.4712,0.2004,38.52,96,92,325819
1.4858,0.1906,38.62,96,92,325823
1.5249,0.2102,38.49,96,92,325826
1.5494,0.2053,38.62,96,92,325829
1.5787,0.2053,38.36,96,92,325833
1.5787,0.2053,38.49,96,92,325836
1.5934,0.2004,38.62,96,92,325839
1.6276,0.2053,38.58,96,92,325843
1.6276,0.2004,38.52,96,92,325847
1.6764,0.2199,38.33,96,92,325850
1.6520,0.1955,38.52,96,92,325853
1.6764,0.1955,38.58,96,92,325857
1.6960,0.2102,38.62,96,92,325860
1.6960,0.2004,38.65,96,92,325863
1.7400,0.2199,38.43,96,92,325867
1.7009,0.2053,38.55,96,92,325870
1.6813,0.1906,38.55,96,92,325873
1.6813,0.2053,38.68,96,92,325877
1.7058,0.1906,38.65,96,92,325880
1.7595,0.2102,38.52,96,92,325883
1.7449,0.2004,38.58,96,92,325888
1.7351,0.2053,38.49,96,92,325891
1.7107,0.2004,38.65,96,92,325894
1.7204,0.2297,38.65,96,92,325897
1.7644,0.2102,38.52,96,92,325901
1.7546,0.2004,38.81,96,92,325904
1.7889,0.2102,38.55,96,92,325907
1.7644,0.2004,38.62,96,92,325911
1.7595,0.1955,38.62,96,92,325914
1.7644,0.2004,38.55,96,92,325917
1.7449,0.2004,38.65,96,92,325921
1.7644,0.2004,38.43,96,92,325924
1.7449,0.2102,38.68,96,92,325927
1.7595,0.2004,38.65,96,92,325931
1.7693,0.2053,38.58,96,92,325935
1.7546,0.2053,38.68,96,92,325938
1.8280,0.2102,38.40,96,92,325941
1.7693,0.2053,38.52,96,92,325945
1.7595,0.2004,38.62,96,92,325948
1.7791,0.1906,38.58,96,92,325951
1.7791,0.2004,38.65,96,92,325955
1.8475,0.2102,38.30,96,92,325958
1.8182,0.1906,38.49,96,92,325961
1.8133,0.1955,38.62,96,92,325964
1.8280,0.2102,38.58,96,92,325968
1.8182,0.2053,38.65,96,92,325971
1.8671,0.2199,38.43,96,92,325975
1.8231,0.2053,38.58,96,92,325979
1.8182,0.2004,38.55,96,92,325982
1.8133,0.2004,38.68,96,92,325985
1.8280,0.1906,38.62,96,92,325989
1.8573,0.2102,38.52,96,92,325992
1.8524,0.2004,38.65,96,92,325995
1.8719,0.2004,38.52,96,92,325999
1.8671,0.2004,38.62,96,92,326002
1.8768,0.2004,38.65,96,92,326005
1.9062,0.2151,38.46,96,92,326008
1.8768,0.2004,38.65,96,92,326012
1.9062,0.2102,38.58,96,92,326016
1.8866,0.1955,38.62,96,92,326019
1.9062,0.2004,38.62,96,92,326023
1.9257,0.2151,38.49,96,92,326026
1.8964,0.1906,38.62,96,92,326029
1.9257,0.2053,38.46,96,92,326033
1.9453,0.1955,38.55,96,92,326036
1.9355,0.2004,38.52,96,92,326039
1.9844,0.2102,38.58,96,92,326042
1.9746,0.2053,38.68,96,92,326046
2.0186,0.2053,38.40,96,92,326049
1.9697,0.1955,38.58,96,92,326052
1.9795,0.2004,38.62,96,92,326056
1.9208,0.2053,38.62,96,92,326060
1.8817,0.2102,38.62,96,92,326063
1.9257,0.2151,38.33,96,92,326067
1.8915,0.2053,38.52,96,92,326070
1.8768,0.1955,38.58,96,92,326073
1.8915,0.2053,38.68,96,92,326077
1.9062,0.2004,38.62,96,92,326080
1.9697,0.2199,38.40,96,92,326083
1.9355,0.2102,38.36,96,92,326086
1.9013,0.2053,38.52,96,92,326090
1.8915,0.1955,38.62,96,92,326093
1.8915,0.2004,38.65,96,92,326096
1.9306,0.2102,38.36,96,92,326100
1.9062,0.2004,38.58,96,92,326104
1.8768,0.2053,38.49,96,92,326107
1.8475,0.2004,38.74,96,92,326111
1.8817,0.2004,38.62,96,92,326114
1.9062,0.2053,38.55,96,92,326117
1.9013,0.2004,38.68,96,92,326120
1.9110,0.2102,38.52,96,92,326124
1.8622,0.2004,38.62,96,92,326127
1.8475,0.2004,38.62,96,92,326130
1.8475,0.2053,38.49,96,92,326134
1.8622,0.2248,38.55,96,92,326137
1.8573,0.1906,38.62,96,92,326141
1.9110,0.2102,38.36,96,92,326145
1.8866,0.2053,38.52,96,92,326148
1.8719,0.1955,38.62,96,92,326152
1.8719,0.2102,38.62,96,92,326155
1.8866,0.1955,38.62,96,92,326158
1.9404,0.2199,38.43,96,92,326162
1.9013,0.2004,38.55,96,92,326165
1.9062,0.2004,38.55,96,92,326168
1.9110,0.2004,38.62,96,92,326171
1.9159,0.2053,38.58,96,92,326175
1.9599,0.2151,38.52,96,92,326178
1.9355,0.2053,38.71,96,92,326181
1.9404,0.2395,38.49,96,92,326185
1.9257,0.2004,38.65,96,92,326189
1.9257,0.2004,38.65,96,92,326192
1.9501,0.2102,38.46,96,92,326196
1.9208,0.2053,38.55,96,92,326199
1.9501,0.2053,38.55,96,92,326202
1.9355,0.1906,38.62,96,92,326206
1.9453,0.2004,38.71,96,92,326209
1.9795,0.2102,38.49,96,92,326212
1.9697,0.2004,38.62,96,92,326215
1.9990,0.2004,38.52,96,92,326219
1.9697,0.1955,38.58,96,92,326222
1.9795,0.2004,38.65,96,92,326225
1.9795,0.2053,38.52,96,92,326230
1.9746,0.2004,38.65,96,92,326233
2.0283,0.1955,38.40,96,92,326236
1.9990,0.2004,38.62,96,92,326240
2.0088,0.2004,38.62,96,92,326243
2.0332,0.2102,38.62,96,92,326246
2.0137,0.2053,38.68,96,92,326249
2.0528,0.2102,38.36,96,92,326253
1.9990,0.2053,38.55,96,92,326256
1.9599,0.2004,38.65,96,92,326259
1.9550,0.2053,38.62,96,92,326263
1.9257,0.2004,38.58,96,92,326266
1.9648,0.2199,38.40,96,92,326269
1.9159,0.2102,38.52,96,92,326274
1.8915,0.1955,38.68,96,92,326277
1.8817,0.2248,38.58,96,92,326280
1.8719,0.1906,38.62,96,92,326283
1.9110,0.2102,38.74,96,92,326287
1.8768,0.2053,38.58,96,92,326290
1.8817,0.2004,38.49,96,92,326293
1.8475,0.2053,38.68,96,92,326297
1.8328,0.2053,38.68,96,92,326300
1.8573,0.1906,38.58,96,92,326303
1.8377,0.2004,38.62,96,92,326307
1.8622,0.2346,38.46,96,92,326310
1.8377,0.2004,38.71,96,92,326313
1.8475,0.2004,38.62,96,92,326317
1.8768,0.2151,38.52,96,92,326321
1.8524,0.2004,38.71,96,92,326324
1.8768,0.2053,38.49,96,92,326327
1.8573,0.2004,38.55,96,92,326331
1.8622,0.2004,38.65,96,92,326334
1.8964,0.2053,38.55,96,92,326337
1.8866,0.2004,38.68,96,92,326341
1.9648,0.2053,38.40,96,92,326344
1.9795,0.2151,38.62,96,92,326347
2.0381,0.2053,38.62,96,92,326351
2.1554,0.2102,38.55,96,92,326354
2.2825,0.2004,38.58,96,92,326358
2.5367,0.2151,38.36,96,92,326361
2.7224,0.2004,38.84,96,92,326365
2.9765,0.2053,38.65,96,92,326368
3.2356,0.2004,38.58,96,92,326371
3.3871,0.2004,38.65,96,92,326375
3.4897,0.2199,38.40,96,92,326378
3.2454,0.2053,38.55,96,92,326381
2.9130,0.1955,38.58,96,92,326385
2.5611,0.2004,38.62,96,92,326388
2.2385,0.2004,38.62,96,92,326391
2.0137,0.2102,38.90,96,92,326394
1.7693,0.1955,38.58,96,92,326398
1.6080,0.2004,38.52,96,92,326402
1.4907,0.2004,38.62,96,92,326405
1.4272,0.2004,38.62,96,92,326409
1.4223,0.2004,38.49,96,92,326412
1.3930,0.2004,38.62,96,92,326415
1.4076,0.2053,38.49,96,92,326419
1.4027,0.2004,38.68,96,92,326422
1.4223,0.2053,38.62,96,92,326425
1.4663,0.2004,38.55,96,92,326428
1.4761,0.2004,37.87,96,92,326432
1.5298,0.2102,38.49,96,92,326435
1.5249,0.2004,37.96,96,92,326438
1.5543,0.2004,38.65,96,92,326443
1.5982,0.2004,38.55,96,92,326446
1.6080,0.2004,38.62,96,92,326449
1.6471,0.2053,38.40,96,92,326453
1.6422,0.2004,38.62,96,92,326456
1.6520,0.2053,38.68,96,92,326459
1.6911,0.2102,38.68,96,92,326462
1.6764,0.2004,38.68,96,92,326466
1.7546,0.2151,38.36,96,92,326469
1.7058,0.2004,38.52,96,92,326472
1.7009,0.2053,38.65,96,92,326476
1.7204,0.2053,38.58,96,92,326479
1.7155,0.2004,38.65,96,92,326482
1.7693,0.2102,38.33,96,92,326487
1.7351,0.2053,38.52,96,92,326490
1.7400,0.1955,38.58,96,92,326493
1.7498,0.2053,38.40,96,92,326496
1.7546,0.1955,38.62,96,92,326500
1.8035,0.2199,38.46,96,92,326503
1.7742,0.2053,38.52,96,92,326506
1.7791,0.2151,38.52,96,92,326510
1.7791,0.2004,38.55,96,92,326513
1.7791,0.1955,38.62,96,92,326516
1.8231,0.2102,38.46,96,92,326520
1.7937,0.2053,38.58,96,92,326523
1.8084,0.2004,38.49,96,92,326526
1.8133,0.2004,38.62,96,92,326531
1.7937,0.2004,38.62,96,92,326534
1.8182,0.2297,38.49,96,92,326537
1.8084,0.1955,38.62,96,92,326540
1.8328,0.2053,38.52,96,92,326544
1.7986,0.2004,38.71,96,92,326547
1.7986,0.2053,38.62,96,92,326550
1.8035,0.2053,38.52,96,92,326554
1.8035,0.2004,38.68,96,92,326557
1.8377,0.2004,38.46,96,92,326560
1.8231,0.2053,38.62,96,92,326564
1.8182,0.2004,38.65,96,92,326567
1.8377,0.2102,38.55,96,92,326571
1.8280,0.2004,38.62,96,92,326574
1.8866,0.2102,38.36,96,92,326578
1.8671,0.2102,38.62,96,92,326581
1.8524,0.1955,38.65,96,92,326584
1.8719,0.2053,38.58,96,92,326588
1.8622,0.2053,38.62,96,92,326591
1.9208,0.1906,38.33,96,92,326594
1.8817,0.2053,38.49,96,92,326598
1.8719,0.1955,38.58,96,92,326601
1.8719,0.2004,38.62,96,92,326604
1.8671,0.2004,38.81,96,92,326607
1.9110,0.2199,38.52,96,92,326611
1.8719,0.2053,38.55,96,92,326615
1.8622,0.2004,38.52,96,92,326618
1.8475,0.2053,38.62,96,92,326622
1.8426,0.2004,38.74,96,92,326625
1.8768,0.2102,38.55,96,92,326628
1.8573,0.2053,38.68,96,92,326632
1.8768,0.2053,38.49,96,92,326635
1.8573,0.2102,38.65,96,92,326638
1.8719,0.1906,38.65,96,92,326642
1.9110,0.2151,38.52,96,92,326645
1.8964,0.1906,38.58,96,92,326648
1.9355,0.2053,38.49,96,92,326651
1.9257,0.1955,38.58,96,92,326656
1.9355,0.2053,38.62,96,92,326659
1.9599,0.2053,38.49,96,92,326662
1.9404,0.2297,38.68,96,92,326666
1.9648,0.2053,38.43,96,92,326669
1.9404,0.2004,37.87,96,92,326672
1.9404,0.2053,38.74,96,92,326676
1.9599,0.2004,38.55,96,92,326679
1.9453,0.2004,38.65,96,92,326682
1.9941,0.2053,38.40,96,92,326685
1.9501,0.2004,38.58,96,92,326689
1.9844,0.1955,38.62,96,92,326692
1.9746,0.2053,38.68,96,92,326695
1.9599,0.2004,38.62,96,92,326700
2.0235,0.2151,38.33,96,92,326703
1.9941,0.2053,38.15,96,92,326706
1.9795,0.2053,38.55,96,92,326710
1.9844,0.2102,38.62,96,92,326713
1.9795,0.2102,38.62,96,92,326716
2.0430,0.2102,38.46,96,92,326720
2.0039,0.2102,38.30,96,92,326723
1.9892,0.2004,38.55,96,92,326726
1.9844,0.2102,38.62,96,92,326729
1.9795,0.2053,38.62,96,92,326733
2.0088,0.2102,38.65,96,92,326736
1.9795,0.2004,38.58,96,92,326739
1.9990,0.1955,38.49,96,92,326744
1.9844,0.1906,38.62,96,92,326747
2.0137,0.1906,38.62,96,92,326751
2.0235,0.2004,38.68,96,92,326754
2.0528,0.2053,38.49,96,92,326757
2.0283,0.2053,38.68,96,92,326761
2.1017,0.2053,38.40,96,92,326764
2.0479,0.2004,38.52,96,92,326767
2.0430,0.2004,38.65,96,92,326770
2.0821,0.2102,38.49,96,92,326774
2.0626,0.1955,38.65,96,92,326777
2.1505,0.2102,38.36,96,92,326780
2.0821,0.2004,38.62,96,92,326785
2.0723,0.1955,38.62,96,92,326788
2.0968,0.2004,38.58,96,92,326791
2.0870,0.2004,38.62,96,92,326794
2.1457,0.2102,38.33,96,92,326798
2.1065,0.2102,38.52,96,92,326801
2.1408,0.1955,38.58,96,92,326804
2.1114,0.2004,38.62,96,92,326808
2.1065,0.1955,38.62,96,92,326811
2.1652,0.2151,38.46,96,92,326814
2.1359,0.2053,38.62,96,92,326818
2.1261,0.1955,38.52,96,92,326821
2.1163,0.2004,38.62,96,92,326824
2.1163,0.1955,38.55,96,92,326828
2.1603,0.2151,38.46,96,92,326832
2.1359,0.2004,38.62,96,92,326835
2.1603,0.2004,38.49,96,92,326838
2.1408,0.2004,38.58,96,92,326842
2.1505,0.1955,38.68,96,92,326845
2.1896,0.2102,38.52,96,92,326848
2.1799,0.2004,38.74,96,92,326852
2.2190,0.2053,38.71,96,92,326855
2.1945,0.2004,38.62,96,92,326858
2.2092,0.1955,38.62,96,92,326861
2.2239,0.2004,38.58,96,92,326865
2.1994,0.2053,38.62,96,92,326868
2.2141,0.2004,38.49,96,92,326872
2.1603,0.1955,38.65,96,92,326876
2.1408,0.2004,38.62,96,92,326879
2.1310,0.2053,38.55,96,92,326882
2.0821,0.1906,38.71,96,92,326886
2.1114,0.2053,38.40,96,92,326889
2.0772,0.2004,38.52,96,92,326892
2.0528,0.1955,38.65,96,92,326895
2.0674,0.2053,38.58,96,92,326899
2.0381,0.1955,38.43,96,92,326902
2.0772,0.2053,38.36,96,92,326905
2.0283,0.1906,38.52,96,92,326909
2.0137,0.1955,38.65,96,92,326913
2.0186,0.2004,38.62,96,92,326916
2.0088,0.2151,38.68,96,92,326920
2.0723,0.2102,38.40,96,92,326923
2.0186,0.2004,38.55,96,92,326926
2.0039,0.1906,38.58,96,92,326929
2.0088,0.2004,38.65,96,92,326933
2.0039,0.2004,38.62,96,92,326936
2.0577,0.2199,38.46,96,92,326939
2.0088,0.2004,38.58,96,92,326943
2.0039,0.1955,38.62,96,92,326946
1.9941,0.1955,38.65,96,92,326949
1.9941,0.1906,38.65,96,92,326952
2.0381,0.2053,38.84,96,92,326957
2.0332,0.2004,38.58,96,92,326960
2.0577,0.1955,38.49,96,92,326963
2.0577,0.1955,38.65,96,92,326967
2.0968,0.1955,38.65,96,92,326970
2.1848,0.2004,38.55,96,92,326973
2.2483,0.1906,38.62,96,92,326977
2.3998,0.2053,38.52,96,92,326980
2.5220,0.1955,38.65,96,92,326983
2.7322,0.1955,38.65,96,92,326986
2.9814,0.2004,38.55,96,92,326990
3.2063,0.1955,38.58,96,92,326993
3.4457,0.2004,38.49,96,92,326996
3.4702,0.2004,38.65,96,92,327001
3.3773,0.1955,38.68,96,92,327004
3.1672,0.1955,38.55,96,92,327007
2.8201,0.1955,38.65,96,92,327011
2.5806,0.2004,38.40,96,92,327014
2.2923,0.2004,38.58,96,92,327017
2.0626,0.2004,38.68,96,92,327020
1.9110,0.2004,38.58,96,92,327024
1.7595,0.1955,38.62,96,92,327027
1.7107,0.2151,38.33,96,92,327030
1.6129,0.1955,38.52,96,92,327034
1.5738,0.2004,38.62,96,92,327037
1.5689,0.2004,38.58,96,92,327041
1.5494,0.1906,38.65,96,92,327045
1.6080,0.2102,37.99,96,92,327048
1.5885,0.1955,38.55,96,92,327051
1.6031,0.1955,38.55,96,92,327054
1.6080,0.1955,38.71,96,92,327058
1.6325,0.1955,38.68,96,92,327061
1.6667,0.2102,38.65,96,92,327064
1.6618,0.2297,38.58,96,92,327068
1.6911,0.1955,38.52,96,92,327071
1.6911,0.1955,38.65,96,92,327074
1.7058,0.1955,38.62,96,92,327078
1.7498,0.2102,38.49,96,92,327081
1.7351,0.2004,38.58,96,92,327085
1.7742,0.2004,38.52,96,92,327089
1.7449,0.1906,38.62,96,92,327092
1.7546,0.1955,38.74,96,92,327095
1.7791,0.1906,38.49,96,92,327098
1.7791,0.1955,38.62,96,92,327102
1.8084,0.2053,38.43,96,92,327105
1.8035,0.1955,38.55,96,92,327108
1.7937,0.1906,38.71,96,92,327112
1.8182,0.2102,38.52,96,92,327115
1.8084,0.2004,38.65,96,92,327118
1.8426,0.2004,38.40,96,92,327122
1.8084,0.2151,38.62,96,92,327126
1.8475,0.1955,38.65,96,92,327129
1.8328,0.2004,38.65,96,92,327132
1.8231,0.1955,38.62,96,92,327136
1.8768,0.2053,38.33,96,92,327139
1.8475,0.2004,38.58,96,92,327142
1.8280,0.1906,38.81,96,92,327146
1.8328,0.1955,38.58,96,92,327149
1.8231,0.1906,38.62,96,92,327152
1.8719,0.2151,38.40,96,92,327156
1.8377,0.2004,38.52,96,92,327159
1.8328,0.1906,38.65,96,92,327162
1.8280,0.2004,38.62,96,92,327166
1.8622,0.1955,38.68,96,92,327170
1.8719,0.2053,38.49,96,92,327173
1.8475,0.1955,38.58,96,92,327176
1.8817,0.1955,38.49,96,92,327180
1.8328,0.1955,38.62,96,92,327183
1.8377,0.2004,38.62,96,92,327186
1.8524,0.1906,38.58,96,92,327190
1.8377,0.1955,38.52,96,92,327193
1.8671,0.2004,38.52,96,92,327196
1.8377,0.1906,38.65,96,92,327200
1.8377,0.1906,38.62,96,92,327203
1.8866,0.2053,38.52,96,92,327206
1.8475,0.1906,38.68,96,92,327211
1.8719,0.1906,38.40,96,92,327214
1.8426,0.2004,38.55,96,92,327217
1.8328,0.1955,38.65,96,92,327220
1.8524,0.2004,38.58,96,92,327224
1.8328,0.2004,38.65,96,92,327227
1.8964,0.2004,38.43,96,92,327230
1.8524,0.1955,38.55,96,92,327234
1.8524,0.1955,38.62,96,92,327237
1.8671,0.1955,38.71,96,92,327240
1.8524,0.1906,38.65,96,92,327244
1.9110,0.2199,38.36,96,92,327247
1.8768,0.1906,38.55,96,92,327250
1.8768,0.1857,38.68,96,92,327254
1.8915,0.2004,38.58,96,92,327258
1.8964,0.1906,38.77,96,92,327261
1.9599,0.2102,38.43,96,92,327264
1.9257,0.1906,38.55,96,92,327268
1.9306,0.1857,38.55,96,92,327271
1.9306,0.1955,38.62,96,92,327274
1.9404,0.1906,38.65,96,92,327278
1.9795,0.2004,38.43,96,92,327281
1.9599,0.1955,38.58,96,92,327284
1.9697,0.1906,38.52,96,92,327287
1.9453,0.1906,38.74,96,92,327291
1.9453,0.1808,38.62,96,92,327294
1.9648,0.2004,38.55,96,92,327298
1.9355,0.1906,38.74,96,92,327302
1.9599,0.2053,38.52,96,92,327305
1.9306,0.1955,38.65,96,92,327308
1.9257,0.1906,38.77,96,92,327312
1.9306,0.2151,38.58,96,92,327315
1.9062,0.1955,38.62,96,92,327318
1.9257,0.1955,38.49,96,92,327321
1.8866,0.2199,38.62,96,92,327325
1.8768,0.1906,38.62,96,92,327328
1.8915,0.2004,38.55,96,92,327331
1.8866,0.1955,38.68,96,92,327335
1.9013,0.1955,38.40,96,92,327339
1.8768,0.1955,38.46,96,92,327342
1.8524,0.2151,38.62,96,92,327346
1.8671,0.1955,38.58,96,92,327349
1.8475,0.2004,38.62,96,92,327352
1.9159,0.1955,38.33,96,92,327356
1.8719,0.2004,38.49,95,92,327359
1.8426,0.1906,38.62,95,92,327363
1.8524,0.1857,38.46,95,92,327366
1.8377,0.1955,38.62,95,92,327369
1.8328,0.1906,38.65,95,92,327373
1.8573,0.1906,38.58,95,92,327376
1.8426,0.1955,38.62,95,92,327379
1.8719,0.1955,38.52,95,92,327383
1.8426,0.1906,38.65,95,92,327387
1.8475,0.1906,37.96,95,92,327390
1.8768,0.2199,38.46,95,92,327393
1.8524,0.1906,38.65,95,92,327397
1.8817,0.1906,38.52,95,92,327400
1.8671,0.1955,38.55,95,92,327403
1.8622,0.1906,38.62,95,92,327407
1.8915,0.2053,38.52,95,92,327410
1.8817,0.1906,38.62,95,92,327413
1.9306,0.1955,38.52,95,92,327417
1.9062,0.1955,38.58,95,92,327420
1.9013,0.1906,38.65,95,92,327424
1.9208,0.1955,38.58,95,92,327427
1.9062,0.1857,38.65,95,92,327431
1.9599,0.1906,38.33,95,92,327434
1.9257,0.1906,38.49,95,92,327437
1.9306,0.1857,38.62,95,92,327441
1.9501,0.1906,38.58,95,92,327444
1.9453,0.1808,38.65,95,92,327447
2.0088,0.2102,38.46,95,92,327451
1.9892,0.1955,38.52,95,92,327454
1.9844,0.1857,38.52,95,92,327457
1.9844,0.1906,38.65,95,92,327460
1.9892,0.1906,38.65,95,92,327464
2.0626,0.2053,38.43,95,92,327468
2.0088,0.1906,38.68,95,92,327471
2.0283,0.1906,38.52,95,92,327475
2.0137,0.1906,38.58,95,92,327478
2.0283,0.1857,38.62,95,92,327481
2.0723,0.2004,38.52,95,92,327485
2.0528,0.1906,38.84,95,92,327488
2.0821,0.1955,38.49,95,92,327491
2.0626,0.1906,38.65,95,92,327494
2.0430,0.1955,38.62,95,92,327498
2.0332,0.1906,38.81,95,92,327501
1.9941,0.1906,38.65,95,92,327504
2.0186,0.1711,38.49,95,92,327508
1.9355,0.1906,38.62,95,92,327512
1.9257,0.1857,38.65,95,92,327515
1.9404,0.1955,38.52,95,92,327519
1.9110,0.1857,38.62,95,92,327522
1.9453,0.1955,38.40,95,92,327525
1.9208,0.1906,38.52,95,92,327528
1.9013,0.1857,38.77,95,92,327532
1.9013,0.1955,38.58,95,92,327535
1.8671,0.1857,38.55,95,92,327538
1.9013,0.1955,38.43,95,92,327542
1.8524,0.1906,38.43,95,92,327545
1.8426,0.1760,38.65,95,92,327548
1.8524,0.1906,38.62,95,92,327553
1.8426,0.1906,38.62,95,92,327556
1.8915,0.2395,38.40,95,92,327559
1.8524,0.1906,38.55,95,92,327563
1.8426,0.1857,38.52,95,92,327566
1.8573,0.1906,38.62,95,92,327569
1.8377,0.1857,37.87,95,92,327572
1.8817,0.1955,38.52,95,92,327576
1.8622,0.1955,38.62,95,92,327579
1.8768,0.1906,38.46,95,92,327582
1.8719,0.1906,38.65,95,92,327586
1.8817,0.1857,38.62,95,92,327589
1.9404,0.1955,38.55,95,92,327592
1.9550,0.1906,38.62,95,92,327597
2.0381,0.1955,38.58,95,92,327600
2.0870,0.1760,38.62,95,92,327603
2.2092,0.1711,38.62,95,92,327607
2.3851,0.1906,38.46,95,92,327610
2.5709,0.1906,38.62,95,92,327613
2.8690,0.1711,38.46,95,92,327616
3.0547,0.1857,38.58,95,92,327620
3.2551,0.2004,38.65,95,92,327623
3.3773,0.1955,38.55,95,92,327626
3.2845,0.1857,38.65,95,92,327630
3.1183,0.1906,38.33,95,92,327633
2.7468,0.1808,38.58,95,92,327636
2.4438,0.1857,38.68,95,92,327641
2.1848,0.1955,38.58,95,92,327644
1.9404,0.1857,38.74,95,92,327647
1.8035,0.2248,38.33,95,92,327651
1.6325,0.2004,38.55,95,92,327654
1.5103,0.1808,38.62,95,92,327657
1.4761,0.1955,38.58,95,92,327660
1.4076,0.1857,38.62,95,92,327664
1.4321,0.2004,38.43,95,92,327667
1.4174,0.1955,38.55,95,92,327670
1.4223,0.1857,38.55,95,92,327674
1.4370,0.1808,38.65,95,92,327677
1.4516,0.1808,38.65,95,92,327681
1.4858,0.2053,38.49,95,92,327685
1.4907,0.1906,38.58,95,92,327688
1.5054,0.1955,38.52,95,92,327691
1.5152,0.1906,38.68,95,92,327694
1.5836,0.1857,38.62,95,92,327698
1.5885,0.1857,38.55,95,92,327701
1.5934,0.1955,38.62,95,92,327704
1.6227,0.1955,38.52,95,92,327708
1.6080,0.1857,38.65,95,92,327711
1.6129,0.1906,38.65,95,92,327714
1.6276,0.1906,38.55,95,92,327718
1.6276,0.2395,38.62,95,92,327721
1.6764,0.1906,38.43,95,92,327725
1.6764,0.1906,38.52,95,92,327729
1.6813,0.1857,38.65,95,92,327732
1.7107,0.1955,38.52,95,92,327735
1.6911,0.1857,38.65,95,92,327738
1.7302,0.1955,38.40,95,92,327742
1.7204,0.1857,38.58,95,92,327745
1.7058,0.1857,38.65,95,92,327748
1.7155,0.1906,38.62,95,92,327752
1.6960,0.1808,38.65,95,92,327755
1.7449,0.1906,38.36,95,92,327758
1.6960,0.1906,38.52,95,92,327762
1.6911,0.1857,38.58,95,92,327766
1.6862,0.1906,38.77,95,92,327769
1.6911,0.1857,38.62,95,92,327773
1.7595,0.2053,38.49,95,92,327776
1.7498,0.1906,38.65,95,92,327779
1.7693,0.2053,38.52,95,92,327782
1.7546,0.1906,38.62,95,92,327786
1.7400,0.1906,38.71,95,92,327789
1.7644,0.1857,38.46,95,92,327792
1.7351,0.1906,38.62,95,92,327796
1.7498,0.1906,38.49,95,92,327799
1.7302,0.1808,38.65,95,92,327802
1.7204,0.1857,38.65,95,92,327806
1.7449,0.2248,38.52,95,92,327810
1.7449,0.1808,38.62,95,92,327813
1.7693,0.1906,38.49,95,92,327816
1.7449,0.1857,38.58,95,92,327820
1.7449,0.1857,38.62,95,92,327823
1.7546,0.1906,38.52,95,92,327826
1.7351,0.1857,38.74,95,92,327830
1.7595,0.2199,38.43,95,92,327833
1.7351,0.1857,38.68,95,92,327836
1.7498,0.2102,38.62,95,92,327840
1.7693,0.1955,38.65,95,92,327843
1.7595,0.1857,38.62,95,92,327846
1.7986,0.1906,38.36,95,92,327851
1.7791,0.1906,38.55,95,92,327854
1.7693,0.1857,38.68,95,92,327857
1.7889,0.1906,38.58,95,92,327860
1.7889,0.2004,38.62,95,92,327864
1.8475,0.2004,38.43,95,92,327867
1.8182,0.1906,38.52,95,92,327870
1.8133,0.1760,38.62,95,92,327874
1.8084,0.1711,38.62,95,92,327877
1.8084,0.1857,38.65,95,92,327880
1.8524,0.2053,38.46,95,92,327884
1.8426,0.1955,38.62,95,92,327887
1.8817,0.1857,38.49,95,92,327890
1.8719,0.2004,38.62,95,92,327895
1.8817,0.1857,38.62,95,92,327898
1.9062,0.2004,38.55,95,92,327901
1.8964,0.1857,38.62,95,92,327904
1.9159,0.1906,38.49,95,92,327908
1.8768,0.1906,38.65,95,92,327911
1.8719,0.1857,38.68,95,92,327914
1.9062,0.1906,38.49,95,92,327918
1.8817,0.1906,38.62,95,92,327921
1.9159,0.1808,38.49,95,92,327924
1.8866,0.1857,38.58,95,92,327928
1.8573,0.1857,38.62,95,92,327931
1.8573,0.1955,38.49,95,92,327934
1.8377,0.1906,38.62,95,92,327938
1.8817,0.1906,38.52,95,92,327942
1.8622,0.2004,38.58,95,92,327945
1.8622,0.1857,38.65,95,92,327948
1.8768,0.1955,38.58,95,92,327952
1.8573,0.1808,38.65,95,92,327955
1.8964,0.1906,38.36,95,92,327958
1.8426,0.1857,38.58,95,92,327962
1.8426,0.1857,38.62,95,92,327965
1.8524,0.1906,38.46,95,92,327968
1.7937,0.1906,38.74,95,92,327972
1.7937,0.1906,38.62,95,92,327975
1.8426,0.2053,38.46,95,92,327980
1.8133,0.1906,38.71,95,92,327983
1.8280,0.2004,38.46,95,92,327986
1.8035,0.1906,38.65,95,92,327989
1.8084,0.1857,38.68,95,92,327993
1.8377,0.1955,38.52,95,92,327996
1.8231,0.1857,38.62,95,92,327999
1.8377,0.1906,38.52,95,92,328003
1.8084,0.1955,38.62,95,92,328006
1.8182,0.1906,38.65,95,92,328009
1.8280,0.1906,38.55,95,92,328013
1.7937,0.1857,38.71,95,92,328016
1.8280,0.2248,38.43,95,92,328019
1.8182,0.1857,38.65,95,92,328023
1.8280,0.1906,38.65,95,92,328027
1.8573,0.2004,38.52,95,92,328030
1.8377,0.1906,38.62,95,92,328033
1.8817,0.1955,37.59,95,92,328037
1.8524,0.1955,38.52,95,92,328040
1.8377,0.1711,38.65,95,92,328043
1.8475,0.1857,38.58,95,92,328047
1.8622,0.1857,38.65,95,92,328050
1.9013,0.2053,38.43,95,92,328053
1.8671,0.1857,38.49,95,92,328057
1.8622,0.1808,38.58,95,92,328060
1.8866,0.1906,38.81,95,92,328064
1.8768,0.2297,38.62,95,92,328067
1.9501,0.2004,38.46,95,92,328071
1.8768,0.1906,38.58,95,92,328074
1.8719,0.1857,38.52,95,92,328077
1.8964,0.1906,38.62,95,92,328081
1.8964,0.1857,38.68,95,92,328084
1.9355,0.2004,38.58,95,92,328087
1.9257,0.1906,38.62,95,92,328091
1.9306,0.1906,38.43,95,92,328094
1.8964,0.1711,38.65,95,92,328097
1.8964,0.1857,38.74,95,92,328100
1.9453,0.1955,38.55,95,92,328104
1.9404,0.1906,38.62,95,92,328108
1.9795,0.1906,38.52,95,92,328111
1.9550,0.1906,38.55,95,92,328115
1.9697,0.1857,38.62,95,92,328118
1.9892,0.1906,38.49,95,92,328121
1.9599,0.1906,38.58,95,92,328125
1.9697,0.1955,38.43,95,92,328128
1.9257,0.1857,38.55,95,92,328131
1.9013,0.1857,38.84,95,92,328134
1.8866,0.1955,38.62,95,92,328138
1.8671,0.1857,38.65,95,92,328141
1.8915,0.1955,38.36,95,92,328144
1.8573,0.1857,38.58,95,92,328148
1.8426,0.1857,38.65,95,92,328152
1.8231,0.2004,38.62,95,92,328155
1.7986,0.1857,38.62,95,92,328159
1.8426,0.2004,38.33,95,92,328162
1.8035,0.1955,38.52,95,92,328165
1.7889,0.1760,38.62,95,92,328169
1.8084,0.1906,38.55,95,92,328172
1.8280,0.2199,38.68,95,92,328175
1.8768,0.2004,38.43,95,92,328178
1.8426,0.1906,38.52,95,92,328182
1.8280,0.1906,38.52,95,92,328185
1.8280,0.1711,38.62,95,92,328188
1.8328,0.1857,38.65,95,92,328193
1.8573,0.2004,38.55,95,92,328196
1.8231,0.1955,38.58,95,92,328199
1.8377,0.1906,38.55,95,92,328203
1.8182,0.2053,38.62,95,92,328206
1.8426,0.1857,38.65,95,92,328209
1.8719,0.1955,38.55,95,92,328212
1.8671,0.1711,38.62,95,92,328216
1.9257,0.1906,38.55,95,92,328219
1.9453,0.1857,38.68,95,92,328222
2.0235,0.1857,38.65,95,92,328226
2.1310,0.1906,38.49,95,92,328229
2.2336,0.1808,38.65,95,92,328232
2.4682,0.1906,38.43,95,92,328237
2.6882,0.1857,38.58,95,92,328240
2.9374,0.1857,38.62,95,92,328243
3.2405,0.1955,38.55,95,92,328247
3.3871,0.1857,38.65,95,92,328250
3.4995,0.1955,38.36,95,92,328253
3.2796,0.1857,38.55,95,92,328256
2.9521,0.1857,38.65,95,92,328260
2.6491,0.1906,38.62,95,92,328263
2.3069,0.1857,38.65,95,92,328266
2.1163,0.2004,38.40,95,92,328270
1.8377,0.1857,38.52,95,92,328273
1.6422,0.1711,38.58,95,92,328276
1.5298,0.1906,38.46,95,92,328281
1.4712,0.1857,38.62,95,92,328284
1.4663,0.2004,38.52,95,92,328287
1.3978,0.1906,37.80,95,92,328290
1.3783,0.1857,38.52,95,92,328294
1.3734,0.1906,38.62,95,92,328297
1.3978,0.1857,38.52,95,92,328300
1.4565,0.1955,38.46,95,92,328304
1.4809,0.1906,38.52,95,92,328307
1.5445,0.1906,38.49,95,92,328310
1.5689,0.1711,38.65,95,92,328314
1.6080,0.1906,38.65,95,92,328317
1.6520,0.1955,38.55,95,92,328321
1.6471,0.2004,38.62,95,92,328325
1.6813,0.1906,38.49,95,92,328328
1.6373,0.1857,38.84,95,92,328331
1.6178,0.1857,38.62,95,92,328334
1.6422,0.1906,38.52,95,92,328338
1.6422,0.1857,38.74,95,92,328341
1.6862,0.1955,38.43,95,92,328344
1.6813,0.1857,38.71,95,92,328348
1.7009,0.1955,38.68,95,92,328351
1.7253,0.1955,38.58,95,92,328354
1.7302,0.1808,38.62,95,92,328358
1.7840,0.1955,38.36,95,92,328361
1.7546,0.1906,38.58,95,92,328365
1.7400,0.1857,38.71,95,92,328368
1.7546,0.1955,38.58,95,92,328372
1.7351,0.1857,38.68,95,92,328375
1.7937,0.2297,38.33,95,92,328378
1.7791,0.1906,38.52,95,92,328382
1.7742,0.1808,38.68,95,92,328385
1.7742,0.2102,38.58,95,92,328388
1.7742,0.1906,38.62,95,92,328392
1.8231,0.2004,38.46,95,92,328395
1.7937,0.2004,38.58,95,92,328398
1.8133,0.1857,38.52,95,92,328402
1.7595,0.1857,38.74,95,92,328406
1.7546,0.1808,38.62,95,92,328409
1.7742,0.1955,38.58,95,92,328412
1.7595,0.1906,38.62,95,92,328416
1.7937,0.1906,38.49,95,92,328419
1.7840,0.1906,38.62,95,92,328422
1.7889,0.1857,38.62,95,92,328426
1.8133,0.2053,38.55,95,92,328429
1.7840,0.1906,38.71,95,92,328432
1.8133,0.1857,38.49,95,92,328436
1.7791,0.1857,38.55,95,92,328439
1.7937,0.1857,38.65,95,92,328442
1.8133,0.1955,38.49,95,92,328446
1.7889,0.1955,38.62,95,92,328450
1.8182,0.1906,38.33,95,92,328453
1.8133,0.1906,38.58,95,92,328456
1.7986,0.1857,38.65,95,92,328460
1.8280,0.1906,38.55,95,92,328463
1.8231,0.1857,38.68,95,92,328466
1.8719,0.1906,38.36,95,92,328470
1.8280,0.1857,38.55,95,92,328473
1.8231,0.1857,38.65,95,92,328476
1.8182,0.1906,38.62,95,92,328480
1.8182,0.1857,38.65,95,92,328483
1.8671,0.2053,38.40,95,92,328486
1.8231,0.1955,38.71,95,92,328489
1.8231,0.1857,38.55,95,92,328494
1.8231,0.1955,38.62,95,92,328497
1.8182,0.1711,38.62,95,92,328500
1.8622,0.1955,38.49,95,92,328504
1.8475,0.1955,38.58,95,92,328507
1.8719,0.1906,38.52,95,92,328510
1.8671,0.1906,38.74,95,92,328514
1.8866,0.2102,38.62,95,92,328517
1.9208,0.1955,38.52,95,92,328520
1.9062,0.1906,38.58,95,92,328524
1.9355,0.1955,38.49,95,92,328527
1.9013,0.1857,38.62,95,92,328530
1.8964,0.1857,38.65,95,92,328534
1.9013,0.1808,38.52,95,92,328538
1.8817,0.1906,38.62,95,92,328541
1.9110,0.1857,38.46,95,92,328544
1.8817,0.1857,38.65,95,92,328548
1.8866,0.1857,38.65,95,92,328551
1.8964,0.1955,38.55,95,92,328554
1.8622,0.1857,38.77,95,92,328558
1.8817,0.1955,38.36,95,92,328561
1.8475,0.1906,38.55,95,92,328564
1.8280,0.1857,38.65,95,92,328568
1.8573,0.1906,38.58,95,92,328571
1.8280,0.1857,38.62,95,92,328574
1.8768,0.1955,38.33,95,92,328578
1.8328,0.1955,38.49,95,92,328582
1.8035,0.1906,38.62,95,92,328585
1.8084,0.1857,38.49,95,92,328589
1.7937,0.1808,38.68,95,92,328592
1.7889,0.1857,38.74,95,92,328595
1.8084,0.2102,38.55,95,92,328599
1.7889,0.2004,38.68,95,92,328602
1.8084,0.1955,38.46,95,92,328605
1.7840,0.1906,38.84,95,92,328609
1.7742,0.1955,38.65,95,92,328612
1.8182,0.1955,38.49,95,92,328615
1.7644,0.1906,38.62,95,92,328619
1.7937,0.2004,38.49,95,92,328623
1.7595,0.1857,38.58,95,92,328626
1.7449,0.1857,38.65,95,92,328629
1.7791,0.1955,38.49,95,92,328633
1.7498,0.1857,38.62,95,92,328636
1.7889,0.1906,38.46,95,92,328639
1.7986,0.1955,38.58,95,92,328643
1.7791,0.1857,38.62,95,92,328646
1.7986,0.2199,38.58,95,92,328649
1.7986,0.1906,38.65,95,92,328653
1.8377,0.1955,38.36,95,92,328656
1.7986,0.1857,38.55,95,92,328659
1.8035,0.1857,38.65,95,92,328663
1.8035,0.1955,38.65,95,92,328667
1.7889,0.1857,38.68,95,92,328670
1.8377,0.2102,38.36,95,92,328673
1.8084,0.1906,38.21,95,92,328677
1.7986,0.1857,38.58,95,92,328680
1.8133,0.1906,38.62,95,92,328683
1.8182,0.1857,38.71,95,92,328687
1.8817,0.2004,38.52,95,92,328690
1.8622,0.1906,38.58,95,92,328693
1.8768,0.1857,38.52,95,92,328696
1.8622,0.1857,38.62,95,92,328700
1.8671,0.1906,38.65,95,92,328704
1.9013,0.1955,38.46,95,92,328707
1.8866,0.1857,38.62,95,92,328711
1.9208,0.1906,38.49,95,92,328714
1.9013,0.1906,38.65,95,92,328717
1.9404,0.1711,38.65,95,92,328721
1.9159,0.1906,38.62,95,92,328724
1.9159,0.2199,38.58,95,92,328727
1.9550,0.1857,38.49,95,92,328731
1.9404,0.1906,38.58,95,92,328734
1.9550,0.1857,38.62,95,92,328737
1.9697,0.1955,38.52,95,92,328740
1.9355,0.1857,38.62,95,92,328744
1.9746,0.1906,38.40,95,92,328748
1.8964,0.1906,38.55,95,92,328751
1.8524,0.1857,38.65,95,92,328755
1.8524,0.1906,38.55,95,92,328758
1.8133,0.1857,38.68,95,92,328761
1.8475,0.2004,38.36,95,92,328765
1.7986,0.1906,38.52,95,92,328768
1.7889,0.1857,38.71,95,92,328771
1.7889,0.1906,38.62,95,92,328774
1.8035,0.1808,38.65,95,92,328778
1.8084,0.2053,38.36,95,92,328781
1.7546,0.1906,38.55,95,92,328784
1.7400,0.1857,38.58,95,92,328788
1.7351,0.1906,38.62,95,92,328792
1.7400,0.1808,38.68,95,92,328795
1.7791,0.2004,38.49,95,92,328799
1.7595,0.1906,38.58,95,92,328802
1.7644,0.1857,38.52,95,92,328805
1.7546,0.1906,38.62,95,92,328809
1.7546,0.1857,38.62,95,92,328812
1.7840,0.1955,38.43,95,92,328815
1.7595,0.1906,38.62,95,92,328818
1.7693,0.1955,38.49,95,92,328822
1.7449,0.1857,38.65,95,92,328825
1.7498,0.1857,38.62,95,92,328828
1.7889,0.1906,38.62,95,92,328833
1.7986,0.1906,38.65,95,92,328836
1.8671,0.2004,38.46,95,92,328839
1.8866,0.1857,38.62,95,92,328843
1.9599,0.1906,38.65,95,92,328846
2.0723,0.1955,38.52,95,92,328849
2.1994,0.1857,38.62,95,92,328852
2.4291,0.1906,38.40,95,92,328856
2.6149,0.1808,38.65,95,92,328859
2.8788,0.1808,38.62,95,92,328862
3.1525,0.1955,38.58,95,92,328866
3.2991,0.1906,38.62,95,92,328869
3.4115,0.1906,38.36,95,92,328872
3.2063,0.1906,38.52,95,92,328877
2.8788,0.1906,38.65,95,92,328880
2.5562,0.1906,38.68,95,92,328883
2.2336,0.1857,38.77,95,92,328886
2.0283,0.2199,38.40,95,92,328890
1.7791,0.1906,38.52,95,92,328893
1.6080,0.1857,38.58,95,92,328896
1.4907,0.1906,38.62,95,92,328900
1.4076,0.1857,38.62,95,92,328903
1.3978,0.1906,38.49,95,92,328906
1.3539,0.1906,38.52,95,92,328910
1.3490,0.1857,38.52,95,92,328913
1.3441,0.1906,38.62,95,92,328916
1.3734,0.1955,38.62,95,92,328921
1.4321,0.1955,38.55,95,92,328924
1.4418,0.1906,38.65,95,92,328927
1.4809,0.1955,38.55,95,92,328930
1.4858,0.1906,38.65,95,92,328934
1.5005,0.1857,38.62,95,92,328937
1.5445,0.2004,38.55,95,92,328940
1.5347,0.1906,38.65,95,92,328944
1.5738,0.1906,38.52,95,92,328947
1.5543,0.1955,38.55,95,92,328950
1.5640,0.1857,38.65,95,92,328954
1.5982,0.1955,38.52,95,92,328957
1.5934,0.1857,38.65,95,92,328961
1.6276,0.1906,38.43,95,92,328964
1.6276,0.2151,38.55,95,92,328968
1.6471,0.1808,38.62,95,92,328971
1.6716,0.1955,38.52,95,92,328974
1.6618,0.1808,38.65,95,92,328978
1.7204,0.1955,38.40,95,92,328981
1.6764,0.1857,38.55,95,92,328984
1.6862,0.1857,38.65,95,92,328988
1.6960,0.1955,38.62,95,92,328991
1.6911,0.1857,38.58,95,92,328994
1.7400,0.2102,38.36,95,92,328998
1.7058,0.1955,38.58,95,92,329001
1.6960,0.1808,38.62,95,92,329005
1.7155,0.1808,38.62,95,92,329008
1.7204,0.1808,38.62,95,92,329012
1.7742,0.1906,38.43,95,92,329015
1.7449,0.1906,38.55,95,92,329018
1.7693,0.1906,38.52,95,92,329022
1.7351,0.1906,38.62,95,92,329025
1.7498,0.1857,38.49,95,92,329028
1.7840,0.1955,38.49,95,92,329032
1.7693,0.1906,38.62,95,92,329035
1.7791,0.1906,38.52,95,92,329038
1.7498,0.1857,38.65,95,92,329041
1.7498,0.1857,38.74,95,92,329046
1.7644,0.2151,38.55,95,92,329049
1.7546,0.1906,38.65,95,92,329052
1.7937,0.1906,38.55,95,92,329056
1.7644,0.1955,38.62,95,92,329059
1.7889,0.1857,38.65,95,92,329062
1.7937,0.1955,38.52,95,92,329066
1.7889,0.1906,38.68,95,92,329069
1.8182,0.1906,38.40,95,92,329072
1.8035,0.1906,38.52,95,92,329075
1.8035,0.1857,38.65,95,92,329079
1.8622,0.2004,38.52,95,92,329082
1.8133,0.1906,38.65,95,92,329085
1.8719,0.1955,38.33,95,92,329090
1.8426,0.1857,38.55,95,92,329093
1.8328,0.1857,38.71,95,92,329096
1.8426,0.1955,38.62,95,92,329100
1.8377,0.1857,38.65,95,92,329103
1.8964,0.2102,38.33,95,92,329106
1.8671,0.1955,38.55,95,92,329110
1.8622,0.1857,38.05,95,92,329113
1.8671,0.1955,38.58,95,92,329116
1.8768,0.1906,38.58,95,92,329119
1.9306,0.2053,38.46,95,92,329123
1.9110,0.1955,38.62,95,92,329126
1.9404,0.1711,38.52,95,92,329129
1.9355,0.1906,38.62,95,92,329134
1.9599,0.1906,38.65,95,92,329137
1.9892,0.2004,38.46,95,92,329140
1.9648,0.1955,38.62,95,92,329144
1.9941,0.1955,38.49,95,92,329147
1.9746,0.1906,38.74,95,92,329150
1.9844,0.1906,38.65,95,92,329153
2.0186,0.1906,38.52,95,92,329157
1.9990,0.1906,38.62,95,92,329160
2.0283,0.1857,37.74,95,92,329163
1.9941,0.1857,38.58,95,92,329167
1.9990,0.1955,38.62,95,92,329170
2.0137,0.1906,38.58,95,92,329174
1.9941,0.1906,38.62,95,92,329178
2.0283,0.1955,38.43,95,92,329181
1.9746,0.1906,38.71,95,92,329184
1.9746,0.2004,38.62,95,92,329188
1.9844,0.1955,38.55,95,92,329191
1.9453,0.1906,38.62,95,92,329195
1.9355,0.1857,38.68,95,92,329198
1.9844,0.2053,38.40,95,92,329201
1.9501,0.1955,38.58,95,92,329204
1.9404,0.1857,38.55,95,92,329208
1.9306,0.1955,38.62,95,92,329211
1.9355,0.1857,38.65,95,92,329214
1.9599,0.2004,38.49,95,92,329219
1.9306,0.1906,38.58,95,92,329222
1.9453,0.1857,38.49,95,92,329225
1.9208,0.1906,37.87,95,92,329229
1.9159,0.1808,38.65,95,92,329232
1.9355,0.1955,38.55,95,92,329235
1.9159,0.1906,38.68,95,92,329238
1.9404,0.1955,38.52,95,92,329242
1.9159,0.1906,38.65,95,92,329245
1.9159,0.1857,38.65,95,92,329248
1.9453,0.1955,38.52,95,92,329252
1.9208,0.1906,38.62,95,92,329255
1.9501,0.1906,38.49,95,92,329259
1.9306,0.2102,38.55,95,92,329263
1.9306,0.1906,38.65,95,92,329266
1.9501,0.2004,38.49,95,92,329269
1.9355,0.1906,38.65,95,92,329272
1.9844,0.1906,38.40,95,92,329276
1.9550,0.1857,38.49,95,92,329279
1.9501,0.1906,38.68,95,92,329282
1.9599,0.1906,38.58,95,92,329286
1.9550,0.1906,38.77,95,92,329289
2.0137,0.2004,38.36,95,92,329292
1.9746,0.1857,38.55,95,92,329296
1.9746,0.1808,38.58,95,92,329299
1.9844,0.1955,38.62,95,92,329303
1.9844,0.1857,38.65,95,92,329307
2.0430,0.2102,38.46,95,92,329310
2.0137,0.2053,38.55,95,92,329313
2.0137,0.1711,38.52,95,92,329316
2.0088,0.1906,38.62,95,92,329320
2.0088,0.2004,38.62,95,92,329323
2.0528,0.2004,38.46,95,92,329326
2.0186,0.1906,38.65,95,92,329330
2.0430,0.1906,38.52,95,92,329333
2.0332,0.1906,38.68,95,92,329336
2.0479,0.1857,38.62,95,92,329339
2.0821,0.1955,38.52,95,92,329344
2.0723,0.1906,38.62,95,92,329347
2.1065,0.1906,38.49,95,92,329350
2.0870,0.1857,38.58,95,92,329354
2.0968,0.1857,38.62,95,92,329357
2.1114,0.1955,38.55,95,92,329360
2.0968,0.1906,38.84,95,92,329364
2.1065,0.1955,38.52,95,92,329367
2.0577,0.1857,38.65,95,92,329370
2.0381,0.1857,38.68,95,92,329373
2.0381,0.1955,38.46,95,92,329377
1.9941,0.1857,38.62,95,92,329380
2.0137,0.1906,38.40,95,92,329383
1.9795,0.2199,38.52,95,92,329388
1.9550,0.1808,38.65,95,92,329391
1.9697,0.1955,38.58,95,92,329394
1.9453,0.2199,38.65,95,92,329398
1.9844,0.1906,38.36,95,92,329401
1.9208,0.1906,38.58,95,92,329404
1.9013,0.1857,38.65,95,92,329408
1.8964,0.1955,38.58,95,92,329411
1.8817,0.1857,38.62,95,92,329414
1.9697,0.2004,38.43,95,92,329417
1.8964,0.1906,38.49,95,92,329421
1.8964,0.1808,38.58,95,92,329424
1.9062,0.1857,38.62,95,92,329427
1.8964,0.1857,38.71,95,92,329432
1.9355,0.2102,38.49,95,92,329435
1.9110,0.1906,38.62,95,92,329438
1.9159,0.1857,38.55,95,92,329442
1.9306,0.1906,38.65,95,92,329445
1.9208,0.1857,38.65,95,92,329448
1.9599,0.1955,38.49,95,92,329451
1.9746,0.1808,38.62,95,92,329455
1.9990,0.1906,38.49,95,92,329458
1.9941,0.1857,38.71,95,92,329461
2.0283,0.1857,38.65,95,92,329465
2.1114,0.1906,38.52,95,92,329468
2.1701,0.1906,38.65,95,92,329472
2.3216,0.1857,38.46,95,92,329476
2.4487,0.1906,38.58,95,92,329479
2.6540,0.1857,38.65,95,92,329482
2.9081,0.1906,38.52,95,92,329485
3.1281,0.1857,38.77,95,92,329489
3.3822,0.1955,38.40,95,92,329492
3.4115,0.1857,38.62,95,92,329495
3.3333,0.1857,38.71,95,92,329499
3.1476,0.1955,38.58,95,92,329502
2.7810,0.1857,38.74,95,92,329505
2.5415,0.2248,38.36,95,92,329509
2.2385,0.1857,38.55,95,92,329512
2.0088,0.1857,38.65,95,92,329516
1.8426,0.1955,38.58,95,92,329520
1.7009,0.1857,38.68,95,92,329523
1.6471,0.2053,38.36,95,92,329526
1.5543,0.1808,38.52,95,92,329529
1.5103,0.1808,38.58,95,92,329533
1.4956,0.1906,38.77,95,92,329536
1.4907,0.1906,38.62,95,92,329539
1.5640,0.1955,38.49,95,92,329543
1.5445,0.1906,38.71,95,92,329546
1.5640,0.2004,38.55,95,92,329549
1.5836,0.1808,38.62,95,92,329553
1.5885,0.1857,38.62,95,92,329556
1.6276,0.2053,38.55,95,92,329560
1.6227,0.1857,38.62,95,92,329563
1.6618,0.1906,38.55,95,92,329567
1.6520,0.1906,38.68,95,92,329570
1.6667,0.1857,38.62,95,92,329573
1.7058,0.1906,38.55,95,92,329577
1.6862,0.1857,38.62,95,92,329580
1.7155,0.1857,38.46,95,92,329583
1.7009,0.1711,38.58,95,92,329587
1.7107,0.1857,38.62,95,92,329590
1.7546,0.2004,38.46,95,92,329593
1.7302,0.1711,38.62,95,92,329597
1.7791,0.1906,38.46,95,92,329601
1.7644,0.1808,38.58,95,92,329604
1.7791,0.1857,38.62,95,92,329607
1.7937,0.1906,38.65,95,92,329611
1.7889,0.1857,38.74,95,92,329614
1.8377,0.1955,38.36,95,92,329617
1.7986,0.1857,38.65,95,92,329621
1.8035,0.1857,38.65,95,92,329624
1.8182,0.1808,38.62,95,92,329627
1.8133,0.1857,38.30,95,92,329631
1.8768,0.2297,38.40,95,92,329634
1.8524,0.1906,38.55,95,92,329637
1.8231,0.1808,38.58,95,92,329640
1.8280,0.1906,38.62,95,92,329645
1.8231,0.1808,38.62,95,92,329648
1.8719,0.1955,38.49,95,92,329651
1.8475,0.1955,38.58,95,92,329655
1.8573,0.1857,38.52,95,92,329658
1.8475,0.1857,38.49,95,92,329661
1.8524,0.2004,38.62,95,92,329665
1.8866,0.1906,38.49,95,92,329668
1.8719,0.1857,38.65,95,92,329671
1.8964,0.1857,38.43,95,92,329674
1.8719,0.1906,38.62,95,92,329678
1.8768,0.1857,38.52,95,92,329681
1.8915,0.1857,38.55,95,92,329684
1.8915,0.1857,38.62,95,92,329689
1.9208,0.1857,38.49,95,92,329692
1.9062,0.1906,38.68,95,92,329695
1.9110,0.1808,38.65,95,92,329699
1.9257,0.1906,38.55,95,92,329702
1.9306,0.1906,38.62,95,92,329705
1.9404,0.1906,38.43,95,92,329709
1.9257,0.1857,38.71,95,92,329712
1.9159,0.1955,38.68,95,92,329715
1.9355,0.1906,38.77,95,92,329718
1.9159,0.2297,38.65,95,92,329722
1.9599,0.1955,38.40,95,92,329725
1.9257,0.1857,38.46,95,92,329729
1.9208,0.1857,38.65,95,92,329733
1.9306,0.1906,38.62,95,92,329736
1.9208,0.1857,38.65,95,92,329739
1.9746,0.2053,38.40,95,92,329743
1.9257,0.1906,38.55,95,92,329746
1.9355,0.1808,38.52,95,92,329749
1.9453,0.1955,38.68,95,92,329753
1.9550,0.1857,38.84,95,92,329756
2.0088,0.2053,38.52,95,92,329759
1.9892,0.1906,38.58,95,92,329762
2.0039,0.1711,38.52,95,92,329766
1.9795,0.1906,38.68,95,92,329769
1.9844,0.2102,38.62,95,92,329773
2.0235,0.1955,38.46,95,92,329777
1.9892,0.1857,37.87,95,92,329780
2.0088,0.2053,38.55,95,92,329783
1.9844,0.1906,38.65,95,92,329787
1.9844,0.1857,38.65,95,92,329790
1.9941,0.2004,38.52,95,92,329793
1.9648,0.1857,38.62,95,92,329796
1.9990,0.1857,38.52,95,92,329800
1.9648,0.1857,38.40,94,92,329803
1.9501,0.1808,38.65,94,92,329807
1.9501,0.1857,38.65,94,92,329810
1.9648,0.1955,38.58,94,92,329814
1.9404,0.2053,38.62,94,92,329818
1.9892,0.1955,38.36,94,92,329821
1.9648,0.1906,38.52,94,92,329824
1.9453,0.1808,38.62,94,92,329827
1.9550,0.1906,38.62,94,92,329831
1.9306,0.1857,38.65,94,92,329834
1.9941,0.2053,38.40,94,92,329837
1.9404,0.1906,38.55,94,92,329841
1.9208,0.1857,38.55,94,92,329844
1.9062,0.1857,38.65,94,92,329847
1.9062,0.1857,38.62,94,92,329851
1.9306,0.1955,38.68,94,92,329854
1.9062,0.2004,38.65,94,92,329858
1.9159,0.1857,38.49,94,92,329862
1.8964,0.1857,38.62,94,92,329865
1.8964,0.1808,38.62,94,92,329868
1.9110,0.1906,38.58,94,92,329871
1.8915,0.1906,38.58,94,92,329875
1.9110,0.2248,38.49,94,92,329878
1.8866,0.1808,38.62,94,92,329881
1.8964,0.1857,38.68,94,92,329885
1.9257,0.1808,38.55,94,92,329888
1.9013,0.1857,38.58,94,92,329891
1.9257,0.1906,38.49,94,92,329895
1.8964,0.1808,38.55,94,92,329899
1.8915,0.1857,38.71,94,92,329902
1.9306,0.1906,38.52,94,92,329906
1.9013,0.1857,38.62,94,92,329909
1.9404,0.1906,38.43,94,92,329912
1.9159,0.1711,38.58,94,92,329915
1.9110,0.1857,38.74,94,92,329919
1.9355,0.1857,38.68,94,92,329922
1.9355,0.1857,38.65,94,92,329925
1.9892,0.1955,38.33,94,92,329929
1.9795,0.1857,38.55,94,92,329932
1.9550,0.1515,38.74,94,92,329935
1.9746,0.1906,38.58,94,92,329939
1.9697,0.1857,38.65,94,92,329943
2.0283,0.2004,38.52,94,92,329946
1.9990,0.1906,38.58,94,92,329949
1.9892,0.1906,38.55,94,92,329953
1.9892,0.1857,38.68,94,92,329956
1.9990,0.1857,38.71,94,92,329959
2.0430,0.1955,38.46,94,92,329963
2.0283,0.1906,38.58,94,92,329966
2.0430,0.1857,38.52,94,92,329969
2.0283,0.1857,38.71,94,92,329973
2.0283,0.1857,38.65,94,92,329976
2.0674,0.1906,38.46,94,92,329979
2.0430,0.1857,38.62,94,92,329982
2.0723,0.1906,38.52,94,92,329987
2.0381,0.1857,38.84,94,92,329990
2.0528,0.1808,38.65,94,92,329993
2.0235,0.1955,38.55,94,92,329997
1.9892,0.1857,38.62,94,92,330000
1.9941,0.1857,38.49,94,92,330003
1.9355,0.1711,38.62,94,92,330007
1.9306,0.1857,38.55,94,92,330010
1.9306,0.1955,38.55,94,92,330013
1.8866,0.1857,38.65,94,92,330016
1.9062,0.2004,38.40,94,92,330020
1.8671,0.1857,38.52,94,92,330023
1.8426,0.1857,38.62,94,92,330027
1.8524,0.1955,38.55,94,92,330031
1.8280,0.1711,38.65,94,92,330034
1.8719,0.1906,38.33,94,92,330037
1.8328,0.1857,38.52,94,92,330041
1.8280,0.1857,38.65,94,92,330044
1.8280,0.1857,38.58,94,92,330047
1.8133,0.2004,38.62,94,92,330050
1.8573,0.2004,38.40,94,92,330054
1.8084,0.1906,38.55,94,92,330057
1.7986,0.1808,38.58,94,92,330060
1.7986,0.1857,38.62,94,92,330064
1.7937,0.1857,38.71,94,92,330067
1.8622,0.1955,38.49,94,92,330071
1.8231,0.1906,38.58,94,92,330075
1.8426,0.1857,38.55,94,92,330078
1.8475,0.1857,38.65,94,92,330081
1.8622,0.1857,38.65,94,92,330085
1.9257,0.1857,38.46,94,92,330088
1.9404,0.1906,38.62,94,92,330091
2.0283,0.1906,38.62,94,92,330094
2.1065,0.1906,38.71,94,92,330098
2.2434,0.1857,38.68,94,92,330101
2.4487,0.1906,38.52,94,92,330104
2.6344,0.1857,38.74,94,92,330108
2.9032,0.1808,38.49,94,92,330112
3.0987,0.1857,38.58,94,92,330115
3.2796,0.1857,38.68,94,92,330119
3.3578,0.1857,38.52,94,92,330122
3.2063,0.1857,38.62,94,92,330125
2.9814,0.1906,38.43,94,92,330128
2.6002,0.1857,38.62,94,92,330132
2.2972,0.1857,38.62,94,92,330135
2.0479,0.1906,38.65,94,92,330138
1.8182,0.1857,38.62,94,92,330142
1.6960,0.1955,38.40,94,92,330145
1.5494,0.1906,38.49,94,92,330148
1.4565,0.1857,38.62,94,92,330152
1.4174,0.1906,38.65,94,92,330156
1.3881,0.1857,38.65,94,92,330159
1.4174,0.2004,38.40,94,92,330163
1.3832,0.1906,38.52,94,92,330166
1.3978,0.1808,38.58,94,92,330169
1.4223,0.1955,38.62,94,92,330172
1.4418,0.1857,38.65,94,92,330176
1.5005,0.1955,37.71,94,92,330179
1.5005,0.1955,38.58,94,92,330182
1.5396,0.1711,38.52,94,92,330186
1.5494,0.1857,38.65,94,92,330189
1.5738,0.1857,38.65,94,92,330192
1.6031,0.1906,38.81,94,92,330196
1.5934,0.2248,38.62,94,92,330200
1.6178,0.1906,38.49,94,92,330203
1.5885,0.2102,38.65,94,92,330206
1.5934,0.1857,38.65,94,92,330210
1.6373,0.1955,38.55,94,92,330213
1.6129,0.1808,38.62,94,92,330216
1.6325,0.1857,38.49,94,92,330220
1.6227,0.1857,38.55,94,92,330223
1.6373,0.1808,38.65,94,92,330226
1.6716,0.2053,38.55,94,92,330230
1.7107,0.1808,38.65,94,92,330233
1.7253,0.1906,38.40,94,92,330236
1.7009,0.1906,38.52,94,92,330241
1.6862,0.1857,38.62,94,92,330244
1.6960,0.1906,38.58,94,92,330247
1.6764,0.1857,38.65,94,92,330250
1.7204,0.1955,38.33,94,92,330254
1.6911,0.1857,38.55,94,92,330257
1.7058,0.1808,38.96,94,92,330260
1.7155,0.1808,38.62,94,92,330264
1.7107,0.1857,38.62,94,92,330267
1.7644,0.2053,38.40,94,92,330270
1.7302,0.1955,38.58,94,92,330274
1.7449,0.1808,38.55,94,92,330277
1.7498,0.1906,38.62,94,92,330280
1.7840,0.1857,38.65,94,92,330285
1.8182,0.1955,38.43,94,92,330288
1.7937,0.1955,38.58,94,92,330291
1.7937,0.1711,38.55,94,92,330294
1.7595,0.1857,38.65,94,92,330298
1.7693,0.1808,38.62,94,92,330301
1.7840,0.1955,38.52,94,92,330304
1.7742,0.1857,38.62,94,92,330308
1.8133,0.2004,38.49,94,92,330311
1.8035,0.1857,38.65,94,92,330314
1.8133,0.1857,38.55,94,92,330318
1.8280,0.1808,38.55,94,92,330321
1.8231,0.1857,38.62,94,92,330324
1.8524,0.1857,38.52,94,92,330328
1.8280,0.1906,38.62,94,92,330332
1.8328,0.1857,38.65,94,92,330335
1.8426,0.1955,38.55,94,92,330338
1.8328,0.1857,38.62,94,92,330342
1.8817,0.1906,38.36,94,92,330345
1.8622,0.1955,38.55,94,92,330348
1.8426,0.1857,38.65,94,92,330352
1.8524,0.1955,38.58,94,92,330355
1.8231,0.1857,38.65,94,92,330358
1.8866,0.1955,38.33,94,92,330362
1.8524,0.1906,38.52,94,92,330365
1.8671,0.1808,38.62,94,92,330369
1.8915,0.1906,38.58,94,92,330372
1.9013,0.1808,38.68,94,92,330376
1.9892,0.2004,38.43,94,92,330379
1.9159,0.1906,38.55,94,92,330382
1.9110,0.1857,38.52,94,92,330386
1.9062,0.1906,38.62,94,92,330389
1.9110,0.1857,38.62,94,92,330392
1.9599,0.1955,38.52,94,92,330396
1.9550,0.1906,38.58,94,92,330399
1.9795,0.1906,37.93,94,92,330402
1.9599,0.1808,38.62,94,92,330406
1.9355,0.1857,38.65,94,92,330409
1.9648,0.2004,38.49,95,92,330413
1.9501,0.1906,38.52,95,92,330417
1.9306,0.1857,38.68,95,92,330420
1.9648,0.1955,38.40,95,92,330423
1.9306,0.1906,38.58,95,92,330427
1.9110,0.1857,38.68,95,92,330430
1.9159,0.1955,38.58,95,92,330433
1.8915,0.1906,38.62,95,92,330437
1.9355,0.2004,38.40,95,92,330440
1.8915,0.1906,38.55,95,92,330443
1.9013,0.1857,38.65,95,92,330447
1.9110,0.1906,38.62,95,92,330450
1.8915,0.1857,38.65,95,92,330454
1.9306,0.2102,38.36,95,92,330457
1.8768,0.2102,38.52,95,92,330461
1.8671,0.1857,38.58,95,92,330464
1.8573,0.2151,38.62,95,92,330467
1.8671,0.1906,38.65,95,92,330471
1.8915,0.2004,37.87,95,92,330474
1.8573,0.2053,38.58,95,92,330477
1.8573,0.1906,38.52,95,92,330481
1.8280,0.1857,38.62,95,92,330484
1.8280,0.1955,38.65,95,92,330487
1.8671,0.2004,38.52,95,92,330491
1.8524,0.1906,38.62,95,92,330494
1.8817,0.2004,38.52,95,92,330498
1.8719,0.1906,38.65,95,92,330501
1.8622,0.1906,38.77,95,92,330505
1.8671,0.1955,38.52,95,92,330508
1.8524,0.1955,38.62,95,92,330511
1.8817,0.1906,38.46,95,92,330515
1.8622,0.1955,38.65,95,92,330518
1.8524,0.1906,38.65,95,92,330521
1.8768,0.2004,38.52,95,92,330525
1.8475,0.1808,38.65,95,92,330528
1.8866,0.1955,38.40,95,92,330531
1.8817,0.1906,38.52,95,92,330534
1.8671,0.1857,38.62,95,92,330539
1.8915,0.1955,38.55,95,92,330542
1.8768,0.1906,38.65,95,92,330545
1.9257,0.2004,38.40,95,92,330549
1.9013,0.1955,38.55,95,92,330552
1.8671,0.1906,38.65,95,92,330555
1.8768,0.1906,38.55,95,92,330559
1.8622,0.1857,38.62,95,92,330562
1.9110,0.2102,38.43,95,92,330565
1.8622,0.1955,38.52,95,92,330568
1.8768,0.1857,38.52,95,92,330572
1.9013,0.1955,38.62,95,92,330575
1.9306,0.2004,38.62,95,92,330578
1.9795,0.2053,38.49,95,92,330583
1.9257,0.1906,38.58,95,92,330586
1.9159,0.1906,38.74,95,92,330589
1.9110,0.1955,38.62,95,92,330593
1.9257,0.1906,38.62,95,92,330596
1.9795,0.2004,38.46,95,92,330599
1.9844,0.1906,38.62,95,92,330603
2.0186,0.1955,38.49,95,92,330606
1.9892,0.1906,38.62,95,92,330609
1.9795,0.1808,38.65,95,92,330612
1.9990,0.1955,38.52,95,92,330616
1.9501,0.1906,38.68,95,92,330619
1.9501,0.1906,38.49,95,92,330622
1.8719,0.1808,38.58,95,92,330627
1.8328,0.1906,38.71,95,92,330630
1.8231,0.2102,38.52,95,92,330633
1.8035,0.1906,38.62,95,92,330637
1.8573,0.1955,38.49,95,92,330640
1.8426,0.1955,38.62,95,92,330643
1.8280,0.1857,38.65,95,92,330646
1.8328,0.2004,38.55,95,92,330650
1.7986,0.1955,38.65,95,92,330653
1.8182,0.2004,38.40,95,92,330656
1.7840,0.1955,38.52,95,92,330660
1.8084,0.1906,38.65,95,92,330663
1.7889,0.1955,38.62,95,92,330667
1.7595,0.1906,38.65,95,92,330671
1.8084,0.2053,38.40,95,92,330674
1.7840,0.2004,38.52,95,92,330677
1.7742,0.1857,38.58,95,92,330680
1.7840,0.1906,38.62,95,92,330684
1.7693,0.2004,38.68,95,92,330687
1.8475,0.2004,38.49,95,92,330690
1.7889,0.1955,38.71,95,92,330694
1.7889,0.1857,38.55,95,92,330697
1.7742,0.1955,38.65,95,92,330700
1.7889,0.1808,38.71,95,92,330704
1.8524,0.1906,38.58,95,92,330707
1.8866,0.1955,38.68,95,92,330711
1.9648,0.1955,38.46,95,92,330714
2.0186,0.1955,38.62,95,92,330718
2.1310,0.1906,38.65,95,92,330721
2.3118,0.2053,38.52,95,92,330724
2.4878,0.1906,38.62,95,92,330728
2.7810,0.1906,38.87,95,92,330731
3.0059,0.1906,38.55,95,92,330734
3.2405,0.1955,38.62,95,92,330738
3.3871,0.1955,38.49,95,92,330741
3.3089,0.1857,38.62,95,92,330744
3.1378,0.1955,38.43,95,92,330748
2.7615,0.1906,38.55,95,92,330752
2.4438,0.1906,38.62,95,92,330755
2.2239,0.2053,38.55,95,92,330758
1.9257,0.1906,38.62,95,92,330762
1.7644,0.2053,38.36,95,92,330765
1.5640,0.1906,38.62,95,92,330768
1.4565,0.1906,38.84,95,92,330772
1.3832,0.1955,38.65,95,92,330775
1.3392,0.1906,38.74,95,92,330778
1.3734,0.2102,38.40,95,92,330782
1.3539,0.1906,38.58,95,92,330785
1.3783,0.1857,38.58,95,92,330788
1.4272,0.1955,38.62,95,92,330792
1.4663,0.1906,38.77,95,92,330796
1.5200,0.2053,38.43,95,92,330799
1.5054,0.1906,38.58,95,92,330802
1.5005,0.1906,38.52,95,92,330806
1.5103,0.1906,38.84,95,92,330809
1.5396,0.1857,38.65,95,92,330812
1.5885,0.2004,38.49,95,92,330816
1.5787,0.1955,38.65,95,92,330819
1.6080,0.1955,38.49,95,92,330822
1.6129,0.1955,38.65,95,92,330826
1.6373,0.1857,38.68,95,92,330829
1.6667,0.1955,38.52,95,92,330832
1.6667,0.1906,38.62,95,92,330835
1.6911,0.1955,38.46,95,92,330840
1.6569,0.1906,38.65,95,92,330843
1.6618,0.1906,38.65,95,92,330846
1.6764,0.2053,38.55,95,92,330850
1.6569,0.1906,38.65,95,92,330853
1.7009,0.1955,38.40,95,92,330856
1.6862,0.1955,38.49,95,92,330860
1.6764,0.1955,38.62,95,92,330863
1.7009,0.2004,38.52,95,92,330866
1.6813,0.1906,38.71,95,92,330869
1.7253,0.2199,38.36,95,92,330873
1.6960,0.1955,38.68,95,92,330876
1.6960,0.1955,38.68,95,92,330880
1.7107,0.2102,38.68,95,92,330884
1.6960,0.1955,38.62,95,92,330887
1.7400,0.2102,38.46,95,92,330890
1.7107,0.1955,38.55,95,92,330894
1.7107,0.1906,38.58,95,92,330897
1.7009,0.1955,38.74,95,92,330900
1.6911,0.1906,38.62,95,92,330904
1.7351,0.2151,38.49,95,92,330907
1.7009,0.1955,38.65,95,92,330910
1.7107,0.1906,38.49,95,92,330913
1.7009,0.1955,38.68,95,92,330917
1.6911,0.1906,38.36,95,92,330920
1.7155,0.2053,38.46,95,92,330924
1.6911,0.1955,38.58,95,92,330928
1.7107,0.2004,38.52,95,92,330931
1.6813,0.2004,38.68,95,92,330934
1.6911,0.1955,38.68,95,92,330938
1.7107,0.1955,38.55,95,92,330941
1.7009,0.2053,38.65,95,92,330944
1.7449,0.2004,38.52,95,92,330947
1.7204,0.1808,38.62,95,92,330951
1.7351,0.1906,38.68,95,92,330954
1.7449,0.1906,38.52,95,92,330957
1.7351,0.1955,38.62,95,92,330961
1.7693,0.1955,38.43,95,92,330964
1.7546,0.1955,38.65,95,92,330968
1.7546,0.1906,38.65,95,92,330972
1.7644,0.2004,38.58,95,92,330975
1.7595,0.1955,38.65,95,92,330978
1.8035,0.2004,38.36,95,92,330981
1.7937,0.2004,38.58,95,92,330985
1.7840,0.1906,38.52,95,92,330988
1.8035,0.2004,38.58,95,92,330991
1.7937,0.1906,38.65,95,92,330995
1.8475,0.2102,38.08,95,92,330998
1.8328,0.1955,38.49,95,92,331001
1.8133,0.1857,38.58,95,92,331005
1.8182,0.1955,38.81,95,92,331009
1.8182,0.2053,38.65,95,92,331012
1.8768,0.2102,38.49,95,92,331015
1.8524,0.2004,37.83,95,92,331019
1.8573,0.2248,38.52,95,92,331022
1.8573,0.1955,38.65,95,92,331025
1.8035,0.1906,38.65,95,92,331030
1.7937,0.1906,38.58,95,92,331033
1.8231,0.2053,38.55,95,92,331037
1.7986,0.1955,38.65,95,92,331040
1.8182,0.1955,38.40,95,92,331043
1.7986,0.1955,38.55,95,92,331047
1.7937,0.1906,38.65,95,92,331051
1.8084,0.2102,38.55,95,92,331054
1.7889,0.1955,38.65,95,92,331058
1.8231,0.2004,38.40,95,92,331061
1.7889,0.1955,38.55,95,92,331064
1.8035,0.2004,38.62,95,92,331067
1.7791,0.2004,38.58,95,92,331071
1.7546,0.1906,38.65,95,92,331074
1.7937,0.2053,38.33,95,92,331077
1.7498,0.1906,38.55,95,92,331081
1.7400,0.1906,38.62,95,92,331084
1.7400,0.1955,38.58,95,92,331087
1.7302,0.1955,38.62,95,92,331091
1.7889,0.2053,38.43,95,92,331095
1.7546,0.2102,38.55,95,92,331098
1.7449,0.1955,38.55,95,92,331101
1.7351,0.1955,38.62,95,92,331105
1.7204,0.1955,38.65,95,92,331108
1.7449,0.2053,38.46,95,92,331111
1.7107,0.1857,38.62,95,92,331115
1.7107,0.1906,38.52,95,92,331118
1.7009,0.1906,38.65,95,92,331121
1.6960,0.1906,38.65,95,92,331125
1.7253,0.2004,38.55,95,92,331128
1.7155,0.1955,38.62,95,92,331131
1.7449,0.2004,38.58,95,92,331134
1.7302,0.1955,38.65,95,92,331139
1.7351,0.1955,38.65,95,92,331142
1.7449,0.1955,38.65,95,92,331145
1.7351,0.2004,38.68,95,92,331149
1.7791,0.1955,38.46,95,92,331152
1.7253,0.1906,38.62,95,92,331155
1.7595,0.1955,38.62,95,92,331159
1.7498,0.2053,38.62,95,92,331162
1.7498,0.1955,38.62,95,92,331165
1.7742,0.2004,38.36,95,92,331169
1.7644,0.2004,38.52,95,92,331172
1.7595,0.1955,38.62,95,92,331175
1.7840,0.2004,38.58,95,92,331179
1.7742,0.1955,38.74,95,92,331183
1.8280,0.2346,38.33,95,92,331186
1.7937,0.1955,38.62,95,92,331189
1.7986,0.1857,38.58,95,92,331193
1.8084,0.2004,38.62,95,92,331196
1.8084,0.1955,38.65,95,92,331199
1.8573,0.2102,38.46,95,92,331203
1.8328,0.2004,38.55,95,92,331206
1.8231,0.1906,38.55,95,92,331209
1.8280,0.1955,38.62,95,92,331213
1.8475,0.1906,38.65,95,92,331216
1.8964,0.2053,38.58,95,92,331219
1.8817,0.2004,37.96,95,92,331223
1.9013,0.2004,38.49,95,92,331227
1.8768,0.1906,38.62,95,92,331230
1.8719,0.1906,38.62,95,92,331233
1.8964,0.2297,38.49,95,92,331237
1.8573,0.1955,38.62,95,92,331240
1.8573,0.2053,38.65,95,92,331243
1.8035,0.1857,38.68,95,92,331247
1.7889,0.1906,38.65,95,92,331250
1.7937,0.2004,38.52,95,92,331253
1.7742,0.2004,38.68,95,92,331256
1.8280,0.1955,38.46,95,92,331260
1.7498,0.1955,38.65,95,92,331264
1.7546,0.1955,38.62,95,92,331267
1.7400,0.2053,38.65,95,92,331271
1.7058,0.1955,38.58,95,92,331274
1.7302,0.1955,38.40,95,92,331277
1.6862,0.1906,38.58,95,92,331281
1.6813,0.1955,38.65,95,92,331284
1.6960,0.2102,38.62,95,92,331287
1.6813,0.1906,38.62,95,92,331290
1.7302,0.2053,37.62,95,92,331294
1.7009,0.2004,38.52,95,92,331297
1.6862,0.1955,38.65,95,92,331300
1.6911,0.2004,38.81,95,92,331304
1.6813,0.2053,38.55,95,92,331308
1.7351,0.2102,38.43,95,92,331311
1.6960,0.2102,38.62,95,92,331315
1.6911,0.1955,38.55,95,92,331318
1.6911,0.1955,38.74,95,92,331321
1.6960,0.2102,38.65,95,92,331325
1.7498,0.2151,38.49,95,92,331328
1.7595,0.2004,38.58,95,92,331331
1.8231,0.1955,38.49,95,92,331334
1.8817,0.1955,38.62,95,92,331338
1.9795,0.1955,38.62,95,92,331341
2.1457,0.1955,38.58,95,92,331344
2.3216,0.1955,38.65,95,92,331348
2.5855,0.2053,38.52,95,92,331352
2.8006,0.1906,38.65,95,92,331355
3.0303,0.1955,38.65,95,92,331359
3.2209,0.2102,38.52,95,92,331362
3.1867,0.1955,38.62,95,92,331365
3.0401,0.1955,38.49,95,92,331368
2.7077,0.1955,38.52,95,92,331372
2.3656,0.1906,38.65,95,92,331375
2.0919,0.2053,38.55,95,92,331378
1.8182,0.1955,38.81,95,92,331382
1.6569,0.2346,38.40,95,92,331385
1.4761,0.1906,38.62,95,92,331388
1.3636,0.1955,38.65,95,92,331393
1.3050,0.2053,38.68,95,92,331396
1.2610,0.1955,38.62,95,92,331399
1.2708,0.1906,38.36,95,92,331402
1.2414,0.1955,38.52,95,92,331406
1.2512,0.1955,38.65,95,92,331409
1.2805,0.2004,38.62,95,92,331412
1.2854,0.1955,38.62,95,92,331416
1.3783,0.2102,38.43,95,92,331419
1.3294,0.2004,38.55,95,92,331422
1.3392,0.1906,38.62,95,92,331426
1.3636,0.2004,38.65,95,92,331429
1.3881,0.1955,38.40,95,92,331432
1.4370,0.2053,38.46,95,92,331437
1.4370,0.2004,38.65,95,92,331440
1.4565,0.2004,38.46,95,92,331443
1.4516,0.1955,38.65,95,92,331446
1.4614,0.1906,38.65,95,92,331450
1.4907,0.2053,38.49,95,92,331453
1.4809,0.1955,38.62,95,92,331456
1.5054,0.2053,38.52,95,92,331460
1.4956,0.1955,38.65,95,92,331463
1.5103,0.1955,38.65,95,92,331466
1.5347,0.2004,38.55,95,92,331470
1.5396,0.1955,38.68,95,92,331473
1.5640,0.1955,38.46,95,92,331476
1.5494,0.1906,38.65,95,92,331480
1.5591,0.1955,38.65,95,92,331484
1.5836,0.2053,38.55,95,92,331487
1.5787,0.1955,38.65,95,92,331490
1.6227,0.2004,38.40,95,92,331494
1.6080,0.2004,38.52,95,92,331497
1.6129,0.1906,38.65,95,92,331500
1.6227,0.1955,38.62,95,92,331504
1.6129,0.2053,38.62,95,92,331507
1.6618,0.2053,38.40,95,92,331510
1.6325,0.2053,38.55,95,92,331514
1.6276,0.1955,38.62,95,92,331517
1.6325,0.2004,38.65,95,92,331521
1.6276,0.1955,38.62,95,92,331524
1.6813,0.2151,38.46,95,92,331528
1.6520,0.2004,38.58,95,92,331531
1.6520,0.1955,38.62,95,92,331534
1.6569,0.2004,38.62,95,92,331538
1.6618,0.1955,38.71,95,92,331541
1.6911,0.2151,38.52,95,92,331544
1.6618,0.1906,38.68,95,92,331548
1.6764,0.2004,38.65,95,92,331551
1.6618,0.2004,38.65,95,92,331554
1.6667,0.1955,38.71,95,92,331557
1.7058,0.2053,38.43,95,92,331561
1.7009,0.2004,38.62,95,92,331565
1.7107,0.2004,38.55,95,92,331568
1.6764,0.1955,38.62,95,92,331572
1.6911,0.1955,38.62,95,92,331575
1.7107,0.2004,38.52,95,92,331578
1.6960,0.1955,38.74,95,92,331582
1.7204,0.2004,38.49,95,92,331585
1.6960,0.2151,38.65,95,92,331588
1.7058,0.1955,38.65,95,92,331591
1.7155,0.2004,38.33,95,92,331595
1.7058,0.2004,38.65,95,92,331598
1.7351,0.2102,38.43,95,92,331601
1.7058,0.2004,38.65,95,92,331606
1.7155,0.1955,38.77,95,92,331609
1.7498,0.2004,38.62,95,92,331612
1.7351,0.1955,38.58,95,92,331616
1.7840,0.2444,38.36,95,92,331619
1.7595,0.1955,38.55,95,92,331622
1.7595,0.1906,38.62,95,92,331625
1.7791,0.2151,38.65,95,92,331629
1.7791,0.1955,38.65,95,92,331632
1.8328,0.2199,38.52,94,92,331635
1.8084,0.2053,38.55,94,92,331640
1.7937,0.2004,38.62,94,92,331643
1.8133,0.2053,38.46,94,92,331648
1.7937,0.2004,38.68,94,92,331651
1.7889,0.2004,38.65,94,92,331654
1.8035,0.2053,38.55,94,92,331658
1.7840,0.2004,38.65,94,92,331661
1.8084,0.2004,38.55,94,92,331664
1.7693,0.2004,38.68,94,92,331668
1.7937,0.1906,38.62,94,92,331671
1.7889,0.2053,38.62,94,92,331674
1.7644,0.1955,38.62,94,92,331677
1.7742,0.2004,38.43,94,92,331681
1.7546,0.2004,38.52,94,92,331684
1.7400,0.2151,38.68,94,92,331687
1.7595,0.2053,38.40,94,92,331692
1.7351,0.1955,38.58,94,92,331695
1.7791,0.2053,38.43,94,92,331698
1.7449,0.1955,38.58,94,92,331702
1.7449,0.1955,38.65,94,92,331705
1.7546,0.2053,38.58,94,92,331708
1.7351,0.2004,38.65,94,92,331711
1.7791,0.2102,38.36,94,92,331715
1.7302,0.1955,38.52,94,92,331718
1.7204,0.1906,38.58,94,92,331721
1.7155,0.2053,38.62,94,92,331725
1.7009,0.1906,38.65,94,92,331728
1.7449,0.2151,38.49,94,92,331731
1.7058,0.2004,38.62,94,92,331736
1.7058,0.2004,38.52,94,92,331739
1.6911,0.2004,38.65,94,92,331742
1.6960,0.2004,38.52,94,92,331746
1.7253,0.2297,38.46,94,92,331749
1.7058,0.2004,38.62,94,92,331752
1.7204,0.2004,38.55,94,92,331755
1.7107,0.2199,38.62,94,92,331759
1.7204,0.1955,38.65,94,92,331762
1.7546,0.2102,38.65,94,92,331765
1.7449,0.1955,38.62,94,92,331769
1.7840,0.2053,38.52,94,92,331772
1.7498,0.1955,38.65,94,92,331776
1.7546,0.2004,38.68,94,92,331780
1.7742,0.1906,38.58,94,92,331783
1.7546,0.2004,38.62,94,92,331786
1.7889,0.2004,38.46,94,92,331789
1.7595,0.1955,38.62,94,92,331793
1.7693,0.1955,38.74,94,92,331796
1.7889,0.2395,38.49,94,92,331799
1.7693,0.2004,38.30,94,92,331803
1.8133,0.2053,38.33,94,92,331806
1.7889,0.1955,38.52,94,92,331809
1.7693,0.1955,38.65,94,92,331813
1.7840,0.2053,38.58,94,92,331816
1.7791,0.1955,38.65,94,92,331820
1.8426,0.2102,38.43,94,92,331823
1.8182,0.2053,38.49,94,92,331827
1.8084,0.1955,38.62,94,92,331830
1.8182,0.2004,38.65,94,92,331833
1.8231,0.2004,38.62,94,92,331837
1.8866,0.2102,38.49,94,92,331840
1.8671,0.2053,38.62,94,92,331843
1.8768,0.1955,38.52,94,92,331847
1.8768,0.2004,38.62,94,92,331850
1.8768,0.2004,38.62,94,92,331853
1.8964,0.2053,38.55,94,92,331857
1.8671,0.2004,38.62,94,92,331860
1.8622,0.2004,38.49,94,92,331864
1.8280,0.2053,38.68,94,92,331867
1.8035,0.1955,38.68,94,92,331871
1.8084,0.2102,38.55,94,92,331874
1.7595,0.2053,38.62,94,92,331877
1.7742,0.2053,38.52,94,92,331881
1.7400,0.1955,38.55,94,92,331884
1.7302,0.2053,38.65,94,92,331887
1.7302,0.2053,38.52,94,92,331891
1.7009,0.2004,38.65,94,92,331894
1.7155,0.2004,38.40,94,92,331897
1.6911,0.2053,38.58,94,92,331900
1.6764,0.2004,38.74,94,92,331905
1.6911,0.2053,38.55,94,92,331908
1.6813,0.2004,38.62,94,92,331911
1.7155,0.2053,38.43,94,92,331915
1.6764,0.2053,38.58,94,92,331918
1.6813,0.1906,38.65,94,92,331921
1.6960,0.2053,38.62,94,92,331925
1.6862,0.1955,38.62,94,92,331928
1.7449,0.2151,38.36,94,92,331931
1.7155,0.2151,38.52,94,92,331935
1.7058,0.1906,38.58,94,92,331938
1.7107,0.2004,38.58,94,92,331941
1.7155,0.2053,38.62,94,92,331944
1.7693,0.2102,38.43,94,92,331949
1.7546,0.2004,38.55,94,92,331952
1.7840,0.1955,38.52,94,92,331955
1.8182,0.2004,38.62,94,92,331959
1.8671,0.2004,38.65,94,92,331962
1.9795,0.2151,38.49,94,92,331965
2.0772,0.2004,38.62,94,92,331969
2.2483,0.2004,38.49,94,92,331972
2.4145,0.2004,38.65,94,92,331975
2.6491,0.1906,38.71,94,92,331978
2.9032,0.1906,38.65,94,92,331982
3.0841,0.2004,38.58,94,92,331985
3.2111,0.2151,38.49,94,92,331988
3.0841,0.2004,38.65,94,92,331993
2.8543,0.2004,38.65,94,92,331996
2.5806,0.2053,38.52,94,92,331999
2.2483,0.2004,38.65,94,92,332003
2.0137,0.2053,38.49,94,92,332006
1.7791,0.1955,38.55,94,92,332009
1.6031,0.1906,38.65,94,92,332012
1.4956,0.2102,38.52,94,92,332016
1.3881,0.2004,38.65,94,92,332019
1.3685,0.2053,38.43,94,92,332022
1.3148,0.1955,38.58,94,92,332026
1.2854,0.1955,38.65,94,92,332029
1.2854,0.2053,38.58,94,92,332033
1.2903,0.2004,38.74,94,92,332037
1.3392,0.2102,38.30,94,92,332040
1.3294,0.2004,38.55,94,92,332043
1.3392,0.1955,38.62,94,92,332046
1.3539,0.2053,38.68,94,92,332050
1.3881,0.1955,38.62,94,92,332053
1.4321,0.2199,38.46,94,92,332056
1.4125,0.1955,38.62,94,92,332060
1.4370,0.1955,38.55,94,92,332063
1.4467,0.2053,38.62,94,92,332066
1.4712,0.2004,38.65,94,92,332070
1.5005,0.2102,38.46,94,92,332073
1.4907,0.2004,38.58,94,92,332077
1.5054,0.2199,38.58,94,92,332081
1.5005,0.2004,38.62,94,92,332084
1.5396,0.2004,38.65,94,92,332087
1.5298,0.2102,38.52,94,92,332090
1.5200,0.2004,38.65,94,92,332094
1.5494,0.2053,38.52,94,92,332097
1.5445,0.2004,38.68,94,92,332100
1.5396,0.2004,38.62,94,92,332104
1.5689,0.2053,38.52,94,92,332107
1.5689,0.1955,38.62,94,92,332110
1.6276,0.1955,38.49,94,92,332113
1.5787,0.2004,38.52,94,92,332118
1.5885,0.1955,38.65,94,92,332121
1.6080,0.2053,38.55,94,92,332124
1.5934,0.2004,38.65,94,92,332128
1.6276,0.2151,38.40,94,92,332131
1.6080,0.2053,38.52,94,92,332134
1.6031,0.1906,38.62,94,92,332138
1.6178,0.2053,38.58,94,92,332141
1.6080,0.2004,38.65,94,92,332144
1.6471,0.2102,38.43,94,92,332147
1.6227,0.2053,38.52,94,92,332151
1.6227,0.1955,38.62,94,92,332154
1.6373,0.2053,38.62,94,92,332157
1.6373,0.2004,38.62,94,92,332162
1.6911,0.2248,38.43,94,92,332165
1.6618,0.2053,38.52,94,92,332168
1.6618,0.2199,38.55,94,92,332172
1.6569,0.2004,38.65,94,92,332175
1.6618,0.2297,38.71,94,92,332178
1.7058,0.2151,38.49,94,92,332182
1.6764,0.2004,38.62,94,92,332185
1.7009,0.2004,38.55,94,92,332188
1.6960,0.2004,38.62,94,92,332191
1.7058,0.2004,38.65,94,92,332195
1.7351,0.1906,38.46,94,92,332198
1.7058,0.2248,38.68,94,92,332201
1.7400,0.2053,38.49,94,92,332206
1.7058,0.2004,38.65,94,92,332209
1.7058,0.2004,38.77,94,92,332212
1.7253,0.2151,38.55,94,92,332216
1.7107,0.1906,38.62,94,92,332219
1.7400,0.2004,38.52,94,92,332222
1.7204,0.2004,38.62,94,92,332225
1.7253,0.2053,38.68,94,92,332229
1.7400,0.2053,38.58,94,92,332232
1.7400,0.2004,38.65,94,92,332235
1.7693,0.2053,38.46,94,92,332239
1.7498,0.2004,38.68,94,92,332242
1.7595,0.2004,38.65,94,92,332246
1.7840,0.2102,38.84,94,92,332250
1.7986,0.2053,38.58,94,92,332254
1.7937,0.2151,38.65,94,92,332258
1.8524,0.2199,38.49,94,92,332261
1.8182,0.2151,38.52,94,92,332264
1.8182,0.2004,38.55,94,92,332267
1.8084,0.2004,38.68,94,92,332271
1.7986,0.2004,38.24,94,92,332274
1.8280,0.2102,38.49,94,92,332277
1.7986,0.1906,38.62,94,92,332281
1.8133,0.2004,38.52,94,92,332284
1.7889,0.2004,38.65,94,92,332288
1.7840,0.2004,38.65,94,92,332292
1.8084,0.2102,38.65,94,92,332295
1.7937,0.2053,38.65,94,92,332298
1.8035,0.2102,38.52,94,92,332301
1.7791,0.2004,38.62,94,92,332305
1.7742,0.2004,38.68,94,92,332308
1.7937,0.2102,38.49,94,92,332311
1.7742,0.2004,38.62,94,92,332315
1.7937,0.2004,38.49,94,92,332318
1.7791,0.2004,38.55,94,92,332321
1.7742,0.2004,38.68,94,92,332325
1.7937,0.2053,38.55,94,92,332328
1.7791,0.2004,38.65,94,92,332332
1.8182,0.2102,38.40,94,92,332335
1.7889,0.2053,38.65,94,92,332339
1.7791,0.1955,38.68,94,92,332342
1.7889,0.2102,38.58,94,92,332345
1.7546,0.2004,38.62,94,92,332349
1.7889,0.2151,38.36,94,92,332352
1.7400,0.2004,38.84,94,92,332355
1.7351,0.2004,38.62,94,92,332359
1.7351,0.2004,38.58,94,92,332362
1.7302,0.2004,38.40,94,92,332365
1.7840,0.2199,38.36,94,92,332369
1.7449,0.2102,38.55,94,92,332372
1.7253,0.1906,38.58,94,92,332376
1.7351,0.2053,38.71,94,92,332379
1.7400,0.2053,38.68,94,92,332383
1.7791,0.2102,38.43,94,92,332386
1.7498,0.2151,38.68,94,92,332389
1.7595,0.1906,38.52,94,92,332393
1.7302,0.2004,38.81,94,92,332396
1.7302,0.2004,38.62,94,92,332399
1.7644,0.2151,38.52,94,92,332403
1.7449,0.2053,38.77,94,92,332406
1.7742,0.2102,38.52,94,92,332409
1.7595,0.2053,38.68,94,92,332412
1.7644,0.2004,38.62,94,92,332417
1.7791,0.2102,38.71,94,92,332420
1.7742,0.1955,38.68,94,92,332423
1.7986,0.2004,38.49,94,92,332427
1.7742,0.2248,38.62,94,92,332430
1.7742,0.2102,38.68,94,92,332433
1.7889,0.2102,38.55,94,92,332437
1.7546,0.2004,38.65,94,92,332440
1.7840,0.2053,38.40,94,92,332443
1.7791,0.2053,38.52,94,92,332446
1.7742,0.2004,38.62,94,92,332450
1.8035,0.2102,38.55,94,92,332453
1.7986,0.2053,38.65,94,92,332456
1.8622,0.2102,38.33,94,92,332461
1.8426,0.2004,38.55,94,92,332464
1.8622,0.2004,38.65,94,92,332467
1.8866,0.2053,38.46,94,92,332471
1.8915,0.2102,38.68,94,92,332474
1.9550,0.2199,38.43,94,92,332477
1.9110,0.2444,38.55,94,92,332481
1.9062,0.1955,38.58,94,92,332484
1.8964,0.2053,38.36,94,92,332487
1.9159,0.2004,38.62,94,92,332490
1.9013,0.2151,38.58,94,92,332494
1.8524,0.2053,38.49,94,92,332497
1.8426,0.2053,38.52,94,92,332500
1.8035,0.2053,38.58,94,92,332505
1.7840,0.2004,38.62,94,92,332508
1.7889,0.2053,38.46,94,92,332511
1.7449,0.2053,38.62,94,92,332515
1.7498,0.2102,38.52,94,92,332518
1.7253,0.2004,38.62,94,92,332521
1.7302,0.2053,38.65,94,92,332524
1.7351,0.2004,38.49,94,92,332528
1.7204,0.2151,38.62,94,92,332531
1.7400,0.2004,38.49,94,92,332534
1.7155,0.2004,38.62,94,92,332538
1.7107,0.2004,38.68,94,92,332541
1.7155,0.2199,38.55,94,92,332545
1.6960,0.2053,38.65,94,92,332549
1.7253,0.2053,38.36,94,92,332552
1.6960,0.2004,38.62,94,92,332555
1.7204,0.2004,38.71,94,92,332559
1.7498,0.2395,38.62,94,92,332562
1.7400,0.2004,38.68,94,92,332565
1.7840,0.2102,38.36,94,92,332568
1.7498,0.2151,38.52,94,92,332572
1.7546,0.2053,38.68,94,92,332575
1.7742,0.2395,38.62,94,92,332578
1.8084,0.2004,38.65,94,92,332582
1.8573,0.2102,38.43,94,92,332585
1.8475,0.2102,38.55,94,92,332589
1.9257,0.2004,38.58,94,92,332593
2.0088,0.2053,38.71,94,92,332596
2.1554,0.2004,38.65,94,92,332599
2.3998,0.2297,38.46,94,92,332602
2.6051,0.2053,38.58,94,92,332606
2.8690,0.2004,38.49,94,92,332609
3.0792,0.2053,38.65,94,92,332612
3.2258,0.2053,38.65,94,92,332616
3.2649,0.2102,38.58,94,92,332619
3.0645,0.2053,38.62,94,92,332622
2.8055,0.2053,38.49,94,92,332626
2.4829,0.2004,38.65,94,92,332630
2.1652,0.2053,38.65,94,92,332633
1.9501,0.2151,38.52,94,92,332636
1.7302,0.2102,38.62,94,92,332640
1.6080,0.2053,38.49,94,92,332643
1.4712,0.2004,38.58,94,92,332646
1.4027,0.2004,38.62,94,92,332650
1.3881,0.2102,38.52,94,92,332653
1.3343,0.2053,38.65,94,92,332656
1.3539,0.2053,38.40,94,92,332660
1.3343,0.2053,38.58,94,92,332663
1.3490,0.2004,38.65,94,92,332666
1.3832,0.2102,38.58,94,92,332669
1.3930,0.2004,38.65,94,92,332674
1.4809,0.2151,38.43,94,92,332677
1.4272,0.2004,38.84,94,92,332680
1.4565,0.2053,38.62,94,92,332684
1.4907,0.2053,38.62,94,92,332687
1.5005,0.2248,38.62,94,92,332690
1.5591,0.2248,38.36,94,92,332694
1.5396,0.2053,38.49,94,92,332697
1.5396,0.2102,38.58,94,92,332700
1.5591,0.2053,38.62,94,92,332704
1.5640,0.2004,38.62,94,92,332707
1.6129,0.2102,38.46,94,92,332710
1.5934,0.2102,38.68,94,92,332713
1.5982,0.2297,38.58,94,92,332718
1.5885,0.2053,38.68,94,92,332721
1.5885,0.2004,38.65,94,92,332724
1.6129,0.2102,38.55,94,92,332728
1.5934,0.2004,38.65,94,92,332731
1.6031,0.1906,38.49,94,92,332734
1.5738,0.2053,38.65,94,92,332738
1.5885,0.2053,38.65,94,92,332741
1.5885,0.2053,38.58,94,92,332744
1.5836,0.2053,38.71,94,92,332747
1.6227,0.2053,38.49,94,92,332751
1.6031,0.2053,38.74,94,92,332754
1.6031,0.2004,38.62,94,92,332758
1.6080,0.2151,38.52,94,92,332762
1.5738,0.2004,38.65,94,92,332765
1.5885,0.2151,38.40,94,92,332768
1.5787,0.2151,38.49,94,92,332772
1.5885,0.2004,38.62,94,92,332775
1.6227,0.2053,38.55,94,92,332778
1.6178,0.2004,38.65,94,92,332781
1.6569,0.2102,38.52,94,92,332785
1.6325,0.2053,38.55,94,92,332788
1.6276,0.2004,38.65,94,92,332791
1.6422,0.2053,38.62,94,92,332795
1.6373,0.2297,38.62,94,92,332798
1.6911,0.2248,38.36,94,92,332802
1.6569,0.2053,38.52,94,92,332806
1.6471,0.2053,38.58,94,92,332809
1.6422,0.2053,38.62,94,92,332812
1.6373,0.2004,38.74,94,92,332816
1.6862,0.2199,38.49,94,92,332819
1.6716,0.2004,38.62,94,92,332822
1.6960,0.2053,38.52,94,92,332825
1.6960,0.2053,38.65,94,92,332829
1.7009,0.2053,38.62,94,92,332832
1.7204,0.2102,38.49,94,92,332835
1.6960,0.2053,38.65,94,92,332839
1.7009,0.2199,38.49,94,92,332843
1.6813,0.2004,38.68,94,92,332846
1.7009,0.2004,38.65,94,92,332850
1.7302,0.2151,38.52,94,92,332853
1.7155,0.2004,38.58,94,92,332856
1.7498,0.2102,38.52,94,92,332859
1.7204,0.2053,38.36,94,93,332863
1.7644,0.2004,38.62,94,93,332867
1.7791,0.2004,38.65,94,93,332871
1.8035,0.2102,38.62,94,93,332874
1.8035,0.2053,38.68,94,93,332877
1.8622,0.2151,38.55,94,93,332881
1.8475,0.2151,38.55,94,93,332884
1.8426,0.2053,38.62,94,93,332888
1.8524,0.2102,38.58,94,93,332892
1.8377,0.1906,38.65,94,93,332895
1.8964,0.2199,38.46,94,93,332898
1.8573,0.2102,38.55,94,93,332901
1.8426,0.2004,38.55,94,93,332905
1.8524,0.2053,38.62,94,93,332908
1.8426,0.2053,38.65,94,93,332911
1.8671,0.2151,38.55,94,93,332915
1.8231,0.2053,38.55,94,93,332918
1.8328,0.2053,38.52,94,93,332921
1.8133,0.2053,38.65,94,93,332925
1.8084,0.2053,38.62,94,93,332929
1.8426,0.2151,38.58,94,93,332932
1.8035,0.2053,38.68,94,93,332936
1.8377,0.2102,38.52,94,93,332939
1.8133,0.2053,38.62,94,93,332942
1.8084,0.2004,38.90,94,93,332945
1.8231,0.2102,38.52,94,93,332949
1.7889,0.1906,38.65,94,93,332952
1.8231,0.2053,38.49,94,93,332955
1.8182,0.2053,38.58,94,93,332959
1.8328,0.2102,38.62,94,93,332962
1.8671,0.2151,38.52,94,93,332965
1.8377,0.2004,38.62,94,93,332969
1.8573,0.2102,38.40,94,93,332973
1.7937,0.2053,38.55,94,93,332976
1.7644,0.2102,38.65,94,93,332979
1.7693,0.2102,38.55,94,93,332983
1.7644,0.2053,38.68,94,93,332986
1.8377,0.2151,38.33,94,93,332989
1.8231,0.2053,38.55,94,93,332993
1.8280,0.1955,38.58,94,93,332996
1.8671,0.2102,38.58,94,93,332999
1.8280,0.2053,38.68,94,93,333003
1.9062,0.2199,38.49,94,93,333006
1.9062,0.2102,38.55,94,93,333009
1.9013,0.2004,38.55,94,93,333014
1.8915,0.2004,38.65,94,93,333017
1.8328,0.2004,38.65,94,93,333020
1.8377,0.2151,38.43,94,93,333023
1.8035,0.2102,38.62,94,93,333027
1.8182,0.2053,38.52,94,93,333030
1.8133,0.2151,38.65,94,93,333033
1.8475,0.1906,38.65,94,93,333037
1.8964,0.2151,38.58,94,93,333040
1.9013,0.2004,38.62,94,93,333043
1.9453,0.2151,38.58,94,93,333047
1.9257,0.2004,38.58,94,93,333050
1.9257,0.1955,38.65,94,93,333053
1.9306,0.2053,38.55,94,93,333058
1.9013,0.2053,38.84,94,93,333061
1.9306,0.2053,38.46,94,93,333064
1.9208,0.2053,38.68,94,93,333067
1.9404,0.2053,38.30,94,93,333071
1.9648,0.2151,38.55,94,93,333074
1.9404,0.2053,38.65,94,93,333077
1.9844,0.2102,38.36,94,93,333081
2.0039,0.2004,38.52,94,93,333084
1.9648,0.2004,38.65,94,93,333087
1.9892,0.2151,38.77,94,93,333091
1.9795,0.2102,38.68,94,93,333094
2.0381,0.2151,38.33,94,93,333097
2.0039,0.2151,38.55,94,93,333101
2.0039,0.1955,38.62,94,93,333105
2.0137,0.2102,38.62,94,93,333108
2.0039,0.2053,38.74,94,93,333111
2.0479,0.2199,38.43,94,93,333115
1.9795,0.2102,38.55,94,93,333118
1.9550,0.2004,38.55,94,93,333121
1.9355,0.2053,38.71,94,93,333125
1.9208,0.2053,38.65,94,93,333128
1.9355,0.2151,38.68,94,93,333131
1.8866,0.2297,38.58,94,93,333134
1.8817,0.2004,38.52,94,93,333138
1.8328,0.2053,38.74,94,93,333142
1.8182,0.2053,38.65,94,93,333145
1.8426,0.2151,38.49,94,93,333149
1.8133,0.2151,38.62,94,93,333152
1.8475,0.2151,38.52,94,93,333155
1.8133,0.2004,38.62,94,93,333159
1.8035,0.2102,38.65,94,93,333162
1.8231,0.2102,38.52,94,93,333165
1.8084,0.2053,38.65,94,93,333169
1.8328,0.2053,38.43,94,93,333172
1.8084,0.2053,38.62,94,93,333175
1.8182,0.2004,38.62,94,93,333178
1.8524,0.2102,38.62,94,93,333182
1.8280,0.2004,38.65,94,93,333186
1.8671,0.2102,38.40,94,93,333189
1.8280,0.2053,38.58,94,93,333193
1.8426,0.2004,38.65,94,93,333196
1.8426,0.2102,38.62,94,93,333199
1.8377,0.2004,38.65,94,93,333203
1.9159,0.1906,38.43,94,93,333206
1.9306,0.2102,37.77,94,93,333209
1.9844,0.2004,38.68,94,93,333212
2.0919,0.2053,38.62,94,93,333216
2.2239,0.2053,38.65,94,93,333219
2.4927,0.2199,38.36,94,93,333222
2.7028,0.2151,38.55,94,93,333227
2.9423,0.2004,38.55,94,93,333230
3.1818,0.2053,38.62,94,93,333233
3.3627,0.2004,38.65,94,93,333237
3.4555,0.2151,38.49,94,93,333240
3.2551,0.2102,38.62,94,93,333243
2.9863,0.2053,38.52,94,93,333247
2.6100,0.2053,38.62,94,93,333250
2.2825,0.2053,38.65,94,93,333253
2.0381,0.2151,38.58,94,93,333256
1.7937,0.2053,38.62,94,93,333260
1.6373,0.2102,38.52,94,93,333263
1.4712,0.2053,38.65,94,93,333266
1.4027,0.2053,38.84,94,93,333271
1.3783,0.2151,38.52,94,93,333274
1.3490,0.2053,38.77,94,93,333277
1.3734,0.2053,38.43,94,93,333281
1.3734,0.2004,38.52,94,93,333284
1.3783,0.2053,38.65,94,93,333287
1.4076,0.2151,38.55,94,93,333290
1.4174,0.2053,38.65,94,93,333294
1.4761,0.2102,38.40,94,93,333297
1.4761,0.2004,38.55,94,93,333300
1.4858,0.2004,38.68,94,93,333304
1.5103,0.2102,38.49,94,93,333307
1.5298,0.2102,38.68,94,93,333310
1.6031,0.2151,38.33,94,93,333315
1.5787,0.2053,38.55,94,93,333318
1.5738,0.2004,38.65,94,93,333321
1.5738,0.2053,38.65,94,93,333325
1.5787,0.2004,38.62,94,93,333328
1.6325,0.1906,38.46,94,93,333331
1.6129,0.2102,38.77,94,93,333334
1.6373,0.2248,38.52,94,93,333338
1.6471,0.2053,38.74,94,93,333341
1.6618,0.2346,38.62,94,93,333344
1.7058,0.1906,38.46,94,93,333348
1.6764,0.2102,38.58,94,93,333351
1.7009,0.2151,38.46,94,93,333355
1.6911,0.2053,38.62,94,93,333359
1.6911,0.2053,38.62,94,93,333362
1.7155,0.2102,38.55,94,93,333365
1.6813,0.2053,38.62,94,93,333369
1.7009,0.2053,38.49,94,93,333372
1.6764,0.2053,38.58,94,93,333375
1.6862,0.1906,38.62,94,93,333378
1.7155,0.2102,38.52,94,93,333382
1.7155,0.2199,38.62,94,93,333385
1.7351,0.2053,38.46,94,93,333388
1.6960,0.2297,38.65,94,93,333392
1.7009,0.2004,38.65,94,93,333395
1.7058,0.2102,38.62,94,93,333399
1.7009,0.2346,38.65,94,93,333403
1.7449,0.2151,38.33,94,93,333406
1.7400,0.2102,38.58,94,93,333409
1.7302,0.2053,38.52,94,93,333412
1.7449,0.2102,38.62,94,93,333416
1.7253,0.2053,38.68,94,93,333419
1.7644,0.2493,38.40,94,93,333422
1.7302,0.2053,38.52,94,93,333426
1.7253,0.2004,38.65,94,93,333429
1.7400,0.2102,38.62,94,93,333432
1.7449,0.2004,38.62,94,93,333436
1.7986,0.2199,38.49,94,93,333440
1.7644,0.2346,38.58,94,93,333443
1.7791,0.2004,38.52,94,93,333447
1.7498,0.2053,38.62,94,93,333450
1.7546,0.2053,38.65,94,93,333453
1.7840,0.2151,38.55,94,93,333456
1.7693,0.2053,38.74,94,93,333460
1.7889,0.2102,38.46,94,93,333463
1.7742,0.2053,38.71,94,93,333466
1.7840,0.2053,38.62,94,93,333470
1.8328,0.2199,38.49,95,93,333473
1.8182,0.2102,38.55,95,93,333478
1.7986,0.2053,38.65,95,93,333481
1.8524,0.2151,38.40,95,93,333485
1.8328,0.2004,38.55,95,93,333489
1.8377,0.2053,38.65,95,93,333492
1.8573,0.2102,38.77,95,93,333495
1.8573,0.2395,38.62,95,93,333498
1.9159,0.2102,38.33,95,93,333502
1.8719,0.2053,38.52,95,93,333505
1.8915,0.1955,38.62,95,93,333508
1.8622,0.2102,38.71,95,93,333512
1.8622,0.2004,38.68,95,93,333515
1.8915,0.2199,38.49,95,93,333518
1.8573,0.2102,38.71,95,93,333522
1.8475,0.2346,38.55,95,93,333526
1.8328,0.2053,38.62,95,93,333529
1.8280,0.2395,38.65,95,93,333533
1.8622,0.2102,38.46,95,93,333536
1.8377,0.2102,38.58,95,93,333539
1.8573,0.2053,38.49,95,93,333543
1.8231,0.2053,38.65,95,93,333546
1.8182,0.2053,38.65,95,93,333549
1.8426,0.2102,38.52,95,93,333552
1.8084,0.2053,38.71,95,93,333556
1.8328,0.2053,38.71,95,93,333559
1.7986,0.2004,38.58,95,93,333562
1.7986,0.2004,38.65,95,93,333566
1.8084,0.2102,38.49,95,93,333570
1.7937,0.2346,38.68,95,93,333573
1.8182,0.1906,38.43,95,93,333577
1.7889,0.2151,38.65,95,93,333580
1.8231,0.2004,38.65,95,93,333583
1.8084,0.2151,38.55,95,93,333586
1.7742,0.2004,38.68,95,93,333590
1.8035,0.2102,38.36,95,93,333593
1.7693,0.2102,38.58,95,93,333596
1.7498,0.2248,38.65,95,93,333600
1.7546,0.2102,38.68,95,93,333603
1.7449,0.2053,38.62,95,93,333606
1.7937,0.2199,38.36,95,93,333611
1.7693,0.2102,38.49,95,93,333614
1.7644,0.2102,38.62,95,93,333617
1.7742,0.2053,38.62,95,93,333621
1.7742,0.2053,38.65,95,93,333624
1.8524,0.2199,38.49,95,93,333627
1.7889,0.2102,38.58,95,93,333630
1.7937,0.2053,38.52,95,93,333634
1.7889,0.2151,38.62,95,93,333637
1.7791,0.2053,38.74,95,93,333640
1.7986,0.2199,38.55,95,93,333644
1.7840,0.2102,38.62,95,93,333647
1.8084,0.2102,38.65,95,93,333650
1.7889,0.2102,38.58,95,93,333655
1.7840,0.2053,38.65,95,93,333658
1.8280,0.2151,38.49,95,93,333661
1.8035,0.2053,38.62,95,93,333665
1.8328,0.2053,38.49,95,93,333668
1.8084,0.2053,38.55,95,93,333671
1.8084,0.2102,38.65,95,93,333674
1.8280,0.2102,38.49,95,93,333678
1.8084,0.2053,38.65,95,93,333681
1.8475,0.2444,38.40,95,93,333684
1.8231,0.2102,38.58,95,93,333688
1.8231,0.2053,38.71,95,93,333691
1.8426,0.2199,38.58,95,93,333694
1.8280,0.1906,38.65,95,93,333699
1.8768,0.2151,38.49,95,93,333702
1.8524,0.2053,38.58,95,93,333705
1.8475,0.2004,38.65,95,93,333708
1.8671,0.2102,38.77,95,93,333712
1.8768,0.2004,38.68,95,93,333715
1.9404,0.2248,38.36,95,93,333718
1.9159,0.2199,38.62,95,93,333722
1.9159,0.2004,38.68,95,93,333725
1.9062,0.2102,38.58,95,93,333728
1.8915,0.2395,38.62,95,93,333732
1.9062,0.2102,38.46,95,93,333735
1.8573,0.2102,38.62,95,93,333739
1.8280,0.1955,38.55,95,93,333743
1.7986,0.2053,38.62,95,93,333746
1.7889,0.2053,38.84,95,93,333749
1.8133,0.2102,38.49,95,93,333752
1.7889,0.2053,38.62,95,93,333756
1.8084,0.2102,38.49,95,93,333759
1.7742,0.2102,38.65,95,93,333762
1.7693,0.2053,38.65,95,93,333766
1.7644,0.2102,38.49,95,93,333769
1.7449,0.2004,38.62,95,93,333772
1.7595,0.2053,38.52,95,93,333776
1.7253,0.2053,38.68,95,93,333779
1.7302,0.2053,38.68,95,93,333783
1.7498,0.2151,38.52,95,93,333786
1.7253,0.2004,38.62,95,93,333790
1.7595,0.2102,38.40,95,93,333793
1.7351,0.2102,38.52,95,93,333796
1.7253,0.2053,38.62,95,93,333800
1.7400,0.2102,38.55,95,93,333803
1.7204,0.2053,38.52,95,93,333806
1.7644,0.2151,38.40,95,93,333810
1.7253,0.2053,38.55,95,93,333813
1.7155,0.2053,38.71,95,93,333816
1.7400,0.2053,38.62,95,93,333820
1.7644,0.2053,38.65,95,93,333824
1.8475,0.2297,38.33,95,93,333827
1.8475,0.2151,38.55,95,93,333830
1.9062,0.2004,38.58,95,93,333834
1.9941,0.2053,38.84,95,93,333837
2.1212,0.2004,38.65,95,93,333840
2.3509,0.2199,38.58,95,93,333844
2.5367,0.2102,38.62,95,93,333847
2.7908,0.2004,38.49,95,93,333850
3.0108,0.2053,38.62,95,93,333854
3.1867,0.2053,38.68,95,93,333857
3.2893,0.2297,38.49,95,93,333860
3.1183,0.2102,38.65,95,93,333863
2.8592,0.2102,38.43,95,93,333868
2.4976,0.2248,38.65,95,93,333871
2.2092,0.2053,38.65,95,93,333874
1.9648,0.2102,38.52,95,93,333878
1.7400,0.2053,38.58,95,93,333881
1.6080,0.2151,38.49,95,93,333884
1.4663,0.2004,38.62,95,93,333888
1.3881,0.2053,38.68,95,93,333891
1.3490,0.2151,38.49,95,93,333894
1.3148,0.1906,38.62,95,93,333897
1.3245,0.2102,38.43,95,93,333901
1.3001,0.2102,38.68,95,93,333904
1.3245,0.2053,38.62,95,93,333907
1.3636,0.2102,38.55,95,93,333912
1.3734,0.2151,38.65,95,93,333915
1.4272,0.2151,38.33,95,93,333918
1.4321,0.2151,38.58,95,93,333922
1.4370,0.2053,38.74,95,93,333925
1.4614,0.2102,38.62,95,93,333928
1.4761,0.2053,38.65,95,93,333932
1.5396,0.2248,38.46,95,93,333935
1.5298,0.2199,38.55,95,93,333938
1.5347,0.2004,38.58,95,93,333941
1.5494,0.2053,38.65,95,93,333945
1.5543,0.2053,38.65,95,93,333948
1.5982,0.2151,38.49,95,93,333952
1.5787,0.2297,38.58,95,93,333956
1.5885,0.2004,38.52,95,93,333959
1.5836,0.2053,38.68,95,93,333962
1.5885,0.2053,38.68,95,93,333966
1.6178,0.2151,38.58,95,93,333969
1.6080,0.2102,38.68,95,93,333972
1.6373,0.2102,37.71,95,93,333975
1.6129,0.2102,38.65,95,93,333979
1.6276,0.2053,38.71,95,93,333982
1.6569,0.2248,38.52,95,93,333985
1.6422,0.2053,38.68,95,93,333989
1.6618,0.2102,38.46,95,93,333992
1.6520,0.2004,38.58,95,93,333996
1.6471,0.2053,38.65,95,93,334000
1.6667,0.2102,38.49,95,93,334003
1.6520,0.2004,38.65,95,93,334006
1.6911,0.2151,38.40,95,93,334010
1.6716,0.2102,38.74,95,93,334013
1.6716,0.2248,38.65,95,93,334016
1.6862,0.2151,38.58,95,93,334019
1.6813,0.2053,38.58,95,93,334023
1.7204,0.2199,38.40,95,93,334026
1.6862,0.2053,38.55,95,93,334029
1.6862,0.2053,38.58,95,93,334033
1.6862,0.2102,38.65,95,93,334036
1.6960,0.2346,38.62,95,93,334040
1.7449,0.2248,38.43,95,93,334044
1.7204,0.2102,38.62,95,93,334047
1.7302,0.2053,38.58,95,93,334050
1.7400,0.1906,38.62,95,93,334054
1.7449,0.2102,38.65,95,93,334057
1.7840,0.2151,38.43,95,93,334060
1.7644,0.2102,38.62,95,93,334063
1.7791,0.2102,38.62,95,93,334067
1.7644,0.2053,38.62,95,93,334070
1.7644,0.2053,38.65,95,93,334073
1.7937,0.2151,38.55,95,93,334077
1.7791,0.2053,38.62,95,93,334081
1.8035,0.2102,38.55,95,93,334084
1.7889,0.2053,38.71,95,93,334088
1.8133,0.2053,38.55,95,93,334092
1.8231,0.2102,38.68,95,93,334096
1.8426,0.2102,38.58,95,93,334099
1.8377,0.2053,38.65,95,93,334102
1.8964,0.2151,38.36,95,93,334105
1.8817,0.2102,38.58,95,93,334109
1.8817,0.2053,38.68,95,93,334112
1.8964,0.2102,38.62,95,93,334115
1.8866,0.2053,38.62,95,93,334119
1.9648,0.2297,38.36,95,93,334123
1.9110,0.2102,38.68,95,93,334126
1.9062,0.2004,38.62,95,93,334130
1.9110,0.2151,38.58,95,93,334133
1.9110,0.2053,38.65,95,93,334136
1.9599,0.2102,38.52,95,93,334139
1.9208,0.2102,38.58,95,93,334143
1.9208,0.2004,38.52,95,93,334146
1.9159,0.2102,38.65,95,93,334149
1.9110,0.2053,38.62,95,93,334153
1.9404,0.2151,38.55,95,93,334156
1.9159,0.2102,38.62,95,93,334159
1.9306,0.2102,38.49,95,93,334163
1.9013,0.1906,38.65,95,93,334167
1.9013,0.2053,38.65,95,93,334170
1.9306,0.2199,38.49,95,93,334173
1.8964,0.2151,38.65,95,93,334177
1.9208,0.2102,38.62,95,93,334180
1.8817,0.2346,38.62,95,93,334183
1.8915,0.2004,38.65,95,93,334187
1.8964,0.2102,38.46,95,93,334190
1.8719,0.2102,38.68,95,93,334193
1.8964,0.1906,38.46,95,93,334197
1.8622,0.2053,38.52,95,93,334200
1.8524,0.1955,38.68,95,93,334203
1.8719,0.2151,38.55,95,93,334208
1.8524,0.2395,38.65,95,93,334211
1.8915,0.2102,38.36,95,93,334214
1.8475,0.2053,38.62,95,93,334218
1.8426,0.2053,38.65,95,93,334221
1.8524,0.2102,38.71,95,93,334224
1.8426,0.2004,38.68,95,93,334227
1.8964,0.2248,38.40,95,93,334231
1.8622,0.2102,38.52,95,93,334234
1.8475,0.2004,38.55,95,93,334237
1.8475,0.2102,38.62,95,93,334241
1.8426,0.2053,38.65,95,93,334244
1.8964,0.2102,38.43,95,93,334247
1.8671,0.2102,38.52,95,93,334252
1.8719,0.2346,38.55,95,93,334255
1.8622,0.2102,38.65,95,93,334258
1.8622,0.2053,38.65,95,93,334261
1.8964,0.2151,38.49,95,93,334265
1.8817,0.2102,38.62,95,93,334268
1.9110,0.2102,38.52,95,93,334271
1.8915,0.2151,38.62,95,93,334275
1.9013,0.2053,38.65,95,93,334278
1.9159,0.2102,38.58,95,93,334281
1.9110,0.2053,38.65,95,93,334285
1.9453,0.2004,38.49,95,93,334288
1.9208,0.2053,38.62,95,93,334291
1.9306,0.2199,38.62,95,93,334296
1.9550,0.2151,38.52,95,93,334299
1.9355,0.2395,38.68,95,93,334302
1.9795,0.2102,38.43,95,93,334305
1.9599,0.2102,38.55,95,93,334309
1.9501,0.2102,38.65,95,93,334312
1.9746,0.2151,38.65,95,93,334315
1.9599,0.2053,38.65,95,93,334319
2.0235,0.2248,38.33,95,93,334322
1.9892,0.2053,38.52,95,93,334325
1.9892,0.2053,38.65,95,93,334329
1.9990,0.2199,38.62,95,93,334332
1.9990,0.2151,38.65,95,93,334336
2.0772,0.2248,38.40,95,93,334339
2.0430,0.2102,38.52,95,93,334343
2.0430,0.2004,38.62,95,93,334346
2.0430,0.2102,38.62,95,93,334349
2.0332,0.2053,38.65,95,93,334353
2.0577,0.2199,38.49,95,93,334356
1.9990,0.2102,38.55,95,93,334359
1.9697,0.2053,38.55,95,93,334363
1.9404,0.2102,38.71,95,93,334366
1.9257,0.2053,38.62,95,93,334369
1.9599,0.2102,38.46,95,93,334372
1.9257,0.2102,38.65,95,93,334376
1.9355,0.2102,38.55,95,93,334380
1.9062,0.2151,38.65,95,93,334383
1.8915,0.2053,38.71,95,93,334387
1.9062,0.2102,38.55,95,93,334390
1.8866,0.2004,38.65,95,93,334393
1.9062,0.2053,38.55,95,93,334397
1.8719,0.2053,38.58,95,93,334400
1.8719,0.2004,38.58,95,93,334403
1.8915,0.1906,38.52,95,93,334406
1.8817,0.2053,38.65,95,93,334410
1.9110,0.2102,38.43,95,93,334413
1.8866,0.2053,38.65,95,93,334416
1.8964,0.2053,38.65,95,93,334420
1.9110,0.2151,38.65,95,93,334424
1.9159,0.2053,38.65,95,93,334427
1.9404,0.2151,38.36,95,93,334431
1.9110,0.2102,38.52,95,93,334434
1.9013,0.2004,38.65,95,93,334437
1.9257,0.2102,38.58,95,93,334440
1.9306,0.2053,38.62,95,93,334444
2.0186,0.2297,38.36,95,93,334447
2.0235,0.2102,38.52,95,93,334450
2.0772,0.2004,38.62,95,93,334454
2.1701,0.2102,38.68,95,93,334457
2.3167,0.2053,38.62,95,93,334460
2.5024,0.2199,38.49,95,93,334465
2.6588,0.2102,38.58,95,93,334468
2.8886,0.2346,38.55,95,93,334471
3.1232,0.2102,38.65,95,93,334474
3.3138,0.2053,38.65,95,93,334478
3.4409,0.2199,38.55,95,93,334481
3.3236,0.2004,38.62,95,93,334484
3.0938,0.1906,38.52,95,93,334488
2.7517,0.2053,38.65,95,93,334491
2.4682,0.2102,38.62,95,93,334494
2.2336,0.2151,38.49,95,93,334498
1.9844,0.2053,38.62,95,93,334501
1.8377,0.2102,38.52,95,93,334504
1.6764,0.2004,39.03,95,93,334509
1.5885,0.2102,38.65,95,93,334512
1.5445,0.2102,38.65,95,93,334515
1.5005,0.2053,38.65,95,93,334518
1.5005,0.2151,38.46,95,93,334522
1.4712,0.2053,38.58,95,93,334525
1.4809,0.2053,38.71,95,93,334528
1.5152,0.2199,38.52,95,93,334532
1.5249,0.2053,38.65,95,93,334535
1.5738,0.2102,38.40,95,93,334538
1.5689,0.2004,38.58,95,93,334542
1.5738,0.2004,38.65,95,93,334545
1.6031,0.2102,38.62,95,93,334548
1.6129,0.2053,38.68,95,93,334552
1.6813,0.2151,38.33,95,93,334556
1.6667,0.2102,38.62,95,93,334559
1.6813,0.2004,38.62,95,93,334562
1.6911,0.2102,38.46,95,93,334566
1.7009,0.2053,38.65,95,93,334569
1.7595,0.2248,38.49,95,93,334572
1.7400,0.2102,38.55,95,93,334576
1.7400,0.2053,38.55,95,93,334579
1.7400,0.2053,38.65,95,93,334582
1.7644,0.2004,38.65,95,93,334585
1.7937,0.1906,38.52,95,93,334589
1.7791,0.2053,38.62,95,93,334593
1.7986,0.2151,38.49,95,93,334596
1.7791,0.2053,38.71,95,93,334600
1.7840,0.2053,38.65,95,93,334603
1.8133,0.2102,38.62,95,93,334606
1.8035,0.2053,38.62,95,93,334610
1.8377,0.2248,38.52,95,93,334613
1.8133,0.2053,38.77,95,93,334616
1.8182,0.2053,38.65,95,93,334620
1.8475,0.2102,38.55,95,93,334623
1.8280,0.1955,38.62,95,93,334626
1.8671,0.2004,38.46,95,93,334629
1.8524,0.2053,38.55,95,93,334633
1.8524,0.2053,38.74,95,93,334637
1.8768,0.2102,38.55,95,93,334640
1.8573,0.2053,38.68,95,93,334644
1.9062,0.2102,38.40,95,93,334647
1.8671,0.1906,38.55,95,93,334650
1.8719,0.2004,38.65,95,93,334654
1.8817,0.2102,38.62,95,93,334657
1.8671,0.2004,38.65,95,93,334660
1.9208,0.1906,38.33,95,93,334664
1.8915,0.2053,38.52,95,93,334667
1.8866,0.2004,38.62,95,93,334670
1.8964,0.1906,38.65,95,93,334673
1.8915,0.2151,38.65,95,93,334678
1.9453,0.2199,38.49,95,93,334681
1.9110,0.2102,38.68,95,93,334684
1.9110,0.2004,38.62,95,93,334688
1.9062,0.1906,38.62,95,93,334691
1.9110,0.2004,38.65,95,93,334694
1.9501,0.2151,38.46,95,93,334698
1.9062,0.2248,38.49,95,93,334702
1.8915,0.2004,38.65,95,93,334706
1.9257,0.2053,38.46,95,93,334709
1.9110,0.2004,38.52,95,93,334712
1.9257,0.2102,38.62,95,93,334715
1.9599,0.2102,38.52,95,93,334720
1.9648,0.2004,38.65,95,93,334723
2.0186,0.2102,38.40,95,93,334726
1.9892,0.2004,38.62,95,93,334730
1.9941,0.2004,38.65,95,93,334733
1.9990,0.2102,38.58,95,93,334736
1.9746,0.1906,38.62,95,93,334740
2.0186,0.2151,38.30,95,93,334743
1.9795,0.2102,38.62,95,93,334746
1.9697,0.2248,38.65,95,93,334749
1.9795,0.2102,38.62,95,93,334753
1.9697,0.2004,38.65,95,93,334756
2.0235,0.2199,38.46,95,93,334759
1.9795,0.2102,38.15,95,93,334764
1.9648,0.2346,38.62,95,93,334767
1.9648,0.2004,38.62,95,93,334770
1.9599,0.2004,38.68,95,93,334774
1.9990,0.2102,38.52,95,93,334777
1.9599,0.2053,38.68,95,93,334780
1.9746,0.2004,38.52,95,93,334783
1.9550,0.2053,38.62,95,93,334787
1.9599,0.2297,38.65,95,93,334790
1.9795,0.1906,38.55,95,93,334793
1.9599,0.2053,38.84,95,93,334797
1.9746,0.2151,38.49,95,93,334800
1.9355,0.2053,38.65,95,93,334803
1.9257,0.1955,38.65,95,93,334808
1.9404,0.2102,38.49,95,93,334811
1.9013,0.2199,38.68,95,93,334814
1.9062,0.2053,38.46,95,93,334818
1.8915,0.2004,38.55,95,93,334821
1.8964,0.2004,38.62,95,93,334824
1.9355,0.2004,38.49,95,93,334827
1.9208,0.1906,38.62,95,93,334831
1.9648,0.2102,38.46,95,93,334834
1.9404,0.2102,38.58,95,93,334837
1.9453,0.2004,38.65,95,93,334841
1.9501,0.2102,38.62,95,93,334844
1.9159,0.2004,38.62,95,93,334848
1.9746,0.2151,38.43,95,93,334852
1.9013,0.2004,38.62,95,93,334855
1.9013,0.2004,38.65,95,93,334858
1.9013,0.2102,38.58,95,93,334862
1.8964,0.2151,38.65,95,93,334865
1.9404,0.2102,38.46,95,93,334868
1.8964,0.2102,38.62,95,93,334871
1.8866,0.2004,38.62,95,93,334875
1.8964,0.2053,38.62,95,93,334878
1.8964,0.2004,38.65,95,93,334881
1.9306,0.2102,38.46,95,93,334885
1.9013,0.2053,38.58,95,93,334888
1.9013,0.2004,38.52,95,93,334892
1.8866,0.2053,38.71,95,93,334896
1.8964,0.2004,38.65,95,93,334899
1.9257,0.2102,38.49,95,93,334902
1.9110,0.2053,38.62,95,93,334905
1.9355,0.2053,38.52,95,93,334909
1.9159,0.2053,38.68,95,93,334912
1.9355,0.2004,38.65,95,93,334915
1.9550,0.2151,38.55,95,93,334919
1.9501,0.2004,38.65,95,93,334922
1.9648,0.2004,38.43,95,93,334925
1.9257,0.2053,38.68,95,93,334929
1.9208,0.1906,38.68,95,93,334932
1.9306,0.2102,38.46,95,93,334936
1.9110,0.2004,38.65,95,93,334939
1.9550,0.2102,38.40,95,93,334943
1.9501,0.2053,38.49,95,93,334946
1.9501,0.2004,38.62,95,93,334949
1.9892,0.2102,38.58,95,93,334953
1.9746,0.2004,38.65,95,93,334956
2.0381,0.2102,38.36,95,93,334959
2.0039,0.1906,38.55,95,93,334963
1.9990,0.2004,38.65,95,93,334966
2.0137,0.2053,38.71,95,93,334969
2.0039,0.2004,38.52,95,93,334972
2.0577,0.2199,38.36,95,93,334977
2.0039,0.1906,38.58,95,93,334980
1.9795,0.1906,38.62,95,93,334983
1.9550,0.2053,38.71,95,93,334987
1.9208,0.2053,38.65,95,93,334990
1.9501,0.2199,38.49,95,93,334993
1.8964,0.2053,38.62,95,93,334997
1.8817,0.2248,38.52,95,93,335000
1.8671,0.2004,38.74,95,93,335003
1.8719,0.2004,38.55,95,93,335006
1.9159,0.2444,38.46,95,93,335010
1.8866,0.2053,38.81,95,93,335013
1.8817,0.2053,38.49,95,93,335016
1.8328,0.2053,38.68,95,93,335021
1.8133,0.2004,38.62,95,93,335024
1.8328,0.2199,38.52,95,93,335027
1.8182,0.2004,38.62,95,93,335031
1.8377,0.2053,38.52,95,93,335034
1.8035,0.1955,38.62,95,93,335037
1.8182,0.2053,38.65,95,93,335041
1.8426,0.2053,37.83,95,93,335044
1.8377,0.2102,38.65,95,93,335047
1.8622,0.2004,38.43,95,93,335050
1.8231,0.2004,38.65,95,93,335054
1.8231,0.1955,38.65,95,93,335057
1.8573,0.2102,38.58,95,93,335060
1.8573,0.2004,38.68,95,93,335065
1.9404,0.2102,38.36,95,93,335068
1.9550,0.2053,38.43,95,93,335071
1.9795,0.2102,38.65,95,93,335075
2.0430,0.2053,38.62,95,93,335078
2.1163,0.2004,38.58,95,93,335081
2.3167,0.2199,38.43,95,93,335084
2.4536,0.2004,38.49,95,93,335088
2.6588,0.1955,38.62,95,93,335091
2.9032,0.2297,38.62,95,93,335094
3.1769,0.1955,38.68,95,93,335098
3.4115,0.2151,38.49,95,93,335101
3.3822,0.2199,38.62,95,93,335105
3.2551,0.1955,38.52,95,93,335109
2.9374,0.2004,38.68,95,93,335112
2.6149,0.1955,38.62,95,93,335115
2.3460,0.2102,38.65,95,93,335119
2.0674,0.2004,38.71,95,93,335122
1.8768,0.2053,38.49,95,93,335125
1.6813,0.2004,38.68,95,93,335128
1.5640,0.2004,38.71,95,93,335132
1.5103,0.2346,38.49,95,93,335135
1.4516,0.2004,38.62,95,93,335138
1.4516,0.2004,38.49,95,93,335142
1.4125,0.2004,38.55,95,93,335145
1.4125,0.1955,38.65,95,93,335149
1.4467,0.2053,38.49,95,93,335153
1.4565,0.2053,38.65,95,93,335156
1.5103,0.1906,38.43,95,93,335159
1.5054,0.2004,38.62,95,93,335162
1.5200,0.2053,38.62,95,93,335166
1.5494,0.2102,38.58,95,93,335169
1.5738,0.1906,38.62,95,93,335172
1.6422,0.2053,38.40,95,93,335176
1.6422,0.1955,38.58,95,93,335179
1.6569,0.2004,38.74,95,93,335182
1.6813,0.2053,38.62,95,93,335186
1.6716,0.2004,38.65,95,93,335190
1.7107,0.2199,38.33,95,93,335193
1.6764,0.2297,38.55,95,93,335196
1.6667,0.1955,38.58,95,93,335200
1.6716,0.2248,38.68,95,93,335203
1.6667,0.2004,38.65,95,93,335206
1.7107,0.2102,38.40,95,93,335210
1.6960,0.2004,38.62,95,93,335213
1.7155,0.2004,38.52,95,93,335216
1.7107,0.2004,38.68,95,93,335220
1.7107,0.2004,38.71,95,93,335223
1.7400,0.2151,38.52,95,93,335226
1.7302,0.2004,38.62,95,93,335230
1.7546,0.2004,38.58,95,93,335234
1.7302,0.1857,38.68,95,93,335237
1.7351,0.2004,38.62,95,93,335240
1.7400,0.2004,38.55,95,93,335244
1.7400,0.1955,38.65,95,93,335247
1.7644,0.2004,38.52,95,93,335250
1.7449,0.2004,38.65,95,93,335254
1.7449,0.1955,38.65,95,93,335257
1.7693,0.2053,38.58,95,93,335260
1.7546,0.1955,38.65,95,93,335264
1.7889,0.2053,38.40,95,93,335267
1.7644,0.2004,38.52,95,93,335270
1.7595,0.1955,38.65,95,93,335273
1.7840,0.2053,38.55,95,93,335278
1.7986,0.2053,38.62,95,93,335281
1.8231,0.2053,38.40,95,93,335284
1.7937,0.2053,38.58,95,93,335288
1.8035,0.2004,38.68,95,93,335291
1.7791,0.1906,38.62,95,93,335294
1.7840,0.1955,38.65,95,93,335298
1.8426,0.2102,38.46,95,93,335301
1.8084,0.2004,38.58,95,93,335304
1.7889,0.1906,38.65,95,93,335307
1.7889,0.2004,38.68,95,93,335311
1.8035,0.2004,38.65,95,93,335315
1.8133,0.2004,38.84,95,93,335320
1.8573,0.2102,38.49,95,93,335323
1.8524,0.2004,38.65,95,93,335326
1.8915,0.2053,38.49,95,93,335330
1.9110,0.1955,38.62,95,93,335333
1.8817,0.1955,38.62,95,93,335336
1.9257,0.2004,38.52,95,93,335340
1.8817,0.2004,38.65,95,93,335343
1.9062,0.1955,38.49,95,93,335346
1.8817,0.2151,38.62,95,93,335349
1.8768,0.2004,38.65,95,93,335353
1.9062,0.2053,38.65,95,93,335356
1.9013,0.2102,38.62,95,93,335360
1.9355,0.2053,38.40,95,93,335364
1.9062,0.1955,38.71,95,93,335367
1.9208,0.1955,38.65,95,93,335370
1.9453,0.2004,38.62,95,93,335374
1.9257,0.2004,38.87,95,93,335377
1.9844,0.2053,38.36,95,93,335380
1.9941,0.1955,38.55,95,93,335384
1.9599,0.1955,38.65,95,93,335387
1.9844,0.2053,38.68,95,93,335390
1.9795,0.2053,38.65,95,93,335393
1.9892,0.2199,38.40,95,93,335397
1.9306,0.2004,38.55,95,93,335400
1.8768,0.1955,38.58,95,93,335404
1.8671,0.2004,38.65,95,93,335408
1.8622,0.1906,38.65,95,93,335411
1.8964,0.2102,38.52,95,93,335414
1.8768,0.2053,38.62,95,93,335418
1.8964,0.2004,38.55,95,93,335421
1.8817,0.2004,38.65,95,93,335424
1.8817,0.1955,38.52,95,93,335427
1.9013,0.2151,38.58,95,93,335431
1.8817,0.2004,38.65,95,93,335434
1.8915,0.2053,38.58,95,93,335437
1.8377,0.1955,38.65,95,93,335441
1.8280,0.1906,38.65,95,93,335444
1.8573,0.2102,38.49,95,93,335448
1.8377,0.2004,38.62,95,93,335452
1.8622,0.2004,38.55,95,93,335455
1.8426,0.1955,38.49,95,93,335458
1.8475,0.2053,38.68,95,93,335462
1.8719,0.2004,38.49,95,93,335465
1.8475,0.1955,38.65,95,93,335468
1.8817,0.2151,38.40,95,93,335471
1.8573,0.2053,38.62,95,93,335475
1.8524,0.1955,38.65,95,93,335478
1.9110,0.2004,38.58,95,93,335481
1.8719,0.1906,38.62,95,93,335485
1.9257,0.2053,38.30,95,93,335489
1.9110,0.2053,38.58,95,93,335492
1.8768,0.1955,38.65,95,93,335496
1.8866,0.2004,38.62,95,93,335499
1.8671,0.1955,38.62,95,93,335502
1.9110,0.2151,38.49,95,93,335505
1.8866,0.2102,38.55,95,93,335509
1.8768,0.1955,38.55,95,93,335512
1.8866,0.1955,38.68,95,93,335515
1.8964,0.1906,38.65,95,93,335519
1.9404,0.2053,38.46,95,93,335522
1.9159,0.2004,38.62,95,93,335525
1.9208,0.1955,38.52,95,93,335529
1.9110,0.2004,38.65,95,93,335533
1.9159,0.2004,38.65,95,93,335536
1.9404,0.2199,38.52,95,93,335539
1.9257,0.1955,38.65,95,93,335543
1.9159,0.1906,38.52,95,93,335546
1.8915,0.1955,38.58,95,93,335549
1.8915,0.2053,38.68,95,93,335553
1.9013,0.2004,38.55,95,93,335556
1.8866,0.2004,38.62,95,93,335559
1.9110,0.2151,38.55,95,93,335563
1.8964,0.2004,38.81,95,93,335566
1.9159,0.1955,38.62,95,93,335569
1.9501,0.2102,38.52,95,93,335574
1.9306,0.2004,38.62,95,93,335577
1.9795,0.2346,38.40,95,93,335580
1.9648,0.2004,38.52,95,93,335583
1.9746,0.1955,38.68,95,93,335587
2.0283,0.2004,38.55,95,93,335590
1.9844,0.2004,38.62,95,93,335593
1.9892,0.2053,38.40,95,93,335597
1.9159,0.1955,38.55,95,93,335600
1.8768,0.1955,38.68,95,93,335603
1.8768,0.2004,38.65,95,93,335607
1.8671,0.1955,38.55,95,93,335610
1.9257,0.2151,38.40,95,93,335613
1.8866,0.2053,38.71,95,93,335617
1.8768,0.2004,38.62,95,93,335621
1.8671,0.2004,38.62,95,93,335624
1.8328,0.1955,38.62,95,93,335627
1.8426,0.2151,38.49,95,93,335631
1.7840,0.2004,38.62,95,93,335634
1.7742,0.2004,38.58,95,93,335637
1.7937,0.1955,38.65,95,93,335641
1.7742,0.1955,38.65,95,93,335644
1.8280,0.2395,38.46,95,93,335647
1.8035,0.2004,38.62,95,93,335651
1.8133,0.2053,38.36,95,93,335654
1.7742,0.2053,38.62,95,93,335657
1.7644,0.1906,38.62,95,93,335661
1.7791,0.2102,38.43,95,93,335665
1.7644,0.2004,38.65,95,93,335668
1.7840,0.1906,38.52,95,93,335671
1.7595,0.1955,38.55,95,93,335675
1.7644,0.1955,38.62,95,93,335678
1.7742,0.2004,38.52,95,93,335681
1.7742,0.1955,38.65,95,93,335685
1.8328,0.2053,38.40,95,93,335688
1.8328,0.1955,38.62,95,93,335691
1.9062,0.1955,38.58,95,93,335694
2.0626,0.2004,38.58,95,93,335698
2.1701,0.1955,38.68,95,93,335702
2.4340,0.2297,38.33,95,93,335705
2.6735,0.1955,38.55,95,93,335709
2.8983,0.1955,38.65,95,93,335712
3.1623,0.2004,38.58,95,93,335715
3.3138,0.1955,38.62,95,93,335719
3.4311,0.2199,38.43,95,93,335722
3.2014,0.2053,38.55,95,93,335725
2.8739,0.1955,38.58,95,93,335729
2.5318,0.2004,38.74,95,93,335732
2.2043,0.2004,38.65,95,93,335735
1.9697,0.2053,38.49,95,93,335738
1.7155,0.2004,38.58,95,93,335742
1.5591,0.1955,38.55,95,93,335746
1.4272,0.2248,38.65,95,93,335749
1.3587,0.2053,38.68,95,93,335753
1.3245,0.2053,38.58,95,93,335756
1.2854,0.1955,38.65,95,93,335759
1.2952,0.2004,38.52,95,93,335763
1.2854,0.1955,38.68,95,93,335766
1.3148,0.1906,38.65,95,93,335769
1.3685,0.2102,38.55,95,93,335772
1.3636,0.2004,38.62,95,93,335776
1.3930,0.2004,38.46,95,93,335779
1.3881,0.1955,38.62,95,93,335782
1.4076,0.2004,38.68,95,93,335787
1.4467,0.2053,38.52,95,93,335790
1.4467,0.2004,38.71,95,93,335793
1.4858,0.2053,38.36,95,93,335797
1.4809,0.2004,38.62,95,93,335800
1.4858,0.1906,38.65,95,93,335803
1.5152,0.2053,38.52,95,93,335806
1.5200,0.1906,38.65,95,93,335810
1.5836,0.2102,38.36,95,93,335813
1.5494,0.1955,38.55,95,93,335816
1.5591,0.2004,38.62,95,93,335820
1.5787,0.1906,38.62,95,93,335823
1.5836,0.1955,38.62,95,93,335826
1.6325,0.2102,38.40,95,93,335831
1.6080,0.2053,38.65,95,93,335834
1.5982,0.1955,38.74,95,93,335837
1.6031,0.2004,38.62,95,93,335841
1.6080,0.1955,38.71,95,93,335844
1.6520,0.2053,38.49,95,93,335847
1.6276,0.2053,38.58,95,93,335850
1.6373,0.2004,38.52,95,93,335854
1.6227,0.2004,38.65,95,93,335857
1.6471,0.1955,38.65,95,93,335860
1.6569,0.2053,38.52,95,93,335864
1.6422,0.2004,38.65,95,93,335867
1.6618,0.2102,38.46,95,93,335870
1.6373,0.1906,38.65,95,93,335875
1.6325,0.1955,38.65,95,93,335878
1.6520,0.2053,38.55,95,93,335881
1.6373,0.1955,38.65,95,93,335884
1.6667,0.2004,38.46,95,93,335888
1.6325,0.1955,38.62,95,93,335891
1.6471,0.2004,38.65,95,93,335894
1.6618,0.2297,38.55,95,93,335898
1.6520,0.2004,38.65,95,93,335901
1.6960,0.2004,38.43,95,93,335904
1.6911,0.2004,38.52,95,93,335908
1.6960,0.1955,38.68,95,93,335911
1.7204,0.2053,38.58,95,93,335915
1.7009,0.1955,38.68,95,93,335919
1.7449,0.2102,38.36,95,93,335922
1.7351,0.2004,38.49,95,93,335927
1.7058,0.2004,38.58,95,93,335930
1.7204,0.1906,38.52,95,93,335933
1.7107,0.2004,38.74,95,93,335936
1.7107,0.1955,38.65,95,93,335940
1.7351,0.2102,38.55,95,93,335943
1.7204,0.2004,38.68,95,93,335946
1.7742,0.1955,38.49,95,93,335950
1.7400,0.2004,38.65,95,93,335953
1.7498,0.2004,38.68,95,93,335956
1.8182,0.2004,38.49,95,93,335961
1.7693,0.2004,38.55,95,93,335964
1.8084,0.2004,38.58,95,93,335967
1.7937,0.1955,38.58,95,93,335970
1.8084,0.1955,38.65,95,93,335974
1.8377,0.2053,38.52,95,93,335977
1.8182,0.1955,38.65,95,93,335980
1.8426,0.2004,38.43,95,93,335984
1.8182,0.1955,38.62,95,93,335987
1.8231,0.1955,38.62,95,93,335990
1.8426,0.2102,37.80,95,93,335994
1.8231,0.2004,38.65,95,93,335997
1.8671,0.2053,38.36,95,93,336001
1.8182,0.1955,38.58,95,93,336004
1.8182,0.1955,38.55,95,93,336008
1.8524,0.2102,38.52,95,93,336011
1.8182,0.1955,38.68,95,93,336014
1.8671,0.2151,38.36,95,93,336018
1.8328,0.2053,38.62,95,93,336021
1.8133,0.1955,38.62,95,93,336024
1.8182,0.2004,38.62,95,93,336028
1.8084,0.1955,38.68,95,93,336031
1.8524,0.2102,38.46,95,93,336034
1.8182,0.2053,38.58,95,93,336038
1.8084,0.2004,38.52,95,93,336041
1.7889,0.2004,38.58,95,93,336045
1.7840,0.1906,38.68,95,93,336048
1.8133,0.2053,38.49,95,93,336052
1.7889,0.2004,38.65,95,93,336055
1.7986,0.2004,38.46,95,93,336058
1.7693,0.2053,38.68,95,93,336062
1.7644,0.1955,38.65,95,93,336065
1.7791,0.2004,38.55,95,93,336068
1.7693,0.2004,38.65,95,93,336072
1.7986,0.2053,38.52,95,93,336075
1.7644,0.2102,38.65,95,93,336078
1.7595,0.1955,38.65,95,93,336081
1.7791,0.2053,38.52,95,93,336086
1.7546,0.2004,38.62,95,93,336089
1.7791,0.2053,38.43,95,93,336092
1.7693,0.1955,38.55,95,93,336096
1.7644,0.1955,38.58,95,93,336099
1.7937,0.1906,38.55,95,93,336102
1.7693,0.1955,38.08,95,93,336106
1.8133,0.2053,38.36,95,93,336109
1.7840,0.1955,38.55,95,93,336112
1.7840,0.1955,38.65,95,93,336115
1.7937,0.2004,37.93,95,93,336119
1.7840,0.2004,38.65,95,93,336122
1.8377,0.2053,38.33,95,93,336125
1.7986,0.2004,38.55,95,93,336130
1.8035,0.1955,38.62,95,93,336133
1.8475,0.2004,38.62,95,93,336136
1.8084,0.1955,38.65,95,93,336140
1.8622,0.2248,38.46,95,93,336143
1.8377,0.2053,38.55,95,93,336146
1.8280,0.1955,38.58,95,93,336150
1.8280,0.1906,38.65,95,93,336153
1.8328,0.1906,38.65,95,93,336156
1.8622,0.2053,38.49,95,93,336159
1.8426,0.2004,38.62,95,93,336163
1.8573,0.1906,38.52,95,93,336166
1.8426,0.1955,38.74,95,93,336169
1.8671,0.1955,38.65,95,93,336174
1.8866,0.2102,38.87,95,93,336177
1.8622,0.2053,38.62,95,93,336180
1.9013,0.2053,38.52,95,93,336184
1.8719,0.1955,38.65,95,93,336187
1.8817,0.2151,38.65,95,93,336190
1.9159,0.1906,38.55,95,93,336193
1.9110,0.2004,38.65,95,93,336197
1.9550,0.2004,38.46,95,93,336200
1.9550,0.1955,38.68,95,93,336203
1.9453,0.1955,38.65,95,93,336207
1.9746,0.2102,38.62,95,93,336210
1.9453,0.2053,38.65,95,93,336214
1.9795,0.2053,38.40,95,93,336218
1.9306,0.2053,37.83,95,93,336221
1.8915,0.1955,38.65,95,93,336224
1.8817,0.2053,38.58,95,93,336227
1.8475,0.1955,38.62,95,93,336231
1.8817,0.2102,38.33,95,93,336234
1.8328,0.2004,38.52,95,93,336237
1.8133,0.1906,38.84,95,93,336241
1.8035,0.2053,38.68,95,93,336244
1.7791,0.1955,38.65,95,93,336247
1.8280,0.2151,38.46,95,93,336251
1.7791,0.2053,38.58,95,93,336254
1.7693,0.1955,38.58,95,93,336258
1.7498,0.2004,38.65,95,93,336262
1.7498,0.1906,38.65,95,93,336265
1.7791,0.2102,38.43,95,93,336268
1.7644,0.1955,38.62,95,93,336271
1.7889,0.1906,38.49,95,93,336275
1.7693,0.2004,38.62,95,93,336278
1.7693,0.2199,38.65,95,93,336281
1.7986,0.2102,38.49,95,93,336285
1.7693,0.2004,38.62,95,93,336288
1.7937,0.2053,38.49,95,93,336291
1.7644,0.1906,38.65,95,93,336295
1.7595,0.1955,37.93,95,93,336299
1.7791,0.2004,38.52,95,93,336302
1.7840,0.1906,38.62,95,93,336305
1.8328,0.2004,38.46,95,93,336309
1.8426,0.2346,38.62,95,93,336312
1.8866,0.1955,38.68,95,93,336315
1.9746,0.2053,38.55,95,93,336319
2.0577,0.2004,38.62,95,93,336322
2.2727,0.2053,38.46,95,93,336325
2.3754,0.1955,38.58,95,93,336329
2.6002,0.2004,38.65,95,93,336332
2.8739,0.2053,38.58,95,93,336335
3.0792,0.1955,38.65,95,93,336339
3.3187,0.2102,38.33,95,93,336343
3.2796,0.2004,38.62,95,93,336346
3.0890,0.1906,38.65,95,93,336349
2.8104,0.2004,38.62,95,93,336353
2.4927,0.2053,38.65,95,93,336356
2.2678,0.2102,38.46,95,93,336359
1.9795,0.2053,38.52,95,93,336363
1.7693,0.1955,38.55,95,93,336366
1.6178,0.1906,38.65,95,93,336369
1.5005,0.2004,38.84,95,93,336372
1.4614,0.2151,38.46,95,93,336376
1.3832,0.2004,38.65,95,93,336379
1.3783,0.2004,38.90,95,93,336382
1.3490,0.2004,38.62,95,93,336387
1.3490,0.1955,38.65,95,93,336390
1.3783,0.2053,38.62,95,93,336393
1.3832,0.2004,38.65,95,93,336397
1.4125,0.2102,38.52,95,93,336400
1.4027,0.1955,38.65,95,93,336403
1.4223,0.2053,38.62,95,93,336407
1.4663,0.2004,38.52,95,93,336410
1.4712,0.1955,38.65,95,93,336413
1.5103,0.1955,38.46,95,93,336416
1.5054,0.1955,38.62,95,93,336420
1.5152,0.1955,38.58,95,93,336423
1.5396,0.2102,38.52,95,93,336427
1.5347,0.1955,38.74,95,93,336431
1.5836,0.2102,38.40,95,93,336434
1.5689,0.2004,38.58,95,93,336437
1.5738,0.1955,38.65,95,93,336441
1.5982,0.2199,38.58,95,93,336444
1.6080,0.1955,38.65,95,93,336447
1.6618,0.2053,38.36,95,93,336450
1.6325,0.2004,38.52,95,93,336454
1.6325,0.1955,38.62,95,93,336457
1.6373,0.2004,38.62,95,93,336460
1.6325,0.2004,38.65,95,93,336464
1.6911,0.2102,38.43,95,93,336467
1.6569,0.2004,38.58,95,93,336471
1.6618,0.1906,38.55,95,93,336475
1.6618,0.2004,38.65,95,93,336478
1.6667,0.1955,38.65,95,93,336481
1.7009,0.2102,38.46,95,93,336485
1.6764,0.2004,38.65,95,93,336488
1.6960,0.2004,38.52,95,93,336491
1.6862,0.1955,38.62,95,93,336494
1.7009,0.1906,38.62,95,93,336498
1.7204,0.2053,38.62,95,93,336501
1.7009,0.2004,38.62,95,93,336504
1.7253,0.2395,38.49,95,93,336508
1.7058,0.1906,38.65,95,93,336512
1.7155,0.1955,38.62,95,93,336515
1.7400,0.2004,38.55,95,93,336519
1.7253,0.1906,38.68,95,93,336522
1.7449,0.1955,38.65,95,93,336525
1.7204,0.1955,38.65,95,93,336528
1.7253,0.1955,38.65,95,93,336532
1.7449,0.2053,38.55,95,93,336535
1.7595,0.2297,38.62,95,93,336540
1.7889,0.1955,38.65,95,93,336543
1.8084,0.2199,38.49,95,93,336546
1.7693,0.2102,38.55,95,93,336550
1.7595,0.1906,38.62,95,93,336553
1.7644,0.1955,38.62,95,93,336557
1.7693,0.2004,38.68,95,93,336561
1.8280,0.1906,38.49,95,93,336564
1.7840,0.2053,38.65,95,93,336567
1.7840,0.1955,38.49,95,93,336571
1.7791,0.1955,38.62,95,93,336574
1.7693,0.1955,38.68,95,93,336577
1.7986,0.2151,38.55,95,93,336580
1.7937,0.2004,38.65,95,93,336584
1.8231,0.2004,38.52,95,93,336587
1.8524,0.1955,38.62,95,93,336590
1.8328,0.1906,38.65,95,93,336594
1.8719,0.2395,38.49,95,93,336598
1.8475,0.2004,38.65,95,93,336601
1.8768,0.1955,38.49,95,93,336605
1.8524,0.1906,38.58,95,93,336608
1.8866,0.1906,38.65,95,93,336611
1.8768,0.2004,38.49,95,93,336614
1.8622,0.1955,38.52,95,93,336618
1.8964,0.2053,38.43,95,93,336621
1.8671,0.2004,38.68,95,93,336624
1.8622,0.1955,38.65,95,93,336628
1.8817,0.2004,38.58,95,93,336631
1.8671,0.1906,38.65,95,93,336634
1.9013,0.2053,38.46,95,93,336638
1.8817,0.2004,38.62,95,93,336642
1.8475,0.2004,38.65,95,93,336645
1.8475,0.2053,38.62,95,93,336648
1.8280,0.2053,38.65,95,93,336652
1.8768,0.2102,38.36,95,93,336655
1.8280,0.2004,38.65,95,93,336658
1.7986,0.1955,38.58,95,93,336662
1.8133,0.2004,38.62,95,93,336665
1.7937,0.1906,38.65,95,93,336668
1.8328,0.2102,38.46,95,93,336672
1.7937,0.2102,38.58,95,93,336675
1.7889,0.1906,38.58,95,93,336678
1.7693,0.2004,38.68,95,93,336681
1.7644,0.1955,38.65,95,93,336686
1.7840,0.1955,38.55,95,93,336689
1.7546,0.2004,38.68,95,93,336692
1.7742,0.2004,38.49,95,93,336696
1.7742,0.1955,38.68,95,93,336699
1.7449,0.1955,38.65,95,93,336702
1.7546,0.2004,38.58,95,93,336706
1.7400,0.1906,38.68,95,93,336709
1.7644,0.2053,38.52,95,93,336712
1.7351,0.2346,38.68,95,93,336716
1.7449,0.1955,38.65,95,93,336719
1.7742,0.2053,38.52,95,93,336722
1.7449,0.2004,38.65,95,93,336726
1.7840,0.2004,38.43,95,93,336730
1.7644,0.2004,38.43,95,93,336733
1.7595,0.1955,38.65,95,93,336736
1.7840,0.2102,38.55,95,93,336740
1.7644,0.2004,38.65,95,93,336743
1.8084,0.2199,38.36,95,93,336746
1.7742,0.1955,38.55,95,93,336750
1.7840,0.1955,38.62,95,93,336753
1.7986,0.1955,38.58,95,93,336756
1.7986,0.2053,38.62,95,93,336759
1.8475,0.2102,38.33,95,93,336763
1.8035,0.1955,38.55,95,93,336766
1.7986,0.1955,38.62,95,93,336770
1.7986,0.2004,38.62,95,93,336774
1.7986,0.2004,38.58,95,93,336777
1.8475,0.2102,38.55,95,93,336780
1.8182,0.2053,38.58,95,93,336784
1.8475,0.1955,38.52,95,93,336787
1.8133,0.2004,38.62,95,93,336790
1.8231,0.2053,38.68,95,93,336794
1.8573,0.2102,38.49,95,93,336797
1.8377,0.2053,38.58,95,93,336800
1.8671,0.1955,38.49,95,93,336803
1.8377,0.2004,38.68,95,93,336807
1.8475,0.1955,38.52,95,93,336811
1.8768,0.2053,38.55,95,93,336814
1.8622,0.1906,38.62,95,93,336818
1.9013,0.2004,38.52,95,93,336821
1.8817,0.2053,38.62,95,93,336824
1.8915,0.1955,38.65,95,93,336828
1.9159,0.2004,38.49,95,93,336831
1.9062,0.1955,38.65,95,93,336834
1.9208,0.1906,38.43,95,93,336837
1.8817,0.2248,38.65,95,93,336841
1.9062,0.1955,38.65,95,93,336844
1.8768,0.2102,38.74,95,93,336847
1.8280,0.1955,38.68,95,93,336851
1.8524,0.2053,38.40,95,93,336855
1.8133,0.2004,38.84,95,93,336858
1.7889,0.2053,38.65,95,93,336862
1.7889,0.2053,38.58,95,93,336865
1.7595,0.2004,38.65,95,93,336868
1.7937,0.2102,38.33,95,93,336871
1.7498,0.2004,38.49,95,93,336875
1.7253,0.1906,38.58,95,93,336878
1.7204,0.2004,38.62,95,93,336881
1.7155,0.2053,38.65,95,93,336885
1.7498,0.2102,38.49,95,93,336888
1.7155,0.2053,38.84,95,93,336891
1.7155,0.1955,38.52,95,93,336896
1.7107,0.2004,38.65,95,93,336899
1.7107,0.1955,38.65,95,93,336902
1.7498,0.2004,38.55,95,93,336906
1.7253,0.2004,38.65,95,93,336909
1.7400,0.2004,38.55,95,93,336912
1.7204,0.2004,38.68,95,93,336915
1.7351,0.1955,38.65,95,93,336919
1.7546,0.2102,38.49,95,93,336922
1.7400,0.2004,38.62,95,93,336925
1.7791,0.2004,38.52,95,93,336929
1.7644,0.1906,38.62,95,93,336932
1.7986,0.1955,38.74,95,93,336935
1.8573,0.2053,38.55,95,93,336940
1.9062,0.2004,38.65,95,93,336943
2.0137,0.2004,38.58,95,93,336946
2.1017,0.2053,38.65,95,93,336949
2.2630,0.1955,38.65,95,93,336953
2.4731,0.2102,38.52,95,93,336956
2.6784,0.2004,38.74,95,93,336959
2.9717,0.2004,38.40,95,93,336963
3.1085,0.1955,38.62,95,93,336966
3.1916,0.1955,38.68,95,93,336969
3.1672,0.2053,38.62,95,93,336973
2.8837,0.2004,38.58,95,93,336976
2.6491,0.2102,38.33,95,93,336979
2.3069,0.2053,38.55,95,93,336983
2.0332,0.1906,38.65,95,93,336987
1.8231,0.2053,38.62,95,93,336990
1.6422,0.1955,38.65,95,93,336993
1.5591,0.2199,38.46,95,93,336997
1.4321,0.2053,38.55,95,93,337000
1.3685,0.1955,38.55,95,93,337003
1.3245,0.2004,38.65,95,93,337007
1.3099,0.2004,38.65,95,93,337010
1.3294,0.2102,38.55,95,93,337013
1.3196,0.2004,38.58,95,93,337016
1.3490,0.2004,38.52,95,93,337020
1.3539,0.2004,37.87,95,93,337024
1.3685,0.1955,38.65,95,93,337027
1.4125,0.2102,38.62,95,93,337031
1.4125,0.2102,38.62,95,93,337034
1.4761,0.2053,38.52,95,93,337037
1.4516,0.2004,38.65,95,93,337041
1.4712,0.2053,38.65,95,93,337044
1.5103,0.2102,38.55,95,93,337047
1.5005,0.2053,38.65,95,93,337050
1.5298,0.1808,38.55,95,93,337054
1.5200,0.1906,38.55,95,93,337057
1.5298,0.1955,38.65,95,93,337060
1.5640,0.2004,38.49,95,93,337064
1.5689,0.2004,38.65,95,93,337068
1.5836,0.2053,38.43,95,93,337071
1.5591,0.2004,38.55,95,93,337075
1.5591,0.2248,38.62,95,93,337078
1.5885,0.1906,38.55,95,93,337081
1.5689,0.2004,38.65,95,93,337084
1.6080,0.2102,38.36,95,93,337088
1.6080,0.2004,38.65,95,93,337091
1.5982,0.1906,38.65,95,93,337094
1.6080,0.2053,38.62,95,93,337098
1.6129,0.2248,38.65,95,93,337101
1.6667,0.1906,38.40,95,93,337104
1.6325,0.2053,38.62,95,93,337108
1.6227,0.1955,38.58,95,93,337112
1.6276,0.2004,38.62,95,93,337115
1.6325,0.2004,38.52,95,93,337118
1.6813,0.2151,38.43,95,93,337122
1.6618,0.2053,38.58,95,93,337125
1.6716,0.2004,38.55,95,93,337128
1.6520,0.1906,38.65,95,93,337132
1.6716,0.2004,38.68,95,93,337135
1.6960,0.2151,38.55,95,93,337138
1.6862,0.2004,38.62,95,93,337142
1.7009,0.2004,38.49,95,93,337145
1.6764,0.2004,38.74,95,93,337148
1.7009,0.2004,38.74,95,93,337154
1.7058,0.2004,38.71,95,93,337157
1.7155,0.2053,38.58,95,93,337161
1.7107,0.2004,38.74,95,93,337164
1.7498,0.2053,38.36,95,93,337167
1.7644,0.2004,38.46,95,93,337170
1.7204,0.2004,38.65,95,93,337174
1.7302,0.2053,38.62,95,93,337177
1.7155,0.1955,38.68,95,93,337180
1.7644,0.2102,38.33,95,93,337184
1.7302,0.1955,38.55,95,93,337187
1.7204,0.1955,38.62,95,93,337190
1.7351,0.2053,38.65,95,93,337195
1.7400,0.2004,38.65,95,93,337198
1.7986,0.2395,38.46,95,93,337201
1.7742,0.2053,38.58,95,93,337204
1.7791,0.1955,38.52,95,93,337208
1.7742,0.2004,38.65,95,93,337211
1.7791,0.2004,38.65,95,93,337214
1.8133,0.2199,38.52,95,93,337218
1.7986,0.2053,38.62,95,93,337221
1.8328,0.2053,38.52,95,93,337224
1.8475,0.2004,38.65,95,93,337228
1.8231,0.2004,38.65,95,93,337231
1.8328,0.2102,38.52,95,93,337234
1.8377,0.2053,38.65,95,93,337239
1.8280,0.2053,38.52,95,93,337242
1.8035,0.1955,38.58,95,93,337245
1.8035,0.2248,38.65,95,93,337248
1.8231,0.2053,38.52,95,93,337252
1.7986,0.2004,38.65,95,93,337255
1.8182,0.2053,38.46,95,93,337258
1.7840,0.2004,38.58,95,93,337262
1.7937,0.2004,38.68,95,93,337265
1.8182,0.2053,38.52,95,93,337268
1.8231,0.1955,38.65,95,93,337272
1.8328,0.2102,38.40,95,93,337275
1.7840,0.1955,38.68,95,93,337278
1.7840,0.1906,38.62,95,93,337282
1.8084,0.2053,38.68,95,93,337286
1.7840,0.2102,38.65,95,93,337289
1.8426,0.2102,38.33,95,93,337292
1.7742,0.2053,38.58,95,93,337296
1.7449,0.1955,38.58,95,93,337299
1.7498,0.2053,38.62,95,93,337302
1.7400,0.2004,38.68,95,93,337306
1.7986,0.2199,38.49,95,93,337309
1.7693,0.2102,38.58,95,93,337312
1.7644,0.1955,38.58,95,93,337315
1.7595,0.2053,38.62,95,93,337319
1.7889,0.1955,38.68,95,93,337323
1.7840,0.2102,38.49,95,93,337326
1.7498,0.2053,38.58,95,93,337330
1.7742,0.2004,38.49,95,93,337333
1.7155,0.2004,38.71,95,93,337336
1.7107,0.2004,38.68,95,93,337340
1.7204,0.1906,38.58,95,93,337343
1.7009,0.2004,37.99,95,93,337346
1.7204,0.2102,38.43,95,93,337349
1.6960,0.1955,38.65,95,93,337353
1.7058,0.2004,38.65,95,93,337356
1.7449,0.2102,38.49,95,93,337359
1.7546,0.2004,38.65,95,93,337363
1.7595,0.1906,38.49,95,93,337367
1.7498,0.2004,38.49,95,93,337370
1.7595,0.2004,38.58,95,93,337374
1.7693,0.2004,38.52,95,93,337377
1.7498,0.2004,38.65,95,93,337380
1.7840,0.2053,38.40,95,93,337383
1.7546,0.2248,38.46,95,93,337387
1.7546,0.2053,38.65,95,93,337390
1.7644,0.2102,38.58,95,93,337393
1.7400,0.2004,38.65,95,93,337397
1.7791,0.2102,38.49,95,93,337400
1.7449,0.2004,38.58,95,93,337403
1.7546,0.2004,38.58,95,93,337408
1.7693,0.2004,38.62,95,93,337411
1.7644,0.2004,38.68,95,93,337414
1.8133,0.2199,38.43,95,93,337417
1.7840,0.2053,38.52,95,93,337421
1.8084,0.1955,38.58,95,93,337424
1.7889,0.2053,38.62,95,93,337427
1.7937,0.2053,38.68,95,93,337431
1.8475,0.2102,38.46,95,93,337434
1.8280,0.2053,38.62,95,93,337437
1.8377,0.2004,38.52,95,93,337441
1.8231,0.2004,38.65,95,93,337444
1.8377,0.2004,38.58,95,93,337447
1.8768,0.2151,38.49,95,93,337451
1.8719,0.1906,38.62,95,93,337455
1.9062,0.2053,38.43,95,93,337458
1.8866,0.1955,38.65,95,93,337461
1.8866,0.2004,38.71,95,93,337465
1.8768,0.2053,38.55,95,93,337468
1.8817,0.1955,38.65,95,93,337471
1.8377,0.2004,38.55,95,93,337475
1.7791,0.2053,38.68,95,93,337478
1.7693,0.2004,38.65,95,93,337481
1.7644,0.2102,38.46,95,93,337485
1.7400,0.1955,38.65,95,93,337488
1.7693,0.2053,38.43,95,93,337491
1.7351,0.2053,38.52,95,93,337495
1.7107,0.2053,38.65,95,93,337499
1.7204,0.2102,38.58,95,93,337502
1.6960,0.2004,38.62,95,93,337505
1.7351,0.2297,38.36,95,93,337509
1.7009,0.2004,38.58,95,93,337512
1.7009,0.2004,38.65,95,93,337515
1.7058,0.2102,38.62,95,93,337519
1.7009,0.2004,38.65,95,93,337522
1.7400,0.2199,38.36,95,93,337525
1.7107,0.2004,38.96,95,93,337528
1.7107,0.2004,38.55,95,93,337532
1.7400,0.2053,38.62,95,93,337536
1.7009,0.2004,38.65,95,93,337539
1.7400,0.2199,38.49,95,93,337543
1.7058,0.2151,38.62,95,93,337546
1.7009,0.2004,38.55,95,93,337549
1.6911,0.2053,38.62,95,93,337553
1.7155,0.2004,38.65,95,93,337556
1.7840,0.2102,38.46,95,93,337559
1.7937,0.2053,38.62,95,93,337562
1.8475,0.2004,38.49,95,93,337566
1.8768,0.2004,38.65,95,93,337569
1.9599,0.2004,38.62,95,93,337572
2.1457,0.2102,38.52,95,93,337576
2.2727,0.2004,38.68,95,93,337580
2.5367,0.2053,38.46,95,93,337583
2.7419,0.1955,38.62,95,93,337587
2.9912,0.2004,38.65,95,93,337590
3.1818,0.2053,38.52,95,93,337593
3.2063,0.2102,38.68,95,93,337596
3.1329,0.2004,38.43,95,93,337600
2.7859,0.2004,38.71,95,93,337603
2.4633,0.2004,38.68,95,93,337606
2.1799,0.2102,38.55,95,93,337610
1.8915,0.2004,38.65,95,93,337613
1.7253,0.2053,38.40,95,93,337616
1.5885,0.2053,38.55,95,93,337620
1.4272,0.2004,38.65,95,93,337624
1.3685,0.2102,38.58,95,93,337627
1.3148,0.2004,38.68,95,93,337631
1.2854,0.2151,38.40,95,93,337634
1.2805,0.2102,38.55,95,93,337637
1.2610,0.1906,38.62,95,93,337640
1.2854,0.2053,38.62,95,93,337644
1.3050,0.2346,38.65,95,93,337647
1.3685,0.2151,38.52,95,93,337650
1.3587,0.2053,38.58,95,93,337654
1.3734,0.1955,38.52,95,93,337657
1.3930,0.2004,38.62,95,93,337660
1.4125,0.2004,38.58,95,93,337665
1.4467,0.2199,38.55,95,93,337668
1.4370,0.2004,38.62,95,93,337671
1.4565,0.2053,38.58,95,93,337674
1.4467,0.2004,38.65,95,93,337678
1.4761,0.2004,38.65,95,93,337681
1.5249,0.2151,38.49,95,93,337684
1.5152,0.2053,38.65,95,93,337688
1.5543,0.2053,38.58,95,93,337691
1.5347,0.2053,38.58,95,93,337694
1.5445,0.2004,38.65,95,93,337698
1.5689,0.2053,38.74,95,93,337701
1.5640,0.2004,38.65,95,93,337704
1.6031,0.2053,38.43,95,93,337708
1.5885,0.2004,38.74,95,93,337712
1.5885,0.2004,38.71,95,93,337715
1.6031,0.2395,38.55,95,93,337718
1.5836,0.1906,38.65,95,93,337722
1.6178,0.2102,38.49,95,93,337725
1.5934,0.2004,38.62,95,93,337728
1.5982,0.2004,38.65,95,93,337732
1.6080,0.2053,38.46,95,93,337735
1.6129,0.1955,38.71,95,93,337738
1.6716,0.2151,38.36,95,93,337742
1.6520,0.2004,38.62,95,93,337745
1.6422,0.1955,38.62,95,93,337748
1.6373,0.2053,38.65,95,93,337752
1.6276,0.2053,38.68,95,93,337756
1.6716,0.2102,38.46,95,93,337759
1.7009,0.2151,38.55,95,93,337764
1.7155,0.2102,38.65,95,93,337767
1.7449,0.2102,38.52,95,93,337770
1.6862,0.2004,38.77,95,93,337774
1.6569,0.2053,38.65,95,93,337777
1.6520,0.2053,38.58,95,93,337780
1.6520,0.2004,38.65,95,93,337784
1.6911,0.2053,38.40,95,93,337787
1.6911,0.2053,38.62,95,93,337790
1.6960,0.2004,38.65,95,93,337795
1.7107,0.2102,38.68,95,93,337798
1.6911,0.2053,38.65,95,93,337801
1.6960,0.2102,38.43,95,93,337804
1.6764,0.2102,38.52,95,93,337808
1.6911,0.2004,38.65,95,93,337811
1.7253,0.2102,38.62,95,93,337814
1.7204,0.2248,38.65,95,93,337818
1.8084,0.2102,38.33,95,93,337821
1.7351,0.2053,38.96,95,93,337824
1.7400,0.2199,38.62,95,93,337828
1.7204,0.2053,38.65,95,93,337831
1.7253,0.2004,38.65,95,93,337835
1.7791,0.2199,38.43,95,93,337838
1.7595,0.2004,38.62,95,93,337842
1.7742,0.2004,38.55,95,93,337845
1.7791,0.2053,38.62,95,93,337848
1.7889,0.2004,38.71,95,93,337852
1.8182,0.1906,38.55,95,93,337855
1.7937,0.2199,38.65,95,93,337858
1.8182,0.2053,38.55,95,93,337862
1.8231,0.2053,38.65,95,93,337865
1.8426,0.2004,38.68,95,93,337868
1.8719,0.2151,38.49,95,93,337872
1.8280,0.2151,38.62,95,93,337875
1.8426,0.2102,38.55,95,93,337879
1.8035,0.2004,38.68,95,93,337882
1.7937,0.2004,38.58,95,93,337886
1.8084,0.2053,38.52,95,93,337889
1.8035,0.2053,38.65,95,93,337892
1.8328,0.2053,38.52,95,93,337896
1.7986,0.2053,38.68,95,93,337899
1.7889,0.2004,38.65,95,93,337902
1.8084,0.2102,38.62,95,93,337906
1.8084,0.1955,38.68,95,93,337909
1.8671,0.2102,38.43,95,93,337912
1.8035,0.1955,38.62,95,93,337915
1.7889,0.2053,38.65,95,93,337920
1.8133,0.1906,38.58,95,93,337923
1.8035,0.2053,38.58,95,93,337926
1.8426,0.2395,38.33,95,93,337930
1.7889,0.2053,38.55,95,93,337933
1.7546,0.2004,38.62,95,93,337936
1.7546,0.2053,38.68,95,93,337940
1.7546,0.2053,38.65,95,93,337943
1.7986,0.2199,38.43,95,93,337946
1.7400,0.2151,38.55,95,93,337949
1.7253,0.1955,38.58,95,93,337953
1.7107,0.2053,38.62,95,93,337956
1.7400,0.2004,38.65,95,93,337959
1.7986,0.2102,38.49,95,93,337964
1.7840,0.2102,38.62,95,93,337967
1.7791,0.2053,38.52,95,93,337970
1.7449,0.2053,38.68,95,93,337974
1.7498,0.2004,38.65,95,93,337977
1.7840,0.2102,38.58,95,93,337980
1.7840,0.2053,38.49,95,93,337983
1.7986,0.2395,38.52,95,93,337987
1.7693,0.2053,38.71,95,93,337990
1.7742,0.2053,38.65,95,93,337993
1.8231,0.2102,38.52,95,93,337997
1.8231,0.2053,38.68,95,93,338000
1.8475,0.2053,38.46,95,93,338003
1.8231,0.2004,38.52,95,93,338008
1.8133,0.2053,38.58,95,93,338011
1.8328,0.2102,38.49,95,93,338014
1.8133,0.2053,38.84,95,93,338018
1.8622,0.2151,38.40,95,93,338021
1.8475,0.2053,38.62,95,93,338024
1.8328,0.2004,38.65,95,93,338027
1.8280,0.2151,38.55,95,93,338031
1.8133,0.2053,38.65,95,93,338034
1.8719,0.2151,38.33,95,93,338037
1.8475,0.2004,38.55,95,93,338041
1.8524,0.1955,38.58,95,93,338044
1.8573,0.2053,38.62,95,93,338048
1.8475,0.2004,38.65,95,93,338052
1.9110,0.2199,38.52,95,93,338055
1.8866,0.1906,38.58,95,93,338058
1.8817,0.2004,38.58,95,93,338062
1.8719,0.2053,38.62,95,93,338065
1.8915,0.2053,38.65,95,93,338068
1.9550,0.2102,38.46,95,93,338071
1.9501,0.2395,38.62,95,93,338075
1.9795,0.2004,38.52,95,93,338078
1.9453,0.2053,38.65,95,93,338081
1.9110,0.2004,38.65,95,93,338085
1.9355,0.2102,38.55,95,93,338088
1.9013,0.2053,38.62,95,93,338092
1.9355,0.2102,38.52,95,93,338096
1.8964,0.2297,38.68,95,93,338099
1.8524,0.2053,38.74,95,93,338102
1.8133,0.2053,38.84,95,93,338105
1.7937,0.2102,38.65,95,93,338109
1.8280,0.2004,38.49,95,93,338112
1.8133,0.2053,38.81,95,93,338115
1.8084,0.2053,38.65,95,93,338119
1.8280,0.2151,38.55,95,93,338122
1.7693,0.2053,38.58,95,93,338125
1.7791,0.2199,38.40,95,93,338129
1.7644,0.2102,38.55,95,93,338132
1.7546,0.2004,38.58,95,93,338136
1.7644,0.2151,38.58,95,93,338139
1.7498,0.1906,38.65,95,93,338143
1.7986,0.2151,38.33,95,93,338146
1.7693,0.2053,38.52,95,93,338149
1.7742,0.1955,38.84,95,93,338153
1.7889,0.2102,38.62,95,93,338156
1.7693,0.2053,38.68,95,93,338159
1.8182,0.2248,38.46,95,93,338163
1.7840,0.1906,38.55,95,93,338166
1.7742,0.2004,38.55,95,93,338169
1.7742,0.2102,38.65,95,93,338173
1.7986,0.2053,38.65,95,93,338177
1.8622,0.2151,38.65,95,93,338180
1.8768,0.2102,38.65,95,93,338183
1.9404,0.2053,38.49,95,93,338187
2.0088,0.2053,38.62,95,93,338190
2.1359,0.2053,38.58,95,93,338193
2.3460,0.2151,38.55,95,93,338197
2.5415,0.2053,38.65,95,93,338200
2.8348,0.2102,38.52,95,93,338203
3.0645,0.2151,38.62,95,93,338207
3.3284,0.2004,38.65,95,93,338210
3.4457,0.2102,38.65,95,93,338213
3.3480,0.2053,38.84,95,93,338216
3.1281,0.2151,38.52,95,93,338221
2.7273,0.1906,38.58,95,93,338224
2.3803,0.2004,38.62,95,93,338227
2.1017,0.2004,38.52,95,93,338231
1.8671,0.2053,38.65,95,93,338234
1.6569,0.2102,38.40,95,93,338237
1.4809,0.1955,38.65,95,93,338241
1.3930,0.2053,38.65,95,93,338244
1.3490,0.2102,38.62,95,93,338247
1.3148,0.2053,38.65,95,93,338250
1.3685,0.2199,38.36,95,93,338254
1.3148,0.2102,38.46,95,93,338257
1.3294,0.2444,38.62,95,93,338260
1.3636,0.2102,38.62,95,93,338265
1.3783,0.2004,38.58,95,93,338268
1.4418,0.2199,38.43,95,93,338271
1.4370,0.2151,38.58,95,93,338275
1.4516,0.2053,38.58,95,93,338278
1.4516,0.2053,38.65,95,93,338281
1.4663,0.2053,38.71,95,93,338285
1.5152,0.2639,38.49,95,93,338288
1.5298,0.2053,38.62,95,93,338291
1.5543,0.2053,38.49,95,93,338294
1.5494,0.2053,38.65,95,93,338298
1.5543,0.2053,38.65,95,93,338301
1.5689,0.2493,38.58,95,93,338305
1.5640,0.2053,38.65,95,93,338309
1.5934,0.2102,38.55,95,93,338312
1.5934,0.2004,38.65,95,93,338315
1.6031,0.1906,38.65,95,93,338319
1.6325,0.2151,38.49,95,93,338322
1.6080,0.2004,38.65,95,93,338325
1.6422,0.2053,38.49,95,93,338329
1.6325,0.2053,38.71,95,93,338332
1.6373,0.2151,38.68,95,93,338335
1.6667,0.2199,38.52,95,93,338338
1.6520,0.2102,38.65,95,93,338342
1.6862,0.2151,38.40,95,93,338345
1.6520,0.2053,38.62,95,93,338349
1.6422,0.1955,38.65,95,93,338353
1.6471,0.2102,38.62,95,93,338356
1.6520,0.2053,38.71,95,93,338359
1.7058,0.2346,38.36,95,93,338363
1.6813,0.2053,38.55,95,93,338366
1.6813,0.2004,38.62,95,93,338369
1.7155,0.2102,38.65,95,93,338373
1.6862,0.2102,38.65,95,93,338376
1.6911,0.2004,38.65,95,93,338380
1.7351,0.2151,38.49,95,93,338383
1.7204,0.2053,38.62,95,93,338386
1.7498,0.2102,38.55,95,93,338390
1.7302,0.2004,38.65,95,93,338394
1.7351,0.2053,38.65,95,93,338397
1.7546,0.2102,37.74,95,93,338400
1.7351,0.2053,38.74,95,93,338404
1.7449,0.2053,38.46,95,93,338407
1.7155,0.2053,38.58,95,93,338410
1.7155,0.2542,38.65,95,93,338414
1.7400,0.2151,38.55,95,93,338417
1.7302,0.2053,38.84,95,93,338420
1.7742,0.2346,38.40,95,93,338423
1.7449,0.2053,38.62,95,93,338427
1.7498,0.2053,38.65,95,93,338430
1.7546,0.2151,38.62,95,93,338434
1.7595,0.2053,38.71,95,93,338438
1.8182,0.2248,38.36,95,93,338441
1.8035,0.2102,38.58,95,93,338444
1.7986,0.2004,38.68,95,93,338448
1.7986,0.2004,38.65,95,93,338451
1.7840,0.2004,38.65,95,93,338454
1.8377,0.2102,38.43,95,93,338458
1.8084,0.2151,38.58,95,93,338461
1.8133,0.2102,38.55,95,93,338464
1.8133,0.2102,38.71,95,93,338467
1.8280,0.2053,38.71,95,93,338471
1.8719,0.2151,38.46,95,93,338475
1.8426,0.2102,38.62,95,93,338478
1.8719,0.2053,38.52,95,93,338482
1.8671,0.2395,38.55,95,93,338485
1.8719,0.2053,38.68,95,93,338488
1.9062,0.2151,38.68,95,93,338492
1.8671,0.2053,38.62,95,93,338495
1.8768,0.2102,38.52,95,93,338498
1.8377,0.2053,38.65,95,93,338502
1.8280,0.2053,38.65,95,93,338505
1.8377,0.2151,38.52,95,93,338508
1.7986,0.2053,38.65,95,93,338511
1.8084,0.2053,38.40,95,93,338515
1.7889,0.2053,38.52,95,93,338519
1.8182,0.2004,38.71,95,93,338522
1.8182,0.2199,38.55,95,93,338526
1.8035,0.2053,38.65,95,93,338529
1.8377,0.2199,38.46,95,93,338532
1.8035,0.2102,38.65,95,93,338536
1.7937,0.2053,38.62,95,93,338539
1.8133,0.2102,38.58,95,93,338542
1.7937,0.2053,38.68,95,93,338545
1.8377,0.2199,38.33,95,93,338549
1.7937,0.2053,38.55,95,93,338552
1.7742,0.2004,38.55,95,93,338555
1.7693,0.2346,38.65,95,93,338560
1.7595,0.2053,38.65,95,93,338563
1.8133,0.2248,37.87,95,93,338566
1.7840,0.2199,38.55,95,93,338570
1.7840,0.2004,38.55,95,93,338573
1.7742,0.2053,38.68,95,93,338576
1.7791,0.2053,38.65,95,93,338579
1.8084,0.2248,38.46,95,93,338583
1.7889,0.2102,38.68,95,93,338586
1.7986,0.2004,38.55,95,93,338589
1.7889,0.2053,38.65,95,93,338593
1.7937,0.2053,38.65,95,93,338596
1.8133,0.2053,38.55,95,93,338599
1.7889,0.2102,38.65,95,93,338604
1.8035,0.2151,38.62,95,93,338607
1.7791,0.2444,38.65,95,93,338610
1.7889,0.2053,38.65,95,93,338614
1.8084,0.2102,38.55,95,93,338617
1.8084,0.2004,38.65,95,93,338620
1.8328,0.2102,38.46,95,93,338623
1.8182,0.2053,38.62,95,93,338627
1.8231,0.2004,38.68,95,93,338630
1.8524,0.2151,38.55,95,93,338633
1.8328,0.2102,38.68,95,93,338637
1.8719,0.2151,38.46,95,93,338640
1.8622,0.2102,38.52,95,93,338643
1.8524,0.2053,38.68,95,93,338648
1.8671,0.2102,38.68,95,93,338651
1.8524,0.2102,38.62,95,93,338654
1.9013,0.2151,38.33,95,93,338658
1.8622,0.2053,38.49,95,93,338661
1.8524,0.2004,38.62,95,93,338664
1.8622,0.2151,38.65,95,93,338667
1.8622,0.2053,38.65,95,93,338671
1.9257,0.2199,38.46,95,93,338674
1.8964,0.2102,38.58,95,93,338677
1.9062,0.2053,38.55,95,93,338681
1.9013,0.2102,38.65,95,93,338684
1.9013,0.2004,38.62,95,93,338688
1.9599,0.2248,38.58,95,93,338692
1.9453,0.2102,38.65,95,93,338695
1.9599,0.2102,38.49,95,93,338698
1.9355,0.2053,38.65,95,93,338702
1.9355,0.2053,38.65,95,93,338705
1.9501,0.2151,38.52,95,93,338708
1.9110,0.2102,38.87,95,93,338711
1.9159,0.2151,38.55,95,93,338715
1.8622,0.2053,38.62,95,93,338718
1.8475,0.1955,38.62,95,93,338721
1.8524,0.2102,38.49,95,93,338725
1.8328,0.2053,38.65,95,93,338728
1.8573,0.2151,38.43,95,93,338732
1.8182,0.2102,38.58,95,93,338736
1.8035,0.2053,38.65,95,93,338739
1.7986,0.2199,38.58,95,93,338742
1.7644,0.2053,38.65,95,93,338746
1.8035,0.2151,38.40,95,93,338749
1.7595,0.2004,38.58,95,93,338752
1.7546,0.2053,38.65,95,93,338755
1.7644,0.2102,38.62,95,93,338759
1.7498,0.1906,38.65,95,93,338762
1.8035,0.2248,38.46,95,93,338765
1.7644,0.2395,38.55,95,93,338769
1.7498,0.2053,38.58,95,93,338772
1.7498,0.2102,38.62,95,93,338776
1.7546,0.2004,38.65,95,93,338780
1.7986,0.2151,38.49,95,93,338783
1.7693,0.2199,38.62,95,93,338786
1.7693,0.2053,38.52,95,93,338790
1.7595,0.2102,38.65,95,93,338793
1.7693,0.2297,38.65,95,93,338796
1.8133,0.2151,38.52,95,93,338799
1.8231,0.2297,38.62,95,93,338803
1.8915,0.2102,38.52,95,93,338806
1.9208,0.2053,38.77,95,93,338809
2.0088,0.2346,38.65,95,93,338813
2.1799,0.2004,38.55,95,93,338817
2.3118,0.2053,38.65,95,93,338820
2.5562,0.2053,38.55,95,93,338824
2.7713,0.2004,38.65,95,93,338827
3.0254,0.2053,38.65,95,93,338830
3.2551,0.2151,38.46,95,93,338833
3.2991,0.2053,38.65,95,93,338837
3.2600,0.2102,38.49,95,93,338840
2.9619,0.2102,38.49,95,93,338843
2.6100,0.2151,38.68,95,93,338847
2.3118,0.2151,38.58,95,93,338850
2.0137,0.2102,38.68,95,93,338853
1.8426,0.2199,38.36,95,93,338857
1.6325,0.2053,38.62,95,93,338861
1.4956,0.2004,38.65,95,93,338864
1.4174,0.2102,38.65,95,93,338868
1.3636,0.2053,38.62,95,93,338871
1.3832,0.2199,38.43,95,93,338874
1.3245,0.2102,38.65,95,93,338877
1.3392,0.2053,38.55,95,93,338881
1.3539,0.1906,38.62,95,93,338884
1.3783,0.2004,38.68,95,93,338887
1.4174,0.2102,38.52,95,93,338891
1.4223,0.2102,38.71,95,93,338894
1.4516,0.2151,38.55,95,93,338897
1.4565,0.2102,38.58,95,93,338902
1.4761,0.2053,38.65,95,93,338905
1.5249,0.2199,38.52,95,93,338908
1.5152,0.2053,38.62,95,93,338912
1.5494,0.2151,38.52,95,93,338915
1.5396,0.2004,38.74,95,93,338918
1.5445,0.2053,38.62,95,93,338921
1.5640,0.2102,38.49,95,93,338925
1.5543,0.2102,38.65,95,93,338928
1.5836,0.2053,38.49,95,93,338931
1.5738,0.2053,38.58,95,93,338935
1.5885,0.2053,38.62,95,93,338938
1.6129,0.2248,38.55,95,93,338941
1.6080,0.2053,38.65,95,93,338946
1.6520,0.2151,38.52,95,93,338949
1.6178,0.2053,38.58,95,93,338952
1.6325,0.2053,38.65,95,93,338956
1.6422,0.2004,38.58,95,93,338959
1.6422,0.2053,38.65,95,93,338962
1.6960,0.2199,38.33,95,93,338965
1.6667,0.2151,38.62,95,93,338969
1.6618,0.2004,38.62,95,93,338972
1.6716,0.2053,38.62,95,93,338975
1.6862,0.2053,38.65,95,93,338979
1.7302,0.2199,38.46,95,93,338982
1.7155,0.2199,38.55,95,93,338987
1.7058,0.2151,38.62,95,93,338990
1.7253,0.2151,38.52,95,93,338993
1.7107,0.2053,38.65,95,93,338997
1.7155,0.2053,38.65,95,93,339000
1.7400,0.2102,38.68,95,93,339003
1.7351,0.2053,38.65,95,93,339007
1.7595,0.2151,38.43,95,93,339010
1.7351,0.2151,38.65,95,93,339013
1.7400,0.2004,38.65,95,93,339016
1.7449,0.2102,38.65,95,93,339020
1.7351,0.2053,38.65,95,93,339023
1.7791,0.2151,38.36,95,93,339026
1.7595,0.2297,38.62,95,93,339031
1.7449,0.2004,38.65,95,93,339034
1.7498,0.2102,38.58,95,93,339037
1.7351,0.2199,38.68,95,93,339041
1.7889,0.2297,38.36,95,93,339044
1.7546,0.2102,38.55,95,93,339047
1.7791,0.2053,38.62,95,93,339051
1.7546,0.2102,37.87,95,93,339054
1.7546,0.2248,38.68,95,93,339057
1.8035,0.2199,38.46,95,93,339060
1.7840,0.2102,38.65,95,93,339064
1.7986,0.2053,38.52,95,93,339067
1.7937,0.2053,38.65,95,93,339070
1.8035,0.2053,38.58,95,93,339075
1.8328,0.2248,38.52,95,93,339078
1.8573,0.2004,38.65,95,93,339081
1.8524,0.2102,38.43,95,93,339085
1.8475,0.2102,38.65,95,93,339088
1.8524,0.2053,38.65,95,93,339091
1.8817,0.2297,38.55,95,93,339095
1.8524,0.2102,38.65,95,93,339098
1.8817,0.2053,38.46,95,93,339101
1.8622,0.2004,38.55,95,93,339104
1.8622,0.2053,38.65,95,93,339108
1.8768,0.2053,38.46,95,93,339111
1.8475,0.2151,38.65,95,93,339115
1.8768,0.2151,38.46,95,93,339119
1.8475,0.2151,38.58,95,93,339122
1.8328,0.2053,38.65,95,93,339125
1.8475,0.2102,38.58,95,93,339129
1.8622,0.2004,38.62,95,93,339132
1.8768,0.2199,38.40,95,93,339135
1.8280,0.2102,38.62,95,93,339139
1.8280,0.2053,38.71,95,93,339142
1.8328,0.2102,38.62,95,93,339145
1.8231,0.2151,38.65,95,93,339148
1.8768,0.2297,38.43,95,93,339152
1.8426,0.2151,38.58,95,93,339155
1.8231,0.2004,38.58,95,93,339159
1.8231,0.2102,38.65,95,93,339163
1.8133,0.2053,38.68,95,93,339166
1.8475,0.1906,38.46,95,93,339169
1.8133,0.2199,38.62,95,93,339173
1.8084,0.2102,38.52,95,93,339176
1.7840,0.2102,38.65,95,93,339179
1.7937,0.2053,38.71,95,93,339183
1.8182,0.2151,38.55,95,93,339186
1.8035,0.2102,38.65,95,93,339189
1.8231,0.2151,38.52,95,93,339192
1.8182,0.2102,38.65,95,93,339196
1.7840,0.2053,38.74,95,93,339200
1.7889,0.2248,38.55,95,93,339203
1.7937,0.2151,38.65,95,93,339207
1.7986,0.2102,38.55,95,93,339210
1.7644,0.2151,38.65,95,93,339213
1.7693,0.2053,38.62,95,93,339217
1.7840,0.2248,38.55,95,93,339220
1.7644,0.2053,38.65,95,93,339223
1.8084,0.2151,38.40,95,93,339227
1.7937,0.2102,38.55,95,93,339230
1.7791,0.2151,38.62,95,93,339233
1.7937,0.2151,38.58,95,93,339236
1.7742,0.2053,38.65,95,93,339240
1.8377,0.2199,38.33,95,93,339244
1.8084,0.2151,38.55,95,93,339247
1.8035,0.2004,38.62,95,93,339251
1.8133,0.2102,38.62,95,93,339254
1.8035,0.2053,38.84,95,93,339257
1.8573,0.2248,38.43,95,93,339261
1.8231,0.2102,38.58,95,93,339264
1.8280,0.2053,38.55,95,93,339267
1.8280,0.2199,38.62,95,93,339270
1.8328,0.2102,38.65,95,93,339274
1.8671,0.2199,38.55,95,93,339277
1.8573,0.2102,38.58,95,93,339280
1.8719,0.2102,38.58,95,93,339284
1.8573,0.1906,38.65,95,93,339288
1.8622,0.2053,38.71,95,93,339291
1.9013,0.2297,38.55,95,93,339295
1.8817,0.2102,38.65,95,93,339298
1.9208,0.2151,38.52,95,93,339301
1.9062,0.2004,38.62,95,93,339305
1.9306,0.2053,38.65,95,93,339308
1.9599,0.2151,38.52,95,93,339311
1.9550,0.2102,38.65,95,93,339314
1.9844,0.2102,38.46,95,93,339318
1.9501,0.2053,38.62,95,93,339321
1.9453,0.2053,38.65,95,93,339324
1.9501,0.2199,38.55,95,93,339329
1.9110,0.2102,38.74,95,93,339332
1.9501,0.2102,38.40,95,93,339335
1.8426,0.2053,38.55,95,93,339339
1.8280,0.2053,38.71,95,93,339342
1.8328,0.2102,38.62,95,93,339345
1.8133,0.2542,38.68,95,93,339349
1.8622,0.2248,38.36,95,93,339352
1.8133,0.2151,38.58,95,93,339355
1.7889,0.2053,38.62,95,93,339358
1.7791,0.2102,38.65,95,93,339362
1.7889,0.2102,38.71,95,93,339365
1.8084,0.2151,38.49,95,93,339368
1.7644,0.2151,38.58,95,93,339373
1.7595,0.2102,38.52,95,93,339376
1.7351,0.2102,38.65,95,93,339379
1.7351,0.2004,38.68,95,93,339383
1.7644,0.2151,38.52,95,93,339386
1.7449,0.2151,38.62,95,93,339389
1.7644,0.2151,38.49,95,93,339393
1.7302,0.2102,38.65,95,93,339396
1.7253,0.2004,38.65,95,93,339399
1.7449,0.2102,38.55,95,93,339402
1.7498,0.2102,38.71,95,93,339406
1.7791,0.2053,38.52,95,93,339409
1.7644,0.2053,38.65,95,93,339412
1.7791,0.2053,38.77,95,93,339417
1.8231,0.2199,38.52,95,93,339420
1.8377,0.2053,38.65,95,93,339423
1.9208,0.2102,38.43,95,93,339427
1.9697,0.2053,38.52,95,93,339430
2.0528,0.2053,38.65,95,93,339433
2.2092,0.2199,38.65,95,93,339437
2.3558,0.2102,38.65,95,93,339440
2.6393,0.2151,38.36,95,93,339443
2.8348,0.2053,38.55,95,93,339446
3.0547,0.2053,38.65,95,93,339450
3.2209,0.2248,38.62,95,93,339453
3.2307,0.2004,38.68,95,93,339457
3.1574,0.2199,38.43,95,93,339461
2.8104,0.2248,38.52,95,93,339464
2.5318,0.1955,38.62,95,93,339467
2.2239,0.2102,38.71,95,93,339470
1.9746,0.2199,38.65,95,93,339474
1.8475,0.2248,38.49,95,93,339477
1.6276,0.2102,38.52,95,93,339480
1.5103,0.2053,38.55,95,93,339484
1.4223,0.2102,38.65,95,93,339487
1.3783,0.2053,38.62,95,93,339490
1.4076,0.2151,38.46,95,93,339494
1.3294,0.2102,38.65,95,93,339497
1.3441,0.2004,38.49,95,93,339501
1.3490,0.1906,38.65,95,93,339505
1.3685,0.2053,38.65,95,93,339508
1.4027,0.2102,38.52,95,93,339511
1.4321,0.2102,38.68,95,93,339514
1.4223,0.2102,38.52,95,93,339518
1.4223,0.2199,38.62,95,93,339521
1.4321,0.2053,38.62,95,93,339524
1.4712,0.2102,38.52,95,93,339528
1.4761,0.2102,38.68,95,93,339531
1.5152,0.2102,38.43,95,93,339534
1.5200,0.2004,38.62,95,93,339538
1.5249,0.1906,38.65,95,93,339542
1.5445,0.2102,38.65,95,93,339545
1.5445,0.2053,38.65,95,93,339549
1.5934,0.1906,38.40,95,93,339552
1.5738,0.2102,38.55,95,93,339555
1.5640,0.2248,38.71,95,93,339558
1.5787,0.2102,38.62,95,93,339562
1.5836,0.2053,38.65,95,93,339565
1.6422,0.2297,38.43,95,93,339568
1.6129,0.2151,38.08,95,93,339572
1.6080,0.2151,38.58,95,93,339575
1.6373,0.2004,38.62,95,93,339578
1.6080,0.2053,38.65,95,93,339582
1.6618,0.2199,38.49,95,93,339586
1.6373,0.2297,38.62,95,93,339589
1.6471,0.2053,38.52,95,93,339592
1.6276,0.2102,38.62,94,93,339596
1.6471,0.2102,38.68,94,93,339600
1.6716,0.2004,38.65,94,93,339603
1.6764,0.2151,38.55,94,93,339606
1.6716,0.2151,38.65,94,93,339609
1.7107,0.2102,38.43,94,93,339613
1.6960,0.2102,38.52,94,93,339616
1.6911,0.2102,38.65,94,93,339619
1.7155,0.2151,38.62,94,93,339623
1.6960,0.2004,38.65,94,93,339627
1.7498,0.2151,38.36,94,93,339630
1.7204,0.2053,38.58,94,93,339634
1.7449,0.2248,38.68,94,93,339637
1.7253,0.1906,38.62,94,93,339640
1.7155,0.2053,38.68,94,93,339643
1.7644,0.2297,38.40,94,93,339647
1.7351,0.2053,38.58,94,93,339650
1.7253,0.2004,38.58,94,93,339653
1.7302,0.2102,38.65,94,93,339657
1.7253,0.2053,38.65,94,93,339660
1.7693,0.2248,38.90,94,93,339663
1.7400,0.2151,38.62,94,93,339667
1.7546,0.2102,38.55,94,93,339671
1.7449,0.2444,38.62,94,93,339674
1.7498,0.2053,38.65,94,93,339678
1.7791,0.2199,38.49,94,93,339681
1.7546,0.2004,38.62,94,93,339684
1.7693,0.2102,38.49,94,93,339687
1.7546,0.2053,38.68,94,93,339691
1.7693,0.2053,38.68,94,93,339694
1.8035,0.2004,38.58,94,93,339697
1.7840,0.2102,38.65,94,93,339701
1.8231,0.2102,38.52,94,93,339704
1.7937,0.2053,38.65,94,93,339707
1.8280,0.2004,38.68,94,93,339712
1.8133,0.2102,38.55,94,93,339715
1.8133,0.2053,38.77,94,93,339718
1.8377,0.2151,38.43,94,93,339721
1.7986,0.2102,38.65,94,93,339725
1.8035,0.2004,38.65,94,93,339728
1.8231,0.2151,38.58,94,93,339731
1.8084,0.2102,38.68,94,93,339735
1.8622,0.2102,38.36,94,93,339738
1.8182,0.2151,38.55,94,93,339741
1.8035,0.2004,38.65,94,93,339745
1.7986,0.2102,38.58,94,93,339748
1.7937,0.2248,38.65,94,93,339751
1.8573,0.2199,38.43,94,93,339756
1.8035,0.2151,38.52,94,93,339759
1.7889,0.2053,38.58,94,93,339762
1.7840,0.2102,38.65,94,93,339765
1.7840,0.2053,38.74,94,93,339769
1.8280,0.2199,38.46,94,93,339772
1.7889,0.2102,38.62,94,93,339775
1.7986,0.2053,38.55,94,93,339779
1.7742,0.2248,38.68,94,93,339782
1.7742,0.2053,38.65,94,93,339785
1.7986,0.2151,38.62,94,93,339789
1.7840,0.2102,38.65,94,93,339792
1.8133,0.2102,38.55,94,93,339795
1.8231,0.2102,38.65,94,93,339800
1.7840,0.2053,38.65,94,93,339803
1.8035,0.2151,38.52,94,93,339806
1.7791,0.2053,38.65,94,93,339809
1.7937,0.2053,38.43,94,93,339813
1.7693,0.1955,38.55,94,93,339816
1.7644,0.2004,38.65,94,93,339819
1.7791,0.2102,38.58,94,93,339823
1.7595,0.2004,38.68,94,93,339826
1.8133,0.2102,38.43,94,93,339829
1.7644,0.2102,38.68,94,93,339833
1.7595,0.2053,38.68,94,93,339836
1.7791,0.2151,38.62,94,93,339840
1.7644,0.2053,38.55,94,93,339843
1.8133,0.2248,38.36,94,93,339847
1.7742,0.2053,38.55,94,93,339850
1.7840,0.1955,38.65,94,93,339853
1.7840,0.2102,38.62,94,93,339857
1.7791,0.2102,38.62,94,93,339860
1.8328,0.2199,38.43,94,93,339863
1.7986,0.2151,38.58,94,93,339867
1.7937,0.2004,38.58,94,93,339870
1.7986,0.2102,38.68,94,93,339873
1.7986,0.2053,38.68,94,93,339877
1.8377,0.2199,38.49,94,93,339880
1.8133,0.2102,38.62,94,93,339884
1.8280,0.2102,37.90,94,93,339887
1.8182,0.2297,38.65,94,93,339891
1.8280,0.2053,38.65,94,93,339894
1.8426,0.2151,38.55,94,93,339897
1.8182,0.2199,38.65,94,93,339901
1.8328,0.2248,38.58,94,93,339904
1.8035,0.2053,38.68,94,93,339907
1.8133,0.2053,38.62,94,93,339911
1.8426,0.2004,38.55,94,93,339914
1.8524,0.2102,38.65,94,93,339917
1.8915,0.2102,38.49,94,93,339920
1.8768,0.2102,38.62,94,93,339924
1.8817,0.2053,38.65,94,93,339928
1.9110,0.2248,38.55,94,93,339931
1.9062,0.2053,38.65,94,93,339935
1.9550,0.2102,38.55,94,93,339938
1.9257,0.2151,38.55,94,93,339941
1.9013,0.2053,38.65,94,93,339945
1.8964,0.2151,38.65,94,93,339948
1.8671,0.2004,38.65,94,93,339951
1.8817,0.2151,38.36,94,93,339955
1.8084,0.2102,38.55,94,93,339958
1.7791,0.1906,38.65,94,93,339961
1.7791,0.2102,38.62,94,93,339964
1.7742,0.2053,38.71,94,93,339969
1.8328,0.2248,38.43,94,93,339972
1.7937,0.2102,38.49,94,93,339975
1.7791,0.2053,38.55,94,93,339979
1.7595,0.2102,38.65,94,93,339982
1.7400,0.2004,38.65,94,93,339985
1.7546,0.2151,38.55,94,93,339989
1.7253,0.2053,38.68,94,93,339992
1.7302,0.2151,38.52,94,93,339995
1.7058,0.2102,38.84,94,93,339999
1.7058,0.2102,38.65,94,93,340002
1.7644,0.2102,38.49,94,93,340005
1.7107,0.2102,38.71,94,93,340008
1.7400,0.2248,38.52,94,93,340013
1.7302,0.1955,38.65,94,93,340016
1.7253,0.2053,38.65,94,93,340019
1.7449,0.2102,38.52,94,93,340023
1.7204,0.2102,38.71,94,93,340026
1.7449,0.2102,38.46,94,93,340029
1.7302,0.2004,38.58,94,93,340033
1.7400,0.2053,38.65,94,93,340036
1.7791,0.2199,38.55,94,93,340039
1.8035,0.2053,38.74,94,93,340042
1.9013,0.2151,38.40,94,93,340046
1.9404,0.2004,38.62,94,93,340049
2.0577,0.2053,38.65,94,93,340052
2.2239,0.2053,38.62,94,93,340057
2.4096,0.2102,38.65,94,93,340060
2.7175,0.2151,38.36,94,93,340063
2.9326,0.2053,38.58,94,93,340067
3.1427,0.2053,38.62,94,93,340070
3.2845,0.2102,38.62,94,93,340073
3.2454,0.2053,38.65,94,93,340077
3.1378,0.2248,38.46,94,93,340080
2.7810,0.2248,38.58,94,93,340083
2.4633,0.2053,38.55,94,93,340086
2.1652,0.2053,38.62,94,93,340090
1.9159,0.2053,38.71,94,93,340093
1.7400,0.2199,38.49,94,93,340097
1.5640,0.2102,38.62,94,93,340101
1.4614,0.2102,38.52,94,93,340104
1.3832,0.2102,38.65,94,93,340107
1.3490,0.2053,38.65,94,93,340111
1.3392,0.2102,38.52,94,93,340114
1.3148,0.2151,38.68,94,93,340117
1.3441,0.2102,38.55,94,93,340120
1.3343,0.2542,38.65,94,93,340124
1.3685,0.2053,38.65,94,93,340127
1.4272,0.2151,38.65,94,93,340130
1.4272,0.2151,38.68,94,93,340134
1.4565,0.2102,38.43,94,93,340137
1.4467,0.2102,38.55,94,93,340141
1.4614,0.2053,38.65,94,93,340145
1.4956,0.2151,38.55,94,93,340148
1.5054,0.2053,38.65,94,93,340151
1.5640,0.2151,38.52,94,93,340155
1.5689,0.2053,38.55,94,93,340158
1.5249,0.2053,38.65,94,93,340161
1.5249,0.2102,38.74,94,93,340165
1.5152,0.2053,38.65,94,93,340168
1.5738,0.2248,38.40,94,93,340171
1.5494,0.2102,38.52,94,93,340174
1.5591,0.1955,38.68,94,93,340178
1.5787,0.2102,38.62,94,93,340182
1.5982,0.2102,38.65,94,93,340185
1.6569,0.2248,38.49,94,93,340189
1.6276,0.2102,38.58,94,93,340192
1.6325,0.2395,38.55,94,93,340195
1.6178,0.2102,38.62,94,93,340199
1.6178,0.2053,38.68,94,93,340202
1.6471,0.2151,38.46,95,93,340205
1.6471,0.2102,38.65,95,93,340209
1.6422,0.2395,38.62,95,93,340212
1.7107,0.2151,38.43,95,93,340216
1.6716,0.2053,38.55,95,93,340219
1.6716,0.2004,38.65,95,93,340222
1.6911,0.2102,38.58,95,93,340226
1.6764,0.2053,38.65,95,93,340230
1.7204,0.2297,38.40,95,93,340233
1.6813,0.2053,38.58,95,93,340236
1.6911,0.2053,38.33,95,93,340240
1.6960,0.2004,38.65,95,93,340243
1.6862,0.2053,38.65,95,93,340246
1.7302,0.2297,38.40,95,93,340250
1.6862,0.2151,38.62,95,93,340253
1.6813,0.2053,38.58,95,93,340256
1.6862,0.2199,38.65,95,93,340260
1.7155,0.2102,38.65,95,93,340263
1.7351,0.2199,38.46,95,93,340267
1.7155,0.2151,38.58,95,93,340270
1.7302,0.2053,38.55,95,93,340274
1.7204,0.2102,38.65,95,93,340277
1.7253,0.2151,38.68,95,93,340280
1.7498,0.2151,38.52,95,93,340284
1.7253,0.2102,38.62,95,93,340287
1.7498,0.2102,38.52,95,93,340290
1.7253,0.2053,38.55,95,93,340294
1.7400,0.2053,38.65,95,93,340297
1.7498,0.2102,38.68,95,93,340300
1.7498,0.2053,38.02,95,93,340304
1.7791,0.2102,38.49,95,93,340307
1.7546,0.2053,38.74,95,93,340311
1.7742,0.2053,38.65,95,93,340314
1.8377,0.2102,38.55,95,93,340318
1.7840,0.2053,38.62,95,93,340321
1.8133,0.2151,38.43,95,93,340324
1.8035,0.2102,38.55,95,93,340328
1.8182,0.2053,38.55,95,93,340331
1.8524,0.2151,38.62,95,93,340334
1.8377,0.2053,38.62,95,93,340338
1.8866,0.2151,38.36,95,93,340341
1.8475,0.2102,38.71,95,93,340344
1.8182,0.2053,38.65,95,93,340348
1.8035,0.2102,38.62,95,93,340352
1.7840,0.2053,38.65,95,93,340355
1.8280,0.2199,38.43,95,93,340358
1.7889,0.2102,38.58,95,93,340362
1.7889,0.2053,38.58,95,93,340365
1.8182,0.2004,38.68,95,93,340368
1.7742,0.2053,38.62,95,93,340372
1.8035,0.2297,38.52,95,93,340375
1.7742,0.2102,38.62,95,93,340378
1.7986,0.2053,38.52,95,93,340382
1.7986,0.2053,38.65,95,93,340385
1.7986,0.2053,38.65,95,93,340388
1.8182,0.2199,38.87,95,93,340391
1.7840,0.2102,38.62,95,93,340396
1.7986,0.2151,38.55,95,93,340399
1.7693,0.2004,38.58,95,93,340402
1.7742,0.2004,38.65,95,93,340406
1.7889,0.2102,38.52,95,93,340409
1.7693,0.2053,38.65,95,93,340412
1.7840,0.2004,38.46,95,93,340416
1.7498,0.1906,38.58,95,93,340419
1.7449,0.2053,38.65,95,93,340422
1.7644,0.2151,38.55,95,93,340426
1.7644,0.2102,38.71,95,93,340429
1.8035,0.2151,38.40,95,93,340432
1.7595,0.2053,38.62,95,93,340435
1.7644,0.2053,38.71,95,93,340440
1.7693,0.2297,38.58,95,93,340443
1.7498,0.2053,38.65,95,93,340446
1.7937,0.2199,38.33,95,93,340450
1.7742,0.2102,38.55,95,93,340453
1.7644,0.2004,38.62,95,93,340456
1.8084,0.2151,38.62,95,93,340460
1.7693,0.1906,38.65,95,93,340463
1.8133,0.2199,38.43,95,93,340466
1.7840,0.2102,38.55,95,93,340470
1.7889,0.2053,38.55,95,93,340473
1.7986,0.2102,38.65,95,93,340476
1.7986,0.2053,38.65,95,93,340480
1.8133,0.2248,38.52,95,93,340484
1.7840,0.2102,38.68,95,93,340487
1.7937,0.2346,38.52,95,93,340490
1.7742,0.2102,38.65,95,93,340494
1.7889,0.2053,38.65,95,93,340497
1.8084,0.2151,38.58,95,93,340500
1.7986,0.2102,38.65,95,93,340504
1.8182,0.2151,38.52,95,93,340507
1.7937,0.2053,38.65,95,93,340510
1.8133,0.2053,38.65,95,93,340514
1.8719,0.2102,38.52,95,93,340517
1.8426,0.2053,38.65,95,93,340520
1.8719,0.2199,38.46,95,93,340524
1.8671,0.2102,38.55,95,93,340528
1.8622,0.2053,38.84,95,93,340531
1.8817,0.2151,38.55,95,93,340534
1.8768,0.2053,38.55,95,93,340538
1.9306,0.2248,38.43,95,93,340541
1.9013,0.2053,38.58,95,93,340544
1.9013,0.2053,38.84,95,93,340548
1.9257,0.2199,38.62,95,93,340551
1.9404,0.2053,38.65,95,93,340554
1.9844,0.2248,38.40,95,93,340558
1.9257,0.2102,38.55,95,93,340561
1.8866,0.2004,38.58,95,93,340564
1.8573,0.2102,38.40,95,93,340568
1.8280,0.2053,38.68,95,93,340572
1.8524,0.2199,38.52,95,93,340575
1.8084,0.2102,38.65,95,93,340578
1.8035,0.2102,38.52,95,93,340582
1.8035,0.2102,38.65,95,93,340585
1.7986,0.2053,38.52,95,93,340588
1.8035,0.2199,38.55,95,93,340592
1.7644,0.2102,38.62,95,93,340595
1.7840,0.2102,38.52,95,93,340598
1.7595,0.2053,38.65,95,93,340601
1.7840,0.2053,38.65,95,93,340605
1.7595,0.2151,37.96,95,93,340609
1.7351,0.2053,38.58,95,93,340612
1.7840,0.2151,38.52,95,93,340616
1.7840,0.2053,38.65,95,93,340619
1.7840,0.2053,38.68,95,93,340622
1.7693,0.2151,38.55,95,93,340626
1.7302,0.2053,38.65,95,93,340629
1.7449,0.2102,38.40,95,93,340632
1.7400,0.2053,38.65,95,93,340635
1.7351,0.2053,38.65,95,93,340639
1.7595,0.2102,38.58,95,93,340642
1.7889,0.2102,38.68,95,93,340645
1.8133,0.2151,38.43,95,93,340649
1.8182,0.2444,38.55,95,93,340653
1.8524,0.2053,38.65,95,93,340656
1.9355,0.2444,38.58,95,93,340660
1.9990,0.2053,38.65,95,93,340663
2.1848,0.1906,38.36,95,93,340666
2.3216,0.2444,38.55,95,93,340670
2.5464,0.2053,38.62,95,93,340673
2.8104,0.1906,38.62,95,93,340676
3.0743,0.2053,38.71,95,93,340679
3.3578,0.2248,38.49,95,93,340683
3.3724,0.2102,38.58,95,93,340686
3.2502,0.2053,38.52,95,93,340689
2.9521,0.2199,38.65,95,93,340694
2.6100,0.2053,38.65,95,93,340697
2.3069,0.2199,38.46,95,93,340700
1.9941,0.2102,38.62,95,93,340704
1.7889,0.2102,38.49,95,93,340707
1.5885,0.2248,38.65,95,93,340710
1.4565,0.2004,38.68,95,93,340713
1.3881,0.2102,38.49,95,93,340717
1.3343,0.2297,38.62,95,93,340720
1.3490,0.2102,38.55,95,93,340723
1.3050,0.2053,37.83,95,93,340727
1.3196,0.2053,38.58,95,93,340730
1.3490,0.2102,38.52,95,93,340733
1.3587,0.2053,38.65,95,93,340738
1.3978,0.2102,38.40,95,93,340741
1.4321,0.2102,38.55,95,93,340744
1.4174,0.2053,38.65,95,93,340748
1.4467,0.2151,38.55,95,93,340751
1.4663,0.2151,38.65,95,93,340754
1.5200,0.2151,38.40,95,93,340757
1.5054,0.2004,38.58,95,93,340761
1.5054,0.2053,38.65,95,93,340764
1.5200,0.2102,38.65,95,93,340767
1.5298,0.2102,38.65,95,93,340771
1.5934,0.2248,38.40,95,93,340774
1.5738,0.2102,38.58,95,93,340777
1.5787,0.1955,38.62,95,93,340782
1.6080,0.2102,38.77,95,93,340785
1.6178,0.2102,38.68,95,93,340788
1.6569,0.2151,38.43,95,93,340791
1.6227,0.2102,38.58,95,93,340795
1.6080,0.2053,38.55,95,93,340798
1.6031,0.2004,38.65,95,93,340801
1.6178,0.2053,38.65,95,93,340805
1.6618,0.2248,38.52,95,93,340808
1.6569,0.2102,38.58,95,93,340811
1.6569,0.2102,38.49,95,93,340815
1.6276,0.2053,38.65,95,93,340818
1.6764,0.2395,38.65,95,93,340823
1.7058,0.2004,38.65,95,93,340826
1.6960,0.2102,38.58,95,93,340829
1.6960,0.2199,38.65,95,93,340833
1.7351,0.2151,38.40,95,93,340836
1.7155,0.2102,38.65,95,93,340839
1.6960,0.2151,38.65,95,93,340842
1.7009,0.2151,38.58,95,93,340846
1.6764,0.2053,38.68,95,93,340849
1.7253,0.2199,38.74,95,93,340852
1.7302,0.2102,38.52,95,93,340856
1.6911,0.2004,38.68,95,93,340859
1.7058,0.2102,38.71,95,93,340862
1.7107,0.2053,38.62,95,93,340867
1.7595,0.2102,38.49,95,93,340870
1.7058,0.2102,37.96,95,93,340873
1.7009,0.2151,38.55,95,93,340876
1.6960,0.2004,38.62,95,93,340880
1.6960,0.2053,38.65,95,93,340883
1.7351,0.2199,38.55,95,93,340886
1.7204,0.2151,38.65,95,93,340890
1.7400,0.2102,38.49,95,93,340893
1.7253,0.2004,38.62,95,93,340896
1.7204,0.2053,38.65,95,93,340900
1.7498,0.2199,38.43,95,93,340903
1.7302,0.2102,38.62,95,93,340907
1.7546,0.2151,38.55,95,93,340911
1.7302,0.2395,38.65,95,93,340914
1.7302,0.2151,38.65,95,93,340917
1.7498,0.2053,38.52,95,93,340920
1.7644,0.2102,38.65,95,93,340924
1.7742,0.2102,38.46,95,93,340927
1.7595,0.2053,38.55,95,93,340930
1.7791,0.2053,38.65,95,93,340934
1.8133,0.2151,38.58,95,93,340937
1.8133,0.2004,38.65,95,93,340940
1.8817,0.2151,38.40,95,93,340944
1.8377,0.2151,38.62,95,93,340947
1.8377,0.2053,38.68,95,93,340951
1.8231,0.2102,38.58,95,93,340955
1.8133,0.1906,38.65,95,93,340958
1.8524,0.2297,38.55,95,93,340961
1.8133,0.2151,38.55,95,93,340964
1.8084,0.2053,38.58,95,93,340968
1.8182,0.2102,38.58,95,93,340971
1.8182,0.2151,38.65,95,93,340974
1.8622,0.2199,38.49,95,93,340978
1.8280,0.2151,38.58,95,93,340981
1.8231,0.2004,38.55,95,93,340984
1.7937,0.2102,38.62,95,93,340988
1.7889,0.2151,38.65,95,93,340992
1.8035,0.2151,38.49,95,93,340995
1.7889,0.2102,38.65,95,93,340999
1.8035,0.2053,38.49,95,93,341002
1.7693,0.2151,38.68,95,93,341005
1.7693,0.2151,38.65,95,93,341008
1.7693,0.2102,38.58,95,93,341012
1.7498,0.2102,38.77,95,93,341015
1.7693,0.2004,38.52,95,93,341018
1.7449,0.2102,38.71,95,93,341022
1.7498,0.2102,38.65,95,93,341025
1.7742,0.2151,38.58,95,93,341028
1.7449,0.2151,38.65,95,93,341032
1.7742,0.2151,38.43,95,93,341036
1.7498,0.2102,38.52,95,93,341039
1.7351,0.2004,38.65,95,93,341043
1.7449,0.2151,38.62,95,93,341046
1.7204,0.2151,38.65,95,93,341049
1.7644,0.2248,38.33,95,93,341053
1.7253,0.2151,38.55,95,93,341056
1.7204,0.2004,38.62,95,93,341059
1.7302,0.2102,38.65,95,93,341062
1.7302,0.2053,38.65,95,93,341066
1.7937,0.2248,38.49,95,93,341069
1.7791,0.2151,38.62,95,93,341072
1.7791,0.2053,38.52,95,93,341076
1.7693,0.2151,38.65,95,93,341080
1.7644,0.2053,38.65,95,93,341083
1.7937,0.2199,38.58,95,93,341087
1.7644,0.2102,38.71,95,93,341090
1.7742,0.2151,38.49,95,93,341093
1.7546,0.2102,38.74,95,93,341097
1.7644,0.2151,38.71,95,93,341100
1.8035,0.1906,38.52,95,93,341103
1.7791,0.2199,38.62,95,93,341106
1.7986,0.1906,38.52,95,93,341110
1.7742,0.2053,38.58,95,93,341113
1.7791,0.2053,38.65,95,93,341116
1.7937,0.2102,38.55,95,93,341121
1.7791,0.2102,38.77,95,93,341124
1.8133,0.2151,38.43,95,93,341127
1.7889,0.2102,38.55,95,93,341131
1.7840,0.2199,38.65,95,93,341134
1.8035,0.1906,38.58,95,93,341137
1.8035,0.2053,38.68,95,93,341141
1.8524,0.2151,38.40,95,93,341144
1.8182,0.2053,38.58,95,93,341147
1.8280,0.2053,38.74,95,93,341150
1.8426,0.2297,38.68,95,93,341154
1.8475,0.2053,38.65,95,93,341157
1.9159,0.2297,38.40,95,93,341160
1.8866,0.2151,38.58,95,93,341165
1.8768,0.2053,38.65,95,93,341168
1.8915,0.2151,38.62,95,93,341171
1.8622,0.2053,38.84,95,93,341175
1.8768,0.2346,38.46,95,93,341178
1.8280,0.2151,38.62,95,93,341181
1.8084,0.2102,38.52,95,93,341185
1.7791,0.2053,38.68,95,93,341188
1.7644,0.1906,38.65,95,93,341191
1.7742,0.2151,38.49,95,93,341194
1.7449,0.2102,38.62,95,93,341198
1.7595,0.2102,38.52,95,93,341201
1.7253,0.2199,38.65,95,93,341204
1.7155,0.2053,38.65,95,93,341209
1.7204,0.2102,38.62,95,93,341212
1.7058,0.2053,38.65,95,93,341215
1.7302,0.2102,38.49,95,93,341219
1.7058,0.2102,38.65,95,93,341222
1.7107,0.2395,38.68,95,93,341225
1.7449,0.1906,38.52,95,93,341228
1.7155,0.2102,38.84,95,93,341232
1.7595,0.2151,38.46,95,93,341235
1.7253,0.2151,38.65,95,93,341238
1.7058,0.2102,38.68,95,93,341242
1.7204,0.2151,38.58,95,93,341245
1.7009,0.2053,38.65,95,93,341249
1.7449,0.2199,38.36,95,93,341253
1.7204,0.2102,38.62,95,93,341256
1.7253,0.2053,38.71,95,93,341259
1.7498,0.2395,38.62,95,93,341263
1.7840,0.2102,38.68,95,93,341266
1.8768,0.2297,38.43,95,93,341269
1.8964,0.2199,38.58,95,93,341272
1.9844,0.2053,38.55,95,93,341276
2.1163,0.2102,38.65,95,93,341279
2.2972,0.1906,38.65,95,93,341282
2.5562,0.2199,38.62,95,93,341286
2.7664,0.2053,38.62,95,93,341289
3.0645,0.2004,38.52,95,93,341293
3.1818,0.2102,38.74,95,93,341297
3.2258,0.2053,38.65,95,93,341300
3.1525,0.2151,38.49,95,93,341303
2.8250,0.2102,38.65,95,93,341307
2.5220,0.2053,38.58,95,93,341310
2.1994,0.2053,38.65,95,93,341313
1.9110,0.2053,38.65,95,93,341316
1.7107,0.2151,38.62,95,93,341320
1.5347,0.2102,38.65,95,93,341323
1.4272,0.2102,38.46,95,93,341326
1.3294,0.2102,38.62,95,93,341330
1.2854,0.2102,38.87,95,93,341334
1.2757,0.2199,38.55,95,93,341337
1.2610,0.2102,38.68,95,93,341341
1.3001,0.2151,38.40,95,93,341344
1.3001,0.1906,38.62,95,93,341347
1.3294,0.2053,38.65,95,93,341350
1.3587,0.2151,38.68,95,93,341354
1.3685,0.2102,38.65,95,93,341357
1.4321,0.2199,38.49,95,93,341360
1.4272,0.2151,38.58,95,93,341364
1.4418,0.2053,38.62,95,93,341367
1.4761,0.2199,38.62,95,93,341370
1.4761,0.2102,38.65,95,93,341374
1.5249,0.2151,38.49,95,93,341378
1.5103,0.2151,38.62,95,93,341381
1.5200,0.2297,38.52,95,93,341385
1.5200,0.2102,38.68,95,93,341388
1.5298,0.2102,38.71,95,93,341391
1.5689,0.2297,38.52,95,93,341395
1.5640,0.2102,38.65,95,93,341398
1.5885,0.2102,38.52,95,93,341401
1.5738,0.2102,38.65,95,93,341404
1.5836,0.2053,38.65,95,93,341408
1.5934,0.2102,38.55,95,93,341411
1.5982,0.2151,38.65,95,93,341414
1.6227,0.2102,38.52,95,93,341419
1.5934,0.2102,38.65,95,93,341422
1.6031,0.2053,38.68,95,93,341425
1.6227,0.2151,38.58,95,93,341429
1.6276,0.2151,38.58,95,93,341432
1.6227,0.2102,38.68,95,93,341436
1.6764,0.2248,38.36,95,93,341439
1.6471,0.2151,38.68,95,93,341442
1.6471,0.1906,38.62,95,93,341446
1.6520,0.2102,38.65,95,93,341449
1.6569,0.2151,38.65,95,93,341452
1.7058,0.2248,38.52,95,93,341455
1.6764,0.2151,38.77,95,93,341459
1.6813,0.2102,38.52,95,93,341463
1.6764,0.2102,38.71,95,93,341466
1.6813,0.2004,38.65,95,93,341470
1.7058,0.1906,38.55,95,93,341473
1.6911,0.2102,38.71,95,93,341476
1.7155,0.2151,38.46,95,93,341480
1.6960,0.2102,38.77,95,93,341483
1.7058,0.2102,38.65,95,93,341486
1.7449,0.2248,38.55,95,93,341490
1.7107,0.2102,38.68,95,93,341493
1.7400,0.2053,38.52,95,93,341496
1.7107,0.2102,38.65,95,93,341499
1.7253,0.2102,38.68,95,93,341504
1.7400,0.2151,38.49,95,93,341507
1.7302,0.2102,38.65,95,93,341510
1.7546,0.2151,38.52,95,93,341514
1.7400,0.2151,38.68,95,93,341517
1.7400,0.2102,38.68,95,93,341520
1.7644,0.2151,38.58,95,93,341524
1.7546,0.2151,38.65,95,93,341527
1.8035,0.2199,38.36,95,93,341530
1.7742,0.2102,38.58,95,93,341534
1.7889,0.2053,38.65,95,93,341537
1.8035,0.2102,38.62,95,93,341540
1.8133,0.2151,38.65,95,93,341543
1.8768,0.2297,37.77,95,93,341548
1.8426,0.2297,38.58,95,93,341551
1.8475,0.2151,38.55,95,93,341554
1.8426,0.2053,38.65,95,93,341558
1.8426,0.2102,38.65,95,93,341561
1.8768,0.2199,38.52,95,93,341564
1.8475,0.2151,38.62,95,93,341568
1.8573,0.2102,38.58,95,93,341571
1.8328,0.2053,38.68,95,93,341574
1.8328,0.2151,38.68,95,93,341578
1.8573,0.2199,38.55,95,93,341581
1.8328,0.2151,38.62,95,93,341584
1.8622,0.2199,38.52,95,93,341588
1.8280,0.2346,38.62,95,93,341592
1.8328,0.2102,38.68,95,93,341595
1.8328,0.2151,38.52,95,93,341598
1.8231,0.2151,38.65,95,93,341602
1.8426,0.2102,38.52,95,93,341605
1.7986,0.2151,38.65,95,93,341608
1.8035,0.2102,38.77,95,93,341612
1.8231,0.2102,38.55,95,93,341615
1.7986,0.2102,38.68,95,93,341618
1.8377,0.2151,38.40,95,93,341622
1.8133,0.2151,38.55,95,93,341625
1.7889,0.1906,38.65,95,93,341628
1.7937,0.2346,38.58,95,93,341633
1.7791,0.2053,38.65,95,93,341636
1.8231,0.2297,38.43,95,93,341639
1.8182,0.2102,38.55,95,93,341642
1.7644,0.1906,38.58,95,93,341646
1.7693,0.2102,38.68,95,93,341649
1.7595,0.2102,38.65,95,93,341652
1.8084,0.2248,38.49,95,93,341656
1.7693,0.2151,38.84,95,93,341659
1.7693,0.2151,38.68,95,93,341662
1.7595,0.2102,38.65,95,93,341666
1.7595,0.2151,38.65,95,93,341669
1.7840,0.2199,38.65,95,93,341672
1.7693,0.2102,38.77,95,93,341677
1.7889,0.2199,38.49,95,93,341680
1.7742,0.2102,38.65,95,93,341683
1.7791,0.2053,38.62,95,93,341686
1.8182,0.1906,38.52,95,93,341690
1.7889,0.2102,38.55,95,93,341693
1.8133,0.2053,38.55,95,93,341696
1.7986,0.2053,38.55,95,93,341700
1.7937,0.2102,38.58,95,93,341703
1.8231,0.2151,38.52,95,93,341706
1.8084,0.2102,38.65,95,93,341710
1.8426,0.2102,38.40,95,93,341713
1.8182,0.2151,38.62,95,93,341716
1.8133,0.2102,38.58,95,93,341721
1.8622,0.2151,38.58,95,93,341724
1.8084,0.2102,38.68,95,93,341727
1.8622,0.2248,38.40,95,93,341730
1.8231,0.2151,38.58,95,93,341734
1.8328,0.2053,38.65,95,93,341737
1.8573,0.2199,38.62,95,93,341740
1.8426,0.2102,38.90,95,93,341744
1.9062,0.2248,38.43,95,93,341747
1.8768,0.2199,38.55,95,93,341750
1.8768,0.2053,38.58,95,93,341754
1.8817,0.2102,38.65,95,93,341757
1.8915,0.2102,38.71,95,93,341761
1.9355,0.2688,38.49,95,93,341765
1.9208,0.2102,38.62,95,93,341768
1.9453,0.2102,38.52,95,93,341771
1.9257,0.2151,38.68,95,93,341774
1.9355,0.2102,38.68,95,93,341778
1.9941,0.2297,38.55,95,93,341781
1.9208,0.2151,38.65,95,93,341784
1.9306,0.2199,38.52,95,93,341788
1.9159,0.2151,38.68,95,93,341791
1.8573,0.2102,38.49,95,93,341794
1.8426,0.2151,38.55,95,93,341798
1.8182,0.2102,38.65,95,93,341801
1.8328,0.2102,38.65,95,93,341805
1.7986,0.2102,38.65,95,93,341809
1.7889,0.2102,38.77,95,93,341812
1.7937,0.2199,38.58,95,93,341815
1.7644,0.2102,38.65,95,93,341819
1.7986,0.2151,38.36,95,93,341822
1.7595,0.2151,38.55,95,93,341825
1.7351,0.2102,38.65,95,93,341828
1.7351,0.2151,38.62,95,93,341832
1.7302,0.2346,38.65,95,93,341835
1.7889,0.2102,38.40,95,93,341838
1.7595,0.2151,38.55,95,93,341842
1.7546,0.2053,38.58,95,93,341846
1.7693,0.2151,38.65,95,93,341849
1.7742,0.2102,38.65,95,93,341853
1.8182,0.2297,38.49,95,93,341856
1.7889,0.2151,38.74,95,93,341859
1.8133,0.2053,38.52,95,93,341863
1.7840,0.2102,38.65,95,93,341866
1.7840,0.2053,38.65,95,93,341869
1.8182,0.2102,38.58,95,93,341872
1.8182,0.2102,38.65,95,93,341876
1.8671,0.2151,38.49,95,93,341879
1.8866,0.2102,38.65,95,93,341882
1.9550,0.2102,38.65,95,93,341886
2.0772,0.2151,38.52,95,93,341890
2.1750,0.2102,38.65,95,93,341893
2.3607,0.2297,38.49,95,93,341897
2.5562,0.2102,38.55,95,93,341900
2.7761,0.2102,38.65,95,93,341903
3.0499,0.2199,38.55,95,93,341907
3.2063,0.2102,38.65,95,93,341910
3.3382,0.2151,38.49,95,93,341913
3.2111,0.2151,38.58,95,93,341916
2.9277,0.2102,38.74,95,93,341920
2.6246,0.2395,38.62,95,93,341923
2.3069,0.2151,38.65,95,93,341926
2.1065,0.2199,38.18,95,93,341931
1.8524,0.2151,38.55,95,93,341934
1.6813,0.2053,38.71,95,93,341937
1.5494,0.2199,38.65,95,93,341941
1.4516,0.2102,38.71,95,93,341944
1.4370,0.2346,38.46,95,93,341947
1.3734,0.2102,38.58,95,93,341951
1.3539,0.2102,38.52,95,93,341954
1.3490,0.2102,38.65,95,93,341957
1.3539,0.2102,38.68,95,93,341960
1.3978,0.2199,38.46,95,93,341964
1.3978,0.2102,38.62,95,93,341967
1.4223,0.2102,38.46,95,93,341970
1.4272,0.2102,38.65,95,93,341975
1.4467,0.2102,38.65,95,93,341978
1.4858,0.2199,38.55,95,93,341981
1.4907,0.2151,38.65,95,93,341985
1.5298,0.2102,38.55,95,93,341988
1.5298,0.2053,38.62,95,93,341991
1.5445,0.2102,38.68,95,93,341995
1.5689,0.2151,38.55,95,93,341998
1.5689,0.2151,38.65,95,93,342001
1.6080,0.2151,38.43,95,93,342004
1.5885,0.2248,38.65,95,93,342008
1.6129,0.2151,38.62,95,93,342011
1.6227,0.2151,38.62,95,93,342014
1.6080,0.2102,38.68,95,93,342019
1.6569,0.2199,37.62,95,93,342022
1.6422,0.2248,38.52,95,93,342025
1.6471,0.2151,38.68,95,93,342029
1.6667,0.2199,38.68,95,93,342032
1.6716,0.2102,38.65,95,93,342035
1.7107,0.2297,38.65,95,93,342039
1.6862,0.2248,38.49,95,93,342042
1.6764,0.2151,38.62,95,93,342046
1.6960,0.2151,38.49,95,93,342049
1.6764,0.2151,38.65,95,93,342052
1.6813,0.2102,38.65,95,93,342056
1.6960,0.2395,38.58,95,93,342060
1.7058,0.2151,38.62,95,93,342063
1.7204,0.2102,38.49,95,93,342066
1.6911,0.2102,38.65,95,93,342070
1.7009,0.2102,38.65,95,93,342073
1.7253,0.2199,38.65,95,93,342076
1.7204,0.2151,38.65,95,93,342080
1.7498,0.2151,38.43,95,93,342083
1.7302,0.2151,38.62,95,93,342086
1.7204,0.2102,38.68,95,93,342090
1.7302,0.2151,38.62,95,93,342093
1.7107,0.2151,38.65,95,93,342096
1.7595,0.2199,38.36,95,93,342100
1.7204,0.2151,38.55,95,93,342104
1.7058,0.1906,38.65,95,93,342107
1.7204,0.2151,38.65,95,93,342110
1.7302,0.2297,38.65,95,93,342114
1.8133,0.2297,38.43,95,93,342117
1.7693,0.2151,38.58,95,93,342120
1.7693,0.2102,38.58,95,93,342124
1.7693,0.2102,38.62,95,93,342127
1.7791,0.2102,38.71,95,93,342130
1.8035,0.2199,38.58,95,93,342134
1.7889,0.2444,38.65,95,93,342137
1.8035,0.2151,38.52,95,93,342140
1.7889,0.2151,38.62,95,93,342145
1.7986,0.2053,38.65,95,93,342148
1.8231,0.2248,37.74,95,93,342151
1.8035,0.2151,38.62,95,93,342155
1.8426,0.2151,38.52,95,93,342158
1.8182,0.2102,38.58,95,93,342161
1.8231,0.2102,38.65,95,93,342164
1.8475,0.2151,38.52,95,93,342168
1.8328,0.2151,38.62,95,93,342171
1.8719,0.2151,38.43,95,93,342174
1.8524,0.2151,38.58,95,93,342178
1.8524,0.2102,38.68,95,93,342181
1.8671,0.2542,38.62,95,93,342184
1.8475,0.2102,38.65,95,93,342189
1.8866,0.2199,38.43,95,93,342192
1.8377,0.2102,38.62,95,93,342195
1.8426,0.2102,38.74,95,93,342199
1.8426,0.2102,38.68,95,93,342202
1.8280,0.2102,38.74,95,93,342205
1.8768,0.2248,38.40,95,93,342209
1.8524,0.2151,38.58,95,93,342212
1.8231,0.2053,38.58,95,93,342215
1.8328,0.2199,38.65,95,93,342218
1.8182,0.2102,38.68,95,93,342222
1.8475,0.2248,38.46,95,93,342225
1.8182,0.2151,38.62,95,93,342228
1.8182,0.2102,38.55,95,93,342233
1.8035,0.2151,38.68,95,93,342236
1.7986,0.1906,38.65,95,93,342239
1.8280,0.2297,38.55,95,93,342243
1.8035,0.2102,38.68,95,93,342246
1.8182,0.2102,38.52,95,93,342249
1.7986,0.2102,38.65,95,93,342252
1.8084,0.2102,38.65,95,93,342256
1.8133,0.2102,38.58,95,93,342259
1.8133,0.2102,38.65,95,93,342262
1.8280,0.2102,38.52,95,93,342266
1.7937,0.2102,38.65,95,93,342269
1.7937,0.2102,38.62,95,93,342273
1.8280,0.2248,38.52,95,93,342277
1.8084,0.2102,38.65,95,93,342280
1.8426,0.2151,38.46,95,93,342283
1.8182,0.2151,38.55,95,93,342287
1.7937,0.2102,38.77,95,93,342290
1.8084,0.2248,38.58,95,93,342293
1.7840,0.2102,38.68,95,93,342296
1.8328,0.2199,38.36,95,93,342300
1.7986,0.2151,38.55,95,93,342303
1.7937,0.2151,38.65,95,93,342306
1.8035,0.2151,38.65,95,93,342310
1.8328,0.2199,38.68,95,93,342313
1.8622,0.2297,38.49,95,93,342317
1.8671,0.2199,38.58,95,93,342321
1.8377,0.1906,38.58,95,93,342324
1.8426,0.2151,38.71,95,93,342327
1.8377,0.1906,38.68,95,93,342331
1.8622,0.2248,38.46,95,93,342334
1.8377,0.2004,38.58,95,93,342337
1.8573,0.2151,38.52,95,93,342340
1.8328,0.2151,38.65,95,93,342344
1.8475,0.2102,38.65,95,93,342347
1.8817,0.2199,38.46,95,93,342350
1.8768,0.2151,38.68,95,93,342354
1.9110,0.2151,38.71,95,93,342358
1.8866,0.2004,38.58,95,93,342361
1.8866,0.2102,38.65,95,93,342365
1.8817,0.2199,38.52,95,93,342368
1.8573,0.2102,38.68,95,93,342371
1.9013,0.2151,38.40,95,93,342375
1.8964,0.2102,38.58,95,93,342378
1.9013,0.2102,38.65,95,93,342381
1.9453,0.2199,38.62,95,93,342384
1.9501,0.2151,38.68,95,93,342388
2.0137,0.2199,38.40,95,93,342391
1.9697,0.2102,38.58,95,93,342394
1.9648,0.2151,38.68,95,93,342398
1.9599,0.2199,38.52,95,93,342402
1.9110,0.2102,38.65,95,93,342405
1.9257,0.2297,38.40,95,93,342409
1.8622,0.2151,38.55,95,93,342412
1.8328,0.2102,38.62,95,93,342415
1.8231,0.2151,38.65,95,93,342419
1.8133,0.2151,38.68,95,93,342422
1.8328,0.2248,38.40,95,93,342425
1.8084,0.2151,38.62,95,93,342429
1.7840,0.2151,38.52,95,93,342432
1.7595,0.2102,38.65,95,93,342435
1.7595,0.2004,38.68,95,93,342438
1.7840,0.2199,38.49,95,93,342443
1.7595,0.2151,38.65,95,93,342446
1.7742,0.2248,38.49,95,93,342449
1.7400,0.2102,38.65,95,93,342453
1.7449,0.2102,38.55,95,93,342456
1.7595,0.2199,38.58,95,93,342459
1.7595,0.2102,38.65,95,93,342463
1.7791,0.2151,37.90,95,93,342466
1.7498,0.1906,38.65,95,93,342469
1.7546,0.2102,38.65,95,93,342472
1.7791,0.2395,38.49,95,93,342476
1.7595,0.2102,38.68,95,93,342479
1.7889,0.2151,38.40,95,93,342482
1.7693,0.2151,38.55,95,93,342487
1.7742,0.1906,38.68,95,93,342490
1.8133,0.2297,38.58,95,93,342493
1.8328,0.2102,38.65,95,93,342497
1.9110,0.2199,38.36,95,93,342500
1.9306,0.2199,38.55,95,93,342503
2.0332,0.1906,38.65,95,93,342507
2.1799,0.2151,38.68,95,93,342510
2.3607,0.2053,38.65,95,93,342513
2.6686,0.2199,38.43,95,93,342516
2.8690,0.2199,38.08,95,93,342520
3.0938,0.2102,38.55,95,93,342523
3.2454,0.2151,38.62,95,93,342526
3.2698,0.2102,38.71,95,93,342531
3.1818,0.2248,38.52,95,93,342534
2.8592,0.2199,38.62,95,93,342537
2.5562,0.2053,38.55,95,93,342541
2.2239,0.2151,38.65,95,93,342544
1.9550,0.2151,38.65,95,93,342547
1.7693,0.2199,38.46,95,93,342550
1.5787,0.1906,38.65,95,93,342554
1.4761,0.2199,38.55,95,93,342557
1.3832,0.2151,38.65,95,93,342560
1.3343,0.2102,38.65,95,93,342564
1.3636,0.2151,38.55,95,93,342567
1.3245,0.2102,38.65,95,93,342571
1.3490,0.2102,38.46,95,93,342575
1.3441,0.2151,38.58,95,93,342578
1.3636,0.2102,38.65,95,93,342581
1.3881,0.2444,38.62,95,93,342585
1.3881,0.1906,38.71,95,93,342588
1.4467,0.2199,38.40,95,93,342591
1.4370,0.2102,38.68,95,93,342595
1.4663,0.2151,38.65,95,93,342598
1.4809,0.2199,38.62,95,93,342601
1.5152,0.2151,38.68,95,93,342604
1.5445,0.2248,38.43,95,93,342608
1.5347,0.2004,38.68,95,93,342611
1.5445,0.2053,38.65,95,93,342615
1.5591,0.2151,38.65,95,93,342619
1.5836,0.2151,38.65,95,93,342622
1.6129,0.2248,38.46,95,93,342625
1.5982,0.2199,38.58,95,93,342629
1.5982,0.2102,38.55,95,93,342632
1.6031,0.2444,38.71,95,93,342635
1.6520,0.2151,38.68,95,93,342639
1.6569,0.2199,38.52,95,93,342642
1.6471,0.2151,38.68,95,93,342645
1.6618,0.2151,38.49,95,93,342648
1.6276,0.2102,38.65,95,93,342652
1.6373,0.2102,38.55,95,93,342656
1.6569,0.2151,38.65,95,93,342660
1.6813,0.2199,38.62,95,93,342663
1.6716,0.2444,38.68,95,93,342666
1.7155,0.2199,38.40,95,93,342670
1.6960,0.2199,38.46,95,93,342673
1.6813,0.2248,38.65,95,93,342676
1.7009,0.2151,38.65,95,93,342680
1.7058,0.2199,38.65,95,93,342683
1.7693,0.2102,38.40,95,93,342686
1.7204,0.2151,38.71,95,93,342690
1.7009,0.2102,38.62,95,93,342693
1.6911,0.2151,38.65,95,93,342696
1.6960,0.2102,38.84,95,93,342700
1.7449,0.2248,38.49,95,93,342704
1.7204,0.2199,38.68,95,93,342707
1.7155,0.2102,38.55,95,93,342710
1.6862,0.2102,38.65,95,93,342714
1.7009,0.2102,38.65,95,93,342717
1.7595,0.2151,38.58,95,93,342720
1.7302,0.2102,38.55,95,93,342724
1.7546,0.2346,38.55,95,93,342727
1.7204,0.2102,38.68,95,93,342730
1.7058,0.2102,38.58,95,93,342734
1.7351,0.2151,38.52,95,93,342737
1.7253,0.2102,38.74,95,93,342740
1.7595,0.2151,38.52,95,93,342745
1.7253,0.2102,38.55,95,93,342748
1.7204,0.2102,38.71,95,93,342751
1.7302,0.2199,38.52,95,93,342754
1.7302,0.2102,38.65,95,93,342758
1.7791,0.2199,38.40,95,93,342761
1.7889,0.2199,38.62,95,93,342764
1.7937,0.2102,38.68,95,93,342768
1.8231,0.2199,38.62,95,93,342771
1.8280,0.1906,38.68,95,93,342774
1.8866,0.2248,38.40,95,93,342778
1.8573,0.2346,38.55,95,93,342781
1.8671,0.2151,38.71,95,93,342785
1.8768,0.2151,38.55,95,93,342788
1.8622,0.1906,38.65,95,93,342792
1.9062,0.2297,38.46,95,93,342795
1.8622,0.2151,38.58,95,93,342798
1.8622,0.2102,38.55,95,93,342802
1.8719,0.2102,38.65,95,93,342805
1.8622,0.2102,38.68,95,93,342808
1.9013,0.2248,38.46,95,93,342812
1.8719,0.2151,38.62,95,93,342815
1.8768,0.2151,38.55,95,93,342818
1.8426,0.2151,38.65,95,93,342822
1.8573,0.2102,38.62,95,93,342825
1.8964,0.2248,38.55,95,93,342829
1.8622,0.2102,38.62,95,93,342833
1.8719,0.2297,38.52,95,93,342836
1.8280,0.2102,38.65,95,93,342839
1.8475,0.2102,38.65,95,93,342842
1.8671,0.2395,38.55,95,93,342846
1.8377,0.2151,38.68,95,93,342849
1.8622,0.2151,38.46,95,93,342852
1.8280,0.2102,38.71,95,93,342856
1.8231,0.2102,38.65,95,93,342859
1.8377,0.2248,38.65,95,93,342862
1.8280,0.2151,38.65,95,93,342866
1.8866,0.1906,38.36,95,93,342870
1.8524,0.2151,38.93,95,93,342873
1.8133,0.2102,38.65,95,93,342877
1.8035,0.2151,38.62,95,93,342880
1.7889,0.2102,38.62,95,93,342883
1.8377,0.2297,38.43,95,93,342887
1.8035,0.2199,38.55,95,93,342890
1.8035,0.2004,38.58,95,93,342893
1.8524,0.2102,38.65,95,93,342896
1.8133,0.2102,38.65,95,93,342900
1.8475,0.2248,38.52,95,93,342903
1.8133,0.2151,38.62,95,93,342906
1.8133,0.2151,38.58,95,93,342910
1.8328,0.2151,38.65,95,93,342914
1.8231,0.2102,38.65,95,93,342917
1.8280,0.2151,38.58,95,93,342921
1.7986,0.2102,38.65,95,93,342924
1.8084,0.2199,38.52,95,93,342927
1.8035,0.1906,38.68,95,93,342931
1.8280,0.2102,38.71,95,93,342934
1.8817,0.2590,38.52,95,93,342937
1.8768,0.2102,38.65,95,93,342940
1.9013,0.2151,38.52,95,93,342944
1.8817,0.2151,38.58,95,93,342947
1.8768,0.2102,38.65,95,93,342950
1.9208,0.2102,38.55,95,93,342955
1.8573,0.2102,38.68,95,93,342958
1.8964,0.2151,38.40,95,93,342961
1.8671,0.2151,38.58,95,93,342965
1.8622,0.2102,38.68,95,93,342968
1.8817,0.2102,38.62,95,93,342971
1.8915,0.2102,38.65,95,93,342975
1.9648,0.2248,38.43,95,93,342978
1.9355,0.2102,38.55,95,93,342981
1.9257,0.2053,38.65,95,93,342984
1.9159,0.2248,38.62,95,93,342988
1.9110,0.2102,38.65,95,93,342991
1.9892,0.2639,38.46,95,93,342994
1.9844,0.2248,38.58,95,93,342999
1.9746,0.2102,38.55,95,93,343002
1.9550,0.2151,38.65,95,93,343005
1.9501,0.2102,38.68,95,93,343009
1.9697,0.2248,38.46,95,93,343012
1.9159,0.2102,38.62,95,93,343015
1.9013,0.2151,38.52,95,93,343019
1.8622,0.2102,38.65,95,93,343022
1.8573,0.2102,38.65,95,93,343025
1.8817,0.2151,38.90,95,93,343028
1.8573,0.2053,38.68,95,93,343032
1.8768,0.2151,38.52,95,93,343035
1.8231,0.2102,38.65,95,93,343038
1.7937,0.2102,38.65,95,93,343043
1.7986,0.2151,38.55,95,93,343046
1.7840,0.2297,38.68,95,93,343049
1.8182,0.2151,38.40,95,93,343053
1.7840,0.2102,38.30,95,93,343056
1.7693,0.2102,38.65,95,93,343059
1.7937,0.2102,38.58,95,93,343063
1.7791,0.2102,38.65,95,93,343066
1.8426,0.2199,38.40,95,93,343069
1.7840,0.2199,38.55,95,93,343072
1.7693,0.2102,38.65,95,93,343076
1.7791,0.2151,38.62,95,93,343079
1.7595,0.2102,38.68,95,93,343083
1.8084,0.2199,38.43,95,93,343087
1.7644,0.2199,38.62,95,93,343090
1.7693,0.2102,38.62,95,93,343093
1.7889,0.2151,38.62,95,93,343097
1.7986,0.2102,38.65,95,93,343100
1.8622,0.2151,38.52,95,93,343103
1.8524,0.2151,38.65,95,93,343107
1.8964,0.2151,38.52,95,93,343110
1.9355,0.2151,38.65,95,93,343113
2.0283,0.2102,38.68,95,93,343117
2.2043,0.2199,38.62,95,93,343120
2.4096,0.2151,38.52,95,93,343123
2.6931,0.2395,38.52,95,93,343127
2.9130,0.2102,38.65,95,93,343131
3.1574,0.2102,38.65,95,93,343134
3.3675,0.2248,38.55,95,93,343137
3.3480,0.2297,38.62,95,93,343141
3.2307,0.2151,38.49,95,93,343144
2.8983,0.2102,38.55,95,93,343147
2.5318,0.2102,38.65,95,93,343151
2.2239,0.2248,38.52,95,93,343154
1.9355,0.2102,38.65,95,93,343157
1.7693,0.2151,38.40,95,93,343160
1.5885,0.2151,38.58,95,93,343164
1.4663,0.2102,38.65,95,93,343168
1.4076,0.2102,38.62,95,93,343171
1.3392,0.2102,38.68,95,93,343175
1.3441,0.2248,38.36,95,93,343178
1.3001,0.2102,38.55,95,93,343181
1.3099,0.2053,38.74,95,93,343185
1.3343,0.2248,38.68,95,93,343188
1.3539,0.2102,38.65,95,93,343191
1.4223,0.2248,38.46,95,93,343195
1.4174,0.2151,38.62,95,93,343198
1.4418,0.2102,38.90,95,93,343201
1.4614,0.2151,38.65,95,93,343205
1.4858,0.2102,38.68,95,93,343208
1.5347,0.2297,38.46,95,93,343212
1.5200,0.2151,38.62,95,93,343215
1.5396,0.2151,38.52,95,93,343219
1.5298,0.2102,38.65,95,93,343222
1.5103,0.2199,38.68,95,93,343225
1.5298,0.2248,38.52,95,93,343229
1.5298,0.1906,38.65,95,93,343232
1.5591,0.2151,38.58,95,93,343235
1.5396,0.2248,38.65,95,93,343239
1.5640,0.2102,38.68,95,93,343242
1.5885,0.2151,38.55,95,93,343245
1.5836,0.2102,38.58,95,93,343248
1.6080,0.2199,38.46,95,93,343252
1.5885,0.2102,38.65,95,93,343256
1.5934,0.2297,38.65,95,93,343259
1.6227,0.2199,38.62,95,93,343263
1.6618,0.2151,38.65,95,93,343266
1.6667,0.2102,38.58,95,93,343270
1.7546,0.2297,38.55,95,93,343273
1.6960,0.2199,38.24,95,93,343276
1.6862,0.2053,38.62,95,93,343280
1.6764,0.2151,38.65,95,93,343283
1.6716,0.2102,38.68,95,93,343286
1.7155,0.2199,38.49,95,93,343290
1.6716,0.2151,38.65,95,93,343293
1.6911,0.2297,38.49,95,93,343297
1.6667,0.2151,38.65,95,93,343301
1.6862,0.2151,38.68,95,93,343304
1.6960,0.2151,38.58,95,93,343307
1.7058,0.2102,38.71,95,93,343310
1.7400,0.2151,38.55,95,93,343314
1.7155,0.2151,38.71,95,93,343317
1.7155,0.2053,38.65,95,93,343320
1.7302,0.2199,38.58,95,93,343324
1.7107,0.2151,38.58,95,93,343327
1.7742,0.2199,38.40,95,93,343330
1.7351,0.2199,38.62,95,93,343334
1.7204,0.2248,38.65,95,93,343337
1.7302,0.2199,38.62,95,93,343341
1.7107,0.2102,37.96,95,93,343345
1.7595,0.2297,38.36,95,93,343348
1.7351,0.2102,38.55,95,93,343351
1.7351,0.2102,38.65,95,93,343354
1.7644,0.2151,38.62,95,93,343358
1.7302,0.2102,38.65,95,93,343361
1.7840,0.2297,38.43,95,93,343364
1.7351,0.2199,38.58,95,93,343368
1.7498,0.2102,38.68,95,93,343371
1.7546,0.2248,38.65,95,93,343374
1.7693,0.2102,38.62,95,93,343378
1.8084,0.2199,38.52,95,93,343382
1.8084,0.2151,38.62,95,93,343385
1.8182,0.2151,38.52,95,93,343389
1.8182,0.2102,38.65,95,93,343392
1.8084,0.2102,38.71,95,93,343395
1.8328,0.2542,38.49,95,93,343398
1.8084,0.2151,38.65,95,93,343402
1.8377,0.2199,38.55,95,93,343405
1.8377,0.2004,38.62,95,93,343408
1.8328,0.2102,38.62,95,93,343412
1.8475,0.2688,38.49,95,93,343415
1.8231,0.2199,38.65,95,93,343418
1.8475,0.2151,38.46,95,93,343422
1.8133,0.2151,38.58,95,93,343426
1.8133,0.2102,38.65,95,93,343429
1.8280,0.2199,38.62,95,93,343433
1.8328,0.2151,38.68,95,93,343436
1.8475,0.2199,38.49,95,93,343439
1.8377,0.2151,38.62,95,93,343443
1.8035,0.2102,38.71,95,93,343446
1.8084,0.2199,38.68,95,93,343449
1.7889,0.2102,38.68,95,93,343452
1.8328,0.2297,38.40,95,93,343456
1.8231,0.2199,38.58,95,93,343459
1.7693,0.2053,38.62,95,93,343462
1.7693,0.2151,38.65,95,93,343467
1.7595,0.2151,38.68,95,93,343470
1.8035,0.2248,38.46,95,93,343473
1.7644,0.2199,38.62,95,93,343477
1.7693,0.2151,38.62,95,93,343480
1.7840,0.2151,38.65,95,93,343483
1.7742,0.2102,38.65,95,93,343487
1.8084,0.2297,38.52,95,93,343490
1.7889,0.2102,38.68,95,93,343493
1.8035,0.2151,38.52,95,93,343496
1.7693,0.2151,38.71,95,93,343500
1.7498,0.2102,38.68,95,93,343503
1.7400,0.2151,38.58,95,93,343506
1.7351,0.2151,38.68,95,93,343511
1.7400,0.2151,38.49,95,93,343514
1.7204,0.2151,38.65,95,93,343517
1.7302,0.1906,38.68,95,93,343521
1.7644,0.2199,38.55,95,93,343524
1.7644,0.2151,38.65,95,93,343527
1.8035,0.2199,38.46,95,93,343531
1.7937,0.2102,38.55,95,93,343534
1.7889,0.2151,38.65,95,93,343537
1.8084,0.2199,38.68,95,93,343540
1.7937,0.2151,38.65,95,93,343544
1.8426,0.2248,38.36,95,93,343547
1.8426,0.2151,38.55,95,93,343550
1.7986,0.2053,38.62,95,93,343555
1.7986,0.2102,38.65,95,93,343558
1.7986,0.2199,38.65,95,93,343561
1.8573,0.2297,38.46,95,93,343565
1.8231,0.2199,38.58,95,93,343568
1.8280,0.1906,38.55,95,93,343571
1.8231,0.2151,38.68,95,93,343575
1.8133,0.2102,38.68,95,93,343578
1.8524,0.2248,38.65,95,93,343581
1.8377,0.2151,38.43,95,93,343584
1.8524,0.2248,38.52,95,93,343588
1.8426,0.2151,38.62,95,93,343591
1.8573,0.2102,38.65,95,93,343595
1.8915,0.2248,38.62,95,93,343599
1.8768,0.2151,38.62,95,93,343602
1.9159,0.2151,38.52,95,93,343605
1.9062,0.2004,38.62,95,93,343609
1.9257,0.1906,38.65,95,93,343612
1.9599,0.2199,38.52,95,93,343615
1.9453,0.2199,38.62,95,93,343619
1.9697,0.2151,38.49,95,93,343622
1.9355,0.2151,38.49,95,93,343625
1.9110,0.2102,38.65,95,93,343629
1.9062,0.2199,38.71,95,93,343632
1.8573,0.2493,38.65,95,93,343635
1.8768,0.2199,38.40,95,93,343639
1.8182,0.2444,38.62,95,93,343643
1.8182,0.2151,38.71,95,93,343646
1.8133,0.2151,38.68,95,93,343649
1.7986,0.2151,38.68,95,93,343653
1.8426,0.2297,38.43,95,93,343656
1.7986,0.2199,38.58,95,93,343659
1.7742,0.2102,38.58,95,93,343663
1.7595,0.2151,38.65,95,93,343666
1.7498,0.2102,38.68,95,93,343669
1.7791,0.2297,38.46,95,93,343673
1.7449,0.2199,38.62,95,93,343676
1.7400,0.2151,38.49,95,93,343680
1.7155,0.2053,38.68,95,93,343683
1.7204,0.2102,38.68,95,93,343687
1.7449,0.2199,38.58,95,93,343690
1.7302,0.2151,38.68,95,93,343693
1.7595,0.2199,38.43,95,93,343697
1.7351,0.2102,38.65,95,93,343700
1.7449,0.2151,38.65,95,93,343703
1.7644,0.2151,38.52,95,93,343707
1.7595,0.2151,38.65,95,93,343710
1.7986,0.2151,38.46,95,93,343713
1.8133,0.2151,38.68,95,93,343717
1.8084,0.2102,38.65,95,93,343720
1.8622,0.2199,38.55,95,93,343724
1.9013,0.2102,38.65,95,93,343728
2.0283,0.2199,38.33,95,93,343731
2.1261,0.2444,38.55,95,93,343734
2.2678,0.2151,38.65,95,93,343737
2.4780,0.2199,38.62,95,93,343741
2.6931,0.2102,38.65,95,93,343744
3.0205,0.2297,38.36,95,93,343747
3.1769,0.2151,38.49,95,93,343751
3.2649,0.2053,38.62,95,93,343754
3.2160,0.2151,38.52,95,93,343757
2.9863,0.2199,38.65,95,93,343761
2.7419,0.2297,38.49,95,93,343764
2.3754,0.2151,38.62,95,93,343768
2.0968,0.2199,38.55,95,93,343771
1.8573,0.1906,38.65,95,93,343775
1.6667,0.2346,38.65,95,93,343778
1.5543,0.2199,38.55,95,93,343781
1.4418,0.2151,38.58,95,93,343785
1.3978,0.2395,38.55,95,93,343788
1.3490,0.2151,38.55,95,93,343791
1.3343,0.2151,38.68,95,93,343795
1.3539,0.2248,38.55,95,93,343798
1.3734,0.2102,38.65,95,93,343801
1.3881,0.2151,38.49,95,93,343805
1.3978,0.2151,38.58,95,93,343809
1.4174,0.2151,38.65,95,93,343812
1.4565,0.2248,38.55,95,93,343816
1.4614,0.2102,38.65,95,93,343819
1.5200,0.2199,38.40,95,93,343822
1.5152,0.2248,38.58,95,93,343825
1.5347,0.2102,38.65,95,93,343829
1.5591,0.2199,38.58,95,93,343832
1.5689,0.2102,38.68,95,93,343835
1.6178,0.2248,38.36,95,93,343839
1.5982,0.2151,38.58,95,93,343842
1.5982,0.2102,38.71,95,93,343845
1.6129,0.2297,38.65,95,93,343849
1.5982,0.2102,38.65,95,93,343853
1.6618,0.2297,38.46,95,93,343856
1.6325,0.2102,38.62,95,93,343860
1.6373,0.2102,38.55,95,93,343863
1.6422,0.2102,38.55,95,93,343866
1.6569,0.2102,38.65,95,93,343870
1.6960,0.2248,38.46,96,93,343873
1.7253,0.2248,38.49,96,93,343878
1.7204,0.2102,38.65,96,93,343881
1.7546,0.2151,38.49,96,93,343884
1.7351,0.2151,38.62,96,93,343887
1.7449,0.2102,38.71,96,93,343891
1.7644,0.2199,38.58,96,93,343895
1.7595,0.2102,38.65,96,93,343898
1.7986,0.2199,38.40,96,93,343902
1.7595,0.2151,38.62,96,93,343905
1.7693,0.2102,38.65,96,93,343908
1.7742,0.2395,38.58,96,93,343912
1.7644,0.2102,38.68,96,93,343915
1.8328,0.2248,38.33,96,93,343918
1.7986,0.2199,38.62,96,93,343922
1.7937,0.2102,38.68,96,93,343925
1.7937,0.2248,38.62,96,93,343928
1.8280,0.2102,38.68,96,93,343931
1.8475,0.2248,37.74,96,93,343936
1.8231,0.2151,38.58,96,93,343939
1.8084,0.2102,38.58,96,93,343942
1.7937,0.2151,38.65,96,93,343946
1.7889,0.2102,38.68,96,93,343949
1.8328,0.2199,38.55,96,93,343952
1.8377,0.2151,38.62,96,93,343956
1.8426,0.2151,38.49,96,93,343959
1.8182,0.2199,38.65,96,93,343962
1.8231,0.2151,38.68,96,93,343966
1.8280,0.2199,38.52,96,93,343969
1.8231,0.1906,38.65,96,93,343972
1.8475,0.2151,38.55,96,93,343976
1.8280,0.2102,38.68,96,93,343980
1.8328,0.2102,38.81,96,93,343983
1.8964,0.2199,38.62,96,93,343986
1.8524,0.2102,38.65,96,93,343990
1.9013,0.2199,38.43,96,93,343993
1.8964,0.2199,38.55,96,93,343996
1.8915,0.2102,38.71,96,93,344000
1.9208,0.2199,38.58,96,93,344003
1.9062,0.2102,38.68,96,93,344006
1.9648,0.2248,38.40,96,93,344010
1.9355,0.2102,38.52,96,93,344013
1.9257,0.2102,38.74,96,93,344016
1.9306,0.2151,38.65,96,93,344020
1.9208,0.2102,38.65,96,93,344024
1.9795,0.2297,38.43,96,93,344027
1.9355,0.2248,38.68,96,93,344030
1.9355,0.2102,38.58,96,93,344034
1.9355,0.2151,38.65,96,93,344037
1.9355,0.2102,38.65,96,93,344040
1.9648,0.2248,38.46,96,93,344044
1.9404,0.2199,38.65,96,93,344047
1.9453,0.1906,38.55,96,93,344050
1.9306,0.2199,38.68,96,93,344054
1.9355,0.2102,38.65,96,93,344057
1.9599,0.2248,38.52,96,93,344060
1.9599,0.2102,38.62,96,93,344065
1.9404,0.2199,38.55,96,93,344068
1.9110,0.2053,38.58,96,93,344071
1.9159,0.2102,38.65,96,93,344074
1.9306,0.2199,38.49,96,93,344078
1.9110,0.2102,38.58,96,93,344081
1.9306,0.2102,38.46,96,93,344084
1.8964,0.2151,38.58,96,93,344088
1.8915,0.2102,38.65,96,93,344091
1.9062,0.2248,38.58,96,93,344094
1.8915,0.2102,38.74,96,93,344098
1.9355,0.2151,38.36,96,93,344101
1.8866,0.2102,38.62,96,93,344104
1.8915,0.2102,38.65,96,93,344109
1.8964,0.2102,38.62,96,93,344112
1.8866,0.2102,38.71,96,93,344115
1.9355,0.2297,38.36,96,93,344118
1.9013,0.2151,38.58,96,93,344122
1.8866,0.2053,38.55,96,93,344125
1.8964,0.2151,38.62,96,93,344128
1.8915,0.2102,38.74,96,93,344132
1.9404,0.2395,38.46,96,93,344135
1.9062,0.2199,38.62,96,93,344138
1.9013,0.2151,38.58,96,93,344142
1.9110,0.2151,38.68,96,93,344145
1.8915,0.2102,38.68,96,93,344148
1.9257,0.2199,38.43,96,93,344153
1.9062,0.2151,38.62,96,93,344156
1.9306,0.2151,38.49,96,93,344159
1.9062,0.2102,38.65,96,93,344162
1.9110,0.2151,38.68,96,93,344166
1.9306,0.2151,38.62,96,93,344169
1.9257,0.2151,38.62,96,93,344172
1.9648,0.2102,38.55,96,93,344176
1.9355,0.2199,38.68,96,93,344179
1.9795,0.2102,38.65,96,93,344182
1.9746,0.2199,38.55,96,93,344186
1.9453,0.2151,38.65,96,93,344189
1.9844,0.2151,38.49,96,93,344193
1.9697,0.2248,38.55,96,93,344197
1.9697,0.2102,38.68,96,93,344200
1.9990,0.2199,38.62,96,93,344203
1.9892,0.2151,38.68,96,93,344206
2.0430,0.2199,38.52,96,93,344210
2.0186,0.2151,38.55,96,93,344213
2.0235,0.2102,38.68,96,93,344216
2.0430,0.2151,38.65,96,93,344220
2.0479,0.2102,38.65,96,93,344223
2.1163,0.2346,38.43,96,93,344226
2.0870,0.2199,38.65,96,93,344230
2.0919,0.2102,38.58,96,93,344233
2.1017,0.2151,38.68,96,93,344237
2.0968,0.2102,38.68,96,93,344241
2.1310,0.2346,38.55,96,93,344244
2.0870,0.1906,38.62,96,93,344247
2.0674,0.2151,38.52,96,93,344250
2.0235,0.2151,38.65,96,93,344254
2.0137,0.2102,38.68,96,93,344257
2.0186,0.2199,38.49,96,93,344260
1.9746,0.2248,38.68,96,93,344264
1.9892,0.2102,38.52,96,93,344267
1.9501,0.2102,38.90,96,93,344270
1.9453,0.2151,38.65,96,93,344274
1.9599,0.2151,38.55,96,93,344278
1.9257,0.2102,38.65,96,93,344281
1.9404,0.2199,38.49,96,93,344284
1.8964,0.2102,38.62,96,93,344288
1.8866,0.2102,38.65,96,93,344291
1.9062,0.2102,38.55,96,93,344294
1.8866,0.2102,38.71,96,93,344298
1.9208,0.2151,38.40,96,93,344301
1.8817,0.2102,38.65,96,93,344304
1.8866,0.2102,38.68,96,93,344308
1.8964,0.2248,38.68,96,93,344311
1.8817,0.2102,38.11,96,93,344314
1.9355,0.2297,38.36,96,93,344318
1.9110,0.2151,38.58,96,93,344322
1.8915,0.2053,38.68,96,93,344325
1.9257,0.2102,38.62,96,93,344328
1.8915,0.2102,38.68,96,93,344332
1.9648,0.2297,38.46,96,93,344335
1.9550,0.2199,38.58,96,93,344338
1.9746,0.2102,38.58,96,93,344342
2.0235,0.2199,38.68,96,93,344345
2.1017,0.2151,38.68,96,93,344348
2.2532,0.2199,38.49,96,93,344352
2.3754,0.2395,38.62,96,93,344355
2.5855,0.2151,38.52,96,93,344358
2.7908,0.2102,38.65,96,93,344363
3.0303,0.2053,38.68,96,93,344366
3.2747,0.2297,38.68,96,93,344369
3.3822,0.2151,38.65,96,93,344372
3.3920,0.2199,38.58,96,93,344376
3.1574,0.2102,38.62,96,93,344379
2.8495,0.2102,38.65,96,93,344382
2.5758,0.2248,38.52,96,93,344386
2.2630,0.2102,38.65,96,93,344389
2.0626,0.2151,38.46,96,93,344392
1.8573,0.2151,38.52,96,93,344396
1.7155,0.2102,38.74,96,93,344399
1.6667,0.2199,38.55,96,93,344402
1.5445,0.2102,38.65,96,93,344407
1.5396,0.2199,38.52,96,93,344410
1.4907,0.2151,38.58,96,93,344413
1.4761,0.2102,38.65,96,93,344416
1.4907,0.2199,38.62,96,93,344420
1.5152,0.2151,38.68,96,93,344423
1.5591,0.2248,38.74,96,93,344426
1.5445,0.2151,38.52,96,93,344430
1.5494,0.2053,38.65,96,93,344433
1.5640,0.2151,38.62,96,93,344436
1.5787,0.2102,38.68,96,93,344440
1.6422,0.2395,38.55,96,93,344443
1.6276,0.2151,38.62,96,93,344446
1.6471,0.2102,38.68,96,93,344451
1.6471,0.2102,38.68,96,93,344454
1.6618,0.2102,38.87,96,93,344457
1.7058,0.2151,38.49,96,93,344460
1.6862,0.2151,38.65,96,93,344464
1.7107,0.2151,38.52,96,93,344467
1.6960,0.2102,38.68,96,93,344470
1.7058,0.2102,38.77,96,93,344474
1.7351,0.2248,38.55,96,93,344477
1.7204,0.2102,38.65,96,93,344480
1.7546,0.2102,38.52,96,93,344484
1.7302,0.2199,38.40,96,93,344487
1.7546,0.2053,38.68,96,93,344493
1.7644,0.2102,38.77,96,93,344496
1.7791,0.2151,38.62,96,93,344499
1.7791,0.2102,38.65,96,93,344503
1.8377,0.2297,38.40,96,93,344506
1.8084,0.2151,38.65,96,93,344509
1.7986,0.2053,38.08,96,93,344512
1.8133,0.2102,38.65,96,93,344516
1.8133,0.2102,38.68,96,93,344519
1.8719,0.2199,38.49,96,93,344522
1.8426,0.2199,38.62,96,93,344526
1.8426,0.2102,38.52,96,93,344529
1.8280,0.2151,38.62,96,93,344532
1.8280,0.2102,38.65,96,93,344537
1.8524,0.2102,38.52,96,93,344540
1.8377,0.2199,38.62,96,93,344543
1.8622,0.2151,38.49,96,93,344547
1.8426,0.2199,38.65,96,93,344550
1.8475,0.2102,38.68,96,93,344553
1.8573,0.2053,38.55,96,93,344556
1.8768,0.2151,38.68,96,93,344560
1.8719,0.2102,38.65,96,93,344563
1.8426,0.2151,38.65,96,93,344566
1.8475,0.2102,38.55,96,93,344570
1.8671,0.2151,38.68,96,93,344573
1.8573,0.2102,38.62,96,93,344577
1.9013,0.2248,38.43,96,93,344581
1.8817,0.2151,38.58,96,93,344584
1.8719,0.2102,38.65,96,93,344587
1.8915,0.2199,38.58,96,93,344591
1.8768,0.2102,38.65,96,93,344594
1.9306,0.2151,38.33,96,93,344597
1.8964,0.2102,38.49,96,93,344601
1.8866,0.2151,38.68,96,93,344604
1.8915,0.2102,38.68,96,93,344607
1.8915,0.2102,38.68,96,93,344610
1.9501,0.2199,38.46,96,93,344614
1.9110,0.2151,38.68,96,93,344617
1.9257,0.2248,38.55,96,93,344621
1.9208,0.2102,38.65,96,93,344625
1.9306,0.2102,38.68,96,93,344628
1.9648,0.2151,38.55,96,93,344631
1.9453,0.2102,38.65,96,93,344635
1.9648,0.2102,38.52,96,93,344638
1.9404,0.2102,38.65,96,93,344641
1.9404,0.2102,37.96,96,93,344645
1.9697,0.2248,38.52,96,93,344648
1.9453,0.2102,38.74,96,93,344651
1.9697,0.2151,38.52,96,93,344654
1.9355,0.2151,38.62,96,93,344658
1.9355,0.2102,38.84,96,93,344662
1.9599,0.2151,38.49,96,93,344665
1.9355,0.2102,38.58,96,93,344669
1.9697,0.2248,38.43,96,93,344672
1.9501,0.2102,38.71,96,93,344675
1.9453,0.2053,38.58,96,93,344679
1.9550,0.2199,38.55,96,93,344682
1.9404,0.2102,38.74,96,93,344685
1.9795,0.2199,38.40,96,93,344689
1.9306,0.2102,38.62,96,93,344692
1.9306,0.2102,38.68,96,93,344695
1.9355,0.2151,38.65,96,93,344698
1.9110,0.2053,38.65,96,93,344702
1.9599,0.2297,38.40,96,93,344706
1.9110,0.2297,38.52,96,93,344709
1.9159,0.2053,38.58,96,93,344713
1.8964,0.2102,38.71,96,93,344716
1.8866,0.2053,38.65,96,93,344719
1.9306,0.2151,38.46,96,93,344723
1.8915,0.2395,38.62,96,93,344726
1.8866,0.2102,38.58,96,93,344729
1.8622,0.2102,38.71,96,93,344733
1.8573,0.2297,38.65,96,93,344736
1.8768,0.2199,38.49,96,93,344739
1.8475,0.2102,38.65,96,93,344742
1.8622,0.2102,38.55,96,93,344747
1.8328,0.2102,38.65,96,93,344750
1.8377,0.2346,38.65,96,93,344753
1.8573,0.2102,38.55,96,93,344757
1.8524,0.2102,38.65,96,93,344760
1.8817,0.2151,38.52,96,93,344763
1.8573,0.2102,38.62,96,93,344767
1.8719,0.2053,38.65,96,93,344770
1.9013,0.2102,38.52,96,93,344773
1.8768,0.2102,38.68,96,93,344777
1.9453,0.2151,38.40,96,93,344780
1.9013,0.2151,38.62,96,93,344783
1.8866,0.2004,38.71,96,93,344786
1.9062,0.2151,38.58,96,93,344791
1.8866,0.2102,38.65,96,93,344794
1.9453,0.2248,38.36,96,93,344797
1.8915,0.2102,38.55,96,93,344801
1.9159,0.2004,38.62,96,93,344804
1.8915,0.2102,38.68,96,93,344807
1.8964,0.2102,38.90,96,93,344811
1.9648,0.2297,38.46,96,93,344814
1.9306,0.2151,38.65,96,93,344817
1.9257,0.2053,38.62,96,93,344821
1.9404,0.2102,38.62,96,93,344824
1.9062,0.2004,38.55,96,93,344827
1.9404,0.2102,38.49,96,93,344830
1.9306,0.2151,38.62,96,93,344835
1.9599,0.1906,38.52,96,93,344838
1.9501,0.2102,38.65,96,93,344841
1.9746,0.2102,38.68,96,93,344845
2.0235,0.2199,38.52,96,93,344848
2.0088,0.2151,38.65,96,93,344851
2.0430,0.2151,38.55,96,93,344855
2.0137,0.2004,38.65,96,93,344858
2.0088,0.2053,38.68,96,93,344861
2.0137,0.2297,38.52,96,93,344864
1.9746,0.2102,38.65,96,93,344868
1.9795,0.2102,38.46,96,93,344871
1.9355,0.2053,38.55,96,93,344875
1.9208,0.2053,38.65,96,93,344879
1.9110,0.2151,38.58,96,93,344882
1.8768,0.2102,38.87,96,93,344885
1.9013,0.2102,38.43,96,93,344889
1.8524,0.2053,38.74,96,93,344892
1.8377,0.2053,38.65,96,93,344895
1.8377,0.2199,38.62,96,93,344898
1.8084,0.2102,38.77,96,93,344902
1.8426,0.2248,38.40,96,93,344905
1.8182,0.2102,38.55,96,93,344908
1.7937,0.2053,38.65,96,93,344912
1.8084,0.2151,38.68,96,93,344915
1.7986,0.1906,38.68,96,93,344919
1.8524,0.2297,38.46,96,93,344923
1.8084,0.2102,38.58,96,93,344926
1.8035,0.2151,38.58,96,93,344929
1.7937,0.2102,38.65,96,93,344933
1.7986,0.2004,38.68,96,93,344936
1.8280,0.2151,38.52,96,93,344939
1.8084,0.2151,38.62,96,93,344942
1.8231,0.2151,38.52,96,93,344946
1.8084,0.2102,38.62,96,93,344949
1.8231,0.2102,38.68,96,93,344952
1.8573,0.2102,38.58,96,93,344956
1.8768,0.2102,38.77,96,93,344960
1.9404,0.2444,38.52,96,93,344963
1.9697,0.2102,38.65,96,93,344967
2.0577,0.2053,38.65,96,93,344970
2.2043,0.2248,38.52,96,93,344973
2.3363,0.1906,38.68,96,93,344977
2.5709,0.2102,38.46,96,93,344980
2.7810,0.2102,38.52,96,93,344983
3.0108,0.2053,38.65,96,93,344986
3.2502,0.2199,38.52,96,93,344990
3.2893,0.2102,38.62,96,93,344993
3.2747,0.2151,38.40,96,93,344996
2.9912,0.2151,38.65,96,93,345000
2.6686,0.2053,38.65,96,93,345004
2.3851,0.2151,38.58,96,93,345007
2.1017,0.2053,38.68,96,93,345011
1.9355,0.2199,38.43,96,93,345014
1.7498,0.2053,38.55,96,93,345017
1.5836,0.2004,38.68,96,93,345020
1.4956,0.2102,38.65,96,93,345024
1.4321,0.2102,38.65,96,93,345027
1.4516,0.2786,38.49,96,93,345030
1.3881,0.2151,38.58,96,93,345034
1.3930,0.2053,38.49,96,93,345037
1.4076,0.2102,38.65,96,93,345040
1.4321,0.2053,38.65,96,93,345044
1.4809,0.2395,38.49,96,93,345048
1.4761,0.1906,38.62,96,93,345051
1.5054,0.2102,38.08,96,93,345055
1.5054,0.2102,38.58,96,93,345058
1.5249,0.2102,38.68,96,93,345061
1.5640,0.2199,38.58,96,93,345064
1.5543,0.2102,38.65,96,93,345068
1.5836,0.2151,38.52,96,93,345071
1.5640,0.2102,38.74,96,93,345074
1.5738,0.2053,38.55,96,93,345078
1.6031,0.2151,38.55,96,93,345081
1.6080,0.1906,38.65,96,93,345084
1.6373,0.2102,38.55,96,93,345089
1.6178,0.2102,38.65,96,93,345092
1.6227,0.2053,38.71,96,93,345095
1.6422,0.2395,38.62,96,93,345098
1.6764,0.2199,38.68,96,93,345103
1.6764,0.2004,38.68,96,93,345106
1.7449,0.2248,38.43,96,93,345110
1.7107,0.2151,38.55,96,93,345113
1.7009,0.2053,38.62,96,93,345116
1.7009,0.2102,38.71,96,93,345120
1.7058,0.2053,38.62,96,93,345123
1.7693,0.2151,38.52,96,93,345126
1.7302,0.2102,37.83,96,93,345131
1.7400,0.2102,38.49,96,93,345134
1.7400,0.2004,38.68,96,93,345137
1.7155,0.2053,38.68,96,93,345141
1.7351,0.2248,38.58,96,93,345144
1.7302,0.2102,38.65,96,93,345147
1.7449,0.2102,38.55,96,93,345150
1.7302,0.2151,38.68,96,93,345154
1.7400,0.2053,38.68,96,93,345157
1.7693,0.2199,38.55,96,93,345160
1.7889,0.2102,38.62,96,93,345164
1.7742,0.2053,38.49,96,93,345167
1.7644,0.2053,38.55,96,93,345170
1.7791,0.2004,38.68,96,93,345175
1.7791,0.2199,38.77,96,93,345178
1.7595,0.2102,38.62,96,93,345181
1.8084,0.2102,38.43,96,93,345185
1.7791,0.2102,38.49,96,93,345188
1.7742,0.2102,38.65,96,93,345191
1.7840,0.2102,38.58,96,93,345194
1.7791,0.2053,38.65,96,93,345198
1.8280,0.2199,38.33,96,93,345201
1.7889,0.2102,38.58,96,93,345204
1.7840,0.2004,38.62,96,93,345208
1.7889,0.2053,38.68,96,93,345211
1.7742,0.2053,38.65,96,93,345214
1.8377,0.2248,38.49,96,93,345219
1.7986,0.2151,38.62,96,93,345222
1.8035,0.1906,38.58,96,93,345225
1.7937,0.2102,38.62,96,93,345228
1.8084,0.2102,38.65,96,93,345232
1.8377,0.2151,38.46,96,93,345235
1.8475,0.2151,38.62,96,93,345238
1.8328,0.2102,38.52,96,93,345242
1.8133,0.2053,38.65,96,93,345245
1.8328,0.2004,38.65,96,93,345248
1.8524,0.2199,38.58,96,93,345252
1.8328,0.2346,38.65,96,93,345255
1.8768,0.2102,38.55,96,93,345259
1.8280,0.2053,37.90,96,93,345263
1.8328,0.2102,38.65,96,93,345266
1.8768,0.2102,38.55,96,93,345269
1.8328,0.2102,38.65,96,93,345272
1.8573,0.2053,38.43,96,93,345276
1.8182,0.1906,38.65,96,93,345279
1.8182,0.2053,38.71,96,93,345282
1.8328,0.2151,38.58,96,93,345286
1.8133,0.2053,38.77,96,93,345289
1.8573,0.2102,38.40,96,93,345292
1.8280,0.1906,38.55,96,93,345296
1.8084,0.2053,38.65,96,93,345299
1.8133,0.2199,38.62,96,93,345303
1.7986,0.1906,38.65,96,93,345307
1.8475,0.2199,38.46,96,93,345310
1.8231,0.2151,38.52,96,93,345313
1.7889,0.2004,38.65,96,93,345316
1.7889,0.2102,38.71,96,93,345320
1.7840,0.2151,38.68,96,93,345323
1.8328,0.2248,38.49,96,93,345326
1.8035,0.2102,38.62,96,93,345330
1.8084,0.2004,38.55,96,93,345333
1.7840,0.2102,38.65,96,93,345336
1.7791,0.2053,38.62,96,93,345340
1.7986,0.2199,38.58,96,93,345344
1.7840,0.2102,38.65,96,93,345347
1.7937,0.2102,38.90,96,93,345350
1.7693,0.2004,38.68,96,93,345354
1.7693,0.2053,38.65,96,93,345357
1.7889,0.2151,38.46,96,93,345360
1.7595,0.2102,38.68,96,93,345364
1.7791,0.2053,38.49,96,93,345367
1.7742,0.2199,38.58,96,93,345370
1.7595,0.2053,38.65,96,93,345374
1.7889,0.2151,38.52,96,93,345377
1.7498,0.2053,38.65,96,93,345380
1.7791,0.2102,38.40,96,93,345384
1.7889,0.2053,38.55,96,93,345388
1.7546,0.2053,38.68,96,93,345391
1.7791,0.2151,38.58,96,93,345394
1.7889,0.2004,38.62,96,93,345398
1.8182,0.2151,38.40,96,93,345401
1.7693,0.2395,38.58,96,93,345404
1.8084,0.2053,38.65,96,93,345408
1.7937,0.2102,38.62,96,93,345411
1.7840,0.2053,38.65,96,93,345414
1.8426,0.2248,38.43,96,93,345418
1.8035,0.2102,38.52,96,93,345421
1.7937,0.2053,38.62,96,93,345424
1.7937,0.2102,38.65,96,93,345428
1.8035,0.2053,38.65,96,93,345432
1.8475,0.2199,38.55,96,93,345435
1.8231,0.2151,38.43,96,93,345438
1.8231,0.2004,38.55,96,93,345442
1.8133,0.2102,38.71,96,93,345445
1.8231,0.2102,38.65,96,93,345448
1.8719,0.2151,38.49,96,93,345452
1.8573,0.2102,38.58,96,93,345455
1.8866,0.2151,38.52,96,93,345458
1.8719,0.2102,38.77,96,93,345462
1.8866,0.2102,38.68,96,93,345465
1.9062,0.2102,38.58,96,93,345468
1.9110,0.2102,38.74,96,93,345473
1.9306,0.2053,38.46,96,93,345476
1.8964,0.2102,38.68,96,93,345479
1.8817,0.2053,38.65,96,93,345482
1.8817,0.2151,38.55,96,93,345486
1.8426,0.2053,38.71,96,93,345489
1.8524,0.2151,38.43,96,93,345492
1.8084,0.2102,38.58,96,93,345496
1.7742,0.2053,38.65,96,93,345499
1.7742,0.2151,38.58,96,93,345502
1.7498,0.2053,38.62,96,93,345506
1.7986,0.2151,38.36,96,93,345509
1.7449,0.2102,38.52,96,93,345512
1.7204,0.2053,38.62,96,93,345517
1.7155,0.2102,38.68,96,93,345520
1.7009,0.2053,38.71,96,93,345523
1.7449,0.2248,38.40,96,93,345526
1.7302,0.2151,38.58,96,93,345530
1.6960,0.2053,38.58,96,93,345533
1.6960,0.2102,38.65,96,93,345536
1.6911,0.2053,38.68,96,93,345540
1.7155,0.2199,38.58,96,93,345543
1.7009,0.2248,38.65,96,93,345546
1.7155,0.2151,38.52,96,93,345550
1.7009,0.2102,38.68,96,93,345553
1.7009,0.2053,38.68,96,93,345556
1.7253,0.2199,38.52,96,93,345561
1.6960,0.2102,38.65,96,93,345564
1.7204,0.2102,38.55,96,93,345567
1.7155,0.2004,38.62,96,93,345570
1.7449,0.2053,38.81,96,93,345574
1.7889,0.2102,38.52,96,93,345577
1.8280,0.2053,38.65,96,93,345580
1.9257,0.2102,38.43,96,93,345584
1.9941,0.2053,38.62,96,93,345587
2.1212,0.2053,38.68,96,93,345590
2.3069,0.2151,38.55,96,93,345594
2.4976,0.2004,38.65,96,93,345597
2.7761,0.2151,38.40,96,93,345601
2.9472,0.2053,38.62,96,93,345605
3.1183,0.2053,38.68,96,93,345608
3.1720,0.2151,38.62,96,93,345611
3.0303,0.2004,38.68,96,93,345614
2.8397,0.2151,38.36,96,93,345618
2.4829,0.2102,38.55,96,93,345621
2.1848,0.2004,38.65,96,93,345624
1.9501,0.2102,38.62,96,93,345628
1.7498,0.2053,38.77,96,93,345631
1.6422,0.2248,38.43,96,93,345634
1.5005,0.2151,38.58,96,93,345638
1.4125,0.2053,38.52,96,93,345641
1.3636,0.2053,38.65,96,93,345645
1.3343,0.1906,38.65,96,93,345648
1.3539,0.2151,38.43,96,93,345652
1.3343,0.2102,38.65,96,93,345655
1.3685,0.2102,38.52,96,93,345658
1.3685,0.2102,38.68,96,93,345662
1.3832,0.2053,38.68,96,93,345665
1.4223,0.2053,38.62,96,93,345668
1.4321,0.2102,38.68,96,93,345672
1.4712,0.2102,38.52,96,93,345675
1.4663,0.2199,38.68,96,93,345678
1.4858,0.2053,38.68,96,93,345682
1.5200,0.2151,38.58,96,93,345686
1.5152,0.2004,38.65,96,93,345689
1.5543,0.2151,38.46,96,93,345692
1.5494,0.2102,38.55,96,93,345696
1.5543,0.2053,38.65,96,93,345699
1.5787,0.2199,38.58,96,93,345702
1.5640,0.2053,38.68,96,93,345706
1.6178,0.2151,38.36,96,93,345709
1.6569,0.2248,38.49,96,93,345714
1.6373,0.2102,38.62,96,93,345717
1.6471,0.2053,38.52,96,93,345720
1.6764,0.2004,38.68,96,93,345724
1.6520,0.2053,38.58,96,93,345728
1.6813,0.2199,38.55,96,93,345731
1.6716,0.2102,38.68,96,93,345735
1.6960,0.2102,38.62,96,93,345738
1.6813,0.2004,38.62,96,93,345741
1.6911,0.2053,38.68,96,93,345744
1.7204,0.2199,38.68,96,93,345748
1.7058,0.2102,38.62,96,93,345751
1.7351,0.2102,38.55,96,93,345754
1.7107,0.2053,38.62,96,93,345758
1.7155,0.2004,38.62,96,93,345761
1.7302,0.2151,37.77,96,93,345764
1.7107,0.2346,38.65,96,93,345768
1.7693,0.2102,38.46,96,93,345772
1.7302,0.2053,38.93,96,93,345775
1.7400,0.2248,38.71,96,93,345779
1.7693,0.2102,38.58,96,93,345782
1.7595,0.2102,38.87,96,93,345785
1.8084,0.2151,38.36,96,93,345788
1.7742,0.2053,38.65,96,93,345792
1.7889,0.2053,38.65,96,93,345795
1.7986,0.2102,38.62,96,93,345798
1.7937,0.2053,38.71,96,93,345802
1.8426,0.2444,38.40,96,93,345805
1.8084,0.2102,38.58,96,93,345808
1.8035,0.2004,38.62,96,93,345812
1.8133,0.2053,38.68,96,93,345816
1.8182,0.1906,38.65,96,93,345819
1.8671,0.2199,38.46,96,93,345822
1.8377,0.2151,38.62,96,93,345826
1.8328,0.2053,38.58,96,93,345829
1.8280,0.2102,38.65,96,93,345832
1.8426,0.2151,38.65,96,93,345836
1.8817,0.2151,38.55,96,93,345839
1.8573,0.2248,38.65,96,93,345842
1.8768,0.2151,38.49,96,93,345846
1.8622,0.2053,38.71,96,93,345849
1.8964,0.2004,38.71,96,93,345852
1.8915,0.2102,38.55,96,93,345857
1.8915,0.2053,38.65,96,93,345860
1.9453,0.2053,38.52,96,93,345863
1.9013,0.2102,38.77,96,93,345866
1.9110,0.2053,38.65,96,93,345870
1.9550,0.2151,38.55,96,93,345873
1.9257,0.2102,38.65,96,93,345876
1.9648,0.2053,38.43,96,93,345880
1.9404,0.2102,38.55,96,93,345883
1.9306,0.2053,37.93,96,93,345886
1.9550,0.2151,38.58,96,93,345890
1.9355,0.2053,38.65,96,93,345893
1.9795,0.2199,38.40,96,93,345896
1.9453,0.2102,38.55,96,93,345901
1.9306,0.2053,38.62,96,93,345904
1.9306,0.2102,38.62,96,93,345907
1.9159,0.2004,38.68,96,93,345910
1.9746,0.2248,38.43,96,93,345914
1.9306,0.2102,38.58,96,93,345917
1.9306,0.2053,38.65,96,93,345920
1.9208,0.2102,38.62,96,93,345924
1.9062,0.2004,38.62,96,93,345927
1.9453,0.2248,38.55,96,93,345930
1.9257,0.2102,38.68,96,93,345934
1.9355,0.2248,38.55,96,93,345937
1.9208,0.2102,38.65,96,93,345940
1.9208,0.2053,38.87,96,93,345944
1.9501,0.2151,38.49,96,93,345948
1.9208,0.2102,38.62,96,93,345951
1.9355,0.2102,38.49,96,93,345954
1.9062,0.2151,38.68,96,93,345958
1.9110,0.2053,38.65,96,93,345961
1.9355,0.2151,38.55,96,93,345964
1.9159,0.2102,38.62,96,93,345968
1.9453,0.2053,38.71,96,93,345971
1.9159,0.2151,38.62,96,93,345974
1.9110,0.2053,38.71,96,93,345978
1.9306,0.2395,38.62,96,93,345981
1.9110,0.2151,38.62,96,93,345985
1.9550,0.2151,38.46,96,93,345988
1.9355,0.2102,38.62,96,93,345992
1.9110,0.2053,38.68,96,93,345995
1.9306,0.2151,38.58,96,93,345998
1.9159,0.2053,38.65,96,93,346002
1.9648,0.2199,38.36,96,93,346005
1.9404,0.2248,38.55,96,93,346008
1.9257,0.2004,38.65,96,93,346012
1.9501,0.2151,38.62,96,93,346015
1.9599,0.2004,38.65,96,93,346018
2.0088,0.2248,38.46,96,93,346022
1.9697,0.2151,38.58,96,93,346025
1.9648,0.2102,38.58,96,93,346029
1.9697,0.2102,38.65,96,93,346032
1.9746,0.2053,38.65,96,93,346036
2.0235,0.2151,38.49,96,93,346039
2.0039,0.2102,38.62,96,93,346042
2.0186,0.2102,38.52,96,93,346046
2.0039,0.2102,38.65,96,93,346049
2.0039,0.2053,38.68,96,93,346052
2.0332,0.2102,38.65,96,93,346056
2.0283,0.2102,38.02,96,93,346059
2.0577,0.2102,38.49,96,93,346062
2.0381,0.2053,38.65,96,93,346065
2.0479,0.2053,38.68,96,93,346070
2.0870,0.2151,38.11,96,93,346073
2.0674,0.2102,38.68,96,93,346076
2.1114,0.2102,38.52,96,93,346080
2.0968,0.2053,38.77,96,93,346083
2.1065,0.2053,38.65,96,93,346086
2.1310,0.2102,38.55,96,93,346090
2.1017,0.2053,38.71,96,93,346093
2.1261,0.2151,38.49,96,93,346096
2.0772,0.2053,38.62,96,93,346099
2.0430,0.2053,38.58,96,93,346103
2.0381,0.2199,38.52,96,93,346106
1.9941,0.2053,38.68,96,93,346109
2.0332,0.2151,38.40,96,93,346114
1.9746,0.2346,38.62,96,93,346117
1.9746,0.2053,38.71,96,93,346120
1.9746,0.2102,38.74,96,93,346124
1.9599,0.2004,38.65,96,93,346127
2.0039,0.2248,38.43,96,93,346130
1.9550,0.2102,38.74,96,93,346133
1.9306,0.2004,38.58,96,93,346137
1.9159,0.1906,38.62,96,93,346140
1.9208,0.2102,38.65,96,93,346143
1.9648,0.2151,38.49,96,93,346147
1.9404,0.2102,38.58,96,93,346150
1.9453,0.2053,38.58,96,93,346153
1.9306,0.2102,38.65,96,93,346158
1.9355,0.2102,38.68,96,93,346161
1.9648,0.2151,38.58,96,93,346164
1.9404,0.2053,38.68,96,93,346168
1.9697,0.2102,38.49,96,93,346171
1.9453,0.2053,38.71,96,93,346174
1.9550,0.2053,38.68,96,93,346177
1.9648,0.2102,38.58,96,93,346181
1.9697,0.2297,38.62,96,93,346184
2.0381,0.2102,38.55,96,93,346187
2.0137,0.2053,38.58,96,93,346191
2.0577,0.2053,38.68,96,93,346194
2.1408,0.2102,38.55,96,93,346198
2.1994,0.2053,38.62,96,93,346202
2.3558,0.2346,38.40,96,93,346205
2.4927,0.2102,38.55,96,93,346208
2.6637,0.2053,38.68,96,93,346211
2.9179,0.2688,38.55,96,93,346215
3.1232,0.2053,38.65,96,93,346218
3.3920,0.2199,38.40,96,93,346221
3.4018,0.2151,38.55,96,93,346225
3.3236,0.2053,38.65,96,93,346228
3.0743,0.2102,38.62,96,93,346231
2.7664,0.2053,38.65,96,93,346235
2.5513,0.2297,38.40,96,93,346238
2.2483,0.2102,38.55,96,93,346242
2.0381,0.2004,38.55,96,93,346246
1.8866,0.2151,38.68,96,93,346249
1.7644,0.2053,38.65,96,93,346252
1.7155,0.2199,38.55,96,93,346255
1.6422,0.2102,38.62,96,93,346259
1.6129,0.2053,38.55,96,93,346262
1.5836,0.2102,38.68,96,93,346265
1.5738,0.2053,38.68,96,93,346269
1.6178,0.2199,38.52,96,93,346272
1.6080,0.2102,38.62,96,93,346275
1.6471,0.2102,38.65,96,93,346279
1.6422,0.2151,38.65,96,93,346283
1.6471,0.2053,38.65,96,93,346286
1.6813,0.2151,38.52,96,93,346290
1.6716,0.2053,38.65,96,93,346293
1.7058,0.2053,38.46,96,93,346296
1.6911,0.2053,38.58,96,93,346299
1.6960,0.2053,38.68,96,93,346303
1.7253,0.2102,38.58,96,93,346306
1.7204,0.2053,38.65,96,93,346309
1.7693,0.2102,38.43,96,93,346313
1.7449,0.2053,38.65,96,93,346316
1.7546,0.2004,38.71,96,93,346319
1.7742,0.2102,38.68,96,93,346323
1.7889,0.2102,38.58,96,93,346328
1.7889,0.2053,38.65,96,93,346332
1.8328,0.2151,38.49,96,93,346335
1.8133,0.2102,38.62,96,93,346338
1.8182,0.2053,38.52,96,93,346342
1.8084,0.2053,38.71,96,93,346345
1.8133,0.2053,38.65,96,93,346348
1.8475,0.2151,38.71,96,93,346351
1.8231,0.2053,38.62,96,93,346355
1.8524,0.2395,38.52,96,93,346358
1.8377,0.2053,38.71,96,93,346361
1.8475,0.2053,38.65,96,93,346365
1.8768,0.2053,38.55,96,93,346369
1.8475,0.1906,38.65,96,93,346372
1.8719,0.2053,38.52,96,93,346376
1.8817,0.2102,38.65,96,93,346379
1.8671,0.2053,38.68,96,93,346382
1.8866,0.2102,38.65,96,93,346386
1.8768,0.2053,38.65,96,93,346389
1.9062,0.2102,38.43,96,93,346392
1.8768,0.2102,38.58,96,93,346395
1.8719,0.2102,38.68,96,93,346399
1.8964,0.2102,38.84,96,93,346402
1.8915,0.2102,38.68,96,93,346405
1.9648,0.2102,38.36,96,93,346409
1.9110,0.2102,38.58,96,93,346413
1.8817,0.1955,38.65,96,93,346416
1.8719,0.2151,38.62,96,93,346420
1.8622,0.2053,38.65,96,93,346423
1.9159,0.2248,38.49,96,93,346426
1.8817,0.2102,38.58,96,93,346429
1.8817,0.2053,38.68,96,93,346433
1.8817,0.2053,38.68,96,93,346436
1.8915,0.2053,38.68,96,93,346439
1.9404,0.2102,38.55,96,93,346443
1.9110,0.2102,38.65,96,93,346446
1.9355,0.2102,38.55,96,93,346449
1.9110,0.2053,38.65,96,93,346454
1.9062,0.2053,38.65,96,93,346457
1.9306,0.2199,38.46,96,93,346460
1.9062,0.2004,38.62,96,93,346464
1.9453,0.1906,38.55,96,93,346467
1.9355,0.2004,38.58,96,93,346470
1.9648,0.2053,38.65,96,93,346473
1.9990,0.2102,38.52,96,93,346477
1.9941,0.2053,38.65,96,93,346480
2.0186,0.2102,38.49,96,93,346483
1.9795,0.2053,38.62,96,93,346487
1.9746,0.2053,38.74,96,93,346490
1.9990,0.2053,38.52,96,93,346493
1.9990,0.2004,38.65,96,93,346498
2.0430,0.1906,38.43,96,93,346501
1.9844,0.2297,38.62,96,93,346504
1.9746,0.2004,38.68,96,93,346507
1.9599,0.2102,38.62,96,93,346511
1.9453,0.2004,38.68,96,93,346514
1.9941,0.2151,38.36,96,93,346517
1.9648,0.2102,38.52,96,93,346521
1.9453,0.2395,38.68,96,93,346524
1.9501,0.2102,38.52,96,93,346527
1.9355,0.2053,38.77,96,93,346531
1.9941,0.2248,38.46,96,93,346534
1.9599,0.2151,38.65,96,93,346537
1.9404,0.2053,38.68,96,93,346542
1.9355,0.1906,38.62,96,93,346545
1.9404,0.2053,38.68,96,93,346548
1.9795,0.2199,38.49,96,93,346551
1.9453,0.2102,38.62,96,93,346555
1.9501,0.2102,38.52,96,93,346558
1.9159,0.2053,38.65,96,93,346561
1.8964,0.2053,38.65,96,93,346565
1.8964,0.2102,38.65,96,93,346568
1.8622,0.2004,38.62,96,93,346571
1.8915,0.2102,38.55,96,93,346575
1.8426,0.2053,38.65,96,93,346578
1.8817,0.2004,38.68,96,93,346582
1.8817,0.2102,38.52,96,93,346585
1.8573,0.2102,38.74,96,93,346589
1.8915,0.2102,38.46,96,93,346592
1.8817,0.2053,38.55,96,93,346595
1.8768,0.2053,38.65,96,93,346599
1.8964,0.2199,38.55,96,93,346602
1.8817,0.2053,38.68,96,93,346605
1.9453,0.2102,38.40,96,93,346609
1.9159,0.2053,38.58,96,93,346612
1.8915,0.2053,38.74,96,93,346615
1.9159,0.2102,38.62,96,93,346619
1.8768,0.2053,38.68,96,93,346622
1.9257,0.2199,38.36,96,93,346626
1.8915,0.2004,38.55,96,93,346629
1.8573,0.1906,38.65,96,93,346633
1.8573,0.2102,38.65,96,93,346636
1.8622,0.1906,38.65,96,93,346639
1.9355,0.2248,38.46,96,93,346643
1.9404,0.2151,38.58,96,93,346646
1.9746,0.2053,38.55,96,93,346649
1.9648,0.2151,38.62,96,93,346653
1.9404,0.2053,38.65,96,93,346656
1.9501,0.2151,38.55,96,93,346659
1.9159,0.2102,38.62,96,93,346663
1.9306,0.2102,38.58,96,93,346667
1.9159,0.2151,38.65,96,93,346670
1.9159,0.2004,38.68,96,93,346673
1.9648,0.2151,38.55,96,93,346677
1.9453,0.2102,38.65,96,93,346680
1.9844,0.2004,38.52,96,93,346683
1.9648,0.2004,38.65,96,93,346687
1.9844,0.2053,38.65,96,93,346690
2.0186,0.2004,38.55,96,93,346693
2.0235,0.2053,38.68,96,93,346697
2.0577,0.2053,38.58,96,93,346700
2.0088,0.2102,38.65,96,93,346703
1.9892,0.2053,38.65,96,93,346706
1.9892,0.2151,38.58,96,93,346711
1.9453,0.2102,38.65,96,93,346714
1.9844,0.2102,38.40,96,93,346717
1.9550,0.2102,38.46,96,93,346721
1.9110,0.2151,38.62,96,93,346724
1.8915,0.2102,38.71,96,93,346727
1.8719,0.2102,38.65,96,93,346731
1.9355,0.1906,38.36,96,93,346734
1.8915,0.2151,38.52,96,93,346737
1.8573,0.2004,38.62,96,93,346741
1.8328,0.2053,38.71,96,93,346744
1.8182,0.2053,38.65,96,93,346747
1.8719,0.2199,38.49,96,93,346750
1.8182,0.2102,38.55,96,93,346755
1.8035,0.2102,38.55,96,93,346758
1.7742,0.2053,38.65,96,93,346761
1.7742,0.2102,38.65,96,93,346765
1.8182,0.2199,38.58,96,93,346768
1.8231,0.2102,38.62,96,93,346771
1.8719,0.2102,38.52,96,93,346775
1.8573,0.2053,38.65,96,93,346778
1.8573,0.2053,38.84,96,93,346781
1.8719,0.2053,38.52,96,93,346785
1.8182,0.2053,38.62,96,93,346788
1.8377,0.2053,38.55,96,93,346791
1.8328,0.1955,38.62,96,93,346795
1.8719,0.2053,38.65,96,93,346799
1.9062,0.2053,38.49,96,93,346802
1.9062,0.2102,38.68,96,93,346805
1.9844,0.2102,38.43,96,93,346809
2.0332,0.2395,38.58,96,93,346812
2.1505,0.2004,38.65,96,93,346815
2.3314,0.2102,38.58,96,93,346819
2.5122,0.2053,38.71,96,93,346822
2.8104,0.2151,38.40,96,93,346825
3.0059,0.2053,38.58,96,93,346828
3.2209,0.2053,38.68,96,93,346832
3.3627,0.2151,38.62,96,93,346835
3.3187,0.2053,38.77,96,93,346839
3.1867,0.2199,38.40,96,93,346843
2.8104,0.2053,38.58,96,93,346846
2.4536,0.2004,38.65,96,93,346849
2.1554,0.2151,38.62,96,93,346853
1.9110,0.2053,38.68,96,93,346856
1.7498,0.2151,38.46,96,93,346859
1.5738,0.2102,38.58,96,93,346863
1.4858,0.2053,38.55,96,93,346866
1.4174,0.2053,38.71,96,93,346869
1.3734,0.2053,38.68,96,93,346872
1.3832,0.2102,38.49,96,93,346876
1.3734,0.2053,38.65,96,93,346880
1.4174,0.2102,38.55,96,93,346883
1.4223,0.2053,38.68,96,93,346887
1.4467,0.2053,38.65,96,93,346890
1.4809,0.1906,38.58,96,93,346893
1.4809,0.2053,38.65,96,93,346897
1.5200,0.2053,38.87,96,93,346900
1.5249,0.2004,38.65,96,93,346903
1.5396,0.2004,38.68,96,93,346906
1.5787,0.2102,38.58,96,93,346910
1.5689,0.2297,38.65,96,93,346913
1.6080,0.2004,38.46,96,93,346916
1.5982,0.2151,38.55,96,93,346920
1.6227,0.2004,38.65,96,93,346924
1.6813,0.1906,38.58,96,93,346927
1.6716,0.2053,38.71,96,93,346931
1.7058,0.2102,38.40,96,93,346934
1.7155,0.2248,38.52,96,93,346939
1.6618,0.2102,38.62,96,93,346942
1.6618,0.2004,38.58,96,93,346945
1.6716,0.2053,38.65,96,93,346949
1.6960,0.2053,38.68,96,93,346952
1.7351,0.2151,38.58,96,93,346955
1.7155,0.2053,38.68,96,93,346958
1.7498,0.2053,38.52,96,93,346962
1.7498,0.2053,38.68,96,93,346966
1.7644,0.2053,38.68,96,93,346969
1.8084,0.2151,38.55,96,93,346973
1.7742,0.2053,38.65,96,93,346976
1.7840,0.2053,38.52,96,93,346979
1.7449,0.2004,38.55,96,93,346983
1.7546,0.2199,38.68,96,93,346986
1.7889,0.2102,38.52,96,93,346989
1.7742,0.2053,38.65,96,93,346993
1.8035,0.2004,38.46,96,93,346996
1.7693,0.2053,38.55,96,93,346999
1.7498,0.2004,38.58,96,93,347002
1.7644,0.2151,38.58,96,93,347006
1.7498,0.2004,38.68,96,93,347010
1.7791,0.2102,38.40,96,93,347013
1.7302,0.1906,38.58,96,93,347017
1.7595,0.2004,38.68,96,93,347020
1.7889,0.2053,38.58,96,93,347023
1.7986,0.1906,38.68,96,93,347027
1.8377,0.2199,38.43,96,93,347030
1.7937,0.2053,38.77,96,93,347033
1.7840,0.2053,38.62,96,93,347036
1.7840,0.2053,38.65,96,93,347040
1.7840,0.2004,38.68,96,93,347043
1.8280,0.2151,38.49,96,93,347046
1.7937,0.2102,38.58,96,93,347051
1.7986,0.1906,38.55,96,93,347054
1.8084,0.2053,38.65,96,93,347057
1.8182,0.2004,38.65,96,93,347061
1.8573,0.2102,38.52,96,93,347064
1.8084,0.2053,38.71,96,93,347067
1.8084,0.2053,38.58,96,93,347070
1.7840,0.2053,38.68,96,93,347074
1.7937,0.2004,38.68,96,93,347077
1.8280,0.2053,38.49,96,93,347080
1.8280,0.2004,38.62,96,93,347084
1.8817,0.2102,38.55,96,93,347087
1.8719,0.2053,38.62,96,93,347090
1.9013,0.2053,38.68,96,93,347095
1.9208,0.2102,38.58,96,93,347098
1.8768,0.2053,38.65,96,93,347101
1.9013,0.2053,38.46,96,93,347104
1.8768,0.2053,38.55,96,93,347108
1.8866,0.2004,38.77,96,93,347111
1.8964,0.2248,38.55,96,93,347114
1.8475,0.2004,38.68,96,93,347118
1.8866,0.2102,38.40,96,93,347121
1.8524,0.2444,38.58,96,93,347124
1.8475,0.2004,38.65,96,93,347128
1.8622,0.2102,38.62,96,93,347131
1.8524,0.2053,38.65,96,93,347134
1.9062,0.2199,38.33,96,93,347138
1.8524,0.2004,38.58,96,93,347142
1.8377,0.1955,38.65,96,93,347145
1.8573,0.2102,38.62,96,93,347148
1.8084,0.2004,38.65,96,93,347152
1.8573,0.2248,38.49,96,93,347155
1.8280,0.1906,38.58,96,93,347158
1.8035,0.2004,38.55,96,93,347162
1.7889,0.2346,38.62,96,93,347165
1.7791,0.2004,38.68,96,93,347168
1.8133,0.2151,38.49,96,93,347172
1.7986,0.2053,38.62,96,93,347175
1.7742,0.2053,38.55,96,93,347179
1.7449,0.2053,38.65,96,93,347182
1.7302,0.2053,38.65,96,93,347186
1.7498,0.2102,38.55,96,93,347189
1.7302,0.2053,38.65,96,93,347192
1.7644,0.2199,38.55,96,93,347196
1.7253,0.1906,38.68,96,93,347199
1.7302,0.2004,38.65,96,93,347202
1.7400,0.2102,38.52,96,93,347206
1.7302,0.1906,38.68,96,93,347209
1.7644,0.2004,38.49,96,93,347212
1.7595,0.2199,38.65,96,93,347215
1.7595,0.2004,38.65,96,93,347219
1.7840,0.2102,38.74,96,93,347223
1.7595,0.2053,38.65,96,93,347226
1.8035,0.1906,38.43,96,93,347230
1.7791,0.2102,38.62,96,93,347233
1.7644,0.2004,38.65,96,93,347236
1.7644,0.2102,38.58,96,93,347240
1.7400,0.2004,38.49,96,93,347243
1.7840,0.2102,38.36,96,93,347246
1.7546,0.1906,38.52,96,93,347249
1.7449,0.1955,38.68,96,93,347253
1.7644,0.2053,38.65,96,93,347256
1.7595,0.2053,38.68,96,93,347259
1.8084,0.2199,38.43,96,93,347264
1.7693,0.2102,38.58,96,93,347267
1.7693,0.1955,38.55,96,93,347270
1.7693,0.2053,38.65,96,93,347274
1.7693,0.2004,38.65,96,93,347277
1.8133,0.2199,38.55,96,93,347280
1.7937,0.2053,38.62,96,93,347284
1.8035,0.2053,38.58,96,93,347287
1.7986,0.2053,38.65,96,93,347290
1.8084,0.2004,38.77,96,93,347293
1.8475,0.2102,38.52,96,93,347297
1.8231,0.2053,38.62,96,93,347300
1.8524,0.2053,38.55,96,93,347303
1.8328,0.2053,38.62,96,93,347308
1.8426,0.2004,38.65,96,93,347311
1.8719,0.2053,38.52,96,93,347314
1.8573,0.2248,38.65,96,93,347318
1.8671,0.2053,38.49,96,93,347321
1.8280,0.2004,38.62,96,93,347324
1.8035,0.1955,38.62,96,93,347327
1.7889,0.2102,38.52,96,93,347331
1.7546,0.2004,38.84,96,93,347334
1.7693,0.2053,38.40,96,93,347337
1.7204,0.2004,38.65,96,93,347341
1.7155,0.2004,38.65,96,93,347344
1.7155,0.2102,38.49,96,93,347347
1.7009,0.2004,38.65,96,93,347352
1.7302,0.2102,38.36,96,93,347355
1.6960,0.2053,38.62,96,93,347358
1.6813,0.2053,38.68,96,93,347361
1.6911,0.2053,38.65,96,93,347365
1.6764,0.1857,38.65,96,93,347368
1.7155,0.2199,38.46,96,93,347371
1.6618,0.2248,38.55,96,93,347375
1.6471,0.2004,38.58,96,93,347378
1.6471,0.2053,38.68,96,93,347381
1.6569,0.2004,38.65,96,93,347385
1.7107,0.2004,38.49,96,93,347388
1.6716,0.2053,38.62,96,93,347392
1.6764,0.2004,38.52,96,93,347396
1.6569,0.2248,38.68,96,93,347399
1.6520,0.2004,38.65,96,93,347402
1.6813,0.2102,38.58,96,93,347405
1.6667,0.2053,38.65,96,93,347409
1.7058,0.2102,38.52,96,93,347412
1.7107,0.2053,38.65,96,93,347415
1.7595,0.1906,38.68,96,93,347419
1.8426,0.2102,38.55,96,93,347422
1.9159,0.2053,38.65,96,93,347425
2.0821,0.1906,38.49,96,93,347429
2.2434,0.2004,38.55,96,93,347432
2.4585,0.2004,38.74,96,93,347436
2.7468,0.2102,38.55,96,93,347440
2.9570,0.2004,38.71,96,93,347443
3.2111,0.2102,38.40,96,93,347446
3.2600,0.2102,38.58,96,93,347449
3.0987,0.2004,38.65,96,93,347453
2.8446,0.2102,38.62,96,93,347456
2.4780,0.2004,38.62,96,93,347459
2.2043,0.2248,38.40,96,93,347463
1.8671,0.2004,38.58,96,93,347466
1.6471,0.2004,38.68,96,93,347469
1.4809,0.2053,38.71,96,93,347472
1.3539,0.2053,38.65,96,93,347476
1.3050,0.2199,38.36,96,93,347480
1.2366,0.2053,38.55,96,93,347483
1.2072,0.2004,38.62,96,93,347487
1.2023,0.2053,38.84,96,93,347490
1.2072,0.1955,38.62,96,93,347493
1.2512,0.2102,38.46,96,93,347497
1.2659,0.2102,38.62,96,93,347500
1.2903,0.2151,38.55,96,93,347503
1.3050,0.2053,38.65,96,93,347507
1.3245,0.2004,38.65,96,93,347510
1.3636,0.2053,38.55,96,93,347513
1.3587,0.2053,38.65,96,93,347516
1.3978,0.2053,38.52,96,93,347521
1.3881,0.2004,38.62,96,93,347524
1.4076,0.2004,38.68,96,93,347527
1.4223,0.2053,38.58,96,93,347531
1.4272,0.2004,38.58,96,93,347534
1.4565,0.2102,38.52,96,93,347537
1.4418,0.2004,38.65,96,93,347541
1.4565,0.2004,38.65,96,93,347544
1.4858,0.2151,38.58,96,93,347547
1.5249,0.2053,38.62,96,93,347552
1.5249,0.2004,38.68,96,93,347555
1.5787,0.2151,38.43,96,93,347558
1.5543,0.2053,38.52,96,93,347563
1.5396,0.1906,38.68,96,93,347566
1.5543,0.2053,38.62,96,93,347569
1.5543,0.1906,38.68,96,93,347573
1.6031,0.2199,38.46,96,93,347576
1.5787,0.2053,38.62,96,93,347579
1.5836,0.2004,38.62,96,93,347583
1.5689,0.2053,38.71,96,93,347586
1.5982,0.2004,38.68,96,93,347589
1.5982,0.2102,38.62,96,93,347593
1.5885,0.2004,38.65,96,93,347596
1.6080,0.2151,38.49,96,93,347599
1.5836,0.2004,38.65,96,93,347602
1.5934,0.2004,38.74,96,93,347607
1.6227,0.2199,38.52,96,93,347610
1.5982,0.2053,38.71,96,93,347613
1.6276,0.2004,38.46,96,93,347617
1.5982,0.1955,38.58,96,93,347620
1.6031,0.2004,38.68,96,93,347623
1.6227,0.2102,38.49,96,93,347627
1.6031,0.2004,38.65,96,93,347630
1.6422,0.2053,38.49,96,93,347633
1.6129,0.2004,38.65,96,93,347636
1.6080,0.2004,38.65,96,93,347640
1.6227,0.2199,38.62,96,93,347643
1.6080,0.1906,38.65,96,93,347646
1.6422,0.2102,38.40,96,93,347651
1.6031,0.2053,38.65,96,93,347654
1.6178,0.2004,38.65,96,93,347657
1.6227,0.2053,38.65,96,93,347661
1.6129,0.2053,38.68,96,93,347664
1.6618,0.2151,38.36,96,93,347667
1.6276,0.2151,38.62,96,93,347670
1.6325,0.1955,38.62,96,93,347674
1.6569,0.2248,38.68,96,93,347677
1.6471,0.2004,38.68,96,93,347680
1.6960,0.2102,38.49,96,93,347684
1.6764,0.2151,38.62,96,93,347687
1.6862,0.1906,38.55,96,93,347691
1.6813,0.2004,38.65,96,93,347695
1.6960,0.2053,38.65,96,93,347698
1.7351,0.2102,38.52,96,93,347701
1.7253,0.2053,38.71,96,93,347705
1.7498,0.2053,38.49,96,93,347708
1.7302,0.1906,38.65,96,93,347711
1.7351,0.2004,38.65,96,93,347714
1.7449,0.2199,38.58,96,93,347718
1.7449,0.2004,38.65,96,93,347721
1.7693,0.2053,38.58,96,93,347724
1.7351,0.2004,38.65,96,93,347728
1.7400,0.2004,38.71,96,93,347731
1.7595,0.2102,38.62,96,93,347735
1.7351,0.2053,38.65,96,93,347739
1.7595,0.2053,38.43,96,93,347742
1.7400,0.2053,38.58,96,93,347745
1.7253,0.2102,38.65,96,93,347748
1.7400,0.2102,38.62,96,93,347752
1.7107,0.2004,38.68,96,93,347755
1.7449,0.2102,38.40,96,93,347758
1.7107,0.1906,38.58,96,93,347762
1.6862,0.2053,38.65,96,93,347765
1.6862,0.2102,38.62,96,93,347768
1.6764,0.1955,38.71,96,93,347772
1.7204,0.1906,38.40,96,93,347776
1.6813,0.2004,38.52,96,93,347779
1.6764,0.2199,38.58,96,93,347782
1.7009,0.2004,38.65,96,93,347786
1.6667,0.2004,38.68,96,93,347789
1.7107,0.2199,38.49,96,93,347792
1.6716,0.2004,38.62,96,93,347796
1.6716,0.2004,38.55,96,93,347799
1.6569,0.2004,38.65,96,93,347802
1.6764,0.2004,38.65,96,93,347806
1.6862,0.2102,38.49,96,93,347809
1.6569,0.2053,38.62,96,93,347812
1.6667,0.1906,38.52,96,93,347816
1.6471,0.2053,38.65,96,93,347820
1.6471,0.2004,38.68,96,93,347823
1.6716,0.2102,38.55,96,93,347826
1.6471,0.2053,38.71,96,93,347830
1.6716,0.2199,38.52,96,93,347833
1.6422,0.2004,38.65,96,93,347836
1.6520,0.2004,38.62,96,93,347840
1.6716,0.2102,38.55,96,93,347843
1.6764,0.2004,38.65,96,93,347846
1.7009,0.2053,38.46,96,93,347850
1.6764,0.2053,38.65,96,93,347853
1.6960,0.1906,38.68,96,93,347856
1.7253,0.2151,38.55,96,93,347859
1.7302,0.2004,38.65,96,93,347864
1.7595,0.2102,38.40,96,93,347867
1.7351,0.2053,38.68,96,93,347870
1.7253,0.2004,38.65,96,93,347874
1.7449,0.2102,38.58,96,93,347877
1.7400,0.2004,37.93,96,93,347880
1.7840,0.2151,38.36,96,93,347884
1.7546,0.2053,38.55,96,93,347887
1.7449,0.1955,38.55,96,93,347890
1.7546,0.2004,38.65,96,93,347894
1.7498,0.1906,38.65,96,93,347897
1.8084,0.2199,38.43,96,93,347900
1.8084,0.2102,38.68,96,93,347904
1.7840,0.2004,38.55,96,93,347908
1.7840,0.2053,38.71,96,93,347911
1.8280,0.2004,38.65,96,93,347914
1.8377,0.1906,38.55,96,93,347918
1.8231,0.2053,38.84,96,93,347921
1.8475,0.2248,38.52,96,93,347924
1.8377,0.2053,38.68,96,93,347928
1.8475,0.2004,38.65,96,93,347931
1.8768,0.1906,38.52,96,93,347934
1.8524,0.2053,38.52,96,93,347937
1.8671,0.2199,38.55,96,93,347941
1.8133,0.2004,38.62,96,93,347944
1.7937,0.2004,38.55,96,93,347948
1.7791,0.2102,38.52,96,93,347952
1.7351,0.2004,38.65,96,93,347955
1.7498,0.2346,38.43,96,93,347958
1.7253,0.2053,38.58,96,93,347962
1.7204,0.2004,38.71,96,93,347965
1.7253,0.2444,38.58,96,93,347968
1.7009,0.1906,38.68,96,93,347972
1.7253,0.2102,38.40,96,93,347975
1.6764,0.2053,38.68,96,93,347978
1.6667,0.2004,38.68,96,93,347981
1.6716,0.2102,38.55,96,93,347985
1.6618,0.1906,38.68,96,93,347988
1.7009,0.2199,38.40,96,93,347992
1.6716,0.2199,38.68,96,93,347996
1.6667,0.1906,38.62,96,93,347999
1.6618,0.2004,38.65,96,93,348002
1.6667,0.2004,38.68,96,93,348006
1.7058,0.2102,38.52,96,93,348009
1.6813,0.2199,38.58,96,93,348012
1.6813,0.2053,38.55,96,93,348016
1.6716,0.2053,38.71,96,93,348019
1.6618,0.2053,38.68,96,93,348022
1.6862,0.1906,38.52,96,93,348025
1.6813,0.2053,37.90,96,93,348029
1.7253,0.2102,38.46,96,93,348033
1.7449,0.2053,38.65,96,93,348036
1.7937,0.2248,38.55,96,93,348040
1.8817,0.2004,38.58,96,93,348043
1.9501,0.2053,38.65,96,93,348046
2.1065,0.2053,38.52,96,93,348050
2.2385,0.2053,38.65,96,93,348053
2.4731,0.2004,38.68,96,93,348056
2.7175,0.2102,38.55,96,93,348059
2.9228,0.2053,38.68,96,93,348063
3.1476,0.2004,38.43,96,93,348066
3.1769,0.2053,38.55,96,93,348069
3.0450,0.2004,38.58,96,93,348073
2.8250,0.2151,38.52,96,93,348077
2.4780,0.2004,38.65,96,93,348080
2.2287,0.2102,38.40,96,93,348084
1.9404,0.2004,38.62,96,93,348087
1.7204,0.2053,38.68,96,93,348090
1.5787,0.2053,38.62,96,93,348093
1.4370,0.2053,38.68,96,93,348097
1.3881,0.2151,38.40,96,93,348100
1.3050,0.2053,38.55,96,93,348103
1.2708,0.1955,38.62,96,93,348107
1.2610,0.2053,38.65,96,93,348110
1.2561,0.2004,38.65,96,93,348113
1.3148,0.2199,38.52,96,93,348118
1.3099,0.2053,38.62,96,93,348121
1.3294,0.2004,38.55,96,93,348124
1.3441,0.2053,38.62,96,93,348127
1.3539,0.2248,38.68,96,93,348131
1.4027,0.2102,38.49,96,93,348134
1.3978,0.2199,38.58,96,93,348137
1.4516,0.2053,38.52,96,93,348141
1.4272,0.2053,38.71,96,93,348144
1.4418,0.2053,38.65,96,93,348147
1.4809,0.2151,38.55,96,93,348151
1.4761,0.2053,38.71,96,93,348154
1.5103,0.2053,38.55,96,93,348157
1.4907,0.1906,38.43,96,93,348162
1.5249,0.1955,38.62,96,93,348166
1.5347,0.1955,38.65,96,93,348170
1.5543,0.2102,38.81,96,93,348173
1.5689,0.2004,38.65,96,93,348176
1.6080,0.2151,38.36,96,93,348179
1.5982,0.2053,38.58,96,93,348183
1.6031,0.2004,38.65,96,93,348186
1.6227,0.2053,38.65,96,93,348189
1.6129,0.2004,38.71,96,93,348193
1.6667,0.2199,38.46,96,93,348196
1.6325,0.2151,38.55,96,93,348199
1.6276,0.2004,38.52,96,93,348204
1.6373,0.2151,38.65,96,93,348207
1.6276,0.2004,38.65,96,93,348210
1.6618,0.2151,38.02,96,93,348213
1.6422,0.2102,38.62,96,93,348217
1.6569,0.2053,38.52,96,93,348220
1.6422,0.2004,38.74,96,93,348223
1.6716,0.2004,38.65,96,93,348227
1.6667,0.2102,38.62,96,93,348230
1.6569,0.2053,38.62,96,93,348233
1.6764,0.2151,38.55,96,93,348237
1.6520,0.2053,38.65,96,93,348240
1.6569,0.2053,38.65,96,93,348243
1.6862,0.2151,38.55,96,93,348248
1.6618,0.2053,38.68,96,93,348251
1.7058,0.2004,38.49,96,93,348254
1.6667,0.2053,38.55,96,93,348257
1.6716,0.1955,38.84,96,93,348261
1.7009,0.2151,38.55,96,93,348264
1.6813,0.2053,38.77,96,93,348267
1.7204,0.2151,38.40,96,93,348271
1.7009,0.2053,38.58,96,93,348274
1.6862,0.2004,38.68,96,93,348277
1.7009,0.2102,38.58,96,93,348281
1.6911,0.2102,38.68,96,93,348284
1.7400,0.2102,38.36,96,93,348288
1.6960,0.2053,38.71,96,93,348291
1.6960,0.2297,38.65,96,93,348295
1.7009,0.2102,38.65,96,93,348298
1.7058,0.2053,38.65,96,93,348301
1.7644,0.2248,38.43,96,93,348305
1.7644,0.2102,38.62,96,93,348308
1.7400,0.2004,38.58,96,93,348311
1.7449,0.2151,38.65,96,93,348315
1.7449,0.2004,38.68,96,93,348318
1.7840,0.2151,38.49,96,93,348321
1.7644,0.2151,38.68,96,93,348325
1.7791,0.1906,38.52,96,93,348328
1.7693,0.2053,38.68,96,93,348332
1.7693,0.2004,38.68,96,93,348335
1.7986,0.2102,38.52,96,93,348339
1.7791,0.2053,38.65,96,93,348342
1.8035,0.2151,38.55,96,93,348345
1.7791,0.2053,38.68,96,93,348349
1.7742,0.2053,38.65,96,93,348352
1.7840,0.2053,38.62,96,93,348355
1.7693,0.2053,38.65,96,93,348359
1.7840,0.2053,38.46,96,93,348362
1.7546,0.2053,38.65,96,93,348365
1.7546,0.2004,38.68,96,93,348368
1.7693,0.2102,38.58,96,93,348372
1.7498,0.2053,38.68,96,93,348376
1.7840,0.2102,38.40,96,93,348379
1.7595,0.2151,38.55,96,93,348383
1.7449,0.2053,38.68,96,93,348386
1.7498,0.2053,38.62,96,93,348389
1.7595,0.2053,38.65,96,93,348393
1.7644,0.2151,38.36,96,93,348396
1.7302,0.2151,38.52,96,93,348399
1.7204,0.1955,38.65,96,93,348403
1.7155,0.2053,38.65,96,93,348406
1.7058,0.2199,38.65,96,93,348409
1.7400,0.2248,38.49,96,93,348412
1.7058,0.2102,38.58,96,93,348417
1.7009,0.2004,38.58,96,93,348420
1.6911,0.2053,38.68,96,93,348423
1.6862,0.1906,38.68,96,93,348427
1.7155,0.2151,38.55,96,93,348430
1.7009,0.2053,38.62,96,93,348433
1.7107,0.2004,38.55,96,93,348437
1.6911,0.2053,38.58,96,93,348440
1.6960,0.2102,38.65,96,93,348443
1.7302,0.2151,38.49,96,93,348446
1.7058,0.2297,38.62,96,93,348450
1.7253,0.2151,38.55,96,93,348453
1.7058,0.2004,38.58,96,93,348456
1.7107,0.2004,38.71,96,93,348461
1.7302,0.2102,38.52,96,93,348464
1.7302,0.2053,38.65,96,93,348467
1.7546,0.2053,38.62,96,93,348471
1.7400,0.2248,38.62,96,93,348474
1.7400,0.2053,38.58,96,93,348477
1.7693,0.2053,38.62,96,93,348480
1.7498,0.2053,38.65,96,93,348484
1.7791,0.2346,38.40,96,93,348487
1.7449,0.2004,38.65,96,93,348490
1.7498,0.2053,38.62,96,93,348494
1.7889,0.2102,38.62,96,93,348497
1.7546,0.2053,38.65,96,93,348500
1.8084,0.2053,38.36,96,93,348505
1.7889,0.2102,38.55,96,93,348508
1.7693,0.2004,38.74,96,93,348511
1.8035,0.2199,38.62,96,93,348515
1.7791,0.2053,38.68,96,93,348518
1.8475,0.2248,38.36,96,93,348521
1.8231,0.2151,38.58,96,93,348524
1.8182,0.2004,38.58,96,93,348528
1.8231,0.2053,38.65,96,93,348531
1.8377,0.2102,38.65,96,93,348534
1.8768,0.2151,38.49,96,93,348538
1.8573,0.2151,38.62,96,93,348541
1.8817,0.2053,38.52,96,93,348545
1.8768,0.2053,38.71,96,93,348549
1.8817,0.2004,38.65,96,93,348552
1.8964,0.2102,38.71,96,93,348555
1.8768,0.2102,38.65,96,93,348559
1.8866,0.2151,38.55,96,93,348562
1.8475,0.2053,38.65,96,93,348565
1.8280,0.2004,38.68,96,93,348568
1.8426,0.2102,38.55,96,93,348572
1.7889,0.2053,38.65,96,93,348575
1.8035,0.2151,38.46,96,93,348578
1.7742,0.2053,38.58,96,93,348582
1.7693,0.2053,38.74,96,93,348585
1.7791,0.2151,38.58,96,93,348589
1.7351,0.2053,38.68,96,93,348593
1.7644,0.2151,38.40,96,93,348596
1.7253,0.2053,38.58,96,93,348599
1.7058,0.2102,38.65,96,93,348602
1.7058,0.2102,38.65,96,93,348606
1.6911,0.2004,38.65,96,93,348609
1.7351,0.2151,38.33,96,93,348612
1.6862,0.2053,38.62,96,93,348616
1.6862,0.1955,38.65,96,93,348619
1.6911,0.2102,38.65,96,93,348622
1.7204,0.2053,38.68,96,93,348626
1.7400,0.2199,38.46,96,93,348630
1.7058,0.2102,38.77,96,93,348633
1.7009,0.2004,38.58,96,93,348637
1.6960,0.2004,38.68,96,93,348640
1.7009,0.2053,38.68,96,93,348643
1.7351,0.2151,38.46,96,93,348646
1.7302,0.2151,38.62,96,93,348650
1.7595,0.1906,38.52,96,93,348653
1.7742,0.2053,38.68,96,93,348656
1.8133,0.2053,38.65,96,93,348660
1.8964,0.2102,38.52,96,93,348663
1.9599,0.2053,38.49,96,93,348666
2.1017,0.2102,38.52,96,93,348670
2.2190,0.2053,38.68,96,93,348674
2.4047,0.1906,38.68,96,93,348677
2.6393,0.2102,38.52,96,93,348680
2.8592,0.2102,38.65,96,93,348684
3.1036,0.2053,38.49,96,93,348687
3.1623,0.2053,38.65,96,93,348690
3.1134,0.2053,38.65,96,93,348694
2.9326,0.2102,38.58,96,93,348697
2.6100,0.2004,38.65,96,93,348700
2.3607,0.2151,38.43,96,93,348704
2.0772,0.2102,38.65,96,93,348707
1.8475,0.2053,38.65,96,93,348710
1.6960,0.1906,38.62,96,93,348713
1.5396,0.2053,38.65,96,93,348718
1.4956,0.2151,38.36,96,93,348721
1.4125,0.2053,38.55,96,93,348724
1.3685,0.2004,39.03,96,93,348728
1.3539,0.2297,38.68,96,93,348731
1.3490,0.2053,38.65,96,93,348734
1.4027,0.2248,38.46,96,93,348738
1.4174,0.2102,38.58,96,93,348741
1.3978,0.2004,38.58,96,93,348744
1.4076,0.2053,38.68,96,93,348747
1.4125,0.2053,38.65,96,93,348751
1.4516,0.2199,38.55,96,93,348754
1.4467,0.2102,38.68,96,93,348758
1.5103,0.2004,38.55,96,93,348762
1.4809,0.2053,38.65,96,93,348765
1.4956,0.2102,38.65,96,93,348768
1.5347,0.2151,38.52,96,93,348772
1.5787,0.2151,38.55,96,93,348776
1.5738,0.2151,38.65,96,93,348780
1.6080,0.2102,38.43,96,93,348783
1.5885,0.2102,38.55,96,93,348786
1.5836,0.2053,38.68,96,93,348790
1.5982,0.2102,38.62,96,93,348793
1.5934,0.2053,38.65,96,93,348796
1.6373,0.2199,38.36,96,93,348801
1.6031,0.2053,38.65,96,93,348804
1.6129,0.2102,38.65,96,93,348807
1.6227,0.2053,38.65,96,93,348810
1.6373,0.2053,38.71,96,93,348814
1.6960,0.2199,38.46,96,93,348817
1.6569,0.2102,38.68,96,93,348820
1.6667,0.2004,38.62,96,93,348824
1.6618,0.2053,38.65,96,93,348827
1.6618,0.2053,38.65,96,93,348830
1.6911,0.2199,38.49,96,93,348834
1.6667,0.2102,38.71,96,93,348837
1.6813,0.2053,38.52,96,93,348840
1.6764,0.2004,38.68,96,93,348845
1.6716,0.2053,38.68,96,93,348848
1.7107,0.2102,38.55,96,93,348851
1.6960,0.2151,38.68,96,93,348854
1.7204,0.2102,38.55,96,93,348858
1.6911,0.2053,38.62,96,93,348861
1.7009,0.1906,38.65,96,93,348864
1.7107,0.2102,38.58,96,93,348868
1.7009,0.2053,38.65,96,93,348871
1.7253,0.2297,38.46,96,93,348874
1.7107,0.2053,38.65,96,93,348878
1.7204,0.2053,38.62,96,93,348881
1.7351,0.2151,38.62,96,93,348884
1.7204,0.2102,38.71,96,93,348889
1.7595,0.2151,38.40,96,93,348892
1.7400,0.2102,38.58,96,93,348895
1.7253,0.2053,38.65,96,93,348898
1.7400,0.2151,38.62,96,93,348902
1.7400,0.2053,38.68,96,93,348905
1.7986,0.2151,38.36,96,93,348908
1.7693,0.2004,38.55,96,93,348912
1.7693,0.2004,38.65,96,93,348915
1.7644,0.2102,38.52,96,93,348918
1.7546,0.1955,38.65,96,93,348922
1.8035,0.1906,38.49,96,93,348925
1.7791,0.2102,38.65,96,93,348929
1.7840,0.2004,38.52,96,93,348932
1.7937,0.2151,38.65,96,93,348936
1.7986,0.2053,38.71,96,93,348939
1.8328,0.2199,38.58,96,93,348942
1.8133,0.2102,38.71,96,93,348946
1.8328,0.2102,38.52,96,93,348949
1.8182,0.2053,38.65,96,93,348952
1.8280,0.2053,38.52,96,93,348956
1.8719,0.2346,38.52,96,93,348959
1.8622,0.2102,38.71,96,93,348962
1.8915,0.2346,38.52,96,93,348966
1.8573,0.1906,38.62,96,93,348969
1.8524,0.2053,38.68,96,93,348973
1.8671,0.2102,38.52,96,93,348976
1.8377,0.2053,38.65,96,93,348980
1.8671,0.2102,38.36,96,93,348983
1.8377,0.2053,38.58,96,93,348986
1.8377,0.2053,38.65,96,93,348990
1.8524,0.2102,38.58,96,93,348993
1.8280,0.2102,38.68,96,93,348996
1.8719,0.1906,38.40,96,93,349000
1.8231,0.2053,38.68,96,93,349003
1.8671,0.2053,38.58,96,93,349006
1.8426,0.2102,38.62,96,93,349009
1.8133,0.2151,38.68,96,93,349014
1.8426,0.2248,38.40,96,93,349017
1.7937,0.2102,38.52,96,93,349020
1.7791,0.2053,38.68,96,93,349024
1.7889,0.2102,38.62,96,93,349027
1.7937,0.2102,38.68,96,93,349030
1.8524,0.2151,38.52,96,93,349034
1.8328,0.2151,38.58,96,93,349037
1.8231,0.2053,38.55,96,93,349040
1.7889,0.2053,38.77,96,93,349044
1.7693,0.2199,38.62,96,93,349047
1.7937,0.2151,38.49,96,93,349050
1.7693,0.2102,38.65,96,93,349054
1.7889,0.2151,38.55,96,93,349058
1.7742,0.2053,38.65,96,93,349061
1.7889,0.1955,38.65,96,93,349064
1.8084,0.2102,38.58,96,93,349068
1.7937,0.2053,38.65,96,93,349071
1.8084,0.2053,38.52,96,93,349074
1.7791,0.2053,38.68,96,93,349078
1.7889,0.2053,38.43,96,93,349081
1.8133,0.2151,38.52,96,93,349084
1.7840,0.2053,38.65,96,93,349088
1.8182,0.2151,38.40,96,93,349091
1.8035,0.1906,38.55,96,93,349094
1.8084,0.1906,38.65,96,93,349097
1.8328,0.2151,38.58,96,93,349102
1.8133,0.2151,38.68,96,93,349105
1.8622,0.2151,38.43,96,93,349108
1.8426,0.2102,38.55,96,93,349112
1.8182,0.2053,38.65,96,93,349115
1.8328,0.2102,38.62,96,93,349118
1.8671,0.2004,38.65,96,93,349122
1.8964,0.2248,38.43,96,93,349125
1.8671,0.2248,38.58,96,93,349128
1.8817,0.2053,38.58,96,93,349132
1.8768,0.2102,38.68,96,93,349135
1.8719,0.2444,38.65,96,93,349138
1.9306,0.2199,38.52,96,93,349142
1.9208,0.2102,38.68,96,93,349146
1.9257,0.2053,38.55,96,93,349149
1.8964,0.2053,38.68,96,93,349152
1.9013,0.2053,38.74,96,93,349156
1.9501,0.2151,38.52,96,93,349159
1.9453,0.2004,38.62,96,93,349162
1.9746,0.2151,38.52,96,93,349166
1.9550,0.2053,38.65,96,93,349169
1.9599,0.2053,38.65,96,93,349172
1.9795,0.2102,38.62,96,93,349176
1.9453,0.2004,38.65,96,93,349179
1.9550,0.2053,38.49,96,93,349182
1.8915,0.2053,38.62,96,93,349186
1.8817,0.2053,38.65,96,93,349190
1.8768,0.1906,38.55,96,93,349193
1.8426,0.2053,38.68,96,93,349196
1.8719,0.2102,38.40,96,93,349200
1.8377,0.2004,38.62,96,93,349203
1.8426,0.2053,38.65,96,93,349206
1.8475,0.2444,38.62,96,93,349210
1.8133,0.2053,38.68,96,93,349213
1.8377,0.2151,38.36,96,93,349216
1.7937,0.2151,38.62,96,93,349219
1.7791,0.2004,38.68,96,93,349223
1.7791,0.2102,38.62,96,93,349227
1.7595,0.2053,38.68,96,93,349230
1.8084,0.2248,38.43,96,93,349234
1.7742,0.2151,38.55,96,93,349237
1.7742,0.2053,38.58,96,93,349240
1.7742,0.2151,38.65,96,93,349244
1.7791,0.2053,38.68,96,93,349247
1.8133,0.2151,38.49,96,93,349250
1.8035,0.2102,38.62,96,93,349254
1.8035,0.1906,38.52,96,93,349257
1.7889,0.2053,38.05,96,93,349260
1.7937,0.2053,38.65,96,93,349263
1.8328,0.2102,38.58,96,93,349267
1.8475,0.2102,38.65,96,93,349271
1.8866,0.2151,38.52,96,93,349274
1.8719,0.2053,38.65,96,93,349278
1.9159,0.2053,38.87,96,93,349281
2.0283,0.2102,38.55,96,93,349284
2.1261,0.2053,38.87,96,93,349288
2.3412,0.2346,38.46,96,93,349291
2.5513,0.2053,38.58,96,93,349294
2.7908,0.2053,38.71,96,93,349297
3.0890,0.2102,38.55,96,93,349301
3.2893,0.2102,38.65,96,93,349304
3.4555,0.2151,38.40,96,93,349307
3.3284,0.2199,38.55,96,93,349312
3.0938,0.2053,38.68,96,93,349315
2.7713,0.2102,38.62,96,93,349318
2.4291,0.2053,38.65,96,93,349322
2.1994,0.2199,38.40,96,93,349325
1.9110,0.2053,38.62,96,93,349328
1.7155,0.2004,38.65,96,93,349332
1.5982,0.2151,38.68,96,93,349335
1.5249,0.2053,38.68,96,93,349338
1.5249,0.2248,38.43,96,93,349341
1.4467,0.2151,38.62,96,93,349345
1.4174,0.2053,38.58,96,93,349348
1.4076,0.2053,38.68,96,93,349351
1.4125,0.2053,38.65,96,93,349356
1.4663,0.2151,38.46,96,93,349359
1.4663,0.2102,38.62,96,93,349362
1.5054,0.2053,38.52,96,93,349366
1.5200,0.2053,38.65,96,93,349369
1.5591,0.2004,38.65,96,93,349372
1.6080,0.2151,38.58,96,93,349375
1.5982,0.2102,38.65,96,93,349379
1.6178,0.2151,38.55,96,93,349382
1.5982,0.2004,38.68,95,93,349385
1.6667,0.2053,38.68,95,93,349390
1.6716,0.2053,38.21,95,93,349393
1.6960,0.2248,38.62,95,93,349398
1.7204,0.2053,38.68,95,93,349401
1.7840,0.2151,38.40,95,93,349404
1.7546,0.2151,38.58,95,93,349408
1.7204,0.2053,38.68,95,93,349411
1.7253,0.2199,38.62,95,93,349414
1.7498,0.2004,38.68,95,93,349417
1.8133,0.2248,38.43,95,93,349421
1.7840,0.2199,38.52,95,93,349424
1.8084,0.2004,38.62,95,93,349427
1.7889,0.2151,38.65,95,93,349431
1.7791,0.2053,38.65,95,93,349434
1.8084,0.2395,38.49,95,93,349437
1.7840,0.2102,38.62,95,93,349442
1.7889,0.2053,38.55,95,93,349445
1.7889,0.2053,38.65,95,93,349448
1.7693,0.2102,38.77,95,93,349452
1.8133,0.2248,38.58,95,93,349455
1.8133,0.2053,38.68,95,93,349458
1.8377,0.2102,38.49,95,93,349461
1.8182,0.2102,38.65,95,93,349465
1.8084,0.2053,38.68,95,93,349468
1.8377,0.2151,38.52,95,93,349471
1.7986,0.2102,38.71,95,93,349475
1.8280,0.2053,38.52,95,93,349478
1.8133,0.2004,38.58,95,93,349481
1.8182,0.1906,38.68,95,93,349486
1.8426,0.2102,38.52,95,93,349489
1.8231,0.2053,38.65,95,93,349492
1.8671,0.2102,38.43,95,93,349496
1.8377,0.2004,38.62,95,93,349499
1.8573,0.2053,38.65,95,93,349502
1.8475,0.2102,38.62,95,93,349505
1.8524,0.2053,38.65,95,93,349509
1.9453,0.2199,38.40,95,93,349512
1.8573,0.2053,38.58,95,93,349515
1.8475,0.1955,38.65,95,93,349519
1.8328,0.2053,38.71,95,93,349522
1.8328,0.2053,38.68,95,93,349526
1.9159,0.2248,38.46,95,93,349530
1.8817,0.2102,38.27,95,93,349533
1.8866,0.2004,38.58,95,93,349536
1.8964,0.2053,38.65,95,93,349540
1.9013,0.2053,38.68,95,93,349543
1.9404,0.2151,38.46,95,93,349546
1.9257,0.2102,38.65,95,93,349549
1.9257,0.2053,38.55,95,93,349553
1.9110,0.2151,38.65,95,93,349556
1.9306,0.2053,38.68,95,93,349559
1.9648,0.2151,38.46,95,93,349563
1.9453,0.2102,38.68,95,93,349566
1.9795,0.2151,38.52,95,93,349570
1.9746,0.2199,38.74,95,93,349574
2.0039,0.2053,38.65,95,93,349577
2.0283,0.2102,38.58,95,93,349580
1.9941,0.2053,38.81,95,93,349583
1.9941,0.2199,38.55,95,93,349587
1.9404,0.2053,38.65,95,93,349590
1.9306,0.2053,38.84,95,93,349593
1.9550,0.2199,38.55,95,93,349597
1.9355,0.2053,38.77,95,93,349600
1.9648,0.2151,38.43,95,93,349603
1.9453,0.2102,38.55,95,93,349607
1.9453,0.2053,38.52,95,93,349611
1.9550,0.2102,38.62,95,93,349614
1.9257,0.2053,38.71,95,93,349618
1.9844,0.2248,38.33,95,93,349621
1.9550,0.2102,38.55,95,93,349624
1.9453,0.2004,38.58,95,93,349627
1.9355,0.2102,38.62,95,93,349631
1.9355,0.2151,38.65,95,93,349634
1.9599,0.2248,38.90,95,93,349637
1.9159,0.2151,38.62,95,93,349641
1.9159,0.2053,38.55,95,93,349644
1.9062,0.2102,38.65,95,93,349647
1.8964,0.2004,38.68,95,93,349651
1.9306,0.2151,38.58,95,93,349655
1.9159,0.2199,38.65,95,93,349658
1.9306,0.2444,38.52,95,93,349661
1.8964,0.2053,38.68,95,93,349665
1.8817,0.2053,38.65,95,93,349668
1.9159,0.2151,38.49,95,93,349671
1.8719,0.2102,38.65,95,93,349675
1.9013,0.2151,38.55,95,93,349678
1.8768,0.2004,38.62,95,93,349681
1.8817,0.2053,38.65,95,93,349685
1.8964,0.2102,38.52,95,93,349688
1.8719,0.2053,38.65,95,93,349691
1.9062,0.2151,38.46,95,93,349696
1.8915,0.2053,38.58,95,93,349699
1.8915,0.2053,38.65,95,93,349702
1.9062,0.2151,38.49,95,93,349705
1.8817,0.2199,38.68,95,93,349709
1.9159,0.2151,38.40,95,93,349712
1.8671,0.2053,38.62,95,93,349715
1.9208,0.2004,38.65,95,93,349719
1.9110,0.2102,38.62,95,93,349722
1.9062,0.2053,38.68,95,93,349725
1.9599,0.2102,38.36,95,93,349729
1.9257,0.2102,38.55,95,93,349732
1.9013,0.2004,38.65,95,93,349735
1.8964,0.2151,38.65,95,93,349740
1.8866,0.2053,38.68,95,93,349743
1.9404,0.2346,38.46,95,93,349746
1.9159,0.2102,38.58,95,93,349749
1.9110,0.2053,38.52,95,93,349753
1.8964,0.2053,38.62,95,93,349756
1.8817,0.2053,38.65,95,93,349759
1.9208,0.2151,38.49,95,93,349763
1.9013,0.2151,38.65,95,93,349766
1.9257,0.1906,38.52,95,93,349769
1.9306,0.2053,38.71,95,93,349773
1.9501,0.2053,38.68,95,93,349776
1.9941,0.1906,38.58,95,93,349779
1.9892,0.2053,38.65,95,93,349783
2.0137,0.2151,38.52,95,93,349787
1.9746,0.2102,38.68,95,93,349790
1.9697,0.2053,38.65,95,93,349793
1.9844,0.2151,38.52,95,93,349797
1.9306,0.2053,38.62,95,93,349800
1.9355,0.2102,38.43,95,93,349803
1.8964,0.1906,38.55,95,93,349807
1.8768,0.2053,38.68,95,93,349810
1.9062,0.2151,38.65,95,93,349813
1.8671,0.2053,38.65,95,93,349817
1.8964,0.2151,38.40,95,93,349820
1.8475,0.2053,38.58,95,93,349824
1.8133,0.2053,38.68,95,93,349827
1.8133,0.2102,38.65,95,93,349831
1.8035,0.2053,38.65,95,93,349834
1.8524,0.2199,38.40,95,93,349837
1.8035,0.2444,38.62,95,93,349841
1.7937,0.1955,38.62,95,93,349844
1.7693,0.2102,38.68,95,93,349847
1.7644,0.2004,38.68,95,93,349851
1.8035,0.2199,38.52,95,93,349854
1.7693,0.2102,38.77,95,93,349857
1.7693,0.2053,38.55,95,93,349860
1.7546,0.2102,38.65,95,93,349864
1.7546,0.2053,38.68,95,93,349868
1.7937,0.2151,38.49,95,93,349871
1.7791,0.2102,38.65,95,93,349875
1.8133,0.1955,38.49,95,93,349878
1.7889,0.2053,38.65,95,93,349881
1.8182,0.2053,38.68,95,93,349885
1.8671,0.2151,38.52,95,93,349888
1.8817,0.2053,38.68,95,93,349891
1.9697,0.2053,38.49,95,93,349895
2.0332,0.2053,38.62,95,93,349898
2.1701,0.2053,38.68,95,93,349901
2.3656,0.2102,38.55,95,93,349904
2.5806,0.2102,38.65,95,93,349908
2.8788,0.2151,38.46,95,93,349912
3.0841,0.2053,38.65,95,93,349915
3.2747,0.2004,38.68,95,93,349919
3.3578,0.2151,38.62,95,93,349922
3.2014,0.2346,38.65,95,93,349925
3.0156,0.2199,38.43,95,93,349929
2.6100,0.2102,38.58,95,93,349932
2.2630,0.2053,38.68,95,93,349935
1.9941,0.2053,38.62,95,93,349938
1.7449,0.2053,38.68,95,93,349942
1.6227,0.2248,38.40,95,93,349945
1.5054,0.2102,38.52,95,93,349948
1.3881,0.2004,38.62,95,93,349953
1.3441,0.2102,38.68,95,93,349956
1.3196,0.2297,38.65,95,93,349959
1.3392,0.2199,38.55,95,93,349963
1.3148,0.2102,38.55,95,93,349966
1.3343,0.2053,38.52,95,93,349969
1.3441,0.2102,38.68,95,93,349973
1.3783,0.2053,38.65,95,93,349976
1.4223,0.2151,38.58,95,93,349979
1.4223,0.2102,38.65,95,93,349982
1.4614,0.2053,38.49,95,93,349986
1.4663,0.2053,38.65,95,93,349989
1.4907,0.1955,38.68,95,93,349992
1.5396,0.2151,38.52,96,92,349997
1.5885,0.2151,38.62,96,92,350001
1.5787,0.2053,38.65,96,92,350005
1.6471,0.2151,38.43,96,92,350008
1.6080,0.2053,38.52,96,92,350011
1.6080,0.2102,38.65,96,92,350015
1.6520,0.2102,38.68,96,92,350018
1.6129,0.1906,38.65,96,92,350021
1.6667,0.2248,38.58,96,92,350025
1.6276,0.2102,38.55,96,92,350028
1.6325,0.2004,38.62,96,92,350031
1.6325,0.2102,38.27,96,92,350034
1.6471,0.2004,38.65,96,92,350039
1.6911,0.2199,38.65,96,92,350042
1.6667,0.2151,38.65,96,92,350045
1.7058,0.2004,38.55,96,92,350049
1.6716,0.2102,38.62,96,92,350052
1.6716,0.2053,38.65,96,92,350055
1.6862,0.2151,38.49,96,92,350059
1.6667,0.2102,38.65,96,92,350062
1.6813,0.2102,38.52,96,92,350065
1.6569,0.2053,38.71,96,92,350069
1.6618,0.2004,38.68,96,92,350072
1.6862,0.2102,38.55,96,92,350075
1.6667,0.2053,38.65,96,92,350078
1.7009,0.2248,38.55,96,92,350083
1.6960,0.2053,38.65,96,92,350086
1.6911,0.2053,38.74,96,92,350089
1.7058,0.2102,38.55,96,92,350093
1.7009,0.2004,38.68,96,92,350096
1.7253,0.2102,38.46,96,92,350099
1.7009,0.2053,38.65,96,92,350103
1.7253,0.2004,38.68,96,92,350106
1.7204,0.2151,38.62,96,92,350109
1.7107,0.2102,38.65,96,92,350112
1.7546,0.2102,38.40,96,92,350116
1.7253,0.2102,38.58,96,92,350119
1.7058,0.2053,38.74,96,92,350123
1.7204,0.2151,38.62,96,92,350127
1.7107,0.2053,38.68,96,92,350130
1.7644,0.2297,38.36,96,92,350133
1.7351,0.2102,38.55,96,92,350137
1.7253,0.2004,39.00,96,92,350140
1.7302,0.2053,38.65,96,92,350143
1.7351,0.2004,38.68,96,92,350147
1.7791,0.2199,38.49,96,92,350150
1.7449,0.2199,38.62,96,92,350153
1.7498,0.1906,38.55,96,92,350156
1.7449,0.2102,38.58,96,92,350160
1.7595,0.2004,38.65,96,92,350163
1.7889,0.2151,38.62,96,92,350167
1.8133,0.2053,38.68,96,92,350171
1.7986,0.2102,38.52,96,92,350174
1.7840,0.2053,38.65,96,92,350177
1.7986,0.2004,38.68,96,92,350181
1.8377,0.2151,38.55,96,92,350184
1.8133,0.2053,38.65,96,92,350187
1.8377,0.2053,38.52,96,92,350191
1.8133,0.2053,38.55,96,92,350194
1.8084,0.2151,38.65,96,92,350197
1.8280,0.2102,38.40,96,92,350200
1.8084,0.2053,38.65,96,92,350204
1.8377,0.2053,38.40,96,92,350208
1.8133,0.2102,38.58,96,92,350211
1.8035,0.2053,38.65,96,92,350215
1.8182,0.2248,38.58,96,92,350218
1.7986,0.2053,38.65,96,92,350221
1.8328,0.2151,37.77,96,92,350225
1.8133,0.2004,38.62,96,92,350228
1.7840,0.2053,38.68,96,92,350231
1.7791,0.2102,38.68,96,92,350234
1.7644,0.2053,38.68,96,92,350238
1.8084,0.2297,38.43,96,92,350241
1.7693,0.2102,38.62,96,92,350244
1.7840,0.2053,38.62,96,92,350248
1.7546,0.2151,38.62,96,92,350252
1.7791,0.2004,38.65,96,92,350255
1.7889,0.2199,38.49,96,92,350259
1.7644,0.2151,38.62,96,92,350262
1.7791,0.2151,38.52,96,92,350265
1.7546,0.2053,38.65,96,92,350269
1.7546,0.2151,38.68,96,92,350272
1.7693,0.2151,38.52,96,92,350275
1.7449,0.2102,38.62,96,92,350278
1.7693,0.2151,38.55,96,92,350282
1.7449,0.2053,38.74,96,92,350285
1.7498,0.2102,38.68,96,92,350288
1.7595,0.2102,38.55,96,92,350292
1.7498,0.2102,38.65,96,92,350296
1.7693,0.2199,38.49,96,92,350299
1.7498,0.2102,38.71,96,92,350303
1.7546,0.2151,38.65,96,92,350306
1.7840,0.2199,38.55,96,92,350309
1.7791,0.2102,38.65,96,92,350313
1.8084,0.2102,38.40,96,92,350316
1.7840,0.2102,38.55,96,92,350319
1.7742,0.2102,38.87,96,92,350322
1.7840,0.2151,38.62,96,92,350326
1.7889,0.2053,38.71,96,92,350329
1.8426,0.2151,38.36,96,92,350332
1.8133,0.2102,38.65,96,92,350337
1.8035,0.2102,38.62,96,92,350340
1.8084,0.2102,38.62,96,92,350343
1.8035,0.2053,38.68,96,92,350347
1.8524,0.2248,38.46,96,92,350350
1.8280,0.2102,38.62,96,92,350353
1.8182,0.2053,38.58,96,92,350357
1.8084,0.2102,38.65,96,92,350360
1.8084,0.2053,38.65,96,92,350363
1.8524,0.2151,38.58,96,92,350366
1.8377,0.2248,38.62,96,92,350370
1.8622,0.2102,38.52,96,92,350373
1.8377,0.2102,38.65,96,92,350376
1.8524,0.2102,38.65,96,92,350381
1.8817,0.2151,38.84,96,92,350384
1.8671,0.2102,38.65,96,92,350387
1.8866,0.2053,38.55,96,92,350391
1.8573,0.2053,38.62,96,92,350394
1.8671,0.2053,38.65,96,92,350397
1.9110,0.2248,38.55,96,92,350401
1.9013,0.2102,38.68,96,92,350404
1.9404,0.2102,38.46,96,92,350407
1.9110,0.2053,38.62,96,92,350410
1.8915,0.2004,38.68,96,92,350414
1.9013,0.2151,38.58,96,92,350417
1.8622,0.2053,38.65,96,92,350420
1.8866,0.2102,38.40,96,92,350425
1.8182,0.2053,38.71,96,92,350428
1.8035,0.2053,38.68,96,92,350431
1.8084,0.1906,38.62,96,92,350435
1.7840,0.2053,38.68,96,92,350438
1.8280,0.2639,38.43,96,92,350441
1.7840,0.1906,38.58,96,92,350445
1.7595,0.2053,38.68,96,92,350448
1.7693,0.2151,38.55,96,92,350451
1.7351,0.2053,38.65,96,92,350454
1.7644,0.2493,38.49,96,92,350458
1.7253,0.1906,38.62,96,92,350461
1.7351,0.2053,38.58,96,92,350465
1.7204,0.2151,38.65,96,92,350469
1.7204,0.2004,38.68,96,92,350472
1.7449,0.2151,38.55,96,92,350475
1.7253,0.2151,38.65,96,92,350479
1.7400,0.1906,38.52,96,92,350482
1.7204,0.2053,38.71,96,92,350485
1.7204,0.2102,38.68,96,92,350488
1.7253,0.2151,38.62,96,92,350492
1.7204,0.2102,38.65,96,92,350495
1.7400,0.2053,38.55,96,92,350498
1.7204,0.2004,38.65,96,92,350502
1.7498,0.2004,38.65,96,92,350505
1.7889,0.2151,38.55,96,92,350509
1.7986,0.2004,38.65,96,92,350513
1.8817,0.2102,38.43,96,92,350516
1.9355,0.2346,38.55,96,92,350519
2.0381,0.2053,38.68,96,92,350523
2.2141,0.2151,38.77,96,92,350526
2.3851,0.2053,38.68,96,92,350529
2.6784,0.2151,38.40,96,92,350532
2.8739,0.2102,38.52,96,92,350536
3.1036,0.2053,38.68,96,92,350539
3.2307,0.2151,38.62,96,92,350542
3.1867,0.2053,38.77,96,92,350546
3.0792,0.2493,38.43,96,92,350550
2.7126,0.2102,38.58,96,92,350553
2.3803,0.2053,38.65,96,92,350557
2.1065,0.2053,38.62,96,92,350560
1.8719,0.2053,38.68,96,92,350563
1.7253,0.2199,38.62,96,92,350566
1.5543,0.2151,38.62,96,92,350570
1.4565,0.2053,38.55,96,92,350573
1.3783,0.2053,38.68,96,92,350576
1.3490,0.2053,38.68,96,92,350580
1.3539,0.2151,38.46,96,92,350583
1.3294,0.1906,38.65,96,92,350586
1.3490,0.2102,38.52,96,92,350590
1.3441,0.2102,38.65,96,92,350594
1.3636,0.2444,38.65,96,92,350597
1.3978,0.2102,38.52,96,92,350601
1.3930,0.2053,38.65,96,92,350604
1.4272,0.2004,38.49,96,92,350607
1.4174,0.2151,38.40,96,92,350610
1.4956,0.2151,38.62,96,92,350615
1.5152,0.2053,38.71,96,92,350618
1.5396,0.2493,38.65,96,92,350622
1.5445,0.2053,38.65,96,92,350625
1.6031,0.2297,38.43,96,92,350628
1.5934,0.2151,38.58,96,92,350632
1.5689,0.2004,38.62,96,92,350636
1.5787,0.2395,38.68,96,92,350639
1.6129,0.2004,38.68,96,92,350643
1.6178,0.2199,38.49,96,92,350646
1.6031,0.2199,38.62,96,92,350649
1.6080,0.2053,38.55,96,92,350653
1.6129,0.2102,38.49,96,92,350656
1.6227,0.2248,38.65,96,92,350659
1.6520,0.2151,38.49,96,92,350662
1.6325,0.2102,38.52,96,92,350666
1.6520,0.2151,38.52,96,92,350669
1.6325,0.2053,38.68,96,92,350672
1.6325,0.2102,38.65,96,92,350676
1.6422,0.2053,38.55,96,92,350680
1.6373,0.2053,38.71,96,92,350683
1.6667,0.2053,38.52,96,92,350687
1.6471,0.2053,38.65,96,92,350690
1.6569,0.2053,38.65,96,92,350693
1.6960,0.2151,38.62,96,92,350697
1.6618,0.2102,38.71,96,92,350700
1.6911,0.2542,38.40,96,92,350703
1.6764,0.2151,38.58,96,92,350706
1.6667,0.2053,38.77,96,92,350710
1.6911,0.2102,38.58,96,92,350713
1.6813,0.2053,38.68,96,92,350716
1.7155,0.2151,38.40,96,92,350721
1.6862,0.2102,38.55,96,92,350724
1.6764,0.2053,38.74,96,92,350727
1.6813,0.2151,38.68,96,92,350731
1.6813,0.2053,38.68,96,92,350734
1.7400,0.2248,38.46,96,92,350737
1.7155,0.2102,38.58,96,92,350741
1.7107,0.2053,38.58,96,92,350744
1.7107,0.2053,38.55,96,92,350747
1.7204,0.2151,38.68,96,92,350750
1.7595,0.2199,38.58,96,92,350754
1.7400,0.2102,38.65,96,92,350757
1.7595,0.2053,38.55,96,92,350760
1.7400,0.2102,38.62,96,92,350765
1.7449,0.2053,38.65,96,92,350768
1.7693,0.1906,38.49,96,92,350771
1.7498,0.2102,38.68,96,92,350775
1.7791,0.2053,38.55,96,92,350778
1.7595,0.1906,38.62,96,92,350781
1.7644,0.2053,38.68,96,92,350784
1.7889,0.2151,38.52,96,92,350788
1.7840,0.2053,38.65,96,92,350791
1.8133,0.2102,38.46,96,92,350794
1.8182,0.2053,38.55,96,92,350798
1.7986,0.2053,38.65,96,92,350801
1.8182,0.2297,38.55,96,92,350804
1.7986,0.2102,38.68,96,92,350809
1.8426,0.2102,38.40,96,92,350812
1.8035,0.2004,38.68,96,92,350815
1.8084,0.2102,38.68,96,92,350819
1.8182,0.2102,38.62,96,92,350822
1.8035,0.2004,38.65,96,92,350825
1.8671,0.2151,38.36,96,92,350828
1.8182,0.2102,38.62,96,92,350832
1.8035,0.2248,38.65,96,92,350835
1.8035,0.2102,38.65,96,92,350838
1.7937,0.2053,38.68,96,92,350842
1.8426,0.2297,38.52,96,92,350845
1.8084,0.2151,38.58,96,92,350849
1.7937,0.2053,38.62,96,92,350853
1.8035,0.2151,38.68,96,92,350856
1.7840,0.2053,38.68,96,92,350859
1.8084,0.2151,38.49,96,92,350862
1.7791,0.2199,38.62,96,92,350866
1.7791,0.2102,38.52,96,92,350869
1.7644,0.2102,38.77,96,92,350872
1.7546,0.2151,38.65,96,92,350876
1.7693,0.2151,38.62,96,92,350879
1.7595,0.2346,38.62,96,92,350882
1.7791,0.2151,38.55,96,92,350886
1.7546,0.2199,38.68,96,92,350889
1.7693,0.2053,38.65,96,92,350893
1.7889,0.2151,38.77,96,92,350897
1.7693,0.2102,38.65,96,92,350900
1.7889,0.2102,38.46,96,92,350903
1.7644,0.2102,38.55,96,92,350907
1.7449,0.2004,38.68,96,92,350910
1.7693,0.2199,38.74,96,92,350913
1.7498,0.2346,38.68,96,92,350916
1.7937,0.2151,38.40,96,92,350920
1.7644,0.2151,38.62,96,92,350923
1.7498,0.2004,38.65,96,92,350926
1.7644,0.2102,38.62,96,92,350930
1.7595,0.2053,38.65,96,92,350934
1.8377,0.2297,38.36,96,92,350937
1.7840,0.2102,38.52,96,92,350941
1.7791,0.2199,38.62,96,92,350944
1.7840,0.1906,38.65,96,92,350947
1.7840,0.2053,38.65,96,92,350951
1.8377,0.2248,38.49,96,92,350954
1.8035,0.2102,38.58,96,92,350957
1.8133,0.2053,38.55,96,92,350960
1.8328,0.2102,38.65,96,92,350964
1.7986,0.2053,38.68,96,92,350967
1.8377,0.2199,38.46,96,92,350970
1.8035,0.2102,38.62,96,92,350974
1.8328,0.2102,38.52,96,92,350978
1.8133,0.2395,38.65,96,92,350981
1.8231,0.2151,38.65,96,92,350985
1.8475,0.2151,38.52,96,92,350988
1.8671,0.2004,38.65,96,92,350991
1.8622,0.2102,38.49,96,92,350994
1.8328,0.2053,38.62,96,92,350998
1.8377,0.2151,38.65,96,92,351001
1.8573,0.2102,38.62,96,92,351004
1.8573,0.2102,38.68,96,92,351008
1.9159,0.2151,38.43,96,92,351011
1.8719,0.2346,38.65,96,92,351014
1.8964,0.2004,38.68,96,92,351019
1.9257,0.2151,38.71,96,92,351022
1.9453,0.2053,38.65,96,92,351025
1.9746,0.2151,38.43,96,92,351029
1.9404,0.2199,38.55,96,92,351032
1.9159,0.2053,38.65,96,92,351035
1.9062,0.2151,38.62,96,92,351039
1.8768,0.2053,38.68,96,92,351042
1.9110,0.2297,38.46,96,92,351045
1.8524,0.2151,38.55,96,92,351048
1.8231,0.2053,38.58,96,92,351052
1.8035,0.2102,38.71,96,92,351055
1.8133,0.2004,38.68,96,92,351058
1.8182,0.2199,38.52,96,92,351063
1.7791,0.2151,38.65,96,92,351066
1.7791,0.2004,38.52,96,92,351069
1.7498,0.2102,38.68,96,92,351073
1.7400,0.2053,38.68,96,92,351076
1.7498,0.2151,38.62,96,92,351079
1.7351,0.2199,38.62,96,92,351082
1.7595,0.2102,38.55,96,92,351086
1.7302,0.2102,38.74,96,92,351089
1.7351,0.2102,38.68,96,92,351092
1.7595,0.2151,38.55,96,92,351096
1.7400,0.2102,38.65,96,92,351099
1.7693,0.2102,38.46,96,92,351102
1.7595,0.2053,38.84,96,92,351107
1.7546,0.2151,38.68,96,92,351110
1.7742,0.2199,38.58,96,92,351113
1.7498,0.2004,38.68,96,92,351117
1.7889,0.2151,38.40,96,92,351120
1.7595,0.2053,38.65,96,92,351123
1.7595,0.2053,38.68,96,92,351127
1.7889,0.2102,38.62,96,92,351130
1.8133,0.2053,38.65,96,92,351133
1.8964,0.2297,38.36,96,92,351136
1.9159,0.2102,38.58,96,92,351140
1.9941,0.2102,38.62,96,92,351143
2.1163,0.2102,38.65,96,92,351147
2.2678,0.2248,38.68,96,92,351151
2.5269,0.2248,38.49,96,92,351154
2.7077,0.2102,38.49,96,92,351157
2.9472,0.2297,38.52,96,92,351161
3.1232,0.2102,38.74,96,92,351164
3.1965,0.2102,38.65,96,92,351167
3.1769,0.2102,38.46,96,92,351171
2.8935,0.2102,38.65,96,92,351174
2.6149,0.2053,38.52,96,92,351177
2.2923,0.2102,38.68,96,92,351180
2.0381,0.2053,38.84,96,92,351184
1.8622,0.2151,38.55,96,92,351187
1.6716,0.2053,38.65,96,92,351191
1.5591,0.2102,38.52,96,92,351195
1.4467,0.1906,38.65,96,92,351198
1.3978,0.2102,38.71,96,92,351201
1.3832,0.2199,38.55,96,92,351205
1.3539,0.2102,38.68,96,92,351208
1.3783,0.2102,38.52,96,92,351211
1.3783,0.2102,38.65,96,92,351215
1.3930,0.2053,38.52,96,92,351218
1.4223,0.2151,38.62,95,92,351221
1.4907,0.2151,38.68,95,92,351225
1.5152,0.2053,38.68,95,92,351228
1.5689,0.2199,38.55,95,92,351232
1.5787,0.2102,38.62,95,92,351236
1.5738,0.2053,38.52,95,92,351239
1.5787,0.2102,38.58,95,92,351242
1.5885,0.2151,38.68,95,92,351246
1.6178,0.2151,38.58,95,92,351249
1.6031,0.2248,38.65,95,92,351252
1.6276,0.2102,38.52,95,92,351256
1.6178,0.2102,38.65,95,92,351259
1.6178,0.2151,38.68,95,92,351262
1.6276,0.2102,38.55,95,92,351266
1.6129,0.2151,38.68,95,92,351269
1.6276,0.1906,38.52,95,92,351272
1.6080,0.2151,38.40,95,92,351276
1.6080,0.2004,38.65,95,92,351280
1.6227,0.2151,38.62,95,92,351283
1.6129,0.2151,38.65,95,92,351286
1.6520,0.2151,38.43,95,92,351290
1.6422,0.2151,38.58,95,92,351293
1.6422,0.2102,38.65,95,92,351296
1.6667,0.2151,38.52,95,92,351300
1.6618,0.2102,38.65,95,92,351303
1.7155,0.2199,38.36,95,92,351306
1.6960,0.2004,38.52,95,92,351310
1.6911,0.2004,38.65,95,92,351313
1.6911,0.2102,38.65,95,92,351316
1.6862,0.2102,38.65,95,92,351320
1.7546,0.2102,38.46,95,92,351324
1.6960,0.2151,38.68,95,92,351327
1.6862,0.2053,38.58,95,92,351330
1.6862,0.2151,38.68,95,92,351334
1.6911,0.2053,38.68,95,92,351337
1.7204,0.2199,38.58,95,92,351340
1.6862,0.2102,38.58,95,92,351344
1.7009,0.2199,38.52,95,92,351347
1.6862,0.2102,38.68,95,92,351350
1.6911,0.2053,38.65,95,92,351354
1.7351,0.2248,38.55,95,92,351357
1.7204,0.2053,38.62,95,92,351361
1.7498,0.2151,38.52,95,92,351365
1.7351,0.2053,38.84,95,92,351368
1.7693,0.2004,38.68,95,92,351371
1.7595,0.2102,38.52,95,92,351374
1.7449,0.2053,38.65,95,92,351378
1.7742,0.2151,38.46,95,92,351381
1.7449,0.2102,38.62,95,92,351384
1.7449,0.2053,38.68,95,92,351388
1.7644,0.2151,38.58,95,92,351391
1.7449,0.2297,38.65,95,92,351394
1.7791,0.2151,38.36,95,92,351398
1.7400,0.2199,38.68,95,92,351401
1.7546,0.2053,38.68,95,92,351405
1.7693,0.2151,38.68,95,92,351409
1.8084,0.2004,38.65,95,92,351412
1.8573,0.2297,38.43,95,92,351415
1.8231,0.2102,38.62,95,92,351418
1.8231,0.2053,38.68,95,92,351422
1.8280,0.2102,37.90,95,92,351425
1.8280,0.2053,38.71,95,92,351428
1.8671,0.2151,38.46,95,92,351432
1.8426,0.2102,38.77,95,92,351435
1.8475,0.2346,38.52,95,92,351438
1.8328,0.2102,38.65,95,92,351442
1.8280,0.2053,38.58,95,92,351446
1.8573,0.2102,38.52,95,92,351449
1.8328,0.2102,38.65,95,92,351453
1.8524,0.2102,38.65,95,92,351456
1.8573,0.2102,38.65,95,92,351459
1.8231,0.2053,38.71,95,92,351462
1.8377,0.2248,38.68,95,92,351466
1.8280,0.2102,38.65,95,92,351469
1.8328,0.2102,38.55,95,92,351472
1.7986,0.2102,38.71,95,92,351476
1.7937,0.2053,38.27,95,92,351479
1.8084,0.2102,38.55,95,92,351482
1.7840,0.2102,38.65,95,92,351486
1.8182,0.2151,38.36,95,92,351490
1.8280,0.2102,38.55,95,92,351493
1.7742,0.2053,38.68,95,92,351497
1.8084,0.2248,38.62,95,92,351500
1.7840,0.2102,38.68,95,92,351503
1.8280,0.2199,38.36,95,92,351506
1.7986,0.2053,38.55,95,92,351510
1.7791,0.2053,38.68,95,92,351513
1.7840,0.2102,38.62,95,92,351516
1.7791,0.2102,38.65,95,92,351520
1.8231,0.2297,38.46,95,92,351523
1.7840,0.2248,38.58,95,92,351526
1.8133,0.2053,38.58,95,92,351531
1.7840,0.2102,38.68,95,92,351534
1.7840,0.1955,38.65,95,92,351537
1.8182,0.2199,38.55,95,92,351541
1.7840,0.2102,38.30,95,92,351544
1.7840,0.2102,38.52,95,92,351547
1.7644,0.2102,38.65,95,92,351550
1.7791,0.2053,38.58,95,92,351554
1.8377,0.2151,38.52,95,92,351557
1.8084,0.2493,38.65,95,92,351560
1.8573,0.2102,38.55,95,92,351564
1.8280,0.2053,38.62,95,92,351567
1.8280,0.2053,38.71,95,92,351570
1.8768,0.2102,38.52,95,92,351575
1.8280,0.2102,38.68,95,92,351578
1.8622,0.2199,38.43,95,92,351581
1.8377,0.1906,38.58,95,92,351585
1.8182,0.2102,38.74,95,92,351588
1.8182,0.2297,38.58,95,92,351591
1.8231,0.2102,38.65,95,92,351594
1.8573,0.2151,38.40,95,92,351598
1.8231,0.2004,38.68,95,92,351601
1.8671,0.2053,38.65,95,92,351604
1.8622,0.2199,38.71,95,92,351608
1.8426,0.2151,38.68,95,92,351611
1.9013,0.2248,38.43,95,92,351614
1.8573,0.2248,38.55,95,92,351619
1.8426,0.2053,38.62,95,92,351622
1.8524,0.2102,38.62,95,92,351625
1.8866,0.2004,38.68,95,92,351629
1.9208,0.2199,38.55,95,92,351632
1.8915,0.2151,38.62,95,92,351635
1.9013,0.2053,38.55,95,92,351638
1.8964,0.2102,38.62,95,92,351642
1.9062,0.2053,38.68,95,92,351645
1.9404,0.2199,38.52,95,92,351648
1.9208,0.2346,38.62,95,92,351652
1.9355,0.2151,38.49,95,92,351655
1.9013,0.2102,38.65,95,92,351659
1.8964,0.2004,38.65,95,92,351663
1.8768,0.2102,38.58,95,92,351666
1.8475,0.2102,38.52,95,92,351669
1.8573,0.2151,38.52,95,92,351672
1.8231,0.2102,38.68,95,92,351676
1.8133,0.2004,38.68,95,92,351679
1.8524,0.2102,38.55,95,92,351682
1.7889,0.2102,38.68,95,92,351686
1.8084,0.2151,38.40,95,92,351689
1.7693,0.2102,38.55,95,92,351692
1.7400,0.2053,38.62,95,92,351696
1.7498,0.2102,38.58,95,92,351699
1.7302,0.2102,38.68,95,92,351703
1.7840,0.2199,38.36,95,92,351707
1.7595,0.2102,38.58,95,92,351710
1.7498,0.2053,38.65,95,92,351713
1.7498,0.2151,38.65,95,92,351717
1.7449,0.2102,38.68,95,92,351720
1.7986,0.2297,38.43,95,92,351723
1.7595,0.2151,38.58,95,92,351726
1.7498,0.2053,38.58,95,92,351730
1.7449,0.2102,38.68,95,92,351733
1.7351,0.2053,38.65,95,92,351736
1.7693,0.2297,38.55,95,92,351740
1.7595,0.2102,38.65,95,92,351744
1.7791,0.2102,38.52,95,92,351747
1.7693,0.2102,38.65,95,92,351751
1.7937,0.2053,38.65,95,92,351754
1.8719,0.2248,38.49,95,92,351757
1.9062,0.2102,38.65,95,92,351761
2.0137,0.2248,38.52,95,92,351764
2.0870,0.2102,38.68,95,92,351767
2.2434,0.2102,38.68,95,92,351770
2.4585,0.2102,38.55,95,92,351774
2.6686,0.2102,38.65,95,92,351777
2.9619,0.2102,38.49,95,92,351780
3.1378,0.2053,38.62,95,92,351784
3.2942,0.2053,38.68,95,92,351788
3.2796,0.2199,38.58,95,92,351791
3.0792,0.2053,38.68,95,92,351795
2.8495,0.2151,38.40,95,92,351798
2.4682,0.2053,38.65,95,92,351801
2.1701,0.2053,38.74,95,92,351804
1.9208,0.2102,38.62,95,92,351808
1.7107,0.2102,38.74,95,92,351811
1.6031,0.2444,38.40,95,92,351814
1.4809,0.2102,38.58,95,92,351818
1.4076,0.2004,38.36,95,92,351821
1.3734,0.2151,38.65,95,92,351824
1.3294,0.2053,38.65,95,92,351828
1.3441,0.2199,38.49,95,92,351832
1.4516,0.2102,38.58,95,92,351836
1.4663,0.2102,38.68,95,92,351839
1.5200,0.2151,38.52,95,92,351842
1.5298,0.2151,38.65,95,92,351846
1.5689,0.2053,38.71,95,92,351849
1.5885,0.2151,38.58,95,92,351852
1.5689,0.2102,38.65,95,92,351856
1.5982,0.2102,38.46,95,92,351859
1.5885,0.2053,38.68,95,92,351862
1.6080,0.2053,38.68,95,92,351865
1.6276,0.2151,38.49,95,92,351869
1.6227,0.2102,38.68,95,92,351873
1.6667,0.2151,38.52,95,92,351876
1.6618,0.2151,38.58,95,92,351880
1.6276,0.2053,38.65,95,92,351883
1.6569,0.2151,38.62,95,92,351886
1.6569,0.2102,38.68,95,92,351890
1.7253,0.2297,38.40,95,92,351893
1.6569,0.2102,38.55,95,92,351896
1.6373,0.2053,38.58,95,92,351900
1.6471,0.2053,38.65,95,92,351903
1.6520,0.2053,38.68,95,92,351906
1.7009,0.2199,38.52,95,92,351909
1.6862,0.2346,38.65,95,92,351913
1.7107,0.2053,38.58,95,92,351917
1.7351,0.2102,38.90,95,92,351920
1.7889,0.2004,38.68,95,92,351924
1.7644,0.2199,38.62,95,92,351927
1.7155,0.2102,38.62,95,92,351930
1.7498,0.2151,38.49,95,92,351934
1.6960,0.2102,38.65,95,92,351937
1.7009,0.2053,38.68,95,92,351940
1.7302,0.2199,38.55,95,92,351944
1.7058,0.2102,38.65,95,92,351947
1.7302,0.2151,38.52,95,92,351950
1.7009,0.2053,38.65,95,92,351953
1.7155,0.2102,38.62,95,92,351958
1.7595,0.2102,38.52,95,92,351961
1.7498,0.2053,38.71,95,92,351964
1.7791,0.2102,38.43,95,92,351968
1.7644,0.2102,38.58,95,92,351971
1.7693,0.2102,38.68,95,92,351974
1.7889,0.2151,38.62,95,92,351978
1.7742,0.2102,38.71,95,92,351981
1.8035,0.2199,38.40,95,92,351984
1.7400,0.2053,38.62,95,92,351988
1.7351,0.2053,38.65,95,92,351991
1.7449,0.2297,38.65,95,92,351994
1.7546,0.2102,38.65,95,92,351997
1.8231,0.2248,38.43,95,92,352002
1.7889,0.2151,38.65,95,92,352005
1.7791,0.2053,38.58,95,92,352008
1.7693,0.2151,38.65,95,92,352012
1.7791,0.2102,38.65,95,92,352015
1.8280,0.2199,38.46,95,92,352018
1.8133,0.2102,38.62,95,92,352022
1.8280,0.2102,38.58,95,92,352025
1.8182,0.2102,38.71,95,92,352028
1.8377,0.2151,38.65,95,92,352032
1.8866,0.2151,38.55,95,92,352035
1.8866,0.2102,38.65,95,92,352038
1.9159,0.2151,38.55,95,92,352041
1.8817,0.2102,38.65,95,92,352046
1.9110,0.2102,38.68,95,92,352049
1.9062,0.2102,38.58,95,92,352052
1.8915,0.2102,38.68,95,92,352056
1.9110,0.2102,38.52,95,92,352059
1.8915,0.1906,38.65,95,92,352062
1.8964,0.2053,38.65,95,92,352066
1.9159,0.2151,38.55,95,92,352069
1.8915,0.2102,38.65,95,92,352072
1.9110,0.2151,38.52,95,92,352076
1.8768,0.2151,38.55,95,92,352079
1.8622,0.2053,38.68,95,92,352082
1.8817,0.2248,38.62,95,92,352086
1.8768,0.2151,38.65,95,92,352090
1.9257,0.2199,38.36,95,92,352093
1.9208,0.2151,38.52,95,92,352096
1.8817,0.2053,38.65,95,92,352100
1.8671,0.2199,38.65,95,92,352103
1.8475,0.2151,38.65,95,92,352106
1.8817,0.2248,38.68,95,92,352110
1.8426,0.2151,38.62,95,92,352113
1.8328,0.1906,38.58,95,92,352116
1.8231,0.2102,38.55,95,92,352120
1.8182,0.2004,38.65,95,92,352123
1.8475,0.2199,38.55,95,92,352126
1.8182,0.2102,38.62,95,92,352130
1.8328,0.2151,38.55,95,92,352134
1.8182,0.2102,38.62,95,92,352137
1.8133,0.2151,38.71,95,92,352140
1.8328,0.2151,38.77,95,92,352144
1.7986,0.2151,38.65,95,92,352147
1.8280,0.2102,38.52,95,92,352150
1.7889,0.2053,38.58,95,92,352154
1.7889,0.2102,38.71,95,92,352157
1.8084,0.2102,38.58,95,92,352160
1.7889,0.2102,38.65,95,92,352163
1.8035,0.2102,38.43,95,92,352167
1.7693,0.2004,38.58,95,92,352171
1.7644,0.2053,38.65,95,92,352174
1.7937,0.2199,38.49,95,92,352178
1.7840,0.2444,38.68,95,92,352181
1.8377,0.2102,38.43,95,92,352184
1.8035,0.2053,38.62,95,92,352188
1.8426,0.2004,38.68,95,92,352191
1.8377,0.2151,38.62,95,92,352194
1.8280,0.2004,38.68,95,92,352198
1.8866,0.2248,38.40,95,92,352201
1.8426,0.2102,38.52,95,92,352204
1.8084,0.2053,38.62,95,92,352207
1.8035,0.2102,38.65,95,92,352211
1.7986,0.2053,38.05,95,92,352215
1.8524,0.2199,38.33,95,92,352218
1.8182,0.2102,38.58,95,92,352222
1.8231,0.2102,38.62,95,92,352225
1.8084,0.2102,38.65,95,92,352228
1.8084,0.2004,38.68,95,92,352232
1.8475,0.2151,38.55,95,92,352235
1.8328,0.2102,38.77,95,92,352238
1.8622,0.2151,38.52,95,92,352241
1.8475,0.2102,38.68,95,92,352245
1.8719,0.2151,38.65,95,92,352248
1.8622,0.2102,38.58,95,92,352251
1.8524,0.2151,38.65,95,92,352256
1.8866,0.1906,38.52,95,92,352259
1.8719,0.2102,38.71,95,92,352262
1.8964,0.2004,38.68,95,92,352266
1.9159,0.2151,38.62,95,92,352269
1.8915,0.2004,38.65,95,92,352272
1.9208,0.2151,38.46,95,92,352276
1.8915,0.2102,38.55,95,92,352279
1.8622,0.2395,38.68,95,92,352282
1.8524,0.2151,38.58,95,92,352286
1.7986,0.2444,38.68,95,92,352289
1.8280,0.2102,38.40,95,92,352292
1.7693,0.2102,38.58,95,92,352295
1.7595,0.2053,38.68,95,92,352300
1.7644,0.2102,38.58,95,92,352303
1.7400,0.2053,38.71,95,92,352306
1.7791,0.2297,38.43,95,92,352310
1.7351,0.2102,38.58,95,92,352313
1.7302,0.2053,39.00,95,92,352316
1.7204,0.2053,38.65,95,92,352320
1.7058,0.1906,38.68,95,92,352323
1.7302,0.2248,38.58,95,92,352326
1.6960,0.2151,38.62,95,92,352329
1.7107,0.2151,38.52,95,92,352333
1.6911,0.2346,38.65,95,92,352336
1.6911,0.2102,38.68,95,92,352339
1.7253,0.2199,38.49,95,92,352344
1.7204,0.2151,38.65,95,92,352347
1.7351,0.2151,38.52,95,92,352350
1.7107,0.2102,38.65,95,92,352354
1.7204,0.2004,38.68,95,92,352357
1.7351,0.2151,38.62,95,92,352360
1.7253,0.2004,38.68,95,92,352364
1.7644,0.2004,38.52,95,92,352367
1.7498,0.2053,38.62,95,92,352370
1.7840,0.2102,38.65,95,92,352373
1.8328,0.2151,38.55,95,92,352377
1.8817,0.2102,38.65,95,92,352380
2.0186,0.2151,38.40,95,92,352384
2.1261,0.2053,38.65,95,92,352388
2.3167,0.2102,38.68,95,92,352391
2.5660,0.2199,38.58,95,92,352394
2.8055,0.2053,38.65,95,92,352398
3.1281,0.2199,38.40,95,92,352401
3.2551,0.2395,38.55,95,92,352404
3.2600,0.2004,38.65,95,92,352407
3.1378,0.2151,38.62,95,92,352411
2.8250,0.2102,38.65,95,92,352414
2.5562,0.2248,38.40,95,92,352417
2.1799,0.2151,38.55,95,92,352421
1.8915,0.2053,38.58,95,92,352424
1.6862,0.2102,38.65,95,92,352428
1.5103,0.2053,38.71,95,92,352432
1.4272,0.2199,38.52,95,92,352435
1.3587,0.2151,38.62,95,92,352438
1.2952,0.2102,37.80,95,92,352442
1.2659,0.2199,38.65,95,92,352445
1.3294,0.2053,38.68,95,92,352449
1.3490,0.2151,38.71,95,92,352452
1.3783,0.2151,38.46,95,92,352455
1.3734,0.2102,38.65,95,92,352458
1.4223,0.2151,38.52,95,92,352462
1.4272,0.2199,38.55,95,92,352465
1.4418,0.2053,38.65,95,92,352468
1.4712,0.2151,38.58,95,92,352473
1.4761,0.2102,38.65,95,92,352476
1.5249,0.2199,38.40,95,92,352479
1.5005,0.2102,38.58,95,92,352483
1.5200,0.2053,38.71,95,92,352486
1.5347,0.2102,38.62,95,92,352489
1.5396,0.2102,38.65,95,92,352493
1.6178,0.2199,38.43,95,92,352496
1.5689,0.2151,38.55,95,92,352499
1.5738,0.2053,38.58,95,92,352502
1.5689,0.2102,38.65,95,92,352506
1.5738,0.2053,38.49,95,92,352509
1.6129,0.2248,38.55,95,92,352513
1.5934,0.2102,38.65,95,92,352517
1.6031,0.2102,38.52,95,92,352520
1.5934,0.2102,38.65,95,92,352523
1.5934,0.2102,38.77,95,92,352527
1.6520,0.2151,38.49,95,92,352530
1.6080,0.2102,38.65,95,92,352533
1.6276,0.2151,38.55,95,92,352537
1.6031,0.2004,38.65,95,92,352540
1.6080,0.2102,38.65,95,92,352543
1.6276,0.2151,38.55,95,92,352546
1.6276,0.2004,38.65,95,92,352550
1.6520,0.1906,38.49,95,92,352553
1.6276,0.2053,38.65,95,92,352557
1.6422,0.2004,38.68,95,92,352561
1.6569,0.2102,38.58,95,92,352564
1.6422,0.2053,38.68,95,92,352567
1.6813,0.2151,38.40,95,92,352571
1.6569,0.2053,38.62,95,92,352574
1.6667,0.2444,38.65,95,92,352577
1.6667,0.2102,38.65,95,92,352580
1.6667,0.2102,38.55,95,92,352584
1.7351,0.2248,38.36,95,92,352587
1.6862,0.2102,38.65,95,92,352590
1.6813,0.2053,38.65,95,92,352594
1.6862,0.2102,38.65,95,92,352598
1.6764,0.2102,38.55,95,92,352601
1.7302,0.2297,38.46,95,92,352605
1.7058,0.2151,38.65,95,92,352608
1.7009,0.2297,38.55,95,92,352611
1.7009,0.2102,38.65,95,92,352615
1.7009,0.2102,38.71,95,92,352618
1.7302,0.2199,38.46,95,92,352621
1.7253,0.2151,38.62,95,92,352624
1.7253,0.2102,38.55,95,92,352628
1.7155,0.2248,38.65,95,92,352631
1.7204,0.2102,38.71,95,92,352634
1.7400,0.2151,38.77,95,92,352638
1.7351,0.2151,38.65,95,92,352642
1.7644,0.2151,38.55,95,92,352645
1.7546,0.2053,38.65,95,92,352649
1.7644,0.2053,38.65,95,92,352652
1.7986,0.2199,38.77,95,92,352655
1.7840,0.2151,38.68,95,92,352659
1.8231,0.2102,38.46,95,92,352662
1.8035,0.2102,38.52,95,92,352665
1.8035,0.2542,38.65,95,92,352668
1.8280,0.2199,38.58,95,92,352672
1.8133,0.2102,38.52,95,92,352675
1.8671,0.2199,38.43,95,92,352678
1.8182,0.2053,38.58,95,92,352683
1.8084,0.2053,38.65,95,92,352686
1.8133,0.2151,38.65,95,92,352689
1.8035,0.2102,38.74,95,92,352693
1.8524,0.2199,38.36,95,92,352696
1.8035,0.2102,38.55,95,92,352699
1.8035,0.2053,38.65,95,92,352703
1.8035,0.2444,38.65,95,92,352706
1.7986,0.2102,38.65,95,92,352709
1.8377,0.2248,38.46,95,92,352712
1.8035,0.2151,38.65,95,92,352716
1.8035,0.2151,38.55,95,92,352719
1.7840,0.2199,38.65,95,92,352722
1.7791,0.2151,38.65,95,92,352727
1.8133,0.2199,38.52,95,92,352730
1.7840,0.2151,38.68,95,92,352733
1.7986,0.2102,38.52,95,92,352737
1.7693,0.2102,38.74,95,92,352740
1.7644,0.2004,38.68,95,92,352743
1.7840,0.1906,38.55,95,92,352746
1.7546,0.2102,38.68,95,92,352750
1.7889,0.2151,38.52,95,92,352753
1.7546,0.2053,38.65,95,92,352756
1.7498,0.2102,38.65,95,92,352760
1.7889,0.2102,38.55,95,92,352763
1.7498,0.2102,38.68,95,92,352766
1.7742,0.2102,38.46,95,92,352771
1.7498,0.2053,38.71,95,92,352774
1.7498,0.2053,38.87,95,92,352777
1.7693,0.2199,38.58,95,92,352781
1.7449,0.2102,38.65,95,92,352784
1.7937,0.2102,38.43,95,92,352787
1.7791,0.2102,38.52,95,92,352790
1.7546,0.2102,38.74,95,92,352794
1.7937,0.2102,38.62,95,92,352797
1.7742,0.2102,38.71,95,92,352800
1.8328,0.2248,38.40,95,92,352804
1.8035,0.1906,38.55,95,92,352807
1.7986,0.2053,38.62,95,92,352811
1.8084,0.2102,38.65,95,92,352815
1.8084,0.2151,38.71,95,92,352818
1.8524,0.2199,38.55,95,92,352821
1.8280,0.2151,38.62,95,92,352825
1.8377,0.1906,38.62,95,92,352828
1.8231,0.2102,38.71,95,92,352831
1.8280,0.2053,38.68,95,92,352834
1.8426,0.2199,38.62,95,92,352838
1.8280,0.2102,38.65,95,92,352841
1.8475,0.2199,38.52,95,92,352844
1.8280,0.2102,38.68,95,92,352848
1.8328,0.2102,38.87,95,92,352851
1.8622,0.2151,38.52,95,92,352855
1.8377,0.2102,38.71,95,92,352859
1.8622,0.2151,38.49,95,92,352862
1.8475,0.2053,38.58,95,92,352865
1.8475,0.2102,38.68,95,92,352869
1.8768,0.2151,38.52,95,92,352872
1.8524,0.2102,38.68,95,92,352875
1.8964,0.2151,38.40,95,92,352878
1.8915,0.2199,38.65,95,92,352882
1.8719,0.2102,38.71,95,92,352885
1.9013,0.2151,38.62,95,92,352888
1.9062,0.2102,38.65,95,92,352892
1.9648,0.2199,38.40,95,92,352896
1.9208,0.2053,38.68,95,92,352899
1.9404,0.2102,38.65,95,92,352903
1.9159,0.2151,38.74,95,92,352906
1.9013,0.2004,38.65,95,92,352909
1.9306,0.2297,38.46,95,92,352913
1.8622,0.2199,38.55,95,92,352916
1.8231,0.2151,38.58,95,92,352919
1.8035,0.2151,38.65,95,92,352922
1.7889,0.2053,38.65,95,92,352926
1.8231,0.2199,38.49,95,92,352929
1.7937,0.2151,38.62,95,92,352932
1.7986,0.1906,38.52,95,92,352936
1.7693,0.2102,38.58,95,92,352940
1.7644,0.2053,38.68,95,92,352943
1.7791,0.2199,38.58,95,92,352947
1.7546,0.2102,38.40,95,92,352950
1.7742,0.2395,38.55,95,92,352953
1.7644,0.2102,38.68,95,92,352956
1.7400,0.2102,38.68,95,92,352960
1.7498,0.2102,38.58,95,92,352963
1.7400,0.2151,38.65,95,92,352966
1.7595,0.2102,38.49,95,92,352970
1.7351,0.2102,38.68,95,92,352973
1.7351,0.2102,38.68,95,92,352976
1.7546,0.2199,38.62,95,92,352980
1.7400,0.2151,38.65,95,92,352984
1.7693,0.2151,38.43,95,92,352987
1.7400,0.2102,38.55,95,92,352991
1.7351,0.2053,38.68,95,92,352994
1.7595,0.2493,38.62,95,92,352997
1.7742,0.2151,38.68,95,92,353000
1.8622,0.2199,38.30,95,92,353004
1.8866,0.2151,38.55,95,92,353007
1.9453,0.2053,38.65,95,92,353010
2.0479,0.2102,38.65,95,92,353014
2.1799,0.2004,38.68,95,92,353017
2.4145,0.2297,38.49,95,92,353020
2.5904,0.2199,38.65,95,92,353025
2.8201,0.2053,38.62,95,92,353028
3.0352,0.1906,38.68,95,92,353031
3.1965,0.2102,38.68,95,92,353035
3.2747,0.2297,38.68,95,92,353038
3.0987,0.1906,38.68,95,92,353041
2.8446,0.2102,38.55,95,92,353044
2.4976,0.2102,38.65,95,92,353048
2.2043,0.2102,38.68,95,92,353051
1.9941,0.2199,38.52,95,92,353054
1.3734,0.2199,38.62,95,92,353058
1.3392,0.2102,38.65,95,92,353061
1.3490,0.2151,38.43,95,92,353065
1.3245,0.2102,38.62,95,92,353069
1.3734,0.2053,38.68,95,92,353072
1.3783,0.2151,38.68,95,92,353076
1.3881,0.2151,38.71,95,92,353079
1.4467,0.2199,38.43,95,92,353082
1.4272,0.2151,38.55,95,92,353086
1.4467,0.2053,38.62,95,92,353089
1.4663,0.2102,38.65,95,92,353092
1.4809,0.2102,38.68,95,92,353096
1.5347,0.2248,38.46,95,92,353099
1.5152,0.2297,38.68,95,92,353102
1.5298,0.2102,38.55,95,92,353105
1.5298,0.2199,38.65,95,92,353110
1.5445,0.2053,38.65,95,92,353113
1.5787,0.2199,38.46,95,92,353116
1.5640,0.2151,38.65,95,92,353120
1.5885,0.2102,38.55,95,92,353123
1.5787,0.2102,38.65,95,92,353126
1.5934,0.2102,38.65,95,92,353130
1.6227,0.2151,38.58,95,92,353133
1.6227,0.2102,38.65,95,92,353136
1.6471,0.2102,38.52,95,92,353140
1.6276,0.2248,38.62,95,92,353143
1.6373,0.2102,38.68,95,92,353146
1.6471,0.2151,38.49,95,92,353149
1.6520,0.2151,38.68,95,92,353154
1.6667,0.2151,38.46,95,92,353157
1.6422,0.2102,38.65,95,92,353160
1.6520,0.1906,38.65,95,92,353164
1.6618,0.2199,38.52,95,92,353167
1.6520,0.2102,38.65,95,92,353170
1.6960,0.2199,38.36,95,92,353174
1.6667,0.2102,38.58,95,92,353177
1.6569,0.2004,38.65,95,92,353180
1.6667,0.2151,38.77,95,92,353184
1.6569,0.2102,38.65,95,92,353187
1.7155,0.2297,38.49,95,92,353190
1.6813,0.2248,38.55,95,92,353193
1.6764,0.2004,38.77,95,92,353198
1.6667,0.2102,38.62,95,92,353201
1.6667,0.2199,38.68,95,92,353204
1.7058,0.1906,38.55,95,92,353208
1.6911,0.2102,38.62,95,92,353211
1.7009,0.2199,38.55,95,92,353214
1.6862,0.2199,38.68,95,92,353218
1.6862,0.2102,38.74,95,92,353221
1.7351,0.2248,38.65,95,92,353224
1.6862,0.2102,38.74,95,92,353228
1.7155,0.2199,38.62,95,92,353231
1.7009,0.2102,38.68,95,92,353234
1.7155,0.2102,38.71,95,92,353238
1.7595,0.2248,38.68,95,92,353242
1.7204,0.2102,37.87,95,92,353245
1.7498,0.2151,38.49,95,92,353248
1.7351,0.2151,38.58,95,92,353252
1.7302,0.2102,38.71,95,92,353255
1.7498,0.2199,38.55,95,92,353258
1.7400,0.2102,38.74,95,92,353262
1.7840,0.2151,38.40,95,92,353265
1.7644,0.2102,38.58,95,92,353268
1.7546,0.2102,38.68,95,92,353272
1.7840,0.2248,38.71,95,92,353275
1.7791,0.2151,38.65,95,92,353278
1.8475,0.2199,37.59,95,92,353282
1.8133,0.2151,38.55,95,92,353286
1.8182,0.2053,38.68,95,92,353289
1.8280,0.2102,38.65,95,92,353292
1.8280,0.2053,38.68,95,92,353296
1.8817,0.2248,38.52,95,92,353299
1.8426,0.2151,38.65,95,92,353302
1.8377,0.2102,38.58,95,92,353306
1.8231,0.2151,38.65,95,92,353309
1.8182,0.2102,38.68,95,92,353312
1.8524,0.2199,38.52,95,92,353316
1.8182,0.2102,38.62,95,92,353319
1.8426,0.2151,37.93,95,92,353323
1.8133,0.2395,38.65,95,92,353326
1.8182,0.2102,38.68,95,92,353330
1.8328,0.2151,38.58,95,92,353333
1.8035,0.2151,38.68,95,92,353336
1.8280,0.2151,38.52,95,92,353340
1.7937,0.2102,38.77,95,92,353343
1.7986,0.2102,38.68,95,92,353346
1.8035,0.2102,38.55,95,92,353350
1.7937,0.2151,38.71,95,92,353353
1.8280,0.2102,38.46,95,92,353356
1.7840,0.2102,38.27,95,92,353360
1.7840,0.2102,38.65,95,92,353363
1.8035,0.2151,38.62,95,92,353367
1.7840,0.2102,38.71,95,92,353370
1.8231,0.2199,38.40,95,92,353374
1.7986,0.2102,38.55,95,92,353377
1.7742,0.2102,38.71,95,92,353380
1.8035,0.2199,38.62,95,92,353384
1.7595,0.2102,38.65,95,92,353387
1.8084,0.2297,38.40,95,92,353390
1.7693,0.2102,38.55,95,92,353394
1.7498,0.2053,38.62,95,92,353397
1.7546,0.2102,38.62,95,92,353400
1.7449,0.2053,38.65,95,92,353403
1.7840,0.1906,38.52,95,92,353408
1.7546,0.2151,38.65,95,92,353411
1.7595,0.2102,38.55,95,92,353414
1.7498,0.2102,38.68,95,92,353418
1.7498,0.2151,38.74,95,92,353421
1.7693,0.2199,38.36,95,92,353424
1.7546,0.2199,38.68,95,92,353428
1.7693,0.2151,38.55,95,92,353431
1.7546,0.2102,38.62,95,92,353434
1.7791,0.2004,38.62,95,92,353438
1.8035,0.2199,38.52,95,92,353441
1.7986,0.2053,38.65,95,92,353444
1.8133,0.2102,38.49,95,92,353448
1.7986,0.2102,38.81,95,92,353452
1.7986,0.2053,38.65,95,92,353455
1.8182,0.2199,38.55,95,92,353458
1.7986,0.2102,38.65,95,92,353462
1.8719,0.2102,38.43,95,92,353465
1.8133,0.2151,38.11,95,92,353468
1.8133,0.2053,38.71,95,92,353472
1.8377,0.2151,38.65,95,92,353475
1.8280,0.2102,38.65,95,92,353478
1.9110,0.2248,38.36,95,92,353482
1.8377,0.2102,38.52,95,92,353485
1.8328,0.2053,38.65,95,92,353488
1.8426,0.2102,38.65,95,92,353492
1.8328,0.2053,38.68,95,92,353496
1.8915,0.2248,38.49,95,92,353499
1.8719,0.2151,38.84,95,92,353502
1.8768,0.2151,38.55,95,92,353506
1.8719,0.2346,38.68,95,92,353509
1.8964,0.2102,38.68,95,92,353512
1.9306,0.2199,38.52,95,92,353516
1.9208,0.2151,38.65,95,92,353519
1.9453,0.2151,38.52,95,92,353522
1.9208,0.2102,38.71,95,92,353526
1.9306,0.2151,38.68,95,92,353529
1.9257,0.2151,38.55,95,92,353532
1.8915,0.2199,38.65,95,92,353537
1.9306,0.2151,38.58,95,92,353540
1.8328,0.2102,38.65,95,92,353543
1.8182,0.2053,38.65,95,92,353546
1.8182,0.2151,38.62,95,92,353550
1.7937,0.2102,38.62,95,92,353553
1.8084,0.2151,38.43,95,92,353556
1.7742,0.2102,38.74,95,92,353560
1.7644,0.2102,38.65,95,92,353563
1.7791,0.2199,38.58,95,92,353566
1.7449,0.2493,38.68,95,92,353570
1.7791,0.2199,38.36,95,92,353573
1.7449,0.2151,38.55,95,92,353576
1.7302,0.2004,38.65,95,92,353581
1.7400,0.2151,38.77,95,92,353584
1.7351,0.2199,38.68,95,92,353587
1.7889,0.2102,38.46,95,92,353590
1.7498,0.2493,38.55,95,92,353594
1.7449,0.2053,38.62,95,92,353597
1.7400,0.2102,38.68,95,92,353600
1.7400,0.2346,38.65,95,92,353604
1.7791,0.2199,38.58,95,92,353607
1.7644,0.2151,38.74,95,92,353610
1.7889,0.2199,38.55,95,92,353614
1.7840,0.2102,38.65,95,92,353617
1.7986,0.2102,38.65,95,92,353620
1.8377,0.2199,38.49,95,92,353625
1.8377,0.2102,38.65,95,92,353628
1.8915,0.2199,38.71,95,92,353631
1.9062,0.2102,38.68,95,92,353635
1.9599,0.2102,38.62,95,92,353638
2.0674,0.2102,38.55,95,92,353641
2.1652,0.2151,38.58,95,92,353644
2.3656,0.2151,38.46,95,92,353648
2.5758,0.1906,38.55,95,92,353651
2.8152,0.2102,38.68,95,92,353654
3.0841,0.2248,38.55,95,92,353658
3.2111,0.2102,38.68,95,92,353661
3.2991,0.2151,38.43,95,92,353665
1.9990,0.2297,38.46,94,92,353669
1.7498,0.2151,38.58,94,92,353672
1.5836,0.2004,38.62,94,92,353676
1.4809,0.2102,38.65,94,92,353679
1.4027,0.2151,38.68,94,92,353682
1.3930,0.2199,38.55,94,92,353686
1.3441,0.2151,38.65,94,92,353689
1.3294,0.2102,38.58,94,92,353692
1.3196,0.2248,38.71,94,92,353695
1.3343,0.2102,38.68,94,92,353699
1.3734,0.2199,38.49,94,92,353702
1.3734,0.2151,38.71,94,92,353705
1.4076,0.2199,38.55,94,92,353710
1.4027,0.2053,38.65,94,92,353713
1.4272,0.2297,38.68,94,92,353716
1.4712,0.2151,38.62,94,92,353720
1.4907,0.2151,38.68,94,92,353723
1.5005,0.2102,38.46,94,92,353726
1.4907,0.2102,38.62,94,92,353730
1.5103,0.2053,38.65,94,92,353733
1.5494,0.2199,38.58,94,92,353736
1.5494,0.2102,38.68,94,92,353739
1.6080,0.2151,38.40,94,92,353743
1.5885,0.2004,38.65,94,92,353746
1.5934,0.2102,38.81,94,92,353750
1.5885,0.2053,38.62,94,92,353754
1.5787,0.2102,38.65,94,92,353757
1.6227,0.2248,38.40,94,92,353760
1.5934,0.2151,38.58,94,92,353764
1.5885,0.2053,38.65,94,92,353767
1.6080,0.2053,38.65,94,92,353770
1.6129,0.2102,38.68,94,92,353773
1.6667,0.2248,38.49,94,92,353777
1.6373,0.2151,38.58,94,92,353780
1.6373,0.2151,38.58,94,92,353783
1.6276,0.2102,38.68,94,92,353787
1.6325,0.2004,38.65,94,92,353790
1.6716,0.2199,38.58,94,92,353794
1.6618,0.2102,38.71,94,92,353798
1.6862,0.1906,38.52,94,92,353801
1.6716,0.2151,38.65,94,92,353804
1.6813,0.2102,38.71,94,92,353808
1.6911,0.2102,38.65,94,92,353811
1.6716,0.2102,38.68,94,92,353814
1.6911,0.2102,38.58,94,92,353817
1.6716,0.2102,38.74,94,92,353821
1.7107,0.2102,38.68,94,92,353824
1.7155,0.2151,38.49,94,92,353827
1.7351,0.2102,38.68,94,92,353831
1.7742,0.2151,38.49,94,92,353835
1.7498,0.2151,38.55,94,92,353838
1.7204,0.2102,38.68,94,92,353842
1.7155,0.2444,38.62,94,92,353845
1.6960,0.2151,38.68,94,92,353848
1.7302,0.2199,38.43,94,92,353852
1.7058,0.2102,38.58,94,92,353855
1.7107,0.2053,38.65,94,92,353858
1.7351,0.2151,38.81,94,92,353862
1.7449,0.2151,38.68,94,92,353865
1.7986,0.2297,38.43,94,92,353868
1.7546,0.2151,38.62,94,92,353871
1.7449,0.2004,38.58,94,92,353875
1.7400,0.2102,38.71,94,92,353879
1.7546,0.2151,38.68,94,92,353882
1.7986,0.2199,38.36,94,92,353886
1.7840,0.2102,38.74,94,92,353889
1.8035,0.2053,38.55,94,92,353892
1.7889,0.2102,38.68,94,92,353896
1.7791,0.2102,38.68,94,92,353899
1.8133,0.2151,38.49,94,92,353902
1.7986,0.2199,38.65,94,92,353906
1.8426,0.2151,38.52,94,92,353909
1.8328,0.2053,38.74,94,92,353912
1.8475,0.2102,38.55,94,92,353915
1.8622,0.2102,38.55,94,92,353920
1.8524,0.2102,38.71,94,92,353923
1.8719,0.2102,38.46,94,92,353926
1.8377,0.2102,38.62,94,92,353930
1.8328,0.2102,38.65,94,92,353933
1.8475,0.2199,38.55,94,92,353936
1.8377,0.2102,38.68,94,92,353940
1.8817,0.2151,38.40,94,92,353943
1.8426,0.2053,38.62,94,92,353946
1.8426,0.2102,38.68,94,92,353950
1.8377,0.2151,38.68,94,92,353953
1.8182,0.2102,38.71,94,92,353956
1.8622,0.2297,38.36,94,92,353959
1.8328,0.2151,38.55,94,92,353964
1.8133,0.2053,38.62,94,92,353967
1.8133,0.2151,38.71,94,92,353970
1.7986,0.2102,38.65,94,92,353974
1.8524,0.2199,38.46,94,92,353977
1.8084,0.2151,38.49,94,92,353980
1.8231,0.2346,38.55,94,92,353984
1.8035,0.2102,38.68,94,92,353987
1.8084,0.2102,38.08,94,92,353990
1.8328,0.2151,38.55,94,92,353994
1.8035,0.2102,38.62,94,92,353997
1.8133,0.2151,38.58,94,92,354000
1.7791,0.2053,38.68,94,92,354003
1.7791,0.2102,38.65,94,92,354008
1.7791,0.2199,38.55,94,92,354011
1.7644,0.2151,38.65,94,92,354014
1.7889,0.2102,38.52,94,92,354018
1.7644,0.2102,38.65,94,92,354021
1.7742,0.2102,38.81,94,92,354024
1.8133,0.2151,38.49,94,92,354028
1.7791,0.2102,38.62,94,92,354031
1.8475,0.2151,38.43,94,92,354034
1.8133,0.2151,38.55,94,92,354038
1.8084,0.2248,38.71,94,92,354041
1.8328,0.2199,38.62,94,92,354044
1.8182,0.2102,38.77,94,92,354049
1.8622,0.2248,38.36,94,92,354052
1.8133,0.2102,38.58,94,92,354055
1.7937,0.2297,38.65,94,92,354058
1.7937,0.2151,38.65,94,92,354062
1.7937,0.2102,38.77,94,92,354065
1.8622,0.2199,38.46,94,92,354068
1.8328,0.2151,38.68,94,92,354072
1.8426,0.2053,38.58,94,92,354075
1.8426,0.2102,38.65,94,92,354078
1.8426,0.2151,38.68,94,92,354082
1.8768,0.2199,38.58,94,92,354085
1.8573,0.2151,38.62,94,92,354088
1.8671,0.2102,38.49,94,92,354093
1.8426,0.2102,38.62,94,92,354096
1.8328,0.2151,38.65,94,92,354099
1.8524,0.2199,38.65,94,92,354103
1.8524,0.2151,38.68,94,92,354106
1.8426,0.2102,38.55,94,92,354109
1.8084,0.2248,38.58,94,92,354112
1.8133,0.2102,38.68,94,92,354116
1.8622,0.2151,38.74,94,92,354119
1.8671,0.2151,38.65,94,92,354122
1.9110,0.2151,38.46,94,92,354126
1.8915,0.2346,38.55,94,92,354129
1.9306,0.2004,38.65,94,92,354132
1.9062,0.1906,38.62,94,92,354137
1.9110,0.2102,38.65,94,92,354140
1.9795,0.2248,38.40,94,92,354143
1.9453,0.2102,38.65,94,92,354146
1.9599,0.2102,38.71,94,92,354150
1.9550,0.2102,38.68,94,92,354153
1.9159,0.2102,38.68,94,92,354156
1.9599,0.2297,38.36,94,92,354160
1.9062,0.2102,38.55,94,92,354163
1.8524,0.2053,38.65,94,92,354166
1.8328,0.2151,38.65,94,92,354170
1.8231,0.2102,38.68,94,92,354173
1.8671,0.2248,38.46,94,92,354177
1.8377,0.2151,38.65,94,92,354181
1.8280,0.2102,38.52,94,92,354184
1.7986,0.2102,38.68,94,92,354187
1.7986,0.2102,38.65,94,92,354190
1.8231,0.2199,38.46,94,92,354194
1.7889,0.2151,38.68,94,92,354197
1.7986,0.2151,38.52,94,92,354200
1.7546,0.2102,38.65,94,92,354204
1.7400,0.2102,38.65,94,92,354207
1.7351,0.2151,38.71,94,92,354210
1.7400,0.2151,38.65,94,92,354214
1.7937,0.2102,38.46,94,92,354217
1.7791,0.2151,38.68,94,92,354221
1.7791,0.2102,38.65,94,92,354225
1.7889,0.2151,38.55,94,92,354228
1.7644,0.2102,38.65,94,92,354231
1.7937,0.2151,38.43,94,92,354235
1.7986,0.2102,38.58,94,92,354238
1.8035,0.2102,38.74,94,92,354241
1.8328,0.2151,38.55,94,92,354244
1.7791,0.2102,38.68,94,92,354248
1.8475,0.2297,38.36,94,92,354251
1.8475,0.2151,38.55,94,92,354254
1.8671,0.2151,38.62,94,92,354258
1.9208,0.2102,38.71,94,92,354262
2.0235,0.2102,38.65,94,92,354265
2.2483,0.2297,38.49,94,92,354269
2.4047,0.1906,38.58,94,92,354272
2.6246,0.2102,38.62,94,92,354275
2.8641,0.2102,38.62,95,92,354279
2.8886,0.2102,38.65,95,92,354282
2.5660,0.2248,38.68,95,92,354286
2.2923,0.2199,38.55,95,92,354289
1.9892,0.2102,38.65,95,92,354292
1.8182,0.2151,38.49,95,92,354295
1.5982,0.2102,38.21,95,92,354299
1.5054,0.2102,38.65,95,92,354302
1.4467,0.2199,38.55,95,92,354306
1.3685,0.2102,38.65,95,92,354310
1.3587,0.2297,38.43,95,92,354313
1.3441,0.2151,38.58,95,92,354316
1.3539,0.2102,38.65,95,92,354320
1.3685,0.2102,38.62,95,92,354323
1.3978,0.2102,38.68,95,92,354326
1.4614,0.2639,38.36,95,92,354330
1.4370,0.2102,38.55,95,92,354333
1.4321,0.2102,38.62,95,92,354336
1.4467,0.2102,38.65,95,92,354339
1.4809,0.2297,38.62,95,92,354343
1.5689,0.2248,38.49,95,92,354347
1.5738,0.2151,38.62,95,92,354350
1.5787,0.2444,38.58,95,92,354354
1.5787,0.2102,38.77,95,92,354357
1.5885,0.2199,38.65,95,92,354360
1.6276,0.2199,38.49,95,92,354364
1.6080,0.2102,38.65,95,92,354367
1.6227,0.2151,38.52,95,92,354370
1.6080,0.2102,38.65,95,92,354374
1.6325,0.2102,38.87,95,92,354377
1.7009,0.2248,38.55,95,92,354380
1.6716,0.2102,38.65,95,92,354383
1.7009,0.2102,38.49,95,92,354387
1.6667,0.2346,38.68,95,92,354391
1.6569,0.2102,38.68,95,92,354394
1.6764,0.2199,38.55,95,92,354398
1.6911,0.2102,38.65,95,92,354401
1.7400,0.2151,38.46,95,92,354404
1.7253,0.2199,38.65,95,92,354408
1.7204,0.2102,38.65,95,92,354411
1.7253,0.2151,38.68,95,92,354414
1.7204,0.2102,38.68,95,92,354418
1.7546,0.2199,38.40,95,92,354421
1.7302,0.2151,38.58,95,92,354424
1.7204,0.2004,38.65,95,92,354427
1.7253,0.2151,38.65,95,92,354432
1.7155,0.2102,38.52,95,92,354435
1.7742,0.2297,38.43,95,92,354438
1.7644,0.2151,38.68,95,92,354442
1.7693,0.2053,38.62,95,92,354445
1.7840,0.2102,38.65,95,92,354448
1.7693,0.2102,38.68,95,92,354452
1.7937,0.2444,38.46,95,92,354455
1.7595,0.2151,38.68,95,92,354458
1.7644,0.2102,38.52,95,92,354462
1.7644,0.2151,38.68,95,92,354465
1.7546,0.2102,38.65,95,92,354468
1.7742,0.2151,38.68,95,92,354471
1.7742,0.2102,38.65,95,92,354476
1.8231,0.2199,38.52,95,92,354479
1.8084,0.2102,38.68,95,92,354482
1.8133,0.2102,38.65,95,92,354486
1.8280,0.2199,38.55,95,92,354489
1.7791,0.2102,38.65,95,92,354492
1.8133,0.2199,38.52,95,92,354496
1.7840,0.2102,38.58,95,92,354499
1.7986,0.2102,38.74,95,92,354502
1.8377,0.2199,38.52,95,92,354506
1.8377,0.2102,38.68,95,92,354509
1.8915,0.2151,38.40,95,92,354512
1.8768,0.2151,38.58,95,92,354515
1.8622,0.2151,38.77,95,92,354520
1.8768,0.2151,38.62,95,92,354523
1.8817,0.2102,38.71,95,92,354526
1.9257,0.2395,38.33,95,92,354530
1.8622,0.2102,38.62,95,92,354533
1.8622,0.1955,38.65,95,92,354536
1.8817,0.1906,38.65,95,92,354540
1.9013,0.2102,38.65,95,92,354543
1.9550,0.2248,38.46,95,92,354546
1.9110,0.2151,38.62,95,92,354550
1.9159,0.2102,38.58,95,92,354553
1.9062,0.2102,38.68,95,92,354556
1.9062,0.2102,38.65,95,92,354561
1.9404,0.2151,38.49,95,92,354564
1.9110,0.2102,38.68,95,92,354567
1.9159,0.2102,38.49,95,92,354570
1.9453,0.2102,38.68,95,92,354574
1.9257,0.2102,38.71,95,92,354577
1.9501,0.2297,38.55,95,92,354580
1.9159,0.2151,38.62,95,92,354584
1.9257,0.2102,38.55,95,92,354587
1.8671,0.2102,38.62,95,92,354590
1.8524,0.2102,38.68,95,92,354594
1.8768,0.2151,38.62,95,92,354597
1.8671,0.2151,38.62,95,92,354600
1.8964,0.2151,38.40,95,92,354605
1.8524,0.2102,38.68,95,92,354608
1.8328,0.2102,38.68,95,92,354611
1.8377,0.2102,38.62,95,92,354614
1.8133,0.2102,38.65,95,92,354618
1.8817,0.2199,38.40,95,92,354621
1.8768,0.2151,38.52,95,92,354624
1.8622,0.2102,39.06,95,92,354628
1.8426,0.2151,38.65,95,92,354631
1.8182,0.2053,37.90,95,92,354634
1.8671,0.2297,38.49,95,92,354638
1.8328,0.2199,38.55,95,92,354641
1.8133,0.2053,38.62,95,92,354644
1.7986,0.2199,38.71,95,92,354649
1.7742,0.2102,38.68,95,92,354652
1.8035,0.2199,38.49,95,92,354655
1.7937,0.2102,38.65,95,92,354658
1.8182,0.2102,38.55,95,92,354662
1.8035,0.2102,38.65,95,92,354665
1.8182,0.2102,38.65,95,92,354668
1.8133,0.2151,38.62,95,92,354672
1.8084,0.2053,38.68,95,92,354675
1.8573,0.2151,38.52,95,92,354678
1.8377,0.2151,38.68,95,92,354682
1.8524,0.2102,38.65,95,92,354685
1.8817,0.2248,38.49,95,92,354689
1.8426,0.2102,38.71,95,92,354693
1.8622,0.2102,38.46,95,92,354696
1.8377,0.2151,38.58,95,92,354699
1.8377,0.2102,38.68,95,92,354702
1.8524,0.2248,38.58,95,92,354706
1.8671,0.2151,38.65,95,92,354709
1.8866,0.2151,38.43,95,92,354712
1.8817,0.2151,38.58,95,92,354716
1.8475,0.2053,38.68,95,92,354719
1.8719,0.2199,38.62,95,92,354722
1.8719,0.2102,38.68,95,92,354726
1.9257,0.2248,38.36,95,92,354729
1.8817,0.2151,38.55,95,92,354733
1.8671,0.2053,38.68,95,92,354737
1.8768,0.2199,38.65,95,92,354740
1.8866,0.2102,38.77,95,92,354743
1.9404,0.2590,38.52,95,92,354747
1.9208,0.2102,38.62,95,92,354750
1.9110,0.2102,38.55,95,92,354753
1.8866,0.2151,38.65,95,92,354756
1.8817,0.2102,38.65,95,92,354760
1.9208,0.2199,38.52,95,92,354763
1.9013,0.2102,38.65,95,92,354766
1.9501,0.2151,38.58,95,92,354770
1.9404,0.2248,38.65,95,92,354774
1.9550,0.2102,38.68,95,92,354777
1.9746,0.2102,38.49,95,92,354781
1.9355,0.2297,38.68,95,92,354784
1.9453,0.2151,38.52,95,92,354787
1.8768,0.2053,38.55,95,92,354790
1.8573,0.2199,38.65,95,92,354794
1.8573,0.2151,38.55,95,92,354797
1.8280,0.2151,38.68,95,92,354800
1.8475,0.2151,38.49,95,92,354804
1.7986,0.2102,38.71,95,92,354807
1.7889,0.2102,38.68,95,92,354810
1.7889,0.2151,38.58,95,92,354814
1.7644,0.2102,38.65,95,92,354818
1.7889,0.2199,38.43,95,92,354821
1.7644,0.2444,38.55,95,92,354825
1.7498,0.1906,38.65,95,92,354828
1.7498,0.2297,38.71,95,92,354831
1.7155,0.2102,38.65,95,92,354835
1.7546,0.2297,38.49,95,92,354838
1.7204,0.2151,38.58,95,92,354841
1.7058,0.2053,38.58,95,92,354844
1.7058,0.2102,38.71,95,92,354848
1.7107,0.2102,38.65,95,92,354851
1.7546,0.2151,38.52,95,92,354854
1.7351,0.2102,38.58,95,92,354859
1.7498,0.2151,38.55,95,92,354862
1.7351,0.2102,38.65,95,92,354865
1.7498,0.2004,38.65,95,92,354869
1.7742,0.2151,38.62,95,92,354872
1.7937,0.2102,38.87,95,92,354875
1.8622,0.2151,38.55,95,92,354879
1.8915,0.2102,38.65,95,92,354882
1.9746,0.2053,38.65,95,92,354885
2.1310,0.2199,38.55,95,92,354888
3.2600,0.2151,38.62,95,92,354892
3.3333,0.2102,38.74,95,92,354895
3.3284,0.2199,38.36,95,92,354899
2.9912,0.2102,38.55,95,92,354903
2.6197,0.2053,38.65,95,92,354906
2.2874,0.2151,38.65,95,92,354910
1.9941,0.2102,38.68,95,92,354913
1.8182,0.2297,37.80,95,92,354916
1.6031,0.2248,38.62,95,92,354920
1.4663,0.2151,38.55,95,92,354923
1.3636,0.2199,38.55,95,92,354926
1.3099,0.2102,38.68,95,92,354930
1.3001,0.2199,38.58,95,92,354933
1.2757,0.2102,38.58,95,92,354936
1.2952,0.2151,38.55,95,92,354939
1.3099,0.2102,38.65,95,92,354944
1.3392,0.2053,38.65,95,92,354947
1.3930,0.2199,38.52,95,92,354950
1.3930,0.2102,38.65,95,92,354954
1.4418,0.2248,38.58,95,92,354957
1.4272,0.2053,38.65,95,92,354960
1.4418,0.2004,38.74,95,92,354964
1.4614,0.2151,38.55,95,92,354967
1.4663,0.2102,38.65,95,92,354970
1.5005,0.2151,38.49,95,92,354974
1.4907,0.2102,38.62,95,92,354977
1.5054,0.2102,38.65,95,92,354980
1.5445,0.2248,38.58,95,92,354983
1.5298,0.2102,38.68,95,92,354988
1.5689,0.2199,38.36,95,92,354991
1.5396,0.2053,38.62,95,92,354994
1.5494,0.2151,38.77,95,92,354998
1.5738,0.2151,38.62,95,92,355001
1.5787,0.2102,38.65,95,92,355004
1.6569,0.2199,38.36,95,92,355008
1.6227,0.2102,38.62,95,92,355011
1.6178,0.2053,38.55,95,92,355014
1.6227,0.2102,38.68,95,92,355018
1.6178,0.2102,38.74,95,92,355021
1.6569,0.2297,38.49,95,92,355024
1.6325,0.2151,38.62,95,92,355027
1.6373,0.2346,38.62,95,92,355032
1.6325,0.1906,38.65,95,92,355035
1.6422,0.2053,38.68,95,92,355038
1.6716,0.2346,38.55,95,92,355042
1.6569,0.2102,38.65,95,92,355045
1.6764,0.2102,38.52,95,92,355048
1.6667,0.2151,38.68,95,92,355052
1.6764,0.2053,38.58,95,92,355055
1.6911,0.2199,38.58,95,92,355058
1.6960,0.2151,38.68,95,92,355062
1.7204,0.2102,37.83,95,92,355065
1.6911,0.2053,38.65,95,92,355068
1.6960,0.2053,38.65,95,92,355072
1.7107,0.2151,38.65,95,92,355076
1.7009,0.2102,38.68,95,92,355079
1.7302,0.2102,38.40,95,92,355082
1.7155,0.2102,38.46,95,92,355086
1.7107,0.2053,38.68,95,92,355089
1.7400,0.2151,38.58,95,92,355092
1.7302,0.2102,38.65,95,92,355096
1.7840,0.2199,38.43,95,92,355099
1.7498,0.2102,38.68,95,92,355102
1.7400,0.2297,38.65,95,92,355106
1.7400,0.2151,38.65,95,92,355109
1.7351,0.2053,38.68,95,92,355112
1.7840,0.2248,38.40,95,92,355116
1.7449,0.2151,38.58,95,92,355120
1.7351,0.2053,38.65,95,92,355123
1.7302,0.2053,38.65,95,92,355126
1.7302,0.2102,38.81,95,92,355130
1.7693,0.2639,38.55,95,92,355133
1.7498,0.1906,38.65,95,92,355136
1.7693,0.2102,38.62,95,92,355140
1.7595,0.2102,38.65,95,92,355143
1.7693,0.2053,38.71,95,92,355146
1.8084,0.2199,38.52,95,92,355150
1.7937,0.2102,38.62,95,92,355153
1.8231,0.2151,38.52,95,92,355156
1.8280,0.2004,38.68,95,92,355160
1.8182,0.2102,38.65,95,92,355164
1.8377,0.2151,38.52,95,92,355167
1.8231,0.1906,38.68,95,92,355170
1.8524,0.2102,38.49,95,92,355174
1.8622,0.2102,38.62,95,92,355177
1.8426,0.2102,38.77,95,92,355180
1.8671,0.2395,38.58,95,92,355184
1.8622,0.2102,38.65,95,92,355187
1.9062,0.2151,38.40,95,92,355190
1.8573,0.2053,38.62,95,92,355194
1.8622,0.2053,38.52,95,92,355197
1.8671,0.2151,38.74,95,92,355201
1.8475,0.2053,38.68,95,92,355205
1.9062,0.2297,38.43,95,92,355208
1.8671,0.2102,38.68,95,92,355211
1.8524,0.2102,38.68,95,92,355214
1.8524,0.2102,38.62,95,92,355218
1.8475,0.2053,38.65,95,92,355221
1.8817,0.2199,38.49,95,92,355224
1.8426,0.2151,38.58,95,92,355228
1.8280,0.2346,38.52,95,92,355231
1.7986,0.1906,38.68,95,92,355234
1.7889,0.2053,38.68,95,92,355238
1.8084,0.2102,38.49,95,92,355241
1.7742,0.2102,38.65,95,92,355245
1.7986,0.2102,38.49,95,92,355248
1.7742,0.2053,38.71,95,92,355252
1.7791,0.2053,38.68,95,92,355255
1.7937,0.2102,38.52,95,92,355258
1.7840,0.2542,38.68,95,92,355262
1.8328,0.2053,38.58,95,92,355265
1.7742,0.2102,38.65,95,92,355268
1.7791,0.2053,38.68,95,92,355272
1.7986,0.2151,38.55,95,92,355275
1.7937,0.2102,38.65,95,92,355278
1.7889,0.2102,38.49,95,92,355282
1.7644,0.2102,38.52,95,92,355286
1.7791,0.2004,38.68,95,92,355289
1.7791,0.2151,38.58,95,92,355292
1.7644,0.2151,38.65,95,92,355296
1.8231,0.2151,38.40,95,92,355299
1.7937,0.2151,38.55,95,92,355302
1.7889,0.2053,38.65,95,92,355306
1.7986,0.2102,38.58,95,92,355309
1.7986,0.2151,38.68,95,92,355312
1.8622,0.2297,38.49,95,92,355316
1.8280,0.2151,38.58,95,92,355319
1.8426,0.1906,38.58,95,92,355322
1.8475,0.2102,38.68,95,92,355326
1.8524,0.2151,38.65,95,92,355330
1.8915,0.2199,38.58,95,92,355333
1.8671,0.2102,38.71,95,92,355336
1.8719,0.2151,38.52,95,92,355340
1.8475,0.2102,38.71,95,92,355343
1.8475,0.2053,38.65,95,92,355346
1.8768,0.2199,38.49,95,92,355350
1.8524,0.2053,38.65,95,92,355353
1.8915,0.2248,38.55,95,92,355356
1.8524,0.2004,38.65,95,92,355360
1.8573,0.2053,38.71,95,92,355363
1.8768,0.1906,38.52,95,92,355366
1.8671,0.2102,38.65,95,92,355371
1.9062,0.2102,38.49,95,92,355374
1.8964,0.2053,38.65,95,92,355377
1.9062,0.2053,38.65,95,92,355380
1.9306,0.2151,38.58,95,92,355384
1.9208,0.2102,38.68,95,92,355387
1.9892,0.2102,38.43,95,92,355390
1.9453,0.2053,38.52,95,92,355394
1.9550,0.2151,38.68,95,92,355397
1.9697,0.2151,38.62,95,92,355400
1.9404,0.2102,38.65,95,92,355404
1.9746,0.1906,38.36,95,92,355407
1.9257,0.2102,38.55,95,92,355410
1.8817,0.2053,38.65,95,92,355415
1.8622,0.2102,38.62,95,92,355418
1.8377,0.2053,38.58,95,92,355421
1.8768,0.2297,38.43,95,92,355424
1.8328,0.2151,38.58,95,92,355428
1.8182,0.2053,38.58,95,92,355431
1.7986,0.2151,38.68,95,92,355434
1.7889,0.2053,38.84,95,92,355438
1.8084,0.2102,38.55,95,92,355441
1.7742,0.2102,38.65,95,92,355444
1.7889,0.2346,38.52,95,92,355448
1.7546,0.2102,38.65,95,92,355451
1.7546,0.2053,38.65,95,92,355454
1.7742,0.2053,38.58,95,92,355459
1.7449,0.2102,38.65,95,92,355462
1.7693,0.2151,38.52,95,92,355465
1.7400,0.2053,38.68,95,92,355468
1.7449,0.2053,38.71,95,92,355472
1.7693,0.2199,38.55,95,92,355475
1.7546,0.2102,38.68,95,92,355478
1.7937,0.2395,38.46,95,92,355482
1.7742,0.2102,38.58,95,92,355485
1.7742,0.2053,38.65,95,92,355488
1.7986,0.2151,38.58,95,92,355492
1.7937,0.2053,38.71,95,92,355495
1.8573,0.2151,38.43,95,92,355499
2.2043,0.2199,38.49,94,92,355503
2.3509,0.2102,38.58,94,92,355506
2.5660,0.2053,38.58,94,92,355510
2.7908,0.2102,38.65,94,92,355513
3.0450,0.2053,38.68,94,92,355516
3.2747,0.2151,38.55,94,92,355519
3.3040,0.2102,38.58,94,92,355523
3.2160,0.2102,38.52,94,92,355526
2.9179,0.1906,38.68,94,92,355529
2.5953,0.2053,38.65,94,92,355533
2.3363,0.2199,38.49,94,92,355536
2.0381,0.2102,38.65,94,92,355539
1.8573,0.2151,38.55,94,92,355544
1.6520,0.2053,38.62,94,92,355547
1.5543,0.2102,38.68,94,92,355550
1.4516,0.2102,38.52,94,92,355553
1.3832,0.2102,38.65,94,92,355557
1.3685,0.2102,38.49,94,92,355560
1.3294,0.2248,38.62,94,92,355563
1.3490,0.2004,38.65,94,92,355567
1.3636,0.2151,38.58,94,92,355570
1.3734,0.2248,38.65,94,92,355573
1.4321,0.2151,38.40,94,92,355577
1.4174,0.2053,38.62,94,92,355580
1.4565,0.2053,38.68,94,92,355584
1.4663,0.2102,38.71,94,92,355588
1.4858,0.2004,38.68,94,92,355591
1.5445,0.2248,38.52,94,92,355594
1.5249,0.2102,38.55,94,92,355597
1.5298,0.2444,38.62,94,92,355601
1.5494,0.2102,38.71,94,92,355604
1.5591,0.2053,38.65,94,92,355607
1.6129,0.2151,38.46,94,92,355611
1.5934,0.2199,38.65,94,92,355614
1.6031,0.2004,38.55,94,92,355617
1.5982,0.2053,38.68,94,92,355621
1.6080,0.2053,38.62,94,92,355624
1.6471,0.2199,38.52,94,92,355628
1.6373,0.2102,38.62,94,92,355632
1.6618,0.2102,38.49,94,92,355635
1.6422,0.2102,38.68,94,92,355638
1.6520,0.2053,38.74,94,92,355641
1.6667,0.2053,38.62,94,92,355645
1.6716,0.2004,38.65,94,92,355648
1.6960,0.2053,38.52,94,92,355651
1.6716,0.2151,38.68,94,92,355655
1.6813,0.1906,38.68,94,92,355658
1.7009,0.2102,38.84,94,92,355661
1.6862,0.2102,38.65,94,92,355665
1.7253,0.2102,38.52,94,92,355668
1.7155,0.2102,38.55,94,92,355672
1.7107,0.2053,38.68,94,92,355676
1.7302,0.2102,38.62,94,92,355679
1.7155,0.2053,38.68,94,92,355682
1.7889,0.2151,38.40,94,92,355685
1.7351,0.2053,38.62,94,92,355689
1.7351,0.2004,38.71,94,92,355692
1.7498,0.2102,38.65,94,92,355695
1.7449,0.2053,37.90,94,92,355699
1.8035,0.2199,38.43,94,92,355702
1.7693,0.2102,38.58,94,92,355705
1.7644,0.2004,38.71,94,92,355709
1.7546,0.2053,38.71,94,92,355713
1.7546,0.2053,38.68,94,92,355716
1.7986,0.2199,38.55,94,92,355719
1.7742,0.2053,38.62,94,92,355723
1.7889,0.2053,38.65,94,92,355726
1.8035,0.2102,38.68,94,92,355729
1.7644,0.2053,38.65,94,92,355733
1.7986,0.2151,38.46,94,92,355736
1.7791,0.1906,38.65,94,92,355739
1.7986,0.2102,38.52,94,92,355743
1.7693,0.2297,38.68,94,92,355746
1.7693,0.2053,38.65,94,92,355749
1.7937,0.2102,38.58,94,92,355753
1.7840,0.2248,38.68,94,92,355757
1.8182,0.2004,38.52,94,92,355760
1.7937,0.2053,38.62,94,92,355763
1.8035,0.2053,38.77,94,92,355767
1.8182,0.2053,38.55,94,92,355770
1.8133,0.1906,38.65,94,92,355773
1.8573,0.2102,38.11,94,92,355777
1.8328,0.2004,38.65,94,92,355780
1.8475,0.2004,38.74,94,92,355783
1.8719,0.2151,38.65,94,92,355787
1.8622,0.2053,38.68,94,92,355790
1.9159,0.2444,38.36,94,92,355793
1.8866,0.2102,38.58,94,92,355798
1.8768,0.2004,38.58,94,92,355801
1.8817,0.2151,38.62,94,92,355804
1.8768,0.2053,38.68,94,92,355807
1.9355,0.2248,38.55,94,92,355811
1.8964,0.2151,38.58,94,92,355814
1.8915,0.2053,38.58,94,92,355817
1.8866,0.2053,38.68,94,92,355821
1.8817,0.2053,38.65,94,92,355824
1.9159,0.2151,38.43,94,92,355827
1.9062,0.2102,38.65,94,92,355831
1.8964,0.2102,38.55,94,92,355834
1.8719,0.2053,38.65,94,92,355837
1.8671,0.2053,38.68,94,92,355842
1.8768,0.2102,38.58,94,92,355845
1.8573,0.2053,38.65,94,92,355848
1.8866,0.1906,38.55,94,92,355851
1.8573,0.2053,38.81,94,92,355855
1.8622,0.2053,38.68,94,92,355858
1.8866,0.2102,38.52,94,92,355861
1.8573,0.2053,38.65,94,92,355865
1.8866,0.2053,38.43,94,92,355868
1.8622,0.2004,38.55,94,92,355871
1.8475,0.2248,38.65,94,92,355875
1.8622,0.2151,38.55,94,92,355878
1.8377,0.2053,38.68,94,92,355881
1.8719,0.2297,38.40,94,92,355886
1.8426,0.2053,38.62,94,92,355889
1.8280,0.2053,38.65,94,92,355892
1.8328,0.2199,38.62,94,92,355895
1.8231,0.2053,38.65,94,92,355899
1.8768,0.2151,38.30,94,92,355902
1.8671,0.1906,38.55,94,92,355905
1.8328,0.2004,38.62,94,92,355909
1.8328,0.2102,38.74,94,92,355912
1.8328,0.2053,38.68,94,92,355915
1.8768,0.2199,38.49,94,92,355919
1.8768,0.2151,38.58,94,92,355922
1.8377,0.2053,38.58,94,92,355926
1.8231,0.2004,38.65,94,92,355930
1.8475,0.2004,38.65,94,92,355933
1.8671,0.2151,38.49,94,92,355936
1.8475,0.2053,38.65,94,92,355939
1.8719,0.2102,38.52,94,92,355943
1.8475,0.2053,38.84,94,92,355946
1.8426,0.2102,38.65,94,92,355949
1.8719,0.2102,38.58,94,92,355953
1.8573,0.2053,38.62,94,92,355956
1.8915,0.2053,38.52,94,92,355959
1.8719,0.2004,38.62,94,92,355963
1.8768,0.2053,38.58,94,92,355966
1.8915,0.2444,38.62,94,92,355970
1.8866,0.1906,38.62,94,92,355973
1.9257,0.2102,38.46,94,92,355977
1.9013,0.2004,38.65,94,92,355980
1.9110,0.2053,38.68,94,92,355983
1.9355,0.2151,38.58,94,92,355987
1.9159,0.2053,38.65,94,92,355990
1.9648,0.2151,38.36,94,92,355993
1.9355,0.2102,38.55,94,92,355997
1.9355,0.2053,38.68,94,92,356000
1.9501,0.2151,38.65,94,92,356003
1.9501,0.2053,38.65,94,92,356007
2.0088,0.2248,38.46,94,92,356011
1.9844,0.2444,38.55,94,92,356014
1.9844,0.2004,38.62,94,92,356017
1.9941,0.2102,38.68,94,92,356021
1.9990,0.2053,38.65,94,92,356024
2.0430,0.2248,38.49,94,92,356027
1.9941,0.2102,38.62,94,92,356031
1.9746,0.2053,38.55,94,92,356034
1.9355,0.2053,38.68,94,92,356037
1.9062,0.2053,38.77,94,92,356041
1.9062,0.2102,38.58,94,92,356044
1.8622,0.2004,38.65,94,92,356047
1.8719,0.2102,38.52,94,92,356050
1.8328,0.2053,38.71,94,92,356055
1.8182,0.2053,38.68,94,92,356058
1.8377,0.2151,38.52,94,92,356061
1.8035,0.2053,38.65,94,92,356065
1.8231,0.2053,38.52,94,92,356068
1.7889,0.2053,38.62,94,92,356071
1.8084,0.2004,38.68,94,92,356075
1.7986,0.2102,38.52,94,92,356078
1.7742,0.2053,38.71,94,92,356081
1.8035,0.2102,38.43,94,92,356085
1.7840,0.2053,38.68,94,92,356088
1.7791,0.2053,38.71,94,92,356091
1.8035,0.2199,38.58,94,92,356094
1.7791,0.2004,38.65,94,92,356099
1.8280,0.2151,38.40,94,92,356102
1.7889,0.2102,38.62,94,92,356105
1.7986,0.2053,38.71,94,92,356109
1.8231,0.2102,38.02,94,92,356112
1.9013,0.2053,38.65,94,92,356117
1.9453,0.2053,38.68,94,92,356120
2.0626,0.2151,38.49,94,92,356123
2.1310,0.2053,38.62,94,92,356127
2.3069,0.2102,38.52,94,92,356130
2.4487,0.2053,38.65,94,92,356133
2.6686,0.2053,38.74,94,92,356137
2.9374,0.2102,38.55,94,92,356141
3.1378,0.2102,38.68,94,92,356144
3.3431,0.2102,38.96,94,92,356147
3.2991,0.2102,38.68,94,92,356151
3.1427,0.2004,38.65,94,92,356154
2.8837,0.2053,38.58,94,92,356157
2.5562,0.2102,38.68,94,92,356161
2.3069,0.2004,38.46,94,92,356164
2.0283,0.2053,38.58,94,92,356167
1.8328,0.2297,38.62,94,92,356171
1.7058,0.2151,38.58,94,92,356174
1.5689,0.2053,38.65,94,92,356177
1.5347,0.2151,38.40,94,92,356180
1.4761,0.2102,38.58,94,92,356185
1.4370,0.2053,38.65,94,92,356188
1.4418,0.2151,38.62,94,92,356191
1.4223,0.2053,38.02,94,92,356195
1.4761,0.2199,38.40,94,92,356198
1.4663,0.2053,38.52,94,92,356201
1.4712,0.2004,38.65,94,92,356205
1.4907,0.2053,38.65,94,92,356208
1.5005,0.2102,38.68,94,92,356211
1.5640,0.2199,38.49,94,92,356214
1.5494,0.2102,38.62,94,92,356218
1.5640,0.2004,38.55,94,92,356221
1.6129,0.2053,38.65,94,92,356225
1.5934,0.2053,38.74,94,92,356229
1.6325,0.2493,38.58,94,92,356232
1.6227,0.2053,38.65,94,92,356235
1.6520,0.2053,38.52,94,92,356239
1.6520,0.2004,38.65,94,92,356242
1.6618,0.2004,38.65,94,92,356245
1.6960,0.2199,38.65,94,92,356249
1.6813,0.2004,38.68,94,92,356252
1.7155,0.2102,38.55,94,92,356255
1.6813,0.2004,38.58,94,92,356258
1.6960,0.2102,38.65,94,92,356262
1.7204,0.2102,38.71,94,92,356265
1.7204,0.2102,38.65,94,92,356269
1.7595,0.2053,38.46,94,92,356273
1.7498,0.2053,38.62,94,92,356276
1.7546,0.2004,38.65,94,92,356279
1.7693,0.2199,38.58,94,92,356283
1.7449,0.2004,38.68,94,92,356286
1.7742,0.2102,38.43,94,92,356289
1.7302,0.2004,38.62,94,92,356292
1.7351,0.1906,38.68,94,92,356296
1.7400,0.2102,38.65,94,92,356299
1.7400,0.2004,38.68,94,92,356302
1.7889,0.2199,38.43,94,92,356306
1.7498,0.2102,38.52,94,92,356310
1.7351,0.2004,38.68,94,92,356313
1.7351,0.2053,38.65,94,92,356317
1.7351,0.2053,38.74,94,92,356320
1.7937,0.2151,38.46,94,92,356323
1.7644,0.2151,38.58,94,92,356327
1.7644,0.2004,38.55,94,92,356330
1.7595,0.2053,38.65,94,92,356333
1.7693,0.2053,38.74,94,92,356336
1.8133,0.2102,38.55,94,92,356340
1.7937,0.2053,38.71,94,92,356343
1.8231,0.2053,38.52,94,92,356346
1.7986,0.1906,38.68,94,92,356350
1.7937,0.2053,38.68,94,92,356354
1.8084,0.2004,38.58,94,92,356357
1.7791,0.2053,38.65,94,92,356361
1.8035,0.2053,38.30,94,92,356364
1.8035,0.2053,38.65,94,92,356367
1.7840,0.1906,38.68,94,92,356371
1.8133,0.2102,38.65,94,92,356374
1.8084,0.2053,38.68,94,92,356377
1.8426,0.2102,38.46,94,92,356380
1.8280,0.2053,38.58,94,92,356384
1.8231,0.2053,38.68,94,92,356387
1.8475,0.2102,38.55,94,92,356390
1.8280,0.2151,38.68,94,92,356395
1.8768,0.2151,38.46,94,92,356398
1.8475,0.2151,38.58,94,92,356401
1.8524,0.2004,38.68,94,92,356405
1.8817,0.2053,38.77,94,92,356408
1.8866,0.2053,38.68,94,92,356411
1.9501,0.2248,38.43,94,92,356414
1.9159,0.2053,38.62,94,92,356418
1.9110,0.2004,38.74,94,92,356421
1.9208,0.2151,38.65,94,92,356424
1.9257,0.2004,38.65,94,92,356428
1.9746,0.2248,38.52,94,92,356431
1.9648,0.2102,38.62,94,92,356434
1.9306,0.2004,38.55,94,92,356439
1.9159,0.2004,38.65,94,92,356442
1.9159,0.1906,38.68,94,92,356445
1.9550,0.2151,38.90,94,92,356449
1.9257,0.2004,38.68,94,92,356452
1.9404,0.2102,38.52,94,92,356455
1.9013,0.2053,38.65,94,92,356458
1.8915,0.2053,38.65,94,92,356462
1.9062,0.2004,38.55,94,92,356465
1.8817,0.2053,38.68,94,92,356468
1.9013,0.2053,38.52,94,92,356472
1.8622,0.2053,38.65,94,92,356475
1.8524,0.2004,38.68,94,92,356478
1.8622,0.2053,38.55,94,92,356483
1.8475,0.2053,38.68,94,92,356486
1.8817,0.2053,38.46,94,92,356489
1.8524,0.2102,38.68,94,92,356492
1.8573,0.2004,38.68,94,92,356496
1.8719,0.2102,38.58,94,92,356499
1.8475,0.2053,38.68,94,92,356502
1.9013,0.2102,38.49,94,92,356506
1.8817,0.2151,38.55,94,92,356509
1.8671,0.2004,38.65,94,92,356512
1.8622,0.2199,38.65,94,92,356516
1.8524,0.2004,38.68,94,92,356519
1.8915,0.2248,38.49,94,92,356523
1.8426,0.2151,38.62,94,92,356527
1.8280,0.2004,38.58,94,92,356530
1.8231,0.2053,38.77,94,92,356533
1.8231,0.2199,38.65,94,92,356536
1.8622,0.2102,38.52,94,92,356540
1.8377,0.2053,38.68,94,92,356543
1.8475,0.2053,38.55,94,92,356546
1.8328,0.1906,38.65,94,92,356550
1.8231,0.2004,38.58,94,92,356553
1.8475,0.2151,38.68,94,92,356556
1.8377,0.2053,38.65,94,92,356560
1.8671,0.2102,38.49,94,92,356563
1.8524,0.2053,38.65,94,92,356567
1.8671,0.2053,38.90,94,92,356571
1.9013,0.2102,38.52,94,92,356574
1.8768,0.2053,38.71,94,92,356577
1.8866,0.2053,38.49,94,92,356580
1.8964,0.2053,38.55,94,92,356584
1.8671,0.2004,38.68,94,92,356587
1.9062,0.2151,38.55,94,92,356590
1.9110,0.2004,38.71,94,92,356594
1.9599,0.2102,38.40,94,92,356597
1.9648,0.2053,38.62,94,92,356600
1.9306,0.1906,38.71,94,92,356604
1.9501,0.2102,38.58,94,92,356608
1.9404,0.2053,38.77,94,92,356611
1.9892,0.2102,38.36,94,92,356614
1.9404,0.1906,38.58,94,92,356618
1.9306,0.2004,38.65,94,92,356621
1.9306,0.2151,38.68,94,92,356624
1.9257,0.2004,38.87,94,92,356628
1.9892,0.2199,38.58,94,92,356631
1.9648,0.2151,38.58,94,92,356634
1.9550,0.2004,38.58,94,92,356638
1.9501,0.2590,38.65,94,92,356641
1.9501,0.2053,38.68,94,92,356644
1.9941,0.2102,38.49,94,92,356648
1.9892,0.2151,38.62,94,92,356652
2.0137,0.2004,38.55,94,92,356655
1.9990,0.2053,38.65,94,92,356658
1.9892,0.2004,38.87,94,92,356662
2.0039,0.2102,38.52,94,92,356665
1.9599,0.2004,38.65,94,92,356668
1.9599,0.2102,38.58,94,92,356672
1.9013,0.2053,38.68,94,92,356675
1.8866,0.2053,38.65,94,92,356678
1.8817,0.2053,38.08,94,92,356682
1.8622,0.2053,38.65,94,92,356685
1.8866,0.2053,38.52,94,92,356688
1.8328,0.2053,38.55,94,92,356691
1.8231,0.2053,38.68,94,92,356696
1.8328,0.2004,38.55,94,92,356699
1.7986,0.2053,38.65,94,92,356702
1.8231,0.2004,38.43,94,92,356706
1.7986,0.2053,38.55,94,92,356709
1.7889,0.2004,38.62,94,92,356712
1.8133,0.2102,38.58,94,92,356716
1.7840,0.2004,38.68,94,92,356719
1.8231,0.2102,38.40,94,92,356722
1.8377,0.2151,38.52,95,92,356727
1.8231,0.2004,38.62,95,92,356730
1.8377,0.2004,38.55,95,92,356734
1.8231,0.2053,38.68,95,92,356738
1.8573,0.2004,38.68,95,92,356741
1.8671,0.2102,38.62,95,92,356744
1.8719,0.2053,38.71,95,92,356748
1.9159,0.2053,38.43,95,92,356751
1.9404,0.2004,38.87,95,92,356754
2.0283,0.1955,38.71,95,92,356758
2.2190,0.2151,38.52,95,92,356761
2.3607,0.2053,38.62,95,92,356764
2.6246,0.2053,38.52,95,92,356768
2.8397,0.1906,38.58,95,92,356771
3.0743,0.2004,38.68,95,92,356774
3.2845,0.2102,38.49,95,92,356777
3.3187,0.2004,38.68,95,92,356782
3.2405,0.2053,38.46,95,92,356785
2.9277,0.2004,38.58,95,92,356788
2.6051,0.2102,38.68,95,92,356792
2.3460,0.2102,38.58,95,92,356795
2.0381,0.2004,38.68,95,92,356798
1.8573,0.2102,38.40,95,92,356802
1.6569,0.2004,38.62,95,92,356805
1.5152,0.2004,38.68,95,92,356808
1.4467,0.2053,38.55,95,92,356811
1.4174,0.2004,38.68,95,92,356815
1.4223,0.2199,38.46,95,92,356818
1.3832,0.2053,38.58,95,92,356822
1.3685,0.1955,38.65,95,92,356826
1.3783,0.2004,38.65,95,92,356829
1.4125,0.2004,38.68,95,92,356832
1.4614,0.2102,38.49,95,92,356836
1.4565,0.2004,38.62,95,92,356839
1.4809,0.2004,38.58,95,92,356842
1.4858,0.2004,38.65,95,92,356846
1.5054,0.2004,38.77,95,92,356849
1.5543,0.2151,38.52,95,92,356852
1.5543,0.2053,38.65,95,92,356855
1.5836,0.2053,38.49,95,92,356859
1.5787,0.2004,38.68,95,92,356862
1.5982,0.2004,38.65,95,92,356866
1.6227,0.2053,38.58,95,92,356870
1.6227,0.1906,38.68,95,92,356873
1.6618,0.2004,38.65,95,92,356876
1.6422,0.2053,38.65,95,92,356880
1.6618,0.2004,38.71,95,92,356883
1.6862,0.2053,38.62,95,92,356886
1.6764,0.2004,38.68,95,92,356890
1.7107,0.2053,38.46,95,92,356893
1.6960,0.2053,38.55,95,92,356896
1.7253,0.2004,38.68,95,92,356899
1.7155,0.2297,38.58,95,92,356903
1.7009,0.2053,38.58,95,92,356907
1.7595,0.2151,38.43,95,92,356910
1.7107,0.2004,37.80,95,92,356914
1.6960,0.2053,38.58,95,92,356917
1.6960,0.2102,38.62,95,92,356920
1.6813,0.2004,38.68,95,92,356924
1.7351,0.2199,38.36,95,92,356927
1.7400,0.2004,38.62,95,92,356930
1.7302,0.1906,38.62,95,92,356933
1.7400,0.2053,38.58,95,92,356937
1.7449,0.2004,38.65,95,92,356940
1.7937,0.1906,38.49,95,92,356943
1.7546,0.2053,38.71,95,92,356947
1.7742,0.2004,38.55,95,92,356951
1.7840,0.2053,38.68,95,92,356954
1.7889,0.2004,38.77,95,92,356958
1.8084,0.2297,38.49,95,92,356961
1.7595,0.2053,38.65,95,92,356964
1.7449,0.2053,38.58,95,92,356967
1.7107,0.2248,38.62,95,92,356971
1.7107,0.1906,38.68,95,92,356974
1.7498,0.2102,38.65,95,92,356977
1.7595,0.2102,38.65,95,92,356981
1.8231,0.1906,38.55,95,92,356984
1.7889,0.2004,38.58,95,92,356987
1.7840,0.1955,38.68,95,92,356992
1.7937,0.2053,38.52,95,92,356995
1.7791,0.2004,38.77,95,92,356998
1.8035,0.2053,38.52,95,92,357001
1.7693,0.2053,38.65,95,92,357005
1.7595,0.2004,38.68,95,92,357008
1.7791,0.2102,38.65,95,92,357011
1.8035,0.1906,38.65,95,92,357015
1.8573,0.2102,38.43,95,92,357018
1.8280,0.2248,38.68,95,92,357021
1.8328,0.2053,38.68,95,92,357025
1.8426,0.2102,38.74,95,92,357028
1.8377,0.2053,38.65,95,92,357031
1.9062,0.2199,38.43,95,92,357036
1.8964,0.2346,38.58,95,92,357039
1.8866,0.1955,38.62,95,92,357042
1.8671,0.2053,38.65,95,92,357045
1.8622,0.2004,38.65,95,92,357049
1.9159,0.2151,38.49,95,92,357052
1.8915,0.2053,38.58,95,92,357055
1.9110,0.2053,38.55,95,92,357059
1.9013,0.2053,38.68,95,92,357062
1.9062,0.2004,38.65,95,92,357065
1.9404,0.2102,38.58,95,92,357069
1.9404,0.2004,38.65,95,92,357072
1.9648,0.2053,38.52,95,92,357075
1.9159,0.2053,38.65,95,92,357079
1.9013,0.1906,38.68,95,92,357083
1.9110,0.2102,38.55,95,92,357086
1.8719,0.2053,38.68,95,92,357089
1.9062,0.1955,38.52,95,92,357093
1.8768,0.2004,38.58,95,92,357096
1.8719,0.2053,38.68,95,92,357099
1.8915,0.2053,38.62,95,92,357103
1.8719,0.2053,38.65,95,92,357106
1.8964,0.2053,38.52,95,92,357109
1.8524,0.2004,38.46,95,92,357113
1.8377,0.2004,38.65,95,92,357116
1.8671,0.2004,38.62,95,92,357120
1.8475,0.2004,38.68,95,92,357123
1.8866,0.2102,38.71,95,92,357127
1.8377,0.1906,38.62,95,92,357130
1.8573,0.2004,38.68,95,92,357133
1.8768,0.2102,38.65,95,92,357137
1.8719,0.2053,38.68,95,92,357140
1.9110,0.2199,38.43,95,92,357143
1.8573,0.2199,38.55,95,92,357147
1.8280,0.1906,38.62,95,92,357150
1.8328,0.2102,38.65,95,92,357153
1.8524,0.2053,38.65,95,92,357157
1.8719,0.2102,38.62,95,92,357160
1.8719,0.2102,38.62,95,92,357164
1.8622,0.2053,38.55,95,92,357167
1.8426,0.2053,38.65,95,92,357171
1.8328,0.2053,38.68,95,92,357174
1.8573,0.2102,38.55,95,92,357177
1.8280,0.2053,38.65,95,92,357181
1.8475,0.2346,38.49,95,92,357184
1.8280,0.1906,38.65,95,92,357187
1.8231,0.2004,38.65,95,92,357191
1.8280,0.2151,38.58,95,92,357194
1.8280,0.1906,38.65,95,92,357197
1.8671,0.2053,38.52,95,92,357200
1.8377,0.2102,38.65,95,92,357204
1.8328,0.1906,38.68,95,92,357208
1.8475,0.2102,38.52,95,92,357211
1.8280,0.2004,38.68,95,92,357215
1.8817,0.2053,38.52,95,92,357218
1.8719,0.1955,38.55,95,92,357221
1.8622,0.1906,38.68,95,92,357225
1.8866,0.2053,38.58,95,92,357228
1.8671,0.2102,38.65,95,92,357231
1.9159,0.2151,38.40,95,92,357235
1.8719,0.2102,38.55,95,92,357238
1.8622,0.2053,38.68,95,92,357241
1.8622,0.2053,38.62,95,92,357244
1.8524,0.2004,38.65,95,92,357249
1.9159,0.2102,38.43,95,92,357252
1.8866,0.2102,38.58,95,92,357255
1.8964,0.2053,38.62,95,92,357259
1.9013,0.1906,38.65,95,92,357262
1.9062,0.2053,38.65,95,92,357265
1.9746,0.2151,38.52,95,92,357269
1.9501,0.2053,38.68,95,92,357272
1.9599,0.2053,38.52,95,92,357275
1.9501,0.2053,38.68,95,92,357279
1.9501,0.2004,38.68,95,92,357282
1.9697,0.2102,38.49,95,92,357285
1.9306,0.1906,38.65,95,92,357288
1.9257,0.2102,38.52,95,92,357293
1.8671,0.2102,38.65,95,92,357296
1.8426,0.1906,38.68,95,92,357299
1.8573,0.2053,38.52,95,92,357303
1.8328,0.2053,38.71,95,92,357306
1.8475,0.2053,38.52,95,92,357309
1.8133,0.2004,38.65,95,92,357313
1.8133,0.2004,38.71,95,92,357316
1.8280,0.2053,38.58,95,92,357319
1.8035,0.2053,38.68,95,92,357322
1.8182,0.2053,38.43,95,92,357326
1.7693,0.2053,38.65,95,92,357329
1.7546,0.2004,38.68,95,92,357332
1.7546,0.2102,38.62,94,92,357337
1.7449,0.2297,38.65,94,92,357341
1.7840,0.2004,38.65,94,92,357345
1.8182,0.2102,38.49,94,92,357348
1.7937,0.2151,38.58,94,92,357351
1.7889,0.2004,38.55,94,92,357355
1.7595,0.2053,38.58,94,92,357358
1.7546,0.2004,38.65,94,92,357361
1.8328,0.2102,38.52,94,92,357365
1.7986,0.2053,38.65,94,92,357368
1.8426,0.2053,38.65,94,92,357371
1.8524,0.2102,38.68,94,92,357374
1.9159,0.2004,38.74,94,92,357379
2.0283,0.2053,38.58,94,92,357382
2.1652,0.2102,38.65,94,92,357385
2.3851,0.2053,38.55,94,92,357389
2.5953,0.2053,38.84,94,92,357392
2.8543,0.2248,38.68,94,92,357395
3.1329,0.2102,38.58,94,92,357399
3.2649,0.2053,38.65,94,92,357402
3.3382,0.2053,38.46,94,92,357405
3.1525,0.2053,38.58,94,92,357408
2.8299,0.2004,38.15,94,92,357412
2.5513,0.2102,38.58,94,92,357415
2.1701,0.2004,38.68,94,92,357419
1.9501,0.2102,38.46,94,92,357423
1.7058,0.2346,38.58,94,92,357426
1.5445,0.2004,38.68,94,92,357429
1.4223,0.2102,38.65,94,92,357433
1.3294,0.2004,38.65,94,92,357436
1.3245,0.2151,38.43,94,92,357439
1.2757,0.2053,38.52,94,92,357442
1.2708,0.2004,38.62,94,92,357446
1.2854,0.1906,38.71,94,92,357449
1.3050,0.2004,38.65,94,92,357452
1.3734,0.2151,38.55,94,92,357456
1.3734,0.2053,38.62,94,92,357459
1.3978,0.2004,38.49,94,92,357463
1.4027,0.2004,38.68,94,92,357467
1.4272,0.2004,38.68,94,92,357470
1.4809,0.2102,38.49,94,92,357473
1.4761,0.2004,38.68,94,92,357477
1.5054,0.2053,38.52,94,92,357480
1.4809,0.2053,38.62,94,92,357483
1.4907,0.2004,38.65,94,92,357486
1.5200,0.2102,38.58,94,92,357490
1.5152,0.2053,38.68,94,92,357493
1.5445,0.2102,38.62,94,92,357496
1.5298,0.2004,38.68,94,92,357500
1.5494,0.2004,38.68,94,92,357504
1.5591,0.2053,38.52,94,92,357507
1.5494,0.2053,38.68,94,92,357511
1.5689,0.2053,38.49,94,92,357514
1.5445,0.2102,38.65,94,92,357517
1.5543,0.2004,38.68,94,92,357520
1.5738,0.2102,38.65,94,92,357524
1.5689,0.2004,38.68,94,92,357527
1.6178,0.2102,38.43,94,92,357530
1.6080,0.2053,38.58,94,92,357534
1.5982,0.2004,38.68,94,92,357537
1.6178,0.2102,38.62,94,92,357540
1.6129,0.2004,38.52,94,92,357544
1.6618,0.2151,38.36,94,92,357548
1.6373,0.2053,38.58,94,92,357551
1.6471,0.1955,38.58,94,92,357554
1.6960,0.2102,38.65,94,92,357558
1.6764,0.1906,38.65,94,92,357561
1.7155,0.2199,38.52,94,92,357564
1.7107,0.2053,38.62,94,92,357568
1.7009,0.2004,38.58,94,92,357571
1.6813,0.2053,38.84,94,92,357574
1.6813,0.2053,38.71,94,92,357578
1.7107,0.2102,38.55,94,92,357581
1.6911,0.2346,38.68,94,92,357584
1.7058,0.1906,38.52,94,92,357588
1.6862,0.2102,38.65,94,92,357592
1.6911,0.2004,38.68,94,92,357595
1.7204,0.2151,38.55,94,92,357598
1.6960,0.2102,38.65,94,92,357602
1.7302,0.2053,38.52,94,92,357605
1.6960,0.2004,38.62,94,92,357608
1.7058,0.2004,38.74,94,92,357612
1.7204,0.2102,38.55,94,92,357615
1.7253,0.2004,38.65,94,92,357618
1.7546,0.2053,38.43,94,92,357622
1.7400,0.2053,38.62,94,92,357625
1.7791,0.2053,38.68,94,92,357628
1.7644,0.2102,38.58,94,92,357632
1.7498,0.2004,38.68,94,92,357636
1.7889,0.2346,38.40,94,92,357639
1.7449,0.2004,38.65,94,92,357642
1.7546,0.2004,38.58,94,92,357646
1.7693,0.2151,38.62,94,92,357649
1.7693,0.2053,38.77,94,92,357652
1.8231,0.2199,38.40,94,92,357656
1.8084,0.2004,38.58,94,92,357659
1.7937,0.1955,38.65,94,92,357662
1.8035,0.2395,38.62,94,92,357666
1.8084,0.2004,38.65,94,92,357669
1.8622,0.2151,38.46,94,92,357672
1.8328,0.2248,38.58,94,92,357676
1.8328,0.2053,38.55,94,92,357680
1.8231,0.2053,38.68,94,92,357683
1.8231,0.2004,38.65,94,92,357686
1.8573,0.2102,38.52,94,92,357690
1.8328,0.2053,38.84,94,92,357693
1.8426,0.2395,38.55,94,92,357696
1.8231,0.2004,38.68,94,92,357700
1.8231,0.2297,38.65,94,92,357703
1.8426,0.2053,38.62,94,92,357706
1.8328,0.2053,38.65,94,92,357709
1.8719,0.2053,38.52,94,92,357713
1.8426,0.2053,38.68,94,92,357716
1.8475,0.2004,38.74,94,92,357720
1.8719,0.2102,38.52,94,92,357724
1.8475,0.2053,38.68,94,92,357727
1.8719,0.2053,38.43,94,92,357730
1.8671,0.2004,38.52,94,92,357734
1.8231,0.2004,38.71,94,92,357737
1.8426,0.2102,38.58,94,92,357740
1.8133,0.2004,38.68,94,92,357744
1.8573,0.2102,37.68,94,92,357747
1.8182,0.2004,38.65,94,92,357750
1.8035,0.1906,38.68,94,92,357753
1.7986,0.2053,38.68,94,92,357757
1.7840,0.2053,38.65,94,92,357761
1.8671,0.2102,38.43,94,92,357764
1.7889,0.2053,38.62,94,92,357768
1.7889,0.1955,38.62,94,92,357771
1.7742,0.2053,38.65,94,92,357774
1.7693,0.2053,38.68,94,92,357778
1.8084,0.2199,38.55,94,92,357781
1.7840,0.2102,38.62,94,92,357784
1.7889,0.2102,38.55,94,92,357788
1.7742,0.2053,38.74,94,92,357791
1.7742,0.2248,38.68,94,92,357794
1.8182,0.1906,38.49,94,92,357797
1.7937,0.2199,38.65,94,92,357801
1.8182,0.2346,38.52,94,92,357805
1.7986,0.2053,38.65,94,92,357808
1.7986,0.2004,38.62,94,92,357812
1.8280,0.2053,38.55,94,92,357815
1.7986,0.2004,38.77,94,92,357818
1.8280,0.2004,38.52,94,92,357822
1.8035,0.2004,38.77,94,92,357825
1.8084,0.2053,38.65,94,92,357828
1.8280,0.2004,38.55,94,92,357831
1.8182,0.2053,38.68,94,92,357835
1.8475,0.2053,38.43,94,92,357838
1.8280,0.2004,38.68,94,92,357841
1.8328,0.2004,38.68,94,92,357846
1.8573,0.2102,38.62,94,92,357849
1.8377,0.2004,38.65,94,92,357852
1.8817,0.2102,38.58,94,92,357856
1.8573,0.2248,38.52,94,92,357859
1.8475,0.2004,38.68,94,92,357862
1.8573,0.2102,38.58,94,92,357866
1.8475,0.2053,38.68,94,92,357869
1.9062,0.2199,38.49,94,92,357872
1.8719,0.2053,38.55,94,92,357875
1.8671,0.2004,38.68,94,92,357879
1.8719,0.2053,38.74,94,92,357882
1.8719,0.2004,38.65,94,92,357885
1.9501,0.2151,38.52,94,92,357890
1.8964,0.2102,38.52,94,92,357893
1.9159,0.1955,38.55,94,92,357896
1.9159,0.2053,38.68,94,92,357900
1.9306,0.1955,38.65,94,92,357903
1.9697,0.2102,38.62,94,92,357906
1.9599,0.2053,38.62,94,92,357909
1.9844,0.2102,38.52,94,92,357913
1.9550,0.2053,38.68,94,92,357916
1.9501,0.2004,38.74,94,92,357919
1.9599,0.2151,38.62,94,92,357923
1.9062,0.2053,38.68,94,92,357926
1.9062,0.2053,38.84,94,92,357929
1.8573,0.2102,38.58,94,92,357934
1.8426,0.2053,38.68,94,92,357937
1.8524,0.2053,38.52,94,92,357940
1.8377,0.1906,38.65,94,92,357944
1.8524,0.2102,38.43,94,92,357947
1.8182,0.2199,38.36,94,92,357952
1.7791,0.2248,38.62,94,92,357955
1.7742,0.1955,38.62,94,92,357958
1.7791,0.2053,38.52,94,92,357962
1.7791,0.2053,38.68,94,92,357965
1.8133,0.2151,38.55,94,92,357968
1.7889,0.2199,38.62,94,92,357971
1.7986,0.2053,38.55,94,92,357976
1.7791,0.2053,38.68,94,92,357979
1.7937,0.2004,38.68,94,92,357982
1.8280,0.2102,38.49,94,92,357986
1.7986,0.2004,38.65,94,92,357989
1.8475,0.2102,38.55,94,92,357992
1.7986,0.2053,38.74,94,92,357996
1.8182,0.2053,38.74,94,92,357999
1.8671,0.2053,38.52,94,92,358002
1.9013,0.2053,38.77,94,92,358006
1.9892,0.2053,38.49,94,92,358009
2.0626,0.2004,38.68,94,92,358012
2.1799,0.2004,38.65,94,92,358016
2.3705,0.2053,38.52,94,92,358020
2.5709,0.2053,38.65,94,92,358023
2.8788,0.1906,38.43,94,92,358026
3.0499,0.2053,38.65,94,92,358030
3.2258,0.2102,38.65,94,92,358033
3.2942,0.2151,38.62,94,92,358036
3.1378,0.2004,38.62,94,92,358040
2.9374,0.2151,38.49,94,92,358043
2.5758,0.2053,38.58,94,92,358046
2.2630,0.2004,38.77,94,92,358049
2.0528,0.2102,38.65,94,92,358053
1.8084,0.2053,38.68,94,92,358056
1.6764,0.2199,38.43,94,92,358060
1.5200,0.2102,38.65,94,92,358064
1.4418,0.1906,38.58,94,92,358067
1.3930,0.2053,38.71,94,92,358070
1.3636,0.2151,38.65,94,92,358074
1.3734,0.2102,38.52,94,92,358077
1.3490,0.2102,38.62,94,92,358080
1.3734,0.1955,38.62,94,92,358083
1.3881,0.2053,38.68,94,92,358087
1.4076,0.1955,38.68,94,92,358090
1.4467,0.2102,38.62,94,92,358093
1.4467,0.2053,38.65,94,92,358097
1.4858,0.2346,38.52,94,92,358100
1.4858,0.2053,38.71,94,92,358104
1.5005,0.2004,38.65,94,92,358108
1.5396,0.2151,38.52,94,92,358111
1.5298,0.2053,38.68,94,92,358114
1.5591,0.2004,38.52,94,92,358118
1.5738,0.2004,38.58,94,92,358121
1.5640,0.2004,38.68,94,92,358124
1.5885,0.2102,38.52,94,92,358127
1.5836,0.2053,38.65,94,92,358131
1.6276,0.2102,38.43,94,92,358134
1.6129,0.2053,38.62,94,92,358137
1.6178,0.2102,38.71,94,92,358141
1.6373,0.2102,38.62,94,92,358145
1.6373,0.2053,38.65,94,92,358148
1.7155,0.2151,38.40,94,92,358152
1.6569,0.2004,38.55,94,92,358155
1.6618,0.2004,38.68,94,92,358158
1.6764,0.2102,38.65,94,92,358161
1.6716,0.2053,38.81,94,92,358165
1.7253,0.2248,38.46,94,92,358168
1.6960,0.1906,38.62,94,92,358171
1.6911,0.2004,38.58,94,92,358175
1.6862,0.2004,38.65,94,92,358178
1.6813,0.1906,38.68,94,92,358181
1.7155,0.2102,38.49,94,92,358185
1.7009,0.2053,38.65,94,92,358189
1.7204,0.2053,38.55,94,92,358192
1.7107,0.2053,38.62,94,92,358196
1.7155,0.2151,38.81,94,92,358199
1.7449,0.2102,38.58,94,92,358202
1.7253,0.2053,38.65,94,92,358205
1.7498,0.2151,38.55,94,92,358209
1.7253,0.2053,38.71,94,92,358212
1.7302,0.2004,38.71,94,92,358215
1.7498,0.2053,38.58,94,92,358219
1.7400,0.2004,38.71,94,92,358222
1.7693,0.2053,38.49,94,92,358225
1.7595,0.2004,38.68,94,92,358230
1.7644,0.2004,38.68,94,92,358233
1.7791,0.2102,38.62,94,92,358236
1.7644,0.2053,38.68,94,92,358240
1.7937,0.2102,38.40,94,92,358243
1.7791,0.2102,38.58,94,92,358246
1.7644,0.2004,38.68,94,92,358249
1.7791,0.2151,38.68,94,92,358253
1.7693,0.2004,38.68,94,92,358256
1.8182,0.2151,38.49,94,92,358259
1.7791,0.2053,38.55,94,92,358263
1.7791,0.1955,38.65,94,92,358266
1.7889,0.2102,38.62,94,92,358269
1.7986,0.2004,38.68,94,92,358274
1.8475,0.2199,37.80,94,92,358277
1.8182,0.2248,38.62,94,92,358280
1.8182,0.1906,38.62,94,92,358284
1.8133,0.2053,38.65,94,92,358287
1.8182,0.1906,38.68,94,92,358290
1.8524,0.2151,38.62,94,92,358293
1.8377,0.2053,38.62,94,92,358297
1.8622,0.1906,38.49,94,92,358300
1.8475,0.2053,38.68,94,92,358303
1.8622,0.2004,38.68,94,92,358307
1.8915,0.2151,38.55,94,92,358310
1.8915,0.2102,38.65,94,92,358313
1.9013,0.2053,38.55,94,92,358318
1.8719,0.2004,38.62,94,92,358321
1.8671,0.1955,38.65,94,92,358324
1.8964,0.2053,38.55,94,92,358328
1.8915,0.2053,38.65,94,92,358331
1.9013,0.2053,38.43,94,92,358334
1.8671,0.2053,38.62,94,92,358337
1.8719,0.2004,38.68,94,92,358341
1.8768,0.2102,38.62,94,92,358344
1.8622,0.2053,38.68,94,92,358347
1.9062,0.2102,38.40,94,92,358351
1.8622,0.2004,38.05,94,92,358354
1.8573,0.2004,38.81,94,92,358358
1.8622,0.2102,38.62,94,92,358362
1.8475,0.2004,38.68,94,92,358365
1.8915,0.2199,38.40,94,92,358368
1.8719,0.2102,38.58,94,92,358372
1.8377,0.2004,38.62,94,92,358375
1.8328,0.2004,38.65,94,92,358378
1.8231,0.2004,38.68,94,92,358381
1.8573,0.2151,38.90,94,92,358385
1.8328,0.1906,38.62,94,92,358388
1.8280,0.2053,38.55,94,92,358391
1.8133,0.2053,38.65,94,92,358395
1.8133,0.2053,38.68,94,92,358398
1.8280,0.2102,38.52,94,92,358402
1.7986,0.2053,38.68,94,92,358406
1.8182,0.2102,38.52,94,92,358409
1.8280,0.2053,38.68,94,92,358412
1.7986,0.2004,38.68,94,92,358415
1.8133,0.2053,38.62,94,92,358419
1.8133,0.1906,38.65,94,92,358422
1.8377,0.2053,37.90,94,92,358425
1.8084,0.2053,38.68,94,92,358429
1.8182,0.2004,38.68,94,92,358432
1.8328,0.2102,38.52,94,92,358435
1.8084,0.2004,38.65,94,92,358439
1.8671,0.2004,38.43,94,92,358443
1.8231,0.2053,38.55,94,92,358446
1.8182,0.2004,38.71,94,92,358449
1.8426,0.2151,38.58,94,92,358453
1.8280,0.2053,38.68,94,92,358456
1.8768,0.2151,38.24,94,92,358459
1.8524,0.2004,38.58,94,92,358463
1.8475,0.2004,38.68,94,92,358466
1.8622,0.2053,38.62,94,92,358469
1.8524,0.2053,38.71,94,92,358473
1.9110,0.2199,38.43,94,92,358476
1.8671,0.2004,38.55,94,92,358479
1.8671,0.1955,38.62,94,92,358483
1.8719,0.2053,38.74,94,92,358487
1.8719,0.1955,38.68,94,92,358490
1.9110,0.2199,38.52,94,92,358493
1.8866,0.2102,38.62,94,92,358497
1.8964,0.2297,38.52,94,92,358500
1.8915,0.2053,38.30,94,92,358503
1.9013,0.2053,38.65,94,92,358507
1.9355,0.2053,38.52,94,92,358510
1.9306,0.2053,38.65,94,92,358513
1.9599,0.2053,38.49,94,92,358517
1.9501,0.2004,38.68,94,92,358520
1.9746,0.2053,38.65,94,92,358523
1.9892,0.2102,38.55,94,92,358526
1.9892,0.2053,38.71,94,92,358531
2.0283,0.2053,38.52,94,92,358534
2.0039,0.1906,38.65,94,92,358537
1.9990,0.2004,38.71,94,92,358541
2.0088,0.2053,38.65,94,92,358544
1.9844,0.2053,38.58,94,92,358547
1.9892,0.2102,38.46,94,92,358551
1.9355,0.2053,38.65,94,92,358554
1.9110,0.2004,38.68,94,92,358557
1.9453,0.2151,38.58,94,92,358560
1.8426,0.2053,38.65,94,92,358565
1.8328,0.2004,38.71,94,92,358568
1.8817,0.2199,38.46,94,92,358573
1.8377,0.2102,38.52,94,92,358576
1.8231,0.2004,38.58,94,92,358579
1.8182,0.2053,38.65,94,92,358583
1.8084,0.2053,38.65,94,92,358586
1.8328,0.2102,38.62,94,92,358589
1.8084,0.1955,38.65,94,92,358593
1.8280,0.2053,38.55,94,92,358596
1.8084,0.2053,38.71,94,92,358599
1.8133,0.2151,38.65,94,92,358602
1.8377,0.2151,38.62,94,92,358606
1.8231,0.2053,38.65,94,92,358609
1.8475,0.2199,38.55,94,92,358612
1.8231,0.2053,38.62,94,92,358617
1.8231,0.2199,38.68,94,92,358620
1.8573,0.2102,38.55,94,92,358623
1.8426,0.2053,38.65,94,92,358627
1.9062,0.2053,38.46,94,92,358630
1.9062,0.2053,38.62,94,92,358633
1.9501,0.2004,38.84,94,92,358637
2.0674,0.2102,38.58,94,92,358640
2.1212,0.2004,38.68,94,92,358643
2.3021,0.2053,38.43,94,92,358646
2.4438,0.2053,39.03,94,92,358650
2.6540,0.2053,38.65,94,92,358653
2.9472,0.2102,38.62,94,92,358657
3.1183,0.2053,38.68,94,92,358661
3.3333,0.2151,38.40,94,92,358664
3.2502,0.2004,38.58,94,92,358667
3.0743,0.2004,38.68,94,92,358671
2.8006,0.2053,38.65,94,92,358674
2.4878,0.2053,38.68,94,92,358677
2.2874,0.2199,38.43,94,92,358680
2.0088,0.2102,38.58,94,92,358684
1.8084,0.2004,38.58,94,92,358687
1.6520,0.2053,38.65,94,92,358690
1.5396,0.2004,38.68,94,92,358694
1.5152,0.2151,38.46,94,92,358697
1.4565,0.2102,38.62,94,92,358701
1.4370,0.2053,38.90,94,92,358705
1.4125,0.2053,38.65,94,92,358708
1.4125,0.2102,38.68,94,92,358711
1.4516,0.2102,38.65,94,92,358714
1.4614,0.2053,38.65,94,92,358718
1.5005,0.2102,38.49,94,92,358721
1.4809,0.2053,38.74,94,92,358724
1.5005,0.2004,38.65,94,92,358728
1.5200,0.2053,38.62,94,92,358731
1.5200,0.2053,38.68,94,92,358734
1.5591,0.2053,38.55,94,92,358738
1.5494,0.2053,38.77,94,92,358742
1.5591,0.2004,38.65,94,92,358745
1.5934,0.2151,38.55,94,92,358748
1.5738,0.2004,38.65,94,92,358752
1.6080,0.2053,38.43,94,92,358755
1.6129,0.2053,38.55,94,92,358758
1.5982,0.2053,38.74,94,92,358762
1.6373,0.2199,38.58,94,92,358765
1.6227,0.1906,38.65,94,92,358768
1.6667,0.2102,38.71,94,92,358772
1.6422,0.2053,38.58,94,92,358775
1.6422,0.2004,38.68,94,92,358778
1.6569,0.2053,38.65,94,92,358781
1.6471,0.2053,38.65,94,92,358786
1.7009,0.2199,38.40,94,92,358789
1.6471,0.2053,38.68,94,92,358792
1.6471,0.2053,38.68,94,92,358796
1.6520,0.1906,38.65,94,92,358799
1.6667,0.2004,38.65,94,92,358802
1.7155,0.2151,38.49,94,92,358806
1.6764,0.2053,38.65,94,92,358809
1.6813,0.2053,38.62,94,92,358812
1.6716,0.2053,38.65,94,92,358816
1.6764,0.2004,38.74,94,92,358819
1.7155,0.2590,38.46,94,92,358822
1.7009,0.2053,38.65,94,92,358825
1.7204,0.2053,38.52,94,92,358830
1.7009,0.2053,38.74,94,92,358833
1.7155,0.2053,38.65,94,92,358836
1.7449,0.1906,38.55,94,92,358840
1.7204,0.2053,38.65,94,92,358843
1.7498,0.2053,38.52,94,92,358846
1.7302,0.1955,38.65,94,92,358850
1.7302,0.2004,38.68,94,92,358853
1.7449,0.2053,38.55,94,92,358856
1.7351,0.2004,38.68,94,92,358859
1.7644,0.2053,38.46,94,92,358863
1.7302,0.2199,38.62,94,92,358866
1.7351,0.2004,38.68,94,92,358870
1.7449,0.2102,38.62,94,92,358874
1.7400,0.2053,38.68,94,92,358877
1.7791,0.2151,38.43,94,92,358880
1.7693,0.2102,38.58,94,92,358884
1.7595,0.1955,38.68,94,92,358887
1.7742,0.2102,38.65,94,92,358890
1.7644,0.2004,38.68,94,92,358894
1.8084,0.2199,38.43,94,92,358897
1.7693,0.2053,38.90,94,92,358900
1.7595,0.2004,38.65,94,92,358903
1.7693,0.2004,38.65,94,92,358907
1.7889,0.2053,38.68,94,92,358910
1.8426,0.2199,38.49,94,92,358914
1.8280,0.2053,38.62,94,92,358918
1.8328,0.2004,38.55,94,92,358921
1.8280,0.2053,38.68,94,92,358924
1.8426,0.2004,38.65,94,92,358928
1.8768,0.2102,38.58,94,92,358931
1.8622,0.2053,38.71,94,92,358934
1.8768,0.2053,38.52,94,92,358937
1.8524,0.2053,38.77,94,92,358941
1.8524,0.2004,38.65,94,92,358944
1.8817,0.2199,38.52,94,92,358947
1.8524,0.2053,37.87,94,92,358951
1.8768,0.2248,38.52,94,92,358955
1.8573,0.2004,38.62,94,92,358958
1.8622,0.2004,38.74,94,92,358962
1.9062,0.2102,38.52,94,92,358965
1.8524,0.2053,38.68,94,92,358968
1.8768,0.2053,38.49,94,92,358971
1.8426,0.2151,38.62,94,92,358975
1.8475,0.2004,38.68,94,92,358978
1.8817,0.2102,38.62,94,92,358981
1.8719,0.2053,38.65,94,92,358985
1.9257,0.2102,38.40,94,92,358988
1.8719,0.2004,38.58,94,92,358991
1.8671,0.2248,38.65,94,92,358995
1.8768,0.2102,38.62,94,92,358999
1.8622,0.2102,38.65,94,92,359002
1.9159,0.2199,38.43,94,92,359006
1.8622,0.2053,37.96,94,92,359009
1.8280,0.1906,38.62,94,92,359012
1.8182,0.2053,38.65,94,92,359015
1.8084,0.2053,38.68,94,92,359019
1.8573,0.2248,38.46,94,92,359022
1.8231,0.2102,38.65,94,92,359025
1.8280,0.2102,38.55,94,92,359029
1.8182,0.2053,38.71,94,92,359032
1.8133,0.2004,38.77,94,92,359035
1.8280,0.2102,38.55,94,92,359040
1.7986,0.1906,38.65,94,92,359043
1.8133,0.2053,38.52,94,92,359046
1.7889,0.2053,38.68,94,92,359050
1.8084,0.2004,38.68,94,92,359053
1.8231,0.2053,38.58,94,92,359056
1.8084,0.2053,38.65,94,92,359059
1.8280,0.2053,38.58,94,92,359063
1.7937,0.2053,38.62,94,92,359066
1.7937,0.2053,38.65,94,92,359069
1.8182,0.2102,38.52,94,92,359073
1.8035,0.2053,38.87,94,92,359076
1.8475,0.2151,38.43,94,92,359079
1.8377,0.2053,38.58,94,92,359084
1.8328,0.2004,38.71,94,92,359087
1.8622,0.2102,38.62,94,92,359090
1.8573,0.2004,38.77,94,92,359093
1.9062,0.2151,38.40,94,92,359097
1.8524,0.2004,38.55,94,92,359100
1.8426,0.2004,38.65,94,92,359103
1.8524,0.2297,38.65,94,92,359107
1.8573,0.2053,38.68,94,92,359110
1.9208,0.2199,38.40,94,92,359113
1.8719,0.2102,38.62,94,92,359117
1.8719,0.2004,38.62,94,92,359120
1.8768,0.2053,38.65,94,92,359123
1.8719,0.2004,38.68,94,92,359128
1.9062,0.2151,38.55,94,92,359131
1.8719,0.2151,38.68,94,92,359134
1.8671,0.2004,38.58,94,92,359137
1.8622,0.2053,38.71,94,92,359141
1.8817,0.2004,38.65,94,92,359144
1.9404,0.2102,38.49,94,92,359147
1.9208,0.2053,38.62,94,92,359151
1.9550,0.2053,38.52,94,92,359154
1.9453,0.2053,38.65,94,92,359157
1.9453,0.2004,38.74,94,92,359161
2.0088,0.2004,38.55,94,92,359164
1.9746,0.2004,38.65,94,92,359168
1.9990,0.1906,38.55,94,92,359171
1.9550,0.2102,38.40,94,92,359175
1.8915,0.2004,38.62,94,92,359179
1.8573,0.2004,38.68,94,92,359183
1.8475,0.2102,38.68,94,92,359186
1.8377,0.2053,38.65,94,92,359189
1.8817,0.2199,38.40,94,92,359193
1.8426,0.2053,38.52,94,92,359196
1.8524,0.1955,38.62,94,92,359199
1.8035,0.2053,38.58,94,92,359203
1.7889,0.2102,38.68,94,92,359206
1.8231,0.2102,38.49,94,92,359209
1.7840,0.2395,38.62,94,92,359214
1.8133,0.2004,38.55,94,92,359217
1.7693,0.2004,38.65,94,92,359220
1.7742,0.2004,38.74,94,92,359223
1.8133,0.2151,38.55,94,92,359227
1.7840,0.2053,38.68,94,92,359230
1.7840,0.2053,38.49,94,92,359233
1.7546,0.2102,38.68,94,92,359237
1.7644,0.2004,38.68,94,92,359240
1.7840,0.2151,38.58,94,92,359243
1.7742,0.1906,38.68,94,92,359247
1.8035,0.2053,38.46,94,92,359250
1.7889,0.2053,38.68,94,92,359254
1.7791,0.2004,38.68,94,92,359257
1.8084,0.2102,38.52,94,92,359261
1.8133,0.1906,38.68,94,92,359264
1.8915,0.2053,38.46,94,92,359267
1.9404,0.1955,38.52,94,92,359271
2.0235,0.2004,38.68,94,92,359274
2.1750,0.2151,38.58,94,92,359277
2.3265,0.2053,38.68,94,92,359281
2.6100,0.2102,38.40,94,92,359284
2.8201,0.2053,38.58,94,92,359287
3.0645,0.2004,38.65,94,92,359291
3.2747,0.2053,38.65,94,92,359294
3.3333,0.2004,38.68,94,92,359298
3.3040,0.2199,38.40,94,92,359301
2.9619,0.2053,38.62,94,92,359305
2.6197,0.2004,38.62,94,92,359308
2.3118,0.2053,38.65,94,92,359311
2.0430,0.2151,38.65,94,92,359315
1.8719,0.2199,38.49,94,92,359318
1.6471,0.2053,38.65,94,92,359321
1.5152,0.2053,38.05,94,92,359325
1.4321,0.2053,38.68,94,92,359328
1.3832,0.2004,38.68,94,92,359331
1.3783,0.2102,38.33,94,92,359334
1.3539,0.2151,38.65,94,92,359339
1.3636,0.2053,37.77,94,92,359342
1.3832,0.2248,38.65,94,92,359345
1.4174,0.2004,38.68,94,92,359349
1.4565,0.2102,38.27,94,92,359352
1.4565,0.2151,38.65,94,92,359355
1.4956,0.2053,38.55,94,92,359359
1.4809,0.2004,38.65,94,92,359362
1.4956,0.2053,38.65,94,92,359365
1.5152,0.1906,38.58,94,92,359368
1.5152,0.2053,38.74,94,92,359372
1.5445,0.2053,38.46,94,92,359375
1.5347,0.2053,38.68,94,92,359378
1.5543,0.2004,38.87,94,92,359383
1.5836,0.2151,38.62,94,92,359386
1.5836,0.2053,38.71,94,92,359389
1.6520,0.2199,38.43,94,92,359393
1.6618,0.2102,38.58,94,92,359396
1.6667,0.2004,38.40,94,92,359399
1.6618,0.2102,38.62,94,92,359403
1.6276,0.2004,38.65,94,92,359406
1.6716,0.2199,38.49,94,92,359409
1.6569,0.2053,38.58,94,92,359412
1.6569,0.1906,38.62,94,92,359416
1.6716,0.2053,38.62,94,92,359419
1.6618,0.2248,38.65,94,92,359422
1.7009,0.2151,38.49,94,92,359427
1.6862,0.2053,38.49,94,92,359430
1.7058,0.2248,38.55,94,92,359433
1.6960,0.2053,38.71,94,92,359437
1.7009,0.2395,38.65,94,92,359440
1.7546,0.2248,38.58,94,92,359443
1.7058,0.2053,38.74,94,92,359447
1.7155,0.2102,38.49,94,92,359450
1.6764,0.2053,38.68,94,92,359453
1.6911,0.2004,38.65,94,92,359456
1.7351,0.2151,38.55,94,92,359460
1.7302,0.2053,38.77,94,92,359463
1.7693,0.2053,38.52,94,92,359467
1.7791,0.2004,38.65,94,92,359471
1.7449,0.2004,38.68,94,92,359474
1.7644,0.2053,38.49,94,92,359477
1.7498,0.2004,38.68,94,92,359481
1.7742,0.2053,38.43,94,92,359484
1.7351,0.2053,38.58,94,92,359487
1.7253,0.2297,38.74,94,92,359490
1.7449,0.2102,38.62,94,92,359494
1.7498,0.2004,38.71,94,92,359497
1.8084,0.2151,38.40,94,92,359500
1.7693,0.2004,38.62,94,92,359504
1.7840,0.2004,38.68,94,92,359507
1.7986,0.2053,38.77,94,92,359511
1.7937,0.2004,38.68,94,92,359515
1.8426,0.2199,38.40,94,92,359518
1.7937,0.2053,38.62,94,92,359521
1.7840,0.1955,38.58,94,92,359524
1.7986,0.2053,38.65,94,92,359528
1.7986,0.2004,38.77,94,92,359531
1.8426,0.2102,38.49,94,92,359534
1.8182,0.2102,38.62,94,92,359538
1.8280,0.2053,38.52,94,92,359541
1.8328,0.2297,38.65,94,92,359544
1.8426,0.2053,38.68,94,92,359548
1.8768,0.2102,38.62,94,92,359552
1.8573,0.1955,38.68,94,92,359555
1.8866,0.2053,38.52,94,92,359559
1.8768,0.2004,38.65,94,92,359562
1.8915,0.2199,38.62,94,92,359565
1.9062,0.2004,38.58,94,92,359568
1.8817,0.2053,38.68,94,92,359572
1.9013,0.2102,38.62,94,92,359575
1.8768,0.2053,38.68,94,92,359578
1.8915,0.2004,38.68,94,92,359582
1.9208,0.2102,38.55,94,92,359585
1.8866,0.2053,38.68,94,92,359588
1.9110,0.2053,38.58,94,92,359592
1.8817,0.2053,38.52,94,92,359596
1.8622,0.2004,38.68,94,92,359599
1.8866,0.2102,38.62,94,92,359602
1.8719,0.2004,38.65,94,92,359606
1.9257,0.2151,38.40,94,92,359609
1.9013,0.2004,38.65,94,92,359612
1.9062,0.2004,38.65,94,92,359616
1.9159,0.2004,38.62,94,92,359619
1.8964,0.2004,38.68,94,92,359622
1.9355,0.2151,38.43,94,92,359626
1.8768,0.1906,38.58,94,92,359629
1.8622,0.1955,38.65,94,92,359632
1.8573,0.2004,38.65,94,92,359635
1.8475,0.1906,38.68,94,92,359640
1.8817,0.2199,38.49,94,92,359643
1.8768,0.2102,38.62,94,92,359646
1.8475,0.2004,38.58,94,92,359650
1.8231,0.2053,38.68,94,92,359653
1.8133,0.2004,38.68,94,92,359656
1.8377,0.2102,38.49,94,92,359660
1.8280,0.2053,38.65,94,92,359663
1.8280,0.1906,38.52,94,92,359666
1.8133,0.2053,38.84,94,92,359670
1.7986,0.2102,38.65,94,92,359673
1.8133,0.2053,38.58,94,92,359676
1.7889,0.2053,38.71,94,92,359680
1.8133,0.2102,38.55,94,92,359684
1.7693,0.2004,38.62,94,92,359687
1.7840,0.2004,38.71,94,92,359690
1.7986,0.2004,38.58,94,92,359694
1.7889,0.2102,38.68,94,92,359697
1.8231,0.2053,38.46,94,92,359700
1.8035,0.2102,38.68,94,92,359704
1.8133,0.1955,38.68,94,92,359707
1.8377,0.2102,38.58,94,92,359710
1.8182,0.2004,38.68,94,92,359713
1.8622,0.2102,38.43,94,92,359717
1.8377,0.2053,38.62,94,92,359720
1.8182,0.2004,38.62,94,92,359724
1.8328,0.1906,38.62,94,92,359728
1.8133,0.2053,38.68,94,92,359731
1.8622,0.2199,38.36,94,92,359734
1.8182,0.2053,38.52,94,92,359738
1.8035,0.1955,38.58,94,92,359741
1.8084,0.2004,38.68,94,92,359744
1.8426,0.2004,38.68,94,92,359748
1.8671,0.2199,38.52,94,92,359751
1.8377,0.2297,38.62,94,92,359754
1.8377,0.2004,38.55,94,92,359757
1.8231,0.2053,38.71,94,92,359761
1.8377,0.2053,38.65,94,92,359764
1.8475,0.2102,38.58,94,92,359768
1.8328,0.2053,38.65,94,92,359772
1.8573,0.2053,38.52,94,92,359775
1.8328,0.2053,38.40,94,92,359778
1.8426,0.2053,38.65,94,92,359782
1.8915,0.2102,38.49,94,92,359785
1.9453,0.2102,38.58,94,92,359790
1.9208,0.1955,38.81,94,92,359793
1.9453,0.2151,38.40,94,92,359796
1.8817,0.2004,38.62,94,92,359800
1.8524,0.2004,38.74,94,92,359803
1.8328,0.2102,38.62,94,92,359806
1.8328,0.1955,38.68,94,92,359810
1.8524,0.2151,38.36,94,92,359814
1.8377,0.2004,38.58,94,92,359817
1.7889,0.1955,38.65,94,92,359820
1.7742,0.2102,38.65,94,92,359824
1.7595,0.2004,38.68,94,92,359827
1.7889,0.2199,38.49,94,92,359830
1.7498,0.2004,38.62,94,92,359834
1.7400,0.1906,38.55,94,92,359837
1.7253,0.2297,38.65,94,92,359840
1.7400,0.2053,38.68,94,92,359844
1.7400,0.2102,38.49,94,92,359847
1.7107,0.2199,38.71,94,92,359851
1.7204,0.2053,38.52,94,92,359854
1.7009,0.2053,38.68,94,92,359858
1.6960,0.2053,38.71,94,92,359861
1.7302,0.2346,38.58,94,92,359864
1.7204,0.2053,38.65,94,92,359868
1.7546,0.2102,38.58,94,92,359871
1.7253,0.2004,38.58,94,92,359874
1.7302,0.2053,38.68,94,92,359878
1.7400,0.1906,38.58,94,92,359881
1.7400,0.2053,38.68,94,92,359884
1.7791,0.2053,38.49,94,92,359887
1.8035,0.2004,38.68,94,92,359891
1.8280,0.2004,38.65,94,92,359895
1.8866,0.2102,38.55,94,92,359898
1.9453,0.2102,38.68,94,92,359902
2.1114,0.2004,38.43,94,92,359905
2.2434,0.2102,38.55,94,92,359908
2.4291,0.2004,38.02,94,92,359911
2.7126,0.2004,38.62,94,92,359915
2.9179,0.1906,38.65,94,92,359918
3.2160,0.2102,38.43,94,92,359921
3.2600,0.2053,38.55,94,92,359925
3.2014,0.2004,38.74,94,92,359928
2.9814,0.2053,38.65,94,92,359931
2.6442,0.2004,38.68,94,92,359936
2.3851,0.2199,38.36,94,92,359939
2.0430,0.1906,38.58,94,92,359942
1.8035,0.2004,38.62,94,92,359945
1.6276,0.2053,38.65,94,92,359949
1.5103,0.2102,38.68,94,92,359952
1.4321,0.2199,38.55,94,92,359955
1.3441,0.2053,38.52,94,92,359959
1.3148,0.2053,38.55,94,92,359962
1.2903,0.2053,38.65,94,92,359965
1.2903,0.2004,38.68,94,92,359969
1.3245,0.2151,38.49,94,92,359972
1.3392,0.2053,38.65,94,92,359975
1.3832,0.2053,38.52,94,92,359980
1.3881,0.2053,38.68,94,92,359983
1.4027,0.2004,38.84,94,92,359986
1.4467,0.1906,38.55,94,92,359989
1.4565,0.2053,38.71,94,92,359993
1.4907,0.2053,38.49,94,92,359996
1.4956,0.2004,38.62,94,92,359999
1.5152,0.2004,38.68,94,92,360003
1.5396,0.2053,38.62,94,92,360006
1.5494,0.2004,38.68,94,92,360009
1.5787,0.2004,38.43,94,92,360013
1.5494,0.2004,38.65,94,92,360016
1.5591,0.1955,38.68,94,92,360019
1.5787,0.2102,38.62,94,92,360023
1.5787,0.2248,38.65,94,92,360027
1.6325,0.2151,38.40,94,92,360030
1.6129,0.2102,38.65,94,92,360033
1.6080,0.2346,38.68,94,92,360037
1.6178,0.2053,38.65,94,92,360040
1.6227,0.2004,38.65,94,92,360043
1.6813,0.2248,38.46,94,92,360047
1.6520,0.2102,38.52,94,92,360050
1.6471,0.2004,38.58,94,92,360053
1.6520,0.2053,38.65,94,92,360057
1.6422,0.1906,38.65,94,92,360060
1.6764,0.2151,38.46,94,92,360064
1.6716,0.2053,38.68,94,92,360067
1.6569,0.2053,38.55,94,92,360071
1.6520,0.2053,38.65,94,92,360074
1.6618,0.2053,38.68,94,92,360077
1.6862,0.2102,38.58,94,92,360081
1.6764,0.2053,38.65,94,92,360084
1.7107,0.2102,38.55,94,92,360087
1.6960,0.1955,38.68,94,92,360091
1.7058,0.2004,38.68,94,92,360094
1.7302,0.2102,38.55,94,92,360097
1.6960,0.2053,38.71,94,92,360100
1.7155,0.2102,38.49,94,92,360104
1.6960,0.1906,38.58,94,92,360108
1.6960,0.2004,38.65,94,92,360111
1.7204,0.2102,38.55,94,92,360115
1.7400,0.2151,38.65,94,92,360118
1.7498,0.2102,38.43,94,92,360121
1.7351,0.2053,38.62,94,92,360125
1.7302,0.2004,38.68,94,92,360128
1.7546,0.2102,38.65,94,92,360131
1.7400,0.2297,38.71,94,92,360135
1.7791,0.2199,38.36,94,92,360138
1.7400,0.2053,38.58,94,92,360141
1.7400,0.1955,38.65,94,92,360144
1.7546,0.2053,38.65,94,92,360148
1.7400,0.2053,38.84,94,92,360152
1.7986,0.2297,38.46,94,92,360155
1.7546,0.1906,38.65,94,92,360159
1.7595,0.2004,38.62,94,92,360162
1.7595,0.2053,38.68,94,92,360165
1.7644,0.2004,38.68,94,92,360169
1.8182,0.1906,38.49,94,92,360172
1.8035,0.2053,38.62,94,92,360175
1.8133,0.2102,38.52,94,92,360178
1.8084,0.2102,38.68,94,92,360182
1.8133,0.2004,38.68,94,92,360185
1.8524,0.2151,38.52,94,92,360188
1.8426,0.2053,38.62,94,92,360193
1.8719,0.2102,38.52,94,92,360196
1.8475,0.2102,38.68,94,92,360199
1.8524,0.2053,38.68,94,92,360203
1.8671,0.2346,38.55,94,92,360206
1.8622,0.2053,38.65,94,92,360209
1.8866,0.2053,38.46,94,92,360213
1.8475,0.1906,38.65,94,92,360216
1.8573,0.2004,38.68,94,92,360219
1.8671,0.2102,38.52,94,92,360222
1.8475,0.2004,38.68,94,92,360226
1.8768,0.2102,38.43,94,92,360229
1.8524,0.2102,38.52,94,92,360232
1.8426,0.2053,38.68,94,92,360237
1.8475,0.2102,38.52,94,92,360240
1.8328,0.2346,38.68,94,92,360243
1.8817,0.2151,38.36,94,92,360247
1.8426,0.2053,38.55,94,92,360250
1.8280,0.1955,38.65,94,92,360253
1.8231,0.2053,38.77,94,92,360257
1.8084,0.2004,38.68,94,92,360260
1.8573,0.2102,38.49,94,92,360263
1.8133,0.2102,38.62,94,92,360266
1.8084,0.2004,38.62,94,92,360270
1.8035,0.2053,38.65,94,92,360273
1.8035,0.2053,38.68,94,92,360276
1.8426,0.2151,38.55,94,92,360281
1.8182,0.2151,38.65,94,92,360284
1.8280,0.2053,38.52,94,92,360287
1.8084,0.2053,38.65,94,92,360291
1.8084,0.2004,38.68,94,92,360294
1.8377,0.2151,38.71,94,92,360297
1.8035,0.2053,38.65,94,92,360300
1.8231,0.2102,37.96,94,92,360304
1.7986,0.1955,38.65,94,92,360307
1.7889,0.2004,38.68,94,92,360310
1.8035,0.2102,38.46,94,92,360314
1.7937,0.1955,38.68,94,92,360317
1.8133,0.1906,38.49,94,92,360321
1.7937,0.2053,38.62,94,92,360325
1.8035,0.2053,38.71,94,92,360328
1.8280,0.2102,38.62,94,92,360331
1.8182,0.2053,38.62,94,92,360335
1.8573,0.2102,38.43,94,92,360338
1.8231,0.2004,38.62,94,92,360341
1.8280,0.2346,38.65,94,92,360344
1.8573,0.2102,38.62,94,92,360348
1.8377,0.2102,38.65,94,92,360351
1.9355,0.2199,38.40,94,92,360354
1.8768,0.2102,38.55,94,92,360358
1.8573,0.2053,38.68,94,92,360361
1.8671,0.2053,38.68,94,92,360365
1.8622,0.2053,38.62,94,92,360369
1.9110,0.2151,38.46,94,92,360372
1.8866,0.2102,38.43,94,92,360375
1.8817,0.2102,38.55,94,92,360379
1.8671,0.2053,38.65,94,92,360382
1.8719,0.2004,38.65,94,92,360385
1.9062,0.2151,38.52,94,92,360388
1.8866,0.2053,38.68,94,92,360392
1.9159,0.2053,38.58,94,92,360395
1.8964,0.2102,38.65,94,92,360398
1.9110,0.2102,38.68,94,92,360403
1.9208,0.2053,38.65,94,92,360407
1.9501,0.2151,38.68,94,92,360411
1.9404,0.2004,38.68,94,92,360414
1.9990,0.2102,38.40,94,92,360417
1.9892,0.2102,38.55,94,92,360421
1.9892,0.2004,38.65,94,92,360424
2.0039,0.2102,38.62,94,92,360427
1.9795,0.2004,38.68,94,92,360430
2.0137,0.2151,38.46,94,92,360434
1.9453,0.2004,38.55,94,92,360437
1.9159,0.2004,38.65,94,92,360440
1.8964,0.2053,38.68,94,92,360444
1.8768,0.2053,38.65,94,92,360448
1.9257,0.2102,38.49,94,92,360451
1.8817,0.2102,38.62,94,92,360455
1.8768,0.2004,38.58,94,92,360458
1.8671,0.1906,38.65,94,92,360461
1.8524,0.2053,38.74,94,92,360465
1.8915,0.2151,38.55,94,92,360468
1.8328,0.2102,38.68,94,92,360471
1.8280,0.2346,38.58,94,92,360474
1.7986,0.2053,38.68,94,92,360478
1.7937,0.2004,38.65,94,92,360481
1.8280,0.2151,38.52,94,92,360484
1.7986,0.2053,38.58,94,92,360488
1.8182,0.2102,38.55,94,92,360492
1.7889,0.2053,38.65,94,92,360495
1.7986,0.2004,38.65,94,92,360499
1.8133,0.2102,38.55,94,92,360502
1.7986,0.2053,38.77,94,92,360505
1.8182,0.2053,38.49,94,92,360508
1.7889,0.1906,38.65,94,92,360512
1.7986,0.2004,38.58,94,92,360515
1.8231,0.2053,38.68,94,92,360518
1.8182,0.2053,38.65,94,92,360522
1.8768,0.2102,38.46,94,92,360525
1.8671,0.1906,38.71,94,92,360528
1.9159,0.2053,38.74,94,92,360532
2.0039,0.2444,38.68,94,92,360536
2.0870,0.2053,38.68,94,92,360539
2.2776,0.2151,38.36,94,92,360542
2.4145,0.2102,38.55,94,92,360546
2.6100,0.2053,38.71,94,92,360549
2.8495,0.2053,38.58,94,92,360552
3.0645,0.2004,38.65,94,92,360556
3.3138,0.2248,38.46,94,92,360559
3.2893,0.2102,38.62,94,92,360562
3.1281,0.2004,38.52,94,92,360566
2.8495,0.2004,38.65,94,92,360569
2.5367,0.1906,38.68,94,92,360572
2.2923,0.2151,38.49,94,92,360576
2.0186,0.2346,38.62,94,92,360580
1.8280,0.2004,38.55,94,92,360583
1.6471,0.2053,38.65,94,92,360586
1.5298,0.2053,38.65,94,92,360590
1.4761,0.2102,38.65,94,92,360593
1.4223,0.2053,38.65,94,92,360596
1.4125,0.2151,38.55,94,92,360600
1.3783,0.2053,38.65,94,92,360603
1.3783,0.2004,38.68,94,92,360606
1.4125,0.1906,38.55,94,92,360610
1.4174,0.2542,38.68,94,92,360613
1.4516,0.2053,38.46,94,92,360616
1.4565,0.2053,38.58,94,92,360621
1.4761,0.2102,38.68,94,92,360624
1.5103,0.2151,38.65,94,92,360627
1.5103,0.2297,38.68,94,92,360630
1.5640,0.2151,38.43,94,92,360634
1.5543,0.2004,38.58,94,92,360637
1.5591,0.2053,38.65,94,92,360640
1.5787,0.2102,38.65,94,92,360644
1.5787,0.2004,38.74,94,92,360647
1.6373,0.2151,38.33,94,92,360650
1.6129,0.2053,38.43,94,92,360654
1.6227,0.2053,38.65,94,92,360657
1.6325,0.1906,38.71,94,92,360660
1.6373,0.2053,38.65,94,92,360665
1.6960,0.2102,38.49,94,92,360668
1.6569,0.2102,38.65,94,92,360671
1.6667,0.2004,38.52,94,92,360674
1.6716,0.2053,38.68,94,92,360678
1.6667,0.2053,38.77,94,92,360681
1.7058,0.2248,38.49,94,92,360684
1.6911,0.2102,38.65,94,92,360688
1.7204,0.2053,38.55,94,92,360691
1.7009,0.2199,38.65,94,92,360694
1.7009,0.2053,38.65,94,92,360698
1.7302,0.2151,38.55,94,92,360701
1.7107,0.2053,38.65,94,92,360705
1.7351,0.2199,38.55,94,92,360708
1.7107,0.2004,38.65,94,92,360712
1.7155,0.2053,38.68,94,92,360715
1.7302,0.2102,38.58,94,92,360718
1.7204,0.2053,38.68,94,92,360722
1.7498,0.2053,38.49,94,92,360725
1.7253,0.2053,38.74,94,92,360728
1.7351,0.2053,38.65,94,92,360732
1.7498,0.2151,38.65,94,92,360735
1.7400,0.2053,38.68,94,92,360738
1.7840,0.2199,38.40,94,92,360742
1.7644,0.2102,38.58,94,92,360745
1.7498,0.2053,38.68,94,92,360749
1.7595,0.2151,38.65,94,92,360752
1.7546,0.2053,38.65,94,92,360756
1.8280,0.2444,38.40,94,92,360759
1.8035,0.2102,38.58,94,92,360762
1.7986,0.2004,38.62,94,92,360766
1.8035,0.2053,38.65,94,92,360769
1.8035,0.1955,38.68,94,92,360772
1.8524,0.2199,38.52,94,92,360776
1.8231,0.2102,38.62,94,92,360779
1.8328,0.2004,38.55,94,92,360782
1.8182,0.1906,38.68,94,92,360785
1.8231,0.2053,38.71,94,92,360790
1.8475,0.2151,38.58,94,92,360793
1.8231,0.2053,38.77,94,92,360796
1.8377,0.2102,38.49,94,92,360800
1.8133,0.2053,38.71,94,92,360803
1.8133,0.2053,38.68,94,92,360806
1.8573,0.2151,38.55,94,92,360810
1.8328,0.2053,38.65,94,92,360813
1.8719,0.2053,38.52,94,92,360816
1.8524,0.2004,38.58,94,92,360820
1.8573,0.2053,38.65,94,92,360823
1.8768,0.2102,38.58,94,92,360826
1.8573,0.2053,38.71,94,92,360830
1.8964,0.2151,38.40,94,92,360834
1.8768,0.2053,38.65,94,92,360837
1.8768,0.2004,38.71,94,92,360840
1.8964,0.2444,38.62,94,92,360844
1.8817,0.2102,38.71,94,92,360847
1.9257,0.2151,38.43,94,92,360850
1.8768,0.2053,38.62,94,92,360854
1.8768,0.2004,38.68,94,92,360857
1.8719,0.2102,38.65,94,92,360860
1.8622,0.2004,38.68,94,92,360864
1.9159,0.2248,38.87,94,92,360867
1.8719,0.2248,38.58,94,92,360870
1.8524,0.2004,38.68,94,92,360873
1.8524,0.2053,38.71,94,92,360878
1.8475,0.2053,38.71,94,92,360881
1.8866,0.2151,38.49,94,92,360884
1.8524,0.1955,38.62,94,92,360888
1.8475,0.2053,38.58,94,92,360891
1.8328,0.2053,38.68,94,92,360894
1.8280,0.2053,38.62,94,92,360898
1.8426,0.2102,38.58,94,92,360901
1.8231,0.2053,38.65,94,92,360904
1.8475,0.2102,38.52,94,92,360908
1.8182,0.1906,38.68,94,92,360911
1.8280,0.2004,38.77,94,92,360914
1.8377,0.2053,38.52,94,92,360918
1.8524,0.2004,38.68,94,92,360922
1.8524,0.2053,38.52,94,92,360925
1.8328,0.2248,38.65,94,92,360928
1.8377,0.2004,38.68,94,92,360932
1.8671,0.2102,38.58,94,92,360935
1.8426,0.2102,38.65,94,92,360938
1.8768,0.2102,38.43,94,92,360942
1.8524,0.2444,38.65,94,92,360945
1.8328,0.2102,38.68,94,92,360948
1.8426,0.2151,38.55,94,92,360952
1.8231,0.2102,38.68,94,92,360955
1.8719,0.2151,38.36,94,92,360958
1.8231,0.2102,38.55,94,92,360962
1.8182,0.2004,38.65,94,92,360966
1.8231,0.2053,38.65,94,92,360969
1.8280,0.2053,38.68,94,92,360972
1.8915,0.1906,38.46,94,92,360976
1.8573,0.2102,38.62,94,92,360979
1.8573,0.2053,38.58,94,92,360982
1.8524,0.2053,38.65,94,92,360986
1.8524,0.2004,38.65,94,92,360989
1.9013,0.2102,38.55,94,92,360992
1.8719,0.2102,38.62,94,92,360995
1.8915,0.2053,38.52,94,92,360999
1.8817,0.1906,38.65,94,92,361003
1.8817,0.2053,38.68,94,92,361006
1.9159,0.2199,38.49,94,92,361010
1.8671,0.2297,38.55,94,92,361014
1.8817,0.2004,38.68,94,92,361018
1.8964,0.2102,38.43,94,92,361021
1.8719,0.2395,38.65,94,92,361024
1.8768,0.2004,38.68,94,92,361028
1.8915,0.2102,38.62,94,92,361031
1.8817,0.2053,38.58,94,92,361034
1.9355,0.2151,38.36,94,92,361038
1.9013,0.2053,37.83,94,92,361041
1.9110,0.2004,38.65,94,92,361044
1.9257,0.2053,38.65,94,92,361048
1.9306,0.2004,39.00,94,92,361052
2.0088,0.2248,38.43,94,92,361055
1.9844,0.2102,38.58,94,92,361058
1.9746,0.2053,38.68,94,92,361062
1.9844,0.2053,38.65,94,92,361065
1.9746,0.2102,38.68,94,92,361068
1.9990,0.2151,38.49,94,92,361072
1.9453,0.2053,38.62,94,92,361075
1.9257,0.2053,38.52,94,92,361078
1.8768,0.2053,38.68,94,92,361081
1.8475,0.2053,38.62,94,92,361085
1.8475,0.2346,38.52,94,92,361089
1.8084,0.2053,38.65,94,92,361092
1.8133,0.2102,38.52,94,92,361096
1.7742,0.2297,38.65,94,92,361099
1.7791,0.2004,38.68,94,92,361102
1.7937,0.2053,38.58,94,92,361106
1.7889,0.2053,38.65,94,92,361109
1.7986,0.2053,38.52,94,92,361112
1.7595,0.2053,38.65,94,92,361115
1.7498,0.2053,38.87,94,92,361119
1.7595,0.2102,38.55,94,92,361122
1.7302,0.2053,38.71,94,92,361125
1.7595,0.2053,38.49,94,92,361129
1.7644,0.2004,38.55,94,92,361133
1.7302,0.2004,38.68,94,92,361136
1.7498,0.2102,38.55,94,92,361140
1.7204,0.2053,38.68,94,92,361143
1.7595,0.2102,38.40,94,92,361146
1.7302,0.2053,38.68,94,92,361150
1.7351,0.2053,38.71,94,92,361153
1.7595,0.2004,38.65,94,92,361156
1.7840,0.1906,38.68,94,92,361159
1.8671,0.2248,38.40,94,92,361163
1.8475,0.2004,38.55,94,92,361166
1.8866,0.2004,38.62,94,92,361169
1.9501,0.2102,38.65,94,92,361174
2.0430,0.2053,38.71,94,92,361177
2.2287,0.2151,38.52,94,92,361180
2.3900,0.2102,38.65,94,92,361184
2.6246,0.2151,38.55,94,92,361187
2.8592,0.2053,38.55,94,92,361190
3.0841,0.2102,38.65,94,92,361193
3.3187,0.2151,38.49,94,92,361197
3.2551,0.2102,38.74,94,92,361200
3.1329,0.2004,38.52,94,92,361203
2.7908,0.2004,38.68,94,92,361207
2.4731,0.2004,38.81,94,92,361210
2.2092,0.2004,38.55,94,92,361213
1.9501,0.2004,38.65,94,92,361218
1.7889,0.2004,38.52,94,92,361221
1.6129,0.2004,38.65,94,92,361224
1.5103,0.2004,38.65,94,92,361227
1.4516,0.1955,38.58,94,92,361231
1.4027,0.2053,38.68,94,92,361234
1.3881,0.2053,38.46,94,92,361237
1.3832,0.2102,38.65,94,92,361241
1.3587,0.2004,38.68,94,92,361244
1.3734,0.2102,38.77,94,92,361247
1.3783,0.1906,38.65,94,92,361251
1.4321,0.2151,38.46,94,92,361254
1.4418,0.2151,38.58,94,92,361257
1.4272,0.2004,38.68,94,92,361262
1.4663,0.2102,38.65,94,92,361265
1.4467,0.1906,38.68,94,92,361268
1.5054,0.2248,38.33,94,92,361271
1.4956,0.2004,38.55,94,92,361275
1.5054,0.2004,38.62,94,92,361278
1.5200,0.2053,38.71,94,92,361281
1.5347,0.2053,38.77,94,92,361285
1.5885,0.2297,38.49,94,92,361288
1.5689,0.2102,38.62,94,92,361291
1.5640,0.2004,38.58,94,92,361295
1.5640,0.2053,38.71,94,92,361298
1.6178,0.2004,38.68,94,92,361302
1.6422,0.2102,38.58,94,92,361305
1.6325,0.2053,38.65,94,92,361309
1.6422,0.2151,38.52,94,92,361312
1.6178,0.2053,38.65,94,92,361315
1.6227,0.2004,38.68,94,92,361319
1.6276,0.2151,38.52,94,92,361322
1.5934,0.2004,38.68,94,92,361325
1.6276,0.2053,38.52,94,92,361329
1.6080,0.2004,38.62,94,92,361332
1.6178,0.2004,38.58,94,92,361335
1.6373,0.2004,38.52,94,92,361338
1.6129,0.2053,38.65,94,92,361342
1.6422,0.2053,38.43,94,92,361346
1.6276,0.2004,38.58,94,92,361349
1.6422,0.2053,38.68,94,92,361353
1.6618,0.2102,38.84,94,92,361356
1.6764,0.2004,38.68,94,92,361359
1.6960,0.2102,38.40,94,92,361363
1.6764,0.2004,38.58,94,92,361366
1.6862,0.2053,38.65,94,92,361369
1.7009,0.2102,38.68,94,92,361373
1.7058,0.2053,38.52,94,92,361376
1.7546,0.2297,38.40,94,92,361379
1.7302,0.1906,38.62,94,92,361382
1.7009,0.2004,38.62,94,92,361387
1.7107,0.2199,38.65,94,92,361390
1.7107,0.2053,38.68,94,92,361393
1.7546,0.2151,37.93,94,92,361397
1.7302,0.2151,38.62,94,92,361400
1.7400,0.2053,38.58,94,92,361403
1.7351,0.2053,38.74,94,92,361407
1.7400,0.2053,38.65,94,92,361410
1.7644,0.2151,38.52,94,92,361413
1.7400,0.2053,38.58,94,92,361416
1.7595,0.2053,38.49,94,92,361420
1.7400,0.2053,38.68,94,92,361423
1.7498,0.2004,38.68,94,92,361426
1.7742,0.2053,38.55,94,92,361431
1.7595,0.2346,38.65,94,92,361434
1.7840,0.2102,38.55,94,92,361437
1.7498,0.2102,38.65,94,92,361441
1.7742,0.2053,38.65,94,92,361444
1.7986,0.2102,38.87,94,92,361447
1.7840,0.2053,38.68,94,92,361450
1.8084,0.2053,38.46,94,92,361454
1.8084,0.2053,38.62,94,92,361457
1.8084,0.2004,38.62,94,92,361460
1.8475,0.2102,38.58,94,92,361464
1.8182,0.2053,38.68,94,92,361467
1.8573,0.2102,38.40,94,92,361470
1.8377,0.2004,38.62,94,92,361475
1.8475,0.2004,38.68,94,92,361478
1.8671,0.2102,38.62,94,92,361481
1.8866,0.2053,38.68,94,92,361484
1.9062,0.2102,38.36,94,92,361488
1.8426,0.2053,38.62,94,92,361491
1.8475,0.2004,38.65,94,92,361494
1.8426,0.2053,38.65,94,92,361498
1.8280,0.2053,38.68,94,92,361501
1.9159,0.2102,38.49,94,92,361504
1.8475,0.2102,37.93,94,92,361508
1.8328,0.2004,38.55,94,92,361511
1.8182,0.2053,38.68,94,92,361515
1.8182,0.2004,38.65,94,92,361519
1.8719,0.2151,38.49,94,92,361522
1.8475,0.2053,38.71,94,92,361525
1.8426,0.2053,38.49,94,92,361528
1.8280,0.2053,38.68,94,92,361532
1.7937,0.2053,38.71,94,92,361535
1.8084,0.2151,38.58,94,92,361538
1.7840,0.2053,38.68,94,92,361542
1.8084,0.2102,38.08,94,92,361545
1.7889,0.2053,38.65,94,92,361548
1.8231,0.2053,38.68,94,92,361552
1.8133,0.2102,38.62,94,92,361555
1.8084,0.1955,38.68,94,92,361559
1.8768,0.2053,38.46,94,92,361563
1.8133,0.2053,38.58,94,92,361566
1.8084,0.1955,38.65,94,92,361569
1.8182,0.2102,38.58,94,92,361572
1.7937,0.2053,38.65,94,92,361576
1.8280,0.2151,38.43,94,92,361579
1.7937,0.2053,38.58,94,92,361582
1.7595,0.2053,38.65,94,92,361586
1.7693,0.2102,38.62,94,92,361589
1.7742,0.2053,38.77,94,92,361592
1.8573,0.2248,38.40,94,92,361596
1.8280,0.2053,38.52,94,92,361600
1.8084,0.2004,38.18,94,92,361603
1.7986,0.2053,38.77,94,92,361606
1.7937,0.2248,38.65,94,92,361610
1.8524,0.2199,38.55,94,92,361613
1.8231,0.2053,38.62,94,92,361616
1.8133,0.1955,38.58,94,92,361620
1.7889,0.2053,38.68,94,92,361623
1.8133,0.2053,38.68,94,92,361628
1.8280,0.2004,38.65,94,92,361631
1.8573,0.2151,38.52,94,92,361634
1.8328,0.2053,38.68,94,92,361638
1.8866,0.2102,38.46,94,92,361641
1.8866,0.2053,38.58,94,92,361645
1.8622,0.2004,38.68,94,92,361649
1.8671,0.2151,38.55,94,92,361652
1.8377,0.2004,38.68,94,92,361655
1.8719,0.2102,38.49,94,92,361658
1.8377,0.2151,38.68,94,92,361662
1.8377,0.2004,38.68,94,92,361665
1.8573,0.2102,38.49,94,92,361668
1.8719,0.2053,38.71,94,92,361672
1.9404,0.2151,38.40,94,92,361675
1.9257,0.2297,38.55,94,92,361678
1.9501,0.2004,38.65,94,92,361682
1.9453,0.2053,38.65,94,92,361686
1.9257,0.2053,38.74,94,92,361689
2.0088,0.2102,38.49,94,92,361693
1.9404,0.2102,38.58,94,92,361696
1.9110,0.2004,38.58,94,92,361699
1.9110,0.2053,38.65,94,92,361702
1.9062,0.2053,38.65,94,92,361706
1.9110,0.1906,38.49,94,92,361709
1.8475,0.2590,38.58,94,92,361712
1.8328,0.2346,38.55,94,92,361716
1.8035,0.1906,38.65,94,92,361719
1.7937,0.2004,38.68,94,92,361722
1.7986,0.2102,38.55,94,92,361725
1.7742,0.2053,38.65,94,92,361730
1.7986,0.2102,38.55,94,92,361733
1.7595,0.1955,38.68,94,92,361736
1.7644,0.2053,38.65,94,92,361740
1.7742,0.2053,38.55,94,92,361743
1.7498,0.2053,38.65,94,92,361746
1.7498,0.2004,38.49,94,92,361750
1.7253,0.2053,38.65,94,92,361753
1.7302,0.2053,38.65,94,92,361756
1.7449,0.2102,38.58,94,92,361760
1.7253,0.2102,38.68,94,92,361763
1.7693,0.2102,38.40,94,92,361766
1.7644,0.2053,38.55,94,92,361769
1.7644,0.2004,38.65,94,92,361774
1.7840,0.2102,38.62,94,92,361777
1.7546,0.2053,38.68,94,92,361780
1.8133,0.2151,38.52,94,92,361784
1.7693,0.2053,38.58,94,92,361787
1.7742,0.2004,38.62,94,92,361790
1.8035,0.2053,38.65,94,92,361794
1.8231,0.2102,38.65,94,92,361797
1.9355,0.2199,38.46,94,92,361800
1.9746,0.2199,38.62,94,92,361803
2.1065,0.2053,38.58,94,92,361807
2.2923,0.2053,38.68,94,92,361810
2.5220,0.2102,38.68,94,92,361814
2.8201,0.2151,38.55,94,92,361818
3.0645,0.2053,38.62,94,92,361821
3.3089,0.2053,38.62,94,92,361824
3.3627,0.2004,38.68,94,92,361828
3.2307,0.2004,38.68,94,92,361831
2.9912,0.2102,38.52,94,92,361834
2.5953,0.2004,38.68,94,92,361838
2.2874,0.2102,38.52,94,92,361841
1.9746,0.2053,38.65,94,92,361844
1.7595,0.2004,38.62,94,92,361847
1.6227,0.2053,38.55,94,92,361851
1.4809,0.2053,38.74,94,92,361854
1.4321,0.2053,38.46,94,92,361858
1.3490,0.2102,38.62,94,92,361862
1.3196,0.2053,38.68,94,92,361865
1.3099,0.2395,38.55,94,92,361868
1.2903,0.2004,38.71,94,92,361872
1.3392,0.2102,38.43,94,92,361875
1.3343,0.2102,38.68,94,92,361878
1.3685,0.2053,38.71,94,92,361881
1.4027,0.2102,38.71,94,92,361885
1.4223,0.2004,38.68,94,92,361888
1.5005,0.2151,38.43,94,92,361891
1.5005,0.2102,38.58,94,92,361895
1.5005,0.2004,38.62,94,92,361899
1.5054,0.2151,38.68,94,92,361902
1.5103,0.2004,38.68,94,92,361906
1.5640,0.2248,38.43,94,92,361909
1.5445,0.2151,38.62,94,92,361912
1.5494,0.2004,38.58,94,92,361915
1.5543,0.2053,38.68,94,92,361919
1.5640,0.2053,38.71,94,92,361922
1.6178,0.2102,38.52,94,92,361925
1.6031,0.2053,38.62,94,92,361929
1.6276,0.1955,38.62,94,92,361932
1.6227,0.2053,38.68,94,92,361935
1.6227,0.2053,38.65,94,92,361939
1.6422,0.2151,38.62,94,92,361943
1.6227,0.2053,38.71,94,92,361946
1.6520,0.2151,38.52,94,92,361950
1.6422,0.2053,38.71,94,92,361953
1.6569,0.2102,38.65,94,92,361956
1.6911,0.2102,38.58,94,92,361959
1.6716,0.2053,38.68,94,92,361963
1.6813,0.2004,38.49,94,92,361966
1.6569,0.2053,38.58,94,92,361969
1.6422,0.2004,38.68,94,92,361973
1.6618,0.2151,38.55,94,92,361976
1.6471,0.2053,38.90,94,92,361979
1.6960,0.2102,38.65,94,92,361984
1.6764,0.2004,38.62,94,92,361987
1.6813,0.2053,38.71,94,92,361990
1.6764,0.2102,38.65,94,92,361993
1.6618,0.2053,38.65,94,92,361997
1.7058,0.2102,38.36,94,92,362000
1.6667,0.2053,38.62,94,92,362003
1.6667,0.2053,38.68,94,92,362007
1.6667,0.2053,38.65,94,92,362010
1.6618,0.1955,38.65,94,92,362013
1.7204,0.2199,38.49,94,92,362017
1.6862,0.2053,38.71,94,92,362020
1.6960,0.2004,38.58,94,92,362023
1.7009,0.2004,38.68,94,92,362028
1.7009,0.2004,38.58,94,92,362031
1.7351,0.2151,38.49,94,92,362034
1.7155,0.2102,38.68,94,92,362037
1.7351,0.2053,38.52,94,92,362041
1.7253,0.2053,38.71,94,92,362044
1.7253,0.2004,38.71,94,92,362047
1.7498,0.2199,38.55,94,92,362051
1.7351,0.2053,38.65,94,92,362054
1.7644,0.2102,38.55,94,92,362057
1.7400,0.2102,38.65,94,92,362061
1.7400,0.2053,38.71,94,92,362064
1.7498,0.2053,38.52,94,92,362067
1.7400,0.2053,38.68,94,92,362072
1.7693,0.1906,38.49,94,92,362075
1.7449,0.2053,38.65,94,92,362078
1.7546,0.2102,38.58,94,92,362081
1.7791,0.2102,38.62,94,92,362085
1.7791,0.2102,38.65,94,92,362088
1.8231,0.1906,38.43,94,92,362091
1.8280,0.2102,38.52,94,92,362095
1.8182,0.2199,38.65,94,92,362098
1.8328,0.2102,38.65,94,92,362101
1.8182,0.2004,38.65,94,92,362105
1.8719,0.2102,38.43,94,92,362108
1.8328,0.2053,38.52,94,92,362112
1.8231,0.1955,38.65,94,92,362116
1.8280,0.2053,38.65,94,92,362119
1.8133,0.2053,38.68,94,92,362122
1.8622,0.2199,38.49,94,92,362125
1.8328,0.2102,38.62,94,92,362129
1.8328,0.2004,38.55,94,92,362132
1.8231,0.2004,38.65,94,92,362135
1.8231,0.1906,38.71,94,92,362139
1.8475,0.2102,38.58,94,92,362142
1.8231,0.2004,38.65,94,92,362145
1.8377,0.2053,38.55,94,92,362149
1.8035,0.2053,38.65,94,92,362152
1.7986,0.1955,38.71,94,92,362156
1.8133,0.2102,38.55,94,92,362159
1.7791,0.2053,38.65,94,92,362163
1.8084,0.2004,38.55,94,92,362166
1.7742,0.2004,38.65,94,92,362169
1.7742,0.2004,38.68,94,92,362173
1.7889,0.1906,38.55,94,92,362176
1.7546,0.2053,38.68,94,92,362179
1.7791,0.2053,38.49,94,92,362183
1.7449,0.1906,38.58,94,92,362186
1.7498,0.2004,38.77,94,92,362189
1.7742,0.2151,38.62,94,92,362193
1.7644,0.2053,38.68,94,92,362196
1.8084,0.2102,38.40,94,92,362200
1.7644,0.1955,38.62,94,92,362203
1.7693,0.2004,38.71,94,92,362207
1.7742,0.2102,38.52,94,92,362210
1.7644,0.2053,38.68,94,92,362213
1.8035,0.2248,38.40,94,92,362217
1.7742,0.2102,38.46,94,92,362220
1.7595,0.1955,38.65,94,92,362223
1.7644,0.2053,38.58,94,92,362227
1.7644,0.2004,38.68,94,92,362230
1.8182,0.2151,38.49,94,92,362233
1.8133,0.2102,38.58,94,92,362238
1.7986,0.2053,38.65,94,92,362242
1.8280,0.2102,38.55,94,92,362246
1.8035,0.2004,38.62,94,92,362249
1.8133,0.2053,38.68,94,92,362252
1.8280,0.2151,38.58,94,92,362255
1.8231,0.2053,38.65,94,92,362259
1.8573,0.2053,38.62,94,92,362262
1.8328,0.2053,38.65,94,92,362265
1.8377,0.2053,38.71,94,92,362269
1.8622,0.2346,38.52,94,92,362272
1.8475,0.2053,38.68,94,92,362275
1.8915,0.2102,38.40,94,92,362279
1.8671,0.2151,38.55,94,92,362283
1.8524,0.2004,38.71,94,92,362286
1.8817,0.2004,38.68,94,92,362290
1.8426,0.1906,38.68,94,92,362293
1.9013,0.2248,38.46,94,92,362296
1.8964,0.2053,38.55,94,92,362299
1.8719,0.1955,38.58,94,92,362303
1.8866,0.2151,38.65,94,92,362306
1.8964,0.2004,38.68,94,92,362309
1.9501,0.2151,38.55,94,92,362313
1.9355,0.2151,38.65,94,92,362316
1.9550,0.2053,38.55,94,92,362319
1.9306,0.2053,38.65,94,92,362323
1.9257,0.2053,38.68,94,92,362327
1.9159,0.2102,38.46,94,92,362330
1.8817,0.2053,38.65,94,92,362334
1.8817,0.2053,38.52,94,92,362337
1.8328,0.2053,38.65,94,92,362340
1.8573,0.2004,38.68,94,92,362343
1.8524,0.2151,38.55,94,92,362347
1.8182,0.2151,38.68,94,92,362350
1.8377,0.2053,38.58,94,92,362353
1.8084,0.2053,38.62,94,92,362357
1.7986,0.2053,38.68,94,92,362360
1.8084,0.2102,38.65,94,92,362363
1.7791,0.2053,38.65,94,92,362368
1.8035,0.2151,38.40,94,92,362371
1.7693,0.2102,38.65,94,92,362374
1.7546,0.2004,38.65,94,92,362378
1.8035,0.2004,38.62,94,92,362381
1.7498,0.2053,38.68,94,92,362384
1.7937,0.2151,38.52,94,92,362387
1.7449,0.1906,38.58,94,92,362391
1.7498,0.2004,38.68,94,92,362394
1.7595,0.2053,38.62,94,92,362397
1.7595,0.2053,38.68,94,92,362401
1.8133,0.2248,38.43,94,92,362404
1.7791,0.2102,38.58,94,92,362407
1.7742,0.2004,38.58,94,92,362412
1.7791,0.2053,38.74,94,92,362415
1.7889,0.2053,38.68,94,92,362418
1.8524,0.2151,38.49,94,92,362421
1.8524,0.2102,38.58,94,92,362425
1.9110,0.2004,38.58,94,92,362428
1.9501,0.2053,38.65,94,92,362431
2.0430,0.2053,38.68,94,92,362435
2.2092,0.2199,38.55,94,92,362438
2.3607,0.2151,38.68,94,92,362441
2.6149,0.2102,38.55,94,92,362445
2.8152,0.2053,38.74,94,92,362448
3.0547,0.2053,38.68,94,92,362451
3.2454,0.2004,38.55,94,92,362455
3.2747,0.2053,38.68,94,92,362459
3.1720,0.2053,38.52,94,92,362462
2.8495,0.2053,38.68,94,92,362465
2.5318,0.2053,38.68,94,92,362469
2.2581,0.2102,38.58,94,92,362472
1.9844,0.2053,38.65,94,92,362475
1.8035,0.2053,38.46,94,92,362479
1.6325,0.2053,38.65,94,92,362482
1.5005,0.2004,38.68,94,92,362485
1.4565,0.1906,38.58,94,92,362488
1.3881,0.2004,38.68,94,92,362492
1.3978,0.2102,38.40,94,92,362496
1.3587,0.2346,38.62,94,92,362499
1.3587,0.1906,38.68,94,92,362503
1.3832,0.2102,38.81,94,92,362506
1.3930,0.2004,38.68,94,92,362509
1.4516,0.2199,38.40,94,92,362513
1.4467,0.2346,38.55,94,92,362516
1.4712,0.1906,38.62,94,92,362519
1.4907,0.2053,38.74,94,92,362523
1.5298,0.2053,38.65,94,92,362526
1.5689,0.2199,38.58,94,92,362529
1.5591,0.2053,38.65,94,92,362532
1.5836,0.2004,38.55,94,92,362536
1.5836,0.2053,38.55,94,92,362540
1.5885,0.2346,38.68,94,92,362543
1.6276,0.2151,38.49,94,92,362547
1.6080,0.2053,38.68,94,92,362550
1.6422,0.2102,38.52,94,92,362553
1.6080,0.2053,38.71,94,92,362557
1.6325,0.2053,38.68,94,92,362560
1.6813,0.2053,38.55,94,92,362563
1.6569,0.1906,38.68,94,92,362566
1.6862,0.1906,38.55,94,92,362570
1.6716,0.2004,38.58,94,92,362573
1.6813,0.2004,38.68,94,92,362576
1.7058,0.2102,38.55,94,92,362580
1.6960,0.2053,38.65,94,92,362584
1.7302,0.2151,38.43,94,92,362587
1.7058,0.2053,38.62,94,92,362591
1.7155,0.2004,38.65,94,92,362594
1.7498,0.2004,38.62,94,92,362597
1.7204,0.2053,38.65,94,92,362601
1.7644,0.2151,38.40,94,92,362604
1.7498,0.2102,38.58,94,92,362607
1.7351,0.2004,38.68,94,92,362610
1.7449,0.2053,38.62,94,92,362614
1.7351,0.2053,38.68,94,92,362617
1.7937,0.2248,38.46,94,92,362620
1.7644,0.2151,38.58,94,92,362625
1.7546,0.2004,38.65,94,92,362628
1.7546,0.2102,38.65,94,92,362631
1.7546,0.2053,38.68,94,92,362635
1.7986,0.2151,38.55,94,92,362638
1.7742,0.2102,38.65,94,92,362641
1.7840,0.2053,38.55,94,92,362645
1.7791,0.2053,38.77,94,92,362648
1.8133,0.2004,38.68,94,92,362651
1.8182,0.1906,38.62,94,92,362654
1.7937,0.2053,38.68,94,92,362658
1.8280,0.2053,38.52,94,92,362661
1.8084,0.2053,38.68,94,92,362664
1.8133,0.2053,38.74,94,92,362669
1.8426,0.2248,38.55,94,92,362672
1.8133,0.2053,38.52,94,92,362675
1.8377,0.2102,38.49,94,92,362679
1.8182,0.1906,38.58,94,92,362682
1.8231,0.2053,38.30,94,92,362685
1.8426,0.2151,38.52,94,92,362688
1.8280,0.2053,38.65,94,92,362692
1.8622,0.2102,38.36,94,92,362695
1.8475,0.2102,38.62,94,92,362698
1.8377,0.2004,38.65,94,92,362702
1.8573,0.2102,38.62,94,92,362705
1.8475,0.2004,38.65,94,92,362708
1.9110,0.2102,38.36,94,92,362713
1.8719,0.1955,38.58,94,92,362716
1.8768,0.2004,38.68,94,92,362719
1.8768,0.2053,38.65,94,92,362723
1.8768,0.2053,38.68,94,92,362726
1.9404,0.2248,38.43,94,92,362729
1.9013,0.2102,38.77,94,92,362732
1.8964,0.2004,38.65,94,92,362736
1.9062,0.2004,38.68,94,92,362739
1.9013,0.2053,38.68,94,92,362742
1.9355,0.2151,38.52,94,92,362746
1.9062,0.2151,38.62,94,92,362749
1.9062,0.2053,38.55,94,92,362753
1.8817,0.2053,38.65,94,92,362757
1.8719,0.1906,38.68,94,92,362760
1.8964,0.2102,38.58,94,92,362763
1.8719,0.2102,38.65,94,92,362766
1.9159,0.2151,38.52,94,92,362770
1.8622,0.2053,38.77,94,92,362773
1.8622,0.2053,38.68,94,92,362776
1.8768,0.2053,38.62,94,92,362780
1.8524,0.2053,38.77,94,92,362783
1.8719,0.2151,38.49,94,92,362786
1.8475,0.2053,38.90,94,92,362790
1.8426,0.2199,38.65,94,92,362793
1.8622,0.2102,38.55,94,92,362797
1.8328,0.2053,38.65,94,92,362801
1.8622,0.2102,38.40,94,92,362804
1.8377,0.2102,38.55,94,92,362807
1.8182,0.2053,38.55,94,92,362810
1.8328,0.2102,38.62,94,92,362814
1.8133,0.2053,38.71,94,92,362817
1.8622,0.2199,38.36,94,92,362820
1.8182,0.2053,38.65,94,92,362824
1.8084,0.2053,38.65,94,92,362827
1.8084,0.2102,38.65,94,92,362830
1.8035,0.2004,38.68,94,92,362834
1.8524,0.2199,38.52,94,92,362838
1.8133,0.2199,38.62,94,92,362841
1.8084,0.2004,38.58,94,92,362845
1.8035,0.2053,38.65,93,92,362848
1.7937,0.2053,38.74,93,92,362853
1.8084,0.2346,38.68,93,92,362856
1.8475,0.2102,38.49,93,92,362859
1.8182,0.2053,38.58,93,92,362862
1.8475,0.2151,38.52,93,92,362866
1.8280,0.2053,38.58,93,92,362869
1.8328,0.2004,38.65,93,92,362872
1.8573,0.2102,38.52,93,92,362876
1.8426,0.2053,38.71,93,92,362880
1.8866,0.2102,38.40,93,92,362883
1.8719,0.1906,38.62,93,92,362887
1.8622,0.2053,38.68,93,92,362890
1.8719,0.2102,38.62,93,92,362893
1.8573,0.2102,38.71,93,92,362896
1.9062,0.2151,38.40,93,92,362900
1.8671,0.2053,38.58,93,92,362903
1.8671,0.1906,38.68,93,92,362906
1.8719,0.2102,38.62,93,92,362910
1.8671,0.2053,38.68,93,92,362913
1.9306,0.2199,38.49,93,92,362916
1.9013,0.2102,38.58,93,92,362920
1.8964,0.2004,38.62,93,92,362924
1.8915,0.2053,38.65,93,92,362927
1.8866,0.2053,38.65,93,92,362931
1.9404,0.2151,38.52,93,92,362934
1.9257,0.2053,38.65,93,92,362937
1.9257,0.2151,38.52,93,92,362941
1.9257,0.2053,38.65,93,92,362944
1.9453,0.2004,38.68,93,92,362947
1.9746,0.2151,38.58,93,92,362950
1.9599,0.2053,38.74,93,92,362954
2.0088,0.2151,38.55,93,92,362957
1.9404,0.2053,38.68,93,92,362960
1.9257,0.2004,38.68,93,92,362964
1.9208,0.2102,38.55,93,92,362968
1.8964,0.2053,38.65,93,92,362971
1.9013,0.2053,38.49,93,92,362975
1.8573,0.2053,38.65,93,92,362978
1.8475,0.2053,38.68,93,92,362981
1.8622,0.2151,38.55,93,92,362984
1.8280,0.2053,38.68,93,92,362988
1.8622,0.2102,38.46,93,92,362991
1.8231,0.2151,38.55,93,92,362994
1.7937,0.2053,38.68,93,92,362998
1.7937,0.2199,38.62,93,92,363001
1.7840,0.2004,38.68,93,92,363004
1.8133,0.2151,38.36,93,92,363009
1.7693,0.2004,38.55,93,92,363012
1.7937,0.2053,38.65,93,92,363015
1.7546,0.2102,38.65,93,92,363019
1.7546,0.2004,38.62,93,92,363022
1.8035,0.2151,38.49,93,92,363025
1.7742,0.2102,38.58,93,92,363028
1.7693,0.2004,38.58,93,92,363032
1.7889,0.2151,38.68,93,92,363035
1.7595,0.2053,38.68,93,92,363038
1.7791,0.2102,38.58,93,92,363042
1.7742,0.2053,38.68,93,92,363045
1.7986,0.2053,38.55,93,92,363048
1.7986,0.2053,38.65,93,92,363053
1.8280,0.2004,38.65,93,92,363056
1.9062,0.2199,38.55,93,92,363059
1.9501,0.2053,38.65,93,92,363062
2.0479,0.2102,38.55,93,92,363066
2.1261,0.2004,38.65,93,92,363069
2.2678,0.2053,38.71,93,92,363072
2.4829,0.2102,38.55,93,92,363076
2.6833,0.2053,38.68,93,92,363079
2.9668,0.2053,38.46,93,92,363082
3.1378,0.2053,38.58,93,92,363086
3.2258,0.2053,38.71,93,92,363089
3.1867,0.2151,38.68,93,92,363092
2.9374,0.2053,38.68,93,92,363097
2.6931,0.2102,38.40,93,92,363100
2.3363,0.2053,38.62,93,92,363103
2.0821,0.2004,38.68,93,92,363106
1.8817,0.2102,38.65,93,92,363110
1.6960,0.2102,38.65,93,92,363113
1.6129,0.2151,38.36,93,92,363116
1.4907,0.2102,38.55,93,92,363120
1.4223,0.1955,38.68,93,92,363123
1.3930,0.2053,38.62,93,92,363126
1.3636,0.2053,38.68,93,92,363130
1.4027,0.2151,38.46,93,92,363133
1.3832,0.2102,38.58,93,92,363137
1.3930,0.2053,38.58,93,92,363140
1.3978,0.1906,38.68,93,92,363144
1.4174,0.2004,38.74,93,92,363147
1.4565,0.2102,38.87,93,92,363150
1.4907,0.2102,38.65,93,92,363154
1.4907,0.2053,38.52,93,92,363157
1.4907,0.2053,38.87,93,92,363160
1.5200,0.2053,38.68,93,92,363164
1.5347,0.2053,38.65,93,92,363167
1.5396,0.2053,38.30,93,92,363170
1.5689,0.2102,38.68,93,92,363173
1.5494,0.2053,38.65,93,92,363177
1.5591,0.1906,38.68,93,92,363181
1.5836,0.2102,38.58,93,92,363184
1.5738,0.2053,38.65,93,92,363188
1.5934,0.2053,38.55,93,92,363191
1.5836,0.2151,38.58,93,92,363194
1.5934,0.2053,38.68,93,92,363198
1.6178,0.2151,38.55,93,92,363201
1.6080,0.2053,38.68,93,92,363204
1.6520,0.2102,38.43,93,92,363208
1.6325,0.2004,38.58,93,92,363211
1.6276,0.2004,38.65,93,92,363214
1.6520,0.1906,38.62,93,92,363217
1.6422,0.2053,38.74,93,92,363222
1.6862,0.2151,38.36,93,92,363225
1.6471,0.2053,38.62,93,92,363228
1.6422,0.2346,38.65,93,92,363232
1.6520,0.1906,38.65,93,92,363235
1.6520,0.2053,38.65,93,92,363238
1.7107,0.2199,38.52,93,92,363242
1.6764,0.2102,38.68,93,92,363245
1.6764,0.2053,38.58,93,92,363248
1.6667,0.2053,38.65,93,92,363252
1.6716,0.2053,38.87,93,92,363255
1.7058,0.2297,38.49,93,92,363258
1.6960,0.2151,38.62,93,92,363261
1.7155,0.2053,38.49,93,92,363266
1.7058,0.2346,38.65,93,92,363269
1.7204,0.2053,38.68,93,92,363272
1.7449,0.2151,38.65,93,92,363276
1.7302,0.2102,38.62,93,92,363279
1.7644,0.2102,38.62,93,92,363282
1.7449,0.2053,38.65,93,92,363286
1.7889,0.2004,38.68,93,92,363289
1.7791,0.2102,38.62,93,92,363292
1.7644,0.2053,38.58,93,92,363295
1.7986,0.2102,38.46,93,92,363299
1.7742,0.2004,38.68,93,92,363302
1.7840,0.2004,38.65,93,92,363305
1.7986,0.2053,38.65,93,92,363310
1.7889,0.2053,38.71,93,92,363313
1.8182,0.2102,38.40,93,92,363316
1.7889,0.2151,38.62,93,92,363320
1.7644,0.2004,38.65,93,92,363323
1.7840,0.2102,38.68,93,92,363326
1.7595,0.2053,38.68,93,92,363330
1.8182,0.2199,38.40,93,92,363333
1.7791,0.2053,38.52,93,92,363336
1.7693,0.2053,38.65,93,92,363339
1.7889,0.2053,38.68,93,92,363343
1.7986,0.2053,38.65,93,92,363346
1.8475,0.2102,38.49,93,92,363350
1.8280,0.2102,38.65,93,92,363354
1.8280,0.2053,38.55,93,92,363357
1.8475,0.2053,38.71,93,92,363360
1.8280,0.2053,38.74,93,92,363364
1.8622,0.2493,38.58,93,92,363367
1.8377,0.1906,38.65,93,92,363370
1.8426,0.2102,38.74,93,92,363373
1.8182,0.2053,38.65,93,92,363377
1.8084,0.2053,38.71,93,92,363380
1.8426,0.2346,38.52,93,92,363383
1.8133,0.2053,38.68,93,92,363387
1.8377,0.2151,38.58,93,92,363390
1.7986,0.2004,38.62,93,92,363394
1.7986,0.2004,38.68,93,92,363398
1.8133,0.2151,38.55,93,92,363401
1.7937,0.2053,38.68,93,92,363404
1.8133,0.2102,38.46,93,92,363408
1.7840,0.2053,38.62,93,92,363411
1.7742,0.2053,38.81,93,92,363414
1.7937,0.2053,38.58,93,92,363417
1.7791,0.2053,38.68,93,92,363421
1.8280,0.2102,38.21,93,92,363424
1.7791,0.2053,38.62,93,92,363427
1.7840,0.2053,38.68,93,92,363431
1.7937,0.2102,38.71,93,92,363435
1.7840,0.2053,38.68,93,92,363438
1.8328,0.2248,38.52,93,92,363442
1.7937,0.2639,38.62,93,92,363445
1.7644,0.1906,38.62,93,92,363448
1.7449,0.2297,38.65,93,92,363452
1.7498,0.2004,38.68,93,92,363455
1.7742,0.2151,38.46,93,92,363458
1.7595,0.2053,38.62,93,92,363463
1.7351,0.2053,38.65,93,92,363466
1.7693,0.2248,38.55,93,92,363469
1.7498,0.1906,38.68,93,92,363473
1.7546,0.2053,38.77,93,92,363476
1.7742,0.2102,38.55,93,92,363480
1.7595,0.1906,38.71,93,92,363484
1.7937,0.2102,38.49,93,92,363487
1.7693,0.2004,38.65,93,92,363490
1.7889,0.2004,38.65,93,92,363494
1.8035,0.2102,38.49,93,92,363497
1.7840,0.2151,38.68,93,92,363500
1.8377,0.2102,38.40,93,92,363504
1.8035,0.2102,38.55,93,92,363507
1.7937,0.2004,38.68,93,92,363510
1.8035,0.2102,38.65,93,92,363513
1.7889,0.2053,38.68,93,92,363517
1.8377,0.2248,38.43,93,92,363521
1.8084,0.2004,38.58,93,92,363524
1.8035,0.2053,38.65,93,92,363528
1.8426,0.2102,38.65,93,92,363531
1.8133,0.2053,38.71,93,92,363534
1.8573,0.2199,38.52,93,92,363538
1.8231,0.2102,38.62,93,92,363541
1.8280,0.2053,38.52,93,92,363544
1.8182,0.2053,38.65,93,92,363547
1.8280,0.2053,38.68,93,92,363551
1.8475,0.2151,38.55,93,92,363554
1.8280,0.2102,38.65,93,92,363557
1.8426,0.2102,38.52,93,92,363561
1.8280,0.1955,38.68,93,92,363565
1.8524,0.2053,38.68,93,92,363568
1.9013,0.2151,38.58,93,92,363572
1.8915,0.2053,38.65,93,92,363575
1.9257,0.2053,38.52,93,92,363578
1.9013,0.2053,38.62,93,92,363582
1.9306,0.2004,38.68,93,92,363585
1.9501,0.2102,38.52,93,92,363588
1.9355,0.2053,38.68,93,92,363591
1.9599,0.2102,38.43,93,92,363595
1.8915,0.2053,38.65,93,92,363598
1.8426,0.2053,38.65,93,92,363601
1.8280,0.2102,38.62,93,92,363606
1.7840,0.2053,38.68,93,92,363609
1.8328,0.2151,38.43,93,92,363612
1.7937,0.1906,38.58,93,92,363616
1.7693,0.2004,38.71,93,92,363619
1.7595,0.2102,38.65,93,92,363622
1.7400,0.1906,38.65,93,92,363626
1.7791,0.2248,38.43,93,92,363629
1.7400,0.2102,38.58,93,92,363632
1.7204,0.2004,38.62,93,92,363635
1.7204,0.2102,38.65,93,92,363639
1.7058,0.2053,38.43,93,92,363642
1.7498,0.2542,38.49,93,92,363645
1.7302,0.2102,38.65,93,92,363650
1.7302,0.2053,38.52,93,92,363653
1.7009,0.2053,38.65,93,92,363656
1.6911,0.2004,38.68,93,92,363660
1.7058,0.2151,38.55,93,92,363663
1.6911,0.2102,38.65,93,92,363666
1.7155,0.2004,38.52,93,92,363669
1.7058,0.2053,38.68,93,92,363673
1.7155,0.2004,38.68,93,92,363676
1.7351,0.2053,38.58,93,92,363679
1.7253,0.2053,38.68,93,92,363683
1.7742,0.2053,38.55,93,92,363686
1.7791,0.2053,38.65,93,92,363689
1.8377,0.2053,38.68,93,92,363694
1.9306,0.2102,38.55,93,92,363697
2.0283,0.2053,38.55,93,92,363700
2.2239,0.2102,38.46,93,92,363703
2.4096,0.2151,38.62,93,92,363707
2.6344,0.2053,38.65,93,92,363710
2.9228,0.2151,38.58,93,92,363713
3.1183,0.1906,38.65,93,92,363717
3.3284,0.2151,38.40,93,92,363720
3.2063,0.2151,38.58,93,92,363723
2.9961,0.2004,38.68,93,92,363727
2.6735,0.2102,38.65,93,92,363730
2.3412,0.2053,38.62,93,92,363734
2.1212,0.2248,38.40,93,92,363737
1.8426,0.2053,38.55,93,92,363741
1.6618,0.2004,38.65,93,92,363744
1.5249,0.2102,38.68,93,92,363747
1.4272,0.2053,38.68,93,92,363751
1.4027,0.2444,38.52,93,92,363754
1.3490,0.2102,38.65,93,92,363757
1.3441,0.2053,38.55,93,92,363761
1.3392,0.2004,38.65,93,92,363764
1.3490,0.1906,38.68,93,92,363767
1.4027,0.2151,38.62,93,92,363771
1.3978,0.2053,38.65,93,92,363774
1.4076,0.2102,38.52,93,92,363778
1.3881,0.2053,38.68,93,92,363781
1.4076,0.2053,38.65,93,92,363785
1.4761,0.2004,38.55,93,92,363788
1.4712,0.2053,38.65,93,92,363791
1.5103,0.2053,38.52,93,92,363795
1.5200,0.2053,38.65,93,92,363798
1.5200,0.2053,38.68,93,92,363801
1.5347,0.2102,38.58,93,92,363805
1.5347,0.2053,38.65,93,92,363808
1.5787,0.2053,38.46,93,92,363811
1.5494,0.2053,38.74,93,92,363814
1.5640,0.2297,38.68,93,92,363819
1.6031,0.1906,38.62,93,92,363822
1.6178,0.2102,38.65,93,92,363825
1.6764,0.2151,38.46,93,92,363829
1.6325,0.2102,38.62,93,92,363832
1.6031,0.2151,38.71,93,92,363835
1.5982,0.2102,38.71,93,92,363839
1.5934,0.2199,38.65,93,92,363842
1.6520,0.2248,38.43,93,92,363845
1.6373,0.2102,38.55,93,92,363849
1.6520,0.2102,38.62,93,92,363852
1.6716,0.1906,38.65,93,92,363855
1.6569,0.2053,38.71,93,92,363858
1.6911,0.2199,38.52,93,92,363863
1.6618,0.2102,38.62,93,92,363866
1.6764,0.2053,38.62,93,92,363869
1.6764,0.2346,38.65,93,92,363873
1.6862,0.2053,38.77,93,92,363876
1.7058,0.2151,38.62,93,92,363879
1.6813,0.2053,38.68,93,92,363883
1.7009,0.2053,38.52,93,92,363886
1.6764,0.2053,38.74,93,92,363889
1.7155,0.2004,38.68,93,92,363893
1.7400,0.2151,38.55,93,92,363896
1.7351,0.2151,38.65,93,92,363899
1.7595,0.2053,38.52,93,92,363902
1.7155,0.2053,38.62,93,92,363907
1.7058,0.2199,38.65,93,92,363910
1.7253,0.2102,38.52,93,92,363913
1.7009,0.2053,38.40,93,92,363917
1.7302,0.2102,38.49,93,92,363920
1.7400,0.2004,38.65,93,92,363923
1.7498,0.2053,38.68,93,92,363927
1.7889,0.2102,38.62,93,92,363930
1.7742,0.2004,38.65,93,92,363933
1.7986,0.2151,38.43,93,92,363936
1.7351,0.2053,38.58,93,92,363940
1.7302,0.2053,38.68,93,92,363943
1.7400,0.2102,38.65,93,92,363947
1.7449,0.2151,38.71,93,92,363951
1.8084,0.2248,38.43,93,92,363954
1.7889,0.2102,38.65,93,92,363957
1.7791,0.2004,38.62,93,92,363961
1.7644,0.2053,38.65,93,92,363964
1.7546,0.2053,38.58,93,92,363967
1.8035,0.2248,38.55,93,92,363971
1.7889,0.2102,38.74,93,92,363974
1.8084,0.2053,38.58,93,92,363977
1.8133,0.2151,38.65,93,92,363980
1.8377,0.2053,38.68,93,92,363984
1.8768,0.2395,38.52,93,92,363987
1.8719,0.2004,38.65,93,92,363991
1.9013,0.2102,38.55,93,92,363995
1.8719,0.2053,38.68,93,92,363998
1.8768,0.2053,38.68,93,92,364001
1.8866,0.2053,38.58,93,92,364005
1.8719,0.2053,37.93,93,92,364008
1.8866,0.2102,38.55,93,92,364011
1.8426,0.2053,38.68,93,92,364014
1.8377,0.2053,38.77,93,92,364018
1.8573,0.2151,38.55,93,92,364021
1.8231,0.2053,38.58,93,92,364024
1.8475,0.2493,38.43,93,92,364028
1.8328,0.2102,38.58,93,92,364032
1.8426,0.2053,38.68,93,92,364035
1.8866,0.2102,38.62,93,92,364039
1.8671,0.2053,38.74,93,92,364042
1.8915,0.2395,38.40,93,92,364045
1.8426,0.2053,38.58,93,92,364049
1.8280,0.2053,38.65,93,92,364052
1.8182,0.2053,38.68,93,92,364055
1.8035,0.2053,38.68,93,92,364058
1.8524,0.2248,38.46,93,92,364062
1.8475,0.2151,38.62,93,92,364065
1.8035,0.2004,38.58,93,92,364068
1.7937,0.2053,38.74,94,92,364072
1.8035,0.2053,38.58,94,92,364076
1.8084,0.2248,38.65,94,92,364080
1.8280,0.2151,38.52,94,92,364083
1.7937,0.2053,38.65,94,92,364086
1.8182,0.2004,38.52,94,92,364090
1.7889,0.2053,38.65,94,92,364093
1.7742,0.2053,38.71,94,92,364096
1.7840,0.2102,38.55,94,92,364100
1.7791,0.2053,38.68,94,92,364103
1.8182,0.2102,38.49,94,92,364106
1.7889,0.2053,38.62,94,92,364109
1.7937,0.2053,38.71,94,92,364113
1.8280,0.2151,38.62,94,92,364116
1.8280,0.2053,38.65,94,92,364120
1.8719,0.2151,38.46,94,92,364124
1.8280,0.1906,38.62,94,92,364127
1.8328,0.2053,38.65,94,92,364130
1.8475,0.2053,38.65,94,92,364134
1.8377,0.2053,38.65,94,92,364137
1.9013,0.2248,38.46,94,92,364140
1.8622,0.2053,38.58,94,92,364144
1.8475,0.2004,38.62,94,92,364147
1.8328,0.2102,38.65,94,92,364150
1.8475,0.2004,38.68,94,92,364153
1.8768,0.2151,38.52,94,92,364157
1.8573,0.2151,38.68,94,92,364161
1.8768,0.2053,38.52,94,92,364164
1.8768,0.2053,38.87,94,92,364168
1.8915,0.1955,38.68,94,92,364171
1.9208,0.2102,38.62,94,92,364174
1.8915,0.2053,38.65,94,92,364178
1.9257,0.2151,38.55,94,92,364181
1.9110,0.2053,38.68,94,92,364184
1.9110,0.2053,38.65,94,92,364187
1.9062,0.2053,38.58,94,92,364191
1.9062,0.2053,38.65,94,92,364194
1.9453,0.2053,38.68,94,92,364197
1.9550,0.2053,38.68,94,92,364201
1.9501,0.2053,38.68,94,92,364205
1.9844,0.2151,38.55,94,92,364208
1.9648,0.2053,38.68,94,92,364212
1.9941,0.2102,38.40,94,92,364215
1.9501,0.2102,38.55,94,92,364218
1.8964,0.2053,38.68,94,92,364222
1.8915,0.2151,38.62,94,92,364225
1.8622,0.2053,38.71,94,92,364228
1.8915,0.2151,38.43,94,92,364231
1.8377,0.2004,38.58,94,92,364235
1.8035,0.2004,38.65,94,92,364238
1.7889,0.2102,38.71,94,92,364241
1.7742,0.2151,38.68,94,92,364246
1.8182,0.2199,38.46,94,92,364249
1.7742,0.2493,38.62,94,92,364252
1.7693,0.2004,38.58,94,92,364256
1.7595,0.2053,37.93,94,92,364259
1.7449,0.2004,38.68,94,92,364262
1.7595,0.2151,38.58,94,92,364266
1.7302,0.2102,38.65,94,92,364269
1.7498,0.2004,38.52,94,92,364272
1.7107,0.2053,38.71,94,92,364275
1.7107,0.2395,38.65,94,92,364279
1.7498,0.2102,38.55,94,92,364282
1.7351,0.2199,38.65,94,92,364285
1.7742,0.1906,38.55,94,92,364290
1.7400,0.2004,38.74,94,92,364293
1.7351,0.2053,38.71,94,92,364296
1.7546,0.2102,38.55,94,92,364300
1.7498,0.2053,38.62,94,92,364303
1.7986,0.2004,38.55,94,92,364306
1.8133,0.2053,38.62,94,92,364310
1.8719,0.2053,38.77,94,92,364313
1.9599,0.2151,38.58,94,92,364316
2.0479,0.1906,38.65,94,92,364319
2.2434,0.2102,38.43,94,92,364323
2.3998,0.2053,38.68,94,92,364326
2.6588,0.2004,38.65,94,92,364329
2.9326,0.2102,38.62,94,92,364334
3.1623,0.2102,38.68,94,92,364337
3.4115,0.2199,38.40,94,92,364340
3.3431,0.2102,38.62,94,92,364344
3.1183,0.2004,38.68,94,92,364347
2.7908,0.2102,38.71,94,92,364350
2.4291,0.2053,38.62,94,92,364353
2.1652,0.2102,38.49,94,92,364357
1.8622,0.2102,38.58,94,92,364360
1.6422,0.2053,38.62,94,92,364363
1.4761,0.2004,38.65,94,92,364367
1.3685,0.2102,38.65,94,92,364370
1.3294,0.2199,38.49,94,92,364374
1.2903,0.2053,38.65,94,92,364378
1.2903,0.2053,38.58,94,92,364381
1.2708,0.2053,38.65,94,92,364384
1.2903,0.2053,38.68,94,92,364388
1.3294,0.2053,38.68,94,92,364391
1.3539,0.2199,38.68,94,92,364394
1.4076,0.1906,38.55,94,92,364397
1.4027,0.2151,38.65,94,92,364401
1.4321,0.2053,38.68,94,92,364404
1.4565,0.2102,38.55,94,92,364407
1.4516,0.2053,38.65,94,92,364411
1.4858,0.2102,38.46,94,92,364414
1.4858,0.2053,38.52,94,92,364418
1.4956,0.2053,38.65,94,92,364422
1.5298,0.2151,38.74,94,92,364425
1.5249,0.2004,38.68,94,92,364428
1.5689,0.1906,38.43,94,92,364432
1.5494,0.2053,38.52,94,92,364435
1.5543,0.2053,38.68,94,92,364438
1.5738,0.2102,38.65,94,92,364441
1.5787,0.2053,37.96,94,92,364445
1.6373,0.2297,38.40,94,92,364448
1.6080,0.2053,38.55,94,92,364451
1.6080,0.2004,38.65,94,92,364455
1.6129,0.2053,38.62,94,92,364459
1.6471,0.2053,38.65,94,92,364462
1.6520,0.2199,38.55,94,92,364466
1.6178,0.2151,38.65,94,92,364469
1.6227,0.2053,38.58,94,92,364472
1.6178,0.2053,38.65,94,92,364476
1.6276,0.2053,38.68,94,92,364479
1.6667,0.2151,38.40,94,92,364482
1.6422,0.2004,38.65,94,92,364485
1.6569,0.2102,38.52,94,92,364489
1.6373,0.2102,38.65,94,92,364492
1.6471,0.2004,38.68,94,92,364495
1.6667,0.2053,38.58,94,92,364499
1.6520,0.2053,38.74,94,92,364503
1.6764,0.2053,38.55,94,92,364506
1.6569,0.2053,38.65,94,92,364510
1.6667,0.2053,38.68,94,92,364513
1.6813,0.2102,38.55,94,92,364516
1.6764,0.2053,38.68,94,92,364519
1.7253,0.2102,38.43,94,92,364523
1.6960,0.2053,38.65,94,92,364526
1.7107,0.2053,37.96,94,92,364529
1.7253,0.2199,38.65,94,92,364533
1.7204,0.2053,38.65,94,92,364536
1.7693,0.2151,38.33,94,92,364539
1.7595,0.2102,38.62,94,92,364544
1.7253,0.2053,38.71,94,92,364547
1.7498,0.2102,38.65,94,92,364550
1.7400,0.2053,38.68,94,92,364554
1.7937,0.2248,38.49,94,92,364557
1.7546,0.2151,38.55,94,92,364560
1.7400,0.2004,38.58,94,92,364563
1.7351,0.2102,38.74,94,92,364567
1.7351,0.2102,38.65,94,92,364570
1.7693,0.1906,38.52,94,92,364573
1.7546,0.2102,38.58,94,92,364577
1.7693,0.2297,38.58,94,92,364580
1.7595,0.2053,38.68,94,92,364583
1.7595,0.2053,38.65,94,92,364588
1.7986,0.2151,38.65,94,92,364591
1.7742,0.2053,38.68,94,92,364594
1.8084,0.2102,38.55,94,92,364597
1.7937,0.2102,38.65,94,92,364601
1.8182,0.2053,38.74,94,92,364604
1.8475,0.2151,38.55,94,92,364607
1.8280,0.2053,38.68,94,92,364611
1.8475,0.2053,38.46,94,92,364614
1.8280,0.2004,38.58,94,92,364617
1.8280,0.1906,38.68,94,92,364621
1.8475,0.2102,38.65,94,92,364624
1.8280,0.2004,38.65,94,92,364627
1.8964,0.2151,38.43,94,92,364632
1.8377,0.2102,38.62,94,92,364635
1.8328,0.2053,38.65,94,92,364638
1.8426,0.1906,38.62,94,92,364641
1.8328,0.2053,38.68,94,92,364645
1.8719,0.2297,38.36,94,92,364648
1.8328,0.2053,38.62,94,92,364651
1.8377,0.2053,38.65,94,92,364655
1.8328,0.2151,38.65,94,92,364658
1.8280,0.2053,38.65,94,92,364661
1.8768,0.2199,38.46,94,92,364665
1.8377,0.2102,38.68,94,92,364668
1.8280,0.2004,38.62,94,92,364672
1.8280,0.2053,38.65,94,92,364676
1.8182,0.2102,38.68,94,92,364679
1.8475,0.2248,38.49,94,92,364682
1.8280,0.2053,38.55,94,92,364686
1.7840,0.2053,38.65,94,92,364689
1.8133,0.1906,38.52,94,92,364692
1.7840,0.2053,38.46,94,92,364696
1.7840,0.2004,38.68,94,92,364699
1.8035,0.2004,38.55,94,92,364702
1.7840,0.2053,38.65,94,92,364706
1.8133,0.2102,38.43,94,92,364709
1.7840,0.2053,38.68,94,92,364712
1.7791,0.2053,38.68,94,92,364717
1.7937,0.2102,38.65,94,92,364720
1.7791,0.2053,38.68,94,92,364723
1.8280,0.2151,38.40,94,92,364727
1.7937,0.2004,38.55,94,92,364730
1.7889,0.2053,38.68,94,92,364733
1.7986,0.2151,38.65,94,92,364736
1.7889,0.2053,38.68,94,92,364740
1.8524,0.2248,38.43,94,92,364743
1.8280,0.2151,38.58,94,92,364746
1.8280,0.2004,38.58,94,92,364750
1.8231,0.2102,38.65,94,92,364753
1.8231,0.2102,38.71,94,92,364756
1.8719,0.2151,38.52,94,92,364761
1.8426,0.2102,38.71,94,92,364764
1.8573,0.2248,38.55,94,92,364767
1.8328,0.2053,38.65,94,92,364770
1.8328,0.2151,38.65,94,92,364774
1.8475,0.1906,38.62,94,92,364777
1.8328,0.2102,38.71,94,92,364780
1.8622,0.2297,38.52,94,92,364784
1.8328,0.2053,38.55,94,92,364787
1.8377,0.2542,38.65,94,92,364790
1.8622,0.2151,38.55,94,92,364794
1.8524,0.2053,38.68,94,92,364797
1.8964,0.2053,38.49,94,92,364801
1.8817,0.2053,38.58,94,92,364805
1.8817,0.2053,38.87,94,92,364808
1.9062,0.2199,38.55,94,92,364811
1.8964,0.2053,38.68,94,92,364814
1.9404,0.2102,38.43,94,92,364818
1.9208,0.2102,38.62,94,92,364821
1.9257,0.2053,38.68,94,92,364824
1.9501,0.2102,38.62,94,92,364828
1.9306,0.2053,38.77,94,92,364831
1.9795,0.2102,38.46,94,92,364834
1.9257,0.2053,38.58,94,92,364838
1.9159,0.2102,38.68,94,92,364841
1.9159,0.1906,38.62,94,92,364845
1.8768,0.2053,38.65,94,92,364849
1.9110,0.2297,38.49,94,92,364852
1.8524,0.2151,38.58,94,92,364855
1.8328,0.2004,38.58,94,92,364858
1.8182,0.2053,38.65,94,92,364862
1.8035,0.2053,38.71,94,92,364865
1.8280,0.2248,38.46,94,92,364868
1.7986,0.2102,38.62,94,92,364872
1.8035,0.2151,38.52,94,92,364875
1.7693,0.2053,38.68,94,92,364878
1.7546,0.2053,38.68,94,92,364882
1.7693,0.2199,38.55,94,92,364886
1.7449,0.2004,38.62,94,92,364889
1.7644,0.2151,38.58,94,92,364892
1.7400,0.2053,38.74,94,92,364896
1.7498,0.2053,38.68,94,92,364899
1.7644,0.2102,38.49,94,92,364902
1.7546,0.2053,38.62,94,92,364906
1.7791,0.2053,38.49,94,92,364909
1.7595,0.2053,38.65,94,92,364912
1.7644,0.2102,38.71,94,92,364916
1.7791,0.2102,38.58,94,92,364919
1.7595,0.2053,38.74,94,92,364922
1.8035,0.2151,38.43,94,92,364926
1.7889,0.1906,38.58,94,92,364930
1.7937,0.2053,38.71,94,92,364933
1.8377,0.2102,38.68,94,92,364936
1.8768,0.1906,38.65,94,92,364940
1.9990,0.2151,38.49,94,92,364943
2.0577,0.2053,38.55,94,92,364946
2.1896,0.2004,38.65,94,92,364950
2.3754,0.2102,38.65,94,92,364953
2.5855,0.2444,38.68,94,92,364956
2.8983,0.2199,38.49,94,92,364960
3.0938,0.2102,38.68,94,92,364963
3.2551,0.2004,38.55,94,92,364966
3.2747,0.2102,38.65,94,92,364969
3.1427,0.2053,38.74,94,92,364974
2.9130,0.2151,38.52,94,92,364977
2.6002,0.2053,38.62,94,92,364980
2.2825,0.2004,38.52,94,92,364984
2.0039,0.2053,38.65,94,92,364987
1.8035,0.2053,38.65,94,92,364990
1.6960,0.2151,38.52,94,92,364994
1.5347,0.2053,38.65,94,92,364997
1.4761,0.2102,38.55,94,92,365000
1.4125,0.1906,38.68,94,92,365003
1.3930,0.2053,38.71,94,92,365007
1.3930,0.2151,38.55,94,92,365010
1.3734,0.2053,38.68,94,92,365014
1.4076,0.2053,38.52,94,92,365018
1.4076,0.2004,38.62,94,92,365021
1.4321,0.2053,38.68,94,92,365024
1.4565,0.2102,38.62,94,92,365028
1.4614,0.2102,38.65,94,92,365031
1.5152,0.2151,38.43,94,92,365034
1.5005,0.2053,38.65,94,92,365038
1.5249,0.2053,38.68,94,92,365041
1.5494,0.2053,38.65,94,92,365044
1.5543,0.2053,38.68,94,92,365047
1.6080,0.2151,38.36,94,92,365051
1.5982,0.2102,38.46,94,92,365054
1.5982,0.2004,38.68,94,92,365058
1.6129,0.2102,38.65,94,92,365062
1.6178,0.2004,38.65,94,92,365065
1.6764,0.2297,38.46,94,92,365068
1.6520,0.2102,38.62,94,92,365072
1.6471,0.2248,38.58,94,92,365075
1.6520,0.2004,38.65,94,92,365078
1.6471,0.2053,38.68,94,92,365081
1.6911,0.2102,38.52,94,92,365085
1.7058,0.2004,38.65,94,92,365088
1.7009,0.2004,38.55,94,92,365091
1.6862,0.2053,38.65,94,92,365095
1.6911,0.1955,38.68,94,92,365099
1.7107,0.2102,38.62,94,92,365102
1.7107,0.2053,38.74,94,92,365106
1.7351,0.2151,38.52,94,92,365109
1.7107,0.2053,38.52,94,92,365112
1.7058,0.2004,38.65,94,92,365116
1.7302,0.2102,38.58,94,92,365119
1.7155,0.2053,38.68,94,92,365122
1.7449,0.2102,38.46,94,92,365125
1.7400,0.2004,38.58,94,92,365129
1.7449,0.2004,38.68,94,92,365132
1.7546,0.2151,38.58,94,92,365135
1.7449,0.2004,38.68,94,92,365139
1.7840,0.2102,38.43,94,92,365143
1.7595,0.2004,38.62,94,92,365146
1.7595,0.2053,38.68,94,92,365150
1.7791,0.2102,38.62,94,92,365153
1.7693,0.2053,38.71,94,92,365156
1.8182,0.2248,38.43,94,92,365159
1.7742,0.2053,38.58,94,92,365163
1.7742,0.2053,38.65,94,92,365166
1.7742,0.2053,38.65,94,92,365169
1.7791,0.2004,38.65,94,92,365173
1.8426,0.2248,38.55,94,92,365176
1.8084,0.2053,38.65,94,92,365179
1.8182,0.2004,38.58,94,92,365184
1.8280,0.2053,38.68,94,92,365187
1.8231,0.2004,38.68,94,92,365190
1.8573,0.2151,38.49,94,92,365194
1.8377,0.1906,38.65,94,92,365197
1.8475,0.2053,38.55,94,92,365200
1.8280,0.2053,38.68,94,92,365203
1.8328,0.2004,38.68,94,92,365207
1.8573,0.2102,38.58,94,92,365210
1.8426,0.2053,38.65,94,92,365213
1.8719,0.2151,38.55,94,92,365217
1.8524,0.2053,38.87,94,92,365220
1.8719,0.2004,38.68,94,92,365223
1.8964,0.2004,38.58,94,92,365228
1.8915,0.2053,38.74,94,92,365231
1.9208,0.2053,38.49,94,92,365234
1.9013,0.2053,38.68,94,92,365237
1.9062,0.2004,38.68,94,92,365241
1.9257,0.2199,38.62,94,92,365244
1.9013,0.2053,38.68,94,92,365247
1.9404,0.2102,38.52,94,92,365251
1.9110,0.2102,38.55,94,92,365254
1.9257,0.2053,38.68,94,92,365257
1.9110,0.2151,38.65,94,92,365261
1.9013,0.2004,38.65,94,92,365264
1.9648,0.2102,38.36,94,92,365267
1.9208,0.2102,38.58,94,92,365272
1.9062,0.1857,38.65,94,92,365275
1.9062,0.1906,38.65,94,92,365278
1.8964,0.2004,38.90,94,92,365281
1.9453,0.2199,38.40,94,92,365285
1.9013,0.1906,38.58,94,92,365288
1.8915,0.2004,38.62,94,92,365291
1.8915,0.2053,38.68,93,92,365295
1.8671,0.2053,38.65,93,92,365298
1.8768,0.2004,38.68,93,92,365302
1.8866,0.2102,38.55,93,92,365305
1.8915,0.2004,38.68,93,92,365308
1.8866,0.2053,38.52,93,92,365313
1.8573,0.2004,38.62,93,92,365316
1.8524,0.2053,38.65,93,92,365319
1.8671,0.2102,38.55,93,92,365322
1.8426,0.2004,38.65,93,92,365326
1.8719,0.2151,38.40,93,92,365329
1.8377,0.2102,38.65,93,92,365332
1.8328,0.2004,38.65,93,92,365336
1.8426,0.2151,38.65,93,92,365339
1.8280,0.2053,38.74,93,92,365342
1.8768,0.2102,38.36,93,92,365346
1.8377,0.2004,38.65,93,92,365349
1.8426,0.2004,38.62,93,92,365352
1.8475,0.2151,38.62,93,92,365357
1.8328,0.2053,38.65,93,92,365360
1.8915,0.2151,38.49,93,92,365363
1.8573,0.1906,38.58,93,92,365366
1.8524,0.2004,38.58,93,92,365370
1.8719,0.2053,38.65,93,92,365373
1.8573,0.2053,38.65,93,92,365376
1.8964,0.2151,38.49,93,92,365380
1.8719,0.2102,38.62,93,92,365383
1.8866,0.2053,38.46,93,92,365386
1.8671,0.2004,38.62,93,92,365390
1.8719,0.1906,38.68,93,92,365393
1.8915,0.2151,38.55,93,92,365396
1.8768,0.2004,38.68,93,92,365401
1.8915,0.2102,38.62,93,92,365404
1.8671,0.2053,38.68,93,92,365407
1.8768,0.2004,38.68,93,92,365410
1.8915,0.2053,38.65,93,92,365414
1.8719,0.2053,38.62,93,92,365417
1.9306,0.2004,38.49,93,92,365420
1.8866,0.2053,38.84,93,92,365424
1.8915,0.2199,38.65,93,92,365427
1.9257,0.2151,38.46,93,92,365430
1.9062,0.2151,38.68,93,92,365434
1.9599,0.2102,38.43,93,92,365437
1.9501,0.2053,38.52,93,92,365441
1.9404,0.2053,38.68,93,92,365445
1.9697,0.2102,38.68,93,92,365448
1.9697,0.2004,38.65,93,92,365451
2.0430,0.2151,38.43,93,92,365454
2.0088,0.2053,38.55,93,92,365458
1.9990,0.1955,38.68,93,92,365461
1.9941,0.2053,38.65,93,92,365464
2.0137,0.1906,38.68,93,92,365468
2.0186,0.2199,38.49,93,92,365471
1.9550,0.2102,38.62,93,92,365474
1.9257,0.2004,38.58,93,92,365478
1.9013,0.2053,38.65,93,92,365481
1.8768,0.2004,38.65,93,92,365485
1.8964,0.2151,38.58,93,92,365488
1.8622,0.2053,38.65,93,92,365492
1.8573,0.2053,38.55,93,92,365495
1.8280,0.2053,38.49,93,92,365498
1.8133,0.2004,38.77,93,92,365502
1.8328,0.2151,38.49,93,92,365505
1.7937,0.2053,38.71,93,92,365508
1.8133,0.2053,38.58,93,92,365512
1.7840,0.2004,38.62,93,92,365515
1.7791,0.2004,38.71,93,92,365518
1.8084,0.2004,38.58,93,92,365522
1.8084,0.2004,38.68,93,92,365526
1.8084,0.2053,38.49,93,92,365529
1.7840,0.2004,38.62,93,92,365532
1.7840,0.2297,38.68,93,92,365536
1.8035,0.2102,38.58,93,92,365539
1.7889,0.2004,38.68,93,92,365542
1.8280,0.2102,38.40,93,92,365546
1.7937,0.1906,38.62,93,92,365549
1.7937,0.2004,38.68,93,92,365552
1.8133,0.2102,38.62,93,92,365556
1.8182,0.2004,38.74,93,92,365559
1.8964,0.2151,38.40,93,92,365562
1.8964,0.2053,38.55,93,92,365565
1.9355,0.1955,38.65,93,92,365570
2.0186,0.2444,38.68,93,92,365573
2.1212,0.2053,38.68,93,92,365576
2.3265,0.2199,38.49,93,92,365580
2.4731,0.2053,38.62,93,92,365583
2.6833,0.2004,38.58,93,92,365586
2.9130,0.2004,38.68,93,92,365590
3.1232,0.2102,38.71,93,92,365593
3.2991,0.2395,38.52,93,92,365596
3.2356,0.2053,38.65,93,92,365599
3.0547,0.2053,38.55,93,92,365603
2.7273,0.2004,38.65,93,92,365606
2.4242,0.2004,38.68,93,92,365609
2.1750,0.2053,38.62,93,92,365614
1.9355,0.2053,38.65,93,92,365617
1.7742,0.2151,38.58,93,92,365620
1.6080,0.2151,38.68,93,92,365624
1.5152,0.2053,38.68,93,92,365627
1.4761,0.2102,38.55,93,92,365630
1.4223,0.2053,38.68,93,92,365634
1.4174,0.2053,38.49,93,92,365637
1.4027,0.2053,38.52,93,92,365640
1.4125,0.2004,38.68,93,92,365643
1.4516,0.2102,38.58,93,92,365647
1.4614,0.2151,38.65,93,92,365650
1.5152,0.2102,38.43,93,92,365654
1.5103,0.2004,38.65,93,92,365658
1.5200,0.1955,38.68,93,92,365661
1.5543,0.2004,38.62,93,92,365664
1.5543,0.2004,38.68,93,92,365668
1.6080,0.2102,38.40,93,92,365671
1.5738,0.2102,38.58,93,92,365674
1.5738,0.1955,38.71,93,92,365677
1.5934,0.2053,38.77,93,92,365681
1.6080,0.2053,38.68,93,92,365684
1.6471,0.2199,38.49,93,92,365687
1.6178,0.2053,38.55,93,92,365691
1.6227,0.2004,38.58,93,92,365694
1.6276,0.2053,38.68,93,92,365698
1.6373,0.2004,38.68,93,92,365702
1.6862,0.2102,38.49,93,92,365705
1.6667,0.2053,38.68,93,92,365708
1.6813,0.2053,38.52,93,92,365712
1.6618,0.2004,38.65,93,92,365715
1.6618,0.2004,38.68,93,92,365718
1.7009,0.2151,38.68,93,92,365721
1.7107,0.1906,38.65,93,92,365725
1.7204,0.2102,38.55,93,92,365728
1.7009,0.2004,38.71,93,92,365731
1.7204,0.1955,38.68,93,92,365735
1.7107,0.2053,38.62,93,92,365739
1.6911,0.2053,38.65,93,92,365742
1.7107,0.2053,38.49,93,92,365746
1.6911,0.2004,38.71,93,92,365749
1.7058,0.2004,38.71,93,92,365752
1.7449,0.2102,38.62,93,92,365755
1.7351,0.2004,38.71,93,92,365759
1.7791,0.2102,38.40,93,92,365762
1.7693,0.2004,38.55,93,92,365765
1.7351,0.2004,38.68,93,92,365769
1.7449,0.2102,38.62,93,92,365772
1.7253,0.2004,38.68,93,92,365775
1.7644,0.2102,38.36,93,92,365779
1.7204,0.2004,38.55,93,92,365783
1.7449,0.1955,38.68,93,92,365786
1.7351,0.2053,38.65,93,92,365789
1.7449,0.2004,38.65,93,92,365793
1.7986,0.2199,38.46,93,92,365796
1.7742,0.2053,38.62,93,92,365799
1.7791,0.2004,38.52,93,92,365803
1.7742,0.2053,38.68,93,92,365806
1.7791,0.2004,38.68,93,92,365809
1.7937,0.2102,38.52,93,92,365813
1.7595,0.2004,38.68,93,92,365816
1.7791,0.2004,38.55,93,92,365819
1.7644,0.2004,38.65,93,92,365824
1.7742,0.2004,38.68,93,92,365827
1.8133,0.2102,38.52,93,92,365830
1.7840,0.2004,38.65,93,92,365833
1.8133,0.2102,38.55,93,92,365837
1.7986,0.1955,38.65,93,92,365840
1.7986,0.2004,38.65,93,92,365843
1.8280,0.2053,38.52,93,92,365847
1.8084,0.2004,38.74,93,92,365850
1.8328,0.2004,38.49,93,92,365853
1.8524,0.1955,38.62,93,92,365857
1.8328,0.2004,38.68,93,92,365860
1.8573,0.2102,38.62,93,92,365863
1.8573,0.1955,38.65,93,92,365867
1.8866,0.2004,38.43,93,92,365871
1.8377,0.2199,38.65,93,92,365874
1.8475,0.2053,38.65,93,92,365877
1.8475,0.2053,38.62,93,92,365881
1.8426,0.2004,38.65,93,92,365884
1.9062,0.2102,38.33,93,92,365887
1.8768,0.2053,38.43,93,92,365891
1.8622,0.1955,38.65,93,92,365894
1.8622,0.2053,38.65,93,92,365897
1.8524,0.2004,38.77,93,92,365901
1.8964,0.2199,38.46,93,92,365904
1.8182,0.2102,38.58,93,92,365908
1.8084,0.2004,38.74,93,92,365912
1.8475,0.2053,38.65,93,92,365915
1.8328,0.2053,38.65,93,92,365918
1.8426,0.1906,38.68,93,92,365922
1.8524,0.2053,38.55,93,92,365925
1.8426,0.2004,38.62,93,92,365928
1.8671,0.2004,38.49,93,92,365932
1.8182,0.2053,38.65,93,92,365935
1.8133,0.1955,38.68,93,92,365938
1.8231,0.2102,38.58,93,92,365942
1.7937,0.2053,38.65,93,92,365945
1.8377,0.2053,38.43,93,92,365948
1.8182,0.2053,38.55,93,92,365952
1.8035,0.2004,38.65,93,92,365956
1.8084,0.1906,38.58,93,92,365959
1.7742,0.2004,38.71,93,92,365962
1.8231,0.2102,38.36,93,92,365966
1.8035,0.2004,38.58,93,92,365969
1.7986,0.1955,38.68,93,92,365972
1.8035,0.2053,38.62,93,92,365976
1.8133,0.1955,38.65,93,92,365979
1.8524,0.2199,38.43,93,92,365982
1.8182,0.2102,38.62,93,92,365986
1.8280,0.1906,38.58,93,92,365989
1.8328,0.2053,38.68,93,92,365992
1.8426,0.2004,38.68,93,92,365996
1.8866,0.2102,38.43,93,92,366000
1.8622,0.2248,38.62,93,92,366003
1.8573,0.1906,38.55,93,92,366006
1.8231,0.1955,38.65,93,92,366010
1.8182,0.2004,38.65,93,92,366013
1.8573,0.2102,38.49,93,92,366016
1.8328,0.2004,38.65,93,92,366020
1.8671,0.2102,38.55,93,92,366023
1.8280,0.1955,38.65,93,92,366026
1.8280,0.1955,38.71,93,92,366030
1.8475,0.2053,38.55,93,92,366033
1.8328,0.2004,38.65,93,92,366036
1.8866,0.2053,38.46,93,92,366040
1.8475,0.2004,38.62,93,92,366044
1.8573,0.2102,38.74,93,92,366047
1.8817,0.2151,38.58,93,92,366050
1.8719,0.2004,37.87,93,92,366054
1.9110,0.2053,38.40,93,92,366057
1.8768,0.1955,38.62,93,92,366060
1.8866,0.2004,38.68,93,92,366064
1.9306,0.2004,38.62,93,92,366067
1.9062,0.2004,38.68,93,92,366070
1.9697,0.2151,38.40,93,92,366073
1.9550,0.2004,38.62,93,92,366077
1.9501,0.2004,38.68,93,92,366081
1.9599,0.2053,38.65,93,92,366084
1.9501,0.2004,38.68,93,92,366088
1.9990,0.2199,38.46,93,92,366091
1.9453,0.2102,38.62,93,92,366094
1.9208,0.1955,38.58,93,92,366098
1.8964,0.2102,38.65,93,92,366101
1.9062,0.2004,38.68,93,92,366104
1.8915,0.2102,38.52,93,92,366107
1.8573,0.2053,38.65,93,92,366111
1.8622,0.2053,38.52,93,92,366114
1.8426,0.2004,38.68,93,92,366117
1.8231,0.2102,38.65,93,92,366121
1.8231,0.2102,38.62,93,92,366125
1.7889,0.2004,38.55,93,92,366128
1.7937,0.2102,38.52,93,92,366132
1.7546,0.2004,38.68,93,92,366135
1.7693,0.2004,38.65,93,92,366138
1.8035,0.2004,38.52,93,92,366142
1.7840,0.2004,38.68,93,92,366145
1.8084,0.2004,38.52,93,92,366148
1.7840,0.2004,38.58,93,92,366151
1.7840,0.2004,38.65,93,92,366155
1.8084,0.2053,38.55,93,92,366158
1.7889,0.2004,38.65,93,92,366161
1.8133,0.2053,38.40,93,92,366166
1.7742,0.2053,38.62,93,92,366169
1.7644,0.2004,38.65,93,92,366172
1.7742,0.2102,38.62,93,92,366175
1.7644,0.2493,38.65,93,92,366179
1.8133,0.2102,38.40,93,92,366182
1.7889,0.2004,38.55,93,92,366185
1.8133,0.1955,38.68,93,92,366189
1.8671,0.2053,38.65,93,92,366192
1.9062,0.2004,38.71,93,92,366195
2.0235,0.2199,38.43,93,92,366199
2.0723,0.2151,38.58,93,92,366202
2.2043,0.1955,38.62,93,92,366205
2.4145,0.2004,38.65,93,92,366210
2.6540,0.2004,38.68,93,92,366213
2.9570,0.2102,38.55,93,92,366216
3.1672,0.2102,38.68,93,92,366219
3.3040,0.2004,38.55,93,92,366223
3.2600,0.2004,38.71,93,92,366226
3.0938,0.1955,38.65,93,92,366229
2.8592,0.2102,38.55,93,92,366233
2.5024,0.1906,38.65,93,92,366236
2.2287,0.2053,38.52,93,92,366239
1.9599,0.2004,38.77,93,92,366242
1.7595,0.2102,38.68,93,92,366246
1.6227,0.2004,38.58,93,92,366249
1.5005,0.2004,38.74,93,92,366253
1.4614,0.2053,38.55,93,92,366257
1.3978,0.2004,38.68,93,92,366260
1.3685,0.2004,38.90,93,92,366263
1.3636,0.2102,38.55,93,92,366267
1.3685,0.2004,38.74,93,92,366270
1.4174,0.2053,38.49,93,92,366273
1.4370,0.2004,38.55,93,92,366277
1.4418,0.2004,38.68,93,92,366280
1.5005,0.2053,38.58,93,92,366283
1.5005,0.1955,38.65,93,92,366286
1.5298,0.2102,38.40,93,92,366290
1.5347,0.1955,38.58,93,92,366294
1.5543,0.2199,38.68,93,92,366297
1.5738,0.2053,38.65,93,92,366301
1.5591,0.2004,38.58,93,92,366304
1.6080,0.2199,38.43,93,92,366307
1.5934,0.2004,38.58,93,92,366311
1.6129,0.1955,38.71,93,92,366314
1.6325,0.2053,38.65,93,92,366317
1.6373,0.2004,38.68,93,92,366320
1.6764,0.2199,38.49,93,92,366324
1.6569,0.2004,38.68,93,92,366327
1.6422,0.2004,38.55,93,92,366330
1.6422,0.2102,38.65,93,92,366334
1.6471,0.2004,38.68,93,92,366338
1.6911,0.2102,38.49,93,92,366341
1.6862,0.2102,38.65,93,92,366345
1.7107,0.1906,38.52,93,92,366348
1.6960,0.2004,38.84,93,92,366351
1.6911,0.2004,38.65,93,92,366355
1.7058,0.2102,38.55,93,92,366358
1.6764,0.2004,38.18,93,92,366361
1.7107,0.2102,38.55,93,92,366364
1.7107,0.1955,38.65,93,92,366368
1.7009,0.2004,38.68,93,92,366371
1.7155,0.2053,38.58,93,92,366374
1.7009,0.1955,38.68,93,92,366379
1.7155,0.1906,38.46,93,92,366382
1.6911,0.2053,38.68,93,92,366385
1.7009,0.1906,38.68,93,92,366389
1.7155,0.2053,38.46,93,92,366392
1.7107,0.1955,38.65,93,92,366395
1.7595,0.2102,38.43,93,92,366398
1.7449,0.2053,38.65,93,92,366402
1.7351,0.2053,38.68,93,92,366405
1.7498,0.2053,38.84,93,92,366408
1.7449,0.2102,38.65,93,92,366412
1.8182,0.2199,38.40,93,92,366415
1.7791,0.2004,38.58,93,92,366418
1.7595,0.1955,38.58,93,92,366423
1.7644,0.2053,38.65,93,92,366426
1.7498,0.2004,38.65,93,92,366429
1.7889,0.2199,38.49,93,92,366433
1.7546,0.2053,38.62,93,92,366436
1.7546,0.2004,38.55,93,92,366439
1.7595,0.2004,38.68,93,92,366442
1.7742,0.2004,38.71,93,92,366446
1.8328,0.2102,38.65,93,92,366449
1.8182,0.2102,38.65,93,92,366452
1.8182,0.2053,38.58,93,92,366456
1.7840,0.2004,38.52,93,92,366459
1.7644,0.2004,38.65,93,92,366462
1.8035,0.2151,38.52,93,92,366467
1.7742,0.2004,38.65,93,92,366470
1.8328,0.1955,38.55,93,92,366473
1.8280,0.1906,38.62,93,92,366476
1.8280,0.2004,38.68,93,92,366480
1.8377,0.2102,38.52,93,92,366483
1.8280,0.2004,38.65,93,92,366486
1.8817,0.2053,38.46,93,92,366490
1.8622,0.2346,38.62,93,92,366493
1.8573,0.2004,38.65,93,92,366496
1.8817,0.2102,38.58,93,92,366500
1.8719,0.2346,38.65,93,92,366503
1.9453,0.2102,38.40,93,92,366507
1.8671,0.2004,38.62,93,92,366511
1.8768,0.2004,38.68,93,92,366514
1.8915,0.2053,38.65,94,92,366517
1.8671,0.2004,38.68,94,92,366521
1.8573,0.2004,38.08,94,92,366524
1.8915,0.2199,38.46,94,92,366527
1.8768,0.2053,38.62,94,92,366531
1.8866,0.2004,38.52,94,92,366534
1.8671,0.2004,38.68,94,92,366537
1.8671,0.2346,38.68,94,92,366541
1.8915,0.2102,38.58,94,92,366544
1.8622,0.2004,38.65,94,92,366547
1.8719,0.2444,38.55,94,92,366552
1.8426,0.2004,38.68,94,92,366555
1.8280,0.2004,38.58,94,92,366558
1.8182,0.1955,38.55,94,92,366561
1.7986,0.1906,38.68,94,92,366565
1.8133,0.2004,38.55,94,92,366568
1.7986,0.1955,38.68,94,92,366571
1.8084,0.1906,38.68,94,92,366575
1.8377,0.2102,38.08,94,92,366578
1.8133,0.2004,38.65,94,92,366581
1.8475,0.2004,38.43,94,92,366585
1.8133,0.2053,38.62,94,92,366588
1.7937,0.2102,38.65,94,92,366592
1.8035,0.2053,38.62,94,92,366595
1.7840,0.2004,38.84,94,92,366599
1.8328,0.2151,38.36,94,92,366602
1.7937,0.2004,38.52,94,92,366605
1.7889,0.1955,38.65,94,92,366609
1.8035,0.2004,38.65,94,92,366612
1.7986,0.2004,38.68,94,92,366615
1.8573,0.2151,38.46,94,92,366619
1.8231,0.2053,38.68,94,92,366622
1.8182,0.1955,38.55,94,92,366625
1.8426,0.2004,38.65,94,92,366629
1.8084,0.2004,38.62,94,92,366632
1.8377,0.2151,38.55,94,92,366636
1.8280,0.2053,38.65,94,92,366639
1.8475,0.2004,38.52,94,92,366643
1.8328,0.2053,38.65,94,92,366646
1.8475,0.2004,38.65,94,92,366649
1.8719,0.2102,38.52,94,92,366653
1.8426,0.1955,38.65,94,92,366656
1.8671,0.1906,38.58,94,92,366659
1.8328,0.1955,39.00,94,92,366663
1.8328,0.1955,38.65,94,92,366666
1.8426,0.2053,38.62,94,92,366669
1.8280,0.2004,38.68,94,92,366672
1.8524,0.2004,38.46,94,92,366676
1.8622,0.2053,38.62,94,92,366680
1.8280,0.2004,38.71,94,92,366683
1.8377,0.2102,38.58,94,92,366687
1.8182,0.2004,38.68,94,92,366690
1.8573,0.2053,38.43,94,92,366693
1.8377,0.1955,38.68,94,92,366697
1.8719,0.2004,38.68,94,92,366700
1.8964,0.2053,38.65,94,92,366703
1.8915,0.1955,38.68,94,92,366707
1.9550,0.2102,38.36,94,92,366710
1.9208,0.2053,38.62,94,92,366713
1.8964,0.1857,38.68,94,92,366716
1.8719,0.2053,38.65,94,92,366721
1.8426,0.2199,38.65,94,92,366724
1.8622,0.2102,38.49,94,92,366727
1.8084,0.2493,38.58,94,92,366731
1.7889,0.2004,38.58,94,92,366734
1.7595,0.2004,38.68,94,92,366737
1.7498,0.1955,38.71,94,92,366741
1.7693,0.2151,38.55,94,92,366744
1.7351,0.2004,38.65,94,92,366747
1.7351,0.2004,38.52,94,92,366750
1.7009,0.1955,38.68,94,92,366754
1.6862,0.2004,38.68,94,92,366757
1.7009,0.2346,38.62,94,92,366760
1.6911,0.2004,38.65,94,92,366765
1.7253,0.1906,38.55,94,92,366768
1.7009,0.1955,38.65,94,92,366771
1.6960,0.2004,38.68,94,92,366775
1.7253,0.2102,38.55,94,92,366778
1.7009,0.2297,38.65,94,92,366781
1.7204,0.2053,38.49,94,92,366785
1.7058,0.1906,38.58,94,92,366788
1.7009,0.2004,38.77,94,92,366791
1.7204,0.2199,38.55,94,92,366794
1.7449,0.2053,38.68,94,92,366798
1.7449,0.2102,38.43,94,92,366801
1.7155,0.2004,38.62,94,92,366804
1.7204,0.2004,38.68,94,92,366809
1.7595,0.2053,38.65,94,92,366812
1.7791,0.2004,38.71,94,92,366815
1.8866,0.2444,38.36,94,92,366819
1.9257,0.2004,38.58,94,92,366822
2.0283,0.1955,38.96,94,92,366825
2.1799,0.1955,38.68,94,92,366828
2.3705,0.2004,38.68,94,92,366832
2.6784,0.2199,38.43,94,92,366835
2.8886,0.2297,38.58,94,92,366838
3.1183,0.1955,38.58,94,92,366842
3.2502,0.2053,38.68,94,92,366845
3.2649,0.2053,38.68,94,92,366849
3.1085,0.2102,38.49,94,92,366853
2.7468,0.2297,38.62,94,92,366856
2.4242,0.2053,38.55,94,92,366859
2.1017,0.2004,38.68,94,92,366862
1.8524,0.2004,38.68,94,92,366866
1.6716,0.2444,38.55,94,92,366869
1.4907,0.2004,38.65,94,92,366872
1.4076,0.2053,38.58,94,92,366876
1.3196,0.2004,38.65,94,92,366879
1.2757,0.2053,38.68,94,92,366882
1.2659,0.2004,38.65,94,92,366886
1.2610,0.2004,38.65,94,92,366889
1.2952,0.2297,38.52,94,92,366893
1.3050,0.2004,38.68,94,92,366896
1.3441,0.2004,38.65,94,92,366900
1.3881,0.2102,38.58,94,92,366903
1.3978,0.2004,38.68,94,92,366906
1.4370,0.2053,38.46,94,92,366910
1.4370,0.2004,38.55,94,92,366913
1.4516,0.2004,38.68,94,92,366916
1.4809,0.2151,38.58,94,92,366920
1.5005,0.2053,38.68,94,92,366923
1.5249,0.2102,38.40,94,92,366926
1.4956,0.2102,38.58,94,92,366930
1.5054,0.1955,38.68,94,92,366934
1.5200,0.2053,38.65,94,92,366937
1.5200,0.1955,38.68,94,92,366940
1.5787,0.2199,38.49,94,92,366944
1.5543,0.2053,38.62,94,92,366947
1.5640,0.1955,38.55,94,92,366950
1.5738,0.2004,38.68,94,92,366954
1.5689,0.2004,38.43,94,92,366957
1.6080,0.2151,38.49,94,92,366960
1.5885,0.2004,38.65,94,92,366964
1.6031,0.2004,38.55,94,92,366967
1.5885,0.2053,38.65,94,92,366970
1.5934,0.1906,38.68,94,92,366973
1.6227,0.2102,38.52,94,92,366978
1.5885,0.2004,38.65,94,92,366981
1.6227,0.2102,38.52,94,92,366984
1.6031,0.2102,38.68,94,92,366988
1.6129,0.2004,38.58,94,92,366991
1.6276,0.2053,38.52,94,92,366994
1.6227,0.2053,38.68,94,92,366998
1.6471,0.2004,38.49,94,92,367001
1.6373,0.2004,38.62,94,92,367004
1.6422,0.2053,38.65,94,92,367008
1.6618,0.2053,38.58,94,92,367011
1.6471,0.2004,38.02,94,92,367014
1.6862,0.2053,38.43,94,92,367017
1.6618,0.1955,38.65,94,92,367022
1.6716,0.2004,38.71,94,92,367025
1.6911,0.2102,38.65,94,92,367028
1.6764,0.2004,38.58,94,92,367032
1.7253,0.2151,38.43,94,92,367035
1.7009,0.2053,38.62,94,92,367038
1.6960,0.1955,38.74,94,92,367042
1.7155,0.2004,38.65,94,92,367045
1.7058,0.1906,38.68,94,92,367048
1.7595,0.2199,38.46,94,92,367051
1.7204,0.2053,38.58,94,92,367055
1.7204,0.1955,38.58,94,92,367058
1.7058,0.2004,38.74,94,92,367062
1.7009,0.2004,38.08,94,92,367066
1.7449,0.2102,38.46,94,92,367069
1.7595,0.2053,38.62,94,92,367072
1.7351,0.2004,38.55,94,92,367076
1.7204,0.2004,38.65,94,92,367079
1.7204,0.2004,38.68,94,92,367082
1.7546,0.2102,38.68,94,92,367085
1.7400,0.2004,38.84,94,92,367089
1.7693,0.2053,38.52,94,92,367092
1.7449,0.1906,38.68,94,92,367095
1.7644,0.2004,38.68,94,92,367099
1.8084,0.2151,38.55,94,92,367102
1.7937,0.2004,38.77,94,92,367106
1.8280,0.2004,38.49,94,92,367110
1.8133,0.2053,38.58,94,92,367113
1.8182,0.2004,38.68,94,92,367116
1.8475,0.2151,38.55,94,92,367120
1.8377,0.2004,38.68,94,92,367123
1.8768,0.2053,38.55,94,92,367126
1.8866,0.2199,38.49,94,92,367130
1.8475,0.1955,38.58,94,92,367133
1.8377,0.1955,38.62,94,92,367136
1.8377,0.2053,38.65,94,92,367140
1.8328,0.2004,38.68,94,92,367143
1.8719,0.2151,38.52,94,92,367147
1.8377,0.2102,38.68,94,92,367151
1.8426,0.1906,38.55,94,92,367154
1.8182,0.2053,38.65,94,92,367157
1.8182,0.2004,38.68,94,92,367161
1.8426,0.2102,38.49,94,92,367164
1.8328,0.2102,38.68,94,92,367167
1.8328,0.2053,38.55,94,92,367171
1.7986,0.2004,38.62,94,92,367174
1.7937,0.2004,38.68,94,92,367177
1.8182,0.2053,38.58,94,92,367180
1.7937,0.2004,38.65,94,92,367184
1.8182,0.2053,38.49,94,92,367187
1.7840,0.2004,38.65,94,92,367191
1.7889,0.2004,37.93,94,92,367195
1.8035,0.2053,38.62,94,92,367198
1.7889,0.2004,38.68,94,92,367201
1.8133,0.2053,38.46,94,92,367205
1.7840,0.2004,38.65,94,92,367208
1.7937,0.2004,38.68,94,92,367211
1.8133,0.2102,38.62,94,92,367214
1.7937,0.2053,38.68,94,92,367218
1.8426,0.1906,38.40,94,92,367221
1.8182,0.2102,37.83,94,92,367224
1.8035,0.2053,38.68,94,92,367228
1.8133,0.2053,38.65,94,92,367232
1.8084,0.2004,38.74,94,92,367235
1.8671,0.2199,38.46,94,92,367239
1.8328,0.2102,38.58,94,92,367242
1.8280,0.1955,38.62,94,92,367245
1.8426,0.2053,38.65,94,92,367249
1.8377,0.2004,38.68,94,92,367252
1.8768,0.2102,38.49,94,92,367255
1.8475,0.2053,38.62,94,92,367258
1.8573,0.2004,38.55,94,92,367262
1.8475,0.2053,38.65,94,92,367265
1.8573,0.2004,38.68,94,92,367268
1.8817,0.2102,38.62,94,92,367272
1.8671,0.2297,38.65,94,92,367276
1.8866,0.1906,38.52,94,92,367279
1.8671,0.2053,38.65,94,92,367283
1.8817,0.1955,38.68,94,92,367286
1.9062,0.2102,38.52,94,92,367289
1.8817,0.1955,38.68,94,92,367293
1.9159,0.2004,38.49,94,92,367296
1.8915,0.2004,38.52,94,92,367299
1.8915,0.2053,38.65,94,92,367302
1.9110,0.2102,38.71,94,92,367306
1.9013,0.2004,38.68,94,92,367309
1.9404,0.2004,38.49,94,92,367312
1.9110,0.2053,38.62,94,92,367316
1.9159,0.2004,38.74,94,92,367320
1.9453,0.2151,38.62,94,92,367323
1.9355,0.2004,38.68,94,92,367327
1.9892,0.2102,38.40,94,92,367330
1.9599,0.2053,38.62,94,92,367333
1.9648,0.2004,38.68,94,92,367336
1.9746,0.2053,38.65,94,92,367340
1.9550,0.1906,38.65,94,92,367343
1.9990,0.2199,38.46,94,92,367346
1.9550,0.2199,38.62,94,92,367350
1.9404,0.1955,38.62,94,92,367353
1.9013,0.2053,38.68,94,92,367356
1.8817,0.2346,38.65,94,92,367361
1.9159,0.1906,38.49,94,92,367364
1.8817,0.2102,38.58,94,92,367367
1.8817,0.1955,38.55,94,92,367371
1.8524,0.1906,38.71,94,92,367374
1.8426,0.2004,38.62,94,92,367377
1.8524,0.2102,38.55,94,92,367380
1.8231,0.2053,38.65,94,92,367384
1.8377,0.2102,38.52,94,92,367387
1.8035,0.1955,38.65,94,92,367390
1.8035,0.2004,38.68,94,92,367394
1.8133,0.2053,38.55,94,92,367397
1.8035,0.2248,38.68,94,92,367400
1.8280,0.2053,38.49,94,92,367405
1.8035,0.2004,38.65,94,92,367408
1.8035,0.1955,38.65,94,92,367411
1.8231,0.2102,38.58,94,92,367414
1.8084,0.1955,38.68,94,92,367418
1.8573,0.2004,38.43,94,92,367421
1.8475,0.2053,38.58,94,92,367424
1.8328,0.2004,38.68,94,92,367428
1.8524,0.2102,38.65,94,92,367431
1.8426,0.2004,38.68,94,92,367434
1.9110,0.2102,38.40,94,92,367438
1.9062,0.2053,38.58,94,92,367441
1.9404,0.2004,38.68,94,92,367444
2.0186,0.2053,38.65,94,92,367448
2.1017,0.2004,38.68,94,92,367452
2.2874,0.2199,38.40,94,92,367455
2.4242,0.2004,38.62,94,92,367458
2.6002,0.1955,38.62,94,92,367462
2.8299,0.2053,38.65,94,92,367465
3.0547,0.2004,38.68,94,92,367468
3.3138,0.2199,38.52,94,92,367472
3.3284,0.2053,38.58,94,92,367475
3.2307,0.2053,38.55,94,92,367478
2.9570,0.2004,38.68,94,92,367481
2.6540,0.2004,38.68,94,92,367485
2.3998,0.2102,38.43,94,92,367489
2.1261,0.2053,38.65,94,92,367492
1.9257,0.1906,38.52,94,92,367496
1.7351,0.2004,38.65,94,92,367499
1.6178,0.2053,38.65,94,92,367502
1.5494,0.2053,38.55,94,92,367506
1.4907,0.2102,38.71,94,92,367509
1.4858,0.2444,38.52,94,92,367512
1.4418,0.2004,38.65,94,92,367515
1.4418,0.2004,38.68,94,92,367519
1.4712,0.2102,38.55,94,92,367522
1.4907,0.2004,38.68,94,92,367525
1.5249,0.2053,38.49,94,92,367529
1.5103,0.1955,38.65,94,92,367533
1.5347,0.2004,38.68,94,92,367536
1.5591,0.2102,38.62,94,92,367540
1.5640,0.2053,38.65,94,92,367543
1.6129,0.2102,38.43,94,92,367546
1.6178,0.2053,38.46,94,92,367549
1.6178,0.2053,38.65,94,92,367553
1.6373,0.2053,38.65,94,92,367556
1.6422,0.2542,38.68,94,92,367559
1.7058,0.2199,38.40,94,92,367563
1.6764,0.2151,38.58,94,92,367566
1.6960,0.1955,38.62,94,92,367569
1.6862,0.2053,38.68,94,92,367574
1.6862,0.2004,38.68,94,92,367577
1.7546,0.2248,38.52,94,92,367580
1.7107,0.2053,38.24,94,92,367584
1.7204,0.2053,38.62,94,92,367587
1.7253,0.2004,38.68,94,92,367590
1.7253,0.2004,38.71,94,92,367593
1.7498,0.2199,38.62,94,92,367597
1.7302,0.2004,38.68,94,92,367600
1.7546,0.2053,38.55,94,92,367603
1.7644,0.2053,38.68,94,92,367607
1.7498,0.1906,38.68,94,92,367610
1.7840,0.2151,38.55,94,92,367613
1.7595,0.1906,38.71,94,92,367618
1.7840,0.2004,38.52,94,92,367621
1.7546,0.2004,37.99,94,92,367624
1.7644,0.2395,38.71,94,92,367628
1.7840,0.2053,38.58,94,92,367631
1.7693,0.2053,38.65,94,92,367634
1.8035,0.2102,38.43,94,92,367637
1.7889,0.2004,38.62,94,92,367641
1.7889,0.2004,38.77,94,92,367644
1.8084,0.2151,38.62,94,92,367647
1.7986,0.1906,38.68,94,92,367651
1.8426,0.2102,38.40,94,92,367654
1.7986,0.1955,38.58,94,92,367657
1.8377,0.2004,38.68,94,92,367662
1.8182,0.2053,38.65,94,92,367665
1.8182,0.1955,38.68,94,92,367668
1.8768,0.2199,38.36,94,92,367671
1.8377,0.2053,38.87,94,92,367675
1.8280,0.2004,38.62,94,92,367678
1.8377,0.2053,38.68,94,92,367681
1.8377,0.2004,38.65,94,92,367685
1.8915,0.2151,38.49,94,92,367688
1.8671,0.2053,38.52,94,92,367691
1.8719,0.2004,38.55,94,92,367695
1.8671,0.1906,38.68,94,92,367698
1.8719,0.2004,38.68,94,92,367702
1.9062,0.2199,38.52,94,92,367706
1.8866,0.2004,38.65,94,92,367709
1.9159,0.2053,38.52,94,92,367712
1.8915,0.2297,38.65,94,92,367715
1.8915,0.2004,38.68,94,92,367719
1.9013,0.2053,38.58,94,92,367722
1.8915,0.2248,38.68,94,92,367725
1.9404,0.2004,38.55,94,92,367729
1.9110,0.2004,38.90,94,92,367732
1.9257,0.2053,38.68,94,92,367735
1.9550,0.2102,38.55,94,92,367739
1.9599,0.2151,38.62,94,92,367742
1.9501,0.2004,38.68,94,92,367747
2.0088,0.2151,38.36,94,92,367750
1.9648,0.2053,38.55,94,92,367753
1.9599,0.1955,38.65,94,92,367756
1.9648,0.2053,38.62,94,92,367760
1.9550,0.2102,38.68,94,92,367763
2.0088,0.2199,38.49,94,92,367766
1.9648,0.2053,38.62,94,92,367770
1.9501,0.2004,38.58,94,92,367773
1.9453,0.2151,38.65,94,92,367776
1.9355,0.2004,38.68,94,92,367780
1.9648,0.2151,38.52,94,92,367783
1.9550,0.2004,38.62,94,92,367787
1.9453,0.2053,38.55,94,92,367790
1.9208,0.2004,38.68,94,92,367794
1.9257,0.1955,38.68,94,92,367797
1.9404,0.2151,38.52,94,92,367800
1.9062,0.2102,38.65,94,92,367804
1.9306,0.2102,38.55,94,92,367807
1.8964,0.1955,38.58,94,92,367810
1.8915,0.2004,38.65,94,92,367814
1.9013,0.2102,38.55,94,92,367817
1.8866,0.2004,38.65,94,92,367820
1.9110,0.2346,38.52,94,92,367824
1.8817,0.2004,38.62,94,92,367827
1.8817,0.2004,38.71,94,92,367831
1.8964,0.2199,38.65,94,92,367834
1.8768,0.1906,38.68,94,92,367838
1.9159,0.2102,38.43,94,92,367841
1.8719,0.2004,38.62,94,92,367844
1.8768,0.2004,38.68,94,92,367848
1.8964,0.2102,38.58,94,92,367851
1.8866,0.2004,38.68,94,92,367854
1.9453,0.2102,38.33,94,92,367858
1.9306,0.2102,38.52,94,92,367861
1.8964,0.1955,38.62,94,92,367864
1.8964,0.2248,38.65,94,92,367867
1.9110,0.2102,38.68,94,92,367872
1.9501,0.2151,38.46,94,92,367875
1.9159,0.2102,38.62,94,92,367878
1.9159,0.1906,38.55,94,92,367882
1.9062,0.2004,38.71,94,92,367885
1.9110,0.1955,38.65,94,92,367888
1.9404,0.2102,38.52,94,92,367892
1.9208,0.2102,38.65,94,92,367895
1.9404,0.2102,38.52,94,92,367898
1.9257,0.2004,38.68,94,92,367902
1.9306,0.2053,38.65,94,92,367905
1.9550,0.2004,38.62,94,92,367908
1.9453,0.1906,38.68,94,92,367911
1.9697,0.2053,38.52,94,92,367916
1.9404,0.2004,38.68,94,92,367919
1.9501,0.2004,38.65,94,92,367922
1.9746,0.2102,38.49,94,92,367926
1.9501,0.1906,38.65,94,92,367929
1.9844,0.2053,38.46,94,92,367932
1.9746,0.2346,38.55,94,92,367936
1.9746,0.1906,38.68,94,92,367939
2.0039,0.2151,38.62,94,92,367942
1.9746,0.2053,38.68,94,92,367946
2.0332,0.2102,38.40,94,92,367949
1.9990,0.2004,38.62,94,92,367952
1.9990,0.2053,38.65,94,92,367955
2.0186,0.1906,38.62,94,92,367960
2.0235,0.2004,38.68,94,92,367963
2.0919,0.2102,38.55,94,92,367966
2.0479,0.2053,38.58,94,92,367970
2.0430,0.1955,38.71,94,92,367973
2.0381,0.2053,38.65,94,92,367976
2.0137,0.2004,38.74,94,92,367979
2.0430,0.2199,38.49,94,92,367983
1.9795,0.2102,38.58,94,92,367986
1.9453,0.1955,38.58,94,92,367989
1.9404,0.2004,38.68,94,92,367993
1.9159,0.2004,38.68,94,92,367996
1.9453,0.2102,38.49,94,92,368000
1.9208,0.2053,38.65,94,92,368004
1.9159,0.2053,38.52,94,92,368007
1.8817,0.2004,38.68,94,92,368010
1.8671,0.2053,38.65,94,92,368013
1.8817,0.2102,38.55,94,92,368017
1.8524,0.2004,38.68,94,92,368020
1.8719,0.2102,38.55,94,92,368023
1.8671,0.2053,38.65,94,92,368027
1.8426,0.2004,38.68,94,92,368030
1.8573,0.2053,38.58,94,92,368033
1.8524,0.2004,38.68,94,92,368037
1.8817,0.1906,38.52,94,92,368040
1.8524,0.2102,38.65,94,92,368044
1.8524,0.2004,38.68,94,92,368048
1.8768,0.2102,38.58,94,92,368051
1.8622,0.1955,38.65,94,92,368054
1.9159,0.2053,38.43,94,92,368057
1.8817,0.2053,38.58,94,92,368061
1.8768,0.2004,38.74,94,92,368064
1.9404,0.2102,38.62,94,92,368067
1.9159,0.2004,38.68,94,92,368071
2.0039,0.2102,38.46,94,92,368074
2.0186,0.2102,38.62,94,92,368077
2.0919,0.2004,38.68,94,92,368081
2.1945,0.2053,38.68,94,92,368084
2.3265,0.2004,38.71,94,92,368088
2.5806,0.2248,38.43,94,92,368091
2.7468,0.2053,38.65,94,92,368095
2.9717,0.1955,38.62,94,92,368098
3.1818,0.2102,38.68,94,92,368101
3.3040,0.2004,38.68,94,92,368105
3.3529,0.2151,38.55,94,92,368108
3.1134,0.2102,38.62,94,92,368111
2.8397,0.2004,38.62,94,92,368115
2.5073,0.1906,38.65,94,92,368118
2.2385,0.2004,38.65,94,92,368121
2.0821,0.2102,38.49,94,92,368124
1.8377,0.2004,38.71,94,92,368129
1.7058,0.2053,38.52,94,92,368132
1.5787,0.2053,38.68,94,92,368135
1.5103,0.2004,38.71,94,92,368139
1.4907,0.2053,38.65,94,92,368142
1.4467,0.2004,38.65,94,92,368145
1.4614,0.1955,38.33,94,92,368149
1.4467,0.1955,38.65,94,92,368152
1.4663,0.2248,38.71,94,92,368155
1.5054,0.2053,38.55,94,92,368158
1.5005,0.2004,38.68,94,92,368162
1.5445,0.2004,38.43,94,92,368165
1.5494,0.1955,38.68,94,92,368168
1.5640,0.1955,38.68,94,92,368173
1.5982,0.2053,38.62,94,92,368176
1.6031,0.2053,38.68,94,92,368179
1.6716,0.2053,38.40,94,92,368183
1.6569,0.2053,38.62,94,92,368186
1.6569,0.2053,38.71,94,92,368189
1.6813,0.2053,38.84,94,92,368192
1.6862,0.2004,38.65,94,92,368196
1.7449,0.2199,38.43,94,92,368199
1.7204,0.2053,38.52,94,92,368202
1.7155,0.2004,38.62,94,92,368206
1.7302,0.2004,38.68,94,92,368209
1.7302,0.2004,38.65,94,92,368212
1.7742,0.2151,38.52,94,92,368217
1.7400,0.2004,38.62,94,92,368220
1.7546,0.2004,38.55,94,92,368223
1.7449,0.2004,38.65,94,92,368226
1.7546,0.2053,38.68,94,92,368230
1.7937,0.2102,38.58,94,92,368233
1.7693,0.2004,38.71,94,92,368236
1.7791,0.2004,38.52,94,92,368240
1.7546,0.2004,38.68,94,92,368243
1.7498,0.1955,38.90,94,92,368246
1.7742,0.2199,38.52,94,92,368250
1.7498,0.2004,38.77,94,92,368253
1.7840,0.2004,38.62,94,92,368257
1.7742,0.1955,38.65,94,92,368261
1.7595,0.2004,38.68,94,92,368264
1.7791,0.2395,38.52,94,92,368267
1.7693,0.2004,38.68,94,92,368270
1.8035,0.2004,38.46,94,92,368274
1.7840,0.2004,38.68,94,92,368277
1.7840,0.1955,38.84,94,92,368280
1.7986,0.2053,38.58,94,92,368284
1.7791,0.2004,38.65,94,92,368287
1.8133,0.2053,38.43,94,92,368290
1.8084,0.2004,38.62,94,92,368294
1.7889,0.1955,38.68,94,92,368297
1.7937,0.2004,38.65,94,92,368301
1.8084,0.1955,38.65,94,92,368304
1.8280,0.1906,38.40,94,92,368308
1.7986,0.2004,38.68,94,92,368311
1.7937,0.1906,38.62,94,92,368314
1.8133,0.2004,38.62,94,92,368318
1.8182,0.2004,38.77,94,92,368321
1.8671,0.2151,38.55,94,92,368324
1.8328,0.2053,38.68,94,92,368328
1.8280,0.1955,38.62,94,92,368331
1.8328,0.1906,38.68,94,92,368334
1.8328,0.1955,38.68,94,92,368337
1.8719,0.2199,38.55,94,92,368342
1.8426,0.2004,38.65,94,92,368345
1.8524,0.2004,38.08,94,92,368348
1.8280,0.2004,38.65,94,92,368352
1.8915,0.1955,38.71,94,92,368355
1.9062,0.2004,38.68,94,92,368359
1.9355,0.1906,38.55,94,92,368362
1.9159,0.2053,38.68,94,92,368365
1.9648,0.2053,38.43,94,92,368369
1.9306,0.2053,38.58,94,92,368372
1.9110,0.1955,38.65,94,92,368375
1.9159,0.2053,38.62,94,92,368379
1.8964,0.1955,38.68,94,92,368382
1.9404,0.2053,38.36,94,92,368386
1.8964,0.2004,38.55,94,92,368389
1.8817,0.1906,38.58,94,92,368393
1.8817,0.2053,38.65,94,92,368396
1.8719,0.1955,38.68,94,92,368399
1.9110,0.2151,38.55,94,92,368403
1.8964,0.2004,38.62,94,92,368406
1.8622,0.1906,38.62,94,92,368409
1.8573,0.2004,38.65,94,92,368413
1.8573,0.1906,38.71,94,92,368416
1.8915,0.2102,38.52,94,92,368419
1.8719,0.2053,38.62,94,92,368423
1.8866,0.1906,38.55,94,92,368427
1.8622,0.2199,38.65,94,92,368430
1.8671,0.1955,38.65,94,92,368433
1.8915,0.2102,38.52,94,92,368437
1.8671,0.1955,38.65,94,92,368440
1.8915,0.2053,38.55,94,92,368443
1.8524,0.1906,38.65,94,92,368447
1.8426,0.2053,38.65,94,92,368450
1.8475,0.2004,38.96,94,92,368453
1.8182,0.2053,38.62,94,92,368457
1.8377,0.2004,38.46,94,92,368460
1.8084,0.1955,38.62,94,92,368463
1.8182,0.1955,38.71,94,92,368466
1.8622,0.2151,38.58,94,92,368471
1.8377,0.1955,38.68,94,92,368474
1.8866,0.2053,38.43,94,92,368477
1.8328,0.1906,38.65,94,92,368481
1.8377,0.1955,38.65,94,92,368484
1.8426,0.2053,38.62,94,92,368487
1.8328,0.1955,38.71,94,92,368491
1.9013,0.2102,38.36,94,92,368494
1.8768,0.2004,38.55,94,92,368497
1.8524,0.1906,38.65,94,92,368501
1.8475,0.2053,38.68,94,92,368504
1.8231,0.1906,38.65,94,92,368507
1.8671,0.2102,38.55,94,92,368510
1.8426,0.2004,38.62,94,92,368515
1.8573,0.1906,38.58,94,92,368518
1.8573,0.2004,38.65,94,92,368521
1.8622,0.2004,38.65,94,92,368525
1.8915,0.2053,38.58,94,92,368528
1.8719,0.2004,38.68,94,92,368531
1.8866,0.1955,38.52,94,92,368535
1.8524,0.1955,38.68,94,92,368538
1.8671,0.1955,38.68,94,92,368541
1.8719,0.2004,38.87,94,92,368545
1.8719,0.2004,38.65,94,92,368548
1.9404,0.2053,38.55,94,92,368551
1.8915,0.1955,38.49,94,92,368555
1.8964,0.2297,38.65,94,92,368559
1.9208,0.2004,38.55,94,92,368562
1.8768,0.1955,38.90,94,92,368565
1.8915,0.2004,38.46,94,92,368569
1.8622,0.1955,38.55,94,92,368572
1.8573,0.1955,38.68,94,92,368575
1.8866,0.2053,38.58,94,92,368579
1.8768,0.1906,38.68,94,92,368582
1.9453,0.2053,38.40,94,92,368585
1.9257,0.1955,38.58,94,92,368588
1.9550,0.1955,38.68,94,92,368592
1.9697,0.2004,38.65,94,92,368595
1.9746,0.1955,38.55,94,92,368599
2.0186,0.2102,38.43,94,92,368603
1.9550,0.1955,38.49,94,92,368606
1.9208,0.2199,38.62,94,92,368609
1.9062,0.1906,38.68,94,92,368613
1.8915,0.1955,38.65,94,92,368616
1.9257,0.2151,38.52,94,92,368619
1.8719,0.2004,38.62,94,92,368623
1.8524,0.1955,38.55,94,92,368626
1.8231,0.1906,38.71,94,92,368629
1.8084,0.1955,38.81,94,92,368632
1.8426,0.2053,38.49,94,92,368636
1.8084,0.2004,38.65,94,92,368640
1.8231,0.2004,38.55,94,92,368643
1.7937,0.2004,38.71,94,92,368647
1.7791,0.1906,38.65,94,92,368650
1.7937,0.2004,38.58,94,92,368653
1.7644,0.1906,38.71,94,92,368657
1.7889,0.1906,38.52,94,92,368660
1.7693,0.1906,38.65,94,92,368663
1.7791,0.2004,38.65,94,92,368666
1.7937,0.2053,38.58,94,92,368670
1.7693,0.1955,38.68,94,92,368673
1.8084,0.2004,38.49,94,92,368676
1.7791,0.1906,38.65,94,92,368680
1.7791,0.1906,38.68,94,92,368684
1.7986,0.2053,38.62,94,92,368687
1.7791,0.1955,38.68,94,92,368691
1.8280,0.2053,38.40,94,92,368694
1.8280,0.2004,38.55,94,92,368697
1.8328,0.2053,38.68,94,92,368700
1.8768,0.2004,38.62,94,92,368704
1.9062,0.1955,38.74,94,92,368707
2.0430,0.2053,38.40,94,92,368710
2.1310,0.1906,38.55,94,92,368714
2.2727,0.1906,38.65,94,92,368717
2.4829,0.1955,38.65,94,92,368720
2.7126,0.1955,38.68,94,92,368724
3.0352,0.2102,38.52,94,92,368728
3.2063,0.2004,38.58,94,92,368731
3.3089,0.1955,38.55,94,92,368734
3.2209,0.2102,38.65,94,92,368738
2.9765,0.1955,38.68,94,92,368741
2.6882,0.2053,38.62,94,92,368744
2.3314,0.2053,38.68,94,92,368748
2.0723,0.1906,38.55,94,92,368751
1.8231,0.2004,38.74,94,92,368754
1.6569,0.1857,38.65,94,92,368758
1.5640,0.1906,38.52,94,92,368761
1.4565,0.1955,38.87,94,92,368764
1.4076,0.1955,38.55,94,92,368768
1.3490,0.1906,38.65,94,92,368772
1.3392,0.1906,38.68,94,92,368775
1.3539,0.1955,38.52,94,92,368778
1.3685,0.1906,38.68,94,92,368782
1.4076,0.1955,38.84,94,92,368785
1.4223,0.1955,38.62,94,92,368788
1.4370,0.1906,38.68,94,92,368792
1.4516,0.2004,38.55,94,92,368795
1.4565,0.1955,38.71,94,92,368798
1.5005,0.2004,38.43,94,92,368802
1.5054,0.1906,38.65,94,92,368805
1.5347,0.1955,38.68,94,92,368808
1.5591,0.2004,38.65,94,92,368812
1.5591,0.1857,38.65,94,92,368816
1.6031,0.2004,38.36,94,92,368819
1.5982,0.2004,38.58,94,92,368822
1.5982,0.1906,38.65,94,92,368826
1.6080,0.2004,38.65,94,92,368829
1.6080,0.1955,38.68,94,92,368832
1.6716,0.2102,38.52,94,92,368836
1.6520,0.2004,38.58,94,92,368839
1.6422,0.1906,38.58,94,92,368842
1.6373,0.1955,38.68,94,92,368845
1.6373,0.1955,38.87,94,92,368849
1.6862,0.2053,38.55,94,92,368852
1.6813,0.1906,38.62,94,92,368856
1.6862,0.1955,38.55,94,92,368860
1.6667,0.2102,38.62,94,92,368863
1.6618,0.1906,38.68,94,92,368866
1.6667,0.2004,38.65,94,92,368870
1.6422,0.2004,38.65,94,92,368873
1.6862,0.2004,38.52,94,92,368876
1.6569,0.1955,38.81,94,92,368879
1.6764,0.2053,38.68,94,92,368883
1.7204,0.2053,38.58,94,92,368886
1.7058,0.1955,38.71,94,92,368889
1.7204,0.2053,38.52,94,92,368893
1.7107,0.1955,38.58,94,92,368897
1.7107,0.1906,38.74,94,92,368900
1.7204,0.2053,38.55,94,92,368904
1.7155,0.1906,38.65,94,92,368907
1.7449,0.2004,38.81,94,92,368910
1.7058,0.2004,38.62,94,92,368913
1.7204,0.2004,38.68,94,92,368917
1.7204,0.2004,38.58,94,92,368920
1.6911,0.1906,38.68,94,92,368923
1.7302,0.2053,38.40,94,92,368927
1.7155,0.1955,38.68,94,92,368930
1.7449,0.1955,38.68,94,92,368933
1.7498,0.2004,38.65,94,92,368937
1.7400,0.2248,38.74,94,92,368941
1.7937,0.2102,38.43,94,92,368944
1.7498,0.2004,38.65,94,92,368947
1.7498,0.1906,38.65,94,92,368951
1.7644,0.1955,38.65,94,92,368954
1.7546,0.1906,38.58,94,92,368957
1.7840,0.2102,38.43,94,92,368961
1.8231,0.2053,38.58,94,92,368965
1.8231,0.1955,38.65,94,92,368969
1.8573,0.2004,38.55,94,92,368972
1.8133,0.1955,38.74,94,92,368975
1.8231,0.2004,38.68,94,92,368979
1.8622,0.2004,38.55,94,92,368983
1.8719,0.1955,38.68,94,92,368986
1.8964,0.1955,38.52,94,92,368989
1.8622,0.1906,38.65,94,92,368993
1.8719,0.1955,38.68,94,92,368996
1.8964,0.2297,38.62,94,92,368999
1.8768,0.1955,38.71,94,92,369003
1.9159,0.2004,38.40,94,92,369006
1.8915,0.2004,38.55,94,92,369009
1.8817,0.1955,38.65,94,92,369013
1.8866,0.2151,38.62,94,92,369016
1.8719,0.1955,38.68,94,92,369019
1.9208,0.2102,38.43,94,92,369024
1.8817,0.1955,38.55,94,92,369027
1.8426,0.1906,38.65,94,92,369030
1.8328,0.1955,38.65,94,92,369033
1.8328,0.2004,38.68,94,92,369037
1.8964,0.1906,38.49,94,92,369040
1.8719,0.2004,38.62,94,92,369043
1.8573,0.2102,38.58,94,92,369047
1.8377,0.1906,38.68,94,92,369050
1.8280,0.2004,38.68,94,92,369053
1.8524,0.2297,38.55,94,92,369057
1.8182,0.1906,38.65,94,92,369060
1.8426,0.2004,38.52,94,92,369063
1.8084,0.1955,38.65,94,92,369068
1.7937,0.1955,38.68,94,92,369071
1.8084,0.2102,38.49,94,92,369074
1.8084,0.2004,38.71,94,92,369077
1.8182,0.2053,38.55,94,92,369081
1.8035,0.1906,38.58,94,92,369084
1.8084,0.2199,38.68,94,92,369087
1.8231,0.2004,38.52,94,92,369091
1.7986,0.1955,37.90,94,92,369094
1.7937,0.2004,38.49,94,92,369097
1.7889,0.1955,38.62,94,92,369101
1.7693,0.1955,38.68,94,92,369104
1.7986,0.2053,38.58,94,92,369107
1.8084,0.1955,38.68,94,92,369111
1.8475,0.2004,38.40,94,92,369115
1.8035,0.1906,38.74,94,92,369118
1.8035,0.1906,38.65,94,92,369121
1.8475,0.2004,38.62,94,92,369125
1.7937,0.1955,38.68,94,92,369128
1.8524,0.2248,38.36,94,92,369131
1.8377,0.2004,38.58,94,92,369135
1.8328,0.1906,38.77,94,92,369138
1.8524,0.2004,38.65,94,92,369141
1.8426,0.1955,38.68,94,92,369144
1.9110,0.2102,38.43,94,92,369148
1.8817,0.2053,38.58,94,92,369152
1.8671,0.1955,38.58,94,92,369155
1.8573,0.2004,38.58,94,92,369159
1.8524,0.2297,38.65,94,92,369162
1.8866,0.2053,38.52,94,92,369165
1.8524,0.2004,38.58,94,92,369169
1.8573,0.2004,38.55,94,92,369172
1.8328,0.2004,38.65,94,92,369175
1.8328,0.1955,38.58,94,92,369178
1.8573,0.2102,38.62,94,92,369182
1.8475,0.1955,38.65,94,92,369185
1.8817,0.2053,38.33,94,92,369188
1.8524,0.1906,38.68,94,92,369192
1.8622,0.1955,38.68,94,92,369196
1.8866,0.2053,38.52,94,92,369199
1.8622,0.1906,38.68,94,92,369203
1.8964,0.1955,38.68,94,92,369206
1.8817,0.2151,38.58,94,92,369209
1.8817,0.1955,38.68,94,92,369213
1.9208,0.2102,38.68,94,92,369216
1.9453,0.1955,38.68,94,92,369219
1.9697,0.2053,38.43,94,92,369222
1.9355,0.1955,38.62,94,92,369226
1.9159,0.1955,38.68,94,92,369229
1.9110,0.2004,38.62,94,92,369232
1.8768,0.1955,38.46,94,92,369236
1.9013,0.2053,38.36,94,92,369240
1.8475,0.1955,38.58,94,92,369243
1.8328,0.2199,38.65,94,92,369247
1.8280,0.2053,38.65,94,92,369250
1.8035,0.1955,38.65,94,92,369253
1.8377,0.2102,38.49,94,92,369257
1.7937,0.2053,38.65,94,92,369260
1.7644,0.1955,38.62,94,92,369263
1.7400,0.1906,38.68,94,92,369266
1.7253,0.1955,38.68,94,92,369270
1.7546,0.2053,38.43,94,92,369273
1.7351,0.1955,38.62,94,92,369276
1.7302,0.2004,38.52,94,92,369281
1.6960,0.2004,38.65,94,92,369284
1.6862,0.2004,38.74,94,92,369287
1.7155,0.2004,38.58,94,92,369291
1.6960,0.2004,38.65,94,92,369294
1.7351,0.2053,38.58,94,92,369297
1.7107,0.2004,38.68,94,92,369300
1.7204,0.1906,38.68,94,92,369304
1.7351,0.2004,38.58,94,92,369307
1.7302,0.2004,38.65,94,92,369310
1.7449,0.2053,38.52,94,92,369314
1.7155,0.1955,38.68,94,92,369317
1.7155,0.1955,38.74,94,92,369320
1.7546,0.1955,38.55,94,92,369324
1.7693,0.2004,38.71,94,92,369328
1.8524,0.2004,37.65,94,92,369331
1.8964,0.1955,38.55,94,92,369334
1.9844,0.1906,38.68,94,92,369338
2.1359,0.2053,38.87,94,92,369341
2.3069,0.2004,38.65,94,92,369344
2.5855,0.2151,38.43,94,92,369348
2.7957,0.1955,38.68,94,92,369351
3.0303,0.2297,38.68,94,92,369354
3.2209,0.2004,38.65,94,92,369358
3.2551,0.1955,38.68,94,92,369361
3.2111,0.2151,38.40,94,92,369364
2.8592,0.2053,38.65,94,92,369368
2.5122,0.1906,38.58,94,92,369372
2.1848,0.2053,38.65,94,92,369375
1.8964,0.1906,38.68,94,92,369378
1.7058,0.2102,38.55,94,92,369382
1.5103,0.2004,38.62,94,92,369385
1.3978,0.1906,38.58,94,92,369388
1.3050,0.2004,38.71,94,92,369392
1.2708,0.1955,38.68,94,92,369395
1.2805,0.2151,38.49,94,92,369398
1.2561,0.2004,38.68,94,92,369401
1.2757,0.2004,38.49,94,92,369405
1.2757,0.2053,38.68,94,92,369409
1.3099,0.1906,38.68,94,92,369412
1.3490,0.2004,38.68,94,92,369416
1.3539,0.1955,38.65,94,92,369419
1.3930,0.2199,38.55,94,92,369422
1.3881,0.1906,38.65,94,92,369426
1.4076,0.1955,38.65,94,92,369429
1.4370,0.1955,38.55,94,92,369432
1.4418,0.1906,38.68,94,92,369435
1.4809,0.2004,38.02,94,92,369439
1.4663,0.2004,38.65,94,92,369442
1.4761,0.1955,38.68,94,92,369445
1.5103,0.2053,38.68,94,92,369449
1.5396,0.1955,38.68,94,92,369453
1.5591,0.2053,38.40,94,92,369456
1.5347,0.2004,38.52,94,92,369460
1.5249,0.2297,38.65,94,92,369463
1.5298,0.2004,38.65,94,92,369466
1.5200,0.1955,38.68,94,92,369469
1.5591,0.2151,38.36,94,92,369473
1.5396,0.2004,38.58,94,92,369476
1.5445,0.1906,38.68,94,92,369479
1.5640,0.1857,38.68,94,92,369483
1.5689,0.1906,38.68,94,92,369486
1.6080,0.2102,38.52,94,92,369489
1.5738,0.2199,38.62,94,92,369494
1.5738,0.1955,38.58,94,92,369497
1.5787,0.2004,38.71,94,92,369500
1.5836,0.1955,38.68,94,92,369504
1.6129,0.2053,38.65,94,92,369507
1.5982,0.2004,38.65,94,92,369510
1.6129,0.2004,38.52,94,92,369513
1.5885,0.2004,38.90,94,92,369517
1.5885,0.2248,38.65,94,92,369520
1.6227,0.2004,38.55,94,92,369523
1.5982,0.2004,38.68,94,92,369527
1.6373,0.1955,38.52,94,92,369530
1.6422,0.1955,38.62,94,92,369533
1.6178,0.1906,38.68,94,92,369538
1.6471,0.2102,38.55,94,92,369541
1.6471,0.1906,38.68,94,92,369544
1.6862,0.2004,38.46,94,92,369547
1.6667,0.2004,38.62,94,92,369551
1.6667,0.2102,38.68,94,92,369554
1.6862,0.2053,38.58,94,92,369557
1.6618,0.1955,38.90,94,92,369561
1.7009,0.2102,38.40,94,92,369564
1.6618,0.1955,38.62,94,92,369567
1.6667,0.1955,38.87,94,92,369571
1.6667,0.1906,38.65,94,92,369574
1.6862,0.1955,38.65,94,92,369580
1.7009,0.2004,38.68,94,92,369583
1.7449,0.2053,38.55,94,92,369586
1.7498,0.2053,38.62,94,92,369590
1.7449,0.2004,38.52,94,92,369593
1.7302,0.2004,38.55,94,92,369596
1.7400,0.1955,38.68,94,92,369599
1.7644,0.2102,38.58,94,92,369603
1.7498,0.2004,38.65,94,92,369606
1.7791,0.2102,38.52,94,92,369609
1.7644,0.1906,38.65,94,92,369613
1.7840,0.1955,38.65,94,92,369616
1.8133,0.1955,38.58,94,92,369619
1.8035,0.2004,38.68,94,92,369624
1.8377,0.1906,38.49,94,92,369627
1.8133,0.1955,38.71,94,92,369630
1.8182,0.1955,38.68,94,92,369633
1.8377,0.2053,38.58,94,92,369637
1.8182,0.1955,38.62,94,92,369640
1.8768,0.2004,38.40,94,92,369643
1.8328,0.2053,38.55,94,92,369647
1.8231,0.1955,38.65,94,92,369650
1.8328,0.2053,38.62,94,92,369653
1.8133,0.1906,38.68,94,92,369657
1.8671,0.2102,38.40,94,92,369660
1.8182,0.2004,38.55,94,92,369664
1.8035,0.1906,38.65,94,92,369667
1.7986,0.2004,38.65,94,92,369671
1.7889,0.2248,38.68,94,92,369674
1.8377,0.2151,38.49,94,92,369677
1.7937,0.2004,38.62,94,92,369681
1.7889,0.1955,38.58,94,92,369684
1.7742,0.2004,38.74,94,92,369687
1.7693,0.2053,38.71,94,92,369691
1.7986,0.2102,38.58,94,92,369694
1.7840,0.2004,38.65,94,92,369697
1.7937,0.2004,38.52,94,92,369701
1.7644,0.1906,38.65,94,92,369704
1.7595,0.1955,38.55,94,92,369708
1.7791,0.2102,38.52,94,92,369711
1.7449,0.2004,38.68,94,92,369715
1.7595,0.2053,38.52,94,92,369718
1.7204,0.1906,38.62,94,92,369721
1.7155,0.1955,38.65,94,92,369725
1.7204,0.2004,38.52,94,92,369728
1.7009,0.2102,38.65,94,92,369731
1.7204,0.2053,38.49,94,92,369735
1.7009,0.1906,38.62,94,92,369738
1.7058,0.1955,38.90,94,92,369741
1.7302,0.2004,38.58,94,92,369744
1.7302,0.2053,38.65,94,92,369748
1.7937,0.2004,38.43,94,92,369752
1.7449,0.1955,38.62,94,92,369755
1.7889,0.1955,38.68,94,92,369759
1.7742,0.2053,38.68,94,92,369762
1.7546,0.2053,38.68,94,92,369765
1.8280,0.2102,38.43,94,92,369769
1.7742,0.2004,38.58,94,92,369772
1.7693,0.2004,38.68,94,92,369775
1.8035,0.2004,38.62,94,92,369778
1.7840,0.1955,38.74,94,92,369782
1.8524,0.2199,38.46,94,92,369785
1.8280,0.2151,38.58,94,92,369788
1.8231,0.1955,38.68,94,92,369793
1.8133,0.2004,37.93,94,92,369796
1.8084,0.1955,38.68,94,92,369799
1.8573,0.2004,38.52,94,92,369803
1.8182,0.2004,38.65,94,92,369806
1.8133,0.1955,38.55,94,92,369809
1.8084,0.1906,38.68,94,92,369812
1.8035,0.1955,38.68,94,92,369816
1.8377,0.2053,38.62,94,92,369819
1.8231,0.2102,38.68,94,92,369822
1.8377,0.2004,38.52,94,92,369826
1.8231,0.2004,38.65,94,92,369829
1.8328,0.2053,38.65,94,92,369832
1.8768,0.2004,38.52,94,92,369837
1.8524,0.2004,38.58,94,92,369840
1.8915,0.2004,38.55,94,92,369843
1.8768,0.1955,38.62,94,92,369846
1.9062,0.1955,38.68,94,92,369850
1.9208,0.2004,38.55,94,92,369853
1.9110,0.1955,38.71,94,92,369856
1.9306,0.2004,38.46,94,92,369860
1.8768,0.2004,38.65,94,92,369863
1.8426,0.2053,38.68,94,92,369866
1.8231,0.2053,38.62,94,92,369870
1.7889,0.2004,38.62,94,92,369873
1.8133,0.2151,38.40,94,92,369876
1.7644,0.1955,38.62,94,92,369880
1.7595,0.1955,38.68,94,92,369884
1.7595,0.2053,38.65,94,92,369887
1.7400,0.1955,38.77,94,92,369890
1.7791,0.2102,38.43,94,92,369894
1.7351,0.2004,38.58,94,92,369897
1.7155,0.1857,38.62,94,92,369900
1.7253,0.1906,38.68,94,92,369904
1.7253,0.1955,38.68,94,92,369907
1.7644,0.2102,38.46,94,92,369910
1.7449,0.1906,38.62,94,92,369914
1.7449,0.2004,38.58,94,92,369917
1.7302,0.2004,38.65,94,92,369921
1.7253,0.1955,38.68,94,92,369924
1.7498,0.2053,38.52,94,92,369928
1.7302,0.2004,38.65,94,92,369931
1.7498,0.2102,38.49,94,92,369934
1.7302,0.2004,38.65,94,92,369938
1.7351,0.1955,38.65,94,92,369941
1.7498,0.1906,38.58,94,92,369944
1.7498,0.2004,38.68,94,92,369948
1.7937,0.2004,38.52,94,92,369951
1.7840,0.1906,38.68,94,92,369954
1.8182,0.1955,38.68,94,92,369957
1.8866,0.2053,38.55,94,92,369961
1.9501,0.2004,38.68,94,92,369965
2.1065,0.2053,38.55,94,92,369968
2.2434,0.2004,38.52,94,92,369972
2.4340,0.2053,38.68,94,92,369975
2.6979,0.2053,38.62,94,92,369978
2.9130,0.2004,38.71,94,92,369982
3.1916,0.2053,38.36,94,92,369985
3.2356,0.1955,38.62,94,92,369988
3.1672,0.1955,38.68,94,92,369992
2.9765,0.2053,38.68,94,92,369995
2.6393,0.1906,38.68,94,92,369998
2.3949,0.2199,38.43,94,92,370001
2.0626,0.2346,38.58,94,92,370006
1.8182,0.1955,38.62,94,92,370009
1.6520,0.2004,38.71,94,92,370012
1.5103,0.2102,38.68,94,92,370016
1.4614,0.1906,38.52,94,92,370019
1.3734,0.2004,38.62,94,92,370022
1.3441,0.2102,38.55,94,92,370026
1.3196,0.2004,38.65,94,92,370029
1.3148,0.1955,38.65,94,92,370032
1.3490,0.2102,38.49,94,92,370035
1.3490,0.2004,38.84,94,92,370039
1.3783,0.2004,38.52,94,92,370042
1.3734,0.2053,38.68,94,92,370045
1.3930,0.1906,38.68,94,92,370050
1.4321,0.2004,38.62,94,92,370053
1.4418,0.2053,38.68,94,92,370056
1.4907,0.2004,38.55,94,92,370060
1.4761,0.1955,38.77,94,92,370063
1.5054,0.1955,38.71,94,92,370066
1.5249,0.2004,38.58,94,92,370069
1.5200,0.1955,38.55,94,92,370073
1.5591,0.2248,38.46,94,92,370076
1.5396,0.2004,38.74,94,92,370079
1.5494,0.2248,38.68,94,92,370083
1.5738,0.2004,38.65,94,92,370086
1.5738,0.2004,38.62,94,92,370089
1.6276,0.2102,38.40,94,92,370094
1.6178,0.2053,38.58,94,92,370097
1.6178,0.1906,38.65,94,92,370100
1.6276,0.2102,38.62,94,92,370104
1.6178,0.1955,38.68,94,92,370107
1.6716,0.2151,38.40,94,92,370110
1.6520,0.2004,38.58,94,92,370113
1.6471,0.1955,38.65,94,92,370117
1.6569,0.2004,38.65,94,92,370120
1.6618,0.2004,38.65,94,92,370123
1.7107,0.2199,38.49,94,92,370127
1.6862,0.2053,38.62,94,92,370130
1.6862,0.2004,38.52,94,92,370134
1.6764,0.1955,38.68,94,92,370138
1.6813,0.2004,38.71,94,92,370141
1.7058,0.2151,38.62,94,92,370144
1.6862,0.2004,38.65,94,92,370147
1.7204,0.2004,38.58,94,92,370151
1.7009,0.2004,38.65,94,92,370154
1.7009,0.2004,38.68,94,92,370157
1.7253,0.2102,38.55,94,92,370161
1.7058,0.2053,38.68,94,92,370164
1.7253,0.2004,38.52,94,92,370167
1.6960,0.1955,38.62,94,92,370171
1.7058,0.2053,38.65,94,92,370174
1.7253,0.2053,38.55,94,92,370178
1.7204,0.2004,38.68,94,92,370181
1.7498,0.2004,38.46,94,92,370185
1.7742,0.2102,38.40,94,92,370189
1.7253,0.2004,38.58,94,92,370193
1.7253,0.2053,38.65,94,92,370196
1.7351,0.2004,38.71,94,92,370199
1.7351,0.2151,38.65,94,92,370203
1.7937,0.2151,38.49,94,92,370206
1.7546,0.2053,38.62,94,92,370209
1.7595,0.1955,38.58,94,92,370213
1.7595,0.2004,38.58,94,92,370216
1.7644,0.2053,38.68,94,92,370220
1.8035,0.2102,38.52,94,92,370224
1.7840,0.2004,38.62,94,92,370227
1.8084,0.2053,38.55,94,92,370230
1.8182,0.2004,38.68,94,92,370233
1.8084,0.2004,38.68,94,92,370237
1.8377,0.2102,38.58,94,92,370240
1.8231,0.2346,38.68,94,92,370243
1.8524,0.2102,38.55,94,92,370247
1.8231,0.2004,38.65,94,92,370250
1.8231,0.1906,38.68,94,92,370253
1.8328,0.2053,38.58,94,92,370257
1.8231,0.2004,38.74,94,92,370260
1.8524,0.1955,38.46,94,92,370264
1.8280,0.2004,38.65,94,92,370267
1.8328,0.2004,38.65,94,92,370271
1.8475,0.2444,38.58,94,92,370274
1.8231,0.2004,38.65,94,92,370277
1.8573,0.2053,38.40,94,92,370281
1.8280,0.2053,38.62,94,92,370284
1.8231,0.1955,38.65,94,92,370287
1.8280,0.2053,38.58,94,92,370291
1.8084,0.2248,38.65,94,92,370294
1.8524,0.2102,38.43,94,92,370297
1.8084,0.2004,38.46,94,92,370301
1.7986,0.1955,38.65,94,92,370305
1.8182,0.2053,38.65,94,92,370308
1.7889,0.2004,38.68,94,92,370311
1.8426,0.2199,38.43,94,92,370315
1.8035,0.2053,38.62,94,92,370318
1.7986,0.1955,38.58,94,92,370321
1.7889,0.2004,38.68,94,92,370325
1.7840,0.2004,38.68,94,92,370328
1.7937,0.2102,38.40,94,92,370331
1.7791,0.2297,38.71,94,92,370335
1.7889,0.2053,38.52,94,92,370338
1.7693,0.2004,38.74,94,92,370341
1.7644,0.2395,38.68,94,92,370344
1.7986,0.2102,38.52,94,92,370349
1.7742,0.2004,38.65,94,92,370352
1.7986,0.2102,38.55,94,92,370355
1.7693,0.1955,38.65,94,92,370359
1.7693,0.1955,38.36,94,92,370362
1.7889,0.2053,38.55,94,92,370365
1.7742,0.2004,38.68,94,92,370369
1.7937,0.2004,38.52,94,92,370372
1.7986,0.2004,38.68,94,92,370375
1.7791,0.2004,38.68,94,92,370378
1.7937,0.2053,38.58,94,92,370382
1.7742,0.2053,38.65,94,92,370385
1.8084,0.2004,38.43,94,92,370388
1.7791,0.1955,38.68,94,92,370393
1.7889,0.2151,38.71,94,92,370396
1.8133,0.2102,38.68,94,92,370399
1.7986,0.2346,38.68,94,92,370403
1.8426,0.1906,38.36,94,92,370406
1.8182,0.2053,38.52,94,92,370409
1.8035,0.1955,38.49,94,92,370413
1.8133,0.2053,38.65,94,92,370416
1.8084,0.2004,38.65,94,92,370419
1.8671,0.2248,38.46,94,92,370422
1.8426,0.2053,38.71,94,92,370426
1.8426,0.2004,38.55,94,92,370429
1.8328,0.2004,38.65,94,92,370433
1.8377,0.1906,38.68,94,92,370437
1.8768,0.2102,38.52,94,92,370440
1.8524,0.2004,38.58,94,92,370443
1.8719,0.2004,38.55,94,92,370447
1.8475,0.2053,38.58,94,92,370450
1.8622,0.2004,38.68,94,92,370453
1.8915,0.2102,38.62,94,92,370456
1.8915,0.2004,38.52,94,92,370460
1.9257,0.2297,38.62,94,92,370463
1.9062,0.2004,38.77,94,92,370466
1.9257,0.2004,38.68,94,92,370470
1.9648,0.2444,38.58,94,92,370473
1.9501,0.1906,38.65,94,92,370477
1.9746,0.2004,38.49,94,92,370481
1.9501,0.2053,38.58,94,92,370484
1.9257,0.2004,38.68,94,92,370487
1.9257,0.2102,38.62,94,92,370491
1.9013,0.2004,38.65,94,92,370494
1.9013,0.1906,38.43,94,92,370497
1.8475,0.2053,38.71,94,92,370500
1.8328,0.2053,38.65,94,92,370504
1.8231,0.2053,38.62,94,92,370507
1.7986,0.2004,38.77,94,92,370510
1.8280,0.2248,38.40,94,92,370514
1.7840,0.2004,38.65,94,92,370518
1.7742,0.1955,38.68,94,92,370521
1.7791,0.2297,38.62,94,92,370525
1.7644,0.2004,38.68,94,92,370528
1.8084,0.2199,38.43,94,92,370531
1.7644,0.2199,38.58,94,92,370534
1.7546,0.1955,38.62,94,92,370538
1.7400,0.2102,38.68,94,92,370541
1.7400,0.2004,38.68,94,92,370544
1.7742,0.2102,38.49,94,92,370548
1.7449,0.2053,38.62,94,92,370551
1.7693,0.2004,38.55,94,92,370554
1.7351,0.2004,38.68,94,92,370558
1.7400,0.2004,38.68,94,92,370562
1.7644,0.2248,38.58,94,92,370565
1.7546,0.2004,38.68,94,92,370568
1.7693,0.1906,38.52,94,92,370572
1.7498,0.2004,38.90,94,92,370575
1.7644,0.2004,38.71,94,92,370578
1.8084,0.2053,38.58,94,92,370582
1.8475,0.2004,38.68,94,92,370585
1.9306,0.2004,38.52,94,92,370588
1.9746,0.2053,38.68,94,92,370592
2.0772,0.2004,38.68,94,92,370595
2.2434,0.2102,38.84,94,92,370598
2.3949,0.2053,38.68,94,92,370601
2.6540,0.2053,38.46,94,92,370606
2.8690,0.2053,38.52,94,92,370609
3.0645,0.2004,38.68,94,92,370612
3.2356,0.2102,38.62,94,92,370616
3.1867,0.2004,38.68,94,92,370619
3.0841,0.2102,38.33,94,92,370622
2.7322,0.1906,38.58,94,92,370626
2.4096,0.2004,38.68,94,92,370629
2.1457,0.2053,38.68,94,92,370632
1.9013,0.2053,38.65,94,92,370635
1.7693,0.2151,38.40,94,92,370639
1.5885,0.2004,38.62,94,92,370642
1.4809,0.1955,38.65,94,92,370646
1.4223,0.2004,38.68,94,92,370650
1.3734,0.2004,38.71,94,92,370653
1.4076,0.2102,38.52,94,92,370656
1.3490,0.2053,38.65,94,92,370660
1.3441,0.2004,38.68,94,92,370663
1.3636,0.2004,38.58,94,92,370666
1.3783,0.1906,38.71,94,92,370669
1.4223,0.2102,38.58,94,92,370673
1.4272,0.2004,38.65,94,92,370676
1.4516,0.2053,38.55,94,92,370679
1.4516,0.2004,38.68,94,92,370683
1.4663,0.2151,38.68,94,92,370686
1.5005,0.2053,38.55,94,92,370690
1.4956,0.2004,38.71,94,92,370694
1.5298,0.2151,38.55,94,92,370697
1.5200,0.1955,38.65,94,92,370700
1.5396,0.2004,38.87,94,92,370704
1.5591,0.2053,38.55,94,92,370707
1.5591,0.2004,38.68,94,92,370710
1.5885,0.2053,38.52,94,92,370713
1.5689,0.2004,38.68,94,92,370717
1.5885,0.2004,38.68,94,92,370720
1.6080,0.2053,38.58,94,92,370723
1.6031,0.2004,38.68,94,92,370727
1.6471,0.2102,38.43,94,92,370731
1.6325,0.2053,38.58,94,92,370734
1.6325,0.1955,38.68,94,92,370738
1.6471,0.2053,38.68,94,92,370741
1.6422,0.2053,38.68,94,92,370744
1.6960,0.2199,38.43,94,92,370747
1.6618,0.2053,38.68,94,92,370751
1.6520,0.1955,38.68,94,92,370754
1.6618,0.2053,38.68,94,92,370757
1.6618,0.2004,38.71,94,92,370761
1.7107,0.2199,38.49,94,92,370764
1.6764,0.2053,38.62,94,92,370767
1.6862,0.2004,38.55,94,92,370771
1.6862,0.2297,38.65,94,92,370775
1.6911,0.2004,38.68,94,92,370778
1.7155,0.2102,38.58,94,92,370782
1.6960,0.2053,38.68,94,92,370785
1.7498,0.2053,38.52,94,92,370788
1.7009,0.2004,38.68,94,92,370791
1.7107,0.2053,38.65,94,92,370795
1.7498,0.2102,38.55,94,92,370798
1.7595,0.1906,38.62,94,92,370803
1.7449,0.2004,38.71,94,92,370806
1.7889,0.2102,38.40,94,92,370809
1.7693,0.2053,38.62,94,92,370813
1.7595,0.2004,38.71,94,92,370817
1.7693,0.2053,38.62,94,92,370820
1.7840,0.2053,38.68,94,92,370824
1.8280,0.2151,38.36,94,92,370827
1.7595,0.1955,38.58,94,92,370830
1.7498,0.1955,38.68,94,92,370833
1.7498,0.2053,38.65,94,92,370837
1.7498,0.2102,38.71,94,92,370840
1.8084,0.2248,38.49,94,92,370843
1.7693,0.2053,38.62,94,92,370847
1.7791,0.2004,38.58,94,92,370850
1.8035,0.2004,38.68,94,92,370853
1.7742,0.2004,38.74,94,92,370857
1.8231,0.2102,38.55,94,92,370861
1.8133,0.2053,38.65,94,92,370864
1.8524,0.2053,38.55,94,92,370867
1.8426,0.2004,38.65,94,92,370871
1.8475,0.2004,38.65,94,92,370874
1.8671,0.2102,38.62,94,92,370877
1.8426,0.2004,38.87,94,92,370881
1.8573,0.2102,38.55,94,92,370884
1.8328,0.2004,38.68,94,92,370887
1.8280,0.2004,38.68,94,92,370891
1.8377,0.2053,38.55,94,92,370894
1.8280,0.2102,38.68,94,92,370897
1.8426,0.2004,38.52,94,92,370900
1.8182,0.2004,38.68,94,92,370905
1.8182,0.2102,38.68,94,92,370908
1.8426,0.2102,38.55,94,92,370911
1.8231,0.2248,38.68,94,92,370915
1.8719,0.2102,38.43,94,92,370918
1.8426,0.2053,38.58,94,92,370921
1.8182,0.2053,38.68,94,92,370925
1.8133,0.2102,38.62,94,92,370928
1.7791,0.2199,38.74,94,92,370931
1.8573,0.2102,38.36,94,92,370935
1.7840,0.2053,38.58,94,92,370938
1.7889,0.1955,38.65,94,92,370941
1.8084,0.2053,38.65,94,92,370945
1.7840,0.2004,38.68,94,92,370949
1.8280,0.2199,38.52,94,92,370952
1.7791,0.2053,38.62,94,92,370955
1.7693,0.2004,38.58,94,92,370959
1.7595,0.2053,38.65,94,92,370962
1.7742,0.2004,38.68,94,92,370965
1.7937,0.2151,38.58,94,92,370969
1.7791,0.2053,38.62,94,92,370972
1.7840,0.2053,38.55,94,92,370975
1.7595,0.2053,38.65,94,92,370979
1.7449,0.1955,38.65,94,92,370982
1.7595,0.2151,38.49,94,92,370985
1.7204,0.2004,38.68,94,92,370989
1.7351,0.2102,38.55,94,92,370993
1.7204,0.1955,38.84,94,92,370996
1.7253,0.2248,38.68,94,92,370999
1.7546,0.2102,38.55,94,92,371003
1.7449,0.2004,38.65,94,92,371006
1.7693,0.2151,38.49,94,92,371009
1.7449,0.2004,38.74,94,92,371013
1.7449,0.2004,38.68,94,92,371016
1.8035,0.2199,38.62,94,92,371019
1.7742,0.1906,38.68,94,92,371022
1.8231,0.2102,38.40,94,92,371026
1.7937,0.1955,38.62,94,92,371030
1.7937,0.1955,38.74,94,92,371033
1.8035,0.2151,38.65,94,92,371037
1.7889,0.2004,37.90,94,92,371040
1.8377,0.2151,38.40,94,92,371043
1.8231,0.2004,38.55,94,92,371047
1.8084,0.2004,38.62,94,92,371050
1.8280,0.2151,38.65,94,92,371053
1.8377,0.2053,38.68,94,92,371057
1.8915,0.2199,38.58,94,92,371060
1.8915,0.2004,38.58,94,92,371063
1.8915,0.2004,38.58,94,92,371066
1.8573,0.2053,38.68,94,92,371070
1.8475,0.2004,38.65,94,92,371074
1.8719,0.2053,38.55,94,92,371077
1.8426,0.2053,38.65,94,92,371081
1.8719,0.2053,38.52,94,92,371084
1.8524,0.2004,38.68,94,92,371087
1.8671,0.2004,38.74,94,92,371091
1.8915,0.2053,38.68,94,92,371094
1.9062,0.1906,38.65,94,92,371097
1.9404,0.2102,38.55,94,92,371100
1.9550,0.2004,38.68,94,92,371104
1.9355,0.2004,38.68,94,92,371107
1.9648,0.2102,38.55,94,92,371110
1.9306,0.2053,38.65,94,92,371115
1.9746,0.2004,38.46,94,92,371118
1.9355,0.2053,38.58,94,92,371121
1.9062,0.2004,38.65,94,92,371125
1.9062,0.2102,38.58,94,92,371128
1.8426,0.2004,38.62,94,92,371131
1.8475,0.2102,38.40,94,92,371135
1.7889,0.1906,38.58,94,92,371138
1.7791,0.2004,38.68,94,92,371141
1.7840,0.2053,38.68,94,92,371144
1.7693,0.2004,38.65,94,92,371148
1.8133,0.2102,38.43,94,92,371151
1.7644,0.2004,38.58,94,92,371154
1.7546,0.2151,38.68,94,92,371159
1.7498,0.2053,38.68,94,92,371162
1.7449,0.2004,38.68,94,92,371165
1.7840,0.2199,38.55,94,92,371169
1.7449,0.2102,38.62,94,92,371172
1.7400,0.2053,38.55,94,92,371175
1.7400,0.2053,38.68,94,92,371179
1.7498,0.2004,38.58,94,92,371182
1.7889,0.2395,38.55,94,92,371185
1.7693,0.2053,38.62,94,92,371188
1.7840,0.2053,38.52,94,92,371192
1.7546,0.1955,38.68,94,92,371195
1.7498,0.1906,38.65,94,92,371198
1.7644,0.2102,38.55,94,92,371203
1.7595,0.2102,38.65,94,92,371206
1.8035,0.2102,38.55,94,92,371209
1.7889,0.2004,38.71,94,92,371213
1.8231,0.2004,38.74,94,92,371216
1.8817,0.2053,38.58,94,92,371219
1.9404,0.2053,38.65,94,92,371222
2.0626,0.2053,38.58,94,92,371226
2.1799,0.2102,38.65,94,92,371229
2.3803,0.2004,38.68,94,92,371232
2.6393,0.2102,38.58,94,92,371236
2.8690,0.2004,38.65,94,92,371239
3.1769,0.2102,38.40,94,92,371243
3.2942,0.2053,38.55,94,92,371246
3.2698,0.2053,38.65,94,92,371250
3.1134,0.2102,38.68,94,92,371253
2.7859,0.2248,38.71,94,92,371256
2.5220,0.2151,38.36,94,92,371260
2.1701,0.2004,38.62,94,92,371263
1.9208,0.1955,38.68,94,92,371266
1.7449,0.2004,38.65,94,92,371270
1.5885,0.2004,38.68,94,92,371273
1.5347,0.2151,38.43,94,92,371276
1.4125,0.2102,38.65,94,92,371279
1.3490,0.2004,37.90,94,92,371283
1.3196,0.2053,38.65,94,92,371287
1.3099,0.2004,38.68,94,92,371290
1.3539,0.2151,38.55,94,92,371294
1.3587,0.2053,38.43,94,92,371297
1.4076,0.2053,38.58,94,92,371300
1.4321,0.2053,38.68,94,92,371304
1.4614,0.2004,38.62,94,92,371307
1.4907,0.2297,38.52,94,92,371310
1.4712,0.2053,38.65,94,92,371314
1.4956,0.2102,37.96,94,92,371317
1.4907,0.1955,38.65,94,92,371320
1.5103,0.1906,38.65,94,92,371323
1.5494,0.2053,38.68,94,92,371328
1.5543,0.2102,38.68,94,92,371331
1.6129,0.2004,38.52,94,92,371334
1.5885,0.2004,38.65,94,92,371338
1.5934,0.2004,38.71,94,92,371341
1.5982,0.2053,38.55,94,92,371344
1.5787,0.2004,38.68,94,92,371348
1.6325,0.2053,38.05,94,92,371351
1.6031,0.2004,38.68,94,92,371354
1.6276,0.2004,38.68,94,92,371357
1.6373,0.2102,38.71,94,92,371361
1.6422,0.2053,38.68,94,92,371364
1.7009,0.2102,38.40,94,92,371367
1.6813,0.2102,38.65,94,92,371372
1.6667,0.1857,38.68,94,92,371375
1.6618,0.2053,38.65,94,92,371378
1.6373,0.2053,38.68,94,92,371382
1.7107,0.2199,38.43,94,92,371385
1.6569,0.2102,38.55,94,92,371388
1.6667,0.2395,38.62,94,92,371391
1.6960,0.2053,38.68,94,92,371395
1.7155,0.2053,38.68,94,92,371398
1.7595,0.2248,38.55,94,92,371401
1.7107,0.2053,38.62,94,92,371405
1.7155,0.2053,38.55,94,92,371408
1.7009,0.2053,38.65,94,92,371411
1.6911,0.2004,38.87,94,92,371417
1.7058,0.2053,38.74,94,92,371420
1.7498,0.2151,38.58,94,92,371424
1.7498,0.2053,38.62,94,92,371427
1.7889,0.2102,38.46,94,92,371430
1.7742,0.2053,38.55,94,92,371434
1.7644,0.2004,38.74,94,92,371437
1.7742,0.2102,38.62,94,92,371440
1.7546,0.2004,37.90,94,92,371443
1.7937,0.2102,38.77,94,92,371447
1.7644,0.1955,38.68,94,92,371450
1.7595,0.2004,38.65,94,92,371453
1.7889,0.2053,38.77,94,92,371458
1.7937,0.2297,38.65,94,92,371461
1.8475,0.2151,38.43,94,92,371464
1.8084,0.2053,38.58,94,92,371468
1.7937,0.2053,38.65,94,92,371471
1.7644,0.2053,38.68,94,92,371474
1.7546,0.2004,38.58,94,92,371477
1.8035,0.2151,38.55,94,92,371481
1.7840,0.2053,38.65,94,92,371484
1.8084,0.2004,38.58,94,92,371487
1.8280,0.1955,38.68,94,92,371491
1.8524,0.2004,38.68,94,92,371494
1.8964,0.2102,38.49,94,92,371497
1.8719,0.2004,38.65,94,92,371502
1.8817,0.2053,38.52,94,92,371505
1.8573,0.2053,38.90,94,92,371508
1.8622,0.2102,38.68,94,92,371511
1.8915,0.2102,38.55,94,92,371515
1.8768,0.2053,38.58,94,92,371518
1.9159,0.2053,38.62,94,92,371521
1.8768,0.2053,38.65,94,92,371525
1.8719,0.2004,38.68,94,92,371528
1.8768,0.2053,38.62,94,92,371531
1.8768,0.2053,38.68,94,92,371535
1.8768,0.1906,38.49,94,92,371538
1.8475,0.2053,38.68,94,92,371542
1.8671,0.2053,38.68,94,92,371545
1.8719,0.2102,38.68,94,92,371549
1.8768,0.2053,38.68,94,92,371552
1.9306,0.2102,38.40,94,92,371555
1.8915,0.2102,38.58,94,92,371559
1.8524,0.2053,38.65,94,92,371562
1.8475,0.2102,38.65,94,92,371565
1.8280,0.2004,38.58,94,92,371569
1.8768,0.2151,38.33,94,92,371572
1.8328,0.2004,38.58,94,92,371575
1.8231,0.1955,38.68,94,92,371579
1.8084,0.2102,38.65,94,92,371582
1.7986,0.1906,38.68,94,92,371586
1.8524,0.2199,38.46,94,92,371589
1.8133,0.2248,38.62,94,92,371593
1.8182,0.2004,38.62,94,92,371596
1.8182,0.2053,38.74,94,92,371599
1.8280,0.1955,38.68,94,92,371603
1.8475,0.2102,38.65,94,92,371606
1.8280,0.2053,38.65,94,92,371609
1.8524,0.2053,38.55,94,92,371613
1.8231,0.2053,38.65,94,92,371616
1.8133,0.2004,38.68,94,92,371619
1.8280,0.2151,38.52,94,92,371623
1.7986,0.2151,38.65,94,92,371627
1.8377,0.1906,38.55,94,92,371630
1.8084,0.2004,38.65,94,92,371633
1.7986,0.2004,38.77,94,92,371637
1.7986,0.2102,38.55,94,92,371640
1.7986,0.2053,38.68,94,92,371643
1.8524,0.2053,38.55,94,92,371647
1.8377,0.2053,38.62,94,92,371650
1.8671,0.2053,38.68,94,92,371653
1.8524,0.2102,38.55,94,92,371657
1.8426,0.2053,38.65,94,92,371660
1.8866,0.2102,38.40,94,92,371663
1.8426,0.2102,38.58,94,92,371666
1.8573,0.2053,38.65,94,92,371671
1.8671,0.2102,38.65,94,92,371674
1.8622,0.2053,38.68,94,92,371677
1.9257,0.2199,38.40,94,92,371681
1.8866,0.2102,38.55,94,92,371684
1.8719,0.1955,38.62,94,92,371687
1.8524,0.2053,38.58,94,92,371691
1.8524,0.2053,38.68,94,92,371694
1.9013,0.2102,38.49,94,92,371697
1.8817,0.2151,38.62,94,92,371701
1.8964,0.2004,38.55,94,92,371704
1.8768,0.2053,38.71,94,92,371707
1.8719,0.2004,38.58,94,92,371710
1.8915,0.2151,38.55,94,92,371715
1.8768,0.1906,38.65,94,92,371718
1.9159,0.2053,38.52,94,92,371721
1.9159,0.2297,38.65,94,92,371725
1.9306,0.1906,38.68,94,92,371728
1.9550,0.2053,38.58,94,92,371731
1.9501,0.2102,38.68,94,92,371735
1.9697,0.2004,38.55,94,92,371738
1.9257,0.2053,38.65,94,92,371741
1.9110,0.2004,38.71,94,92,371745
1.9159,0.2102,38.55,94,92,371748
1.8719,0.1955,38.68,94,92,371751
1.8768,0.1906,38.46,94,92,371755
1.8280,0.2053,38.55,94,92,371759
1.8035,0.2395,38.71,94,92,371762
1.8280,0.2102,38.62,94,92,371765
1.7986,0.2053,38.71,94,92,371769
1.8377,0.2297,38.40,94,92,371772
1.7791,0.2004,38.58,94,92,371775
1.7498,0.2004,38.81,94,92,371779
1.7400,0.2053,38.62,94,92,371782
1.7351,0.2004,38.65,94,92,371785
1.7595,0.2199,38.43,94,92,371788
1.7302,0.2053,38.55,94,92,371792
1.7253,0.2004,38.62,94,92,371795
1.7302,0.2053,38.65,94,92,371799
1.7204,0.2199,38.65,94,92,371803
1.7595,0.2199,38.49,94,92,371806
1.7449,0.2102,38.65,94,92,371809
1.7400,0.2053,38.55,94,92,371813
1.7204,0.2053,38.65,94,92,371816
1.7155,0.2004,38.77,94,92,371819
1.7546,0.2102,38.46,94,92,371822
1.7449,0.2053,38.68,94,92,371826
1.7595,0.2053,38.62,94,92,371829
1.7498,0.2102,38.65,94,92,371832
1.7693,0.2102,38.68,94,92,371836
1.8133,0.2102,38.74,94,92,371840
1.8280,0.2102,38.65,94,92,371843
1.9257,0.2053,38.52,94,92,371847
1.9844,0.2004,38.65,94,92,371850
2.1261,0.2004,38.58,94,92,371853
2.3314,0.2053,38.55,94,92,371857
2.5464,0.1906,38.65,94,92,371860
2.8397,0.2053,38.52,94,92,371863
3.0841,0.2102,38.65,94,92,371866
3.2747,0.2004,38.68,94,92,371870
3.3773,0.2102,38.62,94,92,371873
3.2454,0.2004,38.68,94,92,371876
3.0254,0.2102,38.43,94,92,371880
2.6246,0.2102,38.84,94,92,371884
2.2581,0.2248,38.68,94,92,371887
1.9746,0.2102,38.62,94,92,371891
1.7253,0.2248,38.71,94,92,371894
1.5934,0.2248,38.43,94,92,371897
1.4272,0.2053,38.55,94,92,371901
1.3734,0.1955,38.62,94,92,371904
1.3050,0.2053,38.68,94,92,371907
1.2854,0.2004,38.68,94,92,371910
1.3245,0.2688,38.52,94,92,371914
1.3099,0.2102,38.62,94,92,371917
1.3441,0.2004,38.58,94,92,371920
1.3636,0.2053,38.77,94,92,371924
1.3881,0.1906,38.68,94,92,371928
1.4223,0.2102,38.68,94,92,371931
1.4174,0.2004,38.68,94,92,371935
1.4565,0.2004,38.52,94,92,371938
1.4418,0.2053,38.65,94,92,371941
1.4614,0.2004,38.68,94,92,371944
1.5054,0.2151,38.55,94,92,371948
1.4907,0.2102,38.65,94,92,371951
1.5396,0.2053,38.52,94,92,371954
1.5200,0.2004,38.62,94,92,371958
1.5347,0.2053,38.74,94,92,371961
1.5543,0.2151,38.55,94,92,371964
1.5494,0.2053,38.77,94,92,371969
1.5787,0.2053,38.49,94,92,371972
1.5738,0.2004,38.58,94,92,371975
1.5787,0.1906,38.71,94,92,371978
1.5982,0.2102,38.65,94,92,371982
1.5885,0.2151,38.65,94,92,371985
1.6373,0.2151,38.46,94,92,371988
1.6080,0.2346,38.68,94,92,371992
1.6227,0.2004,38.68,94,92,371995
1.6520,0.2053,38.68,94,92,371998
1.6618,0.2102,38.68,94,92,372002
1.7204,0.2199,38.43,94,92,372005
1.6813,0.2053,38.62,94,92,372008
1.6716,0.2199,38.68,94,92,372013
1.6764,0.2053,38.58,94,92,372016
1.6716,0.2004,38.71,94,92,372019
1.7155,0.2151,38.46,94,92,372022
1.7253,0.2053,38.58,94,92,372027
1.7253,0.2053,38.87,94,92,372030
1.7595,0.2102,38.55,94,92,372034
1.7302,0.2004,38.68,94,92,372037
1.7302,0.2004,38.84,94,92,372040
1.7351,0.2151,38.68,94,92,372044
1.7155,0.2053,38.68,94,92,372047
1.7400,0.2053,38.49,94,92,372050
1.7107,0.2053,38.68,94,92,372055
1.7155,0.2053,38.68,94,92,372058
1.7204,0.2102,38.55,94,92,372061
1.7204,0.2053,38.68,94,92,372065
1.7449,0.2151,38.43,94,92,372068
1.7351,0.2102,38.58,94,92,372071
1.7253,0.2053,38.68,94,92,372074
1.7351,0.2102,37.99,94,92,372078
1.7253,0.2053,38.74,94,92,372081
1.7693,0.2102,38.43,94,92,372084
1.7351,0.2053,38.58,94,92,372088
1.7204,0.2053,38.62,94,92,372091
1.7302,0.1906,38.71,94,92,372094
1.7351,0.2004,38.68,94,92,372099
1.7937,0.2199,38.52,94,92,372102
1.7742,0.2004,38.62,94,92,372105
1.7791,0.2004,38.55,94,92,372108
1.7693,0.2053,38.71,94,92,372112
1.8084,0.2053,38.68,94,92,372115
1.8133,0.2102,38.58,94,92,372118
1.7986,0.2053,38.65,94,92,372122
1.8231,0.2151,38.52,94,92,372125
1.8084,0.2053,38.71,94,92,372128
1.8182,0.2102,38.68,94,92,372132
1.8524,0.2151,38.55,94,92,372135
1.8280,0.2004,38.65,94,92,372139
1.8622,0.1906,38.52,94,92,372143
1.8328,0.2004,37.87,94,92,372146
1.8426,0.2102,38.65,94,92,372149
1.8622,0.2102,38.52,94,92,372152
1.8524,0.2053,38.71,94,92,372156
1.8915,0.2151,38.46,94,92,372159
1.8622,0.2053,38.62,94,92,372162
1.8475,0.1955,38.68,94,92,372166
1.8475,0.2102,38.65,94,92,372169
1.8133,0.2053,38.77,94,92,372172
1.8524,0.2395,38.40,94,92,372176
1.8133,0.2004,38.58,94,92,372179
1.8133,0.2102,38.68,94,92,372183
1.8182,0.2102,38.68,94,92,372187
1.8035,0.2395,38.68,94,92,372190
1.8573,0.2248,38.46,94,92,372193
1.8182,0.2102,38.58,94,92,372196
1.8035,0.2004,38.62,94,92,372200
1.7986,0.2004,38.68,94,92,372203
1.7889,0.2004,38.68,94,92,372206
1.8182,0.2493,38.55,94,92,372210
1.7889,0.2102,38.62,94,92,372213
1.7889,0.2102,38.58,94,92,372216
1.7693,0.2004,38.68,94,92,372220
1.7742,0.2053,38.71,94,92,372224
1.7937,0.2395,38.62,94,92,372227
1.7693,0.2053,38.65,94,92,372231
1.7840,0.2102,38.55,94,92,372234
1.7546,0.2053,38.65,94,92,372237
1.7742,0.2102,38.68,94,92,372240
1.7693,0.2053,38.58,94,92,372244
1.7644,0.2053,38.74,94,92,372247
1.7889,0.2151,38.52,94,92,372250
1.7644,0.2053,37.90,94,92,372254
1.7742,0.2004,38.65,94,92,372257
1.8035,0.2199,38.52,94,92,372260
1.7889,0.2053,38.68,94,92,372264
1.8280,0.2199,38.43,94,92,372268
1.8084,0.2102,38.58,94,92,372271
1.7986,0.1906,38.68,94,92,372274
1.8231,0.2102,38.62,94,92,372278
1.8084,0.2004,38.68,94,92,372281
1.8964,0.2102,38.40,94,92,372284
1.8280,0.2053,38.71,94,92,372288
1.8280,0.2053,38.65,94,92,372291
1.8328,0.2151,38.65,94,92,372294
1.8133,0.2053,38.68,94,92,372298
1.8768,0.2248,38.46,94,92,372301
1.8426,0.2102,38.62,94,92,372304
1.8377,0.2004,38.62,94,92,372308
1.8426,0.2151,38.68,94,92,372312
1.8426,0.2053,38.65,94,92,372315
1.8768,0.2151,38.55,94,92,372318
1.8622,0.2102,38.65,94,92,372322
1.8671,0.2053,38.52,94,92,372325
1.8524,0.2053,38.74,94,92,372328
1.8524,0.2053,38.74,94,92,372332
1.9062,0.2102,38.52,94,92,372335
1.8719,0.2053,38.77,94,92,372338
1.9062,0.2199,38.55,94,92,372342
1.8866,0.2004,38.68,94,92,372345
1.9013,0.2053,38.65,94,92,372348
1.9208,0.2004,38.55,94,92,372353
1.9208,0.2053,38.65,94,92,372356
1.9648,0.2004,38.49,94,92,372359
1.9453,0.2004,38.65,94,92,372362
1.9453,0.2053,38.68,94,92,372366
1.9599,0.2102,38.58,94,92,372369
1.9355,0.2053,38.65,94,92,372372
1.9599,0.2053,38.43,94,92,372376
1.9013,0.2004,39.00,94,92,372379
1.8817,0.2004,38.68,94,92,372382
1.8719,0.2053,38.68,94,92,372386
1.8328,0.2053,38.68,94,92,372389
1.8768,0.2248,38.36,94,92,372392
1.8622,0.2004,38.55,94,92,372396
1.8133,0.2004,38.68,94,92,372400
1.8084,0.2102,38.62,94,92,372403
1.7937,0.2199,38.68,94,92,372406
1.8377,0.2199,38.49,94,92,372410
1.7889,0.2151,38.58,94,92,372413
1.7742,0.1906,38.58,94,92,372416
1.7595,0.2053,38.65,94,92,372420
1.7546,0.2346,38.71,94,92,372423
1.7791,0.2151,38.55,94,92,372426
1.7546,0.2102,38.62,94,92,372430
1.7693,0.2004,38.55,94,92,372433
1.7498,0.2053,38.68,94,92,372436
1.7546,0.2004,38.68,94,92,372440
1.7693,0.2102,38.58,94,92,372444
1.7546,0.2053,38.77,94,92,372447
1.7791,0.2102,38.52,94,92,372450
1.7498,0.2053,38.68,94,92,372454
1.7498,0.2053,38.77,94,92,372457
1.8035,0.2053,38.55,94,92,372460
1.7742,0.2053,38.52,94,92,372464
1.8182,0.2542,38.49,94,92,372467
1.8377,0.1906,38.58,94,92,372470
1.8768,0.2004,38.68,94,92,372474
1.9648,0.2151,38.58,94,92,372477
2.0430,0.2004,38.68,94,92,372481
2.2287,0.2102,38.43,94,92,372484
2.3656,0.2053,38.62,94,92,372488
2.5758,0.2053,38.68,94,92,372491
2.8299,0.2102,38.62,94,92,372494
3.0450,0.2053,38.74,94,92,372498
3.2942,0.2151,38.33,94,92,372501
3.2747,0.2053,38.58,94,92,372504
3.1183,0.2004,38.71,94,92,372508
2.8543,0.2053,38.65,94,92,372511
2.5367,0.2004,38.71,94,92,372514
2.3021,0.2199,38.55,94,92,372517
2.0039,0.2102,38.62,94,92,372521
1.7986,0.2053,38.58,94,92,372525
1.6422,0.2053,38.71,94,92,372528
1.5200,0.2053,38.71,94,92,372532
1.4761,0.2151,38.49,94,92,372535
1.4027,0.2102,38.65,94,92,372538
1.3832,0.2444,38.55,94,92,372542
1.3441,0.1906,38.68,94,92,372545
1.3539,0.2004,38.68,94,92,372548
1.3734,0.2151,38.62,94,92,372551
1.3832,0.2053,38.74,94,92,372555
1.4223,0.2102,38.55,94,92,372558
1.4467,0.1906,38.68,94,92,372561
1.4370,0.2053,38.65,94,92,372566
1.4712,0.2004,38.55,94,92,372569
1.4614,0.2053,38.74,94,92,372572
1.5054,0.2102,38.55,94,92,372576
1.4956,0.2053,38.68,94,92,372579
1.5152,0.2004,38.58,94,92,372582
1.5396,0.2151,38.62,94,92,372586
1.5347,0.2053,38.65,94,92,372589
1.5836,0.2151,38.40,94,92,372592
1.5787,0.2102,38.58,94,92,372595
1.5738,0.2004,38.58,94,92,372599
1.6325,0.2102,38.62,94,92,372602
1.6031,0.2053,38.68,94,92,372605
1.6520,0.2199,38.46,94,92,372610
1.6276,0.2053,38.55,94,92,372613
1.6178,0.2004,38.65,94,92,372616
1.6373,0.2053,38.68,94,92,372620
1.6373,0.2053,38.68,94,92,372623
1.6862,0.2199,38.49,94,92,372626
1.6569,0.2102,38.65,94,92,372630
1.6667,0.2053,38.55,94,92,372633
1.6618,0.2053,38.71,94,92,372636
1.6862,0.2053,38.55,94,92,372641
1.6960,0.2346,38.58,94,92,372644
1.7204,0.2102,38.58,94,92,372647
1.7009,0.2053,38.81,94,92,372652
1.7302,0.2053,38.40,94,92,372655
1.7155,0.2053,38.58,94,92,372658
1.7155,0.2053,38.68,94,92,372662
1.7351,0.2151,38.58,94,92,372665
1.7204,0.2053,38.68,94,92,372668
1.7546,0.2102,38.49,94,92,372672
1.7253,0.2053,38.62,94,92,372675
1.7253,0.2053,38.68,94,92,372678
1.7351,0.2102,38.55,94,92,372682
1.7302,0.2102,38.65,94,92,372685
1.7986,0.2199,38.36,94,92,372688
1.7546,0.2004,38.62,94,92,372691
1.7546,0.1955,38.68,94,92,372696
1.7595,0.2053,38.68,94,92,372699
1.7595,0.2102,38.65,94,92,372702
1.8084,0.2199,38.52,94,92,372706
1.7791,0.2053,38.62,94,92,372709
1.7889,0.2053,38.55,94,92,372712
1.7742,0.2053,38.02,94,92,372716
1.7742,0.2053,38.77,94,92,372719
1.8084,0.2053,38.55,94,92,372722
1.7889,0.2102,38.65,94,92,372726
1.8133,0.2053,38.46,94,92,372729
1.7937,0.2053,38.65,94,92,372732
1.8035,0.1906,38.68,94,92,372736
1.8280,0.2151,38.49,94,92,372740
1.8133,0.2102,38.68,94,92,372743
1.8524,0.2102,38.55,94,92,372746
1.8280,0.2004,38.65,94,92,372750
1.8377,0.2004,38.68,94,92,372753
1.8524,0.1906,38.58,94,92,372756
1.8475,0.2053,38.62,94,92,372760
1.8817,0.2297,38.49,94,92,372763
1.8622,0.2053,38.71,94,92,372766
1.8671,0.2004,38.71,94,92,372769
1.8817,0.2151,38.58,94,92,372773
1.8671,0.2053,38.65,94,92,372776
1.9062,0.2151,38.40,94,92,372780
1.8768,0.2102,38.55,94,92,372784
1.8524,0.2004,38.74,94,92,372787
1.8524,0.2102,38.65,94,92,372790
1.8475,0.2053,38.65,94,92,372794
1.8964,0.2248,38.40,94,92,372797
1.8573,0.2151,38.55,94,92,372800
1.8475,0.2053,38.68,94,92,372804
1.8524,0.2053,38.65,94,92,372807
1.8573,0.2053,38.68,94,92,372810
1.8915,0.2199,38.40,94,92,372813
1.8524,0.2199,38.62,94,92,372817
1.8475,0.1906,38.58,94,92,372820
1.8328,0.2053,38.68,94,92,372824
1.8280,0.2053,38.68,94,92,372828
1.8426,0.2102,38.58,94,92,372831
1.8280,0.2053,38.58,94,92,372834
1.8426,0.2102,38.52,94,92,372838
1.8133,0.2102,38.68,94,92,372841
1.8084,0.2053,38.65,94,92,372844
1.8328,0.2053,38.55,94,92,372847
1.7986,0.2053,38.68,94,92,372851
1.8231,0.2053,38.90,94,92,372854
1.7889,0.2151,38.58,94,92,372857
1.8084,0.1906,38.65,94,92,372861
1.8035,0.2102,38.58,94,92,372865
1.7889,0.2102,38.71,94,92,372868
1.8182,0.2004,38.49,94,92,372872
1.7937,0.2053,38.52,94,92,372875
1.7889,0.2102,38.68,94,92,372878
1.8084,0.2102,38.62,94,92,372881
1.7889,0.2053,38.68,94,92,372885
1.8328,0.2248,38.40,94,92,372888
1.7937,0.2053,38.62,94,92,372891
1.7986,0.2004,38.68,94,92,372895
1.8133,0.2102,38.65,94,92,372898
1.7986,0.2053,38.68,94,92,372901
1.8475,0.2199,38.40,94,92,372905
1.8231,0.2151,38.55,94,92,372909
1.8084,0.2004,38.62,94,92,372912
1.8133,0.2102,38.65,94,92,372916
1.8133,0.2053,38.68,94,92,372919
1.8622,0.2102,38.49,94,92,372922
1.8377,0.2151,38.62,94,92,372925
1.8475,0.1906,38.58,94,92,372929
1.8328,0.2053,38.68,94,92,372932
1.8328,0.2053,38.65,94,92,372935
1.8622,0.2151,38.55,94,92,372939
1.8475,0.2053,38.77,94,92,372942
1.8719,0.2053,38.52,94,92,372945
1.8524,0.2004,38.68,94,92,372950
1.8622,0.2053,38.71,94,92,372953
1.8768,0.2004,38.68,94,92,372956
1.8719,0.2053,38.65,94,92,372960
1.9013,0.2053,38.62,94,92,372963
1.9013,0.2053,38.71,94,92,372966
1.8915,0.2004,38.68,94,92,372969
1.9257,0.2102,38.77,94,92,372973
1.9062,0.2053,38.71,94,92,372976
1.9550,0.2102,38.43,94,92,372979
1.9453,0.2053,38.62,94,92,372983
1.9550,0.2053,38.65,94,92,372986
1.9892,0.2102,38.74,94,92,372989
1.9697,0.2053,38.68,94,92,372994
2.0186,0.2151,38.49,94,92,372997
1.9550,0.2053,38.52,94,92,373000
1.9355,0.2053,38.71,94,92,373003
1.9501,0.2151,38.74,94,92,373007
1.8866,0.2053,38.68,94,92,373010
1.9062,0.2248,38.40,94,92,373013
1.8377,0.2004,38.58,94,92,373017
1.8133,0.2004,38.65,94,92,373020
1.8035,0.2102,38.62,94,92,373023
1.7937,0.2004,38.68,94,92,373027
1.8377,0.2199,38.55,94,92,373030
1.8084,0.2102,38.62,94,92,373033
1.8084,0.2004,38.55,94,92,373037
1.8084,0.2053,38.77,94,92,373041
1.8377,0.2053,38.68,94,92,373044
1.9208,0.2151,38.49,94,92,373047
1.9355,0.2102,38.65,94,92,373051
2.0137,0.2102,38.52,94,92,373054
2.0577,0.2053,38.68,94,92,373057
2.1017,0.2053,38.71,94,92,373061
2.1750,0.2102,38.58,94,92,373064
2.2434,0.2053,38.68,94,92,373067
2.2923,0.2053,38.55,94,92,373071
2.3069,0.2004,38.84,94,92,373074
2.3607,0.2053,38.68,94,92,373078
2.4438,0.2151,38.58,94,92,373081
2.4976,0.2053,38.68,94,92,373085
2.6344,0.2053,38.52,94,92,373088
2.7615,0.2004,38.65,94,92,373091
2.8592,0.2053,38.68,94,92,373095
2.9081,0.2151,38.71,94,92,373098
2.7859,0.2053,38.71,94,92,373101
2.6491,0.2151,38.49,94,92,373105
2.2776,0.2151,38.55,94,92,373108
1.8377,0.2004,38.68,94,92,373111
1.4223,0.2102,38.62,94,92,373114
1.0655,0.2004,38.68,94,92,373118
0.8407,0.2199,38.43,94,92,373122
0.6305,0.2102,38.52,94,92,373125
0.5376,0.2004,38.62,94,92,373129
0.5474,0.2102,38.65,94,92,373132
0.6794,0.2102,38.68,94,92,373135
0.8504,0.1906,38.52,94,92,373139
1.0313,0.2102,38.58,94,92,373142
1.2317,0.1955,38.62,94,92,373145
1.3978,0.2053,38.68,94,92,373148
1.5200,0.2053,38.71,94,92,373152
1.6325,0.2493,38.62,94,92,373155
1.6667,0.1906,38.62,94,92,373158
1.7155,0.2053,38.55,94,92,373163
1.7253,0.2053,38.65,94,92,373166
1.7302,0.2053,38.90,94,92,373169
1.7644,0.2248,38.52,94,92,373173
1.7449,0.2053,38.68,94,92,373176
1.7693,0.2102,38.52,94,92,373179
1.7595,0.1955,38.58,94,92,373183
1.7449,0.2053,38.74,94,92,373186
1.7595,0.2151,38.55,94,92,373189
1.7351,0.2053,38.68,94,92,373192
1.7693,0.2102,38.65,94,92,373196
1.7546,0.2004,38.58,94,92,373199
1.7400,0.2053,38.62,94,92,373202
1.7546,0.2102,38.65,94,92,373207
1.7351,0.2053,38.74,94,92,373210
1.7986,0.2151,38.43,94,92,373213
1.7253,0.2346,38.58,94,92,373217
1.7302,0.2102,38.68,94,92,373220
1.7302,0.2102,38.65,94,92,373223
1.7204,0.2297,38.65,94,92,373227
1.7693,0.2102,38.40,94,92,373230
1.7302,0.2102,38.58,94,92,373233
1.7107,0.2004,38.58,94,92,373236
1.7058,0.1906,38.65,94,92,373240
1.6960,0.2053,38.68,94,92,373243
1.7351,0.2151,38.49,94,92,373246
1.7058,0.2199,38.58,94,92,373252
1.6960,0.2053,38.65,94,92,373255
1.7253,0.2102,38.55,94,92,373259
1.7058,0.1955,38.65,94,92,373262
1.7107,0.1906,38.68,94,92,373265
1.7498,0.2102,38.58,94,92,373269
1.7546,0.2053,38.68,94,92,373272
1.7986,0.2053,38.49,94,92,373275
1.7791,0.2151,38.68,94,92,373278
1.8133,0.2102,38.68,94,92,373282
1.8133,0.2102,38.62,94,92,373285
1.8231,0.2053,38.68,94,92,373288
1.8915,0.2151,38.43,94,92,373293
1.8817,0.2102,38.55,94,92,373296
1.8817,0.2102,38.65,94,92,373299
1.9208,0.2102,38.71,94,92,373303
1.9306,0.2004,38.65,94,92,373306
2.0137,0.2199,38.40,94,92,373309
1.9990,0.2053,38.55,94,92,373313
2.0137,0.2004,38.68,94,92,373316
2.0430,0.2053,38.65,94,92,373319
2.0577,0.2151,38.68,94,92,373322
2.1261,0.2199,38.55,94,92,373326
2.1017,0.2102,38.62,94,92,373329
2.1310,0.2004,38.58,94,92,373332
2.1017,0.1906,38.68,94,92,373337
2.0919,0.2053,38.68,94,92,373340
2.1163,0.2199,38.58,94,92,373343
2.0821,0.1906,38.68,94,92,373347
2.1065,0.2102,38.55,94,92,373350
2.0821,0.2102,38.68,94,92,373353
2.1114,0.2053,38.71,94,92,373356
2.1065,0.2199,38.52,94,92,373360
2.0528,0.2102,38.65,94,92,373363
2.0479,0.2199,38.55,94,92,373366
1.9941,0.1906,38.58,94,92,373370
1.9697,0.2053,38.58,94,92,373373
1.9697,0.2151,38.55,94,92,373377
1.9355,0.2053,38.74,94,92,373381
1.9501,0.2248,38.46,94,92,373384
1.9062,0.2053,38.62,94,92,373387
1.8817,0.2053,38.68,94,92,373391
1.8719,0.2199,38.62,94,92,373394
1.8328,0.2053,38.71,94,92,373397
1.8524,0.2102,38.46,94,92,373400
1.7937,0.2004,38.62,94,92,373404
1.7791,0.2004,38.68,94,92,373407
1.7693,0.2102,38.58,94,92,373410
1.7400,0.2053,38.68,94,92,373414
1.7840,0.2199,38.33,94,92,373417
1.7546,0.2102,38.62,94,92,373421
1.7400,0.1955,38.65,94,92,373425
1.7449,0.2102,38.77,94,92,373428
1.7302,0.2395,38.65,94,92,373431
1.7742,0.2102,38.46,94,92,373434
1.7302,0.2102,38.62,94,92,373438
1.7204,0.2151,38.58,94,92,373441
1.7058,0.2053,38.65,94,92,373444
1.7107,0.2053,38.74,94,92,373448
1.7498,0.2151,38.55,94,92,373451
1.7498,0.2053,38.68,94,92,373454
1.7889,0.2102,38.52,94,92,373458
1.7986,0.2151,38.68,94,92,373462
1.7889,0.2053,38.71,94,92,373465
1.7986,0.2053,38.58,94,92,373469
1.7791,0.2053,38.68,94,92,373472
1.8084,0.2102,38.52,94,92,373475
1.7791,0.2004,38.68,94,92,373478
1.7889,0.2053,38.68,94,92,373482
1.8182,0.2151,38.65,94,92,373485
1.8035,0.1906,38.68,94,92,373488
1.8377,0.2102,38.58,94,92,373492
1.8231,0.2297,38.55,94,92,373495
1.8084,0.2053,38.71,94,92,373498
1.8377,0.2199,38.55,94,92,373502
1.8231,0.2053,38.65,94,92,373506
1.8915,0.2151,38.43,94,92,373509
1.8622,0.2053,38.65,94,92,373513
1.8622,0.2053,38.68,94,92,373516
1.8573,0.2102,38.65,94,92,373519
1.8328,0.2102,38.68,94,92,373522
1.8915,0.2248,38.46,94,92,373526
1.8524,0.2199,38.58,94,92,373529
1.8524,0.2004,38.62,94,92,373532
1.8573,0.2102,38.65,94,92,373536
1.8475,0.1906,38.68,94,92,373539
1.8768,0.2199,38.49,94,92,373542
1.8328,0.2053,38.68,94,92,373547
1.8328,0.2053,38.55,94,92,373550
1.8084,0.2053,38.65,94,92,373553
1.8426,0.2053,38.68,94,92,373557
1.8475,0.2151,38.55,94,92,373560
1.8231,0.2151,38.68,94,92,373563
1.8426,0.2102,38.58,94,92,373567
1.8084,0.2004,38.65,94,92,373570
1.7986,0.2102,38.68,94,92,373573
1.8084,0.2053,38.58,94,92,373576
1.7986,0.2053,38.65,94,92,373580
1.8328,0.2004,38.49,94,92,373583
1.8133,0.2053,38.62,94,92,373586
1.8231,0.2053,38.74,94,92,373591
1.8377,0.2151,38.58,94,92,373594
1.8328,0.2053,38.68,94,92,373597
1.8719,0.2346,38.49,94,92,373601
1.8475,0.2004,38.62,94,92,373604
1.8622,0.2053,38.65,94,92,373607
1.8817,0.2053,38.58,94,92,373610
1.8866,0.2053,38.68,94,92,373614
1.9501,0.2151,38.43,94,92,373617
1.9599,0.2151,38.58,94,92,373620
1.9208,0.2004,38.65,94,92,373624
1.9306,0.2444,38.65,94,92,373627
1.9550,0.2004,38.68,94,92,373630
1.9746,0.2199,38.46,94,92,373635
1.9208,0.2151,38.62,94,92,373638
1.8964,0.2004,38.58,94,92,373641
1.8573,0.2053,38.68,94,92,373644
1.8280,0.2053,38.65,94,92,373648
1.8426,0.2151,38.52,94,92,373651
1.7986,0.2102,38.65,94,92,373654
1.8035,0.2053,38.52,94,92,373658
1.7840,0.2102,38.65,94,92,373661
1.7791,0.2053,38.71,94,92,373664
1.7937,0.2102,38.62,94,92,373668
1.7644,0.2053,38.65,94,92,373671
1.7791,0.2102,38.55,94,92,373675
1.7449,0.2004,38.68,94,92,373679
1.7791,0.2053,38.68,94,92,373682
1.7889,0.2151,38.65,94,92,373685
1.7595,0.2004,38.71,94,92,373688
1.7644,0.2053,38.49,94,92,373692
1.7498,0.2053,38.58,94,92,373695
1.7498,0.2053,38.65,94,92,373698
1.7791,0.2151,38.81,94,92,373702
1.7742,0.2004,38.65,94,92,373705
1.8084,0.2102,38.46,94,92,373708
1.7742,0.2053,38.68,94,92,373712
1.7644,0.2004,38.68,94,92,373715
1.7791,0.2151,38.68,94,92,373719
1.7644,0.2053,38.68,94,92,373723
1.8231,0.2444,38.40,94,92,373726
1.8084,0.2053,38.58,94,92,373729
1.8475,0.2004,38.58,94,92,373732
1.9159,0.2102,38.68,94,92,373736
2.0088,0.2053,38.18,94,92,373739
2.2043,0.2199,38.68,94,92,373742
2.3412,0.2444,38.62,94,92,373746
2.5758,0.2053,38.58,94,92,373749
2.8250,0.2053,38.65,94,92,373752
3.0792,0.2053,38.65,94,92,373756
3.3382,0.1906,38.49,94,92,373760
3.3431,0.2102,38.74,94,92,373763
3.2307,0.2102,38.49,94,92,373766
2.9130,0.2053,38.65,94,92,373770
2.5806,0.2102,38.68,94,92,373773
2.2972,0.2151,38.58,94,92,373776
2.0088,0.2151,38.65,94,92,373780
1.8231,0.2199,38.55,94,92,373783
1.6373,0.2053,38.68,94,92,373786
1.5200,0.2297,38.71,94,92,373790
1.4467,0.2004,38.65,94,92,373793
1.3881,0.2053,38.68,94,92,373796
1.3636,0.2053,38.65,94,92,373799
1.3294,0.2053,38.68,94,92,373804
1.3441,0.2053,38.74,94,92,373807
1.3783,0.2199,38.62,94,92,373810
1.3978,0.2053,38.68,94,92,373814
1.4516,0.2395,38.40,94,92,373817
1.4467,0.2151,38.58,94,92,373820
1.4467,0.2053,38.84,94,92,373824
1.4663,0.2102,38.65,94,92,373827
1.4761,0.2053,38.68,94,92,373830
1.5396,0.2151,38.40,94,92,373834
1.5347,0.2053,38.55,94,92,373837
1.5396,0.2004,38.68,94,92,373840
1.5591,0.2102,38.65,94,92,373843
1.5738,0.1955,38.65,94,92,373848
1.6178,0.2199,38.52,94,92,373851
1.5934,0.2151,38.62,94,92,373854
1.5934,0.2053,38.58,94,92,373858
1.5982,0.2053,38.68,94,92,373861
1.6520,0.2053,38.68,94,92,373866
1.6667,0.2004,38.68,94,92,373869
1.7058,0.2102,38.58,94,92,373872
1.6862,0.2199,38.74,94,92,373876
1.7302,0.2004,38.49,94,92,373879
1.6716,0.2053,38.65,94,92,373882
1.6667,0.2053,38.68,94,92,373886
1.6960,0.2151,38.55,94,92,373890
1.6911,0.2053,38.68,94,92,373893
1.7449,0.2199,38.43,94,92,373896
1.7253,0.2053,38.62,94,92,373900
1.7351,0.2053,38.74,94,92,373903
1.7546,0.2151,38.62,94,92,373906
1.7449,0.2053,38.71,94,92,373910
1.8035,0.2151,38.36,94,92,373913
1.7742,0.2053,38.58,94,92,373916
1.7693,0.2004,38.71,94,92,373920
1.7546,0.2053,38.68,94,92,373923
1.7595,0.2053,38.71,94,92,373926
1.8231,0.2199,38.46,94,92,373931
1.8182,0.2102,38.65,94,92,373934
1.7986,0.2053,38.62,94,92,373937
1.7889,0.2053,38.68,94,92,373940
1.7840,0.2053,38.68,94,92,373944
1.8084,0.2151,38.62,94,92,373947
1.7742,0.2004,38.65,94,92,373950
1.7986,0.2102,38.55,94,92,373954
1.7840,0.2053,38.65,94,92,373957
1.7986,0.2151,38.68,94,92,373960
1.8377,0.2102,38.58,94,92,373964
1.8231,0.2102,38.68,94,92,373967
1.8475,0.2102,38.58,94,92,373970
1.7986,0.2004,38.68,94,92,373975
1.7889,0.2053,38.68,94,92,373978
1.7937,0.2102,38.55,94,92,373981
1.7840,0.2053,38.68,94,92,373984
1.8280,0.2102,38.55,94,92,373988
1.8182,0.2004,38.68,94,92,373991
1.8328,0.1906,38.68,94,92,373994
1.8475,0.2102,38.65,94,92,373998
1.8377,0.1906,38.68,94,92,374001
1.8817,0.2151,38.40,94,92,374004
1.8622,0.2151,38.58,94,92,374008
1.8622,0.2053,38.71,94,92,374011
1.8817,0.2199,38.65,94,92,374014
1.9013,0.2053,38.68,94,92,374019
1.9844,0.2248,38.43,94,92,374022
1.9599,0.2053,38.55,94,92,374025
1.9501,0.1906,38.62,94,92,374028
1.9501,0.2102,38.87,94,92,374032
1.9453,0.2248,38.68,94,92,374035
1.9844,0.2199,38.49,94,92,374038
1.9355,0.2102,38.62,94,92,374042
1.9453,0.2053,38.55,94,92,374045
1.9355,0.2053,38.65,94,92,374048
1.9599,0.2004,38.68,94,92,374052
1.9501,0.2151,38.62,94,92,374055
1.9208,0.2102,38.65,94,92,374059
1.9501,0.2199,38.52,94,92,374063
1.9404,0.2053,38.71,94,92,374066
1.9501,0.2053,38.74,94,92,374069
1.9697,0.2151,38.55,94,92,374072
1.9110,0.2053,38.90,94,92,374076
1.9257,0.2053,38.52,94,92,374079
1.9453,0.2004,38.58,94,92,374082
1.9257,0.2053,38.68,94,92,374086
1.9404,0.2102,38.49,94,92,374089
1.9062,0.2102,38.65,94,92,374092
1.9550,0.2004,38.46,94,92,374096
1.8866,0.2053,38.62,94,92,374099
1.8719,0.2004,38.62,94,92,374103
1.8915,0.2346,38.62,94,92,374106
1.8671,0.2053,38.71,94,92,374110
1.9110,0.2151,38.55,94,92,374113
1.8719,0.2053,38.62,94,92,374116
1.8817,0.2053,38.81,94,92,374120
1.8964,0.2053,38.65,94,92,374123
1.8817,0.2053,38.68,94,92,374126
1.9257,0.2297,38.43,94,92,374130
1.9159,0.2102,38.58,94,92,374133
1.8817,0.2004,38.58,94,92,374136
1.8915,0.2053,38.65,94,92,374140
1.8866,0.2053,38.68,94,92,374144
1.9257,0.2151,38.46,94,92,374147
1.9013,0.2102,38.65,94,92,374150
1.9110,0.2053,38.58,94,92,374154
1.8915,0.2004,38.65,94,92,374157
1.9013,0.2053,38.68,94,92,374160
1.9159,0.2151,38.52,94,92,374164
1.8866,0.2151,38.71,94,92,374167
1.9159,0.2102,38.58,94,92,374170
1.8964,0.2004,38.65,94,92,374174
1.9013,0.2053,38.68,94,92,374177
1.9159,0.2102,38.58,94,92,374180
1.9208,0.2053,38.68,94,92,374183
1.9501,0.2053,38.52,94,92,374188
1.9257,0.2053,38.68,94,92,374191
1.9257,0.2053,38.24,94,92,374194
1.9746,0.2199,38.55,94,92,374198
1.9648,0.2053,38.68,94,92,374201
1.9990,0.2248,38.40,94,92,374204
1.9648,0.2151,38.55,94,92,374208
1.9550,0.2053,38.71,94,92,374211
1.9648,0.2151,38.62,94,92,374214
1.9355,0.2053,38.68,94,92,374218
1.9697,0.2199,38.43,94,92,374221
1.9257,0.2053,38.55,94,92,374224
1.9306,0.2004,38.68,94,92,374227
1.9501,0.2102,38.68,94,92,374232
1.9599,0.2053,38.68,94,92,374235
2.0381,0.2297,38.49,94,92,374238
2.0039,0.2053,38.68,94,92,374242
2.0235,0.1955,38.58,94,92,374245
2.0186,0.2102,38.65,94,92,374248
2.0332,0.2053,38.68,94,92,374252
2.0723,0.2199,38.58,94,92,374255
2.0430,0.2102,38.62,94,92,374258
2.0186,0.2053,38.62,94,92,374261
1.9648,0.2053,38.68,94,92,374265
1.9404,0.2053,38.65,94,92,374268
1.9599,0.2151,38.40,94,92,374272
1.9159,0.2102,38.68,94,92,374276
1.9404,0.2102,38.62,94,92,374279
1.9013,0.2053,38.65,94,92,374282
1.8671,0.2053,38.68,94,92,374286
1.8573,0.2102,38.65,94,92,374289
1.8182,0.2444,38.65,94,92,374292
1.8280,0.1906,38.49,94,92,374296
1.8133,0.2102,38.65,94,92,374299
1.8280,0.2053,38.68,94,92,374302
1.8524,0.2102,38.58,94,92,374305
1.8328,0.2053,38.68,94,92,374309
1.8671,0.2102,38.40,94,92,374312
1.8182,0.2004,38.65,94,92,374316
1.8231,0.2053,38.58,94,92,374320
1.8524,0.2151,38.62,94,92,374323
1.8524,0.2053,38.71,94,92,374326
1.8866,0.2199,38.43,94,92,374330
1.8280,0.2102,38.58,94,92,374333
1.7937,0.2004,38.68,94,92,374336
1.7937,0.2151,38.71,94,92,374340
1.7986,0.2053,38.68,94,92,374343
1.8768,0.2248,38.46,94,92,374346
1.8671,0.2102,38.62,94,92,374349
1.8768,0.2053,38.58,94,92,374353
1.8964,0.2053,38.65,94,92,374356
1.9501,0.2053,38.68,94,92,374360
2.0968,0.2102,38.52,94,92,374364
2.2239,0.2053,38.65,94,92,374367
2.4536,0.2102,38.58,94,92,374370
2.6833,0.2004,38.68,94,92,374374
2.9423,0.2053,38.58,94,92,374377
3.2111,0.2053,38.62,94,92,374380
3.3724,0.2053,38.68,94,92,374383
3.4311,0.2151,38.55,94,92,374387
3.2258,0.2102,38.65,94,92,374390
2.9179,0.2053,38.71,94,92,374393
2.6002,0.2151,38.55,94,92,374397
2.2434,0.2053,38.68,94,92,374401
1.9892,0.2053,38.52,94,92,374404
1.7449,0.2053,38.62,94,92,374408
1.6178,0.2053,38.65,94,92,374411
1.4809,0.2151,38.49,94,92,374414
1.4027,0.2346,38.74,94,92,374418
1.4223,0.2102,38.40,94,92,374421
1.3441,0.2102,38.55,94,92,374424
1.3441,0.2346,38.74,94,92,374427
1.3587,0.2102,38.62,94,92,374431
1.3734,0.2053,38.68,94,92,374434
1.4370,0.2151,38.33,94,92,374437
1.4223,0.2053,38.65,94,92,374441
1.4614,0.2004,38.68,94,92,374445
1.4956,0.2053,38.68,94,92,374448
1.5054,0.2053,38.68,94,92,374452
1.5591,0.2248,38.49,94,92,374455
1.5347,0.2053,38.62,94,92,374458
1.5249,0.2053,38.58,94,92,374461
1.5347,0.2053,38.71,94,92,374465
1.5445,0.2102,38.71,94,92,374468
1.5934,0.2151,38.49,94,92,374471
1.6373,0.2053,38.52,94,92,374476
1.6178,0.2102,38.65,94,92,374479
1.6520,0.2053,38.49,94,92,374483
1.6276,0.2004,38.62,94,92,374487
1.6373,0.2102,38.65,94,92,374490
1.6716,0.2102,38.55,94,92,374494
1.6569,0.2053,38.74,94,92,374497
1.7009,0.2151,38.43,94,92,374500
1.6667,0.2004,38.65,94,92,374504
1.6667,0.2004,38.62,94,92,374507
1.6716,0.2346,38.62,94,92,374510
1.6716,0.2053,38.58,94,92,374513
1.7204,0.2395,38.36,94,92,374517
1.6960,0.1906,38.62,94,92,374520
1.6911,0.2004,38.68,94,92,374523
1.7107,0.2004,38.68,94,92,374528
1.6960,0.2004,38.65,94,92,374531
1.7449,0.2248,38.49,94,92,374534
1.7107,0.2053,38.62,94,92,374538
1.7009,0.1906,38.58,94,92,374541
1.7058,0.2053,38.65,94,92,374544
1.7058,0.2004,38.68,94,92,374547
1.7449,0.2151,38.52,94,92,374551
1.7204,0.2053,38.62,94,92,374554
1.7302,0.2053,38.52,94,92,374557
1.7253,0.2053,38.84,94,92,374561
1.7302,0.2004,38.68,94,92,374564
1.7400,0.2102,38.65,94,92,374567
1.7155,0.2053,38.71,94,92,374572
1.7302,0.2053,38.52,94,92,374575
1.7107,0.2053,38.93,94,92,374578
1.7253,0.2053,38.68,94,92,374582
1.7595,0.2151,38.58,94,92,374585
1.7449,0.2004,38.65,94,92,374588
1.7693,0.2053,38.49,94,92,374591
1.7449,0.2053,38.65,94,92,374595
1.7400,0.2053,38.65,94,92,374598
1.7595,0.2102,38.55,94,92,374601
1.7498,0.2053,38.65,94,92,374605
1.7937,0.2102,38.46,94,92,374608
1.7693,0.1906,38.65,94,92,374611
1.7644,0.2053,38.68,94,92,374616
1.7791,0.2102,38.58,94,92,374619
1.7693,0.2004,38.68,94,92,374622
1.8182,0.2151,38.43,94,92,374625
1.7840,0.2102,38.62,94,92,374629
1.7986,0.1906,38.68,94,92,374632
1.8133,0.2102,38.68,94,92,374635
1.8475,0.2004,38.65,94,92,374639
1.8866,0.2199,38.46,94,92,374642
1.8426,0.2102,38.62,94,92,374645
1.8328,0.1955,38.65,94,92,374649
1.8280,0.2053,38.58,94,92,374652
1.8231,0.2053,38.68,94,92,374656
1.8622,0.2151,38.49,94,92,374660
1.8377,0.2053,38.68,94,92,374663
1.8524,0.2053,38.52,94,92,374666
1.8377,0.2053,38.68,94,92,374669
1.8426,0.2004,38.68,94,92,374673
1.8719,0.1906,38.71,94,92,374676
1.8426,0.2053,38.71,94,92,374679
1.8573,0.2444,38.58,94,92,374683
1.8377,0.2053,38.65,94,92,374686
1.8182,0.2004,38.71,94,92,374689
1.8231,0.2395,38.62,94,92,374693
1.8133,0.2004,38.68,94,92,374696
1.8231,0.2053,38.52,94,92,374700
1.7937,0.2053,38.68,94,92,374704
1.7840,0.2053,38.68,94,92,374707
1.7986,0.2102,37.83,94,92,374710
1.7644,0.2004,38.68,94,92,374713
1.8035,0.2102,38.43,94,92,374717
1.7693,0.2102,38.58,94,92,374720
1.7498,0.2004,38.68,94,92,374723
1.7595,0.2102,38.62,94,92,374727
1.7449,0.2053,38.77,94,92,374730
1.7937,0.2199,38.36,94,92,374733
1.7546,0.2053,38.58,94,92,374737
1.7498,0.1955,38.65,94,92,374740
1.7693,0.2004,38.65,94,92,374744
1.7546,0.2053,38.68,94,92,374747
1.7986,0.2199,38.49,94,92,374751
1.7546,0.2151,38.62,94,92,374754
1.7498,0.1906,38.58,94,92,374757
1.7400,0.2053,38.77,94,92,374761
1.7449,0.2053,38.68,94,92,374764
1.7742,0.2151,38.65,94,92,374767
1.7644,0.2053,38.65,94,92,374771
1.7986,0.1906,38.55,94,92,374774
1.7644,0.2053,38.84,94,92,374777
1.7693,0.2053,38.68,94,92,374781
1.7986,0.2151,38.55,94,92,374785
1.8084,0.2053,38.68,94,92,374788
1.8084,0.2151,38.62,94,92,374791
1.7791,0.2004,38.62,94,92,374795
1.7840,0.2346,38.65,94,92,374798
1.8035,0.2102,38.55,94,92,374801
1.7986,0.2151,37.87,94,92,374805
1.8231,0.1955,38.46,94,92,374808
1.8035,0.2053,38.62,94,92,374811
1.8035,0.2004,38.77,94,92,374815
1.8182,0.2102,38.62,94,92,374818
1.8328,0.2053,38.65,94,92,374821
1.8426,0.1906,38.43,94,92,374824
1.8084,0.2248,38.58,94,92,374829
1.8133,0.2004,38.68,94,92,374832
1.8328,0.2102,38.58,94,92,374835
1.8084,0.1955,38.68,94,92,374839
1.8671,0.2102,38.40,94,92,374842
1.8475,0.2102,38.58,94,92,374845
1.8377,0.1955,38.65,94,92,374849
1.8475,0.2053,38.65,94,92,374852
1.8426,0.2053,38.43,94,92,374855
1.9013,0.2151,38.46,94,92,374859
1.8719,0.2102,37.80,94,92,374862
1.8671,0.2004,38.55,94,92,374865
1.8964,0.2053,38.68,94,92,374868
1.8817,0.2053,38.68,94,92,374873
1.9257,0.2151,38.52,94,92,374876
1.9159,0.2053,38.65,94,92,374879
1.9355,0.2102,38.55,94,92,374883
1.9110,0.2151,38.74,94,92,374886
1.9013,0.2004,38.71,94,92,374889
1.8964,0.2053,38.55,94,92,374893
1.8573,0.2053,38.65,94,92,374896
1.8622,0.2102,38.52,94,92,374899
1.8035,0.2248,38.71,94,92,374903
1.7986,0.2004,38.65,94,92,374906
1.8084,0.2102,38.65,94,92,374909
1.7840,0.2053,38.68,94,92,374913
1.8084,0.2004,38.49,94,92,374917
1.7693,0.2053,38.55,94,92,374920
1.7546,0.2004,38.71,94,92,374923
1.7644,0.2102,38.58,94,92,374927
1.7400,0.2053,38.74,94,92,374930
1.7742,0.2102,38.36,94,92,374933
1.7400,0.1906,38.58,94,92,374937
1.7351,0.2004,38.68,94,92,374940
1.7449,0.2102,38.65,94,92,374943
1.7351,0.2004,38.65,94,92,374946
1.7791,0.2151,38.40,94,92,374950
1.7400,0.2053,38.62,94,92,374953
1.7400,0.2004,38.55,94,92,374957
1.7400,0.2248,38.65,94,92,374961
1.7400,0.2053,38.68,94,92,374964
1.7937,0.2199,38.55,94,92,374967
1.7595,0.2053,38.62,94,92,374971
1.7644,0.2004,38.58,94,92,374974
1.7546,0.2053,38.58,94,92,374977
1.7693,0.2297,38.65,94,92,374980
1.8671,0.2151,38.49,94,92,374984
1.8524,0.2248,38.52,94,92,374987
1.9257,0.2053,38.55,94,92,374990
1.9892,0.2053,38.68,94,92,374994
2.1065,0.2053,38.65,94,92,374998
2.2923,0.2102,38.58,94,92,375001
2.4780,0.2053,38.68,94,92,375005
2.7517,0.2102,38.58,94,92,375008
2.9619,0.2102,38.68,94,92,375011
3.1867,0.2004,38.65,94,92,375015
3.3187,0.2053,38.52,94,92,375018
3.2405,0.2004,38.68,94,92,375021
3.0645,0.2053,38.49,94,92,375024
2.7028,0.2053,38.68,94,92,375028
2.3851,0.2053,38.65,94,92,375031
2.1408,0.2151,38.58,94,92,375034
1.8719,0.2053,38.74,94,92,375038
1.7253,0.2199,38.40,94,92,375042
1.5689,0.2102,38.58,94,92,375045
1.4663,0.2053,38.05,94,92,375049
1.4174,0.2102,38.62,94,92,375052
1.3685,0.2053,38.68,94,92,375055
1.3930,0.2151,38.33,94,92,375058
1.3587,0.2004,38.58,94,92,375062
1.3685,0.1955,38.62,94,92,375065
1.3978,0.2053,38.65,94,92,375068
1.4076,0.1955,38.68,94,92,375072
1.4809,0.2199,38.46,94,92,375075
1.4565,0.2102,38.58,94,92,375078
1.4663,0.2053,38.58,94,92,375083
1.4858,0.2053,38.68,94,92,375086
1.5640,0.2004,38.68,94,92,375091
1.5787,0.2004,37.90,94,92,375094
1.6178,0.2297,38.55,94,92,375097
1.6080,0.2053,38.65,94,92,375101
1.6373,0.2053,38.52,94,92,375104
1.6227,0.2004,38.62,94,92,375107
1.6276,0.2004,38.68,94,92,375110
1.6569,0.2102,38.49,94,92,375114
1.6520,0.2297,38.81,94,92,375117
1.6911,0.2102,38.46,94,92,375120
1.6764,0.2053,38.62,94,92,375124
1.6813,0.2248,38.68,94,92,375128
1.7009,0.2102,38.65,94,92,375131
1.6862,0.2004,38.68,94,92,375135
1.7302,0.2102,38.58,94,92,375138
1.6960,0.2053,38.62,94,92,375141
1.6960,0.2004,38.74,94,92,375144
1.6960,0.2053,38.65,94,92,375148
1.6960,0.2053,38.68,94,92,375151
1.7498,0.2199,38.43,94,92,375154
1.7155,0.2053,38.52,94,92,375158
1.7107,0.2053,38.68,94,92,375161
1.7155,0.2053,38.65,94,92,375164
1.7155,0.2004,38.68,94,92,375169
1.7644,0.2493,38.49,94,92,375172
1.7498,0.2102,38.62,94,92,375175
1.7546,0.2053,38.62,94,92,375178
1.7449,0.2053,38.68,94,92,375182
1.7546,0.2004,38.71,94,92,375185
1.7840,0.2053,38.58,94,92,375188
1.7644,0.2004,38.65,94,92,375192
1.7937,0.2053,38.55,94,92,375195
1.7693,0.2053,38.65,94,92,375198
1.7693,0.2053,38.68,94,92,375202
1.7791,0.2053,38.65,94,92,375205
1.7693,0.2053,38.68,94,92,375208
1.8035,0.2004,38.52,94,92,375212
1.7644,0.2053,38.65,94,92,375216
1.7693,0.1955,38.68,94,92,375219
1.7889,0.1906,38.65,94,92,375222
1.7742,0.2053,38.58,94,92,375226
1.8084,0.2151,38.43,94,92,375229
1.7840,0.2102,38.62,94,92,375232
1.7840,0.2004,38.55,94,92,375236
1.8133,0.2102,38.62,94,92,375239
1.7937,0.2004,38.68,94,92,375242
1.8377,0.2151,38.40,94,92,375246
1.7889,0.1906,38.55,94,92,375249
1.8035,0.2004,38.71,94,92,375252
1.8231,0.2053,38.65,94,92,375256
1.8280,0.2004,38.71,94,92,375260
1.8866,0.2248,38.46,94,92,375263
1.8573,0.2102,38.62,94,92,375266
1.8866,0.2004,38.58,94,92,375270
1.8671,0.2053,38.68,94,92,375273
1.8671,0.2053,38.68,94,92,375276
1.9110,0.2151,38.55,94,92,375280
1.8866,0.2297,38.68,94,92,375283
1.8964,0.2004,38.55,94,92,375286
1.8768,0.2053,38.71,94,92,375290
1.9062,0.1955,38.68,94,92,375293
1.9159,0.2102,38.52,94,92,375297
1.8915,0.2053,38.65,94,92,375300
1.9159,0.2102,38.55,94,92,375304
1.8866,0.2004,38.65,94,92,375307
1.8817,0.2004,38.65,94,92,375310
1.8964,0.2053,38.68,94,92,375314
1.8719,0.2004,38.77,94,92,375317
1.8866,0.2053,38.49,94,92,375320
1.8622,0.2004,38.62,94,92,375324
1.8573,0.2004,38.90,94,92,375327
1.8671,0.2151,38.62,94,92,375330
1.8426,0.2004,38.65,94,92,375333
1.8768,0.2102,38.49,94,92,375337
1.8426,0.1955,38.65,94,92,375341
1.8377,0.2004,38.68,94,92,375344
1.8573,0.2102,38.62,94,92,375348
1.8475,0.1906,38.71,94,92,375351
1.9013,0.2151,38.40,94,92,375354
1.8671,0.2004,38.58,94,92,375358
1.8768,0.1955,38.65,94,92,375361
1.8524,0.2053,38.58,94,92,375364
1.8426,0.2151,38.65,94,92,375368
1.9013,0.2199,38.49,94,92,375371
1.8719,0.2053,38.55,94,92,375374
1.8719,0.2004,38.62,94,92,375377
1.8524,0.1906,38.65,94,92,375382
1.8426,0.2004,38.62,94,92,375385
1.8719,0.2444,38.52,94,92,375388
1.8475,0.2053,38.62,94,92,375392
1.8622,0.2053,38.96,94,92,375395
1.8475,0.2053,38.68,94,92,375398
1.8475,0.2004,38.68,94,92,375402
1.8671,0.2102,38.62,94,92,375405
1.8573,0.2004,38.68,94,92,375408
1.8817,0.2151,38.55,94,92,375411
1.8524,0.2004,38.71,94,92,375415
1.8622,0.2004,38.68,94,92,375418
1.8964,0.2102,38.52,94,92,375421
1.8719,0.2053,38.65,94,92,375426
1.8964,0.2053,38.49,94,92,375429
1.8915,0.2004,38.65,94,92,375432
1.8915,0.2004,38.71,94,92,375436
1.9159,0.1906,38.58,94,92,375439
1.8964,0.2004,38.68,94,92,375442
1.9355,0.2102,38.46,94,92,375446
1.9013,0.2053,38.62,94,92,375449
1.9013,0.2004,38.68,94,92,375452
1.9159,0.2102,38.62,94,92,375455
1.9013,0.2102,38.68,94,92,375459
1.9501,0.2102,38.40,94,92,375462
1.9013,0.2053,38.68,94,92,375465
1.8964,0.1955,38.65,94,92,375470
1.9110,0.2053,38.74,94,92,375473
1.9062,0.2004,38.65,94,92,375476
1.9697,0.2199,38.49,94,92,375480
1.9453,0.2102,38.68,94,92,375483
1.9355,0.2199,38.58,94,92,375486
1.9453,0.2053,38.68,94,92,375490
1.9501,0.2004,38.65,94,92,375493
2.0039,0.2151,38.49,94,92,375496
1.9892,0.2053,38.65,94,92,375499
2.0088,0.2053,38.58,94,92,375503
1.9892,0.2053,38.65,94,92,375506
1.9990,0.2004,38.68,94,92,375510
2.0039,0.2102,38.58,94,92,375514
1.9697,0.2053,38.65,94,92,375517
1.9746,0.2102,38.49,94,92,375520
1.9208,0.2053,38.68,94,92,375523
1.8964,0.2004,38.68,94,92,375527
1.8915,0.2053,38.58,94,92,375530
1.8719,0.2053,38.68,94,92,375533
1.9013,0.1906,38.52,94,92,375537
1.8622,0.2004,38.68,94,92,375540
1.8573,0.1906,38.68,94,92,375543
1.8768,0.2102,38.52,94,92,375547
1.8426,0.2102,38.68,94,92,375550
1.8768,0.2053,38.43,94,92,375554
1.8328,0.2053,38.58,94,92,375558
1.8084,0.2004,38.74,94,92,375561
1.8182,0.1906,38.62,94,92,375564
1.8035,0.2004,38.68,94,92,375567
1.8475,0.2102,38.36,94,92,375571
1.8084,0.1906,38.58,94,92,375574
1.8035,0.2004,38.68,94,92,375577
1.8133,0.2053,38.65,94,92,375581
1.8035,0.2004,38.65,94,92,375584
1.8524,0.2248,38.43,94,92,375587
1.8084,0.2102,38.62,94,92,375591
1.8035,0.2004,38.65,94,92,375595
1.8231,0.1906,38.65,94,92,375598
1.7986,0.2004,38.52,94,92,375601
1.8573,0.2102,38.55,94,92,375605
1.8573,0.2053,38.62,94,92,375608
1.9062,0.2004,38.52,94,92,375611
1.9453,0.2053,38.65,94,92,375615
2.0186,0.2004,38.71,94,92,375618
2.1701,0.2102,38.49,94,92,375621
2.3118,0.2053,38.62,94,92,375625
2.4927,0.2053,38.55,94,92,375628
2.6833,0.2004,38.68,94,92,375631
2.9228,0.1955,38.68,94,92,375634
3.1818,0.2053,38.58,94,92,375639
3.2893,0.2004,38.68,94,92,375642
3.3236,0.2004,38.62,94,92,375645
3.0987,0.2151,38.65,94,92,375649
2.8055,0.2004,38.68,94,92,375652
2.5269,0.2053,38.58,94,92,375655
2.2239,0.2004,38.62,94,92,375659
2.0186,0.2248,38.40,94,92,375662
1.7937,0.2004,38.65,94,92,375665
1.6471,0.2004,38.62,94,92,375668
1.5543,0.2395,38.58,94,92,375672
1.4712,0.2004,38.74,94,92,375675
1.4663,0.2151,38.40,94,92,375678
1.4321,0.2053,38.58,94,92,375683
1.3832,0.2004,38.68,94,92,375686
1.4125,0.2102,38.62,94,92,375689
1.4223,0.1906,38.68,94,92,375693
1.4809,0.2199,38.46,94,92,375696
1.5494,0.2102,38.55,94,92,375701
1.5445,0.2004,38.68,94,92,375704
1.5836,0.2053,38.55,94,92,375707
1.5738,0.2004,38.65,94,92,375711
1.5934,0.2004,38.68,94,92,375714
1.6227,0.2004,38.58,94,92,375717
1.6276,0.2004,38.65,94,92,375720
1.6618,0.2346,38.55,94,92,375725
1.6471,0.2004,38.77,94,92,375728
1.6569,0.2004,38.52,94,92,375731
1.6813,0.2053,38.55,94,92,375735
1.6618,0.2004,38.71,94,92,375738
1.6911,0.2004,38.49,94,92,375741
1.7009,0.2053,38.55,94,92,375745
1.6813,0.1906,38.68,94,92,375748
1.7107,0.2102,38.58,94,92,375751
1.7107,0.2004,38.65,94,92,375754
1.7498,0.1906,38.43,94,92,375758
1.7302,0.2053,38.58,94,92,375761
1.7302,0.2053,38.68,94,92,375764
1.7498,0.2004,38.62,94,92,375769
1.7351,0.2004,38.68,94,92,375772
1.7791,0.2102,38.43,94,92,375775
1.7498,0.2004,38.58,94,92,375779
1.7400,0.1955,38.65,94,92,375782
1.7400,0.2004,38.65,94,92,375785
1.7400,0.1955,38.68,94,92,375788
1.7889,0.1906,38.43,94,92,375792
1.7498,0.2053,38.74,94,92,375795
1.7546,0.1955,38.58,94,92,375798
1.7546,0.2004,38.71,94,92,375802
1.7644,0.2004,38.68,94,92,375805
1.8035,0.2053,38.46,94,92,375809
1.7742,0.2053,38.62,94,92,375813
1.7889,0.2004,38.52,94,92,375816
1.7742,0.2053,38.68,94,92,375819
1.7840,0.2004,38.71,94,92,375823
1.8182,0.2102,38.58,94,92,375826
1.7986,0.2004,38.65,94,92,375829
1.8182,0.2102,38.58,94,92,375832
1.7889,0.2004,38.68,94,92,375836
1.7889,0.2053,38.74,94,92,375839
1.7986,0.1906,38.58,94,92,375842
1.7986,0.2004,38.74,94,92,375846
1.8280,0.2004,38.52,94,92,375849
1.8084,0.2004,38.68,94,92,375853
1.8133,0.2004,38.68,94,92,375857
1.8377,0.2053,38.71,94,92,375860
1.8377,0.2053,38.65,94,92,375863
1.8817,0.2053,38.52,94,92,375866
1.8671,0.2102,38.58,94,92,375870
1.8915,0.1955,38.68,94,92,375873
1.8817,0.2102,38.62,94,92,375876
1.8671,0.2004,38.74,94,92,375880
1.9159,0.2151,38.36,94,92,375883
1.8817,0.2004,38.55,94,92,375886
1.8719,0.1955,38.68,94,92,375890
1.8866,0.2004,38.71,94,92,375894
1.8817,0.2004,38.68,94,92,375897
1.9404,0.2346,38.46,94,92,375900
1.9062,0.2053,38.62,94,92,375904
1.9013,0.1955,38.65,94,92,375907
1.8915,0.1955,38.68,94,92,375910
1.8866,0.2004,38.77,94,92,375914
1.9159,0.2102,38.62,94,92,375917
1.8915,0.2102,38.68,94,92,375920
1.8915,0.2004,38.52,94,92,375924
1.8671,0.2053,38.65,94,92,375927
1.8622,0.2004,38.68,94,92,375930
1.8964,0.2102,38.84,94,92,375934
1.8671,0.2053,38.65,94,92,375938
1.8866,0.2102,38.55,94,92,375941
1.8573,0.1955,38.40,94,92,375944
1.8524,0.2004,38.68,94,92,375948
1.8671,0.2053,38.55,94,92,375951
1.8475,0.2395,38.65,94,92,375954
1.8866,0.2004,38.46,94,92,375958
1.8426,0.2004,38.65,94,92,375961
1.8426,0.2151,38.68,94,92,375964
1.8524,0.2102,38.62,94,92,375968
1.8377,0.2004,38.65,94,92,375971
1.8719,0.2102,38.43,94,92,375974
1.8231,0.1955,38.65,94,92,375979
1.8280,0.1955,38.68,94,92,375982
1.8377,0.2053,38.65,94,92,375985
1.8182,0.1955,38.68,94,92,375988
1.8671,0.2151,38.43,94,92,375992
1.8377,0.2053,38.55,94,92,375995
1.8231,0.2004,38.62,94,92,375998
1.8328,0.2004,38.84,94,92,376002
1.8231,0.2248,38.68,94,92,376005
1.8622,0.2102,38.46,94,92,376008
1.8280,0.2102,38.58,94,92,376012
1.8280,0.2004,38.55,94,92,376015
1.8182,0.2004,38.68,94,92,376018
1.8133,0.2004,38.68,94,92,376022
1.8426,0.2102,38.77,94,92,376026
1.8280,0.2004,38.65,94,92,376029
1.8426,0.1906,38.55,94,92,376032
1.8280,0.2004,38.71,94,92,376036
1.8426,0.1906,38.68,94,92,376039
1.8524,0.2004,38.62,94,92,376042
1.8475,0.2004,38.52,94,92,376046
1.8719,0.2346,38.52,94,92,376049
1.8524,0.2004,38.71,94,92,376052
1.8524,0.2004,38.68,94,92,376056
1.8817,0.2053,38.52,94,92,376059
1.8524,0.2004,38.74,94,92,376062
1.8866,0.2004,38.49,94,92,376066
1.8719,0.2053,38.58,94,92,376070
1.8622,0.2004,38.68,94,92,376073
1.8915,0.1955,38.58,94,92,376076
1.8817,0.2053,38.74,94,92,376080
1.9257,0.2053,38.46,94,92,376083
1.8866,0.2248,38.58,94,92,376086
1.8719,0.2004,38.68,94,92,376090
1.8817,0.2053,38.65,94,92,376093
1.8719,0.2004,38.65,94,92,376096
1.9208,0.2199,38.36,94,92,376099
1.8817,0.2004,38.58,94,92,376103
1.8817,0.1955,38.65,94,92,376107
1.9013,0.2004,38.65,94,92,376110
1.8964,0.2004,38.11,94,92,376114
1.9550,0.2248,38.52,94,92,376117
1.9453,0.2151,38.58,94,92,376120
1.9453,0.2004,38.71,94,92,376124
1.9404,0.2004,38.68,94,92,376127
1.9550,0.1906,38.68,94,92,376130
2.0088,0.2102,38.49,94,92,376133
1.9746,0.2053,38.84,94,92,376137
1.9697,0.2199,38.55,94,92,376140
1.9208,0.2004,38.65,94,92,376143
1.9013,0.1955,38.68,94,92,376147
1.8964,0.2297,38.58,94,92,376151
1.8671,0.2053,38.65,94,92,376154
1.8768,0.2102,38.58,94,92,376158
1.8426,0.2004,38.68,94,92,376161
1.8524,0.1906,38.68,94,92,376164
1.8622,0.2053,38.62,94,92,376167
1.8426,0.2151,38.68,94,92,376171
1.8573,0.1906,38.49,94,92,376174
1.8280,0.2151,38.68,94,92,376177
1.8035,0.2004,38.68,94,92,376181
1.7986,0.2102,38.58,94,92,376184
1.7546,0.2004,38.68,94,92,376187
1.7791,0.2053,38.43,94,92,376192
1.7546,0.2053,38.58,94,92,376195
1.7351,0.2004,38.68,94,92,376198
1.7546,0.2053,38.68,94,92,376202
1.7791,0.2004,38.68,94,92,376205
1.8035,0.2151,38.36,94,92,376208
1.7889,0.2004,38.55,94,92,376211
1.7546,0.1955,38.65,94,92,376215
1.7498,0.2053,38.52,94,92,376218
1.7449,0.2102,38.68,94,92,376221
1.8035,0.2199,38.49,94,92,376225
1.7742,0.2053,38.62,94,92,376228
1.7791,0.1955,38.58,94,92,376231
1.7742,0.2004,38.68,94,92,376236
1.8035,0.2053,38.71,94,92,376239
1.8768,0.2151,38.58,94,92,376242
1.9159,0.2053,38.71,94,92,376246
2.0137,0.2004,38.52,94,92,376249
2.1114,0.2004,38.68,94,92,376252
2.2727,0.2004,38.74,94,92,376255
2.5220,0.2151,38.55,94,92,376259
2.7322,0.2004,38.74,94,92,376262
3.0108,0.2053,38.52,94,92,376265
3.1720,0.1906,38.62,94,92,376269
3.2845,0.1906,38.68,94,92,376272
3.2600,0.2053,38.58,94,92,376275
3.0303,0.2053,38.65,94,92,376280
2.7713,0.2248,38.49,94,92,376283
2.4291,0.2004,38.65,94,92,376286
2.1457,0.2004,38.58,94,92,376289
1.9257,0.2053,38.62,94,92,376293
1.7058,0.2004,38.68,94,92,376296
1.5982,0.2053,38.46,94,92,376299
1.4712,0.2346,38.65,94,92,376303
1.4174,0.1906,38.68,94,92,376306
1.4027,0.2053,38.71,94,92,376309
1.3636,0.2004,38.65,94,92,376314
1.3783,0.2151,38.68,94,92,376317
1.4370,0.2102,38.49,94,92,376322
1.4565,0.2102,38.62,94,92,376325
1.5103,0.2053,38.55,94,92,376328
1.5152,0.2004,38.84,94,92,376332
1.5298,0.2004,38.62,94,92,376335
1.5591,0.2102,38.58,94,92,376338
1.5396,0.2004,38.68,94,92,376341
1.5689,0.2102,38.55,94,92,376345
1.5640,0.2004,38.68,94,92,376348
1.5689,0.2004,38.74,94,92,376351
1.5982,0.2004,38.21,94,92,376355
1.5982,0.2053,38.68,94,92,376358
1.6227,0.2053,38.55,94,92,376361
1.6031,0.2004,38.58,94,92,376366
1.6080,0.2102,38.65,94,92,376369
1.6276,0.2004,38.68,94,92,376372
1.6129,0.2004,38.65,94,92,376375
1.6569,0.2053,38.40,94,92,376379
1.6422,0.2053,38.68,94,92,376382
1.6422,0.1906,38.68,94,92,376385
1.6716,0.2297,38.62,94,92,376389
1.6862,0.2053,38.68,94,92,376392
1.7155,0.2102,38.43,94,92,376395
1.7009,0.2053,38.58,94,92,376399
1.6667,0.1955,38.68,94,92,376402
1.6716,0.2053,38.65,94,92,376406
1.6569,0.2004,38.68,94,92,376409
1.7107,0.2590,38.43,94,92,376413
1.6764,0.2053,38.62,94,92,376416
1.6764,0.1955,38.81,94,92,376419
1.6862,0.2004,38.68,94,92,376423
1.6911,0.2004,38.77,94,92,376426
1.7351,0.2102,38.58,94,92,376429
1.7058,0.2004,38.65,94,92,376433
1.7302,0.2053,38.55,94,92,376436
1.7058,0.2004,38.62,94,92,376439
1.7155,0.2004,38.68,94,92,376442
1.7595,0.2102,38.49,94,92,376446
1.7351,0.2004,38.65,94,92,376450
1.7449,0.2395,38.52,94,92,376453
1.7009,0.2004,38.68,94,92,376457
1.6862,0.2004,38.68,94,92,376460
1.7155,0.2004,38.58,94,92,376463
1.7155,0.2102,38.68,94,92,376467
1.7595,0.1906,38.52,94,92,376470
1.7400,0.2004,38.55,94,92,376473
1.7498,0.2004,38.62,94,92,376476
1.7693,0.2053,38.58,94,92,376480
1.7498,0.2004,38.68,94,92,376483
1.7791,0.2053,38.49,94,92,376486
1.7546,0.2053,38.68,94,92,376491
1.7498,0.2004,38.68,94,92,376494
1.7498,0.2053,38.81,94,92,376497
1.7546,0.1906,38.68,94,92,376501
1.8035,0.2102,38.43,94,92,376504
1.7937,0.2053,38.58,94,92,376507
1.8035,0.1906,38.68,94,92,376510
1.8133,0.2053,38.65,94,92,376514
1.8133,0.2004,38.74,94,92,376517
1.8768,0.2151,38.43,94,92,376520
1.8573,0.2053,38.52,94,92,376524
1.8622,0.1955,38.62,94,92,376527
1.8768,0.2004,38.68,94,92,376530
1.8671,0.2004,38.58,94,92,376535
1.8964,0.2053,38.55,94,92,376538
1.8573,0.1906,38.62,94,92,376541
1.8573,0.2004,38.52,94,92,376545
1.8377,0.2297,38.68,94,92,376548
1.8426,0.2004,38.68,94,92,376551
1.8719,0.2102,38.81,94,92,376554
1.8719,0.2053,38.68,94,92,376558
1.8866,0.2053,38.52,94,92,376561
1.8622,0.2151,38.65,94,92,376564
1.8622,0.2004,38.68,94,92,376568
1.9013,0.2102,38.55,94,92,376571
1.8817,0.2102,38.65,94,92,376574
1.8768,0.2004,38.55,94,92,376579
1.8328,0.2004,38.55,94,92,376582
1.8182,0.2151,38.68,94,92,376585
1.8328,0.2053,38.84,94,92,376589
1.8231,0.2297,38.65,94,92,376592
1.8671,0.2053,38.52,94,92,376595
1.8426,0.2004,38.62,94,92,376598
1.8377,0.2004,38.68,94,92,376602
1.8524,0.2053,38.62,94,92,376605
1.8084,0.2004,38.68,94,92,376608
1.8328,0.2102,38.36,94,92,376612
1.7840,0.2004,38.62,94,92,376615
1.7889,0.2004,38.68,94,92,376619
1.7889,0.2102,38.65,94,92,376623
1.7742,0.1906,38.68,94,92,376626
1.8133,0.2199,38.46,94,92,376629
1.7791,0.2102,38.62,94,92,376633
1.7644,0.1955,38.62,94,92,376636
1.7644,0.2053,38.68,94,92,376639
1.7595,0.2004,38.68,94,92,376642
1.7889,0.2102,38.46,94,92,376646
1.7742,0.1906,38.65,94,92,376649
1.7889,0.1955,38.55,94,92,376652
1.7791,0.2004,38.65,94,92,376656
1.7693,0.2493,38.68,94,92,376659
1.7791,0.2102,38.43,94,92,376663
1.7498,0.2297,38.65,94,92,376667
1.7742,0.1906,38.55,94,92,376670
1.7644,0.2004,38.68,94,92,376673
1.7742,0.2004,38.74,94,92,376676
1.7986,0.2102,38.58,94,92,376680
1.8231,0.2004,38.68,94,92,376683
1.8671,0.2004,38.46,94,92,376686
1.8328,0.2004,38.68,94,92,376690
1.8182,0.2004,38.68,94,92,376693
1.8280,0.2102,38.55,94,92,376696
1.8084,0.2004,38.65,94,92,376700
1.8377,0.2053,38.43,94,92,376704
1.8182,0.2053,38.55,94,92,376707
1.8084,0.2102,38.68,94,92,376711
1.8377,0.2102,38.68,94,92,376714
1.8377,0.2004,38.68,94,92,376717
1.8915,0.2151,38.43,94,92,376720
1.8622,0.2004,38.52,94,92,376724
1.8671,0.1906,38.68,94,92,376727
1.8817,0.2053,38.65,94,92,376730
1.8622,0.2004,38.74,94,92,376734
1.9013,0.2151,38.46,94,92,376737
1.8573,0.2053,38.62,94,92,376740
1.8719,0.1955,38.62,94,92,376744
1.8964,0.1906,38.71,94,92,376748
1.9208,0.2004,38.71,94,92,376751
1.9648,0.2444,38.55,94,92,376755
1.9453,0.2053,38.65,94,92,376758
1.9550,0.2004,38.55,94,92,376761
1.9453,0.2053,38.68,94,92,376764
1.9355,0.2004,38.68,94,92,376768
1.9550,0.2102,37.74,94,92,376771
1.9208,0.2053,38.68,94,92,376774
1.9013,0.2004,38.55,94,92,376778
1.8622,0.2004,38.65,94,92,376781
1.8475,0.2004,38.71,94,92,376784
1.8377,0.2053,38.55,94,92,376788
1.7986,0.2004,38.62,94,92,376792
1.8035,0.2004,38.49,94,92,376795
1.7791,0.2053,38.68,94,92,376798
1.7889,0.1906,38.68,94,92,376802
1.7937,0.2053,38.58,94,92,376805
1.7742,0.2004,38.71,94,92,376808
1.7742,0.2346,38.46,94,92,376812
1.7204,0.2004,38.71,94,92,376815
1.7302,0.2004,38.62,94,92,376818
1.7498,0.2053,38.62,94,92,376822
1.7302,0.2004,38.68,94,92,376825
1.7693,0.2102,38.40,94,92,376828
1.7449,0.2151,38.58,94,92,376832
1.7498,0.1906,38.71,94,92,376836
1.7791,0.2151,38.65,94,92,376839
1.7791,0.2004,38.68,94,92,376842
1.8377,0.2199,38.43,94,92,376846
1.7840,0.2102,38.58,94,92,376849
1.7693,0.1906,38.65,94,92,376852
1.7693,0.2053,38.77,94,92,376856
1.7791,0.2004,38.68,94,92,376859
1.8817,0.2102,38.52,94,92,376862
1.8622,0.2053,38.65,94,92,376865
1.9159,0.2004,38.55,94,92,376869
1.9648,0.2004,38.68,94,92,376872
2.0137,0.2004,38.24,94,92,376876
2.1652,0.2102,38.62,94,92,376880
2.3460,0.2004,38.68,94,92,376883
2.6197,0.2004,38.52,94,92,376886
2.8397,0.2004,38.58,94,92,376890
3.0841,0.2053,38.68,94,92,376893
3.3333,0.2102,38.55,94,92,376896
3.3578,0.2004,38.68,94,92,376899
3.3040,0.2004,38.52,94,92,376903
2.9961,0.2053,38.62,94,92,376906
2.6491,0.2004,38.68,94,92,376909
2.3265,0.2053,38.52,94,92,376913
2.0137,0.2004,38.68,94,92,376916
1.8084,0.2102,38.52,94,92,376920
1.3392,0.2102,38.36,94,92,376924
1.2952,0.2004,38.62,94,92,376927
1.3050,0.1955,38.68,94,92,376931
1.3392,0.2102,38.68,94,92,376934
1.3636,0.2004,38.81,94,92,376937
1.4565,0.2199,38.52,94,92,376941
1.4663,0.2053,38.65,94,92,376944
1.4858,0.2004,38.58,94,92,376947
1.5005,0.2004,38.74,94,92,376950
1.5152,0.2004,38.68,94,92,376954
1.5640,0.2102,38.49,94,92,376957
1.5494,0.2151,38.62,94,92,376961
1.5689,0.1906,38.55,94,92,376965
1.5591,0.2004,38.18,94,92,376968
1.5640,0.2004,38.71,94,92,376971
1.6227,0.2102,38.58,94,92,376975
1.5738,0.2004,38.65,94,92,376978
1.5982,0.2053,38.58,94,92,376981
1.5787,0.2151,38.65,94,92,376984
1.5836,0.2004,38.68,94,92,376988
1.6080,0.2053,38.84,94,92,376991
1.6129,0.2053,38.65,94,92,376994
1.6520,0.1906,38.49,94,92,376998
1.6471,0.2004,38.68,94,92,377001
1.6569,0.2053,38.65,94,92,377005
1.6716,0.2053,38.62,94,92,377009
1.6520,0.2493,38.68,94,92,377012
1.7107,0.1906,38.43,94,92,377015
1.6569,0.2053,38.58,94,92,377018
1.6373,0.2004,38.77,94,92,377022
1.6764,0.2053,38.62,94,92,377025
1.6471,0.2004,38.68,94,92,377028
1.7058,0.2102,38.40,94,92,377032
1.6813,0.1955,38.58,94,92,377035
1.6813,0.1906,38.68,94,92,377038
1.6862,0.2053,38.55,94,92,377042
1.6813,0.2102,38.68,94,92,377046
1.7253,0.2199,38.49,94,92,377049
1.6960,0.2053,38.62,94,92,377053
1.7009,0.1955,38.58,94,92,377056
1.6862,0.2004,38.68,94,92,377059
1.6960,0.2004,38.68,94,92,377062
1.7253,0.2151,38.62,94,92,377066
1.6960,0.2004,38.65,94,92,377069
1.7058,0.2004,38.55,94,92,377072
1.6911,0.1955,38.68,94,92,377076
1.7009,0.2053,38.68,94,92,377079
1.7351,0.2102,38.52,94,92,377082
1.7253,0.1955,38.65,94,92,377086
1.7449,0.1906,38.58,94,92,377090
1.7155,0.1955,38.52,94,92,377093
1.7155,0.2248,38.68,94,92,377096
1.7351,0.2053,38.55,94,92,377100
1.7155,0.2004,38.87,94,92,377103
1.7498,0.2102,38.52,94,92,377106
1.7155,0.2004,38.62,94,92,377110
1.7107,0.2004,38.87,94,92,377113
1.7253,0.1955,38.62,94,92,377116
1.7204,0.2004,38.68,94,92,377120
1.7546,0.2053,38.43,94,92,377123
1.7204,0.2053,38.65,94,92,377126
1.7644,0.1955,38.68,94,92,377129
1.7644,0.2053,38.65,94,92,377134
1.7693,0.2053,38.68,94,92,377137
1.8377,0.2053,38.36,94,92,377140
1.8035,0.2053,38.30,94,92,377144
1.8035,0.2151,38.65,94,92,377147
1.8182,0.2053,38.65,94,92,377150
1.8133,0.2004,38.65,94,92,377154
1.8671,0.2151,38.49,94,92,377157
1.8280,0.2102,38.65,94,92,377160
1.8231,0.2004,38.68,94,92,377164
1.8377,0.2004,38.71,94,92,377167
1.8328,0.1906,38.68,94,92,377170
1.8671,0.2102,38.52,94,92,377174
1.8426,0.2053,38.65,94,92,377178
1.8524,0.2053,38.55,94,92,377181
1.8231,0.2199,38.65,94,92,377184
1.8133,0.2004,38.81,94,92,377188
1.8328,0.2151,38.58,94,92,377191
1.8231,0.2004,38.71,94,92,377194
1.8377,0.2102,38.58,94,92,377198
1.8035,0.2004,38.65,94,92,377201
1.7986,0.1906,38.68,94,92,377204
1.8182,0.2102,38.58,94,92,377208
1.7986,0.2102,38.68,94,92,377211
1.8280,0.1906,38.52,94,92,377214
1.8035,0.2004,38.52,94,92,377218
1.7889,0.2004,38.68,94,92,377222
1.7986,0.2102,38.55,94,92,377225
1.7644,0.2004,38.68,94,92,377228
1.7937,0.2053,38.43,94,92,377232
1.7644,0.2004,38.68,94,92,377235
1.7644,0.2004,38.68,94,92,377238
1.7742,0.2053,38.65,94,92,377242
1.7644,0.2053,38.68,94,92,377245
1.8084,0.2151,38.36,94,92,377248
1.7644,0.2053,38.62,94,92,377251
1.7546,0.1906,38.65,94,92,377255
1.7546,0.2053,38.68,94,92,377259
1.7449,0.2297,38.74,94,92,377262
1.7889,0.2102,38.49,94,92,377266
1.7546,0.2102,38.65,94,92,377269
1.7498,0.2004,38.58,94,92,377272
1.7449,0.2004,38.68,94,92,377276
1.7498,0.2004,38.68,94,92,377279
1.7840,0.2102,38.49,94,92,377282
1.7644,0.1906,38.65,94,92,377285
1.7742,0.2053,38.55,94,92,377289
1.7644,0.2297,38.68,94,92,377292
1.7791,0.2004,38.68,94,92,377295
1.8133,0.2102,38.74,94,92,377299
1.7986,0.2102,38.68,94,92,377303
1.8377,0.1906,38.58,94,92,377306
1.7986,0.2004,38.65,94,92,377310
1.8182,0.1955,38.68,94,92,377313
1.8133,0.2053,38.58,94,92,377316
1.8084,0.2004,38.62,94,92,377320
1.8328,0.2004,38.46,94,92,377323
1.8084,0.2004,38.68,94,92,377326
1.8084,0.2004,38.68,94,92,377329
1.8328,0.2102,38.55,94,92,377333
1.8182,0.2004,38.68,94,92,377336
1.8671,0.2053,38.40,94,92,377339
1.8426,0.2199,38.62,94,92,377344
1.8280,0.1906,38.68,94,92,377347
1.8475,0.2102,38.62,94,92,377350
1.8280,0.2004,38.68,94,92,377354
1.8817,0.1906,38.40,94,92,377357
1.8475,0.2199,38.55,94,92,377360
1.8377,0.1955,38.68,94,92,377363
1.8475,0.2053,38.68,94,92,377367
1.8426,0.2004,38.74,94,92,377370
1.9013,0.2151,38.49,94,92,377373
1.8719,0.2053,38.62,94,92,377377
1.8817,0.2151,38.68,94,92,377380
1.8817,0.2053,38.68,94,92,377383
1.8964,0.2053,38.74,94,92,377388
1.9404,0.1906,38.58,94,92,377391
1.9159,0.2053,38.65,94,92,377394
1.9208,0.2053,38.52,94,92,377398
1.8817,0.2004,38.68,94,92,377401
1.8524,0.2004,37.93,94,92,377404
1.8573,0.2102,38.52,94,92,377407
1.8035,0.2004,38.65,94,92,377411
1.8182,0.2053,38.58,94,92,377414
1.7791,0.1906,38.65,94,92,377417
1.7693,0.2004,38.68,94,92,377421
1.7889,0.2053,38.58,94,92,377424
1.7644,0.2053,38.71,94,92,377427
1.7937,0.2053,38.49,94,92,377432
1.7546,0.2004,38.62,94,92,377435
1.7449,0.2053,38.68,94,92,377438
1.7498,0.2151,38.62,94,92,377441
1.7204,0.2004,38.74,94,92,377445
1.7498,0.2102,38.40,94,92,377448
1.7058,0.2004,38.65,94,92,377451
1.7107,0.2004,38.68,94,92,377455
1.7155,0.2297,38.62,94,92,377458
1.7107,0.2004,38.74,94,92,377461
1.7693,0.2151,38.40,94,92,377465
1.7400,0.2053,38.55,94,92,377468
1.7498,0.1955,38.68,94,92,377472
1.7400,0.2297,38.65,94,92,377476
1.7351,0.2346,38.68,94,92,377479
1.7791,0.2151,38.55,94,92,377482
1.7498,0.2102,38.62,94,92,377485
1.7595,0.2004,38.58,94,92,377489
1.7742,0.2004,38.77,94,92,377492
1.8084,0.2004,38.65,94,92,377495
1.8866,0.2151,38.55,94,92,377499
1.9257,0.2053,38.52,94,92,377502
2.0381,0.1955,38.55,94,92,377505
2.1505,0.2004,38.68,94,92,377509
2.3216,0.2004,38.68,94,92,377512
2.5806,0.2053,38.65,94,92,377516
2.8055,0.2004,38.68,94,92,377519
3.0645,0.2102,38.58,94,92,377523
3.2014,0.2395,38.62,94,92,377526
3.2600,0.2004,38.68,94,92,377529
3.2063,0.2102,38.58,94,92,377533
1.7791,0.2102,38.65,94,92,377536
1.5982,0.2004,38.77,94,92,377540
1.5249,0.2297,38.49,94,92,377543
1.4174,0.2004,38.55,94,92,377546
1.3636,0.1955,38.68,94,92,377550
1.3441,0.2151,38.65,94,92,377553
1.3294,0.2004,38.68,94,92,377556
1.3636,0.2199,38.49,94,92,377561
1.3930,0.2004,38.62,94,92,377564
1.3734,0.1906,38.62,94,92,377567
1.3881,0.2053,37.90,94,92,377570
1.3930,0.1955,38.68,94,92,377574
1.4418,0.2102,38.58,94,92,377577
1.4467,0.2199,38.65,94,92,377580
1.4907,0.1955,38.55,94,92,377584
1.4809,0.2053,38.71,94,92,377587
1.4956,0.2004,38.68,94,92,377590
1.5445,0.1906,38.52,94,92,377594
1.5200,0.2053,38.71,94,92,377597
1.5543,0.2151,38.55,94,92,377601
1.5396,0.1955,38.65,94,92,377604
1.5543,0.2004,38.71,94,92,377608
1.5787,0.2053,38.55,94,92,377611
1.5738,0.2004,38.74,94,92,377614
1.6080,0.2053,38.46,94,92,377618
1.6080,0.1955,38.62,94,92,377621
1.6178,0.2004,38.68,94,92,377624
1.6373,0.2102,38.62,94,92,377628
1.6325,0.2053,38.68,94,92,377631
1.6667,0.1906,38.43,94,92,377634
1.6471,0.1955,38.68,94,92,377638
1.6618,0.2004,38.68,94,92,377641
1.6716,0.2053,38.02,94,92,377645
1.6716,0.2053,38.65,94,92,377648
1.7253,0.2151,38.36,94,92,377652
1.6960,0.2053,38.62,94,92,377655
1.6960,0.1955,38.65,94,92,377658
1.7009,0.2053,38.81,94,92,377662
1.6911,0.2004,38.74,94,92,377665
1.7351,0.2199,38.46,94,92,377668
1.6960,0.2102,38.62,94,92,377672
1.6911,0.2004,38.58,94,92,377675
1.6911,0.2053,38.68,94,92,377678
1.7009,0.2004,38.68,94,92,377682
1.7449,0.2102,38.93,94,92,377686
1.7253,0.2053,38.68,94,92,377689
1.7449,0.2053,38.55,94,92,377692
1.7302,0.2004,38.65,94,92,377696
1.7449,0.2004,38.68,94,92,377699
1.7546,0.2053,38.62,94,92,377702
1.7449,0.2004,38.71,94,92,377706
1.7693,0.2248,38.55,94,92,377709
1.7400,0.2004,38.58,94,92,377712
1.7498,0.2004,38.74,94,92,377716
1.7742,0.2102,38.58,94,92,377719
1.7595,0.2004,38.55,94,92,377722
1.7889,0.2053,38.55,94,92,377725
1.7693,0.2053,38.58,94,92,377730
1.7742,0.2004,38.71,94,92,377733
1.7937,0.2493,38.58,94,92,377736
1.7693,0.1955,38.65,94,92,377740
1.8182,0.2102,38.43,94,92,377743
1.7840,0.2004,38.62,94,92,377746
1.7840,0.2004,38.71,94,92,377750
1.7986,0.1906,38.65,94,92,377753
1.7937,0.2004,38.68,94,92,377756
1.8426,0.2102,37.87,94,92,377759
1.8035,0.2004,38.58,94,92,377763
1.8084,0.1955,38.71,94,92,377766
1.8182,0.2053,38.65,94,92,377769
1.8328,0.2004,38.68,94,92,377774
1.8817,0.2199,38.49,94,92,377777
1.8426,0.2102,38.62,94,92,377780
1.8475,0.2053,38.58,94,92,377784
1.8475,0.2053,38.71,94,92,377787
1.8475,0.2004,38.65,94,92,377790
1.8866,0.2151,38.55,94,92,377793
1.8573,0.2053,38.52,94,92,377797
1.8719,0.2053,38.55,94,92,377800
1.8866,0.2004,38.68,94,92,377803
1.8622,0.2004,38.68,94,92,377807
1.8915,0.2053,38.58,94,92,377810
1.8671,0.2004,38.65,94,92,377814
1.8915,0.2102,38.58,94,92,377818
1.8719,0.2004,38.71,94,92,377821
1.9062,0.2004,38.68,94,92,377824
1.8768,0.2053,38.62,94,92,377828
1.8622,0.2053,38.77,94,92,377831
1.8768,0.2004,38.52,94,92,377834
1.8524,0.2004,38.68,94,92,377837
1.8475,0.2004,38.58,94,92,377841
1.8671,0.2053,38.55,94,92,377844
1.8328,0.2004,38.77,94,92,377847
1.8671,0.2102,38.49,94,92,377851
1.8719,0.2053,38.58,94,92,377854
1.8280,0.2004,38.68,94,92,377858
1.8475,0.2297,38.68,94,92,377862
1.8328,0.2004,38.65,94,92,377865
1.8768,0.2102,38.40,94,92,377868
1.8280,0.2004,38.58,94,92,377871
1.8182,0.2053,38.65,94,92,377875
1.8182,0.1906,38.65,94,92,377878
1.8133,0.2004,38.68,94,92,377881
1.8671,0.2199,38.43,94,92,377885
1.8377,0.2151,38.62,94,92,377888
1.8231,0.2004,38.58,94,92,377891
1.8182,0.2151,38.65,94,92,377895
1.8133,0.1955,38.62,94,92,377899
1.8573,0.2199,38.55,94,92,377902
1.8133,0.2053,38.65,94,92,377906
1.8182,0.2053,38.58,94,92,377909
1.7986,0.2004,38.68,94,92,377912
1.7937,0.2004,38.68,94,92,377915
1.8280,0.2102,38.52,94,92,377919
1.8035,0.2053,38.71,94,92,377922
1.8231,0.2102,38.46,94,92,377925
1.8035,0.2199,38.65,94,92,377929
1.8280,0.2053,38.68,94,92,377932
1.8182,0.2053,38.68,94,92,377935
1.8084,0.2102,38.65,94,92,377939
1.8671,0.2053,38.49,94,92,377943
1.8084,0.2004,38.62,94,92,377946
1.8133,0.2004,38.65,94,92,377949
1.8328,0.2151,38.58,94,92,377953
1.8133,0.2004,38.68,94,92,377956
1.8573,0.2053,38.55,94,92,377959
1.8231,0.2004,38.65,94,92,377963
1.8377,0.2004,38.68,94,92,377966
1.8622,0.2102,38.65,94,92,377969
1.8475,0.2053,38.68,94,92,377973
1.9062,0.2102,38.33,94,92,377976
1.8866,0.2053,38.62,94,92,377979
1.8915,0.1955,38.68,94,92,377984
1.9062,0.2053,38.62,94,92,377987
1.8915,0.2102,38.68,94,92,377990
1.9550,0.2199,38.49,94,92,377993
1.9159,0.2199,38.62,94,92,377997
1.9159,0.1955,38.62,94,92,378000
1.9208,0.2053,38.71,94,92,378003
1.9257,0.2004,38.71,94,92,378007
1.9697,0.2151,38.55,94,92,378010
1.9550,0.2053,38.71,94,92,378013
1.9746,0.2053,38.52,94,92,378017
1.9648,0.2053,38.71,94,92,378020
1.9648,0.2004,38.87,94,92,378023
1.9844,0.2053,38.65,94,92,378027
1.9550,0.2004,38.68,94,92,378031
1.9550,0.2102,38.55,94,92,378034
1.9013,0.2004,38.90,94,92,378037
1.8817,0.2004,38.65,94,92,378041
1.8915,0.2151,38.55,94,92,378044
1.8524,0.2053,38.58,94,92,378047
1.8671,0.2102,38.52,94,92,378051
1.8475,0.2004,38.62,94,92,378054
1.8328,0.2004,38.71,94,92,378057
1.8377,0.2151,38.55,94,92,378061
1.8035,0.2004,38.74,94,92,378064
1.8231,0.2053,38.43,94,92,378067
1.7791,0.2004,38.65,94,92,378071
1.7742,0.1906,38.68,94,92,378075
1.7742,0.2102,38.68,94,92,378078
1.7595,0.2199,38.68,94,92,378081
1.8182,0.2102,38.40,94,92,378085
1.7840,0.2004,38.62,94,92,378088
1.7791,0.1955,38.68,94,92,378091
1.7840,0.2053,38.65,94,92,378095
1.7742,0.2004,38.84,94,92,378098
1.8328,0.2248,38.46,94,92,378101
1.7986,0.1906,38.62,94,92,378104
1.7889,0.2004,38.62,94,92,378108
1.7840,0.2004,38.68,94,92,378112
1.7889,0.2004,38.68,94,92,378115
1.8328,0.2102,38.49,94,92,378119
1.8377,0.2004,38.68,94,92,378122
1.8719,0.2004,38.55,94,92,378125
1.8719,0.2053,38.68,94,92,378129
1.9306,0.2004,38.65,94,92,378132
2.0381,0.2151,38.52,94,92,378135
2.1310,0.2053,38.65,94,92,378138
2.3118,0.2053,38.68,94,92,378142
2.4682,0.2102,38.68,94,92,378145
3.1916,0.2004,38.74,94,92,378149
2.9912,0.2102,38.74,94,92,378152
2.7175,0.2102,38.62,94,92,378156
2.3900,0.2248,38.68,94,92,378160
2.1848,0.2151,38.46,94,92,378163
1.9355,0.2053,38.65,94,92,378166
1.7400,0.2053,38.65,94,92,378170
1.6178,0.2053,38.65,94,92,378173
1.5103,0.2004,38.77,94,92,378176
1.4858,0.2444,38.40,94,92,378179
1.4125,0.2053,38.55,94,92,378183
1.3783,0.1955,38.15,94,92,378186
1.3783,0.2102,38.65,94,92,378189
1.3734,0.2004,38.68,94,92,378193
1.4321,0.2151,38.58,94,92,378196
1.4223,0.2102,38.62,94,92,378200
1.4370,0.2004,38.55,94,92,378204
1.4418,0.2053,38.68,94,92,378207
1.4565,0.1906,38.68,94,92,378210
1.4956,0.2102,38.58,94,92,378214
1.4956,0.2053,38.65,94,92,378217
1.5347,0.1906,38.55,94,92,378220
1.5298,0.2151,38.74,94,92,378223
1.5494,0.2053,38.68,94,92,378227
1.5836,0.2151,38.58,94,92,378230
1.5738,0.1906,38.68,94,92,378233
1.5982,0.2053,38.52,94,92,378237
1.5787,0.2004,38.62,94,92,378241
1.5836,0.1955,38.68,94,92,378244
1.6031,0.2053,38.62,94,92,378248
1.5934,0.2199,38.65,94,92,378251
1.6422,0.2102,38.46,94,92,378254
1.6080,0.2053,38.52,94,92,378258
1.6129,0.2004,38.55,94,92,378261
1.6373,0.2151,38.62,94,92,378264
1.6325,0.2004,38.68,94,92,378267
1.6813,0.2102,38.40,94,92,378271
1.6471,0.2004,38.62,94,92,378274
1.6471,0.2053,38.68,94,92,378277
1.6569,0.2053,38.77,94,92,378281
1.6618,0.2004,38.74,94,92,378285
1.7155,0.2199,38.43,94,92,378288
1.6813,0.2053,38.65,94,92,378292
1.7204,0.2102,38.62,94,92,378295
1.6911,0.2053,38.90,94,92,378298
1.6960,0.2004,38.74,94,92,378301
1.7400,0.2151,38.49,94,92,378305
1.7155,0.2053,38.65,94,92,378308
1.7253,0.1955,38.77,94,92,378311
1.7253,0.2004,38.68,94,92,378315
1.7204,0.2004,38.68,94,92,378318
1.7498,0.2102,38.52,94,92,378321
1.7302,0.2004,38.68,94,92,378326
1.7595,0.2053,38.52,94,92,378329
1.7400,0.2053,38.74,94,92,378332
1.7498,0.2053,38.68,94,92,378336
1.7693,0.2053,38.58,94,92,378339
1.7546,0.2004,38.68,94,92,378342
1.7937,0.2004,38.52,94,92,378345
1.7644,0.2053,38.68,94,92,378349
1.7791,0.2004,38.71,94,92,378352
1.7937,0.2004,38.68,94,92,378355
1.7840,0.2053,38.74,94,92,378359
1.8182,0.2053,38.46,94,92,378362
1.8035,0.2004,38.55,94,92,378365
1.7986,0.1906,38.74,94,92,378370
1.8182,0.1955,38.62,94,92,378373
1.8035,0.2053,38.68,94,92,378376
1.8524,0.2102,38.40,94,92,378379
1.8084,0.2004,38.58,94,92,378383
1.8035,0.2053,38.68,94,92,378386
1.8035,0.1906,38.62,94,92,378389
1.8035,0.2004,38.68,94,92,378393
1.8573,0.2199,38.46,94,92,378396
1.8377,0.2004,38.58,94,92,378399
1.8231,0.1955,38.65,94,92,378403
1.8328,0.2053,38.65,94,92,378406
1.8426,0.2004,38.68,94,92,378409
1.8866,0.2199,38.52,94,92,378413
1.8573,0.2053,38.62,94,92,378417
1.8671,0.2053,38.58,94,92,378420
1.8524,0.2053,38.65,94,92,378423
1.8573,0.2004,38.68,94,92,378427
1.8866,0.2151,38.52,94,92,378430
1.8573,0.2102,38.68,94,92,378433
1.8866,0.2004,38.52,94,92,378437
1.8622,0.2102,38.77,94,92,378440
1.8622,0.2004,38.65,94,92,378443
1.8768,0.1906,38.58,94,92,378447
1.8328,0.2004,38.68,94,92,378450
1.8524,0.2053,38.52,94,92,378454
1.8035,0.1955,38.65,94,92,378457
1.7986,0.2004,38.68,94,92,378461
1.8035,0.2053,38.55,94,92,378464
1.7937,0.2102,38.68,94,92,378467
1.8231,0.2053,38.46,94,92,378471
1.7986,0.2004,38.71,94,92,378474
1.7986,0.2004,38.68,94,92,378477
1.8182,0.2102,38.71,94,92,378481
1.7937,0.2053,38.68,94,92,378484
1.8377,0.2102,38.46,94,92,378487
1.8084,0.1955,38.58,94,92,378490
1.7937,0.2004,38.68,94,92,378494
1.8035,0.2102,38.65,94,92,378498
1.7937,0.2053,38.65,94,92,378501
1.8524,0.2199,38.43,94,92,378505
1.8133,0.2102,38.68,94,92,378508
1.7889,0.2004,38.62,94,92,378511
1.7693,0.2004,38.68,94,92,378515
1.7546,0.2004,38.68,94,92,378518
1.7986,0.2151,38.52,94,92,378521
1.7791,0.2053,38.65,94,92,378525
1.7889,0.2053,38.65,94,92,378528
1.7791,0.2102,38.65,94,92,378531
1.7742,0.2004,38.68,94,92,378534
1.8035,0.2102,38.65,94,92,378539
1.7889,0.2102,38.65,94,92,378542
1.8084,0.2004,38.52,94,92,378545
1.7840,0.2053,38.65,94,92,378549
1.7889,0.2102,38.68,94,92,378552
1.8182,0.2102,38.58,94,92,378555
1.7791,0.2346,38.68,94,92,378559
1.7986,0.2004,38.52,94,92,378562
1.7791,0.2004,38.62,94,92,378565
1.7840,0.2004,38.68,94,92,378568
1.8133,0.2102,38.55,94,92,378572
1.7986,0.2004,38.68,94,92,378575
1.8328,0.2053,38.49,94,92,378578
1.8084,0.2004,38.65,94,92,378583
1.7986,0.2004,38.68,94,92,378586
1.8182,0.2102,38.58,94,92,378589
1.8035,0.1857,38.65,94,92,378593
1.8573,0.2151,38.40,94,92,378596
1.8035,0.2199,38.58,94,92,378599
1.8035,0.2053,38.68,94,92,378603
1.8231,0.2102,38.62,94,92,378606
1.8133,0.2004,38.65,94,92,378609
1.8719,0.2248,38.43,94,92,378612
1.8475,0.2102,38.58,94,92,378616
1.8426,0.2004,38.58,94,92,378619
1.8524,0.1906,38.68,94,92,378622
1.8524,0.2053,38.81,94,92,378627
1.8964,0.2102,38.55,94,92,378630
1.8768,0.2102,38.62,94,92,378633
1.8866,0.2053,38.62,94,92,378637
1.8915,0.2004,38.68,94,92,378640
1.8866,0.2004,38.68,94,92,378643
1.9306,0.2102,38.55,94,92,378646
1.9306,0.2102,38.65,94,92,378650
1.9746,0.2102,38.52,94,92,378653
1.9501,0.2053,38.74,94,92,378656
1.9453,0.2053,38.68,94,92,378660
1.9404,0.2053,38.62,94,92,378663
1.9013,0.2053,38.58,94,92,378667
1.8964,0.2151,38.62,94,92,378671
1.8377,0.2053,38.68,94,92,378674
1.8182,0.2004,38.65,94,92,378677
1.8280,0.2102,38.55,94,92,378681
1.7937,0.2004,38.71,94,92,378684
1.8231,0.2297,38.43,94,92,378687
1.8035,0.2053,38.58,94,92,378690
1.7937,0.2004,38.68,94,92,378694
1.8328,0.2151,38.62,94,92,378697
1.7742,0.2004,38.68,94,92,378700
1.8035,0.2102,38.40,94,92,378704
1.7595,0.2004,38.58,94,92,378707
1.7498,0.2004,38.68,94,92,378711
1.7546,0.2053,38.65,94,92,378715
1.7498,0.2102,38.65,94,92,378718
1.7889,0.2248,38.43,94,92,378721
1.7498,0.2297,38.62,94,92,378725
1.7498,0.1906,38.62,94,92,378728
1.7449,0.2053,38.65,94,92,378731
1.7400,0.2004,38.68,94,92,378734
1.7937,0.2151,38.55,94,92,378738
1.7693,0.2053,38.62,94,92,378741
1.7644,0.2102,38.55,94,92,378744
1.7400,0.2102,38.62,94,92,378748
1.7400,0.2004,38.68,94,92,378752
1.7791,0.2199,38.52,94,92,378755
2.0821,0.2004,38.52,94,92,378759
2.2630,0.2053,38.68,94,92,378762
2.4878,0.2053,38.49,94,92,378766
2.6979,0.2248,38.62,94,92,378769
2.9570,0.2004,38.68,94,92,378772
3.2014,0.2102,38.62,94,92,378775
3.2893,0.2004,38.68,94,92,378779
3.3333,0.2102,38.49,94,92,378782
3.0645,0.2004,38.62,94,92,378785
2.7517,0.2004,38.68,94,92,378789
2.4340,0.2102,38.71,94,92,378792
2.1310,0.2053,38.68,94,92,378796
1.9355,0.2199,38.43,94,92,378800
1.6960,0.2102,38.55,94,92,378803
1.5494,0.2004,38.62,94,92,378806
1.4565,0.2053,38.71,94,92,378809
1.3978,0.2395,38.71,94,92,378813
1.3930,0.2151,38.49,94,92,378816
1.3539,0.2395,38.58,94,92,378819
1.3441,0.2004,38.58,94,92,378823
1.3148,0.2053,38.68,94,92,378826
1.3441,0.2053,38.55,94,92,378829
1.3930,0.2102,38.55,94,92,378833
1.4027,0.2053,38.36,94,92,378836
1.4321,0.2102,38.52,94,92,378840
1.4223,0.1906,38.68,94,92,378844
1.4272,0.2053,38.65,94,92,378847
1.4516,0.2004,38.62,94,92,378850
1.4614,0.2053,38.68,94,92,378853
1.5200,0.2053,38.52,94,92,378857
1.5298,0.2004,38.68,94,92,378860
1.5543,0.2004,38.68,94,92,378863
1.5787,0.2102,38.62,94,92,378867
1.5591,0.2053,38.71,94,92,378870
1.5885,0.2053,38.46,94,92,378873
1.5836,0.2151,38.58,94,92,378877
1.5982,0.2004,38.68,94,92,378881
1.6373,0.2444,38.62,94,92,378884
1.6422,0.2053,38.68,94,92,378888
1.6764,0.2102,38.49,94,92,378891
1.6422,0.2004,38.58,94,92,378894
1.6227,0.1906,38.68,94,92,378897
1.6276,0.2053,38.68,94,92,378901
1.6276,0.2004,38.68,94,92,378904
1.7155,0.2199,38.43,94,92,378907
1.6618,0.2102,38.58,94,92,378911
1.6764,0.2004,38.58,94,92,378914
1.6569,0.2053,38.65,94,92,378917
1.6667,0.1955,38.68,94,92,378921
1.7155,0.2102,38.55,94,92,378925
1.6862,0.2053,38.68,94,92,378928
1.6911,0.2248,38.55,94,92,378932
1.6716,0.2004,38.68,94,92,378935
1.6813,0.2004,38.68,94,92,378938
1.7302,0.2102,38.52,94,92,378941
1.7253,0.2053,38.74,94,92,378945
1.7400,0.2102,38.52,94,92,378948
1.7155,0.2004,38.65,94,92,378951
1.7058,0.2004,38.68,94,92,378955
1.7155,0.2053,38.55,94,92,378958
1.7351,0.2004,38.68,94,92,378961
1.7498,0.2053,38.52,94,92,378966
1.7204,0.2004,38.30,94,92,378969
1.7253,0.2053,38.65,94,92,378972
1.7449,0.2053,38.55,94,92,378975
1.7253,0.2004,38.81,94,92,378979
1.7595,0.2053,38.43,94,92,378982
1.7253,0.1906,38.65,94,92,378985
1.7351,0.2004,38.11,94,92,378989
1.7546,0.2053,38.65,94,92,378992
1.7498,0.2004,38.68,94,92,378995
1.7986,0.2102,38.33,94,92,378999
1.7840,0.2102,38.62,94,92,379002
1.7840,0.2004,38.68,94,92,379005
1.8084,0.2053,38.71,94,92,379009
1.7840,0.2151,38.68,94,92,379013
1.8133,0.1906,38.43,94,92,379016
1.7595,0.2346,38.58,94,92,379019
1.7595,0.2053,38.62,94,92,379023
1.7546,0.2053,38.68,94,92,379026
1.7742,0.2053,38.68,94,92,379029
1.8328,0.2151,38.55,94,92,379033
1.8182,0.2053,37.87,94,92,379036
1.8377,0.2444,38.55,94,92,379039
1.8426,0.2053,38.68,94,92,379043
1.8622,0.2053,38.68,94,92,379046
1.8817,0.2102,38.62,94,92,379049
1.8573,0.2053,38.68,94,92,379053
1.8817,0.2199,38.55,94,92,379057
1.8475,0.2004,38.74,94,92,379060
1.8475,0.2004,38.68,94,92,379063
1.9062,0.2151,38.58,94,92,379067
1.8671,0.2053,38.74,94,92,379070
1.9013,0.2053,38.49,94,92,379073
1.9110,0.2004,38.58,94,92,379077
1.9208,0.1906,38.71,94,92,379080
1.9208,0.2102,38.55,94,92,379083
1.8573,0.2004,38.68,94,92,379087
1.8622,0.2151,38.43,94,92,379090
1.8280,0.2102,38.49,94,92,379094
1.8328,0.2053,38.68,94,92,379097
1.8573,0.2102,38.68,94,92,379101
1.8377,0.2053,38.65,94,92,379104
1.8866,0.2248,38.40,94,92,379107
1.8475,0.2004,38.65,94,92,379111
1.8622,0.2004,38.71,94,92,379114
1.8719,0.2004,38.65,94,92,379117
1.8622,0.2004,38.81,94,92,379121
1.8964,0.2493,38.46,94,92,379124
1.8377,0.2102,38.62,94,92,379127
1.8182,0.2004,38.74,94,92,379130
1.8133,0.2004,38.68,94,92,379134
1.8035,0.2004,38.71,94,92,379138
1.8377,0.2102,38.58,94,92,379141
1.8280,0.2151,38.65,94,92,379145
1.8524,0.2053,38.55,94,92,379148
1.8231,0.2053,38.71,94,92,379151
1.7986,0.2004,38.68,94,92,379155
1.8133,0.2102,38.58,94,92,379158
1.7986,0.2053,38.65,94,92,379161
1.8475,0.2004,38.55,94,92,379165
1.7840,0.1906,38.68,94,92,379168
1.7742,0.2004,38.68,94,92,379171
1.7889,0.2004,38.68,94,92,379174
1.7986,0.2053,38.68,94,92,379179
1.8328,0.2053,38.58,94,92,379182
1.8231,0.2053,38.68,94,92,379185
1.8328,0.2004,38.74,94,92,379189
1.8573,0.2102,38.58,94,92,379192
1.8475,0.2053,38.68,94,92,379195
1.8671,0.2102,38.43,94,92,379199
1.8328,0.2053,38.55,94,92,379202
1.8035,0.2004,38.68,94,92,379205
1.8231,0.2102,38.62,94,92,379208
1.8182,0.2004,38.71,94,92,379212
1.8817,0.2151,38.36,94,92,379215
1.8475,0.2053,38.52,94,92,379218
1.8475,0.1906,38.65,94,92,379223
1.8573,0.2004,38.68,94,92,379226
1.8475,0.2004,38.68,94,92,379229
1.9062,0.2199,38.46,94,92,379233
1.8671,0.2102,38.62,94,92,379236
1.8671,0.2004,38.62,94,92,379239
1.8524,0.2102,38.68,94,92,379243
1.8280,0.2004,38.68,94,92,379246
1.8622,0.2151,38.58,94,92,379249
1.8573,0.2151,38.68,94,92,379252
1.8768,0.2053,38.55,94,92,379256
1.8768,0.2053,38.68,94,92,379259
1.8622,0.2053,38.68,94,92,379262
1.9013,0.2151,38.62,94,92,379267
1.8915,0.2053,38.65,94,92,379270
1.9306,0.2102,38.58,94,92,379273
1.9159,0.1955,38.65,94,92,379277
1.9257,0.2004,38.71,94,92,379280
1.9453,0.2102,38.55,94,92,379283
1.9355,0.2004,38.65,94,92,379286
1.9746,0.2004,38.52,94,92,379290
1.9453,0.2004,38.62,94,92,379293
1.9257,0.2102,38.65,94,92,379296
1.8964,0.2151,38.62,94,92,379300
1.8377,0.2053,38.30,94,92,379303
1.8426,0.2053,38.40,94,92,379307
1.7889,0.1906,38.65,94,92,379311
1.7937,0.2004,38.68,94,92,379314
1.8035,0.2102,38.65,94,92,379317
1.7840,0.2053,38.68,94,92,379321
1.8231,0.2151,38.30,94,92,379324
1.7742,0.2151,38.58,94,92,379327
1.7449,0.1906,38.68,94,92,379330
1.7351,0.2395,38.65,94,92,379334
1.7204,0.2004,38.68,94,92,379337
1.7644,0.2199,38.49,94,92,379340
1.7351,0.2053,38.58,94,92,379344
1.7351,0.2004,38.58,94,92,379347
1.7253,0.2053,38.68,94,92,379351
1.7204,0.2004,38.77,94,92,379355
1.7498,0.2102,38.52,94,92,379358
1.7351,0.2053,38.65,94,92,379361
1.7546,0.2053,38.58,94,92,379364
1.7302,0.2053,38.90,94,92,379368
1.7449,0.2004,38.74,94,92,379371
1.7742,0.2004,38.71,94,92,379375
1.8426,0.2151,38.58,94,92,379378
1.8866,0.2053,38.68,94,92,379381
2.0479,0.2053,38.46,94,92,379385
2.1554,0.2053,38.62,94,92,379388
2.3314,0.2004,38.68,94,92,379392
2.5904,0.2053,38.68,94,92,379396
2.8299,0.2004,38.68,94,92,379399
3.1818,0.2151,38.43,94,92,379402
3.2796,0.2053,38.58,94,92,379405
3.3333,0.1955,38.71,94,92,379409
3.2063,0.2102,38.74,94,92,379412
2.8983,0.2297,38.65,94,92,379415
2.6295,0.2199,38.43,94,92,379419
2.2532,0.2102,38.90,94,92,379422
1.9746,0.2004,38.68,94,92,379425
1.7546,0.2102,38.68,94,92,379429
1.5787,0.2004,38.81,94,92,379432
1.4761,0.2199,38.52,94,92,379436
1.3587,0.1906,38.65,94,92,379440
1.3099,0.2053,38.58,94,92,379443
1.2854,0.2004,38.68,94,92,379446
1.2757,0.2004,38.68,94,92,379449
1.3099,0.2053,38.49,94,92,379453
1.3196,0.2102,38.65,94,92,379456
1.3587,0.2053,38.55,94,92,379459
1.3636,0.2053,38.65,94,92,379463
1.3881,0.2053,38.68,94,92,379466
1.4272,0.2053,38.71,94,92,379469
1.4418,0.2053,38.65,94,92,379473
1.5005,0.2053,38.52,94,92,379476
1.4858,0.2004,38.62,94,92,379480
1.5005,0.2053,38.77,94,92,379483
1.5249,0.2151,38.55,94,92,379487
1.5249,0.2053,38.68,94,92,379490
1.5591,0.2053,37.68,94,92,379493
1.5543,0.2053,38.68,94,92,379497
1.5396,0.2004,38.74,94,92,379500
1.5494,0.2102,38.65,94,92,379503
1.5494,0.2053,38.68,94,92,379507
1.5982,0.2151,38.52,94,92,379510
1.5836,0.2102,38.68,94,92,379513
1.5836,0.2004,38.68,94,92,379517
1.6031,0.2199,38.65,94,92,379521
1.6031,0.2102,38.68,94,92,379524
1.6471,0.2199,38.46,94,92,379527
1.6276,0.2151,38.62,94,92,379531
1.6227,0.2004,38.58,94,92,379534
1.6373,0.2053,38.30,94,92,379537
1.6471,0.2004,38.77,94,92,379541
1.6862,0.2102,38.52,94,92,379544
1.6471,0.2053,38.65,94,92,379547
1.6569,0.2004,38.52,94,92,379551
1.6373,0.2102,38.68,94,92,379554
1.6471,0.2004,38.77,94,92,379557
1.6667,0.2248,38.62,94,92,379561
1.6569,0.2053,38.68,94,92,379565
1.6764,0.2102,38.52,94,92,379568
1.6569,0.2004,38.68,94,92,379571
1.6569,0.2004,38.68,94,92,379575
1.6813,0.2102,37.87,94,92,379578
1.6618,0.2053,38.68,94,92,379581
1.6911,0.2053,38.52,94,92,379585
1.6862,0.2199,38.58,94,92,379588
1.6862,0.1906,38.68,94,92,379591
1.7204,0.2102,38.52,94,92,379595
1.7107,0.2053,38.74,94,92,379598
1.7498,0.2102,38.43,94,92,379601
1.7253,0.2444,38.65,94,92,379606
1.7546,0.2053,38.68,94,92,379609
1.7351,0.2102,38.65,94,92,379612
1.7155,0.2004,38.81,94,92,379615
1.7840,0.2151,38.36,94,92,379619
1.7498,0.2053,38.52,94,92,379622
1.7498,0.2053,38.68,94,92,379625
1.7449,0.2004,38.68,94,92,379629
1.7498,0.2004,38.68,94,92,379632
1.8035,0.2199,38.49,94,92,379635
1.7595,0.2053,38.68,94,92,379639
1.7644,0.2004,38.65,94,92,379642
1.7791,0.2004,38.65,94,92,379645
1.7498,0.2004,38.68,94,92,379649
1.7937,0.2151,38.49,94,92,379653
1.7644,0.1906,38.65,94,92,379656
1.7937,0.2053,38.55,94,92,379659
1.7742,0.2053,38.65,94,92,379663
1.8084,0.2053,38.68,94,92,379666
1.8084,0.2102,38.58,94,92,379669
1.7986,0.2053,38.87,94,92,379673
1.8328,0.2199,38.55,94,92,379676
1.8182,0.2004,38.68,94,92,379679
1.8377,0.2004,38.81,94,92,379682
1.8524,0.2151,38.62,94,92,379686
1.8377,0.1906,38.68,94,92,379689
1.8622,0.2053,38.49,94,92,379693
1.8426,0.2053,38.68,94,92,379697
1.8426,0.2004,38.68,94,92,379700
1.8622,0.2102,38.62,94,92,379703
1.8377,0.2053,38.68,94,92,379707
1.8817,0.2102,38.40,94,92,379710
1.8817,0.2102,38.58,94,92,379713
1.8328,0.2004,38.71,94,92,379717
1.8377,0.2102,38.62,94,92,379720
1.8426,0.2004,38.71,94,92,379723
1.8768,0.2151,38.40,94,92,379726
1.8280,0.2004,38.52,94,92,379730
1.8182,0.1955,38.68,94,92,379734
1.8084,0.2053,38.71,94,92,379737
1.8035,0.2004,38.65,94,92,379741
1.8524,0.2297,38.49,94,92,379744
1.8084,0.2102,38.62,94,92,379747
1.7986,0.2004,38.58,94,92,379751
1.7889,0.2248,38.65,94,92,379754
1.7889,0.2053,38.18,94,92,379757
1.8182,0.2151,38.55,94,92,379761
1.7986,0.2053,38.65,94,92,379764
1.8084,0.2053,38.55,94,92,379767
1.8035,0.1955,38.71,94,92,379770
1.7742,0.2004,38.71,94,92,379774
1.8035,0.2151,38.52,94,92,379778
1.7791,0.2053,38.65,94,92,379781
1.8035,0.2102,38.62,94,92,379785
1.7742,0.2004,38.65,94,92,379788
1.7791,0.2102,38.68,94,92,379791
1.7986,0.2053,38.65,94,92,379795
1.7889,0.2102,38.65,94,92,379798
1.8475,0.2053,38.49,94,92,379801
1.7889,0.2053,38.65,94,92,379804
1.7937,0.2199,38.65,94,92,379808
1.8035,0.2102,38.62,94,92,379811
1.7986,0.2053,38.71,94,92,379814
1.8377,0.2102,38.62,94,92,379819
1.8035,0.2004,38.55,94,92,379822
1.8133,0.2004,38.71,94,92,379825
1.8231,0.2199,38.62,94,92,379829
1.8182,0.2004,38.68,94,92,379832
1.8671,0.2151,38.36,94,92,379835
1.8768,0.2151,38.55,94,92,379839
1.8377,0.1955,38.11,94,92,379842
1.8475,0.2053,38.65,94,92,379845
1.8475,0.2004,38.71,94,92,379848
1.8964,0.2151,38.43,94,92,379852
1.8622,0.2102,38.62,94,92,379855
1.8671,0.2004,38.77,94,92,379858
1.8524,0.2151,38.68,94,92,379863
1.8524,0.2004,38.68,94,92,379866
1.8719,0.2102,38.52,94,92,379869
1.8866,0.2004,38.71,94,92,379873
1.8915,0.2053,38.55,94,92,379876
1.8768,0.2053,38.68,94,92,379879
1.8866,0.2053,38.68,94,92,379883
1.9013,0.2053,38.58,94,92,379886
1.8915,0.2053,38.65,94,92,379889
1.9257,0.2053,38.55,94,92,379892
1.8915,0.2053,38.74,94,92,379896
1.8964,0.2053,38.68,94,92,379899
1.9306,0.2102,38.55,94,92,379902
1.9355,0.2102,38.68,94,92,379907
1.9746,0.2053,38.46,94,92,379910
1.9746,0.2053,38.55,94,92,379913
1.9697,0.2151,38.68,94,92,379917
1.9892,0.2102,38.62,94,92,379920
1.9599,0.2053,38.68,94,92,379923
1.9941,0.2151,38.40,94,92,379927
1.9306,0.2151,38.62,94,92,379930
1.9013,0.2004,38.65,94,92,379933
1.8817,0.2053,38.65,94,92,379936
1.8622,0.2053,38.87,94,92,379940
1.9013,0.2297,38.43,94,92,379943
1.8524,0.2102,38.62,94,92,379947
1.8377,0.2004,38.62,94,92,379951
1.8622,0.2102,38.68,94,92,379954
1.8133,0.2053,38.65,94,92,379957
1.8475,0.2199,38.55,94,92,379961
1.7986,0.2053,38.65,94,92,379964
1.7889,0.2053,38.49,94,92,379967
1.7742,0.2004,38.68,94,92,379971
1.7644,0.2004,38.68,94,92,379974
1.7937,0.2102,38.71,94,92,379977
1.7840,0.2151,38.52,94,92,379981
1.7840,0.2004,38.68,94,92,379984
1.7986,0.2053,38.46,94,92,379987
1.7693,0.2053,38.62,94,92,379992
1.7644,0.2004,38.68,94,92,379995
1.7986,0.2102,38.62,94,92,379998
1.7986,0.2053,38.81,94,92,380002
1.8671,0.2346,38.36,94,92,380005
1.8671,0.2004,38.62,94,92,380008
1.9208,0.2053,38.68,94,92,380012
1.9941,0.2102,38.68,94,92,380015
2.0821,0.2053,38.68,94,92,380018
2.2825,0.2199,38.43,94,92,380021
2.4242,0.2053,38.62,94,92,380025
2.6295,0.2004,38.62,94,92,380028
2.8788,0.2004,38.68,94,92,380032
3.1085,0.2053,38.68,94,92,380036
3.3773,0.2151,38.49,94,92,380039
3.3089,0.2199,38.65,94,92,380042
3.1427,0.2102,38.58,94,92,380046
2.8348,0.2053,38.68,94,92,380049
2.5122,0.2004,38.68,94,92,380052
2.2532,0.2151,38.55,94,92,380056
1.9844,0.2053,38.65,94,92,380059
1.8084,0.2053,38.52,94,92,380062
1.6422,0.2053,38.68,94,92,380065
1.5347,0.2004,38.68,94,92,380069
1.4712,0.2395,38.62,94,92,380072
1.4174,0.2053,38.68,94,92,380076
1.4174,0.2004,38.62,94,92,380080
1.3881,0.2004,38.68,94,92,380083
1.3881,0.1906,38.74,94,92,380086
1.4125,0.2151,38.55,94,92,380090
1.4174,0.2053,38.68,94,92,380093
1.4516,0.2102,38.43,94,92,380096
1.4467,0.2004,38.58,94,92,380100
1.4565,0.2004,38.68,94,92,380103
1.4956,0.2102,38.62,94,92,380106
1.4907,0.2053,38.68,94,92,380109
1.5543,0.2102,38.40,94,92,380113
1.5396,0.2102,38.68,94,92,380116
1.5640,0.2004,38.68,94,92,380120
1.5787,0.2053,38.68,94,92,380124
1.5787,0.2053,38.90,94,92,380127
1.6325,0.2395,38.40,94,92,380130
1.6080,0.2053,38.62,94,92,380134
1.6080,0.2004,38.65,94,92,380137
1.6080,0.2053,38.71,94,92,380140
1.6227,0.2053,38.68,94,92,380143
1.6569,0.2199,38.55,94,92,380147
1.6373,0.2053,38.62,94,92,380150
1.6422,0.2004,38.58,94,92,380153
1.6422,0.2053,38.90,94,92,380157
1.6520,0.2542,38.71,94,92,380161
1.7009,0.2151,38.52,94,92,380164
1.6813,0.2053,38.55,94,92,380168
1.7009,0.2151,38.52,94,92,380171
1.6813,0.2053,38.68,94,92,380174
1.6862,0.2004,38.71,94,92,380177
1.7155,0.2053,38.58,94,92,380181
1.7058,0.1906,38.68,94,92,380184
1.7351,0.2053,38.58,94,92,380187
1.7107,0.2053,38.65,94,92,380191
1.7204,0.2004,38.68,94,92,380194
1.7400,0.2053,38.55,94,92,380197
1.7302,0.2004,38.90,94,92,380201
1.7644,0.2199,38.46,94,92,380205
1.7449,0.2053,38.71,94,92,380208
1.7546,0.2004,38.81,94,92,380211
1.7742,0.2102,38.62,94,92,380215
1.7693,0.2053,38.71,94,92,380218
1.8133,0.2151,38.40,94,92,380221
1.7986,0.2053,38.62,94,92,380225
1.7889,0.2004,38.71,94,92,380228
1.8035,0.2004,38.65,94,92,380231
1.7986,0.2053,38.68,94,92,380235
1.8475,0.2199,38.46,94,92,380238
1.8035,0.2395,38.55,94,92,380241
1.7889,0.1955,38.65,94,92,380246
1.7986,0.2053,38.65,94,92,380249
1.7937,0.2004,38.68,94,92,380252
1.8377,0.2297,38.52,94,92,380255
1.8084,0.2102,38.62,94,92,380259
1.8084,0.2004,38.62,94,92,380262
1.7937,0.2395,38.84,94,92,380265
1.7937,0.2004,38.77,94,92,380269
1.8231,0.2297,38.68,94,92,380272
1.7986,0.2053,38.65,94,92,380275
1.8133,0.2053,38.58,94,92,380279
1.8084,0.1906,38.68,94,92,380282
1.8133,0.2004,38.68,94,92,380285
1.8475,0.2151,38.40,94,92,380289
1.8280,0.1906,38.68,94,92,380293
1.8622,0.2053,38.62,94,92,380296
1.8377,0.2004,38.65,94,92,380299
1.8866,0.2004,38.68,94,92,380303
1.8866,0.2102,38.33,94,92,380306
1.8719,0.2102,38.71,94,92,380309
1.9501,0.2053,38.46,94,92,380313
1.8915,0.2053,38.58,94,92,380316
1.8866,0.1955,38.71,94,92,380319
1.9013,0.2102,38.62,94,92,380323
1.8817,0.2053,38.62,94,92,380326
1.9208,0.2297,38.49,94,92,380329
1.8671,0.2004,38.62,94,92,380333
1.8622,0.2004,38.68,94,92,380337
1.8622,0.2102,38.71,94,92,380340
1.8475,0.2053,38.71,94,92,380343
1.8964,0.2199,38.43,94,92,380347
1.8671,0.2102,38.58,94,92,380350
1.8671,0.2004,38.65,94,92,380353
1.8768,0.2004,38.65,94,92,380357
1.8768,0.2053,38.68,94,92,380360
1.9062,0.2102,38.49,94,92,380363
1.8622,0.2102,38.62,94,92,380367
1.8426,0.1906,38.58,94,92,380370
1.8280,0.2053,38.74,94,92,380374
1.8280,0.2346,38.68,94,92,380377
1.8622,0.2102,38.55,94,92,380381
1.8426,0.2053,38.71,94,92,380384
1.8573,0.2102,38.52,94,92,380387
1.8280,0.2053,38.65,94,92,380391
1.8231,0.2004,38.65,94,92,380394
1.8182,0.2053,38.58,94,92,380397
1.8133,0.2053,38.68,94,92,380401
1.8328,0.2053,38.49,94,92,380404
1.7986,0.2053,38.71,94,92,380407
1.7986,0.2004,38.68,94,92,380410
1.8182,0.2151,38.52,94,92,380414
1.7937,0.2053,38.68,94,92,380418
1.8231,0.2053,38.43,94,92,380421
1.8035,0.1906,38.55,94,92,380425
1.8035,0.2004,38.71,94,92,380428
1.8328,0.2199,38.62,94,92,380431
1.8084,0.2004,38.68,94,92,380435
1.8573,0.2102,38.46,94,92,380438
1.8133,0.2004,38.62,94,92,380441
1.8084,0.2004,38.68,94,92,380445
1.8231,0.2102,38.68,94,92,380448
1.8231,0.2004,38.55,94,92,380451
1.8817,0.2444,38.43,94,92,380454
1.8328,0.2102,38.68,94,92,380459
1.8328,0.2004,38.62,94,92,380462
1.8377,0.2004,38.68,94,92,380465
1.8377,0.2004,38.71,94,92,380469
1.8719,0.2199,38.55,94,92,380472
1.8475,0.2102,38.65,94,92,380475
1.8426,0.2053,38.52,94,92,380479
1.8231,0.1906,38.68,94,92,380482
1.8231,0.2004,38.77,94,92,380485
1.8671,0.2102,38.46,94,92,380488
1.8475,0.1906,38.65,94,92,380492
1.8866,0.2102,38.58,94,92,380495
1.8622,0.2053,38.68,94,92,380498
1.8573,0.2053,38.68,94,92,380503
1.8866,0.2102,38.52,94,92,380506
1.8719,0.2053,38.68,94,92,380509
1.9257,0.2004,38.52,94,92,380513
1.8671,0.2004,38.55,94,92,380516
1.8671,0.2102,38.68,94,92,380519
1.9013,0.2053,38.58,94,92,380523
1.9110,0.2053,38.71,94,92,380526
1.9648,0.2102,38.43,94,92,380529
1.9453,0.1906,38.68,94,92,380532
1.9501,0.2004,38.77,94,92,380536
1.9697,0.2395,38.62,94,92,380539
1.9599,0.2004,38.68,94,92,380542
2.0186,0.2248,38.40,94,92,380547
1.9892,0.2053,38.55,94,92,380550
1.9550,0.2004,38.68,94,92,380553
1.9404,0.2053,38.65,94,92,380557
1.9062,0.2053,38.68,94,92,380560
1.9257,0.2199,38.43,94,92,380563
1.8817,0.2151,38.58,94,92,380566
1.8768,0.1955,38.62,94,92,380570
1.8475,0.2053,38.68,94,92,380573
1.8280,0.2395,38.68,94,92,380576
1.8573,0.2151,38.52,94,92,380580
1.8084,0.2053,38.65,94,92,380583
1.8084,0.2053,38.55,94,92,380587
1.7791,0.1906,38.68,94,92,380591
1.7400,0.2004,38.68,94,92,380594
1.7351,0.2004,38.77,94,92,380598
1.7644,0.2102,38.55,94,92,380601
1.7449,0.2053,38.68,94,92,380604
1.7791,0.2102,38.40,94,92,380608
1.7644,0.2004,38.58,94,92,380611
1.7644,0.2004,38.68,94,92,380614
1.7937,0.2297,38.62,94,92,380617
1.7693,0.2053,38.68,94,92,380621
1.8084,0.2102,38.40,94,92,380624
1.7693,0.2346,38.58,94,92,380627
1.7742,0.2004,38.74,94,92,380632
1.7986,0.2053,38.71,94,92,380635
1.8182,0.2102,38.68,94,92,380638
1.9257,0.2248,38.43,94,92,380642
1.9257,0.2053,38.58,94,92,380645
1.9892,0.2004,38.62,94,92,380648
2.0968,0.2053,38.68,94,92,380652
2.2385,0.2004,38.58,94,92,380655
2.4731,0.2199,38.55,94,92,380658
2.6686,0.1906,38.65,94,92,380661
2.9130,0.2053,38.87,94,92,380665
3.1134,0.2004,38.68,94,92,380668
3.2258,0.2004,38.68,94,92,380672
3.2454,0.2102,38.68,94,92,380676
2.9961,0.2053,38.65,94,92,380679
2.7273,0.2102,38.55,94,92,380682
2.3803,0.2053,38.74,94,92,380686
2.1114,0.2004,38.68,94,92,380689
1.9159,0.2004,38.58,94,92,380692
1.7155,0.2053,38.68,94,92,380695
1.6031,0.2053,38.52,94,92,380699
1.5005,0.2004,38.68,94,92,380702
1.4174,0.2004,38.68,94,92,380705
1.3881,0.2053,38.55,94,92,380709
1.3490,0.2102,38.68,94,92,380712
1.3490,0.1906,38.46,94,92,380716
1.3343,0.2053,38.52,94,92,380720
1.3490,0.2053,38.65,94,92,380723
1.3881,0.2102,38.68,94,92,380726
1.3978,0.2053,38.68,94,92,380729
1.4565,0.2151,38.40,94,92,380733
1.4516,0.2053,38.55,94,92,380736
1.4516,0.2004,38.74,94,92,380739
1.4761,0.2102,38.65,94,92,380743
1.4809,0.2004,38.65,94,92,380746
1.5347,0.2199,38.43,94,92,380749
1.5152,0.2053,38.62,94,92,380753
1.5249,0.2004,38.93,94,92,380756
1.5494,0.2004,38.65,94,92,380760
1.5640,0.2053,38.68,94,92,380764
1.6080,0.2199,38.58,94,92,380767
1.5885,0.2102,38.65,94,92,380770
1.6276,0.2004,38.55,94,92,380773
1.6031,0.2053,38.71,94,92,380777
1.6129,0.2199,38.68,94,92,380780
1.6373,0.2102,38.62,94,92,380783
1.6178,0.2053,38.68,94,92,380787
1.6422,0.2102,38.52,94,92,380790
1.6276,0.2053,38.68,94,92,380793
1.6325,0.2004,38.68,94,92,380797
1.6716,0.2102,38.62,94,92,380801
1.6471,0.2053,38.68,94,92,380804
1.6764,0.2004,38.55,94,92,380808
1.6618,0.1906,38.58,94,92,380811
1.6569,0.2004,38.68,94,92,380814
1.6911,0.2102,38.55,94,92,380817
1.6764,0.2053,38.68,94,92,380821
1.7204,0.2053,38.40,94,92,380824
1.7009,0.2053,38.62,94,92,380827
1.7009,0.2053,38.68,94,92,380831
1.7204,0.2102,38.62,94,92,380834
1.6960,0.2004,38.62,94,92,380837
1.7302,0.2102,38.40,94,92,380840
1.6911,0.2004,38.62,94,92,380845
1.7155,0.2004,38.71,94,92,380848
1.7351,0.2053,38.65,94,92,380851
1.7449,0.2053,38.68,94,92,380855
1.8084,0.2199,38.46,94,92,380858
1.7693,0.2151,38.62,94,92,380861
1.7546,0.1906,38.68,94,92,380865
1.7546,0.2346,38.68,94,92,380868
1.7595,0.2004,38.71,94,92,380871
1.8133,0.2151,38.55,94,92,380875
1.7889,0.2102,38.62,94,92,380878
1.7791,0.2053,38.58,94,92,380881
1.7546,0.2053,38.68,94,92,380884
1.7498,0.2053,38.68,94,92,380889
1.7644,0.2102,38.55,94,92,380892
1.7449,0.2053,38.90,94,92,380895
1.7693,0.2004,38.52,94,92,380899
1.7400,0.2004,38.68,94,92,380902
1.7400,0.2053,38.71,94,92,380905
1.7595,0.2053,38.62,94,92,380909
1.7791,0.2053,38.65,94,92,380912
1.8035,0.1906,38.55,94,92,380915
1.7791,0.2004,38.68,94,92,380919
1.8133,0.2004,38.68,94,92,380922
1.7986,0.2102,38.58,94,92,380925
1.7791,0.2004,38.68,94,92,380929
1.8182,0.2151,38.46,94,92,380933
1.8231,0.2053,38.55,94,92,380936
1.8328,0.2004,38.71,94,92,380939
1.8622,0.2102,38.58,94,92,380943
1.8377,0.2004,38.71,94,92,380946
1.8768,0.2102,38.40,94,92,380949
1.8426,0.2053,38.62,94,92,380953
1.8328,0.2053,38.65,94,92,380956
1.8328,0.2151,38.68,94,92,380959
1.8231,0.2004,38.68,94,92,380962
1.8817,0.2248,38.43,94,92,380966
1.8573,0.2053,38.58,94,92,380969
1.8524,0.1955,38.65,94,92,380973
1.8328,0.2053,38.65,94,92,380977
1.8084,0.2004,38.68,94,92,380980
1.8426,0.2199,38.52,94,92,380983
1.8035,0.2102,38.71,94,92,380987
1.8084,0.2053,38.55,94,92,380990
1.8133,0.2053,38.68,94,92,380993
1.8231,0.2004,38.87,94,92,380996
1.8573,0.2199,38.52,94,92,381000
1.8231,0.2053,38.77,94,92,381003
1.8377,0.2053,38.55,94,92,381006
1.8182,0.2053,38.68,94,92,381010
1.7986,0.2004,38.71,94,92,381014
1.8426,0.2004,38.55,94,92,381017
1.7840,0.1955,38.68,94,92,381021
1.8328,0.2053,38.55,94,92,381024
1.8035,0.2004,38.65,94,92,381027
1.8182,0.1955,38.68,94,92,381031
1.7840,0.2053,38.58,94,92,381034
1.7400,0.2053,38.74,94,92,381037
1.7546,0.2053,38.49,94,92,381040
1.7204,0.2053,38.68,94,92,381044
1.7302,0.1955,38.43,94,92,381047
1.7595,0.2053,38.68,94,92,381050
1.7546,0.2004,38.68,94,92,381054
1.7986,0.2102,38.40,94,92,381058
1.7742,0.1955,38.58,94,92,381061
1.7595,0.2004,38.68,94,92,381065
1.7644,0.2102,38.65,94,92,381068
1.7595,0.2053,38.68,94,92,381071
1.8133,0.2199,38.43,94,92,381074
1.7742,0.2053,38.55,94,92,381078
1.7595,0.1955,38.65,94,92,381081
1.7644,0.2053,38.65,94,92,381084
1.7693,0.2053,38.68,94,92,381088
1.8182,0.2151,38.52,94,92,381091
1.7889,0.2053,38.62,94,92,381094
1.7937,0.2004,38.62,94,92,381099
1.7693,0.2053,38.68,94,92,381102
1.7644,0.2102,38.68,94,92,381105
1.8035,0.2102,38.62,94,92,381109
1.7840,0.2053,38.71,94,92,381112
1.8084,0.2053,38.52,94,92,381115
1.8084,0.1906,38.68,94,92,381118
1.8231,0.2004,38.68,94,92,381122
1.8328,0.2102,38.55,94,92,381125
1.7986,0.2053,38.68,94,92,381128
1.8231,0.2004,38.55,94,92,381132
1.7937,0.2004,38.74,94,92,381135
1.7791,0.2102,38.74,94,92,381138
1.7889,0.2102,38.55,94,92,381143
1.7693,0.2004,38.65,94,92,381146
1.8280,0.2004,38.46,94,92,381149
1.8084,0.2053,38.65,94,92,381152
1.8328,0.2004,38.68,94,92,381156
1.8622,0.2053,38.65,94,92,381159
1.8573,0.2004,38.68,94,92,381162
1.9208,0.2102,38.55,94,92,381166
1.8964,0.2053,38.65,94,92,381169
1.9208,0.2053,38.68,94,92,381172
1.9208,0.2102,38.71,94,92,381176
1.8964,0.2053,38.68,94,92,381179
1.9453,0.2199,38.43,94,92,381182
1.9062,0.2053,38.62,94,92,381186
1.8964,0.2004,38.65,94,92,381190
1.8866,0.2053,38.68,94,92,381193
1.8377,0.2004,38.71,94,92,381196
1.8426,0.2151,38.49,94,92,381200
1.8035,0.2102,38.62,94,92,381203
1.7644,0.2053,38.68,94,92,381207
1.7791,0.2102,37.80,94,92,381210
1.7449,0.2004,38.68,94,92,381213
1.7498,0.2004,38.68,94,92,381217
1.7498,0.2053,38.58,94,92,381220
1.7204,0.2053,38.65,94,92,381223
1.7400,0.2053,38.52,94,92,381227
1.7204,0.2004,38.68,94,92,381231
1.7498,0.2004,38.68,94,92,381234
1.7693,0.2102,38.58,94,92,381237
1.7302,0.1906,38.68,94,92,381241
1.7449,0.2004,38.46,94,92,381244
1.7253,0.2102,38.58,94,92,381247
1.7498,0.2053,38.71,94,92,381251
1.7595,0.2102,38.58,94,92,381254
1.7644,0.1955,38.68,94,92,381257
1.8426,0.2151,38.43,94,92,381261
1.8035,0.2102,38.52,94,92,381264
1.8035,0.2053,38.68,94,92,381267
1.8133,0.2053,38.65,94,92,381271
1.8475,0.2004,38.74,94,92,381275
1.9648,0.2248,38.49,94,92,381278
2.0332,0.2102,38.71,94,92,381281
2.1945,0.2004,38.58,94,92,381285
2.3851,0.2151,38.68,94,92,381288
2.6051,0.2004,38.77,94,92,381291
2.8837,0.2151,38.62,94,92,381295
3.0841,0.2053,38.65,94,92,381298
3.2796,0.2053,38.55,94,92,381301
3.2796,0.2053,38.68,94,92,381304
3.1378,0.2004,38.68,94,92,381308
2.9130,0.2151,38.49,94,92,381312
2.5464,0.2199,38.65,94,92,381315
2.2678,0.2151,38.58,94,92,381319
1.9746,0.2004,38.65,94,92,381322
1.7644,0.2053,38.74,94,92,381325
1.6325,0.2004,38.55,94,92,381329
1.5152,0.2053,38.68,94,92,381332
1.4516,0.2053,38.52,94,92,381335
1.3685,0.2004,38.65,94,92,381339
1.3294,0.2004,38.71,94,92,381342
1.3245,0.2102,38.62,94,92,381345
1.3343,0.2053,38.68,94,92,381348
1.3832,0.2102,38.46,94,92,381352
1.3881,0.2004,38.65,94,92,381356
1.4223,0.2004,38.71,94,92,381359
1.4614,0.2102,38.77,94,92,381363
1.4761,0.2004,38.71,94,92,381366
1.5200,0.2151,38.36,94,92,381369
1.5200,0.2444,38.62,94,92,381373
1.5249,0.2004,38.65,94,92,381376
1.5445,0.2053,38.77,94,92,381379
1.5591,0.2004,38.65,94,92,381382
1.6325,0.2248,38.49,94,92,381386
1.5934,0.2102,38.62,94,92,381389
1.5738,0.1955,38.62,94,92,381392
1.5689,0.2053,38.68,94,92,381396
1.5885,0.2004,38.71,94,92,381400
1.6325,0.2248,38.55,94,92,381403
1.6373,0.2053,38.65,94,92,381407
1.6569,0.2053,38.52,94,92,381410
1.6373,0.2053,38.68,94,92,381413
1.6325,0.2004,38.81,94,92,381417
1.6520,0.2151,38.62,94,92,381420
1.6618,0.2004,38.74,94,92,381423
1.7107,0.2102,38.58,94,92,381426
1.6911,0.1955,38.68,94,92,381430
1.6960,0.2004,38.68,94,92,381433
1.7058,0.2102,38.68,94,92,381436
1.6862,0.2004,38.68,94,92,381441
1.7107,0.1906,38.49,94,92,381444
1.6960,0.2004,38.81,94,92,381447
1.6911,0.2199,38.71,94,92,381451
1.7107,0.2102,38.58,94,92,381454
1.7009,0.2004,38.84,94,92,381457
1.7595,0.2102,38.40,94,92,381460
1.7644,0.2004,38.68,94,92,381464
1.7400,0.2053,38.68,94,92,381467
1.7400,0.2102,38.36,94,92,381470
1.7253,0.2053,38.68,94,92,381474
1.7742,0.2102,38.40,94,92,381477
1.7400,0.2004,38.55,94,92,381480
1.7400,0.2004,38.65,94,92,381485
1.7351,0.2151,38.65,94,92,381488
1.7253,0.2004,38.71,94,92,381491
1.7742,0.2248,38.52,94,92,381495
1.7400,0.2053,38.65,94,92,381498
1.7644,0.2004,38.46,94,92,381501
1.7791,0.2102,38.65,94,92,381504
1.7889,0.2004,38.68,94,92,381508
1.8231,0.2102,38.49,94,92,381511
1.7889,0.2053,38.65,94,92,381514
1.7986,0.2053,38.71,94,92,381518
1.7742,0.2053,38.68,94,92,381521
1.7889,0.2053,38.68,94,92,381524
1.8328,0.2102,38.62,94,92,381529
1.8133,0.2053,38.71,94,92,381532
1.8328,0.2151,38.58,94,92,381535
1.7937,0.2004,38.71,94,92,381538
1.8084,0.2199,38.68,94,92,381542
1.8622,0.2053,38.58,94,92,381545
1.8426,0.2004,38.68,94,92,381548
1.8817,0.2053,38.43,94,92,381552
1.8377,0.1906,38.68,94,92,381555
1.8426,0.2004,38.71,94,92,381558
1.8622,0.2102,38.58,94,92,381562
1.8573,0.2004,38.68,94,92,381565
1.8964,0.2053,38.46,94,92,381569
1.8964,0.2151,38.58,94,92,381573
1.9013,0.2053,38.68,94,92,381576
1.9355,0.2151,38.62,94,92,381579
1.9306,0.2004,38.68,94,92,381582
1.9746,0.2151,37.77,94,92,381586
1.9257,0.1906,38.58,94,92,381589
1.9208,0.1955,38.77,94,92,381592
1.9355,0.2199,38.65,94,92,381596
1.9355,0.2004,38.68,94,92,381599
1.9844,0.2199,38.52,94,92,381602
1.9501,0.2151,38.62,94,92,381606
1.9550,0.1906,38.58,94,92,381609
1.9453,0.2053,38.74,94,92,381613
1.9599,0.2053,38.71,94,92,381617
1.9306,0.2102,38.58,94,92,381620
1.8964,0.2053,38.77,94,92,381623
1.8964,0.2053,38.52,94,92,381626
1.8622,0.2004,38.68,94,92,381630
1.8622,0.2004,38.68,94,92,381633
1.8915,0.2151,38.52,94,92,381636
1.8817,0.2053,38.65,94,92,381640
1.9355,0.2102,38.65,94,92,381643
1.9110,0.2444,38.65,94,92,381646
1.8964,0.1906,38.68,94,92,381650
1.8866,0.2053,38.52,94,92,381654
1.8573,0.2004,38.68,94,92,381657
1.8915,0.2004,38.49,94,92,381660
1.8719,0.2004,38.81,94,92,381664
1.8768,0.2346,38.68,94,92,381667
1.8964,0.1906,38.62,94,92,381670
1.8768,0.2004,38.68,94,92,381674
1.9159,0.2102,38.43,94,92,381677
1.8622,0.1906,38.65,94,92,381680
1.8622,0.2004,38.71,94,92,381684
1.8671,0.2053,38.62,94,92,381687
1.8475,0.2004,38.90,94,92,381690
1.8964,0.2151,38.40,94,92,381693
1.8671,0.2004,38.58,94,92,381698
1.8377,0.1955,38.68,94,92,381701
1.8524,0.2053,38.74,94,92,381704
1.8573,0.2053,38.68,94,92,381708
1.9355,0.2151,38.49,94,92,381711
1.8915,0.2053,38.62,94,92,381714
1.8622,0.2004,38.58,94,92,381718
1.8719,0.2053,38.71,94,92,381721
1.8964,0.2102,38.68,94,92,381724
1.9208,0.2102,38.55,94,92,381728
1.9013,0.2053,38.65,94,92,381731
1.9404,0.2102,38.55,94,92,381734
1.9404,0.2004,38.68,94,92,381737
1.9306,0.2004,38.71,94,92,381742
1.9257,0.2004,38.58,94,92,381745
1.8964,0.2004,38.68,94,92,381748
1.9550,0.2102,38.65,94,92,381752
1.9599,0.1955,38.68,94,92,381755
1.9599,0.2004,38.68,94,92,381758
1.9648,0.2102,38.52,94,92,381762
1.9257,0.2053,38.71,94,92,381765
1.9355,0.2053,38.46,94,92,381768
1.9110,0.2053,38.62,94,92,381772
1.9159,0.2004,38.71,94,92,381775
1.9550,0.2102,38.58,94,92,381778
1.9501,0.2053,38.68,94,92,381782
2.0088,0.1906,38.43,94,92,381786
1.9892,0.2004,38.62,94,92,381789
1.9990,0.2004,38.71,94,92,381792
1.9990,0.2199,38.65,94,92,381796
1.9844,0.2004,38.68,94,92,381799
2.0626,0.2151,38.40,94,92,381802
2.0283,0.2004,38.58,94,92,381805
2.0283,0.2346,38.68,94,92,381809
2.0186,0.2004,38.68,94,92,381812
1.8768,0.2053,38.68,94,92,381817
1.8866,0.2004,38.68,94,92,381820
1.9208,0.2102,38.49,94,92,381824
1.8964,0.2053,38.68,94,92,381828
1.9013,0.2102,38.55,94,92,381831
1.8622,0.2053,38.68,94,92,381834
1.8524,0.2004,38.68,94,92,381838
1.8719,0.2053,38.65,94,92,381841
1.8622,0.1955,38.68,94,92,381844
1.8768,0.2053,38.55,94,92,381848
1.8084,0.2004,38.65,94,92,381851
1.7986,0.2004,38.65,94,92,381854
1.8377,0.2102,38.58,94,92,381857
1.8524,0.2004,38.68,94,92,381861
1.8768,0.2053,38.55,94,92,381864
1.8328,0.2004,38.68,94,92,381868
1.8328,0.2004,38.68,94,92,381872
1.8524,0.2102,38.71,94,92,381875
1.8426,0.1906,38.68,94,92,381878
1.9208,0.2102,38.40,94,92,381882
1.9062,0.2053,38.58,94,92,381885
1.8817,0.1955,38.68,94,92,381888
1.8622,0.2053,38.65,94,92,381891
1.8377,0.2004,38.68,94,92,381895
1.9013,0.2199,38.46,94,92,381898
1.9110,0.2102,38.58,94,92,381901
2.0186,0.1906,38.62,94,92,381905
2.1017,0.2053,38.71,94,92,381908
2.2532,0.2004,38.77,94,92,381912
2.5171,0.2248,38.52,94,92,381916
2.7517,0.1906,38.65,94,92,381919
3.0450,0.1955,38.55,94,92,381922
3.2747,0.2004,38.65,94,92,381925
3.4457,0.2053,38.74,94,92,381929
3.5239,0.2151,38.62,94,92,381932
3.3236,0.2053,38.33,94,92,381935
3.0547,0.2346,38.55,94,92,381939
2.6540,0.2004,38.68,94,92,381942
2.3167,0.2004,38.74,94,92,381945
2.0626,0.2151,38.46,94,92,381949
1.8133,0.2004,38.68,94,92,381953
1.6667,0.2004,38.52,94,92,381956
1.5152,0.2004,38.62,94,92,381959
1.4370,0.2053,38.68,94,92,381963
1.3930,0.2102,38.49,94,92,381966
1.3587,0.2053,38.68,94,92,381969
1.3783,0.2053,38.46,94,92,381973
1.3587,0.2199,38.62,94,92,381976
1.3685,0.1955,38.68,94,92,381979
1.4223,0.2053,38.62,94,92,381983
1.4418,0.2053,38.68,94,92,381986
1.5103,0.2151,38.43,94,92,381989
1.5249,0.2053,38.65,94,92,381993
1.5640,0.2004,38.68,94,92,381997
1.5836,0.2053,38.68,94,92,382000
1.5738,0.2004,38.68,94,92,382003
1.6227,0.2151,38.49,94,92,382007
1.5934,0.2053,38.43,94,92,382010
1.5982,0.1955,38.58,94,92,382013
1.6080,0.2053,38.71,94,92,382017
1.6276,0.2004,38.68,94,92,382020
1.6911,0.2102,38.49,94,92,382023
1.6960,0.2053,38.62,94,92,382027
1.6960,0.2004,38.65,94,92,382030
1.6618,0.2053,38.68,94,92,382033
1.6764,0.2004,38.68,94,92,382038
1.6911,0.2102,38.62,94,92,382041
1.6862,0.2248,38.65,94,92,382044
1.7253,0.2004,38.52,94,92,382047
1.7204,0.2004,38.68,94,92,382051
1.7302,0.2004,38.68,94,92,382054
1.7400,0.2053,38.62,94,92,382057
1.7449,0.2004,38.68,94,92,382061
1.7937,0.2004,38.55,94,92,382064
1.7644,0.2053,38.71,94,92,382067
1.7595,0.1906,38.68,94,92,382071
1.7498,0.2102,38.65,94,92,382074
1.7302,0.2004,38.74,94,92,382077
1.8035,0.2053,38.49,94,92,382081
1.8377,0.2004,38.96,94,92,382085
1.8328,0.2004,38.74,94,92,382088
1.8231,0.2102,38.62,94,92,382091
1.7742,0.2004,38.68,94,92,382095
1.8084,0.2151,38.40,94,92,382098
1.7644,0.2004,38.58,94,92,382101
1.7644,0.1955,38.68,94,92,382105
1.7791,0.2053,38.68,94,92,382108
1.7889,0.1906,38.68,94,92,382111
1.8475,0.2199,38.43,94,92,382114
1.8133,0.2053,38.62,94,92,382118
1.8133,0.1955,38.62,94,92,382121
1.8084,0.2004,38.65,94,92,382125
1.8084,0.1955,38.68,94,92,382129
1.8377,0.2102,38.55,94,92,382132
1.8133,0.2004,38.65,94,92,382135
1.8280,0.2004,38.62,94,92,382139
1.8231,0.2004,38.68,94,92,382142
1.8231,0.1955,38.68,94,92,382145
1.8573,0.2151,38.55,94,92,382149
1.8475,0.2004,38.71,94,92,382152
1.8524,0.2053,38.52,94,92,382155
1.8328,0.2053,38.71,94,92,382158
1.7937,0.2004,38.71,94,92,382162
1.8280,0.1955,38.55,94,92,382166
1.8475,0.2004,38.68,94,92,382169
1.9110,0.2004,38.55,94,92,382173
1.8915,0.1955,38.58,94,92,382176
1.9257,0.2004,38.68,94,92,382179
1.9648,0.2053,38.55,94,92,382183
1.9453,0.2004,38.77,94,92,382186
1.9648,0.2151,38.46,94,92,382189
1.9306,0.2004,38.71,94,92,382192
1.9404,0.2004,38.58,94,92,382196
1.9404,0.2248,38.62,94,92,382199
1.9062,0.2004,38.74,94,92,382202
1.9501,0.2053,38.49,94,92,382206
1.9550,0.2102,38.62,94,92,382210
1.9746,0.2053,38.71,94,92,382213
1.9990,0.2053,38.84,94,92,382217
1.9746,0.2004,38.68,94,92,382220
2.0137,0.2102,38.46,94,92,382223
1.9746,0.2004,37.83,94,92,382226
1.9697,0.2248,38.65,94,92,382230
1.9697,0.2053,38.74,94,92,382233
1.9453,0.1955,38.71,94,92,382236
2.0039,0.2199,38.52,94,92,382240
1.9697,0.2004,38.65,94,92,382243
1.9746,0.2004,38.58,94,92,382246
1.9550,0.2004,38.62,94,92,382251
1.9501,0.1955,38.68,94,92,382254
1.9306,0.2102,38.62,94,92,382257
1.8915,0.2004,38.65,94,92,382261
1.9013,0.2102,38.55,94,92,382264
1.9013,0.2004,38.55,94,92,382267
1.9355,0.2053,38.71,94,92,382270
1.9795,0.2102,38.55,94,92,382274
1.9404,0.2248,38.71,94,92,382277
1.9453,0.1955,38.55,94,92,382280
1.8964,0.1955,38.55,94,92,382284
1.8866,0.1955,38.68,94,92,382287
1.9013,0.2053,38.58,94,92,382290
1.8719,0.2004,38.90,94,92,382295
1.9062,0.2053,38.43,94,92,382298
1.8817,0.2004,38.62,94,92,382301
1.8817,0.1955,38.68,94,92,382304
1.9110,0.2102,38.62,94,92,382308
1.8866,0.2053,38.68,94,92,382311
1.9208,0.2102,38.43,94,92,382314
1.8719,0.1955,38.65,94,92,382318
1.8866,0.2053,38.71,94,92,382321
1.8964,0.2053,38.05,94,92,382324
1.8964,0.2102,38.65,94,92,382328
1.9648,0.1906,38.43,94,92,382331
1.9159,0.2053,38.65,94,92,382334
1.8719,0.1955,38.62,94,92,382339
1.8671,0.2004,38.74,94,92,382342
1.8622,0.2151,38.65,94,92,382345
1.9159,0.2102,38.52,94,92,382348
1.8964,0.2053,38.62,94,92,382352
1.9062,0.2053,38.55,94,92,382355
1.8915,0.2004,38.68,94,92,382358
1.8866,0.2004,38.74,94,92,382362
1.9013,0.2102,38.58,94,92,382365
1.9208,0.1955,38.68,94,92,382368
1.9355,0.2053,38.55,94,92,382372
1.9110,0.2004,38.71,94,92,382375
1.8866,0.2004,38.68,94,92,382379
1.8964,0.2004,38.58,94,92,382382
1.8817,0.2004,38.71,94,92,382386
1.9062,0.2004,38.55,94,92,382389
1.8817,0.2004,38.71,94,92,382392
1.8915,0.2004,38.71,94,92,382396
1.9208,0.2102,38.55,94,92,382399
1.9013,0.2004,38.68,94,92,382402
1.9355,0.2004,38.43,94,92,382406
1.9208,0.2053,38.55,94,92,382409
1.9257,0.2004,38.68,94,92,382412
1.9648,0.2102,38.71,94,92,382415
1.9599,0.2004,38.68,94,92,382419
2.0186,0.2004,38.40,94,92,382423
2.0039,0.2199,38.49,94,92,382428
1.9550,0.2053,38.65,94,92,382431
1.9404,0.1955,38.58,94,92,382434
1.9208,0.2004,38.65,94,92,382438
1.9062,0.2004,38.68,94,92,382441
1.9208,0.2102,38.58,94,92,382444
1.8866,0.2004,38.65,94,92,382448
1.8964,0.2151,38.55,94,92,382451
1.8768,0.2004,38.65,94,92,382454
1.8671,0.2053,38.68,94,92,382458
1.8866,0.2151,38.55,94,92,382461
1.8524,0.2004,38.68,94,92,382465
1.8817,0.2004,38.58,94,92,382468
1.8573,0.1906,38.65,94,92,382472
1.8524,0.2004,38.68,94,92,382475
1.8475,0.2053,38.55,94,92,382478
1.7937,0.2004,38.71,94,92,382482
1.7937,0.2004,38.52,94,92,382485
1.7742,0.2053,38.62,94,92,382488
1.7889,0.1955,38.68,94,92,382492
1.8035,0.2053,38.74,94,92,382495
1.7889,0.2053,38.71,94,92,382498
1.8231,0.2053,38.46,94,92,382501
1.7791,0.2248,38.68,94,92,382505
1.7889,0.1906,38.68,94,92,382509
1.8035,0.2053,38.65,94,92,382512
1.8084,0.1955,38.68,94,92,382516
1.8768,0.2102,38.36,94,92,382519
1.8573,0.2053,38.49,94,92,382522
1.8573,0.2444,38.68,94,92,382526
1.9110,0.2004,38.74,94,92,382529
1.9697,0.1955,38.71,94,92,382532
2.1359,0.2102,38.49,94,92,382536
2.2581,0.2053,38.46,94,92,382539
2.4585,0.1955,38.58,94,92,382542
2.7126,0.2004,38.65,94,92,382545
2.9765,0.1955,38.68,94,92,382550
3.2796,0.2444,38.52,94,92,382553
3.4311,0.1906,38.65,94,92,382556
3.4946,0.2004,38.52,94,92,382560
3.2942,0.1955,38.68,94,92,382563
2.9961,0.2004,38.68,94,92,382566
2.6637,0.2004,38.65,94,92,382570
2.3118,0.1955,38.68,94,92,382573
2.0528,0.1906,38.58,94,92,382576
1.7889,0.2004,38.87,94,92,382579
1.6178,0.1955,38.65,94,92,382583
1.5200,0.1906,38.58,94,92,382586
1.4125,0.1955,38.81,94,92,382589
1.3930,0.1955,38.52,94,92,382594
1.3636,0.2004,38.58,94,92,382597
1.3490,0.1955,38.68,94,92,382600
1.3832,0.2102,38.58,94,92,382604
1.3636,0.1955,38.68,94,92,382607
1.4027,0.2053,38.40,94,92,382610
1.4125,0.2053,38.65,94,92,382614
1.4467,0.1906,38.68,94,92,382617
1.4809,0.2053,38.77,94,92,382620
1.5152,0.2102,38.74,94,92,382623
1.5836,0.2102,38.40,94,92,382627
1.5640,0.1955,38.58,94,92,382630
1.5787,0.2248,38.74,94,92,382633
1.5885,0.2004,38.71,94,92,382638
1.5934,0.1955,38.65,94,92,382641
1.6422,0.2102,38.49,94,92,382644
1.6080,0.2004,38.68,94,92,382648
1.6276,0.1955,37.87,94,92,382651
1.6422,0.2004,38.68,94,92,382654
1.6422,0.1955,38.71,94,92,382657
1.6716,0.2102,38.52,94,92,382661
1.6618,0.2004,38.65,94,92,382664
1.6960,0.1955,38.58,94,92,382667
1.6960,0.1955,37.96,94,92,382671
1.7058,0.2004,38.68,94,92,382674
1.7302,0.2053,38.62,94,92,382678
1.7009,0.2004,38.68,94,92,382682
1.7302,0.2053,38.55,94,92,382685
1.7204,0.1906,38.71,94,92,382688
1.7400,0.1906,38.71,94,92,382691
1.7498,0.2004,38.55,94,92,382695
1.7253,0.2004,38.68,94,92,382698
1.7400,0.2053,38.52,94,92,382701
1.7107,0.1955,38.77,94,92,382705
1.7204,0.1955,38.65,94,92,382708
1.7498,0.1906,38.62,94,92,382711
1.7400,0.1955,38.84,94,92,382715
1.7840,0.2053,38.43,94,92,382718
1.7644,0.2102,38.55,94,92,382722
1.7449,0.1955,38.77,94,92,382725
1.7595,0.1906,38.65,94,92,382729
1.7498,0.1955,38.68,94,92,382732
1.7937,0.2053,38.40,94,92,382735
1.7644,0.1906,38.58,94,92,382739
1.7644,0.1906,38.68,94,92,382742
1.7742,0.2004,38.52,94,92,382745
